0.990203
0.980521
0.970965
0.961473
0.952154
0.943013
0.933962
0.92511
0.916477
0.907919
0.899487
0.89135
0.883347
0.875619
0.867943
0.860493
0.853207
0.846144
0.83949
0.832817
0.826519
0.820442
0.814428
0.808677
0.803132
0.797862
0.792777
0.78781
0.783011
0.778487
0.774086
0.769902
0.765835
0.761936
0.758235
0.754755
0.751276
0.748155
0.745062
0.741972
0.739162
0.736417
0.733809
0.731334
0.728931
0.726555
0.724252
0.722198
0.720099
0.718255
0.716379
0.714547
0.712793
0.711066
0.709369
0.707774
0.706232
0.704687
0.703223
0.701794
0.700409
0.699086
0.697849
0.696754
0.695692
0.69457
0.693323
0.692238
0.691217
0.690072
0.689103
0.688142
0.687311
0.686429
0.685568
0.684791
0.683944
0.683103
0.682367
0.681542
0.680886
0.680107
0.679193
0.678444
0.677772
0.677217
0.676551
0.675831
0.675262
0.674637
0.674098
0.673587
0.673052
0.672478
0.67192
0.671427
0.670938
0.670444
0.669894
0.669449
0.669028
0.668619
0.668267
0.667779
0.667374
0.666993
0.666492
0.666117
0.665773
0.665379
0.665053
0.66467
0.664291
0.664037
0.663778
0.663565
0.663278
0.662959
0.662662
0.66236
0.662132
0.661995
0.661892
0.661639
0.661443
0.661143
0.661043
0.660849
0.660708
0.660707
0.660528
0.660303
0.660241
0.660034
0.659867
0.6599
0.659828
0.659898
0.65978
0.659597
0.659452
0.659401
0.659311
0.659281
0.659268
0.659254
0.659323
0.659372
0.659321
0.659375
0.659367
0.659312
0.6593
0.659386
0.659422
0.659545
0.659591
0.659762
0.659901
0.659812
0.659965
0.660096
0.660205
0.660258
0.660348
0.660504
0.660655
0.660888
0.660973
0.660989
0.661062
0.661165
0.661378
0.661498
0.661613
0.661875
0.662207
0.66233
0.662509
0.6627
0.662878
0.663111
0.663396
0.663537
0.663817
0.664082
0.66434
0.664666
0.664889
0.665313
0.665454
0.665699
0.665868
0.66609
0.666297
0.666698
0.666976
0.667002
0.667232
0.667435
0.667738
0.668126
0.668379
0.668792
0.66912
0.669358
0.669854
0.670184
0.670538
0.670806
0.671093
0.671458
0.671883
0.672155
0.672474
0.672777
0.673133
0.673442
0.673773
0.673991
0.674277
0.674597
0.67496
0.675308
0.675628
0.67594
0.67629
0.676679
0.677147
0.677513
0.677782
0.678146
0.678592
0.679039
0.679475
0.679775
0.680231
0.680614
0.681087
0.681418
0.681787
0.682136
0.682456
0.682923
0.683314
0.683755
0.684047
0.684438
0.684805
0.685175
0.685455
0.68589
0.68621
0.686661
0.68707
0.687509
0.687774
0.688108
0.68863
0.689028
0.689399
0.689605
0.690023
0.690477
0.690807
0.691285
0.691679
0.692233
0.692726
0.693297
0.693589
0.693961
0.694493
0.694987
0.695282
0.695811
0.696157
0.696554
0.696928
0.697436
0.697841
0.698324
0.698698
0.699169
0.699557
0.699903
0.700326
0.700761
0.701164
0.701542
0.701859
0.702391
0.702871
0.703294
0.703707
0.704066
0.704557
0.705044
0.705366
0.70571
0.706139
0.706519
0.707062
0.707494
0.707873
0.708339
0.708792
0.709152
0.709654
0.710078
0.710358
0.710835
0.711237
0.711621
0.712122
0.712479
0.712725
0.713157
0.713664
0.714089
0.714479
0.714853
0.715233
0.715654
0.716028
0.716443
0.716943
0.71731
0.717773
0.71813
0.718591
0.718983
0.719357
0.719717
0.720107
0.720603
0.721001
0.721359
0.721709
0.722103
0.722442
0.722836
0.723282
0.723663
0.724146
0.724584
0.724996
0.725326
0.72559
0.725931
0.726195
0.726659
0.726956
0.727286
0.727677
0.727973
0.728322
0.728616
0.729022
0.729383
0.72981
0.730211
0.730629
0.731009
0.731396
0.731709
0.732105
0.732491
0.732822
0.733133
0.733378
0.733702
0.733995
0.734301
0.734683
0.735017
0.7355
0.73583
0.736216
0.736525
0.736926
0.73727
0.73748
0.737719
0.738022
0.738403
0.738721
0.739106
0.739515
0.739762
0.740056
0.740371
0.740721
0.740993
0.741344
0.741535
0.741889
0.742255
0.742722
0.743063
0.743428
0.743792
0.744048
0.744424
0.744799
0.74509
0.7454
0.745721
0.746089
0.74636
0.74667
0.746889
0.747214
0.74747
0.747778
0.747992
0.748346
0.748595
0.748951
0.749244
0.749622
0.749953
0.750251
0.750606
0.750789
0.751169
0.751494
0.751835
0.752137
0.752418
0.752653
0.752811
0.753119
0.753462
0.753767
0.754104
0.754343
0.754611
0.754806
0.755202
0.755506
0.755752
0.756055
0.756283
0.756564
0.756989
0.75716
0.757573
0.757882
0.75805
0.758339
0.7586
0.758731
0.758925
0.759188
0.759393
0.759669
0.759842
0.760241
0.760513
0.760773
0.761001
0.761214
0.761496
0.761752
0.761946
0.762145
0.762454
0.762582
0.762837
0.763102
0.763321
0.763553
0.763606
0.763813
0.764064
0.764296
0.76453
0.764821
0.764989
0.765252
0.765448
0.765658
0.765964
0.76619
0.766383
0.766596
0.766888
0.767123
0.767365
0.767691
0.767888
0.768114
0.76831
0.76861
0.768802
0.769004
0.769228
0.769403
0.769665
0.769853
0.770051
0.770288
0.770638
0.770719
0.771003
0.771254
0.771594
0.771879
0.772059
0.772296
0.77249
0.772692
0.772888
0.773121
0.773372
0.773489
0.773706
0.773808
0.774095
0.774297
0.774529
0.774788
0.774965
0.775082
0.775264
0.775519
0.77562
0.775791
0.775902
0.776025
0.77618
0.776387
0.77662
0.776852
0.777111
0.777304
0.777528
0.777706
0.777882
0.778052
0.778165
0.778403
0.77865
0.77894
0.779093
0.779283
0.779388
0.779594
0.779861
0.780093
0.780208
0.780318
0.780458
0.780693
0.780865
0.781141
0.781291
0.781596
0.781843
0.782005
0.782109
0.782143
0.78232
0.782534
0.782661
0.782781
0.782974
0.783012
0.783291
0.783366
0.783578
0.783827
0.783965
0.784178
0.784467
0.784579
0.784758
0.784823
0.78492
0.785047
0.785157
0.785318
0.785509
0.785794
0.785977
0.786026
0.786119
0.786353
0.786498
0.786656
0.786738
0.786988
0.787098
0.787308
0.787555
0.787653
0.787771
0.787904
0.788072
0.788313
0.788497
0.788736
0.788923
0.788974
0.789102
0.789308
0.789507
0.789636
0.789687
0.789847
0.79013
0.790307
0.790419
0.790606
0.790858
0.790897
0.791059
0.791178
0.791371
0.791506
0.791657
0.791766
0.791935
0.792104
0.792256
0.792337
0.792416
0.792399
0.792546
0.792752
0.792876
0.793018
0.793136
0.7933
0.793463
0.793406
0.793634
0.793695
0.793944
0.794097
0.794262
0.794356
0.794477
0.794617
0.794773
0.794783
0.79496
0.795052
0.795208
0.795377
0.795447
0.795621
0.795701
0.795779
0.795993
0.796044
0.796148
0.796261
0.796428
0.796559
0.79665
0.79671
0.796886
0.79694
0.797068
0.797213
0.797293
0.797485
0.797546
0.797691
0.797786
0.79787
0.797923
0.797976
0.798126
0.798237
0.798354
0.798472
0.798494
0.798599
0.798678
0.798849
0.798968
0.799163
0.799312
0.799422
0.799485
0.799627
0.79967
0.799807
0.799827
0.799871
0.799928
0.800004
0.800174
0.800338
0.800426
0.800518
0.80064
0.800824
0.800939
0.801134
0.801142
0.801187
0.801254
0.801355
0.801352
0.801502
0.801561
0.801659
0.801757
0.801878
0.801993
0.802063
0.80212
0.802315
0.802335
0.802456
0.802503
0.802626
0.80259
0.802752
0.802901
0.802916
0.802934
0.803065
0.803058
0.803199
0.803281
0.803412
0.803499
0.803499
0.803531
0.803519
0.803551
0.803737
0.80376
0.803842
0.804032
0.804174
0.804333
0.804404
0.804515
0.804616
0.804708
0.804781
0.804744
0.804925
0.805012
0.805018
0.805062
0.805215
0.805296
0.805371
0.805436
0.805539
0.805629
0.805703
0.80569
0.805726
0.805817
0.805811
0.80592
0.805982
0.806077
0.80622
0.806333
0.806548
0.80655
0.806577
0.80659
0.806665
0.806757
0.80692
0.806909
0.806989
0.806963
0.807009
0.806962
0.806962
0.80694
0.806976
0.807102
0.807194
0.807318
0.807443
0.807421
0.807486
0.807583
0.807613
0.807746
0.80778
0.807911
0.807955
0.807966
0.808013
0.808131
0.808231
0.808335
0.808337
0.80841
0.808507
0.808577
0.808674
0.808782
0.808765
0.80884
0.808824
0.808924
0.809041
0.809055
0.809127
0.809234
0.809348
0.809384
0.809497
0.809579
0.809657
0.809702
0.809723
0.809736
0.809723
0.809791
0.809857
0.809934
0.810078
0.810185
0.810231
0.810334
0.810435
0.810479
0.81049
0.810548
0.810604
0.810628
0.810693
0.810681
0.81074
0.810785
0.81087
0.810859
0.810933
0.811049
0.811079
0.81114
0.811237
0.811268
0.811364
0.81143
0.81137
0.81149
0.811623
0.811694
0.811795
0.811796
0.811801
0.812033
0.812158
0.812248
0.812306
0.81228
0.812224
0.812374
0.812398
0.812435
0.812473
0.812486
0.812559
0.812696
0.81281
0.812827
0.81287
0.812919
0.812858
0.812868
0.812914
0.81296
0.812912
0.813031
0.813156
0.813175
0.813238
0.813216
0.813301
0.813411
0.813377
0.813361
0.813414
0.813377
0.813365
0.813446
0.813504
0.81361
0.813609
0.813628
0.813663
0.813795
0.813796
0.813806
0.81384
0.813902
0.813938
0.813999
0.814087
0.814202
0.814187
0.814148
0.814293
0.814351
0.814395
0.814463
0.814493
0.814476
0.814381
0.814566
0.814586
0.814639
0.81468
0.814584
0.81457
0.814518
0.814697
0.814763
0.814729
0.814852
0.81477
0.814707
0.814791
0.814803
0.814818
0.814855
0.814934
0.814979
0.815058
0.815001
0.815075
0.815108
0.815168
0.81509
0.815034
0.815136
0.815248
0.815309
0.815391
0.815388
0.815371
0.815383
0.815493
0.815536
0.815599
0.815671
0.815758
0.815813
0.815872
0.81592
0.815941
0.815972
0.816018
0.816097
0.816124
0.816228
0.816308
0.816303
0.816377
0.816417
0.816471
0.81651
0.816516
0.81654
0.816527
0.816608
0.816683
0.816717
0.816605
0.816661
0.816732
0.816699
0.816825
0.816786
0.816716
0.816718
0.816696
0.816771
0.816796
0.816793
0.816899
0.816956
0.817103
0.81705
0.817052
0.817168
0.817179
0.817204
0.81715
0.817255
0.817194
0.817234
0.817282
0.817324
0


