0.954025
0.908864
0.8648
0.821701
0.77947
0.73856
0.699161
0.661556
0.625098
0.590593
0.55789
0.526682
0.497343
0.469911
0.4439
0.420177
0.397236
0.376467
0.356515
0.338353
0.321501
0.305211
0.289834
0.2755
0.261798
0.249276
0.237445
0.226231
0.215681
0.205207
0.195801
0.187373
0.179176
0.170796
0.16329
0.155826
0.14906
0.142247
0.136128
0.129696
0.124403
0.119489
0.114786
0.110475
0.106962
0.102324
0.0988302
0.0949389
0.0915261
0.0884419
0.0846005
0.0812781
0.0789218
0.0763686
0.0739
0.0718315
0.0700117
0.0680113
0.0660942
0.0642332
0.0628167
0.0612497
0.0599502
0.0583239
0.0574508
0.0561796
0.0553181
0.0545348
0.0540528
0.0537265
0.0528461
0.0524473
0.0516892
0.0506821
0.0502084
0.0502443
0.0500403
0.0496497
0.0492842
0.0490819
0.0485168
0.0481279
0.0474643
0.0474293
0.0468658
0.0469197
0.0465813
0.0461498
0.0457029
0.0455591
0.0455006
0.0453914
0.0449815
0.0447542
0.0446156
0.0443837
0.0440161
0.0433693
0.0434332
0.0435367
0.0438417
0.0439996
0.0441188
0.0441679
0.0441457
0.0446524
0.044407
0.0445057
0.0446215
0.0447784
0.0448667
0.0449052
0.0449949
0.0450192
0.0451975
0.0452068
0.0454237
0.0451521
0.0454114
0.0448196
0.0450667
0.0452182
0.0449369
0.0444871
0.044294
0.0444321
0.0451204
0.0447402
0.0445497
0.0448503
0.0448431
0.0445859
0.0446045
0.044307
0.0442736
0.0443227
0.0439973
0.044018
0.0439662
0.0438666
0.0439563
0.043964
0.044118
0.0441521
0.0440294
0.0432752
0.0433215
0.0433364
0.0435691
0.0439137
0.0438436
0.0439798
0.0441915
0.0439671
0.044255
0.0444244
0.0443248
0.0440609
0.0441554
0.0445187
0.045089
0.0447215
0.0444287
0.0441516
0.0444857
0.0443192
0.044485
0.0442673
0.0442927
0.0445307
0.0443923
0.044653
0.0447391
0.0448886
0.0441233
0.0444687
0.0444018
0.0441647
0.0443898
0.0441819
0.044003
0.0441812
0.044351
0.0445409
0.0444067
0.0444993
0.0444941
0.0447075
0.0446405
0.0447977
0.0450816
0.0452381
0.0447925
0.0448791
0.04461
0.0443114
0.0444169
0.0444608
0.0445259
0.0446915
0.0452756
0.045017
0.0450824
0.0452762
0.0457279
0.0453112
0.0455096
0.0455716
0.0455408
0.0454616
0.0457653
0.045628
0.0455912
0.0457888
0.0459926
0.0461518
0.045925
0.045921
0.0458816
0.0451648
0.0455407
0.0456379
0.046163
0.0468141
0.0467393
0.0465263
0.0464787
0.0464352
0.0464182
0.0462773
0.0462078
0.0462844
0.0463554
0.0465166
0.0467389
0.0468263
0.0464981
0.0461882
0.0461738
0.04633
0.0459505
0.0454712
0.0456486
0.0453556
0.0452522
0.0455188
0.0455195
0.0454583
0.0454234
0.0454781
0.0454943
0.0458408
0.045469
0.0452049
0.0453651
0.0454668
0.0456124
0.0457609
0.0455545
0.0452777
0.0449579
0.045612
0.0456591
0.0461363
0.046176
0.0464729
0.0465085
0.0459433
0.0454683
0.0452944
0.0448701
0.0446746
0.0444392
0.0441145
0.0442856
0.0443154
0.0443703
0.0444147
0.0439921
0.0442953
0.0442128
0.0447174
0.044704
0.0447676
0.0448096
0.0447505
0.0447657
0.0448732
0.0449698
0.0448268
0.0448262
0.0449855
0.0450997
0.0453223
0.0450085
0.0453781
0.0452271
0.0451469
0.0450415
0.0450695
0.044965
0.0450536
0.0451046
0.0450137
0.0452796
0.0452494
0.0452925
0.0453353
0.0457373
0.0451642
0.0451609
0.0448628
0.044755
0.0443886
0.0446338
0.044274
0.0443049
0.0441726
0.0438147
0.0436331
0.0439047
0.0438029
0.0439636
0.0441081
0.0441302
0.043919
0.0442267
0.0440043
0.044325
0.0443256
0.0441627
0.0444057
0.0447703
0.0446987
0.0446267
0.0449068
0.0445993
0.044375
0.0443895
0.0444129
0.0448362
0.0452132
0.0453774
0.0449455
0.0452096
0.0449896
0.0447944
0.0451666
0.0450079
0.0453104
0.0454752
0.045868
0.0456778
0.0454364
0.0453262
0.0451353
0.0455446
0.045603
0.0460721
0.0463893
0.0462683
0.0465668
0.0462162
0.0461061
0.0464204
0.0463926
0.046177
0.0457396
0.045766
0.0454675
0.0457316
0.0449603
0.045112
0.045487
0.0451345
0.0448717
0.0448098
0.0446638
0.0447767
0.0449647
0.0455265
0.045078
0.045531
0.0455334
0.0448014
0.0450654
0.0448572
0.0449001
0.0452821
0.0450482
0.0454527
0.0452824
0.0451142
0.04557
0.0446689
0.0448523
0.0450984
0.0453087
0.0454007
0.0453401
0.0451738
0.0452408
0.0456006
0.0460655
0.046188
0.0464582
0.04628
0.0460163
0.0460216
0.0462587
0.0456766
0.046172
0.0466226
0.0466197
0.0462081
0.0460961
0.0463916
0.0464033
0.0465999
0.0463968
0.0463967
0.0463796
0.0465679
0.0466248
0.0460758
0.0456852
0.0464041
0.0461262
0.0460487
0.0457951
0.0458869
0.0456387
0.0453117
0.0452347
0.045088
0.0449544
0.0452079
0.0449364
0.04496
0.045542
0.045835
0.0456519
0.0455491
0.0450832
0.0448951
0.0452188
0.0455411
0.0457392
0.0454806
0.0456598
0.0453208
0.0451946
0.044918
0.0451187
0.0451494
0.0453825
0.0451285
0.0453626
0.045561
0.045857
0.0457477
0.0457477
0.0454149
0.0450384
0.0450699
0.0447291
0.0449665
0.0450982
0.0452383
0.045148
0.0447568
0.0448509
0.0448817
0.0448036
0.0446479
0.044779
0.0446087
0.0446065
0.0448045
0.0445628
0.044339
0.0442365
0.0441319
0.0441141
0.0445403
0.0449618
0.0449185
0.044789
0.0443612
0.0442067
0.044443
0.0444196
0.0440846
0.0440452
0.0445854
0.0453071
0.044937
0.0445745
0.0443974
0.0444617
0.0440827
0.043819
0.0441543
0.0448222
0.04485
0.0449328
0.0451277
0.0449458
0.0447433
0.0449082
0.0450466
0.045153
0.0451177
0.0453359
0.0454952
0.0459304
0.0458452
0.0455844
0.0455995
0.0455289
0.0460603
0.0460594
0.0453524
0.0455099
0.0452574
0.0451674
0.0450364
0.0449411
0.0450618
0.0451499
0.0446986
0.0443668
0.0444495
0.0448522
0.0448987
0.0446598
0.0451356
0.0451906
0.0452356
0.045104
0.0446786
0.0449621
0.0450078
0.0451983
0.0448487
0.0446492
0.044593
0.044506
0.0444316
0.0445753
0.0442199
0.0443894
0.0447769
0.0442416
0.0445907
0.0447437
0.0453296
0.0454577
0.0455863
0.0448046
0.0443524
0.0446515
0.0442209
0.0447899
0.0449849
0.0447602
0.045343
0.0458528
0.045845
0.0457785
0.0460959
0.0462403
0.0460529
0.0464066
0.0464636
0.0461256
0.0459175
0.0455542
0.0456729
0.0461053
0.046534
0.0460607
0.046065
0.0457404
0.0457123
0.0458266
0.0456715
0.0458618
0.0458204
0.0455893
0.0456746
0.0461741
0.0461914
0.0459293
0.0457008
0.0456955
0.0456861
0.0458798
0.0461487
0.0462085
0.0458092
0.0454839
0.0458827
0.0458974
0.0456123
0.0456755
0.0457763
0.0454695
0.0451673
0.0450556
0.0452291
0.0454178
0.0459242
0.0457451
0.0456792
0.0457306
0.0457548
0.0457744
0.0453769
0.0456364
0.0454939
0.0452684
0.0452802
0.0450654
0.0452068
0.0452388
0.0453011
0.045288
0.0455177
0.0448257
0.0443411
0.0443915
0.0444751
0.044705
0.0446223
0.0444325
0.0443067
0.0444896
0.0441932
0.044527
0.0446713
0.045641
0.0454339
0.0453418
0.0453746
0.0455067
0.045015
0.0451996
0.0454449
0.0452675
0.0449313
0.044812
0.0447282
0.0448258
0.0446469
0.0447275
0.0447107
0.0448564
0.0448356
0.0444761
0.0452198
0.0453811
0.0449976
0.044833
0.045069
0.044948
0.0449569
0.0446187
0.0449461
0.0449399
0.0453204
0.0446341
0.0445895
0.0445869
0.0442462
0.0440377
0.0447093
0.0446881
0.0449973
0.0453931
0.04564
0.0455347
0.0452954
0.0455058
0.0452655
0.0452091
0.0454268
0.0457142
0.0460237
0.0459933
0.0460266
0.0461897
0.0460535
0.0458403
0.0457672
0.0457283
0.0456045
0.0450434
0.0451466
0.0451778
0.0455065
0.045815
0.0459871
0.0460001
0.0462078
0.0464413
0.0463528
0.0463277
0.0462128
0.0462958
0.0461203
0.0459529
0.0457673
0.0455013
0.0456057
0.0459949
0.0454716
0.0457975
0.0460479
0.0455504
0.0453484
0.0451383
0.0448516
0.0449588
0.0453633
0.0454771
0.0453992
0.0450037
0.044975
0.044883
0.0450891
0.0450758
0.0449269
0.0450621
0.0457529
0.0455037
0.0456456
0.0453825
0.045148
0.0447497
0.0450966
0.0450109
0.0451308
0.0449239
0.0448157
0.0449483
0.0454617
0.0451702
0.04535
0.0454575
0.0454376
0.0455651
0.0451696
0.0451706
0.0455737
0.0456226
0.0457618
0.0458774
0.0456054
0.0456013
0.0460124
0.0458648
0.0453074
0.0453564
0.0455892
0.0455874
0.0455718
0.04578
0.0455753
0.0454589
0.0454018
0.0450704
0.0448992
0.0448793
0.0448679
0.0450862
0.0449296
0.0448934
0.0448924
0.0450374
0.0450267
0.0448884
0.0448056
0.0448211
0.0453253
0.0452428
0.045421
0.0457538
0.0455099
0.0454583
0.045369
0.0450795
0.0452715
0.0448812
0.0445056
0.0447039
0.0443981
0.0444131
0.0441337
0.0443763
0.0444646
0.0439044
0.0444705
0.0444352
0.0445474
0.0448568
0.0448977
0.0449394
0.0452098
0.0454167
0.0452862
0.0449052
0.0450688
0.0451132
0.045097
0.0446176
0.0446127
0.0442171
0.0445284
0.0443299
0.0442418
0.0442837
0.0442458
0.0439925
0.0439285
0.0440595
0.0441061
0.0443728
0.0445144
0.0446096
0.0449075
0.0448804
0.0449703
0.0445448
0.0447463
0.0446126
0.0449163
0.0450491
0.0451835
0.0450344
0.0447556
0.0451474
0.0445269
0.0446845
0.0449632
0.0447149
0.0447358
0.0448576
0.0445765
0.0450084
0.0454879
0.0453849
0.0454336
0.0460208
0.0458416
0.0456867
0.0452671
0.0449374
0.0447761
0.045081
0.0452177
0.0448749
0.0444259
0.0442295
0.0445135
0.0448147
0.0447203
0.0450953
0.0452028
0.0450941
0.0449804
0.0450829
0.0447125
0.0449737
0.0443053
0.0446223
0.0449093
0.044501
0.0442362
0.0442531
0.0441547
0.0442064
0.0446015
0.0443368
0.0442186
0.0443498
0.0442151
0.0439859
0.0440614
0.0441983
0.0438678
0.0438815
0.0438468
0.044004
0.0442283
0.0444245
0.044031
0.0439509
0.0441874
0.0445346
0.0443409
0.0441559
0.0442201
0.0442721
0.04482
0.0447293
0.0444907
0.0448776
0.044667
0.0441848
0.0443584
0.0444336
0.0443928
0.0445957
0.044587
0.0447505
0.0444622
0.0446566
0.044513
0.0446298
0.044566
0.0446547
0.0447121
0.0450421
0.0449502
0.0449797
0.0449298
0.0455102
0.0449867
0.0451587
0.0448368
0.0453607
0.0452242
0.0452681
0.0449508
0.0447663
0.0448826
0.0445934
0.0451884
0.0457363
0.0456601
0.0458824
0.0457335
0.0457943
0.0453145
0.045217
0.0455291
0.0458237
0.0456826
0.0456412
0.0456479
0.0457159
0.0459038
0.0457776
0.0457576
0.0457063
0.0457596
0.0455565
0.0451067
0.0450263
0.0449956
0.0446821
0.044245
0.0449509
0.0449066
0.0443892
0.044073
0.044175
0.0445827
0.0445565
0.0449861
0.0447418
0.0442197
0.0444448
0.0441577
0.0437491
0.0439621
0.0441231
0.0441123
0.0443584
0.0440602
0.044125
0.0443158
0.0444252
0.044533
0.04458
0.044499
0.0443652
0.04452
0.044543
0.0440739
0.0435962
0.0443253
0.0443778
0.0442501
0.0451174
0.0450335
0.0453772
0.0452099
0.045357
0


