0.584824
0.584785
0.585197
0.585621
0.585884
0.58539
0.585449
0.584688
0.584382
0.584625
0.584872
0.585016
0.58544
0.584974
0.58541
0.585217
0.585018
0.584293
0.584314
0.584763
0.584916
0.585036
0.585262
0.584605
0.584581
0.584258
0.584656
0.585073
0.584888
0.585041
0.585044
0.585042
0.585446
0.584895
0.58492
0.585216
0.585486
0.585558
0.584945
0.585236
0.585373
0.585887
0.585965
0.586156
0.58552
0.58497
0.585392
0.585676
0.586157
0.586292
0.587043
0.58694
0.586681
0.586293
0.58666
0.586808
0.586868
0.586902
0.587084
0.586836
0.586656
0.586773
0.586346
0.586303
0.586359
0.586386
0.586218
0.586235
0.586355
0.586125
0.586155
0.586465
0.586595
0.587149
0.587155
0.58696
0.587202
0.587195
0.587153
0.587255
0.587558
0.587277
0.58691
0.586569
0.586178
0.586262
0.586246
0.586268
0.586242
0.585864
0.586007
0.58614
0.586088
0.586044
0.586243
0.586333
0.586247
0.586313
0.586094
0.585947
0.586146
0.585986
0.586065
0.586338
0.586537
0.586393
0.585997
0.585904
0.585784
0.585442
0.585117
0.585053
0.585695
0.585987
0.585809
0.586203
0.586366
0.586199
0.586064
0.585877
0.586497
0.586004
0.586017
0.586421
0.585961
0.585805
0.585172
0.585871
0.585122
0.585758
0.585787
0.58517
0.585659
0.585223
0.58555
0.585363
0.585799
0.585631
0.585285
0.585421
0.58522
0.585237
0.585729
0.585835
0.585642
0.585841
0.585826
0.585785
0.585783
0.585742
0.585721
0.584904
0.584697
0.584652
0.58533
0.585732
0.585465
0.585247
0.585119
0.585325
0.585406
0.586009
0.585712
0.585665
0.585666
0.585645
0.585823
0.585327
0.585301
0.58513
0.58457
0.584233
0.584228
0.584512
0.584582
0.584966
0.585275
0.584688
0.585447
0.585455
0.585617
0.585627
0.585557
0.5852
0.585191
0.585285
0.584756
0.584543
0.58464
0.584877
0.58454
0.584666
0.584773
0.584987
0.584509
0.584721
0.585204
0.585605
0.585337
0.585657
0


