0.6049
0.604925
0.605066
0.604592
0.604262
0.604407
0.604176
0.604014
0.603729
0.603483
0.603104
0.602929
0.602854
0.602571
0.603199
0.603327
0.603428
0.60345
0.60329
0.603307
0.602901
0.602926
0.603085
0.602794
0.60255
0.60316
0.60274
0.602758
0.603009
0.603116
0.602947
0.602635
0.60228
0.602168
0.602503
0.602804
0.602686
0.603062
0.602809
0.60292
0.602635
0.602136
0.601997
0.602666
0.602517
0.603154
0.602805
0.603193
0.603336
0.603784
0.603672
0.603968
0.603785
0.60336
0.603252
0.602975
0.602534
0.602503
0.602903
0.602561
0.60187
0.601897
0.602043
0.602357
0.602261
0.602468
0.602736
0.602549
0.602745
0.602649
0.601967
0.601661
0.602255
0.602674
0.602869
0.60291
0.60303
0.602818
0.60254
0.603324
0.603203
0.603026
0.602844
0.60298
0.603394
0.603246
0.602472
0.60244
0.602182
0.602634
0.602507
0.602586
0.602674
0.602667
0.602927
0.602416
0.602417
0.602214
0.602416
0.602673
0.602675
0.602547
0.603171
0.603704
0.603795
0.60365
0.603683
0.603508
0.603479
0.602834
0.60262
0.603278
0.603119
0.603121
0.602792
0.60274
0.603476
0.603438
0.60362
0.603966
0.604063
0.604037
0.60419
0.603527
0.60308
0.603091
0.60304
0.603053
0.603322
0.603416
0.603821
0.603949
0.604013
0.603488
0.603848
0.604158
0.604492
0.604262
0.604365
0.604547
0.604342
0.604995
0.604506
0.604527
0.604355
0.604714
0.604764
0.604363
0.604122
0.604172
0.60394
0.604387
0.603879
0.604065
0.604257
0.604922
0.604926
0.604843
0.604566
0.604103
0.603959
0.604044
0.603918
0.604171
0.604201
0.604031
0.604391
0.604463
0.603902
0.603707
0.603109
0.603026
0.602913
0.603054
0.602928
0.602397
0.602777
0.603039
0.603074
0.603034
0.603331
0.60257
0.602736
0.602865
0.603265
0.603182
0.603203
0.603212
0.603265
0.603257
0.603168
0.603355
0.603705
0.604463
0.604151
0.604125
0.604272
0.604376
0.604227
0.604419
0


