0.579633
0.579796
0.579477
0.579778
0.579901
0.579663
0.57948
0.579749
0.58002
0.579888
0.579605
0.580182
0.580545
0.580429
0.580175
0.580221
0.580211
0.580136
0.580183
0.580031
0.57982
0.579765
0.580157
0.580406
0.580398
0.580183
0.58008
0.580252
0.580334
0.580544
0.580514
0.580666
0.580318
0.580342
0.58068
0.580938
0.580707
0.580786
0.581075
0.581406
0.581221
0.580733
0.580902
0.58126
0.581281
0.581067
0.581174
0.5814
0.581449
0.581202
0.581381
0.58095
0.58093
0.580717
0.580609
0.580569
0.580674
0.580664
0.58093
0.580692
0.580615
0.580857
0.580354
0.580159
0.580256
0.580307
0.580432
0.580323
0.580609
0.580372
0.580096
0.580234
0.580261
0.580435
0.580507
0.580084
0.580023
0.580428
0.580036
0.579967
0.579871
0.579741
0.579661
0.579935
0.579533
0.579407
0.579508
0.579803
0.579889
0.579472
0.57955
0.579287
0.579202
0.578882
0.579182
0.57972
0.579793
0.579219
0.579018
0.579097
0.578923
0.579101
0.57931
0.579667
0.579514
0.579543
0.579685
0.57975
0.579758
0.579357
0.579064
0.579228
0.579844
0.579578
0.579746
0.579936
0.580124
0.579717
0.579831
0.579602
0.579902
0.579219
0.579206
0.579486
0.579398
0.579166
0.579504
0.579722
0.579385
0.579984
0.58013
0.579787
0.580048
0.579701
0.579826
0.580066
0.580118
0.580322
0.580198
0.580291
0.580087
0.579846
0.580122
0.579947
0.579904
0.579741
0.57969
0.579837
0.579887
0.579672
0.579634
0.579576
0.579705
0.580056
0.579934
0.5797
0.580054
0.58016
0.580284
0.580743
0.580875
0.58075
0.580561
0.58068
0.580657
0.581004
0.580979
0.581118
0.581288
0.581045
0.580724
0.580799
0.581296
0.581202
0.58115
0.581242
0.581233
0.580998
0.580942
0.581359
0.581493
0.581142
0.581083
0.581148
0.581193
0.581183
0.581413
0.581389
0.581294
0.581145
0.581288
0.581295
0.58127
0.581217
0.581268
0.580823
0.580922
0.580509
0.580532
0.580095
0


