0.394143
0.394297
0.394035
0.393851
0.393597
0.393831
0.394117
0.394384
0.394806
0.395191
0.39559
0.396124
0.395586
0.395839
0.395544
0.395897
0.396262
0.396326
0.396487
0.396112
0.396449
0.396437
0.396721
0.396505
0.397398
0.397498
0.397845
0.398145
0.397757
0.398132
0.398053
0.398102
0.398341
0.398239
0.397891
0.397436
0.396909
0.396664
0.397492
0.397307
0.397792
0.398107
0.398383
0.399023
0.399107
0.399072
0.399427
0.399342
0.399362
0.399261
0.399394
0.39899
0.398809
0.398724
0.398715
0.398707
0.398841
0.398723
0.398427
0.398261
0.398895
0.398518
0.397979
0.397657
0.397737
0.397889
0.397899
0.398094
0.397999
0.398347
0.398486
0.398302
0.398837
0.398909
0.399342
0.399381
0.400009
0.400203
0.400641
0.401399
0.401413
0.401193
0.40081
0.400644
0.400545
0.400313
0.40019
0.399421
0.399261
0.39941
0.399461
0.399243
0.399108
0.399322
0.399248
0.399044
0.398872
0.399309
0.399103
0.399296
0.399563
0.399281
0.399091
0.399054
0.399089
0.399145
0.399735
0.399662
0.39979
0.400107
0.400728
0.400443
0.400506
0.400375
0.400595
0.400511
0.400253
0.400896
0.400959
0.401522
0.401984
0.401961
0.402067
0.40261
0.402798
0.402464
0.402332
0.402493
0.402755
0.402866
0.403515
0.404018
0.40413
0.403548
0.40326
0.403201
0.403029
0.403623
0.40407
0.403907
0.403429
0.40301
0.402826
0.402484
0.401935
0.402185
0.402151
0.4021
0.402044
0.40242
0.402291
0.402564
0.402613
0.402471
0.402489
0.402305
0.401868
0.402362
0.402281
0.402397
0.402166
0.401921
0.401708
0.401587
0.401742
0.401788
0.40165
0.402056
0.401752
0.401824
0.402233
0.402603
0.402854
0.403068
0.402862
0.402445
0.402552
0.402514
0.402451
0.402558
0.402663
0.403321
0.403508
0.403098
0.403566
0.403585
0.403027
0.403143
0.402795
0.403087
0.403095
0.402988
0.403169
0.402999
0.403132
0.4036
0.403922
0.40415
0.404133
0.403905
0


