0.584035
0.583842
0.583757
0.583692
0.583686
0.584227
0.584169
0.584157
0.58421
0.584088
0.583997
0.584048
0.584108
0.58419
0.584226
0.584109
0.584258
0.583872
0.583936
0.584008
0.583839
0.583923
0.584159
0.58428
0.584347
0.58432
0.584537
0.584506
0.584112
0.583839
0.58381
0.583648
0.583416
0.583543
0.583504
0.583499
0.583442
0.583113
0.583197
0.583207
0.583132
0.583432
0.583646
0.583956
0.584187
0.5844
0.58429
0.584211
0.584037
0.58385
0.583677
0.583684
0.583863
0.58362
0.583542
0.583655
0.583553
0.5837
0.583775
0.583754
0.583902
0.583843
0.583676
0.583708
0.584009
0.583865
0.583923
0.583888
0.583846
0.583753
0.583568
0.583802
0.583931
0.583947
0.583762
0.583654
0.583737
0.583899
0.583653
0.583715
0.583482
0.583417
0.583443
0.5834
0.583326
0.583241
0.583527
0.583597
0.583732
0.583665
0.583711
0.583893
0.583928
0.583769
0.583797
0.58363
0.58389
0.583826
0.58391
0.583874
0.584046
0.583907
0.583801
0.58361
0.584066
0.584149
0.584147
0.584314
0.584275
0.584456
0.584458
0.584563
0.584736
0.58472
0.584532
0.584523
0.584919
0.5849
0.585113
0.585183
0.584955
0.584939
0.584827
0.58475
0.584585
0.584688
0.584653
0.584625
0.584622
0.584717
0.584843
0.584704
0.5846
0.584676
0.584627
0.584581
0.584335
0.584239
0.58418
0.584483
0.584428
0.58428
0.584521
0.584486
0.584471
0.584283
0.584033
0.584084
0.584116
0.584278
0.584032
0.584268
0.584236
0.584183
0.584107
0.584042
0.584065
0.58431
0.584189
0.584075
0.58382
0.583916
0.58403
0.584292
0.584375
0.584342
0.584235
0.583959
0.583957
0.583983
0.583888
0.584282
0.584243
0.584244
0.584159
0.584461
0.584325
0.584003
0.584214
0.584262
0.584319
0.584428
0.584299
0.584167
0.584071
0.584136
0.584079
0.583992
0.583868
0.583721
0.58368
0.583886
0.58424
0.584637
0.584572
0.584714
0.584874
0.584751
0.584703
0.584774
0.584785
0.584452
0.584206
0.58429
0.584145
0.584195
0.584102
0.584236
0.584376
0.584316
0.584025
0.583916
0.583784
0.583863
0.583919
0.583883
0.58382
0.583762
0.583683
0.583923
0.583976
0.58397
0.584106
0.584363
0.584261
0.584319
0.584235
0.584477
0.58463
0.584651
0.584563
0.584727
0.584516
0.584333
0.584167
0.584038
0.58393
0.583967
0.583931
0.583905
0.583873
0.583899
0.58423
0.58432
0.584123
0.584098
0.584518
0.584651
0.584625
0.58473
0.584585
0.584461
0.584473
0.584307
0.584266
0.584275
0.584238
0.584207
0.584174
0.584061
0.584383
0.584513
0.584529
0.584508
0.584626
0.584787
0.584786
0.584773
0.584671
0.584577
0.584698
0.584862
0.584906
0.584914
0.584538
0.584564
0.58454
0.584661
0.584847
0.584584
0.584606
0.584692
0.584585
0.58449
0.584596
0.584495
0.58446
0.584217
0.584169
0.58454
0.584581
0.584624
0.584706
0.584755
0.584874
0.584759
0.584658
0.58471
0.584809
0.584723
0.584868
0.584976
0.584833
0.585087
0.585089
0.584976
0.585056
0.585045
0.585007
0.585369
0.58528
0.585001
0.585036
0.585014
0.584865
0.585018
0.584696
0.584638
0.584684
0.584752
0.584835
0.584869
0.584815
0.584945
0.584878
0.584656
0.584383
0.584328
0.584052
0.584173
0.583898
0.583973
0.583934
0.584061
0.584107
0.583997
0.584189
0.584033
0.58413
0.584106
0.5841
0.584065
0.584316
0.5843
0.584333
0.584109
0.584137
0.584061
0.584332
0.584669
0.584514
0.584765
0.5845
0.584415
0.584172
0.584149
0.58427
0.584201
0.584087
0.583856
0.583967
0.584067
0.584173
0.584173
0.58417
0.584251
0.584223
0.584141
0.584337
0.584456
0.584492
0.584321
0.584354
0.584408
0.584269
0.583944
0.583829
0.583724
0.583637
0.583448
0.583912
0.583879
0.584062
0.583961
0.584062
0.584293
0.583901
0.583966
0.583961
0.583991
0.583954
0.583625
0.583526
0.583474
0.583375
0.583499
0.583501
0.583562
0.583737
0.583765
0.58384
0.583678
0.583782
0.583632
0.583544
0.583483
0.583388
0.583565
0.583603
0.583432
0.583423
0.583406
0.583163
0.583243
0.58316
0.583393
0.583453
0.583888
0.584199
0.584477
0.584662
0.584367
0.584483
0.584239
0.58429
0.584411
0.58408
0.584465
0.584448
0.584599
0.58447
0.584545
0.584577
0.584563
0.584759
0.584618
0.584689
0.584722
0.584629
0.584599
0.584507
0.584672
0.58453
0.584708
0.584838
0.584595
0.584462
0.584609
0.585062
0.584912
0.584901
0.584971
0.585246
0.585291
0.585353
0.58527
0.585175
0.585251
0.58499
0.584839
0.584611
0.584635
0.584833
0.584967
0.584997
0.585207
0.585142
0.585115
0.585073
0.585091
0.584895
0.584778
0.584705
0.584597
0.58448
0.584234
0.584186
0.583783
0.583817
0.583822
0.584145
0.583976
0.584095
0.583881
0.583933
0.584054
0.58396
0.583712
0.583702
0.583735
0.583741
0.583691
0.583597
0.583729
0.583668
0.583712
0.583818
0.583938
0.584052
0.584048
0.583709
0.583837
0.58405
0.583811
0.58408
0.584366
0.58427
0.584166
0.584028
0.583949
0.583765
0.583427
0.58352
0.583702
0.58368
0.583709
0.583819
0.58377
0.583855
0.583927
0.584194
0.584387
0.584352
0.584063
0.583664
0.584004
0.583964
0.584214
0.584341
0.58453
0.584405
0.584364
0.58439
0.584246
0.584226
0.584156
0.583976
0.583708
0.583894
0.584029
0.583964
0.584099
0.584255
0.584446
0.584453
0.584325
0.584528
0.584462
0.584337
0.584264
0.584078
0.584205
0.584203
0.584011
0.584255
0.58415
0.584151
0.58408
0.584166
0.584107
0.584173
0.584005
0.583941
0.584054
0.584252
0.584242
0.584394
0.58443
0.584425
0.584542
0.584582
0.58454
0.584677
0.584897
0.585193
0.585031
0.58495
0.584826
0.584863
0.584834
0.58468
0.584814
0.584883
0.58483
0.584549
0.584446
0.584595
0.584748
0.584878
0.584973
0.585011
0.585279
0.585312
0.585206
0.585329
0.585143
0.584935
0.58488
0.585217
0.585328
0.585444
0.585454
0.585368
0.585431
0.58526
0.585155
0.58517
0.585299
0.585375
0.585176
0.585118
0.585261
0.585096
0.585132
0.585148
0.585079
0.585235
0.585273
0.585143
0.585029
0.585123
0.585245
0.585244
0.584965
0.584864
0.584738
0.584892
0.584878
0.584782
0.584937
0.585028
0.58492
0.584703
0.58485
0.584806
0.584863
0.584733
0.584516
0.58466
0.584528
0.58454
0.584675
0.584696
0.584548
0.584808
0.584936
0.585093
0.585085
0.585156
0.585006
0.584862
0.585107
0.585137
0.585167
0.585002
0.584861
0.584617
0.584651
0.584442
0.584354
0.584253
0.58435
0.584321
0.584332
0.584334
0.58425
0.58433
0.584597
0.584605
0.584469
0.584707
0.584532
0.584622
0.584659
0.58461
0.584461
0.58437
0.584024
0.584176
0.584149
0.584128
0.584013
0.584077
0.583971
0.583926
0.584179
0.583938
0.584063
0.583805
0.584194
0.58391
0.583605
0.583506
0.583895
0.583845
0.583778
0.583751
0.583634
0.583961
0.583973
0.584096
0.584091
0.58409
0.584077
0.583888
0.583851
0.583851
0.583742
0.583774
0.583787
0.583618
0.583629
0.583598
0.583729
0.583774
0.583653
0.583698
0.583907
0.583798
0.583586
0.583586
0.583676
0.583708
0.583646
0.58367
0.583464
0.583424
0.583668
0.583768
0.583645
0.583335
0.583255
0.583151
0.583374
0.58334
0.583476
0.583421
0.583285
0.583427
0.583319
0.583373
0.583335
0.583505
0.583879
0.583726
0.58393
0.584008
0.584305
0.584281
0.58445
0.584511
0.584562
0.584925
0.584982
0.585178
0.585438
0.585129
0.585179
0.584851
0.584939
0.584597
0.584635
0.584628
0.584469
0.584386
0.584427
0.584389
0.584164
0.584198
0.583986
0.583791
0.583718
0.583567
0.583789
0.583475
0.583503
0.583567
0.58352
0.583674
0.583815
0.583945
0.583959
0.583777
0.583787
0.583794
0.583865
0.583737
0.584043
0.58431
0.584324
0.584578
0.58468
0.584563
0.584633
0.584638
0.5847
0.584601
0.584904
0.584734
0.584869
0.585031
0.584788
0.584634
0.584713
0.584836
0.584694
0.584677
0.584657
0.584865
0.584924
0.585055
0.585131
0.584993
0.585285
0.585283
0.585044
0.585016
0.585087
0.58486
0.584843
0.584675
0.584567
0.584319
0.58421
0.583863
0.583769
0.583973
0.583863
0.583867
0.583846
0.583701
0.58368
0.584144
0.584212
0.58442
0.584477
0.584464
0.584382
0.584365
0.58435
0.584394
0.584197
0.584272
0.584469
0.584106
0.584147
0.584011
0.58391
0.584073
0.584058
0.583945
0.584132
0.583771
0.583373
0.583499
0.58325
0.583498
0.583884
0.583998
0.584135
0.584069
0.584079
0.583949
0.584048
0.584009
0.583921
0.583987
0.583894
0.583884
0.583832
0.583989
0.583848
0.58399
0.583934
0.58391
0.583984
0.583944
0.583903
0.584119
0.584057
0.58387
0.583617
0.583485
0.583533
0.583484
0.58347
0.583696
0.583637
0.583684
0.583333
0.583457
0.583496
0.583861
0.583589
0.583732
0.584005
0.584114
0.584262
0.584209
0.584008
0.583927
0.584062
0.583964
0.583838
0.583986
0.584041
0.583956
0.583854
0.583724
0.583819
0.58384
0.584052
0.583992
0.583962
0.584126
0.584029
0.584251
0.584187
0.584081
0.584405
0.584333
0.584368
0.584528
0.584583
0.584582
0.584526
0.584601
0.584569
0.584614
0.584635
0.584681
0.584597
0.584689
0.584615
0.584821
0.584841
0.584713
0.584578
0.584339
0.584452
0.584519
0.584726
0.584601
0.584545
0.584715
0.584645
0.585006
0.584954
0.58468
0.584646
0.584606
0.584749
0.58466
0.584833
0.584738
0.58496
0.58492
0.584809
0.585072
0.584802
0.584807
0.584457
0.584788
0.584805
0.584828
0.585105
0.585164
0.58525
0.585
0.584928
0.585033
0.584992
0.585153
0.585213
0.585419
0.585128
0.585142
0.585248
0.585129
0.585151
0.585169
0.585202
0.585248
0.585373
0.585333
0.585563
0.585385
0.585356
0.585363
0.585089
0.58497
0.585
0.584848
0.58516
0.585034
0.585215
0.585267
0.585289
0.58516
0.584824
0


