0.0194424
0.0191662
0.0188619
0.0187504
0.0180965
0.0183343
0.0189081
0.0189967
0.0190741
0.0183502
0.0185912
0.0191993
0.0191831
0.0183537
0.0184125
0.0186065
0.0187183
0.0190776
0.0193143
0.0198543
0.0197932
0.0199064
0.0195467
0.0199602
0.0198637
0.0201094
0.0203694
0.0202675
0.0202278
0.0200974
0.020287
0.0203123
0.0206571
0.0201382
0.0198082
0.0197318
0.0199265
0.0201654
0.0201208
0.0197701
0.0198399
0.019907
0.019793
0.0194761
0.0194272
0.0196402
0.0194535
0.0195405
0.0197043
0.0199433
0.0194323
0.0193347
0.0191579
0.0187235
0.0186751
0.0193278
0.0195636
0.0192004
0.0194162
0.0191362
0.0193727
0.019805
0.0200152
0.0195052
0.020106
0.0199678
0.0204107
0.0204847
0.0203925
0.0208998
0.0210946
0.0213433
0.0210208
0.0205403
0.0200087
0.019694
0.020468
0.0203476
0.0200933
0.0204187
0.0201186
0.0198861
0.0199805
0.0198116
0.0193696
0.0187306
0.0184496
0.018483
0.018533
0.0186552
0.0188861
0.0189806
0.0190092
0.0187064
0.0185805
0.018332
0.0187369
0.018715
0.0184774
0.0179073
0.0182687
0.0182503
0.0183469
0.0190089
0.0192234
0.0194453
0.0196187
0.0199221
0.0198622
0.0196728
0.0198935
0.0200409
0.0195887
0.0200516
0.0200507
0.0202506
0.0201023
0.0202743
0.0203244
0.0200298
0.020705
0.0206466
0.0205218
0.0209403
0.0206196
0.0207317
0.0207874
0.0205847
0.0202276
0.0202874
0.0202173
0.0199074
0.0197291
0.0199402
0.0198761
0.0195233
0.020101
0.019773
0.0195997
0.0196343
0.0197859
0.0202941
0.0199469
0.0200268
0.0202509
0.0206033
0.0203756
0.0206306
0.0204161
0.0208229
0.0205177
0.0204768
0.0202735
0.0199543
0.0197707
0.0193744
0.0196281
0.0194842
0.0197986
0.0196499
0.0195618
0.0195116
0.0196844
0.0197865
0.0196363
0.0193171
0.0195476
0.0194361
0.0196573
0.0201935
0.0203674
0.0201101
0.0202906
0.0203942
0.0203521
0.0206378
0.0209811
0.0206392
0.0205054
0.0203571
0.0204856
0.0209141
0.0210277
0.0208861
0.0207202
0.0212989
0.0216232
0.021291
0.0211752
0.0215202
0.0213978
0.021168
0.0217167
0.0214019
0.0210082
0.0210141
0.0205531
0.0202296
0.0203519
0.020524
0.0207226
0.0205506
0.0203256
0.0201642
0.0204301
0.0205818
0.0199127
0.0192332
0.0196312
0.0196582
0.020234
0.0205046
0.0207669
0.0205747
0.0200313
0.0202707
0.0205261
0.0204648
0.0201194
0.0197922
0.0199827
0.0202402
0.0204516
0.0205235
0.0200883
0.0198996
0.0196186
0.0195767
0.0198269
0.0201958
0.0201396
0.0196795
0.0195138
0.0190327
0.0192601
0.0194288
0.0195862
0.0188474
0.0183528
0.0183695
0.0184378
0.0190623
0.0190276
0.0193165
0.0191167
0.0186953
0.0191959
0.0191967
0.019196
0.0194688
0.0192763
0.0191954
0.0186307
0.0185587
0.0187872
0.0188018
0.019199
0.0192811
0.0190687
0.0194033
0.01896
0.0190281
0.0191386
0.0190948
0.0188014
0.0188109
0.0189528
0.0190605
0.0192848
0.0189771
0.018868
0.0184591
0.0186563
0.0194402
0.019877
0.0195996
0.0198859
0.0197242
0.0192224
0.0192523
0.0192369
0.0193829
0.0196945
0.0195389
0.0197758
0.0194396
0.0195156
0.019632
0.0195488
0.0195988
0.0193665
0.0195073
0.0192013
0.0190012
0.0188619
0.0188824
0.0184686
0.0182575
0.0186417
0.0192906
0.0186185
0.0188345
0.0193827
0.0199023
0.019789
0.0196457
0.0198534
0.0197063
0.0198903
0.0198317
0.0194916
0.0197173
0.0190637
0.0195986
0.0190978
0.0190186
0.0193392
0.0191396
0.0189062
0.019179
0.0191738
0.0193996
0.0192851
0.0196243
0.0196037
0.0196663
0.0199388
0.0202468
0.0201421
0.0205221
0.0207181
0.0213496
0.0209607
0.0207776
0.0210491
0.0207255
0.0205568
0.020538
0.0204166
0.0204576
0.0199503
0.0197481
0.01988
0.0199025
0.0201262
0.0201741
0.0202227
0.0202122
0.0205541
0.0203369
0.0202265
0.0198362
0.0193482
0.0194438
0.0197332
0.0196502
0.0195512
0.0188973
0.0189614
0.0189634
0.0186335
0.0183543
0.0185692
0.0183527
0.0180233
0.0185936
0.0186934
0.0185231
0.0191829
0.0194726
0.0189251
0.0190583
0.0191567
0.019183
0.0190217
0.0187934
0.018605
0.0187524
0.0186697
0.0186502
0.0182874
0.0182701
0.0184949
0.0185778
0.0184292
0.0184583
0.0184882
0.0192579
0.0190613
0.0191116
0.0186478
0.0189438
0.0185053
0.018261
0.0188034
0.0192345
0.0195363
0.0188139
0.0184619
0.0185832
0.0182474
0.0181601
0.0179838
0.0179367
0.0186377
0.0183478
0.01833
0.0181271
0.0183104
0.0182879
0.0180485
0.0181524
0.0182222
0.0185998
0.0185559
0.0189072
0.0191813
0.019274
0.0193128
0.0192281
0.0195453
0.0194837
0.0191846
0.0190335
0.0184331
0.0187466
0.0192378
0.019299
0.0190216
0.0189764
0.0190853
0.0188227
0.0188695
0.0190135
0.019231
0.0191588
0.0194889
0.0192945
0.0191368
0.0193723
0.0194525
0.0195566
0.0192939
0.0189108
0.0192331
0.019319
0.019549
0.0191491
0.0191521
0.0188474
0.0188255
0.0187923
0.0189982
0.0191397
0.0188175
0.0189479
0.0187556
0.018585
0.0182314
0.0183439
0.0181
0.0176853
0.0184281
0.0185307
0.0186045
0.0188638
0.0184749
0.0190723
0.0191184
0.0193094
0.0190197
0.0193283
0.0193723
0.0190033
0.0191382
0.0193903
0.0189929
0.0188598
0.0187473
0.0185771
0.0185745
0.0192382
0.0193589
0.0194293
0.019067
0.0193928
0.0194458
0.0197182
0.0198579
0.0198664
0.0201754
0.0198704
0.0198723
0.0195271
0.0193702
0.0194338
0.0196785
0.0200337
0.0200517
0.0204072
0.020557
0.020541
0.020613
0.0201987
0.0205805
0.0208138
0.0207721
0.0202454
0.0202582
0.0201996
0.0206487
0.0205288
0.0202235
0.0207887
0.0208623
0.0210041
0.0212923
0.0216265
0.021457
0.0213795
0.0204835
0.0207582
0.0207046
0.0202244
0.0199099
0.0199779
0.0197554
0.0199572
0.0199237
0.019897
0.0198837
0.0199396
0.0202085
0.0197958
0.0198001
0.0200556
0.0202619
0.0201412
0.0202334
0.020546
0.0198639
0.0201463
0.0198566
0.0200573
0.0196246
0.0194762
0.0191919
0.0190678
0.0188933
0.0193086
0.0193518
0.0192787
0.0192536
0.0187709
0.0186586
0.0187522
0.0189118
0.0192502
0.019652
0.0192446
0.0198281
0.0197749
0.0198137
0.0197873
0.0197048
0.0197971
0.0200241
0.0197611
0.0198054
0.0201801
0.0204128
0.0199659
0.0197453
0.0199068
0.0200966
0.0201047
0.0199929
0.0198846
0.0199364
0.02
0.0197263
0.0200129
0.0203092
0.0206075
0.0206478
0.0204887
0.0204329
0.0207626
0.0201386
0.0191268
0.0190487
0.0190994
0.0185452
0.019116
0.0188136
0.0187783
0.0184544
0.0179209
0.0183143
0.0186118
0.0185525
0.0185986
0.0189687
0.0194795
0.019148
0.0186881
0.0187633
0.0191287
0.0189064
0.0184837
0.0186233
0.0189648
0.0190486
0.0192041
0.0192691
0.0188565
0.0193321
0.0195563
0.0196797
0.0198912
0.0197857
0.019347
0.0190665
0.0189509
0.0188802
0.0191375
0.0187914
0.0189935
0.0192338
0.019436
0.01994
0.0202522
0.0203985
0.0206673
0.0206246
0.0205377
0.0203008
0.0197704
0.0194263
0.0197588
0.0199772
0.0197296
0.0199508
0.0201751
0.0198266
0.0195091
0.018987
0.0189804
0.0190073
0.019057
0.019602
0.0195923
0.0195601
0.0194076
0.0189856
0.0193402
0.0194192
0.0195035
0.019675
0.019876
0.0200422
0.0201122
0.0201687
0.0197768
0.0198787
0.0193689
0.0195811
0.0196393
0.0192814
0.01922
0.0193716
0.0190379
0.0192765
0.0196179
0.0198488
0.0196395
0.0195622
0.0203345
0.0208998
0.0209735
0.0213397
0.0211213
0.021161
0.0212469
0.0208718
0.0205846
0.0208347
0.0206144
0.0206743
0.020147
0.0201015
0.0195862
0.019325
0.0196081
0.0194703
0.019904
0.019722
0.0196759
0.0198197
0.0197595
0.0199182
0.019858
0.0191317
0.0183717
0.0187934
0.018935
0.0190595
0.0191867
0.0194913
0.0194425
0.0192054
0.0192374
0.0192279
0.0190898
0.0188663
0.0192538
0.0190834
0.0191757
0.0191264
0.0189949
0.0188807
0.0195265
0.0198982
0.0201385
0.0203525
0.0203281
0.0203982
0.0203198
0.0202051
0.0203127
0.0206734
0.0207122
0.0202332
0.0203565
0.0202752
0.0201633
0.0201581
0.0200871
0.0202591
0.0201687
0.020538
0.0203823
0.0201621
0.0199139
0.0197099
0.0197728
0.0198299
0.019649
0.0194981
0.0194189
0.0193818
0.0195339
0.0193228
0.0195349
0.019614
0.0198303
0.0198266
0.020196
0.020258
0.0205329
0.0204142
0.0203528
0.0205435
0.0203375
0.0204309
0.0204601
0.0204645
0.0202461
0.0203563
0.0201572
0.0200151
0.0197056
0.019701
0.0201579
0.020442
0.0203439
0.0204635
0.0212665
0.0212397
0.0213653
0.021126
0.0210594
0.0211809
0.0216077
0.0215343
0.0216067
0.0215277
0.0216856
0.0216593
0.0215916
0.0213121
0.0213674
0.0216239
0.0220763
0.0220643
0.0217803
0.0219279
0.0218812
0.0214922
0.0212095
0.0203397
0.0201753
0.0202255
0.0202525
0.0204117
0.0204269
0.0202075
0.020503
0.0206373
0.0204815
0.0205751
0.0204893
0.0200642
0.019746
0.0203069
0.0206231
0.020585
0.0207969
0.0208927
0.020949
0.0207019
0.0206519
0.0201641
0.02029
0.0205631
0.0208856
0.0210051
0.0208843
0.0209671
0.0208464
0.0205508
0.0207776
0.0204669
0.0206858
0.0207236
0.0204849
0.0204039
0.0201817
0.0201347
0.0200465
0.0200055
0.0199364
0.0203872
0.0203419
0.0203528
0.0202087
0.0205942
0.0205107
0.0199698
0.0198219
0.0201497
0.0205798
0.0207678
0.0206766
0.0205462
0.0203648
0.0206047
0.0201944
0.0203625
0.0204221
0.0203639
0.0211244
0.0212803
0.0205831
0.0203369
0.0208239
0.0202935
0.0205425
0.0204108
0.0204464
0.0204962
0.0208135
0.0210452
0.0211356
0.0213206
0.0217254
0.0212554
0.0210044
0.020665
0.0209498
0.021115
0.0209085
0.0205616
0.02067
0.020343
0.02001
0.0199158
0.0201514
0.0202064
0.0201608
0.0203841
0.0198024
0.0198002
0.0196789
0.0196332
0.0196148
0.0193494
0.0189892
0.0192451
0.0191454
0.0194555
0.0193774
0.0196336
0.019934
0.0194854
0.0196285
0.0197944
0.0194358
0.0197058
0.0202305
0.0199319
0.0201311
0.0202038
0.0201083
0.0203512
0.0206031
0.0209518
0.020286
0.0201823
0.0205551
0.0202825
0.020193
0.0200258
0.0196854
0.0192634
0.020017
0.0204554
0.0202651
0.0201117
0.0205439
0.0209024
0.0208984
0.0211045
0.0211715
0.021269
0.0207936
0.0201182
0.0202208
0.0199415
0.0196982
0.0200592
0.0200054
0.0196926
0.0196725
0.0193084
0.0191943
0.0193719
0.0189909
0.0193765
0.01937
0.0195541
0.0192094
0.0197983
0.0197263
0.0195318
0.0195568
0.0193434
0.0194331
0.0192511
0.0188522
0.0184992
0.018948
0.0193365
0.0197587
0.0198197
0.0193057
0.0186789
0.0186673
0.018753
0.0185795
0.0187319
0.0189273
0.0187689
0.0189035
0.0188217
0.0187504
0.0189856
0.019339
0.0189651
0.0188242
0.0189518
0.0189672
0.0185097
0.0187242
0.0184955
0.0187744
0.0190552
0.0193739
0.0196962
0.0199526
0.0200905
0.0197748
0.0198808
0.0200816
0.020602
0.0205317
0.020791
0.0206049
0.0205669
0.0203821
0


