0.704292
0.704156
0.704013
0.704055
0.703912
0.70379
0.703987
0.704274
0.704555
0.704701
0.704515
0.704474
0.704373
0.704285
0.7041
0.704068
0.703764
0.70372
0.703793
0.703778
0.70405
0.703794
0.703793
0.704123
0.704265
0.704118
0.703941
0.703958
0.704018
0.70405
0.704136
0.704376
0.704287
0.704235
0.704256
0.70429
0.704082
0.704185
0.704029
0.703849
0.704004
0.704274
0.703908
0.703596
0.703315
0.7034
0.703288
0.703503
0.703706
0.703952
0.703875
0.703805
0.703801
0.703873
0.703838
0.703584
0.703766
0.703847
0.703779
0.703947
0.704171
0.704156
0.70406
0.703882
0.70382
0.703607
0.703524
0.703702
0.703915
0.703939
0.703845
0.703889
0.703965
0.70398
0.704015
0.703789
0.704098
0.704109
0.704091
0.704317
0.704447
0.704531
0.704508
0.70454
0.704739
0.704878
0.704542
0.70465
0.704741
0.704684
0.704687
0.704515
0.704576
0.704503
0.704673
0.704534
0.70467
0.704467
0.70435
0.70429
0.704347
0.704359
0.704515
0.704572
0.704479
0.704438
0.704472
0.70487
0.705132
0.704767
0.704636
0.704803
0.705172
0.705067
0.704934
0.704858
0.704954
0.70492
0.704931
0.704808
0.704508
0.704387
0.70453
0.704433
0.704
0.704195
0.704087
0.704258
0.704296
0.704318
0.704184
0.704192
0.703953
0.704229
0.704323
0.704252
0.704231
0.704238
0.704445
0.704619
0.704447
0.7042
0.704051
0.703963
0.704069
0.704212
0.704238
0.704076
0.704148
0.704128
0.704092
0.704159
0.704347
0.70444
0.704507
0.70451
0.704331
0.704143
0.703974
0.704019
0.70397
0.704095
0.703896
0.703971
0.704045
0.703925
0.704141
0.704192
0.703978
0.704042
0.70401
0.703822
0.703946
0.704047
0.70443
0.704477
0.704429
0.704565
0.704593
0.704767
0.704516
0.704975
0.704535
0.704158
0.704066
0.703881
0.703601
0.703492
0.703337
0.703114
0.702935
0.703086
0.7029
0.70314
0.703096
0.703306
0.703541
0.703732
0.703474
0.703252
0


