0.0281173
0.0284773
0.0286033
0.028359
0.0286179
0.0286324
0.0283008
0.0278865
0.0279736
0.0280586
0.0283559
0.0277858
0.0280199
0.0282896
0.0282371
0.0280587
0.0282737
0.0282147
0.0277399
0.027601
0.0276064
0.0279805
0.0276898
0.0275013
0.027632
0.0274281
0.02761
0.027226
0.026769
0.0265803
0.027013
0.0273436
0.0272474
0.0270337
0.0269276
0.027021
0.0273999
0.0274964
0.0274561
0.027039
0.0271409
0.027442
0.0273974
0.0281851
0.0284034
0.0284623
0.0288157
0.0289962
0.0291488
0.0293696
0.0285543
0.0282827
0.028341
0.0277641
0.0274059
0.0272263
0.0268591
0.0268483
0.0275535
0.0277718
0.0277554
0.027609
0.0276502
0.027851
0.0275969
0.0276461
0.0281689
0.0282873
0.0280938
0.0284776
0.0278201
0.0282024
0.028438
0.0281965
0.0280885
0.0275976
0.0274522
0.0273239
0.0270324
0.0274663
0.02768
0.0273179
0.0281049
0.0283717
0.0283359
0.0282166
0.0284071
0.0286888
0.0285592
0.028286
0.0285654
0.0287735
0.0282903
0.0283902
0.0284547
0.0284863
0.0290983
0.0294665
0.0296276
0.0295688
0.0296064
0.0291854
0.0296297
0.029554
0.0293557
0.0296251
0.0296435
0.029809
0.0301131
0.0300891
0.0303225
0.0304462
0.0308671
0.0315061
0.0318657
0.0320391
0.0321228
0.0324787
0.0325672
0.0323169
0.0324104
0.0322081
0.0326241
0.0326342
0.0321468
0.032403
0.0323578
0.0322139
0.032106
0.0327913
0.0334027
0.0336169
0.0337193
0.0339212
0.0342467
0.034579
0.0343588
0.0343766
0.0342762
0.0336316
0.0330211
0.0328847
0.0327192
0.0326051
0.0327485
0.0325061
0.0328175
0.0326175
0.0326453
0.0327484
0.0324052
0.0321635
0.0323998
0.0323442
0.0319014
0.0316014
0.0314249
0.031814
0.0313209
0.0314457
0.0309932
0.0308974
0.0311735
0.0310962
0.0309947
0.0306733
0.0306857
0.0302414
0.0301119
0.0304705
0.0305502
0.0302301
0.030116
0.0300669
0.0306509
0.0304417
0.0302305
0.0304952
0.0305052
0.0299466
0.0303545
0.0300613
0.0301897
0.0299206
0.0299049
0.0302297
0.0297859
0.0300926
0.0300955
0.0299931
0.0305722
0.0305608
0.0303549
0.0303081
0.0296677
0.029163
0.0292014
0.0289271
0.0295225
0.0290763
0.0292617
0.0295648
0.0294749
0.0297543
0.0296067
0.0294426
0.0293403
0.028905
0.028987
0.0288422
0.0290285
0.0292319
0.0291456
0.0287372
0.0285926
0.0282768
0.028464
0.0285135
0.0283676
0.0282469
0.0284718
0.0285301
0.0285709
0.0287133
0.0281787
0.028475
0.0287256
0.0286459
0.02855
0.0280989
0.0282381
0.0281765
0.0281488
0.0282083
0.0283702
0.0286298
0.028826
0.0286586
0.0286816
0.0292672
0.0287252
0.0283965
0.0283701
0.0282559
0.0281247
0.0274672
0.0275651
0.0271425
0.0271756
0.0270532
0.0271205
0.0271467
0.0275232
0.0279142
0.0278328
0.0277503
0.0278821
0.0282689
0.0284889
0.0283914
0.0286238
0.0291821
0.0296715
0.0296
0.0291331
0.0287958
0.029077
0.0293449
0.0293698
0.0292648
0.0293899
0.0293588
0.0294784
0.0293048
0.0294611
0.0296561
0.0296778
0.0297689
0.0299541
0.0297581
0.0297628
0.029602
0.0298082
0.0301661
0.0303615
0.0300616
0.0298361
0.0299688
0.0298688
0.0299865
0.029875
0.0295917
0.0294455
0.0295279
0.0295414
0.0296683
0.0297433
0.0300971
0.0296722
0.0294796
0.0293767
0.0292989
0.0292939
0.0299164
0.0293393
0.0294578
0.0296869
0.0293089
0.0295825
0.0293224
0.0299475
0.0300811
0.0305529
0.0308457
0.0308258
0.0306737
0.0299715
0.0303397
0.0303403
0.0301108
0.0301543
0.0302135
0.02966
0.0293064
0.0294669
0.0294175
0.0298425
0.029832
0.0300677
0.0298749
0.0300349
0.030004
0.0295778
0.0296756
0.0297124
0.0305156
0.0305687
0.0306205
0.0301812
0.0301942
0.0300559
0.0298743
0.0297997
0.0296354
0.0297832
0.030094
0.0298565
0.0298588
0.0301922
0.0298447
0.0300228
0.0306387
0.0305467
0.0309844
0.0314127
0.0314172
0.0315013
0.0315606
0.0310727
0.0311993
0.0313421
0.0308946
0.0313705
0.0311182
0.0313998
0.0305604
0.0306441
0.0306509
0.0307048
0.0300306
0.0303878
0.0306866
0.0308658
0.0309763
0.0309063
0.0306194
0.0304121
0.0306144
0.0303963
0.0303652
0.0303535
0.0299394
0.0300614
0.0299768
0.0301084
0.0303356
0.0300973
0.0300894
0.0297004
0.0293144
0.0292005
0.029019
0.0291394
0.0291201
0.0290309
0.0295001
0.029536
0.02907
0.0293549
0.0297292
0.0301257
0.0299246
0.0302493
0.0302587
0.0299776
0.0300873
0.0298804
0.0296147
0.0301788
0.0299109
0.0297847
0.0296229
0.0295774
0.0295987
0.0295995
0.0294463
0.0294991
0.0295545
0.0299496
0.0297336
0.0300217
0.0299218
0.0297572
0.0299045
0.0294991
0.0295142
0.0297917
0.0301937
0.0297996
0.0291584
0.0289213
0.028225
0.0275707
0.0273719
0.0270826
0.0270714
0.0273518
0.0282264
0.0282995
0.0284113
0.0285776
0.0280863
0.0284724
0.0284499
0.0283584
0.0276338
0.0272866
0.0274033
0.0274984
0.02778
0.0278152
0.0273415
0.027375
0.0278648
0.0274085
0.0274947
0.0270368
0.0272601
0.0271941
0.027132
0.026844
0.0267449
0.02656
0.0263632
0.0262784
0.0257213
0.0259974
0.0257698
0.0264015
0.0264623
0.0261061
0.0257913
0.026079
0.0265845
0.0269871
0.0268493
0.0268942
0.027215
0.0275513
0.0275628
0.0282569
0.0286652
0.0290104
0.0286695
0.0285877
0.0287182
0.028791
0.0288862
0.0291004
0.0294164
0.0297115
0.0292889
0.0294721
0.0293004
0.029008
0.0293206
0.0291189
0.0294248
0.0296598
0.0298603
0.0298393
0.0295241
0.0300567
0.0298887
0.0296731
0.0295716
0.0296887
0.0298114
0.0297453
0.0296049
0.0291866
0.0293925
0.0292018
0.0290394
0.0289569
0.0292156
0.0293094
0.029085
0.029001
0.0293078
0.0294384
0.0291907
0.0288234
0.0284725
0.0282364
0.0282899
0.0284214
0.028688
0.0287896
0.0294167
0.0290647
0.0289408
0.0284169
0.0285238
0.0283931
0.0288363
0.028878
0.0288161
0.0291092
0.0289919
0.0286247
0.0282488
0.0280744
0.0280705
0.028115
0.0285306
0.0289743
0.0288863
0.0289557
0.0286644
0.0285469
0.0287103
0.0290147
0.0295425
0.0297638
0.0299128
0.0298556
0.0299638
0.0302627
0.0300285
0.0300053
0.0298389
0.0297039
0.0299358
0.0297131
0.0301341
0.0300856
0.0295873
0.0301494
0.0298589
0.0298867
0.0296235
0.0299731
0.0295833
0.0297393
0.0298337
0.0295453
0.029791
0.0302005
0.0300994
0.0298507
0.0294638
0.0294797
0.029468
0.0294323
0.0290229
0.028834
0.0285127
0.0287718
0.0284806
0.0283815
0.0281196
0.0280394
0.0278864
0.0282264
0.0285223
0.028564
0.0287886
0.0279168
0.0279063
0.0284863
0.0284804
0.028364
0.0282567
0.0280988
0.028228
0.028508
0.0287853
0.0292273
0.029493
0.0291796
0.0290577
0.029088
0.0291776
0.0291286
0.0288873
0.0290631
0.0293691
0.0294591
0.0294349
0.0293901
0.0293762
0.0289916
0.0291462
0.0286048
0.0290709
0.0294589
0.0294915
0.0296495
0.0294885
0.0294257
0.0290339
0.0293195
0.0294001
0.0294271
0.0297178
0.0298464
0.0296629
0.0298621
0.0298983
0.0298869
0.0300995
0.0300297
0.0303859
0.0299901
0.0296763
0.0295373
0.0292508
0.0296733
0.0294822
0.0293511
0.0292432
0.0290168
0.0294813
0.0296684
0.029938
0.0300846
0.0297649
0.0296818
0.029665
0.0305087
0.0305273
0.0306341
0.0306693
0.0308539
0.0300857
0.0298852
0.0296896
0.0297296
0.0301825
0.0302381
0.0301122
0.0298183
0.0297678
0.0299051
0.0303181
0.030529
0.0305803
0.0305855
0.030088
0.029924
0.0298398
0.0300819
0.029698
0.0294355
0.0295363
0.0292806
0.0292398
0.0289178
0.0286212
0.0287748
0.0289718
0.0292669
0.0294941
0.0293567
0.02963
0.0296306
0.0294778
0.0295786
0.0299561
0.0297112
0.0297521
0.0296524
0.0296432
0.0295713
0.0297529
0.0293909
0.02962
0.0300576
0.0299845
0.029702
0.0299329
0.0300062
0.0300802
0.0299834
0.029725
0.0296838
0.0300218
0.0303029
0.0302259
0.0302933
0.030071
0.0299841
0.0303531
0.0301692
0.029788
0.0301299
0.0298743
0.0296042
0.029904
0.0302136
0.0306234
0.0310454
0.0306214
0.0309996
0.0305927
0.030101
0.0296964
0.029889
0.0304283
0.0306095
0.0305293
0.0306047
0.0308222
0.0311856
0.0309079
0.0308097
0.0306041
0.0306489
0.0306905
0.0308618
0.0312302
0.0311702
0.0312318
0.0317808
0.0318223
0.0317678
0.0321365
0.0318592
0.0320069
0.0315042
0.0316788
0.03147
0.0312591
0.0314889
0.0313309
0.0311418
0.0313717
0.0313115
0.0313762
0.0315283
0.0311318
0.0312658
0.0308442
0.0303555
0.0313481
0.0319355
0.0314548
0.031253
0.0315392
0.0311846
0.0313811
0.0312316
0.0309343
0.0311905
0.0313738
0.0315215
0.0313788
0.0311497
0.0317324
0.0319699
0.0320456
0.032311
0.0329201
0.0332755
0.0332722
0.0332736
0.0328939
0.0326751
0.0326381
0.033227
0.0332366
0.0330659
0.0331608
0.0327947
0.0328881
0.0327984
0.0328191
0.0329791
0.0329712
0.032997
0.0333651
0.0335844
0.033717
0.0330808
0.0328126
0.03283
0.032808
0.0331132
0.0330518
0.0328687
0.0332491
0.0326521
0.0323857
0.0327182
0.0324871
0.032422
0.0323458
0.0322243
0.032526
0.0322804
0.0323143
0.0319117
0.0319371
0.0319649
0.0325412
0.0324558
0.0326492
0.0328508
0.0322616
0.0319821
0.0318798
0.0319452
0.0323539
0.0322135
0.0321906
0.0320216
0.0317802
0.0319023
0.0323981
0.032047
0.0317962
0.0321221
0.0323203
0.0325398
0.0328826
0.0325448
0.0327439
0.0324547
0.0324166
0.0320907
0.031952
0.0314936
0.0318169
0.0315461
0.0314465
0.0310146
0.0311877
0.0311705
0.0307137
0.0306116
0.0304099
0.0302973
0.0302961
0.029721
0.0297398
0.0293353
0.0296506
0.0294637
0.0293222
0.0295073
0.0295661
0.0298091
0.0297218
0.0291954
0.02918
0.0289159
0.0289355
0.0282464
0.0281181
0.0285513
0.028672
0.0290329
0.0293182
0.0287768
0.0283574
0.0283925
0.0286269
0.0283998
0.0283429
0.0283915
0.0286158
0.028524
0.0283625
0.0286386
0.0285486
0.0285968
0.0287888
0.0291424
0.0289163
0.0290643
0.0294559
0.0294319
0.0293449
0.029299
0.0290122
0.0291792
0.0294883
0.0294795
0.0289539
0.0285309
0.0285789
0.028449
0.0284332
0.0281542
0.0281486
0.0279679
0.0283994
0.0282517
0.0287998
0.0290017
0.0287539
0.0288655
0.0287375
0.0286416
0.0286861
0.0287106
0.0291033
0.0293066
0.0294391
0.0293936
0.0293907
0.029266
0.0294601
0.0290154
0.0293141
0.0293526
0.0293873
0.0294076
0.0296433
0.0297202
0.0292829
0.0293554
0.0288787
0.0288847
0.0288989
0.0288937
0.0297626
0.0300505
0.0303617
0.0306514
0.0305058
0.0302409
0.0300275
0.0306403
0.0307564
0.0312491
0.0313072
0.0309929
0.0307039
0.030293
0.0303874
0.0301116
0.0300977
0.0300113
0.0300078
0.0298496
0.0294134
0.0296923
0.029376
0.0296739
0.0290765
0.0289012
0.0288422
0.0288087
0.0286598
0.0290811
0.0292945
0.0291571
0.0292014
0.0298212
0.0298276
0.029489
0.0299842
0.0296312
0.0297675
0.0298763
0.0294164
0.0295426
0.0297797
0


