0.0251688
0.0242153
0.0242359
0.0247751
0.0246341
0.0254276
0.0246956
0.0242437
0.0242907
0.0244858
0.0244547
0.0242438
0.0239097
0.0240057
0.02425
0.0243615
0.0245954
0.0250183
0.0248756
0.0249341
0.0255463
0.0256258
0.0256708
0.0257285
0.0256186
0.0259488
0.0263133
0.0264786
0.0267742
0.0265041
0.0273549
0.0272427
0.026838
0.0270033
0.0274291
0.0269574
0.0267641
0.0275073
0.0272023
0.0279017
0.0277081
0.0274347
0.0275952
0.0278211
0.0275313
0.0267932
0.0267195
0.0265835
0.0266375
0.0263462
0.0264283
0.0273638
0.0272144
0.0267963
0.0274145
0.0270371
0.027368
0.0265779
0.0264647
0.0260372
0.0261912
0.0267199
0.0269919
0.026126
0.0257569
0.026217
0.0262674
0.0261014
0.0260068
0.0257486
0.025755
0.0256286
0.0252883
0.0251406
0.0251392
0.025149
0.0251754
0.0254337
0.0247732
0.0247388
0.0240067
0.0238359
0.0235476
0.0235302
0.0239747
0.0233583
0.0234113
0.0227657
0.0224554
0.0230633
0.0235566
0.0234948
0.0232293
0.0229295
0.0226669
0.0219595
0.0219184
0.0222181
0.0226978
0.02261
0.022382
0.0227578
0.022586
0.0231289
0.023383
0.0236822
0.0234108
0.0235855
0.023685
0.0239461
0.0241219
0.0240608
0.024336
0.0248552
0.0248676
0.0254103
0.025415
0.025578
0.0254803
0.0255278
0.0257719
0.0253797
0.0259244
0.0260177
0.025849
0.0253172
0.0258037
0.025914
0.0254292
0.0258919
0.025909
0.0254202
0.0257337
0.0261062
0.0273784
0.0275682
0.0274314
0.0280457
0.0287959
0.0287102
0.0285358
0.0285246
0.0284991
0.0279374
0.0286221
0.0283461
0.0289157
0.0283156
0.0283538
0.0288791
0.0294685
0.0296831
0.0296691
0.0290866
0.0291523
0.0294431
0.0294902
0.0296362
0.0294899
0.0295217
0.0290836
0.028697
0.0284784
0.0283787
0.0269825
0.0272018
0.0276917
0.0272239
0.0269336
0.0267736
0.0275346
0.027436
0.0274526
0.0275261
0.0270583
0.027304
0.027185
0.0268813
0.0272478
0.0267992
0.0266096
0.0264633
0.0266043
0.0263524
0.0253829
0.025484
0.0247729
0.0251101
0.0245917
0.0248821
0.0247498
0.0247857
0.0252493
0.0250851
0.0243263
0.0238807
0.024521
0.0246616
0.0238674
0.0241317
0


