0.140153
0.140063
0.139865
0.139769
0.139547
0.139666
0.139963
0.139625
0.139835
0.139761
0.139385
0.139154
0.139396
0.139236
0.139027
0.139124
0.139374
0.139559
0.139436
0.139105
0.139322
0.139337
0.139548
0.139367
0.139521
0.140046
0.140446
0.140554
0.14067
0.140972
0.140802
0.140805
0.140987
0.140498
0.140755
0.140667
0.140684
0.140549
0.141321
0.141034
0.141501
0.141728
0.141802
0.141689
0.141271
0.141364
0.141373
0.141471
0.141455
0.141725
0.141706
0.141828
0.141824
0.142031
0.141846
0.142085
0.142187
0.142068
0.142285
0.142123
0.142496
0.142172
0.142529
0.142202
0.142247
0.142071
0.14241
0.142138
0.142679
0.142608
0.142827
0.142886
0.143139
0.14296
0.143308
0.143079
0.142645
0.142656
0.142807
0.143004
0.143075
0.143291
0.143288
0.143359
0.143443
0.143555
0.143412
0.143614
0.143309
0.143371
0.143378
0.143076
0.142853
0.142534
0.142587
0.142352
0.142274
0.142687
0.142548
0.142189
0.142352
0.142098
0.141989
0.142056
0.142277
0.142349
0.14213
0.142475
0.142714
0.142669
0.142463
0.142827
0.142593
0.142744
0.142603
0.142597
0.142582
0.142539
0.142158
0.142053
0.142169
0.142196
0.142002
0.142081
0.142256
0.142663
0.142634
0.142653
0.142289
0.142441
0.141873
0.141885
0.141451
0.141729
0.141833
0.141619
0.141409
0.141788
0.141963
0.142268
0.141697
0.141282
0.141181
0.14089
0.141143
0.141031
0.140893
0.140993
0.141076
0.140998
0.141265
0.141239
0.141125
0.141398
0.141269
0.141391
0.1417
0.141857
0.142237
0.142025
0.142008
0.142034
0.142452
0.142596
0.142752
0.142604
0.143077
0.143022
0.142751
0.142742
0.14271
0.142491
0.142416
0.142414
0.142171
0.142343
0.142474
0.142487
0.142597
0.141872
0.142043
0.142084
0.142242
0.142341
0.142202
0.142096
0.142113
0.142151
0.142042
0.142338
0.142398
0.141977
0.142591
0.142288
0.142479
0.14239
0.142471
0.142906
0.143595
0.143255
0.143226
0.143026
0.14331
0.143429
0.143264
0.143495
0.143536
0.143487
0.143823
0.143688
0.143981
0.143675
0.143663
0.14351
0.143916
0.14379
0.143726
0.144036
0.143986
0.143855
0.143767
0.144481
0.14445
0.144713
0.144615
0.144681
0.144059
0.144183
0.143931
0.144061
0.143942
0.143926
0.143894
0.143779
0.143946
0.143901
0.143984
0.144
0.144313
0.143932
0.144193
0.14479
0.145095
0.145026
0.144647
0.144887
0.145014
0.14506
0.14505
0.144876
0.145196
0.145108
0.14522
0.145757
0.145365
0.14539
0.145587
0.145128
0.145417
0.145037
0.145183
0.145411
0.145632
0.145537
0.144895
0.144543
0.145079
0.145439
0.145522
0.145371
0.145248
0.145564
0.145836
0.14597
0.146422
0.146826
0.146635
0.146659
0.146729
0.146464
0.146309
0.146253
0.146232
0.146237
0.146834
0.147353
0.147634
0.147531
0.147328
0.147335
0.147335
0.147642
0.147935
0.148585
0.148701
0.148961
0.148836
0.148656
0.149006
0.149491
0.149376
0.149956
0.150103
0.149929
0.149713
0.149873
0.150155
0.150086
0.149736
0.14963
0.149569
0.149722
0.149586
0.149484
0.149864
0.150106
0.150375
0.150203
0.150398
0.150467
0.150273
0.150353
0.150297
0.149995
0.150021
0.149997
0.150279
0.150031
0.150304
0.150377
0.150213
0.150009
0.150116
0.150151
0.150147
0.150284
0.149971
0.149824
0.150221
0.150101
0.149929
0.149453
0.14959
0.149839
0.150043
0.149788
0.150016
0.150528
0.150648
0.150334
0.150633
0.150546
0.150816
0.150511
0.150228
0.150438
0.150277
0.150184
0.150132
0.149946
0.150076
0.149867
0.14966
0.149668
0.149526
0.149803
0.149577
0.148932
0.148822
0.149038
0.149162
0.149202
0.149563
0.149645
0.149415
0.149353
0.149237
0.148787
0.148494
0.14828
0.148049
0.148129
0.148308
0.148431
0.148256
0.147975
0.14804
0.148411
0.14795
0.147801
0.14768
0.147674
0.148201
0.148402
0.148222
0.14796
0.147875
0.147488
0.147905
0.148439
0.148067
0.148204
0.148546
0.148742
0.148622
0.148822
0.149298
0.148904
0.149413
0.149181
0.149455
0.149359
0.149486
0.14962
0.149797
0.15012
0.150368
0.150444
0.150434
0.150407
0.149891
0.149918
0.149929
0.149882
0.15016
0.150306
0.150055
0.150396
0.150623
0.150847
0.15119
0.151155
0.150687
0.151036
0.151072
0.150869
0.151392
0.151583
0.151784
0.151425
0.151744
0.151647
0.151875
0.152134
0.152045
0.152287
0.152268
0.152611
0.152812
0.152429
0.152324
0.152286
0.152489
0.152595
0.152852
0.153201
0.153369
0.153687
0.153475
0.15404
0.154178
0.154084
0.153871
0.153618
0.153519
0.153616
0.15333
0.153754
0.153857
0.154118
0.154025
0.15387
0.154044
0.154607
0.154373
0.154104
0.153907
0.154428
0.154218
0.15388
0.153703
0.153495
0.153648
0.153624
0.153297
0.153117
0.153361
0.153713
0.153304
0.15338
0.153321
0.153284
0.153632
0.153443
0.153719
0.15396
0.153847
0.15416
0.15398
0.153667
0.153504
0.153639
0.15383
0.153797
0.153475
0.153667
0.153152
0.153267
0.1532
0.153242
0.153153
0.153236
0.153289
0.152667
0.152637
0.152528
0.152567
0.152541
0.152224
0.152301
0.152268
0.151963
0.152314
0.152029
0.151705
0.151811
0.151878
0.151996
0.152009
0.152256
0.152445
0.152489
0.152199
0.1517
0.151684
0.1514
0.151318
0.1514
0.15127
0.151297
0.150784
0.150619
0.150886
0.150195
0.150854
0.150817
0.150945
0.151329
0.151358
0.15086
0.150795
0.15057
0.150746
0.150739
0.150716
0.150572
0.150825
0.150822
0.150767
0.150626
0.150351
0.150674
0.15074
0.150772
0.151163
0.151333
0.151243
0.151347
0.151294
0.151107
0.151172
0.151052
0.150814
0.151182
0.15145
0.15169
0.152011
0.15188
0.152067
0.152262
0.152493
0.15201
0.152671
0.152751
0.152603
0.152046
0.151859
0.152065
0.151753
0.151362
0.151348
0.151227
0.151236
0.15138
0.151197
0.151545
0.151442
0.1515
0.152042
0.15189
0.151602
0.151554
0.151701
0.15138
0.151448
0.151607
0.151558
0.151715
0.151289
0.151551
0.151611
0.151859
0.151945
0.151829
0.151788
0.151961
0.151829
0.15164
0.15194
0.152273
0.152118
0.152339
0.152496
0.152396
0.152224
0.152265
0.15248
0.152266
0.152211
0.152119
0.152216
0.152748
0.152838
0.15257
0.152693
0.152371
0.152006
0.15209
0.152519
0.152271
0.15223
0.152117
0.151973
0.151841
0.151905
0.152203
0.152455
0.152179
0.152354
0.1522
0.152485
0.152325
0.151992
0.151855
0.151996
0.151559
0.151192
0.151734
0.1518
0.151869
0.152109
0.151973
0.151579
0.15181
0.151801
0.151702
0.151831
0.15187
0.151486
0.151687
0.151825
0.151267
0.150653
0.150318
0.150652
0.150666
0.150998
0.150932
0.150634
0.150567
0.150567
0.150523
0.150362
0.150302
0.15047
0.150225
0.150368
0.149851
0.150156
0.150668
0.151068
0.15136
0.151207
0.151058
0.15085
0.150617
0.150141
0.150269
0.149925
0.150124
0.15013
0.150018
0.149646
0.150003
0.149663
0.149846
0.149898
0.149825
0.149638
0.149581
0.14983
0.150332
0.150685
0.151224
0.1509
0.150262
0.150374
0.150392
0.150509
0.150191
0.149738
0.150112
0.149783
0.149951
0.150165
0.150506
0.150354
0.150448
0.150242
0.150331
0.150306
0.150229
0.15031
0.150277
0.149873
0.150047
0.150308
0.150521
0.150716
0.151055
0.151061
0.151418
0.151509
0.151458
0.151595
0.151847
0.15198
0.151952
0.151636
0.151535
0.151217
0.151359
0.151425
0.151446
0.151506
0.151952
0.151888
0.151594
0.151628
0.15203
0.152382
0.15224
0.152338
0.15189
0.151835
0.151551
0.151699
0.151837
0.15168
0.151767
0.151999
0.151813
0.151994
0.152047
0.15236
0.152226
0.152677
0.152708
0.152358
0.152643
0.152555
0.152539
0.152701
0.153003
0.153053
0.152693
0.152542
0.152642
0.152352
0.152183
0.152406
0.152142
0.151918
0.151695
0.152284
0.152381
0.152565
0.152817
0.152416
0.152988
0.152823
0.152965
0.153381
0.153397
0.154094
0.154128
0.153849
0.154007
0.154198
0.154201
0.154958
0.154904
0.155075
0.154846
0.154976
0.155321
0.15592
0.15526
0.154722
0.15455
0.154641
0.154572
0.154787
0.154962
0.155115
0.154448
0.154785
0.154749
0.154546
0.154525
0.15446
0.154312
0.154698
0.154568
0.15537
0.155098
0.155294
0.155151
0.155156
0.154787
0.154706
0.154812
0.154764
0.155025
0.155083
0.154898
0.154771
0.154703
0.154395
0.154761
0.154969
0.154984
0.154975
0.154856
0.15484
0.155125
0.155131
0.155286
0.155223
0.155141
0.154778
0.154571
0.154838
0.154909
0.154595
0.154451
0.154561
0.154442
0.15398
0.154502
0.154878
0.155269
0.155418
0.155539
0.154932
0.154837
0.155401
0.15537
0.155076
0.155223
0.154919
0.155128
0.155526
0.154877
0.154844
0.154875
0.155043
0.155098
0.154972
0.154751
0.154399
0.154227
0.154269
0.154334
0.154423
0.154087
0.154099
0.154065
0.153692
0.154092
0.1544
0.154274
0.153845
0.153985
0.15381
0.154296
0.154307
0.154558
0.154624
0.154752
0.154559
0.154946
0.15519
0.154602
0.154899
0.155175
0.155451
0.155248
0.155607
0.155622
0.155813
0.155709
0.156101
0.15622
0.155961
0.155484
0.155788
0.155741
0.15611
0.155741
0.155854
0.155733
0.155534
0.155394
0.15546
0.155405
0.155111
0.154854
0.155115
0.155278
0.154933
0.155191
0.154913
0.154912
0.154914
0.15501
0.155307
0.155583
0.155503
0.155346
0.154918
0.154956
0.154703
0.154943
0.154931
0.154904
0.155295
0.155515
0.155644
0.155442
0.155564
0.155564
0.155637
0.155671
0.155882
0.155905
0.156135
0.155892
0.156274
0.156126
0.155799
0.155568
0.15574
0.155803
0.15617
0.156378
0.156486
0.156497
0.15643
0.156226
0.156053
0.156396
0.156626
0.156027
0.156317
0.156585
0.156698
0.156341
0.156449
0.156538
0.156678
0.156457
0.156476
0.156341
0.156527
0.156236
0.156103
0.155181
0.155624
0.155822
0


