0.541014
0.540701
0.540327
0.538892
0.540014
0.540582
0.540563
0.540006
0.540017
0.540222
0.540953
0.540458
0.539923
0.540202
0.539391
0.539791
0.540608
0.540529
0.541998
0.542554
0.543083
0.543789
0.544471
0.543704
0.545153
0.54577
0.544627
0.543759
0.542545
0.540682
0.541723
0.54156
0.542003
0.541402
0.541886
0.541302
0.540068
0.540767
0.541202
0.541119
0.541553
0.540629
0.543043
0.542094
0.542894
0.542228
0.542006
0.542445
0.543496
0.544807
0.544054
0.542796
0.543823
0.543481
0.545239
0.545536
0.545577
0.544422
0.544864
0.545321
0.54552
0.545598
0.545961
0.546318
0.54675
0.546209
0.545506
0.544225
0.543901
0.544384
0.544787
0.546695
0.546036
0.545974
0.545337
0.546258
0.547196
0.547643
0.548113
0.547921
0.54797
0.547736
0.548737
0.549508
0.549482
0.548374
0.547608
0.54725
0.547721
0.547849
0.547379
0.547785
0.54736
0.546472
0.545442
0.545509
0.546034
0.545165
0.5455
0.544977
0.54458
0.54468
0.545302
0.5447
0.54444
0.544738
0.544867
0.544862
0.544996
0.545134
0.544169
0.544023
0.545474
0.544421
0.544121
0.543399
0.542925
0.542678
0.542711
0.543701
0.544329
0.544845
0.545728
0.545307
0.545699
0.546162
0.546262
0.546708
0.54548
0.546345
0.546968
0.545839
0.544999
0.544027
0.545185
0.544377
0.54517
0.545052
0.544124
0.544715
0.546035
0.545381
0.544424
0.544284
0.54325
0.542741
0.543811
0.544042
0.545463
0.544806
0.544843
0.544942
0.545516
0.544217
0.544326
0.543479
0.543974
0.543984
0.543491
0.544319
0.544691
0.544924
0.544885
0.545056
0.545252
0.544641
0.545099
0.544656
0.544592
0.544193
0.544253
0.542599
0.543142
0.544063
0.544798
0.544263
0.543584
0.543408
0.54461
0.545002
0.544856
0.544765
0.544877
0.544544
0.543998
0.544297
0.544834
0.544561
0.544241
0.543461
0.543049
0.544054
0.544339
0.543687
0.543905
0.544372
0.544205
0.544411
0.544933
0.544873
0


