0.666069
0.666241
0.665177
0.665641
0.665121
0.66556
0.665998
0.666486
0.666735
0.667436
0.667256
0.667183
0.668687
0.669068
0.668476
0.668804
0.669199
0.668266
0.667882
0.668637
0.668317
0.667786
0.666956
0.66717
0.667756
0.666785
0.666908
0.665974
0.665391
0.664941
0.665763
0.665948
0.665484
0.665191
0.665495
0.665538
0.665601
0.665979
0.66577
0.666185
0.666262
0.665856
0.666128
0.666876
0.666632
0.66638
0.666021
0.665622
0.666148
0.666287
0.66649
0.667208
0.667365
0.667074
0.667185
0.666912
0.666196
0.665865
0.665861
0.665028
0.664881
0.665513
0.66556
0.666072
0.665957
0.665932
0.666592
0.666715
0.665805
0.665785
0.666133
0.665883
0.666103
0.666347
0.666589
0.666542
0.666968
0.667617
0.667422
0.667389
0.666764
0.665905
0.665563
0.666489
0.666255
0.665727
0.665333
0.665667
0.665826
0.665562
0.665856
0.665667
0.665632
0.666003
0.666338
0.666126
0.665931
0.665441
0.665414
0.665489
0.664893
0.664966
0.664359
0.663939
0.664521
0.664112
0.664271
0.665009
0.666004
0.66621
0.666475
0.666686
0.666381
0.666502
0.667069
0.666843
0.666222
0.666028
0.665896
0.665887
0.666351
0.66631
0.666669
0.665939
0.666582
0.666754
0.666934
0.666535
0.665299
0.665134
0.664661
0.666067
0.666616
0.665765
0.665511
0.665102
0.665644
0.666579
0.666851
0.666605
0.666883
0.666101
0.666497
0.666409
0.667107
0.666149
0.666518
0.667025
0.667197
0.667322
0.666723
0.666226
0.665668
0.665738
0.665589
0.665327
0.664758
0.664508
0.664947
0.664332
0.664802
0.663687
0.663851
0.66425
0.664349
0.664178
0.663858
0.663524
0.663022
0.663797
0.664168
0.664672
0.664923
0.666278
0.666422
0.665979
0.665234
0.665435
0.664974
0.664304
0.663725
0.663261
0.663562
0.663438
0.664098
0.663857
0.664113
0.664521
0.664465
0.664215
0.664044
0.663876
0.664211
0.663869
0.664103
0.663645
0.664045
0.664068
0.664857
0.665119
0


