0.286271
0.284877
0.287034
0.287739
0.286134
0.291373
0.297278
0.289404
0.287304
0.28658
0.282177
0.283574
0.279821
0.281855
0.284037
0.281723
0.282262
0.287945
0.290916
0.29089
0.28442
0.289133
0.286395
0.281998
0.278417
0.276772
0.276411
0.276731
0.277878
0.28113
0.279735
0.275373
0.273956
0.271166
0.275619
0.274009
0.271966
0.274418
0.274527
0.277787
0.277315
0.279403
0.279286
0.28326
0.286238
0.289189
0.292151
0.294867
0.294655
0.293098
0.296454
0.293608
0.288234
0.285711
0.286105
0.28727
0.290642
0.291097
0.292426
0.288972
0.283018
0.282619
0.284751
0.28772
0.290515
0.28882
0.288632
0.288858
0.289146
0.28837
0.290621
0.294711
0.290772
0.292095
0.292361
0.291904
0.296164
0.29573
0.296466
0.295775
0.296763
0.296181
0.301191
0.302955
0.303863
0.30133
0.310214
0.316011
0.312301
0.308265
0.301894
0.299412
0.29685
0.292454
0.28929
0.291141
0.291274
0.290802
0.287796
0.281743
0.279695
0.284799
0.284518
0.287164
0.288362
0.291459
0.290561
0.288288
0.287575
0.288477
0.297797
0.301062
0.302528
0.298282
0.295129
0.293993
0.295297
0.290627
0.29257
0.292355
0.28775
0.291011
0.294658
0.298132
0.298786
0.298782
0.30026
0.295916
0.295919
0.295419
0.29153
0.297123
0.293199
0.293964
0.297034
0.29392
0.291691
0.292354
0.296159
0.294824
0.294672
0.287398
0.289944
0.293585
0.29392
0.292193
0.291254
0.295114
0.294429
0.294893
0.299393
0.2937
0.28795
0.283936
0.282505
0.278924
0.27756
0.27925
0.277723
0.277526
0.279072
0.282849
0.285157
0.28423
0.282601
0.280915
0.281053
0.284629
0.288741
0.288784
0.288093
0.288898
0.291709
0.291681
0.29325
0.290448
0.290156
0.294022
0.291843
0.290294
0.292437
0.288473
0.290738
0.285559
0.283959
0.283443
0.282986
0.277656
0.280777
0.277957
0.277908
0.279077
0.281009
0.277583
0.276565
0.274217
0.272794
0.269388
0.26871
0.262908
0


