916
894
906
894
856
842
836
876
900
890
866
886
878
872
922
882
892
870
876
862
882
860
864
886
862
882
862
850
878
858
872
828
788
800
774
760
778
776
788
770
772
842
800
820
838
848
882
898
864
844
828
820
860
828
870
884
886
896
886
880
886
878
868
876
868
888
856
828
822
830
838
840
822
804
818
824
822
854
866
876
862
860
884
866
862
870
866
850
834
892
886
886
886
870
912
894
884
894
888
882
868
868
840
848
886
850
886
876
888
900
896
852
832
860
858
868
866
850
862
880
888
886
906
916
902
904
892
862
868
872
906
908
926
902
882
874
878
876
832
826
832
776
766
800
846
872
856
848
880
904
880
888
868
832
854
890
876
886
866
820
848
812
788
810
778
788
808
814
832
872
850
858
888
912
898
878
858
838
858
898
860
886
876
854
852
824
852
916
870
852
848
842
884
892
856
832
828
878
878
860
830
812
788
810
788
760
752
804
792
774
742
756
766
834
814
838
846
824
806
754
798
766
784
822
846
830
838
800
812
810
816
848
786
732
754
772
782
768
744
752
802
798
838
814
820
832
802
794
796
814
836
848
856
860
878
868
846
858
850
850
852
844
888
894
876
882
860
872
806
790
828
846
850
850
840
830
840
844
812
798
780
792
860
870
884
852
818
854
850
850
898
880
864
878
870
858
860
840
832
852
846
860
862
844
800
812
812
806
812
808
802
806
872
862
872
864
854
842
850
816
820
828
810
802
816
802
790
826
814
804
830
828
856
818
816
836
814
828
784
804
830
844
824
836
836
826
842
850
860
844
848
846
906
884
882
860
840
866
884
888
886
854
840
834
864
868
872
860
852
860
860
870
908
912
918
896
856
854
854
834
854
852
826
846
874
846
864
826
852
872
870
890
864
880
874
866
874
866
900
860
842
830
796
792
822
816
820
834
822
826
832
804
828
788
788
800
824
802
798
790
742
738
738
770
756
752
760
796
786
778
842
806
808
840
864
846
838
854
846
824
880
886
898
884
876
888
874
876
876
854
826
844
852
834
842
824
806
778
802
816
770
762
776
744
734
778
784
776
812
846
856
868
834
830
820
818
872
862
862
896
884
872
878
846
850
882
874
874
874
854
840
806
838
864
886
906
908
884
870
886
866
894
890
870
820
832
878
910
922
904
892
880
886
886
900
882
848
842
838
838
846
852
844
844
838
798
796
814
866
828
842
850
866
916
928
934
900
868
890
888
886
884
904
902
910
900
898
874
876
876
854
846
826
790
768
762
740
754
734
738
764
716
738
726
754
784
796
796
802
830
816
770
710
710
732
786
798
812
790
782
758
768
766
814
786
794
812
844
836
862
850
826
802
794
794
790
798
832
850
832
842
854
838
828
844
826
850
898
914
896
914
908
920
928
928
944
906
892
894
912
900
910
906
960
920
956
918
902
898
910
888
870
854
850
844
830
804
784
766
804
788
796
780
788
758
718
746
726
702
700
706
722
714
672
630
638
670
674
646
644
636
654
648
692
706
690
684
660
704
686
686
692
768
776
706
692
730
760
726
744
744
750
714
696
660
638
660
662
712
716
758
738
740
728
712
714
770
794
864
860
872
834
804
826
784
790
784
816
830
834
800
784
754
802
812
838
824
846
892
884
888
900
904
904
892
918
876
866
846
822
830
810
802
788
766
782
774
726
720
758
736
724
722
738
770
804
802
780
766
768
752
778
812
824
804
778
774
738
784
796
818
866
846
822
836
816
810
822
844
794
820
860
822
800
802
780
780
790
772
774
796
816
808
800
820
790
792
810
822
840
826
798
802
764
756
698
760
754
744
730
736
700
734
740
724
726
752
750
712
720
728
740
748
748
686
682
664
634
668
700
662
642
676
682
746
776
784
788
782
788
784
780
780
810
804
770
772
804
842
824
834
878
846
876
892
900
912
920
924
942
942
942
882
874
876
916
898
894
878
898
874
868
826
824
864
904
886
882
874
884
878
896
916
924
912
896
890
890
908
908
902
900
876
868
834
846
858
852
822
856
866
896
870
882
882
852
866
880
884
902
890
880
870
866
906
870
882
840
842
866
836
792
782
762
786
788
792
784
764
806
800
768
764
702
750
786
808
822
836
858
848
874
880
860
824
858
848
870
898
884
878
830
834
864
818
848
868
888
882
850
828
820
808
838
858
830
830
836
806
784
778
828
830
820
828
822
824
776
796
722
722
698
722
754
736
786
768
720
736
768
794
824
860
880
846
854
796
842
854
812
802
806
822
820
840
886
880
852
848
840
882
862
864
842
842
848
854
826
844
824
828
842
820
830
842
876
870
862
880
872
858
866
894
898
894
894
880
918
880
876
896
874
850
860
848
830
852
852
812
818
830
834
834
826
814
844
878
900
870
870
872
890
850
864
860
858
840
828
812
800
796
840
848
836
828
830
832
840
858
870
874
836
868
898
902
886
872
854
900
876
878
876
846
830
818
790
764
780
764
842
862
850
836
846
840
840
836
826
798
798
810
818
822
802
838
830
830
846
836
830
836
840
806
786
790
802
794
812
788
784
768
758
774
778
764
760
762
772
774
750
728
718
752
758
728
762
750
738
754
758
762
774
750
718
742
784
772
752
744
748
770
738
676
730
738
786
830
844
818
808
758
754
764
756
760
758
764
790
780
788
738
772
796
756
770
764
786
798
798
780
810
798
864
858
852
840
808
794
832
850
852
868
848
858
854
840
820
796
752
802
790
768
764
738
730
742
730
760
758
762
776
794
778
790
732
712
684
710
710
718
712
674
664
654
656
700
704
718
676
672
676
668
680
704
714
698
668
638
612
628
638
620
588
580
564
564
584
604
632
656
654
700
724
726
714
718
766
780
784
766
746
704
674
662
664
728
736
786
770
768
794
792
794
830
854
850
852
836
848
874
890
900
888
886
862
848
824
832
858
828
850
872
918
896
890
910
880
852
852
836
846
834
840
834
826
836
834
886
862
894
896
866
862
856
856
836
834
810
826
804
782
788
778
796
804
818
790
824
828
820
788
782
772
746
696
718
704
688
668
680
676
668
676
666
686
682
678
710
758
712
780
772
792
766
758
780
818
812
802
798
808
786
816
810
790
784
820
830
830
814
812
804
806
818
822
814
830
812
806
820
802
866
864
866
864
850
842
874
844
838
846
864
838
824
848
842
806
812
776
830
850
858
860
890
898
888
906
890
884
886
876
858
874
874
896
886
898
900
920
918
934
910
906
930
874
932
888
914
908
920
912
932
910
938
934
896
872
882
876
916
876
868
854
816
836
874
858
850
816
768
774
786
832
848
816
810
814
782
758
790
816
778
738
736
736
754
746
766
758
770
772
794
786
780
756
772
802
798
802
790
804
822
852
838
838
852
886
874
840
832
838
860
834
820
792
804
784
744
744
800
838
838
842
842
816
758
778
776
732
714
668
628
632
632
618
634
664
700
708
720
728
722
704
712
732
744
726
702
712
692
714
730
734
752
712
742
776
804
804
778
836
814
758
780
792
790
786
738
768
764
788
782
722
766
778
752
774
756
726
710
740
714
692
698
724
732
758
768
790
778
802
820
802
834
782
818
810
814
802
844
816
802
764
784
746
728
796
788
824
824
786
766
748
734
748
764
782
802
812
796
770
770
800
786
790
782
772
784
824
820
822
818
838
812
798
810
806
798
810
800
796
782
754
752
752
756
744
800
834
818
820
786
784
768
768
730
738
772
796
810
826
796
770
730
722
740
722
754
768
758
752
784
786
816
796
826
786
786
808
778
762
788
782
814
856
890
848
834
860
880
874
824
878
842
820
834
846
832
818
818
826
814
846
838
832
842
882
882
842
816
840
854
858
868
816
808
796
802
820
822
810
794
776
758
722
734
744
744
718
710
676
694
690
674
654
654
652
646
672
658
658
676
666
638
604
560
564
566
570
604
600
576
594
632
614
572
562
556
560
602
604
634
616
640
638
612
618
578
580
524
484
478
422
472
492
530
472
520
486
504
514
570
598
580
618
618
628
606
630
638
648
658
688
684
690
648
666
684
678
654
692
654
646
604
586
620
642
618
660
640
652
650
662
680
672
660
670
638
650
628
648
626
610
606
626
618
646
652
660
668
672
702
752
724
790
846
820
796
802
768
742
726
736
720
720
786
790
838
852
840
804
822
832
832
878
884
876
822
820
848
848
860
838
852
862
842
830
832
814
810
832
810
812
804
792
764
750
732
690
686
632
646
660
678
688
676
682
698
728
752
776
760
746
748
760
806
812
786
768
770
736
750
712
742
760
750
722
730
708
666
680
642
654
632
636
640
642
702
694
706
752
776
780
734
728
720
744
740
762
762
792
804
836
838
854
870
872
900
902
910
902
870
872
858
858
870
848
824
818
846
878
872
858
864
856
800
796
730
742
696
678
688
662
662
692
690
730
738
724
712
716
690
698
710
706
680
664
642
634
614
622
628
582
550
562
572
558
590
612
626
608
594
598
584
600
656
656
658
692
654
708
708
702
710
686
678
694
726
734
740
766
742
718
730
718
722
726
710
696
674
