722
656
682
670
610
606
594
622
644
696
666
678
670
660
626
618
620
586
642
666
674
652
664
678
676
688
714
690
668
708
698
668
658
670
668
684
666
670
686
680
658
662
688
690
706
696
672
654
700
688
704
710
684
672
674
636
732
730
720
734
712
688
658
642
668
680
628
626
608
654
670
722
718
754
764
692
678
686
700
700
754
752
758
792
782
790
814
796
784
752
772
770
778
766
782
780
760
734
752
766
784
766
788
798
832
834
822
842
852
872
844
844
824
854
854
846
858
862
846
820
780
792
778
734
724
682
654
706
726
738
758
752
770
752
828
832
842
838
876
862
846
846
812
798
830
832
852
836
808
804
806
772
846
800
794
762
742
744
728
756
772
770
742
750
718
740
724
726
750
746
792
794
838
842
802
764
760
784
810
802
798
816
854
848
870
838
834
828
818
812
804
830
812
822
836
796
814
846
854
844
826
802
762
726
752
728
738
732
756
772
772
764
760
728
712
746
684
672
626
686
648
672
650
706
678
666
670
648
638
652
680
688
660
644
658
622
576
564
548
542
538
526
516
540
512
572
564
616
668
654
690
666
736
716
674
658
622
636
642
632
602
580
598
552
564
518
524
560
540
496
502
486
484
472
422
394
400
428
408
432
462
446
484
514
440
452
480
490
514
504
554
530
560
532
552
532
484
464
430
482
448
450
466
408
388
352
368
362
330
336
354
340
366
386
392
350
364
412
392
416
430
478
510
492
576
574
546
540
472
474
410
396
372
380
422
350
378
394
374
394
390
394
462
474
462
420
402
416
410
434
418
444
434
494
504
484
414
362
378
390
324
370
374
336
332
372
378
364
368
376
360
408
448
444
432
458
482
452
486
446
434
468
536
564
600
560
582
564
544
516
540
564
590
586
608
644
606
616
620
670
674
706
736
728
734
740
682
654
642
628
672
696
684
706
718
730
710
696
680
684
674
674
692
682
710
664
716
688
700
694
666
674
682
680
674
702
676
664
640
630
658
666
648
616
648
654
618
580
600
560
560
564
606
594
580
604
620
600
606
636
628
610
630
632
656
652
630
632
644
682
680
656
640
606
568
528
518
510
506
558
546
572
596
556
562
576
616
658
646
656
682
758
802
826
828
818
762
754
724
732
750
724
756
752
700
756
794
784
778
802
792
832
816
764
772
762
728
766
798
812
788
788
748
776
746
750
748
744
766
712
722
742
742
766
792
776
816
800
816
852
874
890
884
836
852
872
842
854
862
834
838
844
824
812
764
776
780
732
760
772
768
784
730
762
774
806
822
826
800
812
782
804
818
798
796
802
776
770
734
780
804
822
816
734
762
766
784
750
720
678
642
612
654
694
664
708
738
764
784
758
752
762
786
796
770
766
784
758
726
694
682
736
746
800
798
814
808
806
806
810
794
780
790
832
838
854
858
842
812
806
830
804
814
816
786
750
734
744
724
730
748
750
776
750
776
754
774
786
804
824
800
786
796
794
788
776
798
810
822
860
866
836
790
790
784
832
836
844
828
818
776
790
826
814
806
794
782
816
740
692
682
652
682
718
736
722
776
756
720
802
818
770
782
754
732
702
704
698
630
650
712
674
680
642
618
648
678
704
692
712
678
686
674
678
734
760
774
758
768
804
792
818
792
796
804
816
814
792
760
752
740
724
728
724
724
724
750
748
746
802
818
802
782
790
754
774
786
806
786
776
774
778
800
786
732
710
696
710
746
780
808
766
756
722
782
760
740
724
686
702
696
626
662
684
684
702
704
706
702
720
690
704
686
674
664
674
744
752
786
798
768
764
770
782
768
790
786
818
772
796
834
836
836
816
842
792
770
754
778
798
802
830
858
824
826
786
740
746
764
786
780
810
864
834
804
764
762
752
730
770
718
780
710
706
748
754
728
692
692
712
662
708
670
730
710
738
796
802
810
800
786
768
772
768
742
748
768
764
776
766
768
774
766
724
732
744
708
734
742
760
814
776
812
838
876
876
850
830
788
772
764
758
742
724
762
728
674
680
636
652
622
700
710
774
808
818
788
808
796
808
836
832
802
778
790
788
824
792
812
846
828
818
826
828
770
778
778
806
750
754
772
782
806
798
758
780
778
704
706
676
704
722
726
710
680
700
720
738
754
760
702
726
686
696
710
774
778
792
790
786
832
784
728
738
754
756
768
814
808
732
734
712
684
664
638
584
570
558
580
588
584
590
556
570
554
564
596
546
552
594
558
584
572
552
584
546
538
520
508
478
440
520
502
492
488
456
454
482
432
404
400
386
362
372
368
316
344
370
380
402
408
402
398
350
336
284
290
318
340
362
366
362
392
364
352
328
320
334
316
256
252
288
260
220
240
224
222
158
162
172
100
122
136
142
158
148
146
124
156
160
154
194
252
264
266
262
260
252
312
284
264
228
190
180
164
178
216
184
178
136
134
106
132
122
110
156
118
116
118
66
40
22
40
32
108
66
50
60
32
14
26
2
40
68
76
128
148
174
146
152
138
126
84
106
112
112
86
72
82
126
104
108
70
128
140
84
50
46
66
88
114
150
136
142
182
172
132
124
106
116
198
204
238
196
128
90
86
52
110
124
112
90
146
118
194
166
168
210
166
152
118
82
98
148
198
180
218
204
178
164
154
230
184
208
206
234
218
210
226
214
184
130
144
168
158
192
194
198
226
186
184
236
274
250
220
170
170
174
168
184
232
252
240
276
290
306
306
306
296
254
310
326
340
384
390
462
488
514
528
504
520
582
630
576
602
622
666
674
662
652
620
576
608
582
564
578
618
626
648
696
668
670
662
658
692
660
636
588
566
544
600
632
626
640
628
664
676
676
710
728
682
656
656
638
690
628
626
586
550
552
578
576
596
636
610
620
602
636
604
578
568
546
544
518
516
470
510
538
542
562
564
576
574
596
570
578
650
596
616
616
584
616
628
638
664
694
664
678
662
644
630
684
652
660
634
620
644
618
610
584
562
540
538
508
544
502
462
446
408
454
456
490
524
494
516
550
586
554
544
592
594
628
618
582
606
624
612
616
642
704
730
734
748
730
700
726
782
780
808
806
776
734
704
742
736
722
734
742
770
766
760
778
824
828
814
818
802
800
882
848
844
802
778
774
760
782
800
820
858
812
830
840
844
820
830
806
790
788
808
802
810
802
812
792
824
810
824
834
832
858
812
796
794
800
784
764
782
760
760
764
772
752
772
784
770
758
716
662
640
610
610
620
560
554
590
520
526
490
502
490
474
492
438
440
404
424
442
436
442
430
448
430
402
432
384
432
472
474
442
418
438
456
426
464
492
516
510
556
588
558
450
472
504
450
472
438
442
456
446
402
380
410
380
376
376
346
304
302
278
324
334
318
344
368
278
276
228
192
172
192
126
110
86
124
122
118
134
56
36
54
84
130
88
60
46
4
28
20
88
16
36
70
78
98
120
124
146
156
126
162
178
174
216
168
166
140
172
192
222
266
242
266
310
308
316
314
326
336
366
390
356
376
378
356
410
410
404
426
452
434
430
400
374
368
376
370
382
366
380
390
386
340
334
334
350
382
324
274
236
234
200
188
194
174
158
160
168
158
154
182
174
190
178
184
170
164
162
144
154
164
170
178
122
122
144
146
116
108
128
160
180
226
146
84
94
106
126
74
50
2
0
2
40
90
96
146
182
240
228
204
192
134
164
170
210
212
216
166
162
130
130
106
106
92
92
130
150
128
160
194
168
166
108
100
118
198
248
222
272
336
326
300
306
326
344
330
286
330
306
322
372
352
374
424
410
444
436
422
442
410
406
464
468
520
566
562
582
596
618
636
642
652
642
608
588
592
610
590
560
540
502
512
500
484
512
484
486
494
566
574
550
560
552
524
506
522
512
478
506
506
550
538
536
568
532
544
512
532
508
504
494
508
522
498
468
472
482
452
512
492
502
524
528
532
536
576
568
558
554
616
624
682
712
702
690
622
626
636
632
680
722
684
672
760
740
764
792
790
756
750
722
708
710
746
772
780
766
770
748
702
744
716
696
710
722
728
734
722
744
744
762
786
758
752
762
700
676
710
706
732
702
660
654
644
636
590
602
612
618
624
610
568
600
582
596
606
624
648
700
662
642
684
676
664
672
642
674
678
672
670
670
676
758
760
724
720
736
748
754
704
690
692
712
668
652
636
648
626
594
580
544
502
522
484
500
508
528
524
524
516
508
496
528
500
470
490
490
464
452
416
460
486
446
408
368
358
410
398
376
334
340
284
276
232
226
236
312
338
354
338
298
272
222
248
300
324
378
396
406
350
318
280
282
266
290
298
290
294
324
376
318
336
364
374
326
320
326
310
326
310
310
254
270
252
248
226
230
194
214
256
220
232
242
288
290
332
330
352
310
266
326
316
316
242
238
196
200
214
264
284
324
322
302
280
294
314
286
290
312
312
296
250
282
254
290
304
320
362
354
374
338
292
308
318
394
426
454
440
464
484
476
530
582
626
638
676
650
638
678
692
700
688
668
648
654
712
702
724
722
728
740
686
678
682
678
738
754
730
784
726
