2868
2834
2852
2846
2918
2842
2870
2670
2794
2700
2856
2834
2814
2914
2852
2914
3010
2856
2814
2786
2800
2648
2676
2654
2606
2490
2524
2546
2592
2530
2484
2512
2602
2562
2498
2336
2162
2146
2264
1858
1860
1834
1756
1748
1652
1620
1568
1546
1338
1304
1482
1446
1584
1598
1618
1652
1628
1556
1348
1440
1432
1238
1222
1428
1406
1532
1464
1430
1338
1346
1486
1384
1416
1512
1384
1402
1396
1486
1580
1602
1704
1638
1652
1848
1816
1656
1700
1788
1794
1884
1866
1954
1914
1946
1920
1892
1988
1964
1968
2138
2074
2074
2034
1942
1978
1934
1958
2058
2030
1930
1994
1992
2092
1960
1890
1916
1858
1752
1816
1800
1804
1776
1664
1610
1450
1486
1490
1398
1610
1654
1540
1460
1666
1630
1562
1576
1756
1780
1676
1668
1744
1742
1830
1980
2080
2068
2022
1902
1846
1716
1824
1908
1786
1800
1982
1798
1814
1688
1776
1788
1916
2098
2194
2074
1940
1728
1852
1806
1870
1956
2040
2006
2080
2054
1980
1990
2080
2172
2380
2396
2444
2464
2414
2544
2586
2636
2626
2636
2716
2780
2702
2690
2754
2766
2772
2764
2720
2696
2644
2562
2404
2328
2350
2420
2544
2450
2406
2512
2604
2794
2924
3008
3004
3100
3086
3092
3094
3024
2892
2940
2852
2776
2884
2830
2836
2852
2796
2704
2560
2352
2406
2676
2820
2758
2850
2882
2960
3004
3048
3082
3200
3286
3108
3176
3190
3170
3040
3056
3058
3082
3168
3248
3306
3348
3228
3178
2960
2994
3008
3006
2968
2984
2922
3074
2924
3010
2944
2918
2766
2696
2746
2730
2576
2580
2736
2642
2674
2732
2738
2770
2730
2732
2692
2514
2668
2688
2614
2614
2666
2544
2622
2574
2510
2546
2562
2596
2596
2374
2406
2384
2474
2392
2362
2244
2220
2234
2400
2402
2568
2672
2630
2694
2682
2628
2596
2532
2362
2324
2296
2332
2344
2462
2548
2612
2388
2506
2616
2564
2590
2710
2884
2942
2864
2754
2836
2864
2894
2762
2648
2662
2680
2746
2834
2946
3012
3024
2998
3036
3034
3084
3160
3094
2994
3052
2844
2834
2812
2852
2954
2934
2994
2838
2778
2948
2970
2966
2958
2906
2872
2896
2680
2662
2814
2882
2790
2748
2758
2958
2954
2828
2818
2726
2822
2916
2930
2882
2860
3178
3120
3116
3228
3254
3156
3124
3140
3072
2988
3028
3044
2914
2956
3004
2946
2816
2864
2896
2792
2836
2602
2630
2580
2728
2792
2920
3036
3040
3048
2920
2844
2850
2838
2972
2876
2780
2660
2670
2494
2470
2510
2406
2464
2434
2326
2258
2170
2244
2266
2356
2338
2392
2466
2474
2314
2524
2508
2454
2254
2350
2314
2274
2426
2390
2306
2382
2424
2384
2312
2358
2312
2306
2496
2332
2318
2228
2174
2174
2284
2182
2310
2228
2158
2120
2130
2072
2118
2290
2312
2328
2296
2340
2362
2308
2236
2198
2156
2072
2050
1992
2216
2194
2348
2368
2226
2214
2162
2240
2240
2302
2248
2082
2170
2278
2334
2138
2172
2176
2202
2080
2146
2026
1962
1930
2064
2146
1944
2044
2002
1988
1962
1976
2160
2240
2234
2448
2432
2476
2574
2494
2486
2584
2586
2548
2604
2686
2720
2646
2596
2298
2332
2372
2264
2152
2104
2018
1918
1904
1984
1776
1722
1852
1786
1720
1712
1898
1836
1832
1930
1852
1716
1806
1806
1876
1830
1754
1744
1850
1752
1898
1952
1820
1862
1872
1790
1834
1916
1896
1822
1792
1662
1612
1786
1662
1680
1706
1828
1752
1644
1614
1596
1684
1660
1572
1706
1810
1950
1986
2010
2066
2046
2016
1922
1926
1826
1918
1860
2080
2068
2016
1848
1704
1634
1664
1546
1548
1600
1704
1784
1748
1554
1564
1656
1656
1512
1594
1600
1660
1842
1756
1840
1872
1824
1718
1878
1810
2018
2026
1954
1938
1904
1826
1736
1728
1662
1808
1858
1796
1792
1690
1708
1782
1832
1946
1786
1670
1780
1864
1900
2042
1916
1994
1908
1932
1990
1882
1988
1878
1912
2104
2014
2230
2304
2326
2332
2450
2256
2148
2104
2044
2032
1964
2028
2156
2304
2446
2356
2240
2314
2300
2404
2562
2618
2514
2496
2462
2354
2442
2442
2542
2678
2628
2542
2478
2540
2480
2416
2334
2288
2106
2134
1958
2146
2016
1942
1884
1914
1948
1882
1904
2056
1978
1972
2000
2036
2034
1928
1962
2028
1982
2022
2000
2054
1916
1858
1868
1852
1864
1824
1620
1738
1852
2022
2054
1924
1964
2064
1960
1962
1808
1738
1748
1694
1694
1914
1840
2006
1928
2038
2068
2034
1936
1984
2008
2004
1932
2024
2104
2074
2188
2078
1954
1950
2006
2078
2178
2264
2206
2376
2516
2518
2458
2544
2532
2528
2490
2238
2412
2452
2478
2516
2554
2440
2384
2256
2184
2334
2516
2380
2234
2302
2240
2224
2138
2148
2124
2178
2188
2102
1980
1996
1946
1854
1960
1956
1896
1796
1760
1854
1874
1948
1758
1748
1792
1752
1932
1884
1818
1796
1746
1760
1822
1698
1650
1864
1802
1702
1812
1850
1806
1660
1708
1756
1578
1510
1356
1518
1446
1628
1720
1674
1650
1598
1584
1526
1594
1772
1792
1792
1948
1894
1858
1704
1666
1596
1526
1564
1618
1614
1566
1472
1358
1088
1026
1066
1128
1080
1142
1394
1460
1422
1492
1634
1684
1650
1640
1762
1746
1854
1770
1942
1842
1836
1850
1650
1548
1626
1610
1628
1796
1952
1956
1920
1940
2010
2116
2012
2016
1770
1806
1920
1764
1824
1870
1852
1844
1908
1896
1936
1886
1858
1870
1964
1784
1680
1696
1764
1660
1484
1542
1516
1512
1370
1376
1514
1472
1642
1428
1434
1530
1552
1536
1602
1694
1724
1792
1722
1750
1760
1836
1764
1730
1530
1436
1222
1120
1058
942
1074
1142
1240
1070
822
1008
1038
1132
1176
1092
1086
1092
952
986
846
874
798
706
650
588
582
456
372
282
192
260
262
204
34
82
158
44
164
184
354
400
484
370
378
246
282
238
504
390
476
472
416
382
414
530
414
476
474
442
434
272
260
20
80
84
62
244
414
270
358
324
302
164
254
140
158
56
172
244
310
442
512
524
382
260
314
142
136
154
94
12
60
114
88
36
62
106
120
50
38
198
166
118
320
306
340
248
60
116
6
14
68
54
98
48
94
58
156
220
304
128
102
198
122
168
192
224
242
350
488
512
590
746
708
662
744
766
684
766
838
788
800
878
782
696
478
510
546
528
506
546
678
548
346
468
394
268
310
224
90
262
276
342
190
294
390
596
484
488
434
324
310
352
384
414
416
398
276
292
334
378
346
226
106
246
192
482
530
492
522
404
490
438
410
266
168
28
50
128
118
214
16
202
52
42
48
44
58
36
34
74
28
38
66
148
156
214
374
228
382
422
386
434
512
494
492
428
422
398
488
464
506
406
384
178
236
292
498
618
652
696
678
664
874
820
862
776
730
860
966
966
906
804
840
864
864
928
1024
1138
1036
1078
942
974
1122
1146
1162
1154
1034
1000
1106
1150
1146
1258
1284
1190
1330
1340
1258
1270
1152
1208
1308
1088
962
996
1008
1044
1078
1136
1080
898
850
802
618
638
716
678
614
642
772
860
866
928
680
810
790
754
884
946
1030
1138
1278
1318
1406
1412
1236
1252
1282
1124
1218
1236
1194
1146
1000
752
768
916
840
912
920
850
844
752
842
832
992
774
784
770
732
872
996
792
950
880
874
900
1104
1080
984
1096
1092
1104
1116
1134
1180
1086
1030
1104
1142
1000
1008
904
876
606
496
748
692
626
590
642
692
732
790
682
548
504
442
378
256
270
468
616
498
566
580
710
648
612
514
250
260
254
242
256
210
330
448
550
718
752
976
866
854
754
730
824
730
836
774
758
636
562
462
486
564
476
512
570
530
546
556
638
576
550
664
648
558
580
800
936
968
912
748
702
766
638
678
766
898
944
1050
1004
1090
956
1004
946
908
832
806
680
718
666
732
816
680
830
850
1004
1084
932
1000
968
1098
1084
1046
1136
1020
1078
1058
854
890
950
820
768
742
720
850
924
890
1014
1074
1082
924
1036
956
950
840
938
958
876
860
950
1004
850
1092
1200
1070
1126
990
904
870
940
992
980
904
876
898
812
728
664
606
736
638
586
532
454
388
190
330
188
126
76
24
130
16
96
96
98
158
46
124
88
24
6
34
158
90
80
192
430
422
456
398
540
508
500
584
582
722
726
822
728
604
500
546
640
558
470
350
488
506
476
650
710
680
846
892
820
760
718
756
542
500
578
586
628
686
646
578
642
854
622
576
748
908
962
980
848
794
838
814
832
738
796
814
868
866
718
640
548
508
486
526
588
572
534
470
368
348
208
336
322
280
366
434
230
376
552
540
480
494
604
782
672
594
426
418
656
548
720
694
658
686
578
572
552
590
602
874
710
752
984
882
974
978
1048
1086
1058
1134
1214
1214
1098
1306
1318
1258
1368
1298
1384
1388
1334
1500
1456
1322
1324
1290
1432
1496
1596
1708
1664
1934
2110
2132
2180
1994
1956
1884
1810
1722
1802
1682
1708
1636
1784
1848
1898
1784
1880
1958
1958
1990
2030
1968
2008
2028
2164
2188
2028
2252
2144
2196
2342
2440
2392
2328
2336
2354
2260
2382
2534
2458
2546
2488
2524
2586
2662
2574
2540
2288
2178
2016
2086
2050
2040
2004
1942
1900
1794
1744
1692
1662
1772
1626
1524
1604
1662
1628
1634
1482
1482
1610
1564
1596
1478
1540
1496
1324
1434
1384
1466
1438
1334
1194
1372
1358
1488
1518
1592
1582
1494
1496
1414
1474
1456
1440
1430
1476
1582
1612
1620
1670
1646
1668
1608
1544
1590
1706
1496
1468
1598
1656
1702
1908
1748
1636
1692
1746
1746
1684
1496
1416
1528
1508
1654
1612
1702
1664
1786
1698
1620
1664
1596
1720
1738
1708
1652
1598
1478
1324
1300
1310
1470
1354
1332
1396
1516
1506
1558
1676
1492
1408
1218
1256
1286
1220
1350
1452
1380
1400
1472
1356
1388
1454
1512
1716
1706
1582
1560
1418
1476
1382
1376
1228
1374
1460
1430
1420
1554
1374
1396
1512
1520
1528
1462
1540
1558
1378
1490
1602
1674
1670
1590
1582
1328
1378
1254
1168
1094
1056
970
922
1002
1018
1030
1036
1186
1128
1336
1204
1256
1276
1252
1256
1274
1174
1026
840
912
944
988
1012
1092
912
738
720
670
594
662
656
528
660
550
620
564
616
918
912
808
756
818
790
680
556
590
460
398
296
332
252
278
426
342
516
540
440
552
576
714
666
738
684
668
486
296
376
364
430
428
602
304
390
402
358
410
430
528
588
538
576
680
728
860
906
944
1202
978
862
800
762
682
752
744
772
604
614
634
590
594
684
698
716
736
522
388
410
246
100
18
114
14
78
32
34
178
84
204
228
354
322
534
568
416
290
330
396
400
528
556
522
216
130
68
28
10
136
154
128
64
72
56
146
122
226
110
84
76
182
104
194
316
346
410
300
378
326
388
272
322
258
18
90
46
66
2
78
58
222
388
256
216
188
86
172
84
140
102
154
174
