3188
3188
3148
3132
3204
3226
3308
3326
3394
3330
3294
3370
3284
3286
3208
3270
3322
3252
3286
3348
3310
3310
3272
3240
3100
3058
3058
3088
3108
3074
3158
3184
3080
3116
3172
3162
3160
3212
3266
3244
3210
3266
3278
3224
3258
3260
3278
3226
3256
3176
3110
3018
3036
3046
3046
3096
3000
3052
2928
2926
2960
2968
3044
3042
2998
3028
2962
2994
3048
3092
3048
3120
3102
3112
3104
2988
2980
2988
2908
2978
3016
2968
3008
3010
3010
3020
2986
3064
3014
3042
3112
3086
3142
3148
3178
3264
3230
3222
3234
3228
3230
3242
3172
3106
3118
3118
3076
3052
3050
3064
3070
3026
2992
3064
3096
3128
3130
3112
3082
3076
3082
3166
3140
3212
3226
3252
3170
3172
3210
3226
3200
3224
3262
3284
3268
3172
3134
3154
3118
3070
3190
3216
3278
3234
3160
3234
3156
3194
3162
3258
3202
3242
3230
3160
3176
3230
3188
3146
3172
3094
3058
3028
3076
3122
3102
3180
3166
3184
3118
3078
3088
3024
3028
3072
3074
3070
3082
3028
3118
3086
3060
3164
3052
3056
3104
3142
3096
3164
3064
3010
3004
3066
3124
3150
3106
3010
2986
2960
2994
3002
2966
3042
3150
3138
3144
3170
3174
3016
3056
3046
2962
3032
3088
3072
3152
3126
3124
3130
3176
3100
3144
3152
3182
3258
3268
3274
3212
3256
3212
3240
3266
3210
3246
3230
3270
3312
3384
3340
3340
3350
3348
3270
3248
3270
3340
3444
3438
3358
3352
3336
3282
3210
3188
3164
3152
3186
3236
3300
3308
3272
3278
3164
3066
3122
3112
3066
3088
3158
3110
3100
3038
3020
3126
3102
3134
3190
3212
3202
3222
3156
3146
3212
3232
3216
3238
3248
3248
3286
3274
3270
3316
3314
3294
3276
3266
3330
3322
3250
3266
3188
3242
3298
3262
3278
3244
3224
3306
3318
3274
3292
3344
3458
3442
3446
3364
3290
3282
3274
3326
3274
3216
3126
3148
3188
3112
3124
3140
3062
3020
2960
2934
2964
3070
3086
3108
3048
2962
2958
2914
2864
2912
2980
2914
3022
3138
3106
3158
3162
3162
3138
3130
3096
3156
3220
3250
3240
3172
3110
3078
3036
3146
3110
3104
3096
3138
3176
3160
3210
3246
3190
3194
3214
3218
3214
3202
3268
3258
3232
3254
3278
3254
3352
3368
3278
3300
3278
3276
3282
3276
3304
3266
3282
3212
3222
3264
3306
3324
3374
3364
3290
3342
3356
3316
3322
3320
3252
3218
3250
3178
3156
3194
3150
3042
3038
3052
3038
3012
3086
3104
3034
3080
3060
3054
3100
3156
3196
3122
3072
3112
3144
3066
3040
3126
3094
3082
3102
3188
3168
3140
3190
3170
3200
3208
3202
3274
3224
3174
3228
3290
3354
3334
3334
3340
3328
3364
3356
3350
3270
3242
3206
3136
3216
3214
3186
3144
3134
3180
3164
3128
3056
3096
3096
3138
3168
3154
3198
3166
3118
3078
3068
3118
3202
3246
3222
3174
3220
3186
3082
3066
3116
3042
3028
2982
3006
3068
3124
3124
3174
3210
3254
3192
3150
3160
3108
3120
3118
3134
3092
3148
3206
3194
3178
3128
3086
3116
3048
3044
3044
3060
3058
2966
3006
3028
3060
2934
2904
2876
2892
2860
2904
2830
2850
2828
2842
2872
2892
2880
2842
2850
2832
2916
2936
2990
2872
2868
2874
2896
2842
2830
2778
2778
2754
2750
2852
2864
2824
2872
2842
2870
2808
2834
2822
2820
2898
2862
2920
2886
2832
2836
2814
2732
2666
2790
2878
2902
2932
2836
2908
2820
2864
2946
2988
2968
2998
2994
2972
3004
2966
2948
2888
2804
2804
2764
2814
2812
2804
2798
2726
2800
2702
2798
2836
2834
2766
2774
2676
2658
2618
2680
2712
2748
2772
2668
2698
2784
2740
2680
2676
2678
2762
2820
2772
2840
2892
2824
2772
2754
2804
2786
2852
2876
2852
2844
2922
2838
2870
2874
2982
2872
2950
2910
2966
2966
2898
2870
2890
2860
2846
2838
2886
2936
2964
2948
2970
2932
2980
2982
2950
2904
2944
2880
2882
2992
3014
3048
3098
3140
3170
3140
3114
3132
3198
3192
3212
3202
3256
3286
3276
3268
3308
3252
3202
3140
3104
3144
3164
3102
3210
3204
3140
3198
3194
3202
3218
3210
3194
3140
3150
3156
3208
3226
3256
3302
3292
3352
3244
3252
3286
3316
3298
3312
3282
3284
3312
3246
3172
3280
3374
3312
3312
3254
3248
3202
3232
3248
3296
3260
3194
3190
3178
3052
2994
2946
2958
2918
2978
3022
3068
3050
3080
3066
3116
3178
3128
3146
3198
3204
3246
3234
3296
3378
3356
3356
3370
3346
3370
3394
3310
3224
3156
3190
3170
3074
3130
3062
3054
3060
3050
3082
2970
2880
2816
2852
2820
2764
2814
2860
2820
2836
2818
2890
2880
2894
2904
2912
2962
2968
2976
3036
3058
2992
2940
2902
2924
2956
2916
2998
3036
3018
2914
2894
2908
2918
2924
2794
2874
2846
2952
2938
2970
3018
2932
2950
2968
3062
3116
3084
3156
3088
3108
3108
3084
3080
3118
3068
3056
3058
2940
2976
2914
2908
2902
2904
3054
3036
3092
3060
2972
2958
3060
3088
3146
3064
2994
3028
3022
3004
3054
3056
3140
3036
2978
2996
2980
3016
3122
3166
3138
3112
3090
3102
3146
3094
3104
3022
3094
3138
3174
3114
3128
3098
3058
3066
3126
3174
3138
3106
3096
3072
3070
3060
3136
3140
3244
3248
3296
3346
3276
3284
3252
3250
3218
3150
3020
3086
3138
3236
3296
3284
3288
3246
3284
3316
3326
3316
3396
3420
3390
3422
3376
3348
3258
3266
3310
3344
3330
3378
3384
3312
3208
3142
3178
3212
3096
3160
3134
3084
3140
3070
3062
3096
3084
3038
3100
3086
3134
3116
3202
3154
3120
3090
3144
3118
3108
3060
3084
3058
3040
3098
3126
3124
3106
3062
2976
2888
2948
2984
2982
2996
3024
3052
3030
3006
2994
3056
3062
3026
3042
3054
2992
3034
3006
2984
3054
3020
3048
3020
3018
3012
3020
3106
3050
3014
2972
2992
3066
3064
3098
3134
3030
3016
3024
2936
2908
2936
2946
2984
2962
3018
3036
3060
3082
3004
3118
3206
3198
3264
3230
3228
3264
3296
3206
3172
3192
3136
3248
3216
3206
3202
3180
3252
3190
3042
2950
3024
2958
2966
2964
2888
2928
2924
2916
2872
2834
2842
2868
2816
2872
2904
2868
2846
2860
2876
2874
2788
2828
2866
2934
2978
2990
3014
3032
3026
2990
3022
3072
3084
3034
3076
3098
3188
3178
3308
3226
3324
3318
3322
3404
3378
3424
3380
3414
3418
3452
3438
3532
3542
3494
3522
3520
3498
3524
3510
3520
3516
3554
3464
3490
3528
3444
3414
3446
3436
3464
3410
3472
3440
3426
3422
3384
3414
3414
3426
3470
3478
3410
3396
3364
3334
3296
3270
3214
3298
3300
3382
3422
3368
3390
3404
3392
3368
3330
3276
3288
3232
3290
3268
3316
3320
3308
3428
3374
3394
3384
3352
3400
3404
3424
3418
3404
3350
3320
3374
3366
3354
3354
3326
3282
3266
3198
3174
3174
3124
3098
3034
3124
3054
3044
3002
3088
3148
3152
3116
3176
3138
3092
3048
2996
3072
3032
3066
3118
3080
3062
3006
3000
2916
2914
2868
2940
2896
2916
2942
2884
2914
2786
2818
2852
2866
2900
2852
3050
3048
3026
3044
3014
3116
3090
3164
3152
3174
3204
3128
3224
3116
3126
3222
3184
3122
3070
3102
3200
3254
3242
3262
3320
3326
3342
3288
3296
3236
3236
3174
3108
3078
3100
3098
3126
3016
3032
3136
3118
3052
3068
3036
2990
3096
3064
3108
3142
3136
3148
3048
3016
3010
3030
3066
2982
3000
2988
3000
2956
2984
2870
2864
2896
2972
2898
2942
2916
2864
2872
2936
2890
2844
2910
3016
3096
3118
3210
3238
3260
3222
3216
3200
3260
3320
3298
3276
3294
3266
3274
3330
3402
3314
3280
3178
3166
3060
3096
3032
3050
3018
2990
2924
2920
2822
2796
2694
2798
2834
2764
2740
2764
2796
2758
2786
2776
2778
2714
2796
2824
2754
2772
2768
2812
2700
2640
2644
2764
2730
2658
2642
2650
2708
2748
2728
2716
2772
2676
2670
2632
2704
2738
2854
2900
2878
2882
2882
2844
2908
2884
2918
2926
2888
2834
2840
2886
2960
2922
2858
2886
2922
2932
2972
2958
3008
3004
2986
3024
3076
3030
3050
3102
3082
3032
3142
3100
3076
3078
3036
3052
3068
3084
3118
3040
3106
3170
3202
3156
3234
3282
3226
3280
3254
3278
3332
3372
3344
3360
3316
3310
3214
3250
3208
3176
3154
3220
3240
3186
3208
3146
3074
3080
3084
3046
3086
3130
3140
3198
3202
3218
3238
3258
3210
3270
3286
3156
3226
3142
3128
3126
3160
3260
3310
3208
3168
3156
3184
3236
3158
3174
3104
3164
3096
3102
3094
3064
3110
3070
3090
3180
3168
3160
3122
3148
3210
3308
3312
3352
3406
3424
3356
3386
3362
3302
3286
3234
3344
3302
3364
3452
3422
3404
3460
3488
3506
3526
3458
3442
3472
3482
3450
3422
3414
3410
3434
3386
3356
3382
3358
3352
3364
3296
3370
3362
3288
3252
3214
3192
3204
3206
3230
3336
3348
3350
3296
3290
3244
3288
3286
3294
3190
3160
3078
3078
3110
3068
3104
3116
3192
3200
3212
3336
3330
3308
3272
3234
3200
3232
3244
3230
3268
3228
3170
3150
3138
3078
2988
2962
2892
2868
2932
2856
2904
2898
2906
2846
2862
2878
2922
2920
2918
2858
2892
2994
3048
3030
3006
3068
2958
3008
3020
3048
3124
3184
3234
3174
3138
3188
3158
3186
3192
3218
3252
3208
3132
3268
3314
3254
3292
3322
3346
3310
3302
3362
3298
3302
3378
3372
3262
3262
3360
3422
3360
3366
3308
3288
3332
3358
3304
3152
3138
3152
3240
3276
3254
3218
3146
3182
3266
3312
3270
3190
3194
3206
3196
3210
3216
3144
3212
3296
3302
3318
3328
3350
3346
3298
3276
3290
3268
3306
3314
3348
3314
3326
3360
3380
3286
3262
3178
3070
3040
3000
2998
2950
3012
3038
3034
3080
3088
3254
3306
3336
3312
3348
3438
3410
3402
3438
3338
3312
3250
3290
3312
3276
3270
3246
3200
3272
3280
3338
3366
3366
3368
3302
3342
3220
3192
3194
3236
3180
3200
3164
3212
3210
3150
3180
3244
3206
3300
3352
3316
3344
3224
3182
3240
3278
3328
3304
3340
3316
3322
3354
3292
3262
3214
3056
3016
3002
3042
3088
3068
3132
3136
3098
3110
3102
3194
3324
3202
3236
3214
3188
3188
3282
3360
3340
3402
3378
3406
3404
3422
3392
3440
3456
3428
3392
3410
3400
3414
3342
3384
3354
3288
3278
3300
3348
3318
3316
3370
3388
3404
3408
3354
3358
3344
3358
3426
3394
3478
3544
3558
3486
3414
3390
3348
3350
3316
3298
3266
3280
3284
3334
3372
3354
3388
3330
3308
3340
3300
3420
3384
3364
3372
3300
3252
3244
3268
3312
3274
3286
3232
3254
3278
3302
3366
3354
3298
3418
3350
3338
3320
3252
3284
3302
3322
3354
3390
3346
3304
3386
3324
3294
3238
3246
3324
3318
3268
3250
3294
3328
3276
3276
3160
3152
3146
3194
3252
3258
3194
3116
3032
3070
3096
3110
3156
3122
3098
3066
3012
3036
3074
3094
3194
3086
3108
3102
3126
3084
3058
2972
3024
3022
2980
2926
3008
2998
3028
2978
3006
2972
2976
2996
2920
2872
2838
2794
2804
2838
2896
2860
2930
2906
2896
2866
2856
2936
2924
2868
2942
2952
2914
2962
2924
2850
2838
2778
2708
2720
2706
2718
2810
2848
2866
2844
2820
2844
2856
2784
2786
2732
2744
2784
2760
2738
2816
2858
2844
2780
2746
2794
2760
2820
2816
2834
2868
2816
2824
2694
2758
2816
2864
2826
2880
2908
2950
2938
2938
2972
2922
2910
2850
2902
2936
2840
2786
2816
2882
2930
2916
2924
3014
3050
3110
3146
3084
3164
3110
3082
3012
2998
3092
3152
3172
3214
3134
3114
3062
3094
3064
2996
3046
3046
3090
3106
3058
3070
3002
3062
3018
3072
3062
3108
3056
3102
3156
3218
3288
3264
3226
3242
3320
3262
3234
3284
3288
3254
3258
3242
3152
3080
3130
3120
3018
3090
3096
3174
3106
3100
3148
3168
3124
3184
3168
3124
3000
3050
3010
3048
