628
612
614
656
640
656
682
698
744
758
746
720
754
796
782
790
778
788
780
758
792
806
762
784
796
806
828
840
814
810
816
852
846
842
822
832
838
848
852
856
844
858
822
846
840
802
788
790
754
706
650
590
566
586
596
586
608
642
690
640
664
656
638
656
662
706
720
710
730
738
714
726
740
764
758
750
742
722
684
736
758
738
720
734
786
806
792
742
740
758
748
708
678
708
664
728
742
742
728
756
728
680
702
732
732
730
694
686
652
664
686
760
810
810
804
816
812
810
810
826
812
766
792
812
810
776
758
734
720
704
682
656
672
646
644
676
676
712
698
706
656
694
728
668
656
624
656
644
650
618
660
682
650
658
594
552
554
584
590
574
606
646
658
620
642
600
556
580
612
558
578
594
538
528
504
542
600
632
620
586
602
622
582
592
556
570
594
612
624
622
588
662
658
684
680
626
590
626
588
624
636
656
598
540
584
584
608
640
644
684
656
652
628
626
672
644
638
644
674
664
672
710
716
708
656
668
674
640
644
660
680
678
642
660
696
684
658
652
646
660
662
666
660
688
694
678
706
680
660
626
590
612
604
580
570
582
646
648
684
706
674
654
666
688
728
750
748
726
698
652
678
672
670
662
640
590
596
532
494
506
462
388
434
498
524
510
500
476
428
444
396
390
436
438
424
402
342
326
360
318
352
370
358
408
462
440
384
416
462
446
402
458
468
466
432
388
332
308
318
328
338
378
426
416
396
422
390
434
412
438
424
430
424
416
420
412
402
392
452
404
408
400
394
452
482
514
534
550
476
514
532
538
516
514
454
478
450
490
418
434
392
368
370
354
324
380
358
376
364
342
344
386
382
364
366
396
384
362
418
378
420
484
542
528
542
618
616
632
628
628
658
666
660
654
650
666
644
708
712
688
674
666
618
642
626
586
554
544
540
522
474
476
506
500
500
472
492
514
536
510
508
536
502
466
458
532
478
488
418
420
450
476
474
476
428
404
396
420
412
430
378
380
412
430
428
486
462
502
516
528
544
554
524
486
488
462
526
528
494
510
532
498
520
496
490
510
528
508
528
534
496
560
580
614
614
582
580
506
476
496
462
428
432
468
474
506
524
552
556
596
560
550
600
570
612
612
604
588
628
646
620
618
624
618
622
624
590
568
582
596
572
582
616
648
628
618
606
572
562
542
584
598
652
640
664
662
668
652
662
658
714
708
710
696
676
728
710
728
746
710
744
782
806
820
806
790
742
736
730
750
730
722
724
738
716
670
690
708
766
758
750
710
704
690
714
702
684
678
690
718
694
698
660
626
678
682
668
614
638
680
744
698
704
658
600
624
564
580
616
644
618
616
604
642
644
628
606
580
552
576
594
572
598
570
620
656
672
670
696
716
698
676
692
652
666
678
676
652
644
616
600
626
662
650
626
604
640
608
604
618
598
552
534
510
522
552
516
504
464
448
454
448
480
468
490
472
482
442
436
458
484
486
450
462
470
530
576
562
584
544
578
588
576
580
526
478
478
492
496
492
478
520
546
538
470
460
436
440
416
402
362
338
348
328
296
288
244
276
290
302
310
294
260
280
270
252
300
290
242
258
232
226
292
250
268
234
158
150
136
138
138
92
138
144
156
196
156
162
180
218
224
212
228
250
280
284
288
308
260
238
180
224
230
230
262
240
278
274
240
248
234
258
300
318
300
328
406
336
344
304
338
336
346
276
296
314
290
294
298
292
314
338
292
290
264
264
278
280
270
280
282
268
304
326
362
322
338
350
340
296
288
290
268
246
252
192
152
106
70
74
82
78
132
74
80
90
150
182
164
126
132
156
76
140
168
236
234
180
208
222
226
222
260
240
286
304
332
290
308
272
224
232
206
202
204
184
192
166
138
168
218
208
124
106
208
202
232
198
236
276
266
286
258
344
330
368
394
414
426
392
396
426
436
454
426
408
458
472
464
496
544
522
508
442
396
460
474
480
444
406
412
386
348
356
318
294
330
360
336
332
330
348
346
378
406
432
454
424
394
354
382
398
394
388
332
338
296
256
250
250
214
284
272
250
252
236
276
274
306
292
322
310
290
246
220
220
180
222
218
244
230
238
170
128
88
74
88
108
88
106
150
186
198
254
250
262
222
226
262
338
336
306
270
228
268
264
270
284
300
242
268
324
318
318
296
322
352
348
334
306
356
294
270
212
262
268
284
272
292
246
216
190
158
210
162
154
134
180
170
158
196
168
138
94
84
74
106
96
98
110
58
64
72
52
64
52
76
110
108
178
192
178
176
160
144
134
156
138
152
124
140
84
66
120
146
168
170
156
218
190
216
208
182
172
178
192
228
214
194
250
260
242
260
314
380
416
440
396
380
334
336
390
398
402
324
342
402
398
404
428
480
474
452
492
550
510
524
480
474
478
464
494
478
466
494
526
572
536
496
500
508
516
534
504
516
544
546
556
564
588
630
638
626
632
666
656
676
646
632
590
616
608
614
646
626
628
678
660
630
604
612
624
650
620
604
590
620
626
638
642
650
610
578
616
602
624
656
684
704
674
680
624
572
572
574
544
522
530
512
496
466
486
500
496
438
518
490
502
478
500
494
494
508
556
598
592
546
546
584
634
676
656
632
636
630
610
644
640
638
626
642
636
658
650
674
660
676
704
666
666
634
656
626
634
626
648
672
690
674
668
672
700
672
692
694
672
644
608
580
558
562
560
562
552
528
528
534
542
512
534
562
616
620
656
680
738
704
672
696
680
656
640
658
618
668
662
628
624
616
570
566
518
522
558
610
616
606
624
652
604
630
596
534
558
550
572
592
620
612
612
628
638
592
548
554
544
586
596
618
616
622
604
580
560
558
632
646
618
624
602
608
616
568
550
562
622
678
660
632
602
584
608
600
580
624
632
634
606
592
608
598
632
642
606
498
534
532
552
556
568
538
550
594
592
584
588
572
578
572
594
638
624
604
590
610
574
554
510
540
584
622
588
592
670
624
590
544
564
590
616
624
608
600
552
558
580
598
644
658
674
676
676
696
750
780
776
810
758
764
782
798
780
802
790
806
816
800
804
756
736
766
786
780
786
800
736
754
782
792
772
712
674
682
676
686
678
738
722
686
678
672
616
684
718
646
644
654
650
666
694
644
612
624
570
544
540
538
560
534
532
554
532
550
616
628
610
594
616
542
544
534
526
512
462
442
450
464
464
458
464
502
498
492
486
476
448
442
414
424
430
426
414
424
460
470
482
476
524
558
536
548
546
542
526
554
560
570
570
594
598
594
600
534
560
562
546
504
534
548
602
588
620
570
536
578
596
578
616
620
614
566
556
542
516
548
584
570
562
576
592
616
638
626
562
518
536
524
524
474
498
470
452
488
526
564
522
486
484
536
564
524
546
526
462
436
428
404
432
428
414
400
436
480
498
460
436
438
474
490
508
508
486
496
452
480
484
520
504
490
478
454
416
422
434
426
386
386
420
388
346
372
394
390
384
404
392
390
364
320
296
296
304
304
306
276
260
186
234
180
142
120
128
76
50
78
2
18
22
38
6
48
64
102
110
134
126
88
98
118
102
54
58
6
14
28
26
18
64
26
14
4
2
22
42
82
80
58
2
36
18
12
78
84
102
108
58
78
68
98
166
186
142
104
106
142
126
164
110
102
130
154
150
168
176
194
222
202
210
226
182
218
192
178
262
230
218
190
236
206
206
224
238
266
288
318
346
342
362
394
400
436
462
456
442
416
410
392
372
338
362
348
368
424
392
454
478
512
530
512
516
528
526
562
566
580
592
620
578
580
564
564
534
518
502
478
448
516
516
484
522
522
534
552
528
434
446
420
422
382
428
438
442
416
434
454
450
422
438
454
400
408
400
426
394
408
428
438
436
382
372
384
350
336
264
234
228
258
270
276
248
202
186
222
230
166
158
154
156
150
138
170
196
158
118
118
110
138
150
110
138
140
128
120
128
170
198
224
208
162
190
224
210
170
122
188
202
168
212
206
252
200
184
210
216
242
226
236
270
316
320
324
298
306
308
278
282
278
306
298
280
276
278
218
184
174
182
238
242
242
234
232
262
268
256
272
246
216
242
234
196
138
148
174
124
200
200
198
208
204
128
160
198
190
120
132
152
122
132
158
178
152
86
82
60
26
8
48
80
88
124
94
42
122
132
140
56
82
90
148
180
168
112
98
136
178
164
194
228
218
214
192
172
172
230
242
212
194
236
200
200
184
196
186
236
194
184
232
218
254
252
260
322
316
324
334
338
358
332
310
322
362
336
336
328
328
322
332
304
266
328
254
234
228
202
204
200
152
182
176
120
124
132
128
164
180
214
146
158
134
114
134
124
114
188
144
164
136
78
128
156
92
118
172
162
182
170
162
126
148
214
256
240
234
264
292
302
272
282
338
398
336
278
270
238
278
256
238
230
232
222
240
240
244
262
276
252
270
230
246
232
182
232
268
248
236
246
226
264
232
214
220
260
252
260
306
340
380
362
350
334
362
368
392
408
360
382
370
380
374
388
378
384
378
290
318
334
316
312
340
396
