828
828
802
820
856
842
892
882
876
858
824
822
832
796
816
866
866
850
828
828
844
850
812
754
762
776
782
784
784
804
786
784
808
862
856
832
776
758
748
786
730
784
792
798
792
794
768
744
718
722
768
762
756
794
804
828
814
808
768
780
750
740
726
768
778
816
816
782
794
836
826
842
878
832
860
852
808
780
738
740
706
726
740
730
702
750
768
756
790
818
838
766
754
732
726
762
762
768
750
736
818
808
772
758
730
768
754
694
726
766
736
754
748
762
756
768
726
752
746
750
736
752
748
718
704
716
736
744
770
728
728
746
750
768
742
728
672
686
704
698
694
688
722
756
768
768
790
792
796
808
784
800
756
768
738
742
732
780
788
770
810
802
792
812
842
826
848
836
828
808
820
830
788
772
750
714
744
758
748
772
822
846
846
844
804
796
778
804
814
824
798
788
764
764
794
770
794
794
774
760
762
792
780
740
774
784
786
768
770
740
732
764
782
802
826
774
772
746
728
690
714
688
698
726
722
726
720
728
706
702
716
738
786
788
814
790
778
810
794
766
808
804
786
800
824
790
774
792
784
834
778
800
776
768
756
736
690
716
716
696
692
690
692
716
708
702
722
708
694
676
668
714
702
730
728
726
744
762
774
786
800
822
860
852
844
830
786
832
780
802
772
728
704
716
806
780
770
764
754
746
722
734
740
726
724
732
746
724
716
700
682
652
620
592
556
546
552
550
576
608
656
684
674
662
688
688
702
700
722
776
778
752
768
752
768
736
760
696
722
754
734
790
792
820
824
852
800
802
802
810
852
834
840
818
814
808
818
818
832
814
818
802
796
790
774
754
718
728
752
712
684
688
698
724
716
690
630
592
640
628
666
644
702
666
688
736
776
812
754
776
754
734
726
714
698
772
762
762
784
788
720
738
714
694
720
754
762
782
784
770
798
818
810
832
818
818
786
762
804
804
860
850
840
892
904
878
884
870
798
818
812
818
814
792
760
796
816
834
832
834
872
876
880
902
894
880
846
886
910
890
854
850
818
834
854
866
846
832
858
822
812
812
822
828
818
810
808
822
810
828
774
756
720
712
748
758
798
816
806
788
754
762
764
802
780
798
762
770
796
784
760
748
764
770
796
814
798
738
722
732
700
688
704
692
716
738
722
678
656
666
668
668
698
718
738
742
772
776
788
796
782
760
778
752
752
698
696
692
656
648
692
690
710
746
746
768
748
722
718
748
726
754
780
778
768
744
750
754
734
710
682
688
694
696
704
718
712
738
776
764
772
784
792
802
800
754
746
704
698
688
680
694
704
670
618
618
656
674
638
618
588
608
552
562
572
562
614
586
590
614
648
620
570
594
544
544
544
550
528
498
500
542
472
488
484
508
476
460
486
448
444
472
426
430
426
472
448
466
418
402
424
434
470
424
442
442
480
478
516
522
534
522
490
472
528
528
502
502
572
574
536
528
552
534
518
492
518
510
486
452
478
480
512
524
504
562
532
574
558
562
544
552
550
524
512
504
488
456
474
484
532
542
556
568
536
522
560
548
470
476
546
558
540
508
528
558
548
508
460
428
414
458
436
416
362
334
380
388
436
434
486
528
470
414
440
418
412
434
466
488
490
512
534
570
564
592
638
580
570
552
528
520
500
460
476
444
442
462
482
468
460
418
432
464
476
452
430
492
470
456
476
458
440
478
488
476
476
468
464
442
428
438
440
430
434
444
434
444
492
508
528
510
492
496
466
446
480
490
468
478
458
484
444
494
490
484
502
440
410
376
378
378
398
424
426
348
330
334
348
380
362
370
322
326
336
306
332
334
380
386
376
364
358
410
384
430
432
428
394
412
400
444
418
420
418
414
420
452
480
472
436
438
454
476
500
544
574
600
556
512
584
592
620
602
638
662
690
626
610
618
628
666
660
620
586
602
614
604
632
618
644
662
702
754
722
730
672
688
714
744
730
694
714
686
704
696
682
660
692
744
734
728
734
758
780
806
764
744
754
744
786
726
776
816
778
750
776
770
754
774
760
754
762
744
770
790
810
800
818
810
764
722
704
680
716
766
754
760
756
736
714
686
632
664
664
706
708
772
790
818
810
862
872
834
842
838
828
864
836
836
838
824
848
816
784
776
738
708
712
690
724
728
714
726
762
736
754
764
736
726
788
780
766
770
776
752
736
724
672
618
590
572
632
634
652
656
636
584
550
536
544
554
612
596
652
658
660
592
598
604
594
572
588
620
658
644
626
572
542
576
524
542
548
538
588
526
542
524
574
588
600
572
594
538
530
540
578
560
602
646
678
656
646
648
670
684
714
720
778
832
870
868
848
826
810
776
816
802
796
812
790
798
782
812
816
786
768
728
772
722
718
736
712
750
760
766
784
792
800
818
812
778
772
748
774
816
812
788
792
764
764
736
702
710
720
700
726
680
646
610
566
576
554
556
570
528
514
548
536
618
598
586
564
606
566
572
586
560
546
556
552
554
530
502
484
488
478
470
492
476
444
408
412
342
300
316
322
352
346
322
326
304
348
348
306
316
302
260
266
258
264
220
250
234
244
234
240
246
200
188
204
176
212
170
180
158
172
192
150
156
190
142
150
186
228
260
298
280
228
252
270
250
234
310
280
266
256
210
218
182
168
220
218
244
216
268
222
222
258
240
270
284
296
290
284
256
290
298
324
332
350
368
370
346
406
338
296
352
360
378
318
288
318
280
262
280
288
294
306
292
242
232
186
220
214
248
266
278
334
344
370
390
376
348
322
328
348
352
342
326
376
342
306
312
330
276
290
304
302
314
384
364
378
416
384
364
396
378
336
358
388
334
304
342
318
334
306
330
346
334
262
252
282
212
150
178
206
154
182
164
146
164
166
140
214
166
192
174
170
230
252
246
186
172
206
226
228
212
216
230
240
272
302
354
340
370
384
352
308
328
314
326
296
302
312
248
278
298
324
306
340
316
300
316
258
264
220
168
186
158
232
178
178
172
160
148
180
184
184
180
208
252
228
246
260
258
222
162
180
226
268
286
350
358
378
392
404
408
398
376
344
364
388
380
414
342
372
416
440
440
460
496
496
444
434
398
436
432
408
438
440
466
444
446
464
486
504
510
526
542
520
514
442
420
408
386
416
446
468
488
504
532
502
540
584
590
622
602
666
638
642
652
660
638
634
664
682
682
722
702
686
660
700
672
688
672
682
680
698
712
754
772
752
804
810
774
750
782
804
812
860
868
874
866
850
824
810
838
834
820
856
860
874
916
918
920
938
918
896
888
894
856
818
802
794
824
824
814
856
864
888
892
876
856
870
880
874
816
810
834
808
818
810
816
784
806
846
828
882
902
902
872
842
826
816
792
792
788
766
768
758
746
768
774
800
806
784
742
712
698
660
676
642
642
628
620
608
594
566
534
520
568
566
540
626
622
674
708
700
666
750
764
778
796
808
808
808
770
712
738
766
784
804
804
822
820
802
792
820
808
794
782
800
806
822
806
784
774
726
772
750
754
746
744
718
748
788
776
788
776
768
742
704
736
742
712
740
744
682
682
684
668
688
654
628
606
596
584
568
564
560
508
522
504
528
546
602
602
616
622
622
572
586
620
662
700
758
762
750
754
744
754
734
772
796
752
752
732
736
754
752
732
736
784
770
746
732
760
744
782
824
738
772
764
750
796
756
792
786
800
814
802
774
804
814
796
768
722
718
704
680
710
684
676
690
714
704
722
726
730
740
772
766
770
744
776
796
774
772
798
822
808
790
744
810
814
818
836
836
872
880
856
870
852
864
842
840
834
842
828
818
824
818
818
802
750
794
750
726
702
722
734
754
732
734
756
818
828
870
870
816
824
796
822
830
804
808
730
770
772
782
778
794
794
846
844
800
778
774
770
750
732
730
732
764
752
802
846
860
874
880
890
886
878
900
900
916
902
912
862
870
846
824
816
834
848
824
824
844
828
800
778
818
800
776
772
780
752
780
800
810
790
810
818
870
864
852
832
820
766
778
792
726
736
760
768
772
784
816
818
828
812
832
882
864
800
804
800
806
818
836
894
868
828
842
852
836
836
822
808
798
836
872
850
878
856
842
836
852
860
856
842
836
828
856
826
832
866
868
858
872
838
850
842
844
890
894
902
894
860
846
848
862
868
896
894
904
876
872
880
848
836
860
882
828
828
836
792
752
752
718
728
730
744
714
646
648
620
610
618
602
574
592
616
606
608
584
606
616
650
676
686
710
684
652
658
620
626
646
620
678
670
672
648
654
696
676
698
672
678
674
696
712
676
666
666
662
652
684
690
630
626
568
576
578
506
526
482
442
530
516
506
488
520
546
578
560
612
656
548
524
532
548
616
654
712
716
712
724
718
712
724
726
744
714
702
698
706
710
740
750
718
728
688
700
690
664
712
726
720
752
798
778
782
794
812
830
846
854
864
868
870
862
842
818
844
850
898
880
898
874
866
824
802
768
778
778
800
824
804
790
824
814
828
838
810
824
836
816
834
854
806
868
850
820
816
852
886
892
854
826
848
774
784
740
750
742
708
718
718
