3790
3742
3728
3620
3424
3508
3526
3520
3514
3756
3632
3590
3502
3384
3632
3762
3712
3642
3730
3780
3810
3816
3878
3892
4008
4000
3932
3984
3974
3996
3980
4010
4032
4182
4108
4146
4064
3860
3826
3792
3794
3790
3712
3622
3414
3428
3322
3270
3282
3182
3312
3380
3356
3424
3534
3534
3570
3594
3532
3560
3606
3678
3616
3594
3804
3760
3748
3622
3676
3696
3636
3702
3626
3582
3596
3566
3574
3490
3666
3588
3542
3542
3594
3648
3676
3766
3792
3810
3772
3750
3760
3836
3722
3562
3628
3720
3778
3582
3692
3738
3700
3596
3626
3560
3444
3354
3338
3346
3270
3294
3344
3522
3638
3670
3558
3602
3682
3732
3700
3624
3598
3552
3596
3610
3690
3550
3720
3780
3932
3846
3866
3712
3588
3542
3512
3508
3470
3524
3504
3502
3344
3220
3090
2948
3086
3124
3086
3128
3144
3116
2812
2592
2572
2574
2488
2436
2348
2560
2640
2654
2722
2670
2788
2690
2686
2764
2844
3070
3046
3056
3014
3092
3178
3158
3200
3248
3188
3014
2888
2746
2906
2892
2834
2746
2794
2710
2750
2696
2692
2850
3020
3080
3114
3304
3198
3076
3258
3310
3448
3528
3528
3614
3594
3754
3618
3508
3472
3362
3440
3346
3228
3224
3284
3060
2906
2886
2948
3012
3146
3248
3198
3290
3296
3324
3334
3322
3360
3166
3192
3222
3270
3188
2992
3016
2890
2914
2852
3120
3112
3096
3008
3010
3138
3082
3132
2956
2788
2828
2906
2784
2792
2708
2718
2762
2820
2726
2796
2850
2798
2814
2892
2846
2800
2866
2778
2838
2820
2918
2872
2912
2838
2836
2980
2950
2988
2996
3106
3170
3158
3126
3164
3100
3080
3118
3216
3264
3132
3160
3238
3276
3404
3428
3494
3344
3322
3266
3354
3310
3438
3476
3482
3380
3412
3488
3452
3572
3656
3806
3810
3708
3686
3578
3662
3646
3488
3548
3526
3592
3704
3628
3818
3792
3754
3848
3788
3742
3786
3732
3716
3942
4092
4084
4088
3876
3874
3798
3718
3620
3648
3800
3664
3826
3796
3776
3832
3936
3942
3742
3682
3652
3692
3744
3832
3892
3748
3590
3480
3340
3408
3196
3192
3164
3132
3158
3056
3114
3182
3098
3114
3146
3072
3088
2996
3014
2940
3026
2940
2916
2926
2880
3050
3008
3078
2996
2924
2856
2686
2638
2626
2574
2516
2480
2386
2168
2226
2108
2152
2168
2248
2110
1894
1774
1716
1726
1740
1764
1778
1712
1586
1534
1614
1638
1578
1522
1278
1420
1478
1468
1286
1360
1240
1258
1314
1340
1270
1272
1356
1392
1402
1238
1276
1170
1058
1012
864
880
1014
994
1166
1028
1202
1098
1046
1248
1314
1322
1282
1208
1136
1040
1012
1148
1216
1210
1262
1360
1516
1494
1510
1712
1678
1620
1626
1484
1508
1382
1380
1284
1222
1410
1464
1466
1474
1488
1402
1346
1274
1262
1332
1272
1370
1276
1274
1430
1422
1348
1312
1134
1136
1184
1292
1318
1288
1402
1420
1420
1436
1464
1416
1408
1224
1194
1262
1276
1250
1196
1268
1252
1250
1282
1208
1296
1182
1054
1040
844
1014
980
990
922
874
702
746
620
630
512
520
348
266
234
234
152
82
98
48
58
32
36
120
234
204
222
184
190
184
296
124
52
160
258
322
534
516
486
532
570
514
532
534
462
550
602
496
470
438
350
434
454
628
612
712
762
814
746
850
768
746
844
908
978
926
888
760
710
588
692
788
924
1020
1124
1150
1168
1014
1088
1178
1074
1008
998
866
934
838
942
828
840
774
720
900
790
772
688
666
648
536
474
702
664
678
714
684
676
662
696
762
928
986
948
880
930
1040
954
1114
1208
1210
1372
1378
1250
1172
1292
1290
1374
1262
1190
1134
1062
1078
1032
1046
1200
1202
1168
1116
952
840
770
792
746
928
948
1122
1160
1106
1014
876
854
840
1028
994
992
930
784
688
660
766
702
600
688
728
722
626
586
726
736
754
642
462
686
782
864
842
726
674
684
516
708
764
660
600
678
678
570
602
674
648
484
470
530
772
806
640
526
500
586
468
550
608
570
504
396
350
276
442
318
470
394
270
230
52
96
106
2
34
36
166
250
222
166
222
176
256
332
332
472
450
432
478
388
554
546
590
560
546
552
478
670
724
648
760
664
464
592
612
602
524
376
258
354
220
308
390
522
538
490
516
462
472
400
432
302
220
210
230
344
422
472
488
500
544
454
406
450
360
416
262
186
274
226
306
282
318
358
200
270
128
84
22
88
64
142
296
328
312
424
382
294
322
394
358
448
174
238
210
200
258
146
6
30
68
56
96
82
24
18
2
32
6
48
32
160
182
146
216
224
236
236
362
308
328
432
460
434
596
476
332
306
368
468
584
448
352
350
482
376
340
292
288
320
264
436
374
444
440
298
272
252
320
212
168
86
24
120
148
174
150
176
52
2
90
94
90
74
44
74
54
84
176
148
158
292
392
464
468
404
266
252
348
386
330
388
338
214
212
16
292
122
66
118
274
268
188
296
366
418
372
312
326
476
674
716
792
748
780
866
924
698
642
658
564
770
634
698
700
678
630
530
562
446
488
676
842
772
774
796
838
820
850
764
814
756
740
622
676
628
646
676
806
856
732
788
622
570
560
556
566
512
500
396
458
530
638
690
586
628
622
550
616
590
808
796
666
526
452
504
602
712
618
674
750
716
780
758
622
590
700
718
760
800
764
622
700
630
630
768
844
824
750
816
906
792
574
626
628
606
656
822
756
824
928
944
1004
950
828
932
884
988
1084
950
910
992
902
980
1024
1072
960
982
962
842
920
1046
1258
1124
1156
1288
1260
1222
1204
1144
1096
1146
1200
1294
1356
1340
1514
1482
1324
1308
1324
1388
1404
1546
1610
1606
1598
1592
1572
1614
1568
1438
1438
1504
1480
1514
1514
1590
1754
1728
1742
1796
2028
1990
2060
2078
2114
1974
2016
2006
2090
2132
2178
2174
2162
1922
1984
1890
1848
1708
1808
1680
1838
1886
1886
2010
1906
1884
1922
1892
1944
1784
1764
1718
1668
1800
1808
1952
2012
2120
2256
2202
2216
2140
2114
2202
2196
2144
2020
2102
2112
2158
2226
2458
2464
2532
2534
2530
2424
2346
2240
2264
2224
2220
2082
2096
2010
1974
2038
2030
1940
2112
2042
1900
1862
1946
2016
1836
1746
1786
1730
1944
2042
1926
1882
1908
1824
1806
1726
1668
1588
1664
1640
1930
1940
1976
2144
2222
2206
2358
2456
2424
2348
2418
2560
2606
2578
2582
2410
2344
2468
2572
2552
2690
2432
2418
2420
2366
2452
2360
2438
2424
2264
2254
2256
2278
2374
2256
2278
2334
2362
2224
2218
2244
2418
2298
2254
2354
2344
2390
2434
2332
2330
2316
2226
2350
2428
2556
2486
2444
2276
2232
2302
2504
2520
2650
2696
2382
2178
2106
1984
2024
2114
2106
2096
2168
2106
2112
2124
2216
2120
2022
2006
2070
1924
1738
1692
1656
1664
1456
1548
1674
1774
1692
1552
1710
1662
1688
1736
1742
1612
1682
1754
1634
1664
1798
1900
1912
1902
1914
1976
1826
1760
1942
1956
1878
1914
1946
2004
1970
1948
1934
1886
1608
1616
1610
1552
1460
1532
1362
1292
1160
1124
1168
1286
1364
1432
1376
1368
1450
1434
1396
1402
1350
1170
1238
1246
1254
1234
1252
1236
1370
1280
1246
1082
1116
1278
1412
1436
1328
1636
1686
1714
1596
1476
1402
1390
1622
1716
1858
1834
1810
1724
1812
1916
1930
1834
1840
1948
1684
1590
1462
1566
1654
1648
1698
1736
1854
1834
1772
1662
1784
1758
1876
1858
1728
1766
1802
1918
1960
1982
1784
1870
1916
1916
1784
1876
1864
1796
1784
1764
1768
1838
1890
1780
1778
1750
1696
1656
1672
1418
1582
1616
1574
1488
1402
1334
1186
1068
1248
1238
1198
1150
1218
1338
1340
1366
1416
1558
1604
1588
1628
1638
1784
1840
1782
1798
1764
1860
1680
1764
1702
1714
1604
1546
1754
1776
1826
1842
1788
1872
1680
1740
1704
1608
1592
1564
1754
1772
1856
1746
1826
1758
1582
1722
1854
1856
1928
2046
1952
1910
1928
1934
1984
1910
1782
1694
1654
1752
1780
1752
1696
1726
1810
2022
2110
2088
2240
2216
2292
2156
2356
2292
2276
2320
2392
2358
2296
2300
2264
2286
2382
2522
2562
2492
2532
2588
2554
2512
2566
2398
2474
2356
2466
2400
2504
2478
2506
2618
2644
2676
2786
2740
2752
2620
2546
2560
2618
2714
2670
2596
2538
2504
2548
2530
2606
2466
2422
2348
2348
2542
2678
2638
2538
2428
2328
2334
2218
2142
1986
2098
2092
2094
2046
1922
1882
1934
2090
1992
1886
1818
1822
1842
1830
1736
1864
1808
1748
1524
1668
1640
1716
1736
1798
1900
1776
1788
1774
1844
1872
1840
1958
1960
1978
2060
1988
1964
1976
1906
1986
1934
2006
2034
1800
1772
1714
1792
1676
1638
1656
1574
1362
1398
1472
1380
1462
1512
1530
1644
1564
1668
1640
1706
1610
1536
1572
1518
1544
1622
1598
1738
1690
1840
1904
1918
1730
1634
1552
1578
1642
1676
1742
1550
1504
1508
1286
1304
1360
1442
1466
1392
1628
1644
1654
1672
1394
1418
1418
1372
1448
1362
1316
1354
1372
1474
1344
1416
1430
1496
1524
1508
1570
1456
1454
1430
1440
1554
1576
1486
1478
1420
1348
1340
1078
1158
1212
1220
1156
1072
1080
1010
1086
956
858
924
892
920
764
732
626
666
770
852
894
662
550
486
346
276
276
382
362
438
402
404
544
456
514
584
558
706
864
752
778
614
606
628
548
684
742
782
864
910
910
1020
878
854
704
652
646
836
1036
978
992
912
842
840
1112
1230
1160
1276
1134
1108
1038
980
1086
1054
1084
1172
1200
1302
1368
1174
1366
1590
1624
1626
1642
1562
1346
1482
1468
1528
1592
1526
1484
1380
1264
1314
1238
1168
1176
1212
1364
1468
1412
1178
1238
1294
1276
1328
1376
1262
1256
1224
1330
1436
1428
1448
1404
1372
1406
1414
1530
1504
1584
1634
1684
1652
1594
1546
1636
1634
1622
1666
1602
1812
1794
1870
1892
1974
1986
2138
2142
2192
2234
2200
2250
2266
2226
2248
2204
2396
2348
2470
2344
2574
2570
2452
2612
2556
2514
2432
2450
2456
2426
2394
2420
2258
2252
2524
2410
2392
2432
2536
2380
2402
2568
2404
2438
2488
2494
2656
2568
2456
2316
2170
2104
2188
1956
2034
2086
2236
2120
2176
2244
2342
2444
2274
2324
2324
2286
2290
2462
2394
2214
2294
2294
2122
2250
2194
2208
2244
2174
2100
2190
2152
2242
2278
2112
1990
1918
1926
1926
1824
1880
1972
1890
1818
1762
1896
1846
1814
1974
2080
2008
2092
1986
1940
2026
2146
2090
2090
2160
2226
2210
2128
2156
2198
2090
1946
2048
1930
1760
1644
1654
1722
1628
1702
1826
1900
2002
2014
1976
1978
1918
1870
1886
1778
1704
1716
1730
1738
1766
1792
1854
1876
1892
1982
1998
2054
2076
2288
2278
2262
2128
2046
2024
1960
2012
2120
2088
2068
1968
1974
1916
1922
1988
1922
1856
1908
1790
1622
1638
1642
1744
1812
1858
1900
1820
1940
1968
2090
2148
2028
1860
1912
1860
1882
1972
2058
1902
1782
1698
1690
1682
1680
1468
1482
1496
1512
1554
1518
1500
1560
1640
1670
1770
1700
1618
1620
1634
1674
1750
