894
882
888
898
944
956
912
924
912
914
922
900
906
898
914
892
894
880
874
822
846
854
876
866
874
858
864
878
880
902
874
870
866
890
888
892
890
892
910
898
880
856
854
836
848
856
880
858
852
890
854
870
878
898
928
920
920
930
900
882
916
900
920
916
930
902
902
926
912
926
934
934
934
912
908
918
880
862
854
826
822
818
798
778
768
770
800
798
814
828
814
822
804
814
788
782
806
806
832
862
856
826
794
786
752
758
748
810
808
802
792
812
788
752
786
820
840
812
838
830
820
834
844
844
820
826
838
870
820
854
852
866
842
854
896
894
912
886
880
878
866
842
856
850
858
860
822
796
788
752
746
750
772
774
810
824
838
810
804
822
866
852
848
830
838
814
816
836
856
854
854
818
836
846
876
866
830
818
830
812
848
844
830
836
844
824
818
820
804
806
786
774
820
786
764
766
762
794
806
790
826
792
828
834
822
826
852
810
784
838
888
900
920
894
904
904
882
890
900
894
904
904
922
926
924
930
910
918
912
890
880
878
842
832
874
910
876
820
832
840
786
792
798
766
736
706
756
756
764
740
766
780
772
770
774
738
726
716
724
792
796
754
794
816
790
792
826
840
846
824
814
838
828
886
898
906
916
930
912
882
862
868
842
828
800
802
858
860
850
860
890
896
888
868
846
870
914
884
920
918
906
890
892
878
876
860
856
892
922
914
896
874
886
854
844
822
870
904
922
904
910
910
926
910
936
914
896
902
908
918
904
918
918
888
900
914
910
886
906
916
922
930
916
920
928
930
918
908
934
952
950
954
922
900
884
864
898
886
870
862
878
880
882
888
874
880
874
890
900
910
920
942
934
940
950
934
930
922
928
904
904
886
870
874
856
880
898
904
874
862
882
894
872
882
876
896
922
898
920
908
884
876
884
872
882
858
830
804
794
814
802
836
818
842
848
804
830
828
860
910
890
890
900
884
904
900
890
908
938
924
906
872
914
916
894
894
872
892
888
910
912
902
910
930
924
918
928
900
918
912
896
876
878
870
848
838
858
892
888
860
864
906
934
928
936
908
854
882
890
898
882
888
874
880
852
854
846
868
878
872
898
908
892
884
906
896
900
840
860
858
872
886
884
874
880
892
912
894
916
930
918
898
920
902
898
882
908
892
876
920
930
916
904
902
892
890
894
902
900
900
918
894
878
888
888
896
922
938
926
914
920
956
958
930
930
906
896
904
886
868
862
868
834
818
782
758
768
730
756
776
760
798
814
834
830
864
886
874
866
862
850
814
790
846
866
864
844
820
834
856
870
850
878
892
888
868
872
916
880
874
864
852
866
854
888
860
838
854
786
752
794
812
798
800
822
848
836
854
884
844
846
840
856
868
840
884
890
874
872
898
916
924
920
936
928
938
946
974
962
950
930
920
908
862
888
826
818
810
796
816
852
856
836
866
856
842
828
820
854
886
916
892
900
882
884
918
912
906
908
894
906
904
902
898
872
900
904
910
916
936
908
900
894
886
884
884
884
912
932
946
940
922
924
926
940
942
954
942
950
954
924
940
950
946
940
900
898
924
908
940
938
954
942
942
926
942
906
892
886
874
900
910
912
936
932
904
904
890
876
892
902
866
854
828
832
842
826
838
814
796
788
742
756
776
820
846
858
878
888
914
938
938
928
908
934
926
932
908
926
926
964
934
920
932
896
862
878
884
916
918
916
916
916
908
894
854
798
764
800
810
784
782
778
788
796
790
806
808
772
780
788
776
784
798
810
804
828
868
880
896
862
822
846
828
852
810
812
860
896
918
902
884
882
876
836
836
858
854
828
834
884
896
884
836
792
792
800
828
828
832
836
820
796
832
796
736
770
816
786
812
826
798
792
846
878
886
898
888
890
898
918
922
898
900
838
866
902
902
898
854
888
880
884
880
864
840
818
772
800
814
800
792
808
796
772
798
766
790
810
836
824
812
818
828
824
832
830
828
812
802
806
826
842
846
850
838
824
844
842
864
840
828
814
834
852
822
810
830
858
880
870
864
874
938
928
938
916
874
882
912
922
892
892
886
886
916
880
902
874
898
892
880
916
944
926
940
958
952
966
950
964
950
932
932
944
934
924
910
914
898
858
898
900
874
886
894
898
874
868
880
884
882
832
858
854
832
858
884
926
922
894
884
914
898
924
908
914
908
930
916
902
904
886
884
834
832
842
832
836
860
866
830
818
810
802
842
840
810
848
846
840
872
852
844
854
864
872
860
838
812
818
794
784
748
764
758
794
818
796
856
868
876
884
892
848
842
826
824
850
870
874
880
888
900
912
918
938
968
970
958
958
960
970
942
920
900
872
874
862
852
844
840
870
908
892
908
924
904
876
900
900
922
898
866
870
878
864
874
884
866
842
822
852
834
846
874
858
842
820
794
802
808
816
780
818
808
798
772
754
802
864
852
878
854
878
870
878
872
868
872
878
860
852
854
864
884
904
894
884
872
856
840
844
870
868
886
884
886
882
916
934
916
936
920
926
912
930
948
916
906
906
896
884
858
854
864
900
916
914
934
956
954
944
950
948
948
930
940
926
918
912
882
888
860
818
804
812
850
830
794
794
758
750
704
712
698
718
724
720
706
730
734
738
720
728
696
718
690
676
698
680
674
654
664
660
666
624
626
678
630
652
686
682
684
682
678
710
740
754
768
742
760
754
712
706
710
716
706
732
692
676
700
752
774
772
712
734
742
738
710
698
752
722
724
718
734
734
756
780
782
804
812
820
838
782
796
850
822
802
800
806
766
778
784
804
826
816
808
804
802
834
828
820
812
856
854
846
860
884
864
862
902
894
856
866
822
818
802
776
830
810
810
812
858
874
904
904
896
860
866
888
868
894
878
902
918
944
938
916
914
892
896
910
904
888
860
846
856
882
874
872
852
856
888
912
900
896
890
902
908
906
922
904
860
856
816
802
830
818
820
812
776
776
776
686
684
666
702
700
730
762
758
800
812
856
898
880
864
884
874
872
834
854
816
832
844
834
840
852
866
872
888
888
886
884
884
894
910
902
876
876
890
880
912
910
874
868
908
904
910
892
874
862
880
886
860
848
836
844
846
872
876
876
896
858
870
870
902
908
886
908
908
910
952
928
960
948
966
918
916
910
914
920
930
948
934
912
890
890
922
932
922
922
920
920
902
908
922
918
910
904
900
882
844
830
856
854
838
808
830
840
854
858
856
860
876
878
882
892
870
872
810
802
808
794
808
846
908
886
862
830
834
834
844
838
844
852
864
886
874
876
874
872
862
806
834
836
840
844
862
870
838
862
848
854
888
890
872
842
864
904
880
884
876
894
904
932
910
888
874
914
894
882
854
794
790
790
810
812
784
750
760
748
760
734
720
738
786
838
854
850
844
852
862
832
830
812
844
790
808
778
784
812
798
796
806
828
834
856
838
838
850
822
800
784
766
756
800
816
802
816
820
806
798
834
846
856
850
876
880
914
926
906
904
902
896
932
920
924
896
852
866
878
890
902
920
936
908
900
906
912
882
876
850
866
866
896
884
900
856
880
870
904
862
836
842
812
824
838
866
864
866
870
888
910
892
888
892
890
886
882
826
852
888
908
884
870
866
824
820
810
794
824
808
826
822
808
850
858
870
872
878
876
858
878
882
850
874
886
874
892
868
880
880
858
854
820
862
860
864
850
822
802
804
812
868
874
900
892
868
878
874
872
882
898
858
840
824
826
824
846
882
862
870
868
834
858
850
798
842
846
846
856
824
856
884
880
870
896
912
878
898
876
862
870
840
836
852
884
858
858
856
848
838
812
820
804
788
816
820
816
834
856
814
810
776
774
722
712
710
726
750
738
716
702
720
732
728
718
732
710
714
672
712
766
768
750
754
734
730
738
762
754
778
756
772
782
796
786
760
794
788
770
768
762
760
778
792
778
768
758
786
772
814
768
756
764
782
784
820
828
838
870
836
812
840
856
912
916
930
928
936
912
892
898
902
898
884
878
828
846
876
912
912
922
940
952
948
908
898
878
876
872
876
906
890
866
840
876
898
902
908
896
914
916
876
884
906
904
910
902
914
910
930
936
914
908
928
918
892
894
898
918
918
942
948
922
922
948
956
932
928
916
918
918
922
934
908
890
888
850
830
824
812
870
868
882
894
870
886
890
894
900
888
858
894
906
898
898
898
928
910
938
916
930
934
924
940
928
902
882
906
892
892
926
930
918
936
928
918
912
904
880
908
926
940
942
912
928
920
860
878
874
866
836
804
856
904
912
904
858
876
856
892
890
904
882
858
852
824
798
810
808
828
854
800
790
778
778
808
824
816
832
844
800
764
756
790
800
804
810
818
814
834
832
848
856
876
836
846
830
834
828
842
866
814
784
770
760
780
750
756
738
756
740
742
734
746
754
760
812
792
746
752
716
734
746
764
742
760
796
808
782
820
810
804
766
780
820
794
780
830
876
904
854
864
898
902
896
880
908
936
930
916
924
930
914
902
884
878
878
886
866
876
876
886
894
884
856
832
830
822
820
878
898
908
914
890
902
894
