354
362
378
354
380
326
308
288
346
338
300
234
246
228
210
200
172
146
208
226
210
160
192
236
214
244
240
238
248
240
196
180
146
214
222
188
182
216
196
222
222
178
222
242
224
246
242
254
220
178
216
174
102
68
110
64
16
82
114
60
40
74
92
122
136
148
154
184
236
246
298
252
242
278
270
306
334
350
380
420
416
432
370
404
364
406
426
468
470
492
470
524
488
516
552
578
538
502
534
512
484
450
446
454
472
534
562
566
564
570
586
584
560
608
630
644
588
578
544
572
608
646
648
616
632
604
608
584
608
630
596
636
630
594
592
602
620
638
624
578
588
614
602
578
600
610
576
604
586
554
572
590
560
550
518
504
512
466
510
496
498
506
504
510
484
478
508
516
474
464
464
540
500
482
466
400
414
406
356
328
310
354
354
396
400
424
436
440
436
486
480
494
522
534
482
492
522
522
506
474
416
448
388
414
342
414
412
460
522
498
454
428
474
476
530
540
570
564
566
574
560
590
552
546
486
502
512
414
434
404
432
396
394
386
352
404
490
486
450
430
420
372
428
388
344
362
368
420
392
390
348
326
420
444
466
550
614
572
544
544
546
542
508
546
564
532
580
580
538
532
518
572
582
554
548
626
610
614
636
642
692
642
658
690
710
706
724
704
726
690
634
610
600
592
632
600
556
576
600
578
556
584
498
508
480
448
426
390
400
420
456
398
378
366
376
372
402
388
392
366
336
374
310
290
286
264
218
258
298
238
196
156
64
154
192
172
204
180
152
112
112
188
222
188
190
200
180
190
194
154
178
154
124
136
170
140
96
92
50
64
56
4
36
86
92
46
12
32
12
24
28
12
28
10
24
52
2
14
14
36
18
52
90
100
92
70
88
124
128
112
70
40
94
122
132
190
142
142
160
180
194
218
200
204
152
186
174
214
254
312
348
364
386
450
396
408
432
464
478
462
538
570
512
510
526
562
572
602
600
596
630
608
600
584
620
594
640
598
592
614
620
598
592
574
554
570
532
478
380
364
318
294
326
254
302
260
280
268
320
286
270
284
264
310
210
230
276
316
308
292
294
312
320
300
290
312
318
396
384
432
354
342
360
378
406
362
398
428
432
426
404
372
384
388
378
358
344
334
374
334
300
294
334
324
338
340
328
268
226
220
230
260
278
264
304
332
332
310
336
346
332
352
316
318
360
318
300
292
312
314
338
374
328
318
318
318
272
288
268
268
244
236
216
216
232
236
246
240
228
268
296
250
256
244
232
228
238
222
202
150
128
188
214
154
192
178
170
116
90
86
54
104
98
80
32
28
20
14
6
8
68
102
182
182
168
200
166
150
124
96
74
106
88
62
28
26
88
96
98
84
92
154
174
114
102
132
142
136
142
112
98
132
130
120
136
154
194
204
204
238
260
280
262
240
250
262
270
282
234
240
282
268
300
316
318
304
292
266
294
208
242
274
298
254
270
246
184
134
104
98
156
172
220
188
222
208
218
200
184
156
114
48
56
94
160
142
108
150
158
206
186
192
182
106
74
104
108
112
176
122
92
92
102
66
90
14
8
52
50
74
62
52
70
68
64
52
38
2
14
60
58
26
32
44
76
66
62
88
86
96
60
84
108
74
56
58
38
50
64
48
58
38
6
36
72
52
66
38
38
74
110
48
94
70
64
60
88
82
50
88
88
78
88
30
54
124
150
154
182
184
172
154
146
130
160
230
306
300
302
284
254
268
320
352
350
308
272
222
144
144
164
126
132
138
112
102
138
160
206
228
262
236
304
288
248
234
152
134
140
148
166
164
154
156
182
210
226
270
278
282
294
284
248
286
306
318
276
258
238
274
224
250
264
214
180
180
182
148
196
156
226
228
238
224
178
188
188
220
260
254
250
304
278
332
332
320
340
374
374
362
414
418
416
448
432
418
460
478
450
498
506
476
440
462
442
416
394
348
314
326
304
296
322
414
468
452
504
484
478
496
538
588
558
548
604
606
618
590
626
646
658
646
662
670
602
632
638
656
676
664
596
604
566
556
526
586
614
612
606
610
636
640
586
598
568
574
574
572
584
588
606
616
570
532
540
572
600
622
630
628
622
582
654
606
608
642
628
624
624
580
612
592
602
590
596
566
564
554
534
562
566
554
552
592
602
614
600
602
606
580
592
596
588
532
498
514
534
566
536
540
558
518
538
550
546
574
530
544
544
522
576
600
598
610
578
526
494
536
550
570
558
588
596
606
544
586
544
540
542
560
548
564
550
560
558
582
584
508
552
522
510
468
486
446
428
458
414
418
360
320
302
298
184
304
362
356
396
440
466
450
482
514
482
502
440
432
414
438
436
436
404
442
446
434
420
410
472
464
476
512
528
494
482
470
382
408
432
404
420
448
444
438
384
438
456
458
424
376
408
444
394
430
478
406
438
412
406
408
368
408
314
348
338
350
400
432
408
386
406
364
440
448
450
500
520
518
562
520
522
508
530
530
482
458
448
436
404
414
482
490
502
516
508
488
500
526
564
562
554
582
574
578
566
632
580
548
566
596
638
606
638
622
612
594
588
580
628
570
594
626
640
660
656
712
650
636
632
608
574
642
672
638
658
604
620
636
640
600
550
542
552
586
578
576
648
600
570
580
574
574
596
576
580
580
572
672
682
672
684
704
698
636
654
672
640
676
656
666
646
686
726
724
754
764
784
798
748
738
718
768
738
718
756
720
724
698
734
702
736
712
660
660
666
604
630
634
604
590
608
582
600
620
648
618
656
664
662
632
582
598
576
612
618
612
632
636
606
624
596
596
592
612
588
600
608
606
634
618
586
622
668
634
608
652
658
678
672
660
708
738
696
704
676
752
742
738
746
762
726
730
732
728
706
670
656
648
644
600
614
588
608
592
602
624
606
544
520
566
576
520
550
572
596
612
610
572
580
616
600
606
574
588
598
550
584
660
674
654
648
624
594
532
506
452
466
432
412
488
462
404
462
468
482
488
482
474
428
410
352
380
390
394
394
388
394
386
314
300
328
344
374
332
368
308
336
374
410
452
430
406
430
448
438
410
402
404
390
312
302
324
350
332
348
364
316
322
294
274
322
316
340
424
418
484
512
478
474
466
480
524
508
438
464
426
408
408
464
438
414
416
340
324
356
350
324
416
440
448
426
400
420
428
380
316
292
274
244
226
164
162
188
190
192
108
88
50
88
88
72
78
26
26
10
54
82
88
112
104
96
96
128
192
210
212
182
192
210
190
212
186
154
172
188
242
242
140
108
84
86
52
20
14
14
66
60
50
42
70
106
156
176
138
122
162
116
144
134
90
56
30
108
160
138
132
182
118
142
136
166
146
122
164
88
68
126
62
82
72
80
82
142
180
186
156
160
222
256
262
290
288
338
376
310
294
286
336
376
374
320
330
328
358
318
304
278
334
332
316
346
364
344
302
362
310
278
328
342
316
264
222
158
140
170
128
68
42
42
46
82
106
46
22
22
22
24
30
48
96
90
60
58
30
30
34
42
8
50
18
20
8
4
4
14
4
20
44
46
50
26
36
72
68
102
84
134
130
108
70
88
48
16
74
40
26
26
14
4
6
46
4
42
96
58
72
124
144
182
172
166
178
108
78
74
102
140
178
192
180
190
168
152
170
190
172
152
124
150
160
160
110
104
98
64
20
60
72
88
84
76
100
94
146
80
104
104
92
48
46
44
52
40
34
30
36
12
2
14
62
98
110
88
92
140
112
128
176
102
94
150
160
174
164
146
176
228
242
252
260
282
278
264
262
286
298
272
298
330
342
400
426
454
444
404
394
356
392
398
356
338
320
314
308
314
304
292
326
314
314
346
348
382
338
364
402
406
356
360
386
318
246
210
232
204
234
198
220
220
176
192
224
220
176
228
258
240
202
232
238
302
284
272
292
292
204
178
180
200
212
200
202
244
204
218
258
244
272
296
314
328
334
360
326
338
338
340
318
324
294
284
312
336
292
308
332
346
334
350
306
296
280
286
214
222
290
270
246
208
226
222
170
222
238
180
198
148
90
60
62
62
24
4
44
60
66
82
78
106
88
120
148
126
68
38
18
36
8
8
14
44
20
0
10
92
196
276
288
240
188
204
220
216
206
268
210
124
110
134
132
150
144
160
208
196
148
140
152
190
172
228
220
200
198
178
212
222
202
234
276
254
226
266
298
268
282
264
302
344
376
350
336
366
392
364
348
354
394
406
406
384
396
348
366
320
296
260
340
322
300
286
282
256
272
284
300
322
398
426
410
400
360
380
408
402
410
426
416
404
402
422
398
376
408
414
410
400
374
386
426
464
472
484
538
510
518
456
502
502
460
512
498
466
424
482
442
440
454
430
456
468
422
438
432
416
426
396
396
408
430
426
410
424
404
364
352
348
314
312
350
426
448
414
394
382
334
392
384
352
372
368
374
380
384
376
332
336
388
336
326
288
276
244
224
224
270
296
250
260
284
306
278
204
226
174
156
164
142
120
120
190
172
134
150
174
158
128
172
186
172
192
240
262
226
240
238
210
204
168
162
174
206
