566
492
512
538
494
548
554
538
544
556
566
560
566
586
606
634
574
604
650
668
690
734
786
790
782
814
832
840
838
818
798
812
844
808
838
820
828
826
780
772
748
714
738
744
752
726
684
634
624
666
634
636
648
676
718
738
724
718
668
724
708
722
744
780
720
710
696
718
716
674
656
658
642
620
630
662
676
702
694
674
622
624
624
600
598
552
534
542
534
494
480
474
502
436
420
444
408
426
474
500
528
530
500
506
534
496
558
556
584
594
594
582
628
594
588
552
568
558
568
542
564
538
532
504
520
520
454
432
424
358
362
360
368
328
334
236
160
194
146
196
216
258
238
258
270
300
306
318
268
318
310
302
206
186
112
112
158
138
166
202
212
196
180
140
132
154
168
192
214
264
284
364
370
422
368
360
382
392
366
384
356
344
366
322
326
352
364
392
442
488
520
518
578
576
568
546
584
546
516
520
502
482
486
516
542
538
548
598
622
676
692
680
700
688
734
752
712
696
726
746
710
706
696
680
686
696
698
696
700
728
732
736
744
738
782
832
834
854
804
798
862
850
840
828
822
826
860
866
868
852
818
800
798
778
812
792
826
758
782
782
784
786
750
724
758
720
728
750
760
710
734
720
688
694
698
706
676
666
664
684
722
752
762
736
694
724
718
738
728
744
670
690
656
670
658
614
616
590
626
618
636
628
628
650
666
672
648
662
622
606
584
630
592
556
526
554
498
482
470
460
428
462
482
496
536
550
582
588
592
548
562
586
572
570
588
562
580
560
574
574
624
614
670
670
670
664
686
650
694
704
700
684
702
766
772
732
742
814
780
798
764
766
758
792
804
798
782
812
780
772
760
756
784
802
792
764
804
782
788
750
776
766
766
790
840
838
856
860
876
868
864
874
876
874
866
820
778
756
732
716
742
758
756
732
766
768
754
780
806
780
784
808
818
778
764
676
698
674
678
704
670
662
644
646
664
680
658
594
640
666
666
722
700
684
660
660
688
688
686
684
664
656
700
694
696
654
698
656
698
740
754
830
820
816
818
810
804
794
816
816
814
792
792
780
786
746
794
766
734
684
708
738
718
712
706
736
772
780
778
754
724
748
744
730
762
768
798
802
824
792
804
792
794
768
728
754
786
768
806
786
766
776
764
772
752
744
794
770
764
716
734
718
734
752
792
786
744
728
706
702
768
810
778
780
802
798
820
864
806
844
800
782
754
754
730
728
734
718
716
750
770
738
716
738
796
786
840
816
792
748
728
678
718
718
694
686
700
690
672
652
662
666
672
642
640
634
616
646
690
644
678
676
702
694
696
670
664
630
636
672
644
684
624
666
682
686
674
668
714
736
726
732
728
710
734
710
704
730
766
790
762
740
714
720
728
692
670
734
786
790
808
806
802
768
766
764
728
704
702
706
732
716
684
696
714
730
752
750
742
734
762
714
690
732
744
786
784
788
774
796
800
836
818
848
874
902
886
878
832
836
828
860
862
910
904
878
848
862
866
848
822
846
806
804
782
786
770
750
728
720
762
740
726
754
762
702
732
698
702
718
720
716
710
722
750
700
652
672
626
636
610
558
584
614
596
584
576
608
600
578
586
552
530
520
524
576
574
532
534
534
512
434
394
420
358
416
386
398
412
400
452
440
450
484
474
430
456
414
382
354
380
320
334
360
368
340
382
336
326
310
282
274
298
312
342
350
396
434
440
436
458
428
488
482
470
472
492
444
378
372
428
442
454
474
410
478
506
496
524
496
514
464
452
464
488
518
572
574
582
596
524
504
528
522
516
518
500
454
416
390
388
370
374
386
410
418
448
478
486
474
482
482
506
530
494
472
480
516
522
476
488
484
476
480
512
558
570
548
570
570
546
568
608
594
602
566
540
532
514
476
450
476
476
468
432
412
472
516
520
510
472
454
474
498
482
406
440
420
392
392
456
442
484
530
494
502
464
420
448
424
428
422
440
462
508
476
472
444
482
488
478
440
424
436
464
434
452
454
486
502
500
474
448
446
428
460
480
500
492
452
474
472
494
480
512
520
538
574
540
540
514
468
422
404
394
374
326
300
320
308
314
282
302
350
336
328
272
302
292
300
306
332
302
306
308
354
390
434
402
370
344
358
374
348
268
232
190
206
172
186
168
180
194
170
214
210
230
192
174
134
94
122
88
160
104
90
64
48
62
0
18
62
2
66
34
20
18
14
46
60
98
136
112
128
128
168
182
232
246
228
202
184
184
160
156
150
128
152
188
218
244
260
284
248
236
264
258
278
298
256
284
260
194
150
196
212
162
188
192
170
172
180
192
188
202
258
244
272
304
302
304
326
336
376
372
398
402
390
400
424
426
468
520
462
504
508
558
560
568
618
580
568
606
630
590
586
580
576
612
640
674
636
676
704
688
656
646
670
680
664
626
622
614
644
662
700
720
744
776
768
744
722
740
726
704
702
712
696
714
754
812
810
820
814
778
786
786
762
734
752
782
800
764
758
760
786
778
748
698
730
726
726
728
696
738
744
736
746
772
764
808
784
752
736
708
686
704
670
588
584
574
524
500
546
588
646
674
672
656
672
660
656
638
604
596
618
630
682
682
696
696
714
724
712
726
736
726
714
726
704
664
632
610
618
654
676
678
666
700
690
676
634
670
702
730
742
730
754
748
692
732
790
830
832
828
858
818
826
812
864
864
896
908
926
892
898
906
904
890
846
860
864
882
832
810
822
796
804
756
746
758
774
764
768
780
762
770
770
760
766
774
778
782
808
768
740
738
748
788
732
732
714
698
694
728
734
764
778
800
812
804
826
872
846
854
844
856
848
844
850
798
772
790
818
778
772
810
806
752
778
810
826
844
878
852
818
854
824
818
826
828
846
804
820
854
844
798
834
846
856
852
850
832
826
866
834
848
822
870
868
838
854
836
836
812
790
778
754
728
742
752
756
750
712
728
674
684
654
690
710
708
660
624
622
662
686
712
750
752
778
736
780
808
756
732
726
744
728
708
686
660
676
692
652
666
690
654
642
592
560
532
542
558
582
584
584
568
534
546
578
580
588
560
560
578
556
514
432
434
442
452
398
444
464
506
480
480
510
466
488
440
450
430
462
438
390
350
400
380
328
402
380
434
422
414
436
462
504
508
502
476
526
538
546
544
568
582
610
604
554
506
456
476
444
406
434
458
458
480
450
424
354
420
432
440
448
478
460
448
454
474
466
464
476
506
468
462
462
448
410
386
384
424
366
350
396
368
382
360
356
330
294
308
314
354
374
384
408
406
492
496
498
470
464
512
540
584
580
556
522
520
560
576
526
552
558
566
588
574
644
648
682
636
612
612
640
622
644
634
638
656
682
652
646
668
636
680
660
688
720
720
746
774
782
772
792
758
790
814
846
872
878
886
934
906
924
920
878
856
866
862
892
892
884
884
852
854
828
842
856
844
860
844
792
788
816
822
826
830
818
826
784
794
808
782
800
844
836
820
812
794
808
786
762
746
732
744
728
696
630
652
686
666
726
700
744
752
736
718
726
724
700
742
752
812
806
760
770
712
794
768
744
724
762
754
748
744
716
740
736
708
674
660
666
618
626
628
638
598
630
604
624
630
690
686
690
728
714
692
710
720
742
676
620
558
546
546
572
570
594
590
568
612
676
698
670
714
718
696
662
672
748
722
768
770
806
804
800
800
854
866
896
864
828
798
780
774
776
778
726
696
786
766
770
772
806
800
788
776
750
742
742
732
744
768
750
750
694
706
654
680
704
672
652
616
668
664
622
626
670
706
666
654
616
566
542
504
504
478
506
498
472
462
460
412
442
456
458
438
436
432
446
448
472
436
458
484
436
464
488
484
496
462
488
474
482
470
438
400
458
514
544
540
564
530
568
614
610
596
630
614
598
584
564
548
582
524
566
598
586
594
578
534
556
556
546
524
468
502
516
540
576
648
712
750
782
710
696
704
728
758
754
746
764
750
760
776
756
762
756
780
744
738
740
746
742
702
718
756
758
786
762
788
796
822
832
828
796
776
804
794
804
740
744
716
772
836
818
818
840
860
842
824
818
786
760
750
752
772
764
812
816
802
806
810
774
790
814
826
838
816
800
786
790
816
826
832
792
770
746
748
762
742
770
768
742
712
678
608
642
680
708
748
754
746
772
778
818
808
802
828
808
816
792
808
776
786
778
822
842
798
720
742
780
744
742
732
768
790
786
736
728
740
736
740
714
780
790
768
790
772
738
724
708
696
698
704
726
712
712
716
714
664
682
730
768
752
758
758
768
802
758
762
764
770
766
730
696
746
758
778
830
830
848
810
780
806
802
770
770
806
764
794
748
732
748
666
678
664
688
700
704
664
664
706
692
732
742
758
776
800
818
818
780
778
760
720
724
716
702
704
672
710
686
704
700
720
688
706
676
656
676
688
710
708
694
710
756
734
732
710
678
694
672
670
700
742
694
690
688
652
678
654
638
630
652
690
726
690
644
660
636
636
628
616
630
636
644
652
676
672
670
708
704
728
734
776
730
726
752
786
776
770
778
790
814
868
864
872
818
