5510
5470
5538
5576
5606
5544
5558
5520
5622
5596
5550
5500
5398
5178
5282
5316
5312
5288
5270
5206
5164
5214
5430
5438
5372
5428
5352
5438
5458
5464
5440
5420
5340
5494
5528
5404
5482
5486
5636
5836
5798
5738
5560
5660
5700
5648
5560
5444
5408
5324
5434
5478
5320
5304
5484
5492
5464
5618
5588
5644
5710
5670
5622
5632
5792
5714
5738
5844
5972
6174
6146
6134
6146
6096
6188
6124
6068
6014
6046
6020
5970
5944
6054
6076
6036
5990
6070
6092
5994
6092
6022
6060
5956
5886
5772
5866
5806
5808
5672
5844
5772
5700
5688
5724
5636
5532
5596
5662
5702
5718
5662
5622
5834
5710
5778
5658
5572
5570
5692
5608
5602
5542
5360
5418
5500
5434
5474
5558
5650
5652
5606
5716
5742
5670
5632
5722
5604
5634
5588
5612
5774
5734
5642
5730
5764
5854
5818
5810
5884
5720
5710
5654
5688
5654
5774
5890
5928
5960
5842
5876
5870
5696
5762
5712
5646
5586
5550
5504
5350
5296
5384
5456
5556
5588
5454
5480
5422
5508
5334
5462
5440
5524
5530
5578
5516
5466
5474
5446
5590
5512
5474
5350
5432
5414
5300
5264
5288
5232
5360
5378
5322
5298
5388
5458
5460
5442
5398
5346
5354
5406
5506
5490
5302
5340
5384
5396
5456
5496
5358
5332
5266
5232
5316
5306
5120
5096
5098
5056
5084
5266
5276
5134
5024
5064
4894
4956
5006
4916
4962
4964
5190
5276
5304
5286
5306
5348
5288
5208
5280
5298
5342
5286
5256
5202
5138
5140
5040
5072
5060
5056
5120
5316
5266
5340
5538
5668
5792
5856
5806
5784
5828
5796
5784
5710
5800
5834
5948
5786
5748
5726
5658
5606
5626
5624
5680
5830
5782
5812
5772
5714
5632
5682
5742
5862
5800
5670
5752
5712
5838
5782
5714
5610
5580
5592
5616
5730
5630
5688
5640
5636
5618
5788
5730
5708
5586
5478
5466
5416
5462
5462
5384
5380
5570
5456
5492
5486
5562
5572
5492
5480
5564
5730
5810
5828
5802
5724
5778
5694
5722
5704
5696
5708
5768
5692
5758
5794
5790
5726
5772
5736
5658
5828
5810
5674
5576
5686
5490
5658
5658
5712
5738
5648
5616
5644
5758
5794
5744
5586
5612
5672
5660
5674
5670
5672
5672
5550
5424
5452
5396
5446
5574
5526
5594
5576
5572
5632
5724
5746
5674
5740
5930
5960
5862
5886
5922
5970
5892
5782
5758
5794
5850
5846
5820
5850
5884
5906
5818
5906
5780
5714
5724
5690
5738
5678
5660
5884
5946
5880
5916
5832
5898
5768
5832
5832
5926
6008
5976
5966
5946
5814
5866
5942
5902
5870
5744
5742
5584
5732
5670
5740
5772
5714
5820
5762
5762
5748
5818
5880
5924
6036
6022
6040
6008
6032
5996
6018
6066
6076
6060
6152
6168
6014
6002
5896
5902
6028
6090
6086
6052
6180
6228
6246
6280
6288
6226
6204
6194
6138
6154
6068
5980
5882
5918
6044
6332
6288
6284
6226
6300
6280
6372
6386
6536
6462
6476
6390
6418
6440
6454
6456
6508
6566
6574
6742
6828
6766
6732
6658
6838
6936
6870
6892
6766
6772
6864
6814
6746
6732
6792
6778
6834
6974
6984
6968
7010
6902
6842
6958
7004
6924
6804
6784
6870
6838
6668
6854
6880
6872
6788
6782
6822
6722
6720
6690
6756
6668
6680
6648
6606
6606
6704
6684
6528
6562
6526
6500
6484
6390
6382
6484
6440
6448
6324
6444
6422
6392
6388
6398
6454
6556
6566
6582
6554
6464
6490
6410
6520
6532
6464
6386
6360
6318
6444
6434
6524
6398
6522
6554
6374
6334
6378
6352
6360
6548
6370
6290
6398
6602
6586
6526
6396
6476
6436
6496
6486
6454
6496
6536
6506
6466
6544
6478
6442
6420
6356
6410
6356
6490
6540
6474
6596
6628
6592
6424
6442
6610
6536
6448
6482
6530
6344
6278
6290
6272
6284
6314
6286
6160
6134
6216
6100
6066
6054
6140
6134
6122
6072
6140
5990
5900
5768
5854
5952
5868
6006
5828
5892
5824
5880
5862
5934
6148
6300
6380
6474
6362
6466
6520
6360
6358
6350
6330
6270
6244
6254
6182
6280
6262
6286
6228
6162
6160
6054
6022
6010
5978
6120
5992
5974
5826
6008
5876
5930
5944
6072
6010
6104
6104
6222
6222
6238
6206
6310
6334
6348
6468
6222
6128
6138
6056
6158
6188
6260
6138
6068
6064
6152
6232
6170
6146
6172
6282
6292
6254
6260
6210
6200
6268
6368
6378
6328
6398
6370
6342
6270
6366
6316
6396
6258
6170
6240
6176
6122
6102
5924
5954
5890
6086
6002
6032
6024
5952
5938
5866
5906
5822
5812
5706
5798
5796
5936
5990
5880
5892
5948
5996
6024
5928
5912
5880
5840
5804
5804
5794
5848
5814
5726
5692
5682
5604
5544
5646
5696
5700
5618
5636
5588
5434
5528
5568
5692
5840
5760
5644
5608
5682
5632
5512
5482
5530
5540
5460
5492
5402
5484
5468
5510
5466
5506
5506
5510
5628
5554
5588
5498
5538
5532
5540
5632
5568
5468
5412
5408
5320
5428
5456
5704
5878
5770
5644
5684
5744
5708
5628
5612
5716
5756
5780
5728
5792
5834
5908
5972
5812
5836
5906
5998
5934
5794
5844
5928
6002
5936
5920
5936
5910
5868
5850
6024
6134
5972
5902
5912
5992
6118
6082
6006
6062
5972
5906
6020
6068
5956
5984
5988
6064
6114
6138
6132
6170
6268
6298
6204
6364
6408
6346
6436
6410
6398
6358
6336
6274
6204
6170
6146
6274
6418
6334
6462
6484
6360
6382
6278
6318
6408
6402
6282
6288
6268
6144
6174
6172
6164
6160
6068
6148
6060
6088
6222
6148
6056
6096
5972
5990
6078
6062
5968
6030
6040
5928
6028
6032
5916
6046
6010
5932
5780
5884
5826
5882
5944
5958
5832
5866
5814
5804
5802
5918
5968
5992
5916
5896
5902
5896
5978
5812
5890
5960
5960
5918
6034
6018
6038
6112
6094
5962
5878
5906
5880
5972
6010
6000
6014
6126
6138
6172
6146
6010
6110
6048
5986
6082
6094
5980
5764
5810
5956
5886
5954
5938
5920
5928
5960
5934
5820
5786
5656
5666
5570
5602
5792
5914
5758
5764
5900
5844
5932
5954
5940
5878
5866
5942
5904
5876
5874
5826
5838
6030
5906
5854
5916
5914
5872
6052
6002
5922
5762
5738
5770
5770
5816
5804
5738
5744
5792
5848
5880
5776
5690
5516
5454
5530
5592
5662
5620
5506
5462
5474
5382
5450
5370
5388
5384
5434
5386
5438
5584
5572
5612
5624
5682
5642
5506
5522
5448
5574
5594
5616
5520
5566
5472
5592
5562
5528
5558
5570
5440
5592
5596
5476
5638
5674
5712
5706
5658
5580
5350
5362
5366
5266
5146
5132
5240
5220
5236
5130
5342
5296
5230
5166
5196
5080
5098
5188
5214
5246
5194
5242
5252
5176
5156
5260
5118
5128
5120
5102
5050
4910
4806
4984
4952
4892
4842
4998
4944
4852
4766
4638
4690
4840
4826
4758
4716
4736
4682
4582
4626
4626
4660
4772
4634
4500
4466
4348
4288
4314
4270
4282
4182
4234
4184
4262
4352
4326
4252
4216
4108
4312
4262
4244
4032
3964
3938
3972
3974
3936
3870
3880
4094
4076
3946
3936
4010
3912
3998
4024
4024
4046
3906
3872
3856
3838
4058
4018
3996
4078
4066
4196
4236
4294
4340
4276
4230
4148
4148
4242
4154
4084
4014
4022
4106
4102
4146
4174
4196
4050
3990
4044
3984
4006
4060
4032
4190
4208
4270
4164
4114
4242
4204
4254
4190
4058
4090
4058
4174
4222
4348
4416
4292
4350
4386
4338
4276
4214
4110
4058
3928
3910
4062
4070
4194
4158
4296
4268
4232
4284
4260
4270
4296
4208
4278
4278
4246
4236
4064
4014
4178
4256
4242
4260
4352
4322
4308
4282
4248
4144
4042
4002
4026
4208
4158
4138
4208
4146
4100
4098
4312
4302
4304
4374
4366
4368
4326
4536
4496
4466
4610
4474
4480
4462
4636
4634
4738
4836
4618
4728
4732
4574
4624
4648
4690
4746
4740
4542
4606
4532
4578
4604
4572
4534
4652
4458
4396
4342
4302
4294
4224
4226
4270
4432
4420
4508
4552
4456
4378
4320
4386
4430
4428
4606
4494
4448
4452
4488
4454
4374
4294
4210
4176
4162
4060
4254
4310
4264
4292
4378
4482
4606
4706
4560
4686
4776
4580
4600
4528
4466
4438
4504
4386
4298
4432
4394
4282
4254
4290
4430
4428
4540
4586
4596
4588
4574
4574
4356
4380
4400
4362
4268
4212
4390
4490
4368
4610
4744
4756
4688
4864
4908
4770
4866
4798
4816
4838
4772
4796
4800
4786
4616
4620
4720
4896
4886
4890
4982
4826
5032
5106
5108
5354
5280
5308
5270
5152
5286
5388
5422
5484
5534
5584
5484
5462
5578
5670
5592
5508
5568
5474
5454
5580
5680
5798
5682
5678
5702
5706
5736
5638
5574
5592
5506
5506
5462
5444
5526
5636
5678
5730
5746
5774
5726
5806
5860
5968
6034
6036
5926
5932
5948
6096
6160
6116
6208
6218
6220
6152
6108
6078
6082
6042
5938
5928
5934
5910
5858
5874
5888
5830
5996
5838
5810
5718
5672
5600
5682
5582
5716
5764
5710
5744
5718
5710
5602
5648
5540
5594
5642
5550
5406
5380
5536
5442
5508
5370
5478
5328
5340
5448
5516
5378
5144
5114
5016
4950
4884
4904
4822
4668
4648
4638
4706
4690
4620
4694
4648
4568
4692
4576
4596
4724
4818
4830
4826
4776
4674
4894
4956
5004
4952
5060
4966
5006
4966
4958
4902
4982
4970
4974
4926
4872
4714
4850
4934
4872
4890
4832
4730
4790
4750
4896
5036
5122
5182
5200
5146
5190
5310
5268
5266
5296
5398
5306
5064
4958
4896
5026
5070
5070
5010
4978
4988
4874
4858
5002
5084
5120
5090
5092
5112
5056
5156
5160
4998
4890
4958
4970
5016
5178
5162
5070
5010
5050
4970
5022
4930
4970
5078
5208
5356
5290
5426
5316
5210
5268
5238
5244
5394
5336
5454
5510
5550
5636
5792
5858
5944
5878
5864
5904
5856
5806
5778
5662
5736
5830
5904
5868
5868
5930
5944
6032
6006
6048
6254
6280
6306
6312
6316
6308
6370
6362
6346
6204
6122
6082
6112
6120
6116
6042
6040
6070
6158
6304
6452
6444
6468
6316
6284
6274
6252
6264
6256
6256
6286
6218
6236
6200
6210
6152
6190
6144
6302
6232
6248
6384
6412
6370
6270
6228
6146
6118
6136
6192
6222
6342
6400
6450
6384
6278
6158
6118
6024
6052
5994
5946
5892
5810
5654
5624
5560
5538
5484
5426
5388
5358
5434
5410
5322
5450
5298
5398
5386
5270
5238
5168
5162
5242
5260
5386
5480
5484
5554
5626
5610
5594
5638
5708
5668
5662
5586
5628
5574
5572
5532
5400
5414
5378
5292
5222
5178
5352
5086
4974
4894
4986
4936
5094
5124
5134
5006
5030
5006
5048
5178
5216
5276
5362
5330
5204
5204
5286
5302
5388
5370
5222
5144
5184
5306
5420
5318
5226
5062
5104
5260
5338
5340
5378
5404
5376
5340
5326
5278
5258
5158
5072
5124
5240
5184
5142
5182
5318
5348
5352
5222
5086
5168
5160
5252
5406
5566
5556
5426
5504
5380
5304
5368
5298
5268
5226
5168
5188
5236
5186
5234
5214
5130
5256
5196
5140
5208
5092
5024
5118
4908
4902
4874
4792
4826
4810
4850
4896
4950
5024
4888
4936
4846
4904
4944
4910
4852
4898
4968
4986
5128
5172
5344
5290
5416
5382
5326
5320
5318
5384
5358
5470
5514
5462
5308
5186
5252
5350
5460
5384
5312
5324
5402
5382
5400
5520
5374
5318
5282
5328
5262
5266
5306
5306
5244
5244
5234
5170
5158
5230
5258
5226
5176
5258
5342
5240
5266
5384
5322
5348
5230
5256
5206
5154
5262
5362
5424
5340
5398
5458
5494
5478
5536
5502
5468
5446
5286
5384
5350
5426
5474
5394
5376
5508
5370
5528
5638
5614
5614
5484
5430
5344
5392
5510
5528
5628
5592
5708
5724
5818
5694
5674
5814
5802
5786
5890
5802
5918
5970
5906
6006
6006
5952
5872
5908
5914
5760
5728
5712
5678
5602
5610
5462
5418
5364
5378
5438
5506
5538
5466
5522
5418
5474
5532
5452
5404
5304
5252
5218
5286
5302
5258
5360
5312
5390
5540
5638
5546
5536
5454
5486
5518
5450
5500
5538
5510
5606
5512
5548
