746
644
620
670
528
560
708
692
666
684
534
540
552
644
666
652
604
564
524
520
502
496
412
422
338
336
390
416
438
424
512
486
544
490
492
538
592
626
514
484
464
406
496
450
428
376
406
490
428
512
448
360
328
350
308
332
382
448
528
494
494
486
522
504
606
612
520
562
504
548
514
556
604
550
542
652
670
698
770
702
644
690
738
744
764
822
858
852
856
832
910
868
850
750
758
684
688
698
698
782
738
658
700
766
674
652
654
668
586
524
608
522
482
508
572
636
676
832
690
722
686
636
708
796
774
778
710
658
720
694
716
602
688
740
782
768
874
962
998
958
874
808
824
840
738
722
642
684
724
712
716
668
646
704
658
560
608
516
452
576
604
616
516
540
568
618
606
634
622
476
602
464
454
406
370
266
234
140
164
194
216
168
254
326
266
168
204
250
298
296
266
302
360
356
408
396
500
526
544
548
452
332
382
314
324
336
292
368
336
326
334
236
222
202
212
296
348
394
402
316
390
342
308
328
392
328
330
298
226
216
310
364
420
438
470
440
558
462
566
484
454
476
486
488
416
464
392
378
368
374
344
346
430
450
458
476
530
546
508
434
422
532
512
374
280
272
194
182
184
150
48
104
144
60
38
186
292
326
414
336
250
174
178
190
190
164
240
176
270
244
186
288
200
242
208
206
268
322
374
478
430
522
338
332
388
394
442
576
598
622
564
432
528
480
454
428
364
306
366
390
394
274
312
360
310
398
460
530
466
510
468
460
456
438
382
414
324
344
372
310
394
368
338
348
356
398
398
402
310
462
358
388
306
392
410
470
496
478
506
444
422
432
342
434
418
396
376
342
394
438
312
418
402
392
392
408
308
314
444
436
346
376
346
384
394
356
292
258
374
374
252
226
276
230
246
140
146
182
166
212
186
316
378
292
330
498
460
402
396
424
486
506
594
534
548
506
458
432
472
416
402
352
404
384
372
282
342
354
332
426
426
380
424
328
298
258
230
220
302
282
390
410
444
406
472
542
622
614
582
550
586
566
654
608
660
530
514
566
558
580
574
752
836
804
868
898
946
926
814
830
788
728
826
900
860
944
886
840
864
858
790
770
734
792
826
654
666
680
684
666
652
732
758
762
786
712
836
966
910
970
926
1030
1008
1074
1110
1190
1256
1346
1420
1404
1422
1426
1450
1330
1306
1488
1506
1384
1382
1326
1328
1284
1348
1304
1374
1474
1440
1486
1424
1424
1378
1454
1440
1444
1348
1368
1396
1408
1388
1422
1428
1410
1408
1420
1322
1364
1304
1338
1354
1170
1252
1198
1146
1134
1190
1160
1040
1074
974
874
774
882
906
908
922
832
826
834
806
854
876
840
874
818
722
750
636
678
762
686
686
710
680
628
618
708
750
756
686
724
624
692
644
628
668
770
858
834
776
752
764
670
706
774
782
694
714
648
612
556
518
500
376
378
486
390
396
366
298
316
464
408
374
410
406
494
480
566
540
514
442
408
464
392
302
276
198
290
338
376
362
328
286
234
202
160
98
104
50
60
118
174
244
186
138
166
336
400
456
550
474
426
362
320
310
418
456
468
446
500
466
490
608
574
650
636
732
762
736
730
614
612
474
498
512
630
566
512
480
628
718
776
732
692
660
662
656
656
668
692
722
806
784
714
674
606
526
594
548
568
578
592
670
656
582
602
522
508
500
464
508
568
566
568
566
652
786
842
790
734
798
830
854
760
794
734
776
766
836
876
940
998
988
932
1010
994
956
786
828
962
870
848
902
828
754
730
814
836
960
952
976
934
830
794
774
848
870
964
964
958
1128
1008
980
990
974
1062
1002
1006
986
880
892
820
704
688
636
692
684
658
738
676
658
664
620
600
672
688
612
614
660
664
554
654
764
754
612
658
768
800
878
842
784
730
740
654
534
440
502
538
670
746
698
772
740
676
694
678
618
738
814
810
888
726
718
686
682
684
776
750
780
782
726
872
792
804
768
666
662
626
572
456
472
362
416
476
392
410
378
336
224
290
332
414
350
336
298
350
310
220
294
296
166
82
144
246
176
194
208
206
284
350
300
168
120
118
94
210
198
288
378
308
282
220
218
288
246
136
108
86
110
184
204
308
330
266
220
190
132
92
0
8
22
72
52
34
92
118
138
154
38
2
72
126
32
66
146
140
240
322
384
454
488
584
580
662
578
556
524
550
564
562
570
508
634
580
550
578
626
680
662
596
652
666
742
828
740
756
852
888
800
926
930
944
990
1028
1052
962
966
966
972
988
1076
1056
1068
1066
1126
1124
1130
1172
1168
1172
1300
1320
1280
1252
1306
1274
1346
1402
1434
1454
1424
1480
1412
1416
1322
1286
1186
1118
1112
1142
1224
1324
1302
1312
1378
1340
1376
1316
1300
1310
1322
1396
1370
1314
1268
1298
1162
1126
1094
1164
1238
1310
1256
1272
1144
1186
1194
1234
1262
1292
1284
1258
1226
1226
1290
1202
1222
1152
996
946
946
1014
1050
1072
1010
986
958
870
880
926
868
892
838
882
794
826
934
968
988
964
946
884
800
856
974
990
1058
1060
1080
970
1028
946
960
980
976
976
848
952
920
998
1026
1036
902
830
722
872
892
998
854
858
994
1074
1046
1154
1218
1270
1284
1294
1348
1376
1340
1258
1252
1212
1156
1102
1160
1130
1192
1142
1276
1206
1166
1150
1144
1154
1228
1224
1214
1248
1054
1050
1062
1082
1192
1214
1312
1256
1176
1246
1158
1172
1256
1306
1346
1452
1384
1242
1246
1254
1278
1300
1276
1438
1458
1444
1464
1450
1500
1488
1448
1476
1514
1568
1596
1590
1520
1642
1674
1670
1726
1674
1620
1578
1508
1536
1562
1570
1592
1598
1546
1494
1650
1664
1640
1654
1658
1730
1740
1778
1838
1878
1898
1922
1986
1892
1846
1830
1870
1832
1864
1852
1854
1826
1876
1940
1974
2082
2082
2060
1984
2028
1888
1934
1864
1874
1832
1854
1752
1742
1730
1728
1750
1728
1712
1628
1662
1620
1658
1586
1656
1664
1744
1752
1706
1582
1474
1488
1392
1372
1472
1424
1276
1272
1182
1268
1212
1274
1362
1286
1228
1180
1102
1172
1160
1040
1030
1116
1074
1092
1118
1064
1102
1060
1012
1050
978
1022
1002
968
1004
1082
1080
1204
1060
1030
1010
990
972
1034
1050
1068
1120
1098
1116
1090
996
1060
1028
966
946
906
782
698
700
662
718
722
738
636
630
538
546
626
690
664
784
848
1050
1164
1130
1116
1062
1036
1040
842
862
830
860
890
876
930
872
870
808
852
1016
1050
1078
1042
1176
1140
1088
988
936
882
902
882
850
758
610
632
570
664
678
722
700
750
648
690
798
726
720
644
628
554
576
606
384
418
412
490
510
544
550
536
624
566
484
406
306
318
402
370
282
308
344
410
444
466
456
422
426
434
390
380
402
376
364
262
138
280
274
214
242
308
350
266
274
198
224
186
136
164
176
88
124
26
120
90
12
52
40
38
146
86
48
72
124
132
112
46
28
62
134
88
46
22
174
156
170
164
130
68
154
88
248
208
182
168
182
336
382
374
298
338
244
234
252
196
106
180
186
168
222
162
52
100
198
176
232
212
164
136
204
174
58
70
30
48
10
50
126
60
58
34
12
86
24
2
14
90
160
142
72
18
226
302
240
288
328
342
416
400
420
434
496
398
424
394
334
388
286
262
152
68
106
264
248
100
96
18
24
36
38
4
2
24
106
96
210
266
182
148
64
26
32
102
110
84
164
154
128
158
178
268
278
348
404
322
370
286
250
212
336
448
390
424
448
484
392
374
324
388
332
358
442
462
510
636
734
740
750
756
788
756
678
690
676
546
568
610
544
482
510
536
548
482
548
476
508
564
602
644
572
578
558
406
410
360
210
264
218
264
272
304
196
226
234
58
128
106
134
304
372
418
464
502
490
404
346
420
436
428
350
400
400
490
568
602
632
604
598
590
678
734
748
734
740
700
736
636
632
584
462
502
492
518
488
420
400
248
160
258
198
178
160
212
96
62
190
152
132
186
204
198
208
190
146
152
152
144
224
126
136
100
150
190
184
244
182
258
290
294
476
392
508
574
620
626
512
544
588
588
558
608
686
644
698
770
774
824
906
918
936
1000
1036
922
862
778
760
816
790
896
910
938
968
1014
998
1008
1024
1066
1110
1092
1072
1102
1168
1282
1240
1184
1250
1262
1176
1150
1086
1078
944
1046
958
1038
1092
1120
1126
976
976
890
842
824
850
844
810
778
788
746
734
730
786
804
750
692
688
770
668
688
708
686
742
704
718
642
526
464
366
376
336
374
470
574
668
670
706
656
608
516
558
492
396
514
556
658
632
736
744
748
664
722
662
580
576
608
584
648
656
648
564
568
652
632
572
442
400
290
258
292
378
342
284
254
320
344
328
418
504
446
390
346
318
386
384
236
272
216
142
190
226
294
314
352
354
412
378
444
402
370
520
440
446
468
424
336
402
398
390
364
402
424
472
536
410
428
524
410
272
294
290
296
240
290
382
458
440
510
486
592
642
694
738
746
846
862
942
938
1046
1130
1164
1122
1114
1118
1094
1172
1204
1274
1224
1256
1282
1244
1320
1356
1380
1324
1170
1210
1278
1290
1400
1370
1294
1302
1168
1180
1202
1228
1274
1258
1250
1356
1300
1392
1456
1382
1396
1332
1256
1274
1250
1274
1258
1222
1190
1228
1220
1140
1164
1208
1240
1244
1194
1160
1212
1206
1196
1166
1172
1126
1168
1120
1138
1058
1074
1016
1052
984
912
886
802
776
820
752
696
804
846
898
848
842
892
932
984
968
926
912
858
898
994
940
1060
1014
1024
1016
1024
1058
1090
1050
1090
938
1056
1074
1008
1012
898
914
860
820
838
842
832
844
902
960
976
1012
1056
972
1000
910
988
1032
1102
1020
978
960
914
830
826
854
962
922
884
944
882
884
