824
864
812
788
776
800
796
810
810
798
782
848
804
812
826
850
824
842
830
852
808
798
828
858
866
890
848
816
808
846
872
878
860
844
864
808
794
770
816
838
842
862
856
808
792
796
792
782
818
842
836
810
830
838
864
844
854
894
892
888
850
830
854
842
826
850
848
844
866
854
862
848
844
794
782
774
808
812
842
852
822
806
842
848
808
796
816
802
792
822
798
798
820
796
806
816
834
812
818
856
818
816
802
820
820
854
820
800
738
760
748
746
734
706
702
716
742
696
730
662
652
652
636
630
656
640
620
626
624
590
600
602
608
648
638
682
692
650
716
684
638
626
662
674
640
696
692
690
654
618
644
650
672
678
682
672
694
696
684
712
720
734
758
744
754
752
764
760
744
686
630
728
722
660
692
718
764
750
752
762
730
756
810
800
784
784
784
768
784
792
782
786
760
722
766
778
814
802
802
818
778
794
828
814
778
776
828
848
850
882
902
874
892
886
888
872
904
890
868
882
856
824
800
798
778
774
776
712
750
740
764
734
714
704
714
736
770
720
682
638
652
628
602
596
588
580
538
498
496
550
560
628
648
660
674
704
712
730
750
784
766
798
804
750
696
682
670
668
648
626
632
654
662
642
614
612
654
642
616
604
574
614
668
672
678
700
722
712
732
750
722
750
756
760
738
714
736
730
772
732
726
674
684
694
738
718
726
706
706
734
706
668
654
632
618
630
640
648
652
654
614
592
614
640
678
674
684
680
742
756
732
744
784
758
740
730
724
746
732
758
738
800
764
780
780
798
838
830
802
792
772
762
788
806
832
804
802
846
816
830
790
782
800
782
806
838
854
850
868
886
866
880
864
878
848
874
864
824
792
776
772
778
762
794
806
792
740
742
790
794
800
806
764
744
756
750
720
758
782
758
820
844
882
856
862
862
840
816
796
782
766
770
780
824
804
806
796
752
786
782
748
822
800
842
836
828
878
892
836
818
804
838
816
804
804
838
824
786
796
804
812
800
774
784
766
766
748
710
730
760
750
724
700
684
694
678
690
656
630
628
662
650
646
666
632
642
672
662
606
588
628
650
656
646
702
696
684
746
768
718
670
668
690
694
676
690
700
678
694
684
660
716
746
746
698
710
746
710
698
714
668
678
676
666
676
698
676
616
638
584
576
558
554
518
526
538
568
556
554
564
526
512
514
458
432
502
526
556
514
560
544
556
572
578
544
540
532
484
448
486
480
472
478
398
386
332
336
350
374
386
372
338
348
376
414
416
440
388
344
306
372
366
388
390
370
352
376
370
362
306
348
380
358
414
396
390
376
418
440
416
420
390
416
444
452
410
410
376
388
404
404
392
378
352
348
350
312
318
314
308
268
302
258
218
210
162
222
282
272
210
124
116
136
168
158
154
176
162
136
162
186
166
186
178
184
230
264
282
284
306
356
374
348
330
270
232
208
210
218
208
152
112
120
130
128
126
72
124
116
76
62
82
114
132
96
80
58
16
12
70
98
132
114
104
58
54
74
56
64
56
34
54
112
100
92
110
74
128
140
150
172
160
120
158
132
106
138
160
162
158
128
98
184
186
250
292
272
258
292
330
278
302
346
332
360
376
378
344
356
336
338
304
286
294
272
292
246
224
260
318
376
334
348
422
428
404
452
494
470
446
474
526
498
488
510
496
546
602
584
550
546
566
610
544
544
562
524
590
534
536
524
526
536
532
492
404
418
400
426
428
398
390
372
366
374
356
312
364
346
344
360
350
332
354
340
358
390
386
436
504
464
452
492
454
500
534
552
580
564
580
578
570
534
522
602
592
528
520
508
450
486
478
474
508
496
478
448
416
388
370
382
402
426
442
438
464
470
480
452
478
452
480
486
512
492
524
576
562
560
556
546
574
572
644
616
614
594
590
600
622
608
588
628
608
538
530
500
526
556
526
498
490
474
442
438
440
482
478
486
506
526
486
486
508
474
472
450
458
464
498
482
474
558
540
500
524
560
578
608
556
510
512
558
562
572
550
572
590
574
548
576
594
568
552
510
548
528
550
510
532
524
566
590
584
610
622
662
678
704
718
694
704
686
688
694
664
690
690
658
608
522
578
578
552
594
556
622
662
660
618
634
616
664
658
610
630
624
588
600
606
578
600
600
614
662
712
710
734
686
682
656
700
698
732
702
706
666
632
650
666
678
682
710
708
696
724
734
736
752
772
800
814
820
808
772
780
746
768
740
738
702
676
658
662
648
696
666
648
644
642
650
606
646
646
636
616
664
628
658
622
572
586
646
630
662
742
780
784
834
844
802
784
770
776
772
796
802
786
760
758
738
724
686
678
690
698
708
698
630
630
650
694
710
718
732
730
776
770
788
804
772
768
750
728
690
712
698
732
730
670
644
630
612
622
612
606
548
556
556
544
556
620
626
588
632
626
656
678
716
706
696
706
708
732
700
742
720
720
700
698
708
698
650
714
684
660
696
690
678
712
716
680
686
698
694
664
656
720
696
750
764
770
782
810
812
810
830
840
840
822
836
836
844
838
798
846
838
804
764
794
776
736
694
682
690
698
690
732
734
770
752
800
782
804
832
818
848
864
846
834
826
822
786
756
716
716
714
784
770
760
734
752
724
748
758
782
698
652
646
712
684
726
692
688
678
666
598
644
652
626
600
610
674
648
670
618
634
600
628
640
608
644
682
684
648
648
638
622
610
616
614
608
632
644
676
678
670
690
702
700
722
726
728
708
694
678
684
674
682
664
718
694
660
642
670
692
704
666
680
716
748
744
698
700
692
686
690
638
634
632
678
702
658
650
636
618
644
684
686
714
694
692
686
678
690
704
666
648
694
650
674
654
670
664
652
650
628
644
668
656
702
676
704
750
766
778
788
806
846
860
846
846
782
824
824
856
864
832
824
812
820
804
812
812
796
786
788
794
798
818
798
772
766
748
738
696
722
688
674
656
632
640
652
632
652
628
622
604
566
624
612
604
642
666
660
686
686
652
692
730
676
650
600
622
646
694
738
690
692
712
754
770
744
740
782
792
768
760
752
766
778
816
824
794
794
836
866
834
840
838
816
838
846
838
840
790
780
772
772
774
778
788
778
796
808
784
762
738
746
778
744
732
710
712
744
706
676
648
662
672
684
678
662
678
704
720
734
690
720
736
708
730
726
736
760
780
788
754
812
814
824
832
822
804
794
802
804
764
752
714
686
668
640
596
624
646
616
632
622
614
616
608
578
574
576
612
620
656
652
650
588
642
700
702
728
724
724
722
696
672
668
658
666
702
696
708
692
682
700
732
698
708
676
676
646
674
722
694
686
706
734
742
716
732
758
758
776
770
778
814
846
854
842
872
878
858
850
842
842
822
846
824
808
784
742
686
704
752
744
740
734
750
728
722
750
744
724
708
708
672
624
610
552
610
650
668
682
654
672
692
706
700
732
750
772
778
776
766
748
724
702
680
660
680
688
688
664
616
626
654
648
648
678
650
656
640
594
586
584
624
646
688
676
712
718
704
720
702
700
660
648
674
698
646
642
640
660
654
628
602
606
604
548
552
526
574
598
634
654
658
632
654
686
718
728
732
724
744
708
688
746
706
740
746
728
678
682
726
696
716
704
728
710
744
708
700
680
662
634
570
564
550
518
550
512
498
472
416
414
394
438
452
480
508
478
498
482
460
498
520
522
570
590
596
608
626
610
624
656
636
658
634
634
616
626
628
656
652
644
650
618
640
632
676
714
682
702
680
678
644
582
578
598
638
618
594
590
606
674
666
668
658
680
682
650
610
608
614
666
640
660
660
676
656
654
686
674
664
672
658
658
612
554
552
560
536
500
524
540
582
542
550
572
528
490
462
402
414
440
434
460
424
368
384
388
392
482
478
492
526
560
584
658
686
672
608
666
654
644
706
698
714
692
702
724
702
682
674
634
660
676
696
710
724
678
646
652
674
668
626
652
656
686
718
722
742
694
712
710
746
722
754
740
738
762
730
684
676
664
676
654
724
746
746
780
804
800
790
812
826
816
824
806
818
842
832
818
832
824
804
758
742
760
750
752
760
742
732
740
722
688
692
652
592
606
628
562
544
500
530
498
528
492
532
538
564
572
566
568
580
644
680
668
630
632
580
556
546
578
560
560
538
506
514
540
544
582
584
590
566
570
556
572
586
630
624
628
582
582
546
558
582
630
642
600
600
580
578
570
522
560
580
582
596
604
592
608
642
626
684
680
626
602
592
618
592
622
684
696
718
706
718
736
726
674
688
720
740
756
712
738
758
786
786
768
762
762
750
732
694
706
726
726
756
774
798
804
842
842
866
842
868
832
858
832
810
838
864
868
834
840
824
808
814
754
788
778
778
744
762
748
740
736
740
754
706
694
736
780
792
776
800
768
778
784
798
830
852
870
870
842
866
848
836
862
874
842
850
826
836
844
816
816
798
752
762
746
720
690
678
686
682
718
748
694
738
684
704
712
708
652
600
590
624
574
590
658
644
676
716
706
658
670
734
708
726
672
682
676
678
682
692
708
730
748
766
782
772
800
832
