330
356
352
318
302
336
292
374
414
426
418
446
452
452
472
442
462
526
492
502
542
544
592
674
634
662
686
698
694
752
758
702
684
670
682
712
720
704
666
696
686
746
762
778
758
724
688
658
690
672
678
696
688
636
552
552
600
634
656
648
628
598
590
602
606
616
622
674
700
674
680
700
690
726
706
692
668
694
648
652
682
684
698
698
726
726
682
692
654
676
728
750
802
778
818
786
758
808
790
784
828
820
820
776
708
690
702
714
722
704
732
708
708
764
754
744
742
716
720
690
674
690
648
700
704
736
768
698
684
678
652
676
658
662
686
722
694
672
660
640
620
626
674
682
700
708
746
726
750
736
776
764
722
736
750
748
770
754
776
762
818
768
748
764
820
788
806
808
796
742
712
680
640
648
654
670
668
730
700
692
692
686
700
740
758
728
762
786
772
786
766
730
734
772
738
750
756
774
756
782
738
722
694
678
632
644
628
628
678
700
670
652
652
662
636
630
614
654
634
628
652
664
734
726
718
712
722
736
704
634
600
604
642
610
612
656
650
708
748
734
672
710
702
670
708
718
734
686
686
700
720
704
686
704
736
704
770
768
772
758
764
712
686
718
724
740
790
776
768
724
734
694
690
664
656
640
608
620
632
660
662
646
638
612
640
608
550
554
608
650
610
620
624
654
668
628
636
638
614
638
634
592
606
612
616
642
642
662
676
736
700
688
722
702
712
704
654
672
684
726
700
718
716
686
702
748
764
768
764
764
760
752
750
812
778
746
770
788
776
836
834
798
812
796
802
776
820
798
822
846
848
808
718
750
716
758
760
804
776
738
740
710
718
720
686
664
624
598
578
602
568
580
564
568
568
636
630
600
606
566
628
610
578
556
506
572
570
598
656
672
660
664
626
594
560
564
588
566
460
448
466
494
516
492
494
510
534
504
510
498
472
458
432
428
406
432
420
418
362
356
382
390
420
436
406
378
332
332
344
364
438
454
468
474
480
542
548
606
590
620
656
696
688
700
702
706
740
688
672
694
720
722
730
712
666
630
630
604
670
664
684
654
656
622
594
556
582
592
648
672
678
684
718
706
734
748
732
698
730
742
722
700
710
720
712
704
722
694
720
686
664
726
706
680
734
722
722
790
792
764
764
800
774
748
764
788
754
726
734
718
766
726
740
768
716
702
618
612
610
604
632
620
642
624
616
702
676
718
766
816
808
846
850
844
826
834
810
758
732
752
764
736
750
768
752
756
770
742
762
742
776
752
726
718
682
638
566
602
540
536
556
560
546
568
560
570
530
522
574
566
574
528
606
606
644
572
636
566
600
628
574
564
564
554
548
514
572
568
524
528
540
534
498
432
412
444
416
458
458
440
412
424
418
366
420
438
450
430
464
432
384
408
410
408
368
382
362
378
426
476
446
420
418
438
436
420
450
476
524
478
476
496
488
488
456
472
476
458
478
532
540
562
548
532
574
538
542
534
464
400
444
474
446
488
520
518
436
472
442
466
518
550
544
556
594
570
576
576
556
534
508
514
512
522
510
526
534
536
550
534
532
538
522
552
596
588
582
564
556
586
576
608
584
580
618
598
604
598
586
588
560
548
556
572
542
482
446
478
558
562
560
606
562
572
558
562
546
520
538
500
522
530
498
484
496
486
428
458
376
382
398
440
424
396
404
466
434
422
422
372
406
400
386
366
378
370
344
414
386
364
368
374
472
484
488
518
460
528
576
598
582
576
590
620
644
622
632
596
626
646
688
700
664
662
640
648
638
650
656
660
674
620
632
596
616
650
678
684
690
698
700
690
684
704
682
694
686
650
660
604
598
610
576
582
626
648
626
640
678
706
710
692
720
772
788
804
794
772
726
730
698
700
688
716
688
680
692
622
608
634
576
558
566
554
610
552
558
578
586
548
542
598
544
528
510
488
496
470
470
416
402
388
354
386
396
420
382
312
324
366
414
416
450
492
520
524
544
544
574
556
524
536
534
516
476
506
518
460
534
548
550
574
584
590
596
604
608
584
580
564
538
566
580
608
658
670
706
712
688
692
706
714
726
754
768
742
782
758
776
726
706
692
690
648
678
660
660
660
676
688
676
680
734
744
728
714
810
778
792
842
832
810
826
824
842
852
856
854
818
816
828
818
778
756
730
702
710
730
750
822
810
814
846
830
832
786
742
778
750
768
784
758
728
740
740
762
778
746
690
708
706
712
664
644
612
654
660
664
670
672
674
738
784
762
736
736
750
744
792
762
766
758
784
788
802
794
800
788
764
738
726
706
728
710
656
636
700
718
692
702
652
612
668
722
720
710
722
728
704
732
766
782
798
814
820
820
770
748
752
748
748
716
742
714
686
708
674
612
590
642
622
646
590
602
558
530
528
552
574
534
564
568
586
570
568
582
544
518
542
518
470
476
508
476
478
462
412
432
438
478
454
428
396
476
506
498
474
450
448
376
364
306
380
368
370
384
400
380
396
368
348
330
340
320
356
392
434
436
496
490
468
482
452
410
358
402
436
462
390
392
450
468
466
422
394
390
372
372
366
326
314
324
328
328
336
324
310
284
274
264
268
334
304
254
306
298
340
288
338
334
274
296
324
348
352
358
312
336
380
442
426
452
466
436
380
358
376
396
384
376
402
414
430
456
482
514
552
496
516
486
452
512
574
532
528
506
500
534
536
534
540
522
462
450
430
460
480
458
460
414
426
392
452
482
444
472
520
558
578
518
504
572
534
562
574
546
556
506
520
492
468
454
418
434
368
350
366
428
442
402
338
366
310
378
358
364
370
370
370
376
336
344
310
306
268
280
250
182
150
200
226
232
198
132
140
146
186
112
124
80
80
124
148
134
162
170
152
176
150
118
112
122
78
128
80
88
66
116
128
180
200
172
226
220
226
244
234
196
220
246
244
268
214
222
202
152
202
210
206
176
134
156
170
178
256
306
312
320
406
388
328
288
290
334
340
292
302
344
354
308
270
252
262
262
320
234
248
328
348
362
364
350
298
304
252
252
268
266
268
236
234
206
204
196
166
128
128
162
116
132
116
130
140
94
102
138
84
52
8
12
50
90
92
74
14
8
60
44
100
56
12
54
40
28
74
66
96
56
72
58
58
62
112
106
118
106
146
154
156
166
162
76
58
106
138
108
122
126
114
90
50
26
46
84
44
56
70
56
24
32
24
38
88
92
68
52
56
2
40
10
16
80
64
38
24
10
6
44
94
134
198
208
184
136
170
140
146
120
54
40
108
62
78
98
28
20
10
42
16
94
98
96
62
12
12
4
18
20
74
70
86
54
26
4
44
60
70
48
60
60
52
66
64
84
52
88
38
2
4
14
4
48
12
0
70
84
78
126
124
114
104
54
76
80
74
54
28
10
14
16
28
22
18
2
6
10
6
4
22
10
2
38
44
62
106
202
238
222
136
198
200
182
164
176
168
206
264
228
240
222
210
208
174
210
228
312
298
276
322
330
330
350
368
362
368
410
390
410
388
390
432
458
458
454
454
460
448
416
396
378
338
314
360
360
338
358
328
326
332
286
270
320
298
318
298
320
330
328
310
310
312
244
208
228
224
216
192
180
158
92
124
112
106
108
114
86
64
110
82
100
74
74
92
10
40
58
18
24
90
96
32
10
12
18
62
36
38
60
60
72
66
60
66
40
36
24
0
30
10
30
24
16
70
138
116
108
100
120
80
28
14
78
104
122
172
162
182
128
80
34
42
82
122
120
126
110
86
68
126
120
156
138
200
172
68
60
94
106
120
196
190
200
164
168
200
224
272
302
270
270
312
380
358
386
364
436
412
404
424
410
394
408
472
476
412
424
458
450
414
444
420
454
490
456
482
462
490
466
466
474
476
466
402
394
442
416
372
374
368
428
374
386
380
364
426
432
428
418
412
426
436
484
500
456
498
476
490
518
494
464
450
430
370
374
396
454
442
434
374
450
438
434
456
454
464
470
498
506
514
490
512
524
512
506
556
550
528
546
582
590
626
630
602
608
606
612
616
612
618
630
602
620
616
592
600
562
568
556
540
530
562
550
554
498
510
504
514
468
484
524
526
524
544
566
576
568
556
556
534
494
544
534
560
568
574
596
596
594
598
604
622
610
562
598
638
664
670
630
604
600
594
642
692
668
652
682
694
734
704
728
740
722
698
686
658
654
630
674
670
646
676
704
704
692
728
782
828
824
806
816
850
814
800
788
770
760
760
742
758
710
722
700
698
700
686
662
684
700
718
616
612
648
690
680
704
758
744
766
772
760
774
792
740
742
722
694
710
746
774
796
748
736
742
718
724
732
718
690
732
738
732
714
708
692
722
704
704
684
646
660
648
644
672
632
622
630
580
556
558
560
500
530
522
550
588
512
540
528
538
500
518
482
502
462
486
476
462
488
452
444
426
460
468
428
464
444
428
454
462
444
392
390
350
362
366
310
374
412
414
404
432
426
386
358
342
360
390
420
400
418
394
422
376
374
434
434
402
426
482
522
564
562
594
586
582
524
536
550
534
480
476
494
490
424
438
462
414
430
480
428
