698
646
692
726
668
658
612
590
626
614
622
652
608
622
612
638
638
614
620
648
670
668
688
726
710
702
666
720
734
752
742
774
756
752
776
746
758
760
812
814
796
794
820
870
892
882
900
902
878
892
864
826
798
830
818
822
848
840
858
780
778
776
782
780
838
878
900
858
798
786
762
760
776
796
806
768
786
814
796
802
782
774
770
774
732
772
788
780
768
766
788
830
838
848
870
866
898
910
874
854
864
834
844
854
838
812
852
834
854
856
838
836
838
818
830
774
804
834
858
872
842
834
802
844
814
826
854
860
898
902
936
938
936
942
936
936
934
952
902
884
882
882
878
826
834
844
818
836
798
880
874
854
868
822
854
874
908
876
900
940
938
920
920
930
880
852
846
840
818
814
786
852
872
884
862
872
840
834
858
840
868
840
854
840
852
860
846
860
888
870
864
886
886
846
866
830
838
856
874
894
890
866
852
858
860
846
866
866
882
848
848
884
874
846
864
876
888
866
912
910
912
928
902
922
914
910
894
928
898
890
892
870
886
876
900
882
888
860
866
876
900
850
846
874
902
864
856
830
818
812
762
748
714
736
762
764
790
740
738
772
790
828
838
872
862
882
870
872
868
864
844
888
900
876
874
924
914
908
898
878
878
904
896
920
908
922
924
928
898
906
918
932
952
930
916
928
910
918
936
892
888
906
914
900
888
888
880
878
850
862
874
870
870
860
826
780
768
766
802
790
820
766
792
788
718
738
700
688
696
696
730
790
798
790
790
834
846
836
838
824
844
862
840
840
838
802
842
794
806
816
794
796
830
832
850
860
844
880
894
892
912
890
904
880
852
798
802
834
818
832
848
890
876
868
870
882
862
810
816
860
838
836
838
806
800
836
876
868
852
844
858
880
888
882
858
846
808
770
792
834
826
806
788
808
816
830
814
828
838
840
816
842
858
834
822
818
802
806
782
808
812
834
838
844
840
856
858
862
832
782
796
802
790
778
736
760
744
796
806
798
798
814
788
816
820
842
870
850
858
854
836
808
812
818
818
798
792
792
800
818
858
844
808
828
812
830
846
858
862
864
862
832
796
784
764
774
806
844
868
856
884
858
880
856
844
850
828
834
856
898
864
848
856
848
842
842
822
852
852
874
866
892
896
892
920
886
908
922
914
912
878
874
816
796
832
856
858
818
808
806
810
816
808
820
820
880
894
862
850
852
870
872
856
876
884
856
874
864
886
864
852
880
850
880
880
904
924
912
904
926
936
898
900
904
876
858
874
890
874
910
874
892
886
894
884
878
862
858
848
850
836
816
818
850
846
852
886
866
840
842
832
828
822
822
814
778
852
874
884
896
912
886
864
840
854
842
800
860
888
854
874
850
880
870
906
882
890
914
902
888
882
874
860
856
856
856
866
840
876
848
864
838
862
798
814
788
790
780
762
748
728
750
772
784
784
806
836
812
834
802
838
854
830
840
828
822
824
802
798
774
750
764
790
776
790
798
782
758
768
712
726
742
732
780
812
806
788
822
824
816
816
818
782
796
794
814
830
856
858
856
838
842
824
822
850
848
864
884
862
880
854
870
848
836
848
826
848
828
840
842
834
858
894
908
870
880
890
878
890
868
856
858
836
804
778
794
776
782
780
794
804
812
828
838
874
878
838
856
868
866
848
878
888
878
868
858
886
920
890
884
928
912
924
932
938
922
908
884
860
864
848
866
856
858
858
860
842
810
836
838
830
852
880
838
866
914
918
888
888
856
902
928
942
902
894
898
862
854
876
888
864
858
880
900
912
900
906
900
908
898
912
926
924
930
938
920
906
892
906
936
922
932
914
904
898
884
888
874
856
850
896
884
890
926
936
928
906
904
886
868
868
878
908
936
918
916
914
888
842
850
834
860
894
846
842
832
818
814
812
818
784
734
712
704
712
742
776
800
840
856
854
872
896
890
894
920
940
932
898
894
904
882
876
916
904
924
904
914
908
886
884
890
896
852
854
864
852
836
828
824
822
882
874
840
864
902
898
884
880
884
890
892
866
874
854
880
900
888
898
930
942
924
904
882
862
864
858
904
920
868
890
880
906
902
874
894
872
848
840
802
836
868
884
886
890
842
858
840
840
842
844
846
872
894
874
872
858
874
850
834
850
840
820
806
814
826
812
802
784
770
810
836
856
832
806
776
788
770
762
746
746
740
722
698
698
738
752
748
768
794
804
814
844
858
832
848
840
852
860
840
816
820
804
798
854
820
854
876
882
886
854
850
878
886
874
872
854
866
850
838
848
866
810
792
790
820
818
814
832
896
920
916
908
904
888
882
888
858
884
856
842
840
844
836
878
908
892
860
852
862
854
836
848
846
840
846
882
872
874
856
850
898
872
860
814
798
806
810
796
808
806
804
766
756
788
790
768
776
744
774
788
820
756
750
752
786
778
758
782
766
774
774
782
774
788
792
824
828
816
840
810
740
772
802
772
786
782
812
792
782
790
780
752
740
778
814
848
854
828
840
842
834
822
830
822
844
776
752
752
786
768
720
718
690
688
646
622
710
688
718
716
760
774
784
778
768
782
778
822
850
842
834
864
860
852
824
804
826
856
852
856
832
868
868
870
868
864
898
876
876
878
904
916
866
900
896
882
926
912
912
888
888
880
902
904
920
868
836
844
814
814
818
816
796
790
806
792
784
792
752
786
800
842
862
836
868
844
802
774
772
802
806
798
808
840
818
826
828
818
820
818
816
864
870
844
808
822
812
804
792
804
842
878
852
876
884
882
898
898
870
874
838
892
886
864
882
904
892
924
908
890
896
876
860
856
842
826
820
802
838
822
810
766
736
752
750
740
764
762
762
744
762
760
736
716
748
766
776
748
764
800
816
824
812
826
856
898
884
898
876
894
906
874
828
870
898
880
872
876
866
830
870
848
888
892
874
898
896
904
914
878
844
886
844
870
862
858
844
856
868
852
842
810
798
786
780
778
806
852
848
842
836
858
814
850
876
878
914
908
884
898
892
830
812
838
874
888
872
846
872
862
890
846
892
892
888
838
824
814
808
820
846
836
822
856
894
868
846
866
874
880
856
866
850
872
874
868
876
868
874
852
842
822
848
870
872
874
846
824
848
840
862
880
864
852
842
874
880
884
888
860
862
876
856
866
872
826
824
812
850
856
842
892
872
814
836
814
808
812
796
816
808
820
856
844
864
844
848
852
870
840
810
834
838
840
814
840
834
800
844
868
832
834
824
834
854
854
814
804
770
790
782
784
794
808
832
856
854
862
864
828
852
874
912
888
836
858
854
844
852
870
900
874
848
910
904
912
912
856
886
882
878
886
904
884
882
894
866
862
850
840
868
826
814
794
750
790
836
810
776
780
772
758
764
786
786
828
830
838
858
886
860
878
890
894
882
866
862
854
852
846
866
854
852
874
900
932
922
904
910
894
902
896
932
912
914
910
910
900
880
908
884
892
900
904
880
902
888
876
862
832
836
842
828
840
832
824
830
816
842
860
886
884
896
896
876
866
880
878
888
894
896
924
894
882
862
890
866
852
884
890
868
902
898
916
896
894
890
888
886
904
928
906
902
922
910
932
904
914
888
886
860
856
872
842
838
844
822
848
860
854
878
852
858
872
878
870
856
864
878
878
884
864
890
876
848
846
820
838
896
906
882
882
854
868
866
862
878
918
924
934
928
938
910
932
936
898
900
942
920
884
908
898
906
894
898
898
910
900
896
878
896
882
884
836
864
872
872
878
886
896
864
872
840
886
862
904
932
940
930
910
904
896
878
878
884
892
874
824
786
782
740
744
764
786
744
748
730
742
694
714
704
696
690
646
670
672
682
710
714
702
708
740
746
706
738
736
788
780
790
748
754
802
816
784
774
768
742
754
704
758
774
764
788
776
802
830
840
848
826
810
794
778
786
780
812
800
818
814
830
810
800
820
812
826
770
772
778
786
784
792
830
796
822
798
808
762
782
790
762
784
730
764
758
736
738
734
716
694
708
718
698
696
696
708
726
746
726
724
750
778
766
750
768
774
796
786
796
784
764
790
758
774
768
788
794
766
796
776
778
786
728
706
670
696
720
720
692
706
746
746
756
728
692
686
708
740
788
768
800
766
766
738
764
764
780
772
824
792
780
788
790
770
794
774
774
744
760
716
744
798
766
758
750
764
762
784
802
784
724
698
702
732
738
768
784
750
744
776
820
812
784
774
804
804
798
782
838
828
838
872
872
876
832
852
858
866
890
886
866
856
856
860
890
874
900
880
852
828
818
828
812
808
808
800
788
782
786
768
766
762
746
774
790
788
804
752
804
818
788
828
838
840
854
890
876
920
908
916
900
870
842
874
868
842
836
786
764
764
752
766
786
764
802
816
814
834
856
830
836
836
834
852
852
874
838
832
850
832
796
832
806
796
768
772
822
790
776
788
800
770
794
796
762
792
790
766
756
734
770
746
760
716
730
736
726
718
720
736
736
750
782
786
824
806
826
808
836
856
872
858
874
864
872
898
886
870
856
888
898
910
900
886
864
894
890
856
874
848
816
