834
818
808
784
806
838
876
850
838
792
782
782
786
808
762
730
688
658
622
652
666
658
690
714
730
764
750
738
784
778
780
762
756
750
746
764
748
770
762
748
776
812
798
770
776
778
772
774
742
766
800
764
790
800
750
766
792
860
882
894
882
866
856
836
806
814
842
824
810
802
818
858
872
842
842
860
864
866
862
862
874
852
874
872
870
870
836
820
800
818
782
790
778
816
834
848
856
872
828
828
862
866
830
788
816
832
866
876
880
868
866
866
870
864
856
870
888
884
876
866
892
878
872
864
910
888
892
872
884
842
828
792
798
804
804
824
810
772
784
820
832
828
844
812
792
742
756
744
796
780
778
810
816
812
852
862
862
894
914
904
882
892
874
856
860
874
840
852
850
838
834
818
824
804
836
808
820
768
770
764
794
788
792
790
792
810
776
762
814
828
860
852
876
870
894
864
876
874
876
836
870
890
892
888
856
840
864
844
898
908
902
890
844
808
844
828
804
804
844
828
852
818
808
804
804
814
804
818
794
788
778
778
776
760
788
778
780
792
808
832
806
770
788
752
768
816
808
778
774
796
754
696
698
682
712
710
708
700
666
664
688
664
642
650
650
658
640
620
640
618
662
690
722
742
744
724
722
652
648
678
684
658
670
710
702
680
692
684
678
668
682
698
708
698
704
724
750
736
720
720
708
726
708
700
708
700
706
736
772
744
742
726
746
782
754
714
696
670
652
638
644
648
628
692
692
732
688
712
740
788
788
786
756
798
788
772
742
740
728
712
704
708
678
656
646
644
638
640
642
636
650
684
682
674
670
644
670
680
694
744
758
746
704
664
674
692
692
702
726
724
766
732
754
758
782
768
784
770
788
762
736
758
764
746
736
712
720
714
736
766
760
764
782
786
770
820
824
870
858
852
856
880
886
880
882
874
904
872
852
866
834
788
792
794
770
784
748
752
798
768
800
792
816
822
814
838
800
818
836
830
826
826
834
788
818
844
834
834
860
850
896
886
876
864
858
884
906
910
914
888
860
862
844
842
884
894
890
896
874
862
858
870
874
860
860
842
854
856
836
858
832
826
848
796
820
786
762
782
810
824
818
832
846
866
842
878
870
864
868
858
870
888
828
806
804
792
772
740
758
782
806
798
780
784
790
800
798
782
760
780
776
822
810
814
832
822
794
792
826
846
842
884
884
902
938
912
876
872
850
834
838
866
844
824
886
850
856
858
830
812
820
798
830
842
836
898
908
858
858
870
854
862
872
838
854
852
842
828
830
816
812
856
838
838
862
866
856
838
844
820
848
860
868
860
856
846
840
830
830
834
826
850
848
820
820
854
864
840
870
842
866
852
824
796
770
798
808
812
820
778
824
836
860
852
844
874
882
848
876
868
850
868
830
826
864
860
862
876
856
850
850
848
854
880
850
818
806
794
810
790
772
830
796
788
810
804
780
810
810
828
836
832
830
790
778
834
806
810
810
830
826
820
796
796
798
782
724
788
776
808
760
776
802
796
796
826
830
864
858
844
808
804
786
812
808
810
788
764
802
842
850
874
840
838
820
788
760
768
756
748
768
768
766
824
780
760
714
704
698
696
704
694
722
718
754
732
710
746
786
744
746
772
734
694
692
704
700
714
724
798
768
806
806
824
832
826
820
856
868
852
856
850
836
854
840
874
864
824
824
778
794
806
802
800
780
794
786
782
774
778
802
814
830
790
764
790
808
730
724
722
736
710
690
682
672
674
662
682
670
654
678
688
700
704
770
762
750
764
768
764
736
738
748
754
730
724
720
722
762
798
782
790
778
826
816
808
782
780
750
808
840
854
862
874
854
824
800
802
778
756
750
770
770
788
760
810
832
876
874
832
836
810
798
772
812
812
842
866
872
850
880
888
862
868
834
874
850
814
794
830
838
858
840
856
866
824
764
762
760
770
774
766
762
798
762
778
806
808
806
782
732
730
750
728
746
742
724
756
766
736
720
780
768
790
786
758
806
816
816
780
786
824
766
776
816
786
784
730
730
756
774
796
782
752
710
708
690
708
716
704
720
732
784
756
772
782
782
766
764
768
772
760
772
752
796
798
820
834
832
774
816
826
834
838
804
796
824
818
840
838
848
814
752
760
792
762
770
784
796
834
846
846
822
838
864
812
822
794
788
832
842
832
810
794
734
752
736
776
758
718
658
642
642
700
744
754
742
768
766
794
770
786
790
818
862
874
884
872
830
826
804
832
842
838
872
860
882
830
788
750
780
794
760
776
772
810
830
822
822
854
864
840
842
844
840
852
834
836
786
786
782
780
762
786
698
738
812
798
788
750
794
754
768
802
836
820
822
824
784
814
820
816
802
796
786
774
738
754
806
824
824
850
846
824
802
796
804
836
830
842
854
844
816
816
836
836
862
858
876
882
888
904
902
894
880
902
920
894
852
854
842
810
824
850
856
868
870
866
870
834
814
782
780
762
764
782
808
842
852
852
894
868
870
876
894
864
858
824
846
872
844
844
830
804
786
772
796
790
792
778
776
802
792
768
744
762
758
750
750
708
722
686
732
678
684
686
640
634
610
610
616
670
698
718
750
742
724
688
694
716
732
722
704
694
670
670
656
672
664
652
662
716
740
744
770
716
728
682
658
658
682
682
702
666
644
658
712
684
712
728
708
786
790
766
774
800
828
810
802
786
784
826
764
772
820
832
844
828
846
844
862
866
860
858
844
902
910
876
900
910
888
892
886
888
872
858
812
800
782
800
814
814
788
794
788
792
796
762
814
806
798
762
762
766
772
760
744
734
788
776
772
740
772
800
808
806
832
828
780
772
776
778
790
780
720
682
634
670
714
706
664
650
612
616
580
624
626
614
630
652
682
706
686
674
672
730
744
738
732
750
758
782
788
812
814
840
846
836
828
834
838
856
846
832
838
842
858
862
864
848
832
846
826
788
782
786
842
850
808
806
766
796
800
798
814
804
804
812
818
834
832
822
790
804
836
870
872
860
830
854
916
896
854
882
858
914
888
856
878
844
840
836
842
872
876
858
868
866
860
860
860
848
880
904
886
876
850
826
760
738
800
792
786
820
796
800
792
818
844
862
784
792
806
804
804
798
814
840
866
822
812
820
798
808
786
872
894
908
876
860
874
842
868
844
820
836
802
830
808
778
748
754
794
794
776
812
796
796
752
718
772
744
754
760
816
824
818
842
834
818
792
808
794
818
790
782
768
756
736
784
774
818
836
838
826
824
840
836
864
846
842
824
818
792
754
782
786
762
746
706
734
766
746
722
750
742
784
792
798
802
802
850
826
842
848
794
766
754
792
800
792
794
806
862
890
890
842
846
842
830
818
880
876
870
866
836
846
820
818
794
806
780
792
772
776
762
776
760
750
744
782
778
764
778
750
776
748
776
774
758
760
790
756
694
724
748
788
802
794
808
844
850
852
804
792
796
810
864
814
806
806
800
798
780
748
750
766
766
774
788
768
758
790
788
812
768
826
814
822
812
808
812
822
818
796
792
810
782
776
798
780
792
818
794
802
814
794
804
808
850
812
808
788
802
820
800
792
784
772
778
780
784
790
796
786
790
786
766
756
732
754
746
724
736
730
760
766
774
744
748
734
728
720
758
760
748
712
758
758
774
740
740
740
770
762
766
776
778
790
770
798
798
812
812
808
840
858
868
856
860
858
868
882
916
884
864
832
854
924
916
918
882
896
902
852
838
816
782
808
862
876
872
888
880
892
878
872
842
840
882
896
866
872
842
838
850
864
876
870
892
872
858
856
854
838
828
800
798
776
800
822
828
866
844
858
820
850
810
796
826
852
848
844
844
850
794
792
844
836
838
808
768
770
798
816
828
850
886
896
872
928
888
900
886
866
872
886
900
838
834
826
808
816
794
780
754
790
834
840
842
854
856
878
856
820
788
778
802
800
800
812
828
828
848
836
846
828
788
792
774
728
736
722
716
676
668
678
678
688
684
710
722
714
712
718
756
722
728
800
806
828
820
816
780
752
768
722
766
768
764
786
760
824
798
808
802
800
796
792
818
834
804
822
832
836
832
830
870
846
832
814
796
790
796
772
846
828
822
826
830
860
888
892
902
908
920
900
872
882
870
864
844
854
824
814
782
782
754
766
726
746
768
760
798
792
770
784
784
802
834
798
818
802
778
746
768
792
756
754
770
746
754
716
708
692
686
678
658
674
672
662
646
676
688
738
744
748
742
770
744
790
756
748
748
714
712
690
720
706
694
682
678
680
712
718
752
696
726
700
696
720
766
722
704
700
688
728
748
752
772
828
790
798
784
730
754
794
836
842
878
864
858
856
820
804
802
782
780
790
768
778
776
780
816
834
826
836
834
826
814
816
834
852
784
788
802
770
776
764
710
722
752
796
840
798
836
840
844
840
826
768
752
780
816
818
786
766
778
794
824
868
848
878
860
880
888
860
842
838
842
830
788
746
734
732
772
760
768
764
764
768
760
780
832
806
784
800
814
834
810
808
772
794
768
778
746
754
726
766
728
768
788
814
800
782
772
780
802
806
796
