2748
2784
2724
2766
2850
2832
2788
2722
2784
2758
2744
2832
2848
2784
2728
2726
2654
2636
2648
2636
2618
2690
2560
2578
2558
2558
2530
2552
2576
2544
2632
2662
2562
2582
2622
2618
2560
2552
2500
2480
2444
2442
2540
2496
2488
2510
2518
2458
2494
2430
2460
2438
2440
2468
2516
2456
2462
2458
2506
2398
2382
2380
2326
2264
2304
2340
2238
2142
2166
2172
2164
2106
2104
2082
2006
2032
2180
2264
2294
2348
2242
2236
2150
2168
2166
2300
2326
2294
2356
2302
2280
2270
2226
2294
2380
2334
2366
2356
2340
2410
2492
2346
2418
2338
2366
2366
2388
2470
2518
2500
2484
2472
2494
2456
2452
2484
2404
2428
2354
2422
2374
2354
2414
2388
2418
2472
2512
2578
2610
2662
2596
2636
2604
2576
2600
2678
2682
2714
2628
2726
2756
2722
2740
2736
2772
2878
2830
2822
2886
2844
2852
2826
2796
2890
2884
2948
2952
2968
2966
2954
2968
2944
2908
2988
2978
2920
2924
2934
2938
2908
2910
2906
2958
3058
3072
3072
3078
3036
3036
3010
3002
2928
2882
2900
2828
2842
2854
2838
2838
2844
2854
2846
2864
2870
2864
2842
2796
2760
2786
2744
2720
2738
2730
2836
2822
2848
2872
2884
2920
2854
2904
2912
2796
2848
2916
2918
2838
2718
2692
2740
2766
2806
2794
2750
2748
2906
2874
2834
2820
2772
2722
2810
2878
2916
2962
2952
2902
2898
2906
2926
2916
2866
2820
2900
2950
3008
3028
3006
3042
2996
3034
2980
3018
3070
3050
3036
3106
3076
3118
3128
3068
3014
3038
3072
3132
3176
3028
3024
2994
2974
2948
2874
2848
2884
2942
2962
2936
2876
2898
2846
2774
2774
2892
2830
2888
2836
2870
2836
2906
2784
2856
2820
2778
2772
2808
2766
2782
2724
2752
2710
2746
2716
2714
2722
2652
2696
2672
2670
2692
2638
2664
2736
2738
2758
2764
2774
2802
2868
2890
2852
2806
2886
2906
2940
2950
2908
2906
2930
3068
3116
3094
3142
3144
3184
3152
3166
3140
3150
3172
3186
3120
3160
3108
3132
3100
3080
3052
3082
3032
3008
2986
2912
2986
3012
3004
3000
2888
2944
2962
2948
2910
2926
2834
2934
2796
2718
2688
2700
2718
2762
2762
2862
2894
2848
2860
2860
2754
2854
2828
2852
2888
2890
2896
2904
2972
2950
2988
3042
2974
2978
2972
2982
3024
2986
2948
2964
3030
3040
2978
2982
2940
2952
3006
2928
2926
2946
2982
2964
3044
3064
3050
3022
3040
3024
3008
3006
2972
3010
3032
2958
2984
2990
3052
3060
3068
3170
3148
3180
3168
3206
3114
3090
3098
3112
3234
3296
3224
3166
3106
3054
3166
3116
3062
2996
2998
2980
2930
3080
3090
3116
3134
3114
3024
3046
2986
3020
3058
3124
3106
3074
2984
3004
3020
3040
3020
2970
2988
3020
2980
2988
3084
3016
3060
3120
3150
3166
3110
3130
3088
3086
3122
3050
3056
3050
3054
2992
2922
2910
2854
2778
2854
2858
2860
2824
2828
2810
2832
2788
2770
2700
2620
2714
2562
2632
2658
2674
2642
2594
2560
2514
2452
2480
2456
2462
2476
2464
2490
2566
2586
2694
2714
2706
2742
2738
2742
2750
2760
2734
2704
2746
2730
2822
2798
2836
2906
2896
3012
3038
3042
3088
2988
2976
2966
2892
2922
2882
2902
2850
2900
2836
2864
2812
2884
2882
2860
2836
2916
2824
2904
2896
2852
2924
2892
2810
2808
2922
2932
2902
2950
2964
2956
2962
2960
2974
3012
2916
2900
2916
2854
2892
2794
2802
2792
2830
2840
2768
2730
2714
2654
2554
2628
2706
2672
2600
2568
2486
2462
2548
2538
2514
2570
2504
2468
2512
2524
2442
2436
2430
2494
2494
2356
2284
2310
2312
2246
2322
2342
2298
2286
2336
2290
2272
2380
2438
2462
2442
2486
2566
2650
2638
2706
2724
2770
2678
2726
2688
2550
2596
2574
2504
2588
2592
2556
2690
2658
2642
2606
2678
2622
2650
2672
2732
2726
2676
2568
2498
2582
2604
2588
2560
2654
2796
2812
2696
2688
2762
2738
2774
2718
2794
2758
2696
2758
2862
2836
2786
2760
2748
2714
2726
2822
2760
2758
2798
2780
2824
2922
2908
2882
2852
2792
2768
2736
2686
2694
2766
2766
2844
2828
2834
2860
2812
2818
2912
2944
3000
3012
2980
2902
2888
2940
2920
2960
2980
2916
2908
2892
2978
3026
3118
3192
3198
3036
2940
2994
3042
3000
3062
3092
3104
3110
3082
3144
3168
3106
3072
3116
3112
3200
3196
3154
3016
3110
3118
3024
3020
3042
3086
3004
2882
2900
2874
2832
2852
2854
2868
2974
3016
2992
2968
3036
2986
3004
2960
2910
2908
2884
2906
2942
2922
2966
3040
3064
3078
3140
3218
3230
3214
3186
3150
3144
3082
3120
3048
3128
3120
3020
3032
2972
3036
3110
3060
3156
3134
3226
3246
3230
3274
3250
3200
3220
3192
3258
3266
3294
3272
3256
3194
3130
3166
3168
3192
3200
3148
3126
3086
3120
3106
3104
3168
3190
3094
3078
3110
3060
3126
3136
3040
3044
3006
2958
2858
2932
3102
3044
3004
3014
3094
3132
3118
3162
3134
3100
3114
3100
3052
3176
3182
3184
3128
3168
3158
3114
3112
3142
3144
3096
3128
3130
3120
3150
3104
3072
3152
3230
3334
3322
3294
3218
3204
3228
3198
3190
3196
3166
3098
3138
3100
3206
3222
3280
3300
3308
3310
3224
3240
3194
3244
3190
3138
3194
3216
3192
3164
3208
3220
3130
3092
3060
3116
3100
3102
3002
3046
3048
3054
3072
3096
3132
3118
3140
3132
3098
3134
3098
3036
3092
3104
3124
3170
3176
3180
3158
3196
3192
3178
3200
3136
3138
3164
3112
3116
2994
3066
3064
3052
3024
3084
3146
3168
3052
3032
3042
3068
3066
3060
3048
3134
3120
3134
3224
3296
3278
3180
3210
3216
3230
3132
3098
3080
3142
3078
3182
3270
3196
3228
3198
3164
3202
3154
3128
3238
3232
3174
3216
3208
3264
3234
3282
3206
3224
3210
3158
3084
3090
3142
3162
3104
3212
3204
3160
3242
3162
3172
3190
3234
3244
3276
3306
3288
3306
3336
3358
3404
3408
3432
3436
3342
3374
3266
3262
3218
3326
3328
3286
3318
3294
3156
3080
3064
3090
3104
3032
3108
3092
3168
3132
3058
3096
3102
2990
2992
3010
3010
3016
3050
3056
3034
3092
3172
3092
3118
3248
3144
3104
3140
3036
3094
3208
3206
3184
3142
3162
3118
3094
3054
3018
2866
2904
2976
2994
2962
3046
3084
3130
3070
2954
2990
2990
3056
2984
2918
2954
2966
3006
2982
2998
3132
3128
3148
3102
3136
3158
3270
3240
3280
3288
3256
3160
3128
3170
3122
3060
3054
3072
2936
2968
3002
2976
2894
2772
2806
2854
2912
2904
2996
2960
2888
2798
2820
2948
2866
2914
2940
3018
3004
3098
3118
3174
3202
3126
3132
3114
3150
3232
3274
3216
3264
3214
3310
3334
3318
3294
3364
3294
3202
3258
3262
3254
3212
3206
3186
3144
3214
3150
3228
3122
3176
3146
3152
3118
3088
3122
3132
3134
3134
3146
3176
3166
3132
3132
3150
3150
3082
3072
3220
3152
3056
3078
3052
3048
3038
2924
2930
2902
2928
2944
2878
2942
3046
3016
3066
2968
3036
3072
3084
3194
3168
3202
3184
3158
3158
3226
3204
3142
3078
3140
3186
3180
3144
3178
3198
3150
3150
3176
3184
3112
3122
3130
3132
3108
3006
2978
3068
3052
3080
3088
3024
2978
2990
3006
3036
3064
3000
2962
2994
3032
3062
3000
3026
3068
3068
3082
3060
3008
3048
3060
3050
3092
3064
3054
3000
3096
3080
3020
3030
3076
3178
3136
3100
3162
3158
3118
3056
3020
3152
3102
3058
3066
2994
3032
3142
3106
3076
3032
3050
2956
2958
2806
2818
2792
2754
2824
2864
2898
2936
2938
2860
2816
2816
2874
2790
2820
2764
2796
2692
2700
2788
2712
2750
2780
2894
2828
2892
2854
2912
2930
2852
2864
2918
2860
2834
2932
2880
2856
2956
3078
3132
3114
3194
3286
3306
3244
3254
3130
3104
3170
3092
3124
3034
3008
3000
3068
3022
3026
3012
3040
3088
3102
3002
3104
3098
3110
3000
3022
3018
3070
3124
3154
3148
3168
3218
3272
3320
3288
3292
3294
3334
3378
3402
3396
3396
3344
3324
3356
3386
3346
3416
3476
3512
3422
3352
3276
3280
3248
3288
3202
3152
3116
3068
3050
3020
2976
3024
3042
3020
3056
2996
3004
2940
3128
3150
3168
3148
3230
3210
3242
3200
3228
3270
3244
3180
3134
3234
3222
3218
3184
3292
3182
3240
3158
3140
3116
3108
3084
3080
3012
3080
3062
3002
3082
3090
3100
3136
3022
3084
3168
3156
3236
3190
3192
3228
3200
3130
3208
3098
3118
3042
3054
3040
3090
3068
3126
3098
3062
3076
3040
3076
3094
3176
3188
3184
3154
3128
3108
3044
3140
3226
3206
3146
3198
3240
3226
3242
3222
3272
3228
3226
3278
3274
3252
3144
3154
3060
3032
3068
3084
3030
3084
3044
3086
3180
3132
3186
3122
3116
3148
3108
3146
3130
3056
3048
3030
3042
2936
2986
2934
2926
2922
2998
2984
3014
2986
3114
3040
3012
2946
2980
2982
3082
3118
3018
3046
3004
2998
2916
2892
2880
2908
2880
2806
2760
2828
2776
2746
2882
3008
3032
3100
3106
3100
3118
3172
3086
3072
3088
3092
3056
2968
2916
2814
2886
2846
3024
3036
3028
2974
2956
3030
2986
2952
2932
2892
2882
2982
2928
2868
2924
2960
2942
2966
2968
2970
3034
3048
3062
2958
2906
3026
2982
2980
3052
3070
3052
3148
3220
3178
3164
3086
3096
3064
3014
2932
2908
2984
2966
3026
3054
3102
3050
3102
3078
3068
3076
3074
3130
3152
3140
3122
3102
3086
3098
3096
3022
2936
2982
3022
2894
2890
2834
2840
2840
2842
2734
2848
2898
2932
2930
2908
2934
2990
3064
3024
3014
3050
3070
3048
2984
3020
2906
2894
2900
2884
2844
2818
2794
2872
2948
2938
2974
2866
2890
2914
2862
2830
2874
2918
2920
2898
2896
2950
2904
2878
2936
3016
3054
3144
3098
3092
3074
3076
3056
3052
3028
3050
3064
3008
2950
2946
2880
2868
2832
2890
2904
2960
2982
3004
3002
3088
3022
3058
3048
3014
2982
3016
2946
2950
2902
2974
3016
2996
2974
2938
3010
3016
2980
3066
3130
3136
3156
3212
3172
3206
3260
3254
3280
3294
3314
3350
3344
3348
3342
3256
3214
3220
3210
3170
3098
3124
3064
3162
3188
3172
3200
3124
3160
3184
3268
3234
3232
3240
3208
3304
3276
3182
3172
3144
3136
3162
3044
3064
3122
3146
3162
3220
3178
3156
3146
3140
3052
3026
3078
3054
3058
3194
3198
3182
3220
3242
3282
3242
3124
3130
3100
3134
3124
3148
3186
3196
3172
3194
3134
3150
3132
3158
3130
3244
3240
3262
3262
3264
3280
3270
3248
3252
3190
3204
3218
3248
3080
3054
3030
2986
3024
3060
3042
3022
2936
3020
3076
3054
3044
3080
3094
3082
3032
3080
3086
3118
3028
3028
3038
3054
2958
2932
2936
2942
2814
2776
2826
2752
2798
2822
2792
2796
2756
2818
2848
2844
2948
2918
2946
2940
2964
2996
2960
2952
2954
2998
2994
2936
2932
2914
2896
3012
2974
2906
2932
3012
2980
2920
2932
2906
2888
2836
2782
2836
2774
2874
2820
2838
2680
2646
2664
2576
2588
2562
2560
2594
2654
2562
2562
2502
2532
2670
2692
2634
2724
2726
2808
2808
2744
2688
2610
2650
2580
2566
2574
2624
2674
2700
2732
2648
2638
2556
2552
2530
2610
2600
2620
2714
2730
2618
2676
2706
2748
2680
2734
2736
2750
2758
2856
2830
2870
2906
2900
2950
2924
2956
2874
2850
2834
2902
2862
2804
2806
2842
2846
2918
2866
2852
2820
2794
2792
2888
2878
2842
2790
2870
2962
2974
2984
3020
2974
2994
3066
3020
2998
3040
3106
3048
3066
3132
3136
3100
2982
2938
2980
3036
2962
2890
2928
2922
2948
3038
3042
3080
3026
3000
2970
2938
2846
2892
2892
2856
2866
2906
2952
2980
2878
2888
2908
2860
2878
2848
2808
2848
2878
2832
2806
2754
2772
2762
2810
2814
2830
2858
2814
2738
2736
2812
2756
2772
2900
2916
2942
3056
3054
3046
2962
