908
886
878
896
884
882
860
908
920
916
934
934
926
906
888
908
890
866
862
844
830
820
814
844
864
868
854
860
850
894
866
864
872
892
888
864
824
826
828
852
874
846
844
844
870
840
816
838
834
836
840
828
818
878
906
894
916
888
904
918
932
944
946
950
964
968
966
958
932
932
914
928
934
912
928
914
906
902
862
848
856
870
860
852
846
842
804
786
828
824
834
810
756
764
764
760
820
840
850
854
838
840
846
864
882
888
900
900
912
906
904
862
868
858
878
896
878
896
900
912
900
872
882
868
874
902
900
908
900
884
868
848
818
788
772
790
802
788
752
782
760
760
778
816
818
812
798
838
862
834
812
808
796
850
902
892
878
884
882
876
876
878
874
846
838
852
880
884
850
844
850
834
836
886
894
882
902
896
886
848
882
848
846
836
864
888
876
870
872
858
882
914
900
926
898
874
864
898
932
904
912
862
876
868
874
842
822
832
852
848
878
882
894
900
910
922
898
896
908
946
916
880
852
870
898
890
886
900
900
888
888
846
868
886
862
860
838
820
862
874
860
906
866
890
874
884
836
800
820
816
816
838
820
810
806
788
824
838
838
796
798
784
824
840
844
832
782
812
798
744
774
786
784
818
790
778
780
824
792
812
800
794
800
790
794
806
828
832
826
842
830
830
818
804
826
862
814
756
748
790
748
736
744
762
784
804
774
790
764
734
720
710
752
754
746
746
722
730
770
762
738
752
722
706
774
740
738
754
742
716
710
716
670
716
716
726
712
724
720
748
752
748
724
724
754
726
766
794
762
714
712
764
790
788
784
822
838
862
838
842
830
820
832
802
818
792
756
790
764
768
794
774
740
698
622
654
696
746
770
818
778
746
736
776
834
852
856
850
846
778
802
832
830
870
860
858
840
846
828
836
806
802
808
824
866
868
862
882
888
880
870
850
848
854
870
874
884
856
866
848
856
888
888
898
872
888
870
870
896
906
900
908
914
920
892
886
868
888
886
898
912
922
934
942
940
926
904
916
920
944
950
940
938
906
908
928
934
928
920
928
944
944
936
902
900
876
838
856
850
866
880
890
914
922
914
912
888
858
876
860
904
896
876
838
854
872
856
830
836
850
860
872
874
850
832
844
808
810
796
782
780
764
800
824
830
830
828
838
842
844
874
846
862
840
856
868
830
870
846
890
882
888
892
848
868
868
854
870
874
894
872
868
848
832
818
808
808
798
772
772
744
756
732
730
738
728
742
732
742
792
760
752
768
746
734
746
738
736
692
678
690
726
762
734
744
724
710
688
698
716
724
726
670
670
686
700
754
718
730
738
758
764
758
766
734
768
756
780
794
774
800
772
770
740
748
772
762
716
746
754
720
732
690
726
718
728
730
718
724
758
770
796
732
718
686
684
686
694
712
718
744
756
766
794
800
810
814
802
850
832
842
832
812
824
834
824
840
832
824
850
832
816
816
796
784
808
818
846
878
866
898
880
882
868
864
872
878
880
882
868
884
868
846
876
906
892
896
896
918
932
920
880
920
928
908
882
860
868
886
850
830
844
866
848
862
910
870
872
884
860
854
842
868
846
846
852
868
870
848
804
810
844
854
846
842
802
822
842
842
854
862
844
848
808
832
802
854
886
868
876
892
904
904
910
930
918
886
870
880
840
822
808
824
828
816
816
828
810
832
836
796
758
758
744
736
696
722
708
694
674
714
750
806
802
778
784
762
746
776
788
776
766
754
740
764
754
748
716
728
728
742
750
774
758
772
782
796
766
762
768
764
800
808
770
790
794
824
842
834
824
828
834
844
810
792
808
774
742
762
774
770
792
836
846
818
774
784
808
834
858
788
794
788
816
782
746
752
770
824
848
880
906
850
830
832
844
862
892
902
882
872
852
824
806
812
786
798
798
804
830
834
852
912
902
886
860
894
900
928
890
890
872
890
910
890
900
890
864
886
886
900
900
878
852
858
830
870
894
864
884
874
868
846
818
804
804
804
782
796
776
792
770
766
774
786
794
834
870
870
892
906
918
912
902
890
864
838
832
834
862
860
880
868
852
828
824
794
816
806
814
810
818
822
810
820
864
872
860
840
858
876
838
802
816
834
800
780
794
798
798
794
820
790
822
816
800
818
814
846
830
808
840
862
880
878
870
844
822
852
838
840
864
862
838
840
858
832
822
832
832
840
802
834
808
834
866
846
864
880
882
900
886
826
876
876
864
860
886
886
880
858
888
858
858
858
850
826
856
858
850
864
866
842
782
814
822
818
830
806
820
788
794
782
738
734
766
794
778
770
848
886
902
924
916
914
926
886
878
842
832
844
832
824
850
890
890
848
850
852
854
792
816
822
814
812
826
858
834
840
872
922
910
900
914
884
892
880
888
924
932
916
908
908
900
886
886
894
876
856
858
858
840
824
808
816
832
814
806
820
858
828
836
848
844
850
818
818
838
820
834
812
824
826
788
816
828
802
828
840
840
836
876
898
898
892
890
860
864
830
864
836
798
814
794
808
814
840
862
864
882
870
914
930
922
904
904
880
888
884
876
900
896
918
920
912
898
926
938
926
924
916
946
944
926
892
900
894
896
886
860
848
822
834
856
882
882
908
916
924
908
892
874
896
900
912
894
886
882
894
892
900
908
890
886
878
872
852
868
846
864
850
844
846
860
864
864
906
898
916
914
926
906
864
814
836
822
862
830
792
796
804
818
822
828
816
786
798
832
824
846
850
844
842
862
886
896
888
884
894
906
880
886
868
866
888
860
858
840
834
842
828
836
850
822
804
794
788
806
776
748
738
724
676
674
740
780
790
798
842
794
778
808
806
826
814
834
840
838
846
878
872
904
916
902
922
932
928
916
940
946
934
956
946
924
906
896
896
888
912
924
894
890
910
926
910
884
876
896
916
914
912
934
926
908
912
900
888
902
900
850
844
854
880
882
862
856
856
854
864
878
898
868
874
870
860
880
896
922
916
928
926
926
924
914
906
908
894
908
898
876
904
884
874
916
908
904
862
874
892
886
896
888
850
840
850
862
878
850
848
866
856
886
888
900
890
874
882
896
898
898
902
892
900
862
874
860
888
858
894
870
930
926
900
924
892
900
898
886
886
890
844
808
844
838
844
842
844
820
834
820
808
790
834
862
848
894
868
848
874
900
900
912
920
884
888
912
910
914
922
930
886
906
888
894
872
882
872
928
936
926
932
938
920
916
886
854
844
848
834
828
848
814
790
836
824
824
818
830
840
866
888
906
914
884
896
908
918
898
904
874
904
882
902
866
904
930
914
904
904
886
866
890
890
930
914
900
922
914
924
932
920
924
940
916
906
920
924
920
910
920
874
900
900
888
876
880
876
894
898
906
892
876
930
938
916
906
898
890
936
912
904
888
850
834
868
880
872
902
922
908
902
904
892
902
916
928
916
886
872
880
872
876
906
884
886
882
868
862
860
862
876
872
886
886
876
864
844
824
848
866
874
874
864
834
826
840
776
774
792
822
822
770
752
762
760
802
800
816
822
862
838
872
814
792
784
808
808
806
794
816
798
780
768
766
774
832
824
860
836
868
838
850
834
852
832
862
862
830
864
862
854
836
808
812
788
804
802
834
824
820
794
790
760
714
712
712
764
802
830
818
844
860
854
900
896
856
870
840
844
832
878
896
858
874
886
896
908
904
918
898
934
926
944
932
896
888
894
938
918
916
914
932
926
926
904
894
876
892
856
886
902
894
896
872
872
920
844
858
864
838
816
828
830
856
880
882
884
874
876
880
900
884
886
882
866
848
812
812
832
884
902
916
912
916
862
850
858
834
816
828
776
788
840
820
796
796
812
864
846
886
872
910
916
918
914
924
906
890
876
890
892
866
878
868
882
844
826
856
872
874
864
866
878
880
878
900
908
882
876
898
934
930
914
880
840
824
832
818
788
806
826
816
814
796
820
844
830
826
852
856
852
886
888
866
858
838
854
820
832
824
854
842
842
824
832
828
820
814
796
798
792
804
810
816
790
836
852
828
860
864
846
876
866
868
898
904
910
880
900
904
900
888
904
908
908
912
918
938
946
928
920
896
908
892
892
876
878
904
894
878
880
868
874
932
932
914
880
904
886
880
872
886
836
810
824
818
826
850
848
858
858
866
844
848
810
790
752
764
776
762
776
770
798
806
804
830
826
844
830
850
852
872
840
840
878
874
894
896
906
892
916
908
908
910
902
912
910
910
888
870
836
862
858
856
870
890
890
906
872
886
892
902
910
902
924
916
902
900
878
888
898
882
916
912
896
906
880
888
878
892
884
910
894
874
876
850
854
846
876
852
872
894
892
884
874
840
836
864
876
878
874
856
864
866
870
838
840
804
828
834
886
916
930
926
926
890
900
892
916
894
884
844
844
872
886
878
856
886
874
912
896
872
860
860
874
882
866
904
938
918
896
886
882
846
878
874
880
884
902
872
896
916
918
910
904
918
906
900
896
894
912
894
862
852
862
852
884
850
850
848
850
884
858
848
802
828
808
840
824
840
856
878
856
856
832
838
850
864
852
818
