416
438
378
382
364
416
414
462
450
430
422
470
440
396
344
344
322
336
352
328
298
324
302
296
276
262
266
280
280
328
394
436
460
472
442
432
374
376
372
362
412
378
408
404
372
380
382
390
426
436
452
472
462
440
442
432
380
366
368
336
346
338
360
370
364
360
346
268
300
324
344
324
332
356
358
304
326
350
358
386
430
460
470
448
452
370
356
374
342
370
378
378
420
372
308
340
364
376
394
360
320
304
290
338
350
362
342
358
376
422
450
444
446
390
416
396
376
366
330
314
316
284
254
262
268
296
364
398
392
368
356
384
410
380
366
368
386
388
404
354
404
370
398
432
448
450
432
436
396
346
368
378
378
396
394
398
402
408
404
430
412
384
422
504
476
438
440
432
406
412
420
408
338
352
370
420
418
354
366
352
352
350
304
280
304
310
282
318
338
344
390
398
446
432
424
412
430
444
492
522
542
510
528
536
558
536
546
584
578
578
546
500
474
454
428
388
428
474
472
532
524
512
500
526
540
562
566
576
596
594
646
614
606
566
548
548
526
482
510
500
490
492
512
484
510
494
478
476
522
504
492
528
572
606
660
666
640
606
592
606
568
616
632
646
650
656
684
694
732
712
698
712
680
692
674
652
658
676
674
664
658
646
618
686
702
756
728
740
728
738
776
784
734
790
824
848
840
796
782
802
806
794
788
816
784
826
812
792
780
786
792
804
812
780
758
756
718
680
704
716
734
736
762
784
788
804
802
824
800
784
786
786
800
832
782
752
768
798
786
738
732
702
668
710
670
648
624
630
674
712
694
696
644
624
636
606
574
598
606
608
572
600
600
596
582
560
556
554
548
476
472
502
526
534
574
588
548
594
582
640
670
720
738
752
752
732
722
734
692
684
706
726
706
732
766
764
792
766
784
756
726
734
734
724
718
722
698
714
716
734
742
734
720
696
690
670
682
736
744
788
786
760
744
766
740
778
814
782
776
766
698
652
646
604
610
568
618
650
644
700
700
672
672
682
722
706
700
728
730
670
660
650
678
662
604
630
654
598
622
634
608
666
670
652
642
682
708
734
770
734
700
722
730
722
696
696
678
684
710
730
726
688
674
678
658
638
678
690
682
684
638
636
654
636
630
658
712
684
694
674
664
672
728
726
714
706
700
728
718
694
756
760
776
754
786
796
784
820
812
792
812
802
822
836
780
752
708
698
756
718
734
776
726
762
714
756
712
716
734
724
760
740
734
796
720
748
796
756
740
762
728
734
762
798
776
780
752
780
736
704
714
742
750
752
758
756
736
718
716
694
686
660
698
710
720
730
706
662
672
674
694
668
686
752
758
740
748
800
794
800
816
778
756
778
766
740
738
740
688
704
740
760
776
804
816
812
820
842
834
816
824
812
834
784
780
778
754
718
770
754
780
762
794
784
800
770
794
778
754
768
748
698
688
662
652
704
722
756
728
684
710
648
604
594
594
598
600
622
594
662
642
680
696
698
694
664
656
642
670
672
668
666
690
710
690
686
708
706
688
692
682
634
676
696
702
656
678
678
678
698
666
702
738
746
688
732
698
764
770
722
740
756
758
748
738
712
770
788
798
782
732
728
718
674
696
684
640
634
620
642
630
628
626
618
644
598
562
606
620
638
628
568
554
550
550
576
566
606
654
608
576
536
540
540
534
578
612
644
646
624
644
592
600
586
612
632
616
626
594
546
578
592
578
600
622
654
678
700
694
670
650
620
558
564
612
608
598
644
660
652
644
690
680
734
704
762
760
744
738
696
696
690
730
736
768
800
770
752
746
764
770
754
782
758
744
764
766
804
800
792
816
798
788
784
786
776
746
680
704
696
650
692
678
694
670
640
658
604
626
632
592
604
594
606
626
668
600
618
574
530
518
544
528
550
550
584
578
546
530
514
478
452
458
470
504
550
522
482
512
534
556
512
550
590
598
602
582
598
660
644
638
614
644
616
620
604
656
678
700
714
716
756
770
788
802
742
688
672
700
670
584
602
602
588
610
562
552
528
498
546
546
530
522
556
546
474
506
488
402
422
426
468
452
440
414
404
400
402
406
414
442
428
396
404
452
474
490
490
448
472
452
438
422
424
472
522
516
518
588
600
598
608
642
642
648
666
664
676
686
748
734
720
728
716
708
718
740
716
752
760
774
776
756
744
710
660
672
684
704
696
648
612
626
602
596
582
532
476
510
558
582
590
634
596
566
538
558
556
506
534
542
536
532
532
498
530
526
496
538
534
454
458
458
482
452
432
478
464
466
452
476
492
518
428
482
468
456
416
382
452
470
442
476
506
536
490
490
482
516
516
544
516
564
536
518
488
488
528
528
552
590
530
504
510
472
468
470
480
468
476
554
544
532
548
558
542
552
536
532
544
542
518
504
486
464
526
512
454
462
488
494
516
470
456
406
406
408
466
518
528
508
466
464
424
404
424
432
408
452
374
376
348
358
336
292
236
192
198
224
196
170
194
180
136
68
104
112
88
76
76
90
36
38
76
90
74
12
32
58
42
30
4
16
62
102
94
26
16
24
46
0
2
38
36
40
36
38
48
24
6
4
24
30
22
22
8
36
18
58
46
20
50
60
32
50
38
14
30
70
100
104
132
84
52
70
104
84
54
50
54
70
26
16
24
74
122
130
152
188
228
242
270
274
336
334
340
338
336
338
384
384
376
376
370
402
438
394
394
408
402
432
446
440
422
446
456
430
414
420
396
352
366
372
406
418
376
344
262
282
250
258
262
274
218
186
230
276
284
264
316
312
316
370
350
398
416
432
438
452
486
492
494
462
492
478
468
438
448
474
468
458
432
462
468
516
486
498
486
458
460
424
430
472
484
530
542
514
490
502
470
408
444
470
460
490
496
422
418
402
394
354
310
218
238
268
318
284
338
336
332
242
282
280
294
282
280
290
324
240
232
234
220
232
240
220
210
248
212
192
216
230
178
140
128
112
112
152
150
184
128
132
116
150
124
146
120
182
196
220
200
222
232
240
250
272
288
294
278
278
254
224
190
252
248
280
332
344
326
304
314
280
296
306
342
362
374
416
398
380
356
344
362
312
292
264
216
232
222
234
222
190
194
158
208
212
214
210
252
174
136
140
168
200
210
180
184
162
160
142
126
174
180
178
162
106
86
148
130
132
126
130
166
96
114
136
102
142
176
162
174
154
180
246
282
308
310
316
254
256
268
320
366
384
348
350
362
316
312
266
266
308
334
320
290
316
292
286
286
270
278
288
336
316
280
238
208
174
162
182
178
214
192
230
232
308
256
238
174
166
124
64
46
32
58
56
42
96
84
120
172
222
232
206
200
192
242
218
158
188
188
194
178
178
192
198
190
178
126
192
204
142
98
134
176
166
116
42
0
12
10
6
24
36
0
72
64
36
24
26
68
56
100
90
128
82
90
80
138
150
138
200
162
186
256
316
334
350
364
366
398
428
480
526
512
494
572
598
584
590
574
610
600
672
656
634
630
628
692
680
666
728
708
732
690
680
676
668
636
670
660
628
558
536
528
476
476
448
458
422
404
372
384
364
414
372
308
336
336
300
280
260
318
358
328
252
284
286
354
272
214
190
210
222
198
172
196
194
200
260
282
274
296
314
300
298
252
250
266
238
230
288
274
292
248
250
236
282
324
308
260
238
226
222
214
224
204
222
224
198
266
286
262
224
224
228
202
172
174
180
222
208
194
172
170
166
118
138
164
200
210
204
220
170
196
232
232
250
260
334
306
290
258
240
218
206
274
286
294
242
272
288
306
304
290
304
344
346
324
264
286
282
348
342
312
282
284
280
260
244
240
270
260
308
244
266
278
266
224
244
240
220
224
202
194
212
202
188
210
194
186
174
224
226
214
224
218
222
220
204
226
200
160
104
64
28
12
38
48
48
12
12
36
72
52
26
2
6
52
104
50
26
18
18
36
2
8
4
26
20
104
110
30
70
40
40
44
50
6
44
86
42
8
58
50
18
32
28
30
66
132
120
76
82
106
172
136
122
116
94
126
136
170
200
186
166
158
170
144
180
154
182
202
212
176
188
210
204
186
152
146
178
144
180
116
120
122
154
170
226
252
240
250
230
278
246
282
274
210
160
148
140
146
190
228
204
152
110
100
100
66
56
46
40
50
46
84
78
118
130
108
100
66
62
40
20
38
2
56
74
110
122
96
108
146
206
194
222
200
212
230
190
160
188
144
108
134
188
140
170
172
192
142
108
112
112
78
106
112
98
112
92
108
48
34
54
40
34
18
44
58
46
94
72
50
28
40
12
18
40
60
36
32
48
2
40
28
0
44
16
38
8
40
32
22
4
38
78
42
70
46
6
26
2
46
32
42
54
84
112
158
124
110
122
168
156
114
100
82
58
70
60
42
62
48
66
96
76
152
152
130
100
144
196
176
218
212
204
236
214
250
208
240
256
254
302
328
312
310
240
260
292
322
288
300
306
314
306
294
280
230
292
282
302
282
324
282
266
302
330
272
306
298
356
330
366
362
388
416
440
482
484
498
510
512
506
546
586
620
596
604
