3494
3500
3564
3514
3490
3542
3516
3520
3474
3492
3470
3416
3392
3398
3470
3434
3448
3458
3492
3494
3476
3516
3528
3466
3474
3436
3426
3418
3438
3444
3414
3388
3372
3406
3426
3480
3390
3334
3334
3372
3426
3484
3444
3514
3508
3544
3560
3590
3652
3664
3680
3660
3650
3652
3622
3602
3636
3594
3534
3462
3448
3424
3364
3334
3360
3374
3432
3468
3482
3498
3554
3584
3558
3572
3558
3568
3576
3558
3572
3606
3562
3572
3508
3538
3494
3452
3460
3452
3526
3496
3502
3460
3390
3466
3440
3438
3478
3468
3478
3542
3494
3524
3572
3564
3572
3588
3608
3608
3596
3602
3602
3554
3536
3528
3532
3524
3522
3522
3588
3586
3646
3652
3692
3610
3530
3560
3502
3542
3554
3564
3534
3538
3522
3508
3538
3590
3542
3596
3548
3512
3514
3470
3512
3556
3570
3578
3576
3566
3546
3576
3602
3616
3700
3650
3630
3586
3508
3488
3540
3496
3498
3452
3456
3456
3402
3374
3442
3400
3416
3362
3378
3376
3318
3318
3336
3306
3292
3198
3180
3234
3240
3206
3220
3280
3266
3318
3314
3396
3304
3296
3290
3298
3344
3456
3394
3432
3456
3456
3474
3454
3458
3508
3492
3510
3564
3486
3458
3384
3336
3382
3438
3468
3482
3482
3498
3500
3518
3576
3588
3622
3556
3524
3534
3534
3470
3424
3436
3476
3494
3544
3528
3532
3560
3524
3514
3540
3520
3550
3544
3542
3572
3590
3576
3554
3482
3402
3438
3416
3428
3486
3444
3454
3422
3482
3540
3528
3482
3450
3480
3598
3602
3568
3548
3576
3626
3612
3578
3542
3588
3608
3586
3594
3576
3606
3560
3664
3660
3650
3568
3600
3616
3640
3598
3534
3554
3574
3536
3530
3516
3566
3648
3574
3546
3592
3554
3564
3560
3538
3502
3532
3486
3504
3462
3444
3448
3478
3526
3562
3522
3520
3524
3556
3552
3574
3516
3494
3524
3518
3564
3568
3522
3554
3576
3618
3556
3460
3472
3422
3406
3458
3392
3380
3360
3356
3368
3416
3426
3422
3378
3356
3400
3424
3446
3424
3450
3462
3520
3420
3518
3496
3470
3432
3450
3494
3478
3484
3474
3498
3562
3526
3514
3532
3498
3472
3442
3440
3462
3462
3528
3588
3600
3612
3620
3618
3606
3588
3536
3524
3548
3550
3522
3450
3518
3500
3478
3366
3362
3338
3368
3388
3382
3470
3420
3450
3440
3464
3454
3420
3404
3420
3414
3330
3332
3342
3376
3440
3488
3498
3452
3542
3484
3458
3426
3436
3440
3438
3462
3414
3428
3354
3358
3368
3302
3338
3408
3402
3400
3398
3354
3300
3286
3306
3266
3418
3376
3368
3370
3376
3378
3322
3342
3382
3304
3362
3376
3434
3430
3384
3352
3350
3320
3344
3300
3314
3328
3340
3312
3294
3286
3262
3344
3382
3366
3318
3422
3460
3538
3542
3522
3556
3568
3522
3552
3620
3626
3602
3600
3606
3600
3638
3648
3614
3574
3666
3624
3654
3598
3610
3566
3530
3532
3542
3556
3508
3478
3498
3506
3586
3602
3556
3564
3594
3572
3496
3512
3550
3566
3506
3550
3568
3620
3580
3570
3662
3648
3608
3622
3624
3568
3554
3560
3526
3508
3544
3488
3526
3530
3546
3550
3524
3510
3606
3638
3642
3646
3614
3664
3640
3558
3552
3556
3514
3586
3596
3616
3596
3576
3532
3504
3568
3496
3512
3440
3502
3488
3428
3490
3452
3428
3476
3434
3362
3406
3390
3440
3456
3484
3474
3522
3516
3486
3508
3498
3466
3460
3468
3482
3466
3526
3578
3472
3452
3480
3500
3430
3458
3522
3516
3492
3464
3492
3458
3440
3418
3448
3494
3486
3516
3490
3550
3574
3576
3552
3618
3504
3526
3454
3490
3526
3548
3568
3528
3510
3450
3468
3520
3586
3568
3506
3484
3454
3484
3490
3486
3344
3380
3396
3380
3406
3350
3392
3450
3420
3424
3500
3418
3448
3428
3420
3396
3490
3554
3472
3570
3574
3540
3582
3512
3580
3588
3634
3616
3630
3640
3630
3664
3668
3618
3486
3490
3434
3472
3430
3386
3404
3420
3348
3340
3284
3322
3280
3350
3424
3488
3524
3536
3478
3468
3476
3450
3496
3494
3496
3508
3476
3476
3508
3458
3482
3510
3514
3494
3438
3420
3444
3488
3470
3436
3476
3480
3514
3492
3546
3502
3488
3530
3504
3482
3506
3516
3530
3538
3560
3442
3480
3454
3444
3510
3512
3454
3504
3460
3552
3530
3490
3490
3538
3536
3510
3458
3468
3306
3348
3366
3388
3388
3366
3424
3420
3412
3400
3436
3386
3446
3438
3452
3438
3456
3468
3464
3470
3382
3464
3474
3492
3406
3418
3440
3414
3458
3484
3434
3452
3516
3468
3414
3412
3416
3360
3406
3342
3330
3396
3412
3464
3466
3432
3508
3500
3446
3484
3484
3528
3526
3334
3338
3336
3376
3400
3392
3406
3430
3444
3442
3408
3400
3404
3480
3486
3484
3442
3520
3506
3498
3544
3524
3548
3522
3442
3404
3414
3416
3416
3478
3548
3584
3576
3586
3608
3634
3610
3624
3626
3622
3588
3542
3488
3556
3532
3534
3620
3594
3568
3516
3492
3444
3384
3330
3300
3290
3338
3364
3330
3328
3288
3290
3214
3310
3328
3280
3280
3280
3358
3296
3288
3216
3176
3274
3270
3254
3200
3176
3170
3176
3146
3138
3206
3112
3150
3118
3146
3164
3196
3184
3146
3214
3206
3166
3136
3060
3116
3082
3084
3156
3222
3232
3210
3176
3206
3162
3196
3342
3288
3262
3202
3220
3254
3204
3218
3238
3280
3262
3218
3262
3306
3294
3314
3352
3352
3310
3366
3362
3344
3388
3350
3398
3368
3344
3314
3284
3294
3274
3282
3220
3280
3252
3248
3304
3314
3340
3360
3404
3394
3396
3422
3434
3496
3518
3514
3518
3460
3480
3456
3506
3458
3438
3474
3454
3434
3412
3292
3310
3266
3258
3266
3340
3380
3356
3366
3368
3396
3450
3426
3492
3444
3454
3504
3468
3462
3516
3470
3456
3424
3434
3452
3436
3474
3458
3540
3514
3468
3506
3472
3452
3524
3428
3390
3442
3426
3474
3462
3470
3452
3442
3362
3384
3402
3424
3438
3446
3398
3450
3386
3386
3374
3384
3396
3460
3484
3466
3444
3420
3444
3422
3434
3518
3576
3534
3520
3560
3550
3474
3448
3404
3398
3382
3378
3378
3294
3308
3336
3398
3334
3322
3310
3288
3178
3210
3244
3266
3252
3326
3290
3348
3332
3350
3318
3382
3390
3372
3314
3332
3340
3336
3278
3264
3322
3318
3320
3250
3302
3300
3262
3242
3242
3256
3222
3228
3260
3320
3336
3324
3348
3384
3394
3460
3448
3492
3480
3536
3546
3572
3602
3630
3616
3624
3616
3588
3578
3544
3588
3568
3540
3484
3468
3408
3380
3428
3446
3472
3466
3472
3452
3512
3506
3416
3494
3506
3516
3562
3508
3544
3564
3474
3410
3386
3346
3376
3316
3296
3376
3386
3410
3422
3366
3336
3388
3436
3410
3398
3434
3460
3534
3510
3418
3372
3284
3288
3298
3332
3374
3366
3356
3380
3424
3454
3420
3450
3516
3502
3460
3454
3412
3382
3398
3484
3444
3512
3514
3490
3504
3514
3474
3520
3552
3576
3556
3456
3516
3528
3512
3492
3516
3520
3554
3478
3476
3464
3512
3498
3492
3432
3440
3418
3380
3414
3390
3412
3448
3420
3424
3436
3428
3472
3440
3438
3430
3408
3390
3310
3272
3264
3318
3396
3318
3338
3360
3388
3312
3232
3204
3206
3218
3266
3290
3232
3256
3192
3256
3156
3168
3236
3234
3270
3272
3300
3294
3376
3372
3358
3424
3424
3394
3408
3402
3418
3402
3406
3392
3364
3372
3490
3442
3460
3484
3448
3404
3444
3454
3526
3518
3468
3544
3498
3534
3536
3528
3492
3456
3476
3436
3446
3408
3436
3430
3456
3452
3442
3428
3442
3406
3374
3490
3464
3422
3446
3448
3540
3490
3492
3508
3506
3564
3594
3528
3596
3600
3554
3550
3540
3624
3586
3550
3512
3506
3528
3598
3586
3560
3550
3520
3504
3456
3430
3392
3398
3424
3418
3390
3446
3406
3396
3444
3380
3448
3476
3486
3444
3450
3432
3388
3484
3462
3442
3470
3486
3470
3486
3506
3584
3528
3568
3472
3434
3390
3346
3360
3408
3446
3446
3458
3418
3502
3480
3434
3446
3436
3472
3554
3520
3516
3474
3452
3450
3400
3440
3450
3416
3442
3412
3394
3426
3440
3458
3432
3454
3486
3476
3456
3484
3452
3512
3558
3564
3542
3536
3498
3546
3590
3596
3514
3510
3546
3552
3590
3590
3572
3564
3612
3604
3510
3516
3508
3474
3438
3464
3552
3540
3454
3544
3528
3520
3418
3426
3372
3376
3342
3326
3414
3350
3368
3338
3244
3272
3240
3174
3220
3192
3118
3186
3140
3152
3246
3298
3270
3252
3300
3274
3360
3300
3250
3316
3316
3292
3304
3290
3302
3330
3444
3438
3400
3366
3388
3348
3354
3394
3422
3340
3396
3348
3316
3356
3334
3356
3366
3388
3470
3476
3494
3484
3484
3556
3542
3520
3594
3534
3518
3512
3560
3566
3610
3674
3644
3674
3720
3666
3636
3682
3610
3616
3640
3598
3526
3516
3438
3392
3442
3402
3372
3370
3406
3312
3400
3386
3346
3366
3432
3432
3418
3436
3438
3490
3592
3560
3540
3520
3536
3544
3484
3494
3446
3474
3488
3500
3410
3454
3412
3412
3404
3470
3502
3494
3530
3556
3492
3498
3438
3486
3508
3528
3494
3584
3552
3538
3502
3514
3474
3440
3410
3338
3374
3398
3416
3400
3296
3290
3294
3294
3294
3198
3194
3196
3300
3360
3332
3340
3338
3394
3422
3478
3430
3476
3464
3468
3458
3436
3408
3382
3402
3362
3368
3396
3410
3414
3404
3362
3382
3492
3494
3496
3448
3456
3390
3458
3384
3372
3312
3346
3344
3348
3374
3380
3386
3446
3442
3458
3472
3460
3362
3352
3390
3382
3418
3420
3506
3470
3474
3428
3382
3428
3416
3366
3356
3310
3310
3280
3286
3294
3366
3364
3434
3354
3336
3400
3426
3502
3522
3502
3508
3504
3500
3534
3542
3472
3428
3428
3470
3472
3516
3462
3424
3366
3346
3352
3402
3338
3302
3322
3354
3372
3394
3404
3364
3432
3406
3428
3426
3416
3410
3438
3414
3384
3428
3352
3358
3390
3376
3282
3224
3238
3266
3198
3290
3336
3392
3358
3332
3348
3288
3280
3330
3328
3342
3358
3366
3278
3268
3318
3262
3304
3414
3390
3320
3316
3386
3316
3288
3280
3238
3294
3248
3320
3264
3244
3316
3290
3312
3290
3252
3222
3256
3322
3326
3344
3344
3338
3320
3360
3352
3384
3382
3316
3336
3334
3230
3208
3276
3250
3202
3264
3222
3248
3296
3306
3252
3212
3266
3186
3224
3236
3212
3292
3354
3384
3320
3322
3248
3226
3310
3278
3310
3386
3420
3482
3456
3488
3480
3514
3498
3452
3472
3508
3550
3500
3452
3434
3392
3402
3354
3436
3490
3464
3374
3350
3364
3354
3314
3340
3326
3354
3408
3454
3498
3572
3552
3534
3502
3522
3496
3512
3456
3516
3520
3568
3550
3552
3554
3618
3650
3628
3660
3660
3624
3594
3606
3594
3580
3566
3570
3548
3580
3522
3516
3536
3512
3428
3456
3480
3500
3526
3554
3492
3468
3414
3490
3480
3426
3416
3360
3356
3282
3284
3256
3332
3366
3376
3372
3422
3352
3320
3322
3270
3330
3348
3362
3390
3374
3378
3352
3312
3346
3232
3348
3346
3300
3264
3194
3150
3180
3190
3204
3234
3266
3200
3210
3164
3158
3244
3322
3330
3342
3338
3358
3388
3328
3312
3298
3254
3244
3312
3326
3356
3338
3370
3426
3380
3362
3318
3368
3316
3308
3410
3368
3366
3412
3436
3436
3442
3436
3418
3434
3502
3506
3540
3614
3584
3628
3596
3612
3566
3508
3508
3564
3594
3626
3618
3600
3602
3510
3542
3590
3566
3462
3484
3502
3504
3510
3552
3514
3480
3482
3530
3520
3506
3478
3508
3474
3452
3492
3470
3476
3452
3456
3450
3464
3512
3448
3450
3416
3482
3518
3582
3550
3588
3514
3472
3480
3512
3538
3564
3582
3500
3634
3588
3574
3572
3624
3604
3616
3608
3560
3552
3526
3534
3520
3456
3500
3510
3484
3506
3484
3460
3534
3558
3526
3522
3568
3580
3608
3602
3616
3582
3574
3512
3494
3494
3468
3506
3494
3544
