566
544
542
530
516
510
424
416
414
406
492
530
602
634
598
628
636
592
606
662
652
660
600
620
608
572
560
522
440
370
402
448
446
424
388
458
480
434
506
478
450
450
468
452
412
394
402
410
432
446
490
456
466
468
466
418
364
356
338
376
376
374
378
432
450
450
472
500
492
464
462
470
438
388
408
398
418
370
394
398
408
344
368
402
412
410
378
352
270
252
288
280
342
302
372
382
358
362
372
402
370
362
338
364
378
314
308
288
300
350
312
288
238
248
292
334
328
396
396
322
342
392
338
352
438
458
434
474
488
520
520
546
572
590
582
528
568
544
536
522
534
494
506
488
516
522
548
554
550
546
504
538
492
510
536
534
604
658
638
626
614
652
624
658
656
692
706
702
722
718
698
682
646
612
560
522
488
452
434
468
458
468
442
450
466
492
476
448
486
486
504
530
592
546
556
566
586
584
610
570
524
548
538
508
488
502
458
452
388
412
474
486
484
538
540
488
546
600
594
590
630
654
650
602
548
530
516
460
434
376
360
350
372
394
436
462
434
476
516
586
562
584
582
620
600
610
618
628
578
626
656
724
756
722
696
680
694
710
676
712
662
704
718
678
644
684
696
670
698
732
680
592
588
594
600
584
572
532
484
458
490
502
536
562
548
552
550
562
630
640
624
616
620
568
590
612
580
528
482
464
446
470
406
396
422
420
448
418
366
358
382
322
392
432
490
470
470
478
438
398
376
380
414
410
420
436
438
434
452
474
440
392
404
410
396
396
412
440
448
442
396
350
380
304
258
236
226
204
130
146
100
192
208
150
72
40
66
52
28
18
24
18
82
46
14
54
76
146
50
98
94
74
162
128
88
170
152
138
188
204
246
206
210
254
232
216
154
210
236
238
228
216
172
216
200
190
212
192
120
86
100
100
100
142
218
202
170
174
212
194
112
118
112
96
68
64
40
70
72
122
108
120
158
164
214
242
252
304
284
272
296
332
378
360
394
368
372
328
338
282
300
310
324
294
286
306
296
286
278
304
296
262
264
290
270
236
226
210
228
206
182
218
152
156
116
122
152
198
218
270
258
284
274
294
328
310
296
304
338
382
426
466
478
418
398
408
464
438
328
330
278
332
360
396
388
394
328
268
288
262
232
220
256
244
254
218
216
214
240
246
268
286
336
352
292
242
192
166
190
232
296
312
258
288
344
370
410
422
454
434
430
412
324
360
380
410
424
454
452
424
358
376
314
328
282
302
264
398
390
350
330
338
308
304
286
286
248
262
306
340
304
328
312
288
286
270
198
184
128
130
122
164
194
194
188
202
190
242
278
290
320
282
242
244
316
344
326
326
360
390
402
428
458
396
422
430
414
444
462
402
428
446
434
456
472
390
432
460
488
492
484
502
476
474
480
434
422
396
392
402
396
348
354
382
392
456
408
364
350
376
366
326
310
278
290
382
406
414
414
402
414
378
378
360
344
312
296
336
318
318
330
324
266
330
338
334
344
326
342
400
386
380
390
404
434
410
376
406
424
392
446
434
468
428
436
414
422
448
454
448
460
492
478
464
480
454
402
406
424
384
386
348
356
292
276
238
210
236
274
308
318
336
374
350
300
330
256
232
166
158
158
184
122
124
136
142
78
38
18
30
2
4
8
18
20
70
40
44
68
88
134
82
80
106
94
76
90
128
96
50
32
0
58
58
100
100
96
126
162
88
88
86
102
62
78
120
168
136
116
140
218
204
182
224
258
260
244
220
232
164
186
186
176
134
112
130
96
110
130
78
42
102
78
44
76
108
124
120
120
86
128
38
28
28
68
64
138
122
168
184
134
108
150
132
96
136
144
166
120
172
198
178
170
202
236
212
194
164
162
128
98
94
66
64
90
66
118
114
106
106
90
112
98
98
94
136
136
102
156
156
136
154
178
210
200
234
258
260
222
234
218
208
262
214
168
246
288
328
350
410
422
414
436
382
414
368
380
410
434
416
446
432
414
432
466
444
470
548
548
604
588
578
600
556
518
530
564
542
528
502
488
552
530
524
468
454
464
448
420
326
284
336
266
318
366
360
378
438
394
412
468
450
420
416
444
420
354
390
370
434
364
392
416
416
420
450
452
394
408
406
414
436
436
388
384
354
364
424
478
460
470
446
406
468
452
392
364
406
366
366
386
342
374
420
404
386
384
390
406
480
420
418
486
556
546
530
576
574
594
606
604
562
540
522
488
458
496
418
390
396
390
400
368
344
372
454
494
482
486
468
476
480
442
444
474
492
516
436
402
414
400
364
388
398
392
404
376
416
394
398
414
426
374
370
344
358
384
398
434
452
458
476
424
372
350
374
364
400
358
404
426
478
456
454
498
496
462
456
420
438
480
468
460
520
534
504
538
500
510
490
442
368
382
370
366
246
178
162
130
122
152
164
142
66
64
136
118
206
228
216
238
232
198
166
108
90
86
36
58
46
68
28
2
22
34
10
82
106
72
60
56
56
38
12
42
72
116
94
86
42
64
4
8
14
30
14
8
10
32
88
48
6
42
54
42
2
6
90
142
196
122
200
156
126
180
172
132
152
144
124
148
122
140
158
116
86
130
150
140
132
142
156
144
38
10
6
16
38
46
70
98
148
160
94
114
104
116
160
218
208
190
204
226
246
260
236
274
294
302
332
334
294
332
268
252
246
276
278
254
236
204
172
260
274
298
318
298
272
236
256
288
260
236
212
220
218
156
146
152
182
238
198
208
220
146
96
84
120
140
170
142
110
128
118
120
112
124
78
80
94
134
126
88
126
76
86
110
144
174
166
138
214
194
168
194
176
132
104
132
134
118
84
110
178
188
184
164
206
208
238
206
208
296
276
304
344
366
342
296
346
338
406
382
346
328
314
316
330
340
408
414
470
452
404
378
354
308
274
324
334
310
300
300
338
332
298
326
330
318
322
382
378
440
458
400
398
348
370
328
302
254
174
138
190
226
320
336
368
364
338
310
306
258
250
264
206
250
220
186
222
234
242
210
158
162
154
204
248
240
212
184
166
146
138
168
76
120
170
192
290
294
328
366
370
354
288
258
236
172
110
148
158
158
156
134
200
234
204
198
216
218
220
204
222
264
272
222
220
216
252
236
218
256
228
250
244
216
174
200
164
174
190
180
218
238
240
220
188
250
270
320
282
282
308
248
240
318
290
258
244
246
190
198
222
194
222
208
222
302
320
330
330
328
340
360
372
312
314
324
344
400
418
376
390
376
318
356
376
380
366
346
322
346
380
320
292
352
336
290
288
280
258
216
250
240
230
256
222
262
264
218
216
156
178
210
236
266
230
270
246
202
196
194
194
120
90
88
40
6
36
32
22
10
32
52
26
14
82
80
58
66
42
12
38
38
6
86
52
0
2
18
20
86
80
44
30
2
34
84
34
50
40
2
26
58
118
50
32
38
60
32
14
36
26
14
22
36
62
6
16
70
82
70
52
52
36
10
22
10
50
148
206
144
82
66
50
58
72
48
22
26
2
6
60
32
10
2
18
56
16
28
12
42
16
16
18
2
66
124
82
140
64
74
82
128
118
42
0
22
18
2
66
66
50
60
72
66
82
40
58
88
98
64
10
50
20
14
6
54
34
18
22
84
76
106
110
102
44
60
40
28
24
44
50
70
70
44
34
36
54
94
62
34
44
4
38
14
8
2
18
6
34
64
10
26
34
38
2
18
38
28
58
30
8
22
56
122
162
124
118
156
162
100
84
72
48
2
32
52
72
130
16
4
26
8
24
26
20
28
78
92
28
52
22
52
74
28
82
90
42
74
32
64
102
80
92
120
126
160
172
182
274
268
236
226
220
248
282
260
258
288
248
184
198
154
94
122
74
108
128
120
56
100
162
82
138
156
192
152
166
84
60
60
12
12
56
54
20
8
18
52
50
20
34
28
6
8
32
34
14
2
22
20
84
90
132
96
104
80
62
32
14
6
4
16
76
40
64
22
22
82
114
102
90
26
48
26
42
18
28
10
44
64
58
88
128
196
190
272
236
210
234
212
164
196
258
230
180
178
170
186
238
188
182
176
254
220
170
214
228
236
226
210
206
298
258
250
290
288
242
200
186
154
144
188
166
176
174
240
166
132
158
152
136
144
196
216
158
176
122
128
70
46
104
96
106
24
8
24
44
6
4
16
60
112
120
18
36
76
88
140
120
150
140
178
188
206
178
260
294
320
328
382
412
458
440
422
416
492
486
484
390
396
380
356
326
328
342
352
396
396
342
304
352
326
374
372
342
330
344
372
430
406
398
432
456
550
530
528
574
598
598
640
650
682
688
622
604
594
566
540
542
534
542
502
522
520
494
470
442
378
368
312
348
314
310
292
254
306
372
362
346
404
412
428
452
418
362
392
352
286
254
256
230
256
270
248
248
198
224
180
120
124
90
94
44
18
12
76
32
0
26
28
62
20
28
102
98
30
52
28
70
122
92
128
198
186
184
126
174
194
162
190
218
234
270
278
258
254
260
226
216
190
248
250
264
228
232
284
296
268
236
216
252
234
256
234
236
236
268
