420
424
250
294
228
234
216
90
6
82
154
82
42
118
308
446
538
576
558
510
574
480
480
380
360
434
354
362
238
330
402
254
372
526
500
538
514
440
576
780
732
666
540
342
332
268
234
306
368
328
332
384
302
210
134
366
358
444
620
656
726
850
770
654
680
810
780
856
846
836
836
820
692
834
1164
1252
1238
1282
1128
900
990
1050
940
774
708
946
846
852
1008
1084
764
658
622
708
682
388
396
264
324
336
278
314
366
426
406
200
132
142
24
40
8
20
2
32
64
66
50
110
68
54
114
116
26
144
72
284
438
350
424
386
252
320
426
382
374
374
478
314
354
420
164
378
332
284
142
88
30
50
164
204
250
346
472
448
630
618
492
496
412
374
552
466
456
432
494
516
622
598
484
476
536
396
304
382
510
704
816
694
538
424
404
352
510
518
490
328
320
318
4
90
32
20
26
200
222
258
388
456
432
462
402
432
582
570
744
622
540
554
402
594
774
772
828
1064
1082
992
788
792
770
760
942
936
908
880
954
1068
1228
1086
1238
1136
1150
1018
1014
902
822
992
1040
908
788
890
746
824
854
908
956
984
940
1086
970
970
1124
1164
1132
1106
1066
890
1188
1260
1224
1396
1390
1516
1434
1318
1456
1412
1426
1454
1534
1400
1402
1362
1374
1542
1528
1398
1502
1284
1066
1286
1326
1410
1320
1450
1484
1506
1324
1294
1370
1536
1402
1366
1292
1424
1396
1436
1600
1488
1456
1320
1402
1256
1302
1330
1326
1460
1566
1502
1624
1664
1774
1642
1694
1678
1682
1710
1710
1732
2038
2092
2132
2202
2002
1920
2090
2302
2324
2352
2314
2372
2262
2392
2442
2436
2486
2584
2592
2508
2586
2600
2676
2718
2592
2704
2798
2714
2716
2654
2606
2684
2552
2604
2792
2746
2724
2746
2712
2668
2536
2578
2440
2426
2504
2546
2520
2346
2506
2592
2628
2632
2828
2688
2550
2438
2380
2400
2230
2308
2336
2398
2502
2440
2360
2146
2218
2294
2304
2138
1938
1936
1766
1808
1730
1678
1634
1768
1478
1478
1498
1424
1526
1562
1400
1570
1498
1536
1524
1516
1526
1468
1294
1368
1328
1318
1440
1560
1476
1600
1650
1562
1536
1558
1332
1342
1380
1314
1426
1400
1452
1542
1576
1572
1570
1454
1372
1358
1450
1406
1446
1668
1700
1620
1442
1446
1378
1182
1012
1100
1166
1212
972
1038
1042
1040
962
926
756
782
664
370
496
584
560
626
746
758
670
642
704
670
790
828
686
794
614
400
484
510
516
596
716
742
776
794
850
1028
1024
1114
1058
976
1128
1120
1288
1068
1064
980
1118
1008
996
1142
1276
1166
1280
1252
1206
1266
1114
1170
968
928
972
1008
764
700
610
602
652
668
772
962
996
928
980
1000
940
840
888
856
948
934
964
942
914
836
974
1058
852
868
802
684
622
646
818
704
690
782
876
780
508
386
234
296
356
270
172
192
70
4
130
90
20
14
56
166
214
240
308
240
308
218
136
58
166
276
314
178
78
150
198
84
16
190
364
294
364
566
472
634
634
660
464
528
458
498
576
786
754
902
1014
916
816
898
1026
972
878
934
914
1024
1098
1112
1090
1018
1028
1060
1038
1066
1114
1188
980
1002
944
814
908
690
566
466
598
496
606
580
636
702
682
748
796
810
752
714
722
834
780
724
674
722
854
866
784
800
736
886
750
802
886
960
1062
996
974
888
598
560
546
660
758
742
752
760
686
614
596
584
572
506
508
492
598
658
778
736
1028
1172
1274
1446
1484
1550
1546
1698
1614
1722
1560
1590
1608
1476
1522
1468
1460
1660
1584
1596
1674
1484
1374
1436
1500
1510
1596
1518
1542
1482
1544
1526
1550
1478
1618
1712
1596
1644
1612
1566
1680
1588
1630
1778
1894
1924
1828
1656
1648
1782
1608
1628
1594
1590
1734
1744
1612
1602
1442
1334
1096
1012
1150
1194
1168
1286
1492
1450
1146
1190
1042
890
1150
1044
1086
1038
1018
1062
1058
1074
1086
1006
976
882
780
880
696
816
590
614
716
720
538
312
318
110
312
364
284
262
58
38
56
108
52
118
14
40
222
444
562
578
488
310
356
100
30
68
148
178
252
136
160
152
166
364
302
186
106
258
314
366
302
352
332
460
282
454
602
546
606
626
670
752
776
926
1056
916
1000
908
824
726
660
570
742
584
514
564
608
432
334
212
144
180
94
8
4
82
190
314
244
202
318
260
308
508
438
566
482
572
582
492
546
600
554
722
762
584
524
420
272
112
116
230
72
54
244
316
276
222
282
258
250
362
266
198
292
252
278
314
486
400
388
368
284
270
394
502
454
458
340
166
178
72
18
104
74
170
112
80
248
556
564
500
748
838
726
490
470
492
294
254
292
372
466
440
444
498
494
604
624
504
530
726
674
716
840
1028
1034
950
906
822
726
932
770
774
856
808
770
644
756
798
758
770
664
614
576
644
668
534
434
538
652
720
740
944
894
804
906
938
946
950
1000
984
1130
1122
960
898
878
748
730
698
886
822
768
840
1010
1040
1002
858
786
636
770
794
762
754
708
544
456
356
372
410
420
510
546
382
584
714
738
782
822
876
852
670
550
526
494
486
446
360
392
224
226
220
274
152
310
344
200
106
278
360
338
250
384
318
240
502
466
354
324
344
254
240
320
106
126
280
364
342
310
434
570
432
376
246
400
516
386
422
628
410
322
330
370
230
48
88
4
6
270
246
162
4
68
16
6
54
232
144
58
118
136
130
4
86
36
80
38
94
226
178
228
172
162
176
72
82
96
242
186
0
54
64
14
66
82
24
144
110
188
94
150
262
224
192
166
162
226
154
150
28
52
136
148
26
242
50
106
184
144
198
300
348
294
204
334
148
86
76
20
60
100
62
30
86
90
154
280
228
78
30
18
16
8
4
12
24
26
68
240
144
114
148
18
88
38
200
338
398
428
404
442
282
376
386
470
480
434
502
354
494
448
356
190
24
42
64
36
238
360
252
202
388
34
58
112
16
12
26
146
212
182
290
72
50
244
142
122
378
240
208
210
176
226
228
96
28
16
6
158
120
126
176
168
236
358
590
604
530
574
506
504
528
774
716
758
824
756
968
1074
1040
956
1024
1130
976
866
1034
1032
1242
1256
1372
1038
852
698
762
816
766
730
702
798
792
990
878
872
728
794
834
886
864
700
992
974
974
882
712
812
894
864
952
1004
922
992
856
860
884
710
870
872
830
664
696
754
720
800
782
594
618
688
588
618
686
730
740
780
796
814
958
1040
1034
1006
1102
1218
1286
1188
1146
1084
1098
1082
1092
858
836
656
668
638
684
640
810
834
814
646
544
622
608
646
666
546
526
528
630
638
544
576
558
548
788
764
832
750
726
578
772
946
920
1050
1012
1104
1102
1154
1052
918
898
746
700
862
778
828
952
1058
808
1034
1158
1216
1096
1106
1104
1146
1074
1090
1066
1100
1006
1066
1068
1066
824
736
734
796
858
1028
894
916
752
564
578
588
588
716
626
676
712
650
592
632
698
490
466
412
624
606
548
478
404
396
266
348
270
218
358
292
290
434
416
392
422
552
588
600
650
792
1120
1218
1292
1284
1286
1138
1058
940
704
768
630
730
720
698
720
828
764
876
674
642
782
768
692
518
594
656
612
560
306
266
310
300
406
456
278
172
178
182
370
568
538
530
272
354
148
300
366
546
462
394
334
458
344
458
266
186
144
106
52
78
90
50
120
32
140
226
264
282
230
408
270
358
450
432
568
344
184
532
474
442
432
394
414
308
374
436
246
180
116
30
72
44
10
68
190
172
70
98
250
334
384
346
422
350
406
386
168
252
248
142
68
60
82
148
36
18
82
276
262
444
420
646
602
672
716
592
552
528
412
408
322
370
458
502
540
386
432
288
110
308
306
310
224
326
350
408
568
494
340
362
382
502
396
448
570
648
800
800
738
798
794
768
984
1038
1160
1004
924
1042
1000
1170
1294
1274
1448
1316
1422
1436
1520
1454
1442
1440
1340
1196
1140
1160
1100
1104
1066
1144
1114
1268
1364
1218
1116
1250
1264
1180
1236
1164
1210
1206
1208
1208
1296
1172
1086
998
1032
990
1102
996
914
940
956
964
794
798
690
884
758
696
720
660
706
686
628
568
568
620
724
612
566
576
468
478
520
566
560
710
816
942
878
858
770
842
980
1180
1258
1184
1082
1262
1248
1116
1138
1198
1318
1452
1482
1254
1400
1562
1684
1640
1486
1382
1164
1136
980
874
920
912
934
980
942
950
986
770
664
634
608
516
494
664
442
512
488
566
770
776
744
696
808
768
866
676
552
536
606
602
458
452
530
516
596
606
658
544
548
478
580
544
680
630
748
798
828
1014
830
660
650
504
290
202
404
446
356
356
426
530
526
594
696
764
862
818
1110
1106
1292
1330
1364
1358
1254
1226
1288
1152
988
970
958
1028
1054
1308
1358
1192
1158
1276
1226
1358
1276
1290
1296
1290
1114
1198
1318
1092
1162
1402
1368
1304
1284
1350
1402
1504
1474
1334
1382
1094
1032
1224
1254
1260
1080
1070
910
926
822
660
496
572
288
334
250
32
0
36
188
218
372
454
426
546
668
666
564
476
506
458
454
584
660
724
676
766
700
722
794
580
770
744
764
960
826
684
694
682
732
560
512
370
278
348
280
380
324
458
458
476
598
544
652
624
612
830
824
954
974
1058
1188
1218
1206
1096
1084
1084
1288
1370
1370
1384
1280
1258
1314
1346
1256
1252
1130
1166
1230
1302
1340
1344
1302
1130
1282
1372
1452
1472
1354
1328
1194
1226
1280
1148
1042
1032
1022
1036
1136
1130
1062
1166
1062
1080
1000
1026
856
888
942
826
668
674
626
646
754
634
612
522
506
570
834
846
856
758
854
666
734
558
512
570
590
614
494
572
418
308
410
522
322
270
372
226
188
230
64
168
180
144
66
62
50
136
64
136
44
22
54
86
130
290
100
162
106
102
208
436
526
416
562
490
660
690
594
594
568
784
720
594
594
530
590
590
436
378
406
