396
332
408
438
468
518
386
354
334
490
550
532
534
476
466
524
606
552
614
598
686
706
710
732
784
794
712
700
684
676
658
734
694
764
802
838
990
940
926
872
898
928
928
1038
988
1038
1088
1096
964
956
1010
978
838
858
882
922
1024
1056
988
1084
1172
1246
1372
1344
1412
1432
1482
1490
1526
1376
1362
1336
1290
1354
1228
1278
1238
1126
1258
1200
1260
1202
1202
1156
1052
1124
1146
1122
1066
1036
1080
1032
1006
1082
1082
1214
1224
1130
1104
1208
1266
1196
1236
1300
1338
1274
1320
1310
1268
1376
1286
1340
1346
1406
1476
1514
1446
1460
1470
1434
1320
1342
1250
1266
1262
1260
1218
1208
1336
1332
1342
1434
1396
1400
1378
1364
1356
1410
1372
1428
1476
1486
1468
1386
1382
1362
1312
1340
1282
1268
1370
1410
1460
1454
1380
1488
1468
1442
1360
1396
1480
1446
1394
1430
1378
1316
1368
1318
1386
1342
1362
1320
1420
1460
1460
1456
1450
1380
1324
1504
1486
1436
1360
1354
1300
1266
1264
1350
1382
1460
1488
1522
1536
1490
1570
1596
1620
1660
1644
1686
1612
1698
1720
1734
1728
1756
1818
1866
1808
1736
1778
1784
1782
1900
1840
1750
1880
1978
1900
1862
1938
1968
2028
2016
2050
2070
2110
2108
2148
2084
2034
2096
2036
2056
2046
2032
2078
2152
2148
2146
2056
2042
2154
2194
2268
2262
2330
2300
2274
2398
2410
2374
2414
2492
2476
2506
2480
2504
2546
2490
2486
2506
2404
2344
2402
2344
2320
2352
2372
2386
2348
2326
2254
2282
2216
2162
2096
2024
2126
2058
2004
2044
2082
2116
2080
2214
2230
2180
2126
2098
2178
2194
2142
2160
2116
2106
2174
2098
2124
2158
2066
2054
2024
2104
2022
1968
1950
2018
1996
1976
2002
1982
1898
1988
1954
1934
1980
1914
2042
2110
2118
2048
2168
2180
2216
2236
2238
2278
2248
2248
2138
2118
2152
2102
2108
2164
2090
2040
2048
1958
1974
2056
1972
2004
2068
2126
2106
2212
2142
2102
2054
2004
1994
2058
2094
1966
1960
2004
2062
2116
1964
1930
1968
1926
1822
1826
2014
2064
2146
2186
2150
2184
2224
2098
2026
2138
2142
2162
2090
2104
2030
1884
1814
1818
1892
1808
1840
1868
1954
1936
1936
1962
2026
2020
2032
1992
2052
1922
1948
1912
1878
1956
1988
1972
1936
1870
1952
2042
2092
2156
2192
2192
2204
2224
2238
2206
2046
2154
2068
1944
1956
2012
2082
2124
2082
2122
2110
2148
2122
2210
2184
2238
2192
2124
2228
2190
2278
2194
2058
2054
2002
1958
2014
1998
2032
1864
1892
1842
1836
1854
1884
1904
1992
2004
1976
1916
1850
1884
1924
1852
1896
1914
1940
1960
1816
1924
1890
1878
1856
1814
1910
1872
1906
1918
1936
1962
1970
1988
1944
1924
1896
1870
1948
1970
2004
1950
1940
1926
1854
1852
1800
1764
1820
1834
1782
1766
1808
1836
1992
1994
2090
2116
2002
2024
1988
2094
2082
2054
2222
2152
2260
2308
2248
2154
2120
2214
2202
2194
2250
2266
2260
2322
2200
2244
2190
2140
2084
2100
2044
2096
2042
2074
2026
2072
2090
2088
2084
2156
2076
2078
2016
2096
2084
2082
2010
1962
2026
2078
2040
2034
2068
2088
2042
2054
2018
1962
1932
1984
1902
1892
1898
1870
1862
1782
1734
1804
1786
1716
1708
1810
1834
1836
1846
1810
1830
1808
1882
1890
1852
1888
1842
1726
1760
1762
1718
1702
1740
1678
1764
1738
1698
1592
1628
1564
1680
1646
1708
1742
1772
1666
1654
1686
1744
1722
1656
1684
1694
1646
1646
1680
1544
1594
1612
1674
1722
1646
1628
1652
1574
1720
1720
1736
1714
1750
1838
1792
1838
1904
1860
1818
1858
1762
1682
1714
1644
1744
1858
1868
1916
1964
1964
1966
2002
2058
2044
2064
2122
2112
2136
2142
2170
2112
2130
2156
2170
2018
2152
2034
2178
2148
2218
2168
2296
2264
2246
2180
2106
2080
2088
2026
2150
2140
2100
2122
2062
1914
1916
1890
1856
1954
1904
1972
1954
1922
1918
1946
1898
1918
1962
2012
1992
1986
1990
1984
1900
1984
2004
2004
1930
1964
1928
1928
1930
1958
1936
1942
1952
1960
1992
1988
1892
1932
1876
1768
1700
1650
1614
1596
1644
1612
1592
1534
1514
1424
1380
1314
1350
1410
1364
1358
1404
1402
1394
1350
1374
1330
1404
1434
1404
1376
1382
1424
1428
1396
1348
1384
1316
1366
1378
1390
1334
1316
1340
1346
1330
1358
1314
1258
1200
1264
1318
1260
1188
1036
948
980
1000
998
1012
958
1018
988
994
996
1048
1104
1132
1200
1176
1300
1286
1246
1388
1352
1454
1432
1342
1208
1258
1226
1194
1168
1294
1290
1178
1160
1218
1174
1164
1058
1116
1064
1116
1064
1072
1206
1162
1146
1144
1128
1158
1106
1154
1118
1114
1036
1142
1156
1256
1254
1394
1304
1300
1358
1308
1220
1180
1152
1174
1208
1248
1208
1192
1166
1254
1258
1244
1176
1196
1148
1240
1268
1344
1252
1258
1394
1464
1426
1314
1346
1356
1336
1290
1380
1296
1384
1410
1446
1342
1290
1270
1316
1358
1382
1386
1266
1208
1226
1206
1194
1208
1160
1170
1220
1150
1262
1286
1312
1260
1308
1260
1300
1372
1450
1400
1384
1440
1438
1372
1390
1396
1246
1224
1246
1264
1312
1258
1272
1304
1204
1226
1246
1268
1240
1354
1352
1432
1446
1522
1512
1584
1666
1730
1740
1770
1844
1768
1722
1656
1652
1694
1708
1676
1694
1676
1740
1714
1712
1872
1870
1798
1918
1868
1910
1824
1826
1802
1834
1870
1892
1934
1866
1854
1754
1740
1636
1666
1688
1612
1618
1630
1580
1544
1518
1458
1446
1468
1424
1448
1382
1406
1550
1450
1396
1316
1428
1340
1304
1272
1324
1406
1432
1424
1466
1494
1358
1338
1346
1458
1488
1386
1376
1398
1380
1368
1330
1292
1336
1254
1250
1324
1376
1390
1424
1452
1416
1330
1318
1266
1184
1160
1226
1222
1268
1302
1316
1364
1238
1234
1256
1310
1298
1372
1276
1302
1372
1412
1474
1548
1494
1406
1440
1504
1554
1616
1648
1614
1622
1542
1610
1554
1518
1524
1562
1560
1662
1612
1648
1718
1710
1806
1674
1734
1732
1642
1680
1814
1822
1802
1852
1924
1892
1970
1888
1990
1938
1944
1978
1904
1874
1978
2128
2070
2044
2070
2074
2140
2056
2010
2016
1982
2024
1932
1912
1960
1864
1826
1826
1830
1790
1802
1824
1910
1816
1810
1846
1876
1914
1856
1856
1830
1946
1958
1962
1996
2052
1962
2028
2022
2074
2036
2116
2122
2012
1958
1938
1980
2042
2106
2132
2090
2008
2134
2184
2272
2268
2286
2288
2256
2164
2168
2202
2134
2096
2244
2196
2240
2216
2136
2148
2090
2118
2092
2042
2068
2086
1944
1878
1910
1936
1872
1866
1980
1948
1824
1734
1770
1748
1710
1684
1688
1710
1668
1692
1702
1738
1782
1802
1736
1710
1784
1818
1778
1690
1632
1510
1678
1668
1714
1624
1574
1604
1602
1624
1628
1670
1764
1822
1930
1902
1912
1944
1942
1920
1854
1826
1806
1830
1896
1960
1920
1942
1902
1914
1902
1936
1892
1846
1750
1818
1794
1878
1924
1906
1928
1972
1868
1896
1986
1880
1840
1818
1782
1832
1758
1712
1766
1762
1646
1710
1818
1826
1802
1692
1734
1774
1716
1734
1778
1926
1940
1958
1880
1860
1772
1782
1846
1810
1736
1686
1722
1676
1676
1652
1522
1458
1454
1390
1282
1284
1150
1200
1252
1314
1398
1382
1418
1470
1538
1508
1458
1556
1570
1600
1528
1540
1486
1506
1498
1510
1514
1356
1350
1362
1374
1414
1494
1482
1476
1412
1466
1370
1390
1350
1320
1414
1380
1372
1364
1420
1400
1382
1378
1354
1294
1322
1240
1172
1316
1326
1368
1350
1388
1388
1450
1490
1468
1484
1476
1444
1424
1448
1488
1564
1462
1368
1280
1300
1284
1330
1374
1296
1238
1176
1268
1222
1212
1226
1224
1406
1528
1516
1598
1564
1636
1580
1614
1652
1648
1636
1716
1768
1636
1650
1638
1540
1618
1572
1714
1800
1764
1754
1810
1714
1796
1846
1894
1814
1792
1886
1888
1890
1764
1734
1748
1806
1838
1896
1922
1944
1938
1928
2040
2150
2068
2088
2048
2034
2028
2050
1936
1934
1890
1878
1872
1854
1870
1888
1918
1894
1916
1976
1908
1850
1764
1846
1924
1874
1896
1896
1704
1774
1830
1702
1636
1630
1458
1522
1538
1490
1596
1570
1548
1552
1654
1652
1634
1682
1642
1742
1732
1684
1566
1616
1520
1598
1584
1584
1546
1444
1482
1508
1504
1446
1424
1460
1446
1586
1570
1572
1548
1592
1526
1510
1468
1528
1518
1520
1516
1464
1462
1494
1428
1406
1284
1284
1354
1382
1410
1350
1298
1352
1410
1472
1532
1532
1522
1396
1440
1412
1472
1552
1476
1466
1544
1574
1658
1558
1386
1454
1472
1474
1510
1482
1480
1362
1334
1316
1334
1368
1268
1260
1212
1288
1184
1188
1292
1256
1314
1308
1212
1264
1294
1262
1352
1252
1210
1216
1168
1130
1128
1096
1086
962
912
940
960
974
1008
918
818
800
968
1050
1064
848
916
854
848
804
744
840
900
936
1072
948
1024
1038
928
976
892
930
880
772
756
722
694
788
832
732
658
564
572
676
654
694
596
650
592
566
540
494
446
440
476
374
362
448
436
486
350
408
480
538
594
508
678
670
692
812
768
868
858
932
846
870
868
944
970
1022
1018
1030
1038
1018
980
1102
1102
996
1006
976
1046
942
888
878
934
836
900
892
832
820
898
792
770
762
734
694
690
686
666
792
702
676
620
704
702
738
756
710
722
728
702
654
728
720
758
824
798
820
780
944
1014
1010
988
908
948
1030
1080
1094
1070
1114
1178
1206
1162
1240
1260
1264
1392
1378
1418
1300
1308
1366
1344
1390
1404
1476
1278
1266
1222
1272
1372
1420
1356
1322
1370
1338
1316
1336
1428
1324
1366
1322
1310
1228
1262
1280
1290
1276
1280
1288
1240
1156
1140
1184
1194
1312
1370
1382
1460
1484
1358
1316
1306
1354
1242
1228
1166
1138
1136
1160
1238
1254
1150
1086
1094
1122
1122
1260
1216
1250
1268
1286
1334
1342
1260
1408
1408
1306
1338
1340
1266
1154
1162
1240
1282
1294
1326
1348
1352
1400
1364
1346
1324
1230
1220
1204
1160
1166
1140
1174
1140
1138
1230
1244
1132
1256
1274
1364
1304
1298
1292
1340
1270
1202
1232
1258
1298
1366
1426
1420
1360
1298
1278
1330
1322
1294
1324
1324
1418
1476
1390
1486
1466
1614
1658
1726
1640
1598
1592
1574
1588
1578
1574
1558
1536
1474
1550
1518
1502
1444
1384
1368
1452
1338
1342
1238
1292
1306
1358
1308
1274
1392
1368
1462
1426
1594
1704
1724
1794
1778
1726
1760
1800
1698
1782
1808
1876
1790
1728
1754
1612
1592
1680
1610
1626
1666
1566
1564
1666
1716
1868
1898
1890
2030
2054
2072
2032
2064
2102
2166
2104
2098
2128
2112
2096
2066
2132
2100
2120
1998
1982
1988
2024
2010
2120
2152
2184
2202
2166
2076
2090
2190
2246
2168
2246
2194
2208
2174
2132
2048
2080
2038
2034
1964
1922
1978
2022
2026
2060
2102
2064
2092
2038
2136
2156
2120
2072
2128
2074
2100
2078
2138
2072
2002
1982
1904
1902
1996
2010
1958
1944
1824
1932
1926
1912
1932
1854
1834
1694
1760
1902
2052
2120
2154
2196
2248
2254
2204
2222
2310
2158
2230
2288
2272
2226
2182
2146
2088
2006
2048
2032
2004
2002
1978
2010
1974
1888
1910
1918
1916
1932
1978
1944
1964
2000
2042
2114
2062
2102
2004
1946
1862
1910
2002
2040
2058
2020
2056
2084
2084
2110
2200
2258
2234
2254
2364
2514
2494
2526
2476
2432
2462
2334
2316
2318
2400
2358
2340
2380
2464
2404
2484
2444
2378
2380
2314
2202
2268
2140
2030
