2960
2998
3004
2964
2986
3040
3092
3046
2998
2988
3080
2902
2952
2800
2872
2878
2758
2654
2650
2534
2498
2462
2416
2478
2402
2372
2304
2278
2368
2280
2372
2460
2446
2412
2398
2366
2404
2310
2344
2498
2526
2514
2534
2524
2612
2386
2242
2306
2370
2336
2334
2378
2376
2340
2300
2238
2134
2168
2322
2300
2228
2238
2282
2296
2338
2230
2270
2252
2158
2344
2534
2412
2378
2334
2360
2184
2306
2334
2346
2326
2232
2232
2228
2098
2078
1980
1928
1764
1734
1798
1896
1962
1880
1978
1954
2084
2050
2144
2284
2268
2204
2186
2172
2026
2078
2076
2064
2142
2146
2130
2136
2348
2406
2404
2450
2512
2608
2570
2586
2348
2406
2400
2440
2438
2316
2340
2222
2220
2112
2102
2166
1978
1978
2104
2178
2058
2268
2226
2184
2168
2398
2354
2308
2338
2434
2458
2458
2344
2364
2422
2572
2512
2550
2460
2446
2348
2314
2350
2360
2336
2334
2380
2390
2548
2456
2432
2408
2310
2384
2582
2672
2764
2802
2790
2904
2874
2790
2908
2956
2928
2952
3080
3212
3134
2992
2954
2882
2716
2834
2708
2894
2946
2878
2794
2770
2670
2654
2662
2570
2594
2680
2688
2752
2744
2738
2836
2822
2856
2906
2948
3074
2974
2936
2888
2938
2848
2812
2880
2882
2924
2934
3026
2940
2874
2846
2908
2814
2618
2714
2634
2700
2742
2888
2834
2708
2674
2602
2444
2398
2188
2222
2024
2106
1956
1928
2016
1970
1910
1906
1776
1776
1812
1796
1848
1792
1988
1976
1958
1994
1830
1702
1800
1960
1980
2026
2042
2078
2268
2320
2280
2126
2286
2356
2300
2308
2224
2064
1956
1918
2110
2128
2030
2130
2242
2128
2134
2190
2200
2260
2296
2330
2364
2374
2304
2338
2304
2434
2420
2448
2378
2386
2348
2498
2534
2662
2668
2664
2602
2536
2672
2700
2602
2706
2830
2916
3010
2950
2894
2772
2808
2764
2858
2878
2720
2732
2752
2774
2682
2556
2580
2558
2512
2434
2324
2406
2390
2406
2200
2318
2290
2308
2208
2198
2176
2248
2322
2208
2382
2490
2486
2408
2528
2552
2642
2664
2678
2694
2810
2764
2546
2702
2680
2742
2636
2782
2828
2896
2780
2674
2742
2822
2934
2766
2782
2958
3070
3162
3240
3360
3370
3400
3384
3314
3100
3022
3170
3322
3258
3224
3090
3142
3032
3000
2936
3098
2940
2976
3050
3056
3060
2984
2960
3004
3108
2968
3022
3084
3068
3060
3022
2992
3130
3176
3138
3330
3380
3266
3406
3276
3236
3396
3608
3648
3712
3768
3938
4068
3890
3962
3826
3732
3708
3644
3606
3618
3596
3632
3730
3798
3804
3840
3868
3976
4058
4086
4178
4140
4008
4038
4106
3970
3970
3838
3678
3610
3528
3416
3268
3338
3300
3314
3178
3134
3140
3062
3024
2966
3010
3088
3068
2994
3034
3058
2906
2860
2924
2946
2822
3124
2990
2958
2906
2974
3010
3112
3160
3098
2936
2936
3000
2948
3000
3078
3158
3028
3174
3182
3120
3014
2924
2804
2660
2568
2594
2646
2696
2808
2884
2888
3030
3088
3062
3110
3196
3224
3178
3180
3292
3182
3188
3084
3184
3250
3354
3392
3370
3544
3440
3410
3438
3374
3368
3296
3392
3508
3600
3664
3586
3752
3820
3664
3696
3600
3642
3718
3778
3744
3694
3660
3684
3720
3752
3814
3784
3830
3804
3736
3724
3834
3698
3626
3694
3640
3746
3746
3794
3940
3824
3830
3808
3880
3934
3862
3802
3894
3866
3990
3948
3904
3822
3702
3652
3800
3840
3834
3910
3864
3862
3866
3806
3854
3860
3728
3722
3696
3618
3642
3668
3712
3734
3842
3792
3814
3824
3714
3648
3720
3742
3902
3970
4116
4040
4122
4226
4074
4056
3972
4018
4110
4076
4116
4042
3780
3846
3784
3878
3762
3794
3780
3738
3704
3796
3850
3848
3780
3670
3696
3690
3774
3684
3626
3702
3808
3970
4020
4010
4084
4080
4150
4106
4164
4142
4112
4090
4094
4126
4114
4108
3924
3852
3710
3740
3802
3926
3956
3960
3946
4056
4166
4158
4084
4170
4050
4186
4180
4180
4200
4126
4074
4074
3984
4034
4068
4130
4258
4370
4396
4480
4564
4494
4498
4504
4480
4360
4152
3974
4004
4112
4096
4062
3988
3902
4014
4034
4048
3938
3796
3832
3994
3914
4018
3970
4084
4072
4076
4122
4110
4226
4222
4180
4210
4198
4102
4170
4150
3940
4008
4018
3918
3904
3854
3828
3904
3918
3976
4038
3880
3738
3812
3804
3766
3792
3846
3878
3786
3730
3846
3890
3888
3874
3984
4048
3890
3932
4080
3952
3884
3910
3818
3988
4000
4040
4062
4034
4034
3926
3904
3788
3770
3712
3796
3710
3728
3610
3532
3456
3506
3616
3648
3544
3544
3394
3404
3498
3502
3434
3490
3368
3222
3262
3198
3088
3102
3200
3092
3146
3138
3156
3308
3202
3224
3260
3300
3286
3314
3434
3426
3426
3316
3184
3186
3074
3058
2918
2928
2732
2650
2700
2704
2662
2662
2780
2880
2918
2894
3002
3064
2974
2800
2710
2834
2918
2830
2804
2646
2684
2664
2722
2756
2824
2816
2766
2808
2746
2790
2792
2758
2780
2542
2462
2394
2126
2210
2138
2126
2180
2210
2270
2176
2142
2196
2226
2190
2334
2260
2320
2240
2286
2214
2284
2256
2280
2404
2446
2352
2222
2194
2220
1986
2004
2008
1970
2034
2034
2030
2046
2138
2088
2072
2088
2068
2190
2054
2078
2208
2064
2118
1956
1960
1846
1854
1966
1778
1716
1794
1730
1700
1698
1698
1626
1660
1704
1806
1866
1780
1724
1736
1766
1746
1694
1858
2020
2064
2012
2040
2060
2086
2014
2006
2102
1998
2000
2198
2124
2106
2116
2124
2096
2006
2086
2130
2206
2290
2244
2392
2298
2162
2048
2080
2144
2202
2400
2524
2528
2570
2586
2694
2708
2792
2774
2702
2600
2660
2626
2558
2460
2518
2366
2526
2630
2662
2790
2768
2868
2998
2976
3014
2972
3002
3064
3152
3204
3142
3182
3302
3348
3318
3208
2990
3116
3022
3128
3330
3600
3498
3400
3300
3140
3188
3074
3174
3170
3110
2914
2816
2814
2842
2934
2830
2796
2792
2836
2740
2774
2842
2912
2882
2966
2976
2990
3082
3046
3012
3062
2948
2822
2764
2770
2894
2788
2716
2690
2762
2826
2770
2802
2746
2702
2662
2596
2688
2570
2560
2624
2766
2884
2760
2912
2934
3026
3028
3002
2924
3120
3150
3082
3206
3098
3200
3240
3394
3464
3502
3462
3386
3376
3344
3336
3254
3346
3294
3258
3206
3356
3480
3346
3280
3196
3010
2958
2834
2750
2856
2730
2806
2944
2932
2938
2892
2846
2718
2738
2694
2854
2914
2872
2876
2984
2986
3168
3194
3126
2958
3002
3128
3144
3078
3054
3040
3090
3066
2926
2956
2960
3062
2960
3084
3112
3230
3202
3228
3352
3406
3270
3184
3256
3064
3112
3282
3358
3384
3444
3420
3468
3580
3514
3540
3584
3720
3744
3770
3692
3690
3722
3630
3642
3508
3530
3634
3620
3584
3352
3354
3366
3326
3116
3166
3260
3220
3248
3224
3212
3210
3088
3148
3148
3078
2978
2900
2820
2836
2892
2888
2882
2924
2876
2812
2832
2902
3070
2982
2990
3002
2888
2918
3032
3112
3102
3010
2978
2942
2892
2992
2900
2870
2870
2890
2872
2782
2784
2648
2558
2698
2692
2816
2772
2834
2788
2838
2816
2742
2810
2842
2910
2846
2874
2708
2774
2824
2722
2750
2708
2748
2752
2712
2696
2548
2344
2344
2118
2100
2116
2144
2078
1986
1866
1942
1980
1840
1754
1666
1728
1680
1736
1642
1564
1690
1670
1586
1490
1448
1528
1476
1520
1498
1514
1520
1504
1590
1622
1620
1668
1792
1774
1694
1698
1598
1538
1706
1882
2000
2162
2180
2166
2066
2172
2044
2026
2110
2076
2154
2126
2110
2128
2088
2086
2094
1940
1922
1948
1866
1872
1908
1946
1980
1942
2034
2070
2144
2198
2268
2114
2224
2218
2298
2322
2490
2414
2538
2454
2384
2518
2474
2518
2582
2664
2616
2662
2700
2540
2436
2486
2636
2522
2780
2824
2792
2902
3012
3032
3036
3144
3038
2916
2874
2792
2768
2710
2728
2782
2782
2712
2694
2736
2712
2716
2806
2720
2614
2570
2446
2496
2376
2310
2346
2398
2296
2356
2366
2430
2440
2380
2432
2414
2342
2434
2436
2634
2610
2600
2786
2868
2906
3028
3112
3248
3152
3144
3082
3098
2866
2710
2710
2678
2584
2916
2880
2956
2960
2968
2904
2972
2988
3116
3206
3388
3358
3348
3200
3278
3190
3204
3040
2996
2936
2808
2802
2896
2988
2984
3082
3164
3174
3060
2990
3034
3136
3008
2996
2806
2820
2880
2748
2674
2592
2744
2702
2650
2690
2584
2540
2590
2510
2522
2564
2444
2444
2332
2372
2450
2306
2168
2208
2216
2180
2182
2142
2094
2110
2118
2066
2154
2138
2182
2188
2242
2336
2354
2356
2152
2190
2030
2140
2120
2102
1910
1904
1892
1966
1956
1962
1896
2084
2156
2114
2070
2060
2070
2078
1968
2060
1946
2026
2040
2080
2076
1890
1982
1994
1998
1950
1946
1990
2088
2152
2250
2320
2560
2574
2594
2524
2646
2592
2418
2438
2338
2214
2326
2402
2438
2298
2212
2236
2074
2196
2228
2206
2150
1984
2088
2056
1956
2050
2146
2118
2010
1966
1952
2120
2090
1908
2018
2074
2090
2136
2082
1934
2128
2018
1912
1942
1944
1994
1952
2014
2190
2014
2088
2180
2048
2126
2066
2040
2012
2064
2064
2112
2126
2144
2250
2260
2406
2448
2628
2540
2590
2584
2574
2702
2832
2874
2986
3016
2950
2978
3038
3144
3298
3452
3580
3624
3432
3316
3250
3306
3350
3396
3304
3426
3518
3328
3256
3258
3410
3472
3248
3346
3370
3178
3124
3192
3140
3084
3124
3278
3182
3192
3168
3230
3212
3244
3186
3258
3316
3380
3352
3354
3382
3518
3478
3454
3428
3390
3358
3422
3298
3226
3216
3156
2984
2914
2864
2994
3050
2980
3162
3272
3338
3360
3182
3362
3390
3448
3516
3472
3468
3528
3524
3510
3446
3356
3272
3266
3430
3352
3248
3252
3286
3202
3092
3048
3100
2978
3222
3238
3200
3044
3030
3242
3252
3260
3324
3362
3332
3376
3338
3466
3508
3548
3572
3576
3384
3424
3430
3612
3708
3586
3650
3762
3752
3774
3770
3804
3820
3946
3996
4044
3918
3896
3790
3818
3620
3640
3736
3828
3884
3856
3790
3846
3866
3928
4024
4122
4160
4282
4214
4232
4264
4352
4290
4274
4382
4334
4328
4336
4328
4316
4356
4290
4324
4316
4200
4194
4114
4186
4090
4136
4160
4182
4024
4024
4148
4024
4154
4146
4124
4160
4346
4374
4358
4396
4478
4454
4528
4518
4572
4630
4596
4598
4704
4618
4596
4446
4446
4444
4436
4384
4492
4302
4390
4476
4522
4406
4302
4396
4312
4338
4420
4508
4544
4452
4532
4722
4832
4912
4780
4804
4782
4680
4622
4628
4592
4734
4640
4626
4688
4676
4658
4616
4442
4500
4318
4224
4254
4306
4340
4240
4214
4142
4264
4234
4166
4206
4148
4122
4196
4148
4336
4310
4394
4400
4368
4330
4316
4364
4356
4400
4366
4488
4478
4518
4376
4356
4354
4410
4488
4480
4348
4398
4458
4500
4498
4430
4530
4410
4174
4240
4248
4338
4422
4440
4478
4596
4632
4612
4766
4658
4654
4648
4508
4414
4354
4286
4370
4506
4406
4362
4344
4330
4242
4230
4340
4346
4262
4096
4076
4048
4004
4016
3992
3836
3980
4124
4006
3888
3876
3984
3886
3928
3872
3932
3986
4108
4244
4252
4312
4218
4216
4280
4204
4094
4090
4010
4134
4176
4176
3964
3924
3898
3870
3824
3848
3806
3870
4044
4058
4032
3964
3890
3662
3712
3796
3780
3726
3792
3874
3936
3918
3922
3950
3970
4190
4090
4182
4264
4344
4380
4450
4336
4242
4148
4180
4196
4274
4208
4250
4270
4306
4272
4252
4276
4276
4348
4400
4364
4336
4342
4332
4380
4198
4254
4300
4288
4218
4208
4152
4198
4314
4462
4470
4376
4432
4446
4566
4568
4632
4654
4670
4766
4826
4738
4722
4702
4810
4782
4806
4796
4838
4846
4740
4658
4762
4676
4664
4800
4902
4994
4844
4824
4798
