1526
1584
1730
1680
1604
1512
1534
1422
1442
1558
1588
1554
1522
1470
1390
1380
1280
1168
1012
1008
1090
1066
1042
948
918
954
970
942
1040
1042
1074
1052
1028
1008
954
1014
1012
1014
958
958
1084
956
828
784
784
738
650
668
804
730
582
478
616
616
568
614
686
744
794
870
1004
962
878
950
1014
948
954
906
854
696
736
766
928
886
954
948
986
1060
1022
1026
944
898
898
816
756
796
838
800
798
884
940
946
920
1020
956
1050
1034
990
1040
1088
1158
1024
864
988
934
844
894
984
944
974
1028
1036
1000
864
896
832
866
768
808
776
720
626
554
422
390
218
130
154
178
232
216
138
84
218
232
186
198
198
178
196
84
132
96
34
166
186
216
278
352
310
196
148
34
12
14
26
66
108
118
54
34
50
36
24
40
136
176
62
68
180
312
268
214
168
224
210
244
220
218
168
146
2
38
34
2
124
178
264
152
220
224
232
238
284
356
398
522
436
456
476
452
624
692
684
642
600
628
628
768
786
816
786
734
686
798
776
888
808
836
804
862
756
788
846
792
756
778
860
786
874
936
970
994
952
910
932
964
762
700
630
768
822
714
570
556
508
550
546
480
520
576
532
622
614
490
488
480
492
442
524
462
334
394
426
418
508
438
544
508
580
602
604
508
628
564
526
496
536
586
538
554
608
538
670
662
682
676
626
560
548
606
666
686
664
580
564
660
758
788
886
848
934
884
800
792
710
666
556
420
452
452
434
446
402
244
164
264
300
336
298
302
260
314
300
118
130
12
112
88
112
198
156
204
262
320
320
146
90
88
62
54
98
60
94
78
70
82
42
56
152
238
292
244
260
320
304
312
378
212
360
428
294
206
224
184
220
216
160
210
228
226
88
112
82
4
58
22
58
16
126
62
74
22
22
172
134
106
30
32
84
66
84
124
180
166
172
184
244
244
266
232
158
28
24
2
114
108
36
106
180
156
136
150
26
16
44
154
86
60
76
162
120
296
268
172
332
314
262
206
190
148
190
200
252
302
394
284
340
350
486
502
460
458
608
688
786
834
948
930
948
868
996
866
986
950
844
788
606
590
660
460
544
446
434
356
326
236
220
276
292
226
212
308
410
536
512
584
618
604
686
656
690
750
768
662
742
626
594
668
688
658
650
574
636
754
926
986
1016
960
944
922
1008
940
1000
852
1004
946
926
1000
872
786
872
884
978
1070
968
896
844
812
796
780
748
738
800
736
532
524
454
474
532
370
396
502
498
494
482
548
524
514
630
504
474
354
438
408
450
450
510
544
666
640
632
586
580
590
580
434
374
420
540
520
512
534
552
602
522
544
538
556
472
414
478
542
520
558
396
354
260
234
176
138
96
104
6
54
162
90
146
250
216
168
180
214
166
132
74
156
218
210
308
366
364
316
260
166
128
262
296
262
238
342
382
362
308
282
272
268
346
216
268
196
260
206
174
116
28
8
74
98
78
60
60
108
110
72
68
140
202
56
30
136
34
6
66
38
26
84
32
66
6
60
220
238
346
270
232
120
226
128
98
84
144
182
122
106
248
186
184
290
284
340
394
462
408
436
468
396
294
388
426
408
514
492
518
482
388
432
426
486
432
294
370
458
460
418
386
422
368
356
398
356
414
372
276
334
280
316
296
350
502
474
498
536
498
522
490
594
650
640
668
742
770
712
664
730
804
920
950
1030
1008
916
1000
966
944
920
824
926
760
794
772
668
628
528
456
452
450
312
302
278
356
410
442
414
558
496
438
472
402
428
324
352
312
226
274
332
386
382
490
548
610
510
694
640
726
732
772
776
780
792
880
698
708
700
704
712
690
580
604
630
534
558
480
376
218
164
130
194
354
282
372
384
452
492
574
514
504
580
540
592
478
436
368
442
434
512
650
730
778
750
758
882
872
818
678
508
494
478
464
558
528
490
430
500
562
656
720
790
806
838
702
650
614
574
556
520
308
318
234
228
252
342
320
352
366
438
428
490
454
488
572
466
540
622
608
716
634
624
610
664
676
606
560
602
674
520
556
644
690
708
722
732
824
1012
1056
934
940
894
928
798
862
860
992
972
974
876
916
930
724
740
822
928
958
922
844
788
798
802
876
864
894
942
1010
972
942
984
1060
1070
1082
1100
1100
1046
1012
1052
1026
1274
1214
1126
966
934
878
892
912
954
1032
1028
1090
1108
1112
990
1006
952
1016
988
1076
988
1072
1182
1262
1384
1352
1428
1478
1444
1446
1484
1446
1436
1390
1422
1360
1266
1364
1384
1386
1414
1362
1364
1394
1396
1422
1454
1384
1398
1476
1430
1450
1402
1324
1324
1154
1138
1104
1122
1214
1218
1140
1112
1132
1152
1144
1322
1242
1230
1238
1080
1142
1148
1082
1096
986
982
906
904
952
988
904
864
1030
1128
1086
1220
1224
1204
1232
1336
1366
1446
1408
1314
1312
1352
1268
1178
1144
1146
1216
1112
982
962
1054
1128
1124
1158
1108
1026
972
994
948
916
798
768
848
898
920
1018
1098
1164
1196
1208
1248
1248
1314
1178
1194
1222
1226
1182
1242
1288
1372
1370
1336
1344
1406
1288
1240
1086
1090
1010
1052
1032
1020
914
958
946
932
952
1006
1012
972
912
788
700
758
668
698
700
702
674
770
730
680
716
734
660
708
646
634
570
508
406
378
386
342
218
210
126
242
114
28
30
42
42
134
194
144
106
134
112
170
228
170
148
80
82
132
46
60
86
76
18
88
44
86
70
30
42
0
148
62
138
30
80
124
104
102
40
18
2
16
14
126
106
100
104
76
26
106
32
96
8
14
78
118
58
40
6
56
22
132
76
144
140
164
170
38
86
116
158
110
206
300
288
328
398
422
408
450
464
494
604
556
648
564
498
670
634
538
570
640
656
662
808
936
956
990
970
974
862
868
822
876
768
712
670
552
568
438
596
550
470
466
474
498
452
606
504
448
522
456
584
592
612
616
520
520
556
536
552
578
518
426
344
366
468
458
496
554
508
524
562
564
586
674
708
644
626
632
600
546
530
524
596
704
758
702
616
594
698
796
702
564
530
460
494
492
496
552
518
420
354
330
296
338
282
260
180
148
128
156
192
216
166
152
124
134
128
182
274
350
350
360
332
366
440
458
458
524
492
454
420
436
432
372
336
430
436
228
262
252
192
170
154
192
140
56
56
132
130
120
70
166
274
202
132
68
50
86
6
138
154
120
154
204
148
78
76
14
48
26
54
32
6
96
204
116
168
264
250
248
258
222
360
352
362
382
504
470
472
406
392
462
514
380
342
322
356
472
452
422
384
286
296
320
226
160
178
120
168
160
214
294
174
350
322
314
322
430
520
452
414
382
290
334
186
222
136
310
250
304
260
362
420
354
352
340
270
342
368
402
522
550
482
468
436
430
392
364
432
444
432
438
462
374
388
304
330
370
548
500
536
594
478
498
496
462
578
576
584
524
432
374
354
420
366
424
480
314
340
248
174
206
166
184
288
300
218
190
86
62
48
94
94
130
94
116
18
114
172
224
350
332
332
308
268
370
382
482
326
340
478
648
578
576
594
538
452
524
512
506
554
478
350
454
338
360
346
326
374
362
370
390
480
330
210
242
170
202
250
258
292
152
120
18
52
2
66
4
22
34
0
16
106
180
152
202
206
128
180
148
60
64
50
86
90
12
52
42
88
40
44
210
166
236
134
184
270
206
286
214
214
278
228
226
366
406
376
454
542
506
730
702
654
598
578
564
672
728
668
656
612
564
436
460
540
516
426
408
488
410
396
378
384
372
546
622
748
808
924
788
804
774
764
838
774
842
810
862
938
1030
1014
1128
1134
1188
1114
1188
1298
1318
1370
1412
1504
1464
1404
1386
1254
1098
1108
1168
1160
1192
1088
958
1130
1150
1036
914
980
954
998
946
920
884
942
948
886
882
988
968
964
1038
1074
1058
1126
1194
1180
1262
1310
1280
1284
1352
1300
1354
1396
1428
1476
1496
1550
1532
1556
1482
1640
1556
1666
1660
1670
1798
1830
1846
1758
1728
1576
1650
1528
1582
1698
1622
1688
1718
1624
1592
1620
1590
1526
1470
1574
1490
1456
1280
1248
1430
1330
1316
1288
1210
1190
1156
1134
1150
1204
1196
1274
1302
1150
1110
1042
938
1066
1018
998
1004
1118
1040
864
862
914
914
942
902
914
974
950
848
936
926
1020
1032
1020
908
876
964
888
812
754
752
886
796
804
874
944
998
1056
1014
936
902
876
836
782
770
780
734
696
660
648
748
738
808
820
910
1026
996
1008
1020
1076
998
948
844
862
1022
1084
1056
990
874
886
880
770
724
710
666
662
552
594
638
676
734
664
776
688
596
574
436
498
462
458
400
338
372
386
372
296
176
60
128
228
416
410
436
254
46
40
22
72
72
96
106
38
42
14
84
208
138
116
126
86
10
94
48
60
124
68
186
374
286
220
248
354
382
476
366
326
408
298
326
302
454
488
496
486
582
490
364
342
338
342
352
430
436
420
366
322
294
276
246
210
234
220
120
132
54
4
82
134
148
104
74
44
128
134
30
74
206
132
260
296
372
364
304
286
280
172
244
340
324
440
354
360
234
278
272
334
416
564
684
464
512
562
494
496
610
552
552
598
466
362
358
310
346
360
360
304
240
294
284
296
122
84
74
34
118
100
66
144
258
310
254
302
340
228
342
316
212
300
348
336
372
422
476
376
412
380
446
426
334
260
218
152
132
266
238
234
268
272
206
160
136
180
188
208
124
104
186
354
328
298
244
278
404
394
376
312
400
352
340
290
430
490
486
466
400
274
250
