466
414
374
370
392
388
360
350
336
380
412
438
412
364
380
410
412
388
384
378
396
366
366
300
318
328
350
302
292
308
326
312
296
222
168
124
54
62
72
140
190
194
188
194
198
182
190
158
124
58
76
84
68
84
112
78
36
60
78
40
10
18
26
10
16
10
46
44
80
56
142
142
96
76
30
94
70
52
44
88
84
108
130
88
104
142
126
104
128
104
118
122
132
164
202
160
214
234
254
256
268
288
270
252
238
200
220
220
214
272
210
268
232
212
220
226
198
222
226
202
204
234
228
252
272
266
288
266
252
228
206
206
204
174
158
170
182
148
110
140
136
152
166
254
246
284
310
304
346
398
348
368
372
340
324
292
316
354
362
362
370
384
358
362
298
328
296
282
272
268
238
256
252
230
218
252
294
350
340
300
298
296
318
286
334
314
366
314
338
344
366
368
360
364
338
334
416
412
338
310
338
372
372
334
336
340
336
286
272
290
298
320
314
304
274
286
280
286
296
304
284
302
318
334
352
386
398
398
344
312
360
318
286
266
248
284
208
242
188
230
214
262
218
222
186
162
182
250
264
276
320
250
178
202
244
248
342
286
290
270
290
260
296
262
260
238
192
208
198
248
302
272
312
368
354
362
372
330
360
306
358
390
396
404
424
424
388
382
396
362
330
336
336
284
302
280
274
258
270
252
238
256
280
230
198
194
162
188
150
58
52
84
124
116
112
140
166
176
162
168
102
84
74
134
104
80
42
60
62
50
82
134
114
84
62
82
102
58
58
34
10
40
10
16
20
16
4
10
6
44
14
10
0
18
50
32
32
62
52
50
64
26
2
16
30
28
48
66
6
54
64
62
92
130
148
120
128
168
212
206
224
266
272
236
264
270
256
238
228
204
210
210
214
202
270
226
244
216
228
236
254
274
302
360
382
332
292
310
312
330
306
316
304
304
326
358
344
320
284
248
220
198
240
236
220
192
250
202
186
172
118
178
206
262
212
220
194
224
266
260
254
232
228
220
212
264
266
236
238
260
202
184
92
42
10
12
30
20
56
64
46
38
80
82
86
94
100
128
72
54
10
2
10
38
38
48
36
68
36
66
58
28
26
14
6
30
22
20
30
12
10
52
100
86
104
150
168
208
164
124
146
106
154
182
192
128
166
176
184
118
146
166
180
184
166
132
182
190
186
220
272
308
278
238
308
270
282
246
236
250
274
264
288
280
298
306
274
230
168
136
116
160
224
270
282
300
290
278
310
342
316
334
354
370
356
384
416
398
370
402
354
332
390
368
394
434
446
448
450
432
454
464
428
410
412
370
384
388
376
404
376
376
350
372
400
402
424
402
398
402
382
394
384
418
400
400
382
380
426
454
486
514
548
532
556
570
586
602
568
584
606
632
588
618
618
640
646
654
704
752
740
696
664
664
716
730
716
720
682
654
674
676
670
658
674
702
716
688
716
694
704
716
716
742
740
740
680
726
722
666
706
694
596
598
628
658
658
604
598
558
586
586
576
586
580
586
632
634
682
640
580
592
594
594
602
634
648
688
730
732
736
740
778
774
794
762
748
774
798
756
776
802
786
770
816
846
860
844
824
786
720
686
738
722
728
710
694
694
702
736
758
758
798
806
792
780
800
784
768
760
764
804
808
788
808
810
800
822
810
854
830
824
806
808
840
818
832
792
812
784
786
788
796
786
808
812
794
814
782
808
832
822
830
790
798
796
794
836
830
844
796
810
768
774
750
762
756
760
780
826
836
864
878
868
872
844
850
850
848
830
848
866
864
908
892
884
880
884
876
846
826
846
868
854
824
780
756
770
750
772
750
740
732
778
800
824
826
824
802
810
812
790
802
828
846
842
850
808
784
774
774
748
750
746
752
698
720
698
654
630
630
628
600
664
640
664
654
630
668
680
720
734
688
658
716
720
722
744
738
726
764
814
808
814
798
796
808
798
804
824
842
844
854
854
858
850
868
876
876
844
846
866
842
852
866
850
820
784
768
788
770
762
762
774
796
796
788
798
804
798
810
830
822
792
814
812
792
782
784
794
780
826
826
792
840
794
798
822
830
866
876
870
850
856
810
802
762
754
738
712
694
726
758
756
730
714
712
718
688
706
736
736
704
672
682
746
736
704
676
702
680
720
740
756
768
774
836
828
828
830
790
820
822
834
866
860
820
812
848
848
848
850
820
834
828
820
838
868
822
818
876
852
844
806
812
810
818
806
780
790
744
702
696
726
734
766
796
776
768
834
792
762
768
778
776
730
716
762
796
764
784
818
838
852
850
864
870
838
804
814
826
848
886
876
886
852
880
878
882
860
836
862
864
874
836
858
840
850
842
848
880
898
874
888
888
872
878
886
842
876
850
860
816
822
808
814
812
794
782
762
772
788
778
806
812
806
788
772
812
836
858
868
838
850
886
858
898
902
902
936
914
888
882
898
890
864
872
838
842
820
856
824
860
830
844
862
820
812
854
880
858
882
852
844
808
780
746
796
806
790
782
788
774
792
810
752
776
816
808
776
798
780
782
848
792
812
804
786
770
786
796
800
810
778
776
816
854
874
874
844
842
850
830
870
870
828
842
852
858
860
890
856
828
866
884
878
844
868
812
830
856
840
840
818
796
814
850
848
856
856
856
864
846
856
802
776
756
722
704
718
736
740
796
758
734
720
726
688
692
650
634
624
646
694
730
730
746
772
732
752
766
694
722
758
750
722
718
724
684
708
728
720
744
724
718
706
708
726
692
720
702
748
736
730
736
690
630
632
704
746
722
752
730
766
782
816
800
796
806
784
792
782
808
808
806
788
798
830
820
826
834
822
844
826
822
862
820
830
788
830
784
780
804
800
842
864
856
838
836
838
880
864
904
886
874
904
890
894
906
908
888
862
862
878
856
828
786
806
790
794
780
756
756
744
752
754
714
692
728
742
728
700
694
684
696
644
612
606
596
596
620
626
658
668
694
678
724
696
702
728
740
700
696
710
678
654
646
632
590
578
610
602
640
646
628
650
626
628
614
638
646
644
622
618
604
602
614
618
626
626
678
678
698
700
662
584
582
582
640
608
568
598
654
622
654
624
636
626
642
712
706
684
690
696
706
696
726
758
800
830
826
810
800
786
760
766
772
822
818
798
818
884
846
854
840
858
854
818
806
780
750
790
812
820
798
798
816
830
832
852
874
868
872
856
816
826
758
804
790
804
830
802
774
744
798
826
840
884
870
882
868
882
842
836
840
850
846
862
864
858
800
834
858
848
820
828
804
854
856
838
826
802
770
762
798
846
832
822
804
772
804
804
846
808
810
788
798
768
734
734
790
784
792
770
792
822
810
794
788
760
756
710
726
710
730
700
720
716
732
760
750
750
718
750
742
750
724
710
718
764
780
792
786
788
776
768
798
814
778
766
764
750
744
728
706
686
698
698
680
678
644
670
692
656
644
638
626
686
730
700
694
646
720
720
700
682
690
662
712
710
718
718
742
730
724
712
736
754
746
730
764
796
778
770
746
766
742
782
762
732
752
756
776
780
774
796
762
784
724
712
730
726
670
712
726
720
722
726
668
692
686
638
644
644
622
598
560
588
618
610
618
604
642
620
596
634
678
662
682
650
620
658
648
622
632
620
564
606
588
594
618
652
632
646
634
642
614
614
576
540
582
558
560
610
634
642
624
588
664
688
744
736
730
762
750
738
744
804
812
842
808
742
750
780
822
782
842
832
850
850
834
834
838
856
830
846
854
840
856
854
850
898
886
854
844
854
844
834
802
796
808
848
836
828
816
818
826
856
866
846
868
870
836
828
810
782
812
848
830
826
852
830
854
848
832
838
824
788
782
814
794
808
788
780
726
746
762
762
722
728
712
704
686
678
696
720
752
718
752
800
792
806
788
752
760
774
770
758
738
734
768
804
832
818
778
808
806
810
838
864
868
874
872
854
848
862
840
840
882
862
856
854
784
770
770
758
766
794
742
746
710
708
748
720
740
696
716
766
780
798
714
728
746
806
812
822
846
838
826
826
880
864
850
852
862
844
872
848
846
848
834
866
898
824
838
826
810
790
766
786
788
784
748
728
758
736
752
708
754
754
762
752
738
716
704
688
716
728
712
718
678
696
728
714
720
736
750
748
774
786
796
812
818
808
780
758
732
738
746
760
772
778
752
766
798
810
782
792
752
750
704
648
608
620
620
636
634
612
594
604
622
606
586
568
560
578
554
550
510
490
486
520
552
516
566
606
556
532
518
520
550
498
474
450
450
486
504
502
472
440
456
418
436
412
440
442
456
452
470
468
428
386
366
312
342
420
396
450
408
358
290
288
258
272
252
280
290
282
260
292
336
366
358
354
356
368
372
348
314
280
256
234
272
286
310
264
256
222
224
228
190
194
178
170
138
188
212
224
206
198
206
194
208
194
192
198
218
228
284
272
258
258
310
352
358
394
320
288
284
320
308
308
248
256
230
212
242
178
222
220
236
234
244
242
256
228
252
266
278
274
302
278
294
326
352
344
292
278
330
282
264
266
264
266
300
296
298
310
306
330
