848
840
840
852
818
790
764
748
786
804
788
792
774
744
718
722
720
712
682
700
758
754
764
800
832
862
860
864
892
846
850
838
812
816
826
856
842
808
850
874
844
808
826
840
830
840
844
866
862
842
854
862
844
826
836
876
840
868
812
796
822
860
846
816
794
820
824
864
830
832
840
836
840
864
860
824
804
810
780
782
752
772
776
804
804
792
788
752
768
810
808
834
850
854
856
862
852
834
840
824
836
812
812
850
832
818
838
862
838
822
826
840
842
856
862
858
846
898
920
912
908
920
918
916
902
926
948
932
926
876
890
870
870
884
852
808
812
832
852
864
848
850
856
898
898
882
858
858
866
850
832
818
792
808
798
778
788
786
730
716
698
700
702
718
732
746
764
770
780
796
812
806
824
828
834
806
794
802
772
758
738
758
728
716
736
766
780
802
806
824
864
856
840
808
820
864
872
866
852
884
866
842
832
832
798
788
764
794
760
762
782
764
758
758
754
788
824
822
842
862
894
898
886
898
900
838
826
824
836
842
842
862
876
882
858
854
816
822
812
804
790
812
862
862
858
846
886
892
884
916
902
912
876
888
858
846
838
814
816
848
864
868
878
892
858
844
812
834
830
834
830
880
830
840
838
834
826
844
844
822
798
770
786
802
836
846
830
790
798
818
828
842
884
848
838
836
840
836
814
798
806
814
798
800
842
824
788
798
828
802
816
820
830
806
830
756
756
772
768
774
724
718
754
752
766
754
772
784
794
816
790
784
764
774
788
770
782
826
842
804
814
818
832
750
752
766
786
800
836
848
854
890
846
884
896
906
912
886
860
906
898
886
914
904
918
900
872
878
904
856
842
828
882
880
880
864
868
852
870
876
896
886
864
864
826
842
852
894
862
832
788
822
810
774
766
766
772
744
806
788
836
842
854
850
852
880
856
824
798
836
850
840
842
854
824
818
806
796
828
848
798
804
848
844
840
872
898
876
834
840
832
836
834
800
802
794
782
810
828
838
824
812
812
830
872
884
862
844
856
868
868
844
840
822
814
824
860
880
882
878
864
836
850
834
812
766
778
752
750
744
706
710
664
624
642
672
690
700
696
708
702
738
704
688
660
674
632
624
640
722
704
704
730
738
706
704
694
692
634
682
706
654
646
668
704
720
736
736
760
730
734
716
732
724
732
752
716
716
690
680
688
698
696
660
622
624
638
654
654
684
710
750
768
728
734
714
746
768
732
736
748
724
728
734
754
748
806
834
832
834
852
852
838
848
836
804
840
846
834
804
800
846
838
812
816
828
800
768
742
764
742
770
742
754
770
758
790
796
786
780
762
792
792
814
810
852
884
902
914
886
890
850
874
850
846
838
876
898
888
864
898
878
896
884
892
870
836
888
920
896
914
920
916
914
920
926
920
908
894
882
892
896
918
906
914
912
918
916
902
910
890
896
892
888
876
862
868
874
846
870
910
896
898
896
874
880
870
890
888
882
896
872
858
832
864
842
844
830
794
772
780
742
786
790
830
826
848
868
870
882
884
860
874
890
890
882
864
870
906
892
886
858
816
818
810
822
864
834
846
840
824
846
840
844
816
792
806
802
802
856
828
844
844
806
772
770
734
792
784
790
758
740
762
760
756
710
718
760
710
734
762
796
792
820
836
884
882
884
822
810
778
824
824
832
796
774
824
810
750
746
754
764
750
732
716
716
736
770
808
822
790
742
758
808
852
836
812
848
856
866
874
868
860
852
876
862
840
796
806
784
806
790
754
760
756
764
766
800
792
776
760
790
768
774
788
818
800
798
790
808
812
760
758
806
806
732
720
768
752
740
756
742
792
796
796
758
742
724
754
726
718
666
664
662
614
628
630
566
584
560
626
614
650
642
636
642
654
636
674
684
726
688
666
690
668
720
758
772
794
800
822
844
862
854
846
802
772
776
816
806
820
786
790
808
796
798
788
772
800
804
798
800
742
722
720
734
750
766
788
780
768
762
782
774
824
812
778
784
822
856
850
864
830
834
824
844
822
862
864
868
860
882
886
872
864
868
860
886
842
814
806
800
794
832
832
818
826
800
786
788
830
814
782
830
822
866
890
900
900
886
886
864
848
846
842
862
854
842
834
794
784
796
784
826
768
788
796
788
816
818
822
820
816
808
792
794
806
798
816
800
796
766
778
758
764
754
776
744
722
760
802
802
832
828
802
842
820
846
810
768
754
752
758
704
706
692
712
742
740
722
748
780
778
776
786
780
776
762
770
746
746
764
764
756
786
800
786
794
828
848
832
836
848
828
830
850
814
826
912
900
902
902
880
880
872
836
838
790
772
744
778
738
754
734
728
744
804
766
750
790
858
836
796
782
746
738
730
738
790
832
814
794
798
782
780
796
808
834
838
840
832
800
804
826
808
838
868
848
856
866
858
830
872
904
850
846
848
862
814
836
828
834
840
840
848
876
862
890
878
876
900
870
882
830
776
770
804
798
796
826
814
790
828
856
862
814
850
852
820
832
788
742
778
756
808
852
860
848
864
858
838
816
836
812
812
780
788
782
772
778
826
814
834
834
842
822
786
810
814
816
804
792
844
808
816
786
784
764
758
766
798
798
800
818
836
814
860
862
852
854
870
852
842
834
816
800
792
816
796
808
790
784
786
782
788
788
748
780
762
774
780
772
756
732
750
772
768
772
754
760
792
766
776
734
758
746
732
776
746
764
730
722
748
718
708
692
708
688
670
678
710
728
752
778
768
772
782
758
768
800
802
826
804
814
806
834
822
830
840
840
794
792
794
806
856
822
820
858
856
882
876
846
840
850
868
852
826
832
810
814
818
804
808
814
832
830
802
810
830
836
852
874
860
858
868
902
892
862
850
846
868
894
870
882
874
884
890
870
850
858
852
866
860
860
856
868
854
852
848
838
796
802
816
788
802
808
788
792
824
826
808
788
750
768
802
792
756
806
772
772
776
788
790
810
832
836
810
814
782
776
832
786
756
770
736
736
728
722
718
784
772
788
788
830
834
822
818
810
792
802
808
796
782
752
778
768
802
800
816
848
780
816
794
776
752
788
784
786
798
806
822
798
774
784
814
842
838
822
848
862
852
850
864
840
862
830
866
822
824
882
910
872
846
858
860
806
786
770
770
776
788
800
792
826
864
876
890
840
874
880
864
868
910
882
892
850
842
846
852
852
878
872
890
874
844
848
860
854
874
872
900
878
888
856
848
818
860
866
894
876
832
824
828
818
880
862
886
858
816
840
838
856
858
864
834
854
858
852
874
840
830
794
808
810
830
808
800
816
810
806
814
824
828
844
838
874
900
928
934
938
914
886
908
912
918
872
892
908
912
906
934
922
888
878
904
896
878
864
854
866
890
886
882
858
888
866
860
872
858
880
850
830
866
876
866
832
852
874
842
836
822
790
808
816
808
784
756
752
748
788
804
878
886
872
838
860
852
898
884
892
886
862
880
872
910
910
908
916
920
922
926
898
892
876
862
862
876
868
834
842
872
864
842
846
844
824
780
790
772
746
760
806
792
784
792
784
792
782
752
796
806
778
798
806
818
788
794
776
762
744
738
744
752
740
780
814
796
828
854
844
830
872
834
830
808
822
840
852
790
798
798
840
838
812
832
834
796
760
768
730
720
720
736
736
704
702
712
700
710
684
684
698
704
662
648
638
636
618
648
686
722
726
718
738
726
708
712
732
720
688
662
698
664
688
708
696
674
696
732
722
714
748
738
784
758
764
712
686
710
710
690
690
690
710
700
704
702
754
798
780
730
738
726
730
732
722
720
714
722
770
762
780
790
826
792
810
798
820
836
806
862
820
846
870
890
862
846
830
810
814
838
832
840
852
864
874
830
786
786
782
826
852
872
872
870
826
840
842
860
842
860
896
874
874
866
882
874
846
836
858
858
848
844
870
860
872
850
846
822
832
824
810
786
826
834
868
852
860
868
828
840
826
812
804
778
794
770
790
786
810
794
770
780
748
750
738
756
770
758
760
774
798
780
780
790
800
804
762
800
786
794
788
782
810
782
766
774
782
794
766
806
788
770
780
780
784
800
750
750
786
756
732
744
798
770
816
816
874
868
864
838
868
866
874
882
820
804
800
792
814
812
814
794
810
802
808
800
802
836
840
822
806
834
786
796
768
796
790
832
828
820
788
776
810
846
850
850
858
838
878
868
866
904
914
922
884
882
886
914
904
908
902
918
924
944
940
926
914
912
900
916
882
836
852
836
882
866
858
848
866
878
902
896
870
902
912
884
842
794
800
842
830
866
836
826
834
868
866
854
882
880
872
884
848
840
826
852
832
852
858
832
784
804
810
758
746
774
768
798
794
782
768
694
722
704
658
642
650
676
714
688
650
648
686
686
702
730
740
702
662
626
632
626
664
694
680
676
698
722
708
750
796
786
786
780
760
778
804
806
818
792
766
768
754
738
754
792
826
862
886
882
840
862
858
844
826
828
820
856
792
798
768
808
798
808
812
780
788
790
762
764
754
758
758
734
752
734
788
834
878
852
850
850
834
842
854
842
850
842
844
