6
12
26
66
66
102
94
90
62
80
52
88
66
68
94
78
66
100
104
108
92
78
82
62
86
152
132
174
178
190
174
216
180
220
186
206
274
300
266
290
308
336
310
282
306
282
302
360
398
366
380
392
384
400
376
364
390
406
396
370
366
358
356
354
354
320
326
306
360
344
370
384
386
440
422
470
514
464
470
406
362
362
374
318
332
388
404
446
392
398
406
386
398
422
456
432
380
436
408
354
314
312
314
264
204
218
218
224
250
192
160
142
124
118
132
160
144
92
82
88
134
162
98
140
126
134
84
74
48
50
74
72
58
70
34
2
52
68
30
6
20
4
30
26
60
38
4
42
34
56
76
76
96
102
114
124
98
118
118
142
92
112
174
192
224
182
194
188
152
82
106
100
92
84
118
112
116
18
76
22
28
92
76
50
34
14
58
42
108
60
14
44
64
136
122
166
192
240
282
318
284
290
248
276
292
300
272
278
252
272
252
306
320
350
344
288
298
320
288
272
308
280
266
232
184
152
108
90
120
148
200
182
156
162
132
108
178
166
116
82
78
96
92
110
78
44
4
42
10
2
8
12
40
38
16
6
60
98
84
112
162
180
158
130
170
150
110
78
70
52
50
54
78
58
70
60
134
150
122
168
200
182
164
170
222
282
282
202
252
212
238
288
318
354
378
376
364
270
228
240
260
298
314
316
304
266
274
246
252
234
230
240
256
260
238
262
306
288
270
280
330
306
320
308
292
276
260
308
314
296
272
256
300
248
276
304
258
224
190
194
202
240
300
300
250
226
232
226
210
256
188
200
170
210
162
136
136
168
166
160
144
114
44
8
2
30
34
36
38
10
2
14
18
36
4
56
24
82
98
98
106
114
96
80
70
84
34
2
24
72
58
102
64
18
2
4
2
88
60
38
18
42
48
66
0
28
52
14
20
8
6
22
52
14
56
132
110
128
142
132
118
136
126
120
162
172
124
92
30
6
8
6
36
34
24
54
72
36
94
100
80
78
118
128
188
290
338
394
364
384
340
278
294
286
292
286
338
340
330
348
322
330
294
332
338
358
352
350
386
348
330
308
300
264
240
224
246
232
228
188
216
222
176
130
86
94
160
146
134
160
160
104
142
174
156
178
228
236
190
134
130
118
132
114
108
120
164
192
232
324
354
406
408
424
370
332
312
280
288
286
316
324
310
328
318
332
340
342
278
308
276
268
254
296
294
308
262
260
324
396
378
354
408
432
420
426
492
446
412
432
420
452
466
424
370
374
328
288
284
284
270
258
312
342
374
280
246
196
216
220
176
166
124
118
156
238
240
216
232
194
212
146
160
190
198
202
166
116
74
90
80
74
76
24
24
4
24
20
8
12
10
38
66
18
48
28
18
18
44
80
100
78
72
62
80
86
142
166
128
118
90
28
32
18
32
50
18
78
62
126
198
232
182
220
242
218
282
192
220
196
168
222
214
180
164
190
140
152
142
170
190
192
134
134
102
44
90
124
60
90
106
156
172
170
152
152
204
148
124
182
266
276
352
358
376
358
332
352
374
420
324
300
258
266
242
264
220
156
82
72
16
36
28
28
40
4
26
0
14
10
26
30
16
4
24
16
36
18
16
20
28
34
92
60
28
54
52
44
22
42
34
122
96
126
94
72
50
30
60
56
26
26
10
90
126
96
96
170
234
212
192
222
218
234
244
214
218
230
188
188
184
228
204
168
228
218
226
194
238
296
320
344
388
386
328
324
392
364
406
396
430
414
408
402
418
362
270
330
334
344
366
318
324
318
372
402
370
362
320
334
362
366
342
362
366
320
332
346
368
370
328
336
348
364
366
318
330
316
302
352
378
362
392
366
360
386
404
420
460
492
506
474
436
392
416
444
386
364
346
268
236
240
258
288
248
254
252
294
298
286
292
288
308
354
362
282
268
308
284
232
264
304
314
274
298
330
348
348
384
382
390
428
500
442
390
324
368
338
314
314
334
302
284
326
306
310
306
260
248
282
310
284
286
284
290
322
326
262
264
270
294
264
328
342
306
326
324
304
308
254
220
246
234
254
264
276
294
264
290
332
332
322
352
288
282
286
312
276
250
228
244
238
256
254
228
240
226
234
228
264
226
210
208
202
128
92
38
54
90
118
96
132
94
122
136
94
104
140
188
206
256
240
270
248
248
232
226
260
216
178
220
248
240
258
214
228
216
234
302
288
322
274
280
296
262
200
182
198
198
190
248
280
316
316
330
302
292
334
326
304
298
284
286
234
294
280
314
350
360
390
410
442
448
426
444
422
368
380
344
282
290
306
266
302
314
302
334
368
360
352
382
358
382
426
404
400
376
394
342
384
360
358
440
476
476
420
468
468
492
490
482
508
518
546
530
598
612
606
584
586
536
528
538
570
530
512
480
446
454
480
506
484
474
508
500
444
460
472
456
484
526
488
556
554
548
538
570
514
476
450
442
412
454
384
382
310
276
284
332
354
372
436
464
488
416
440
458
510
530
604
640
652
634
616
578
584
584
580
598
636
626
616
624
600
638
670
656
698
692
718
742
722
706
734
764
776
788
812
774
752
722
752
716
682
682
690
720
720
698
722
736
716
720
674
676
744
722
738
758
766
732
696
672
702
672
678
668
650
694
664
678
652
648
696
702
716
684
638
660
664
652
650
636
596
606
590
608
652
644
680
712
676
636
620
572
532
554
514
504
524
522
566
590
632
608
558
576
596
572
638
674
578
566
574
582
586
584
640
574
600
578
548
576
590
572
532
520
530
578
590
572
590
576
650
606
562
552
536
580
580
568
562
610
594
584
578
588
562
620
682
674
696
692
688
678
656
692
758
778
720
722
746
684
712
710
696
654
666
686
634
632
662
708
694
744
720
638
700
676
718
714
702
708
740
740
722
718
652
750
748
720
708
686
738
712
688
676
692
670
734
780
814
776
792
782
740
720
738
722
764
732
690
714
702
696
668
710
750
760
786
768
742
746
772
776
744
714
774
792
818
862
850
846
800
808
800
766
800
786
806
756
760
772
748
668
682
662
660
654
666
682
708
698
708
740
720
724
722
734
714
696
682
670
698
704
680
648
646
608
616
544
564
590
618
646
670
700
740
698
666
644
684
682
694
668
672
706
710
738
698
716
666
668
640
654
650
678
686
656
714
708
688
694
704
676
672
628
624
576
586
634
582
592
596
576
554
556
574
630
636
632
688
712
736
800
816
784
792
820
812
832
812
810
846
850
836
838
802
790
794
786
760
772
704
706
686
702
688
720
720
728
724
706
688
702
692
662
644
632
630
632
630
582
564
566
512
494
484
490
504
502
502
424
422
402
404
400
386
396
434
468
450
510
508
518
458
488
502
462
478
450
490
496
486
456
408
406
366
338
342
326
298
304
362
358
356
378
356
360
342
300
314
380
330
396
352
398
418
400
352
270
280
342
346
264
234
214
280
258
262
252
260
240
288
278
280
286
292
278
250
274
238
284
282
268
292
304
278
256
230
196
180
202
208
244
168
182
242
242
214
244
226
210
262
258
218
214
254
236
242
242
336
302
226
242
228
272
228
288
348
404
382
404
420
450
474
516
506
526
578
516
564
548
514
548
544
546
478
462
384
382
344
368
368
344
372
398
440
430
434
432
404
398
378
346
376
368
346
360
368
382
418
374
350
362
334
320
276
314
306
238
272
298
286
312
288
302
278
264
290
322
320
412
450
440
372
330
308
378
440
458
460
500
508
512
586
606
646
630
634
618
606
542
534
582
570
560
540
518
446
460
448
476
512
514
524
576
568
584
638
652
644
664
670
626
648
690
752
762
764
732
754
700
700
646
618
584
592
576
638
700
716
726
724
678
702
658
662
700
746
700
706
700
702
740
736
706
734
714
740
732
724
764
764
766
788
780
790
802
842
820
796
798
792
784
758
744
746
742
748
746
764
770
804
818
834
816
790
806
792
772
770
762
786
800
776
818
802
750
716
604
602
558
548
538
550
504
546
572
582
586
630
630
590
632
630
636
604
626
636
630
612
578
560
568
562
588
606
642
668
574
568
582
622
642
700
668
642
680
714
722
692
712
698
642
676
656
690
700
692
688
666
702
698
698
636
614
628
618
616
674
632
610
610
628
590
604
640
626
570
616
608
640
616
638
614
630
708
628
616
598
600
648
672
710
682
678
674
660
666
674
690
714
704
698
674
642
632
600
610
620
586
594
566
618
632
628
632
644
644
656
696
648
640
622
624
634
636
682
680
622
630
600
642
638
660
684
620
608
582
642
622
648
644
666
718
692
720
686
670
720
768
794
788
770
740
774
746
722
702
680
668
692
694
678
666
642
646
616
660
624
578
608
590
570
562
552
576
580
632
656
650
654
682
704
714
656
628
646
656
646
600
580
550
548
558
546
530
496
570
592
622
626
612
620
576
584
602
550
552
546
514
512
508
514
514
484
514
514
490
496
452
490
482
456
484
522
530
518
512
518
502
554
588
550
498
556
534
430
406
384
352
328
292
334
334
324
340
288
282
318
324
258
338
278
308
270
308
344
362
