5964
5878
5904
5876
5886
5962
5786
5740
5644
5584
5652
5660
5686
5702
5840
5640
5522
5460
5332
5244
5274
5254
5308
5290
5130
4998
5110
5156
5174
5220
5054
5042
5110
5092
5108
5132
5228
5296
5278
5402
5444
5392
5320
5194
5142
5100
5044
5148
5252
5244
5264
5224
5288
5116
5022
4930
4836
4884
4792
4824
4930
4950
4996
4890
4926
5012
4960
4980
4934
4912
5028
5044
4950
5096
5046
5062
5138
5108
5170
5284
5268
5314
5360
5242
5360
5228
5214
5246
5138
5122
5176
5130
5036
5146
5236
5020
4990
5036
4996
4884
4964
5026
4908
4720
4716
4712
4812
4724
4654
4548
4560
4642
4608
4464
4480
4592
4532
4606
4572
4582
4466
4520
4514
4456
4344
4340
4410
4350
4464
4404
4416
4508
4584
4608
4618
4494
4550
4496
4518
4644
4600
4574
4638
4694
4596
4642
4680
4586
4548
4502
4602
4628
4766
4724
4776
4736
4730
4684
4706
4552
4566
4522
4606
4614
4632
4586
4536
4588
4680
4746
4820
5020
4914
4892
4942
5020
4988
4944
4884
4782
4866
4960
5036
5082
4952
4916
4956
4962
4998
5168
5094
5028
5080
4990
5162
5164
5210
5330
5250
5226
5248
5260
5130
4976
4984
4968
5092
5100
5138
5134
5176
5062
5172
5238
5150
4994
4992
4804
4822
4922
5032
5074
5018
5172
5220
5130
5180
5286
5370
5164
5228
5174
5122
5138
5022
4840
4788
4688
4714
4740
4730
4728
4786
4620
4702
4750
4702
4818
4750
4746
4698
4694
4784
5026
5012
4950
4902
4812
4768
4758
4674
4672
4780
4862
4840
4916
4834
4792
4624
4592
4642
4508
4632
4658
4688
4718
4766
4820
4828
4960
4944
4952
4752
4754
4758
4764
4782
4880
4938
4908
5040
5086
5082
5126
5166
5170
5126
5160
5056
5076
5042
5012
4860
4904
4870
4946
4894
5026
5156
5196
5162
5152
5304
5228
5200
5304
5484
5526
5532
5564
5542
5522
5542
5424
5502
5500
5504
5534
5476
5498
5438
5484
5550
5430
5404
5512
5748
5788
5994
6092
6212
6182
6212
6244
6288
6320
6314
6230
6158
6096
6158
6030
5882
6034
6054
6042
6064
6138
6206
6200
6202
6204
6276
6132
6064
6176
6242
6244
6290
6264
6304
6268
6276
6204
6314
6270
6300
6298
6268
6386
6284
6330
6294
6344
6366
6258
6220
6232
6202
6246
6228
6324
6348
6396
6392
6394
6218
6296
6376
6278
6262
6246
6230
6114
5934
6060
6152
6264
6232
6242
6182
6178
6218
6162
6200
6212
6178
6160
6252
6152
6204
6206
6270
6174
6176
6148
5984
6000
5950
5850
5702
5756
5836
5708
5754
5736
5716
5726
5654
5608
5476
5390
5444
5386
5540
5518
5532
5596
5680
5724
5708
5624
5656
5752
5732
5658
5750
5786
5864
5824
5918
5962
5994
5946
5814
5754
5704
5896
5890
5966
5886
5940
6004
6062
6214
6250
6284
6256
6218
6218
6364
6378
6390
6338
6384
6440
6384
6250
6226
6270
6370
6290
6260
6362
6256
6204
6440
6400
6344
6244
6318
6320
6356
6256
6174
6088
6126
6188
6012
6040
5980
6020
6036
5994
5960
6122
6012
6140
5896
5934
5976
5966
5928
5958
5896
5826
5850
6018
5930
5966
6018
6068
6080
6086
5988
5958
5960
5982
5934
5896
5914
5934
5980
5874
5780
5860
5806
5716
5740
5584
5696
5614
5614
5476
5382
5308
5346
5424
5450
5410
5448
5440
5490
5424
5476
5486
5466
5446
5478
5506
5590
5640
5582
5540
5672
5758
5890
5962
6012
5928
5756
5638
5736
5792
5754
5670
5750
5732
5776
5854
5752
5802
5752
5736
5736
5544
5618
5678
5734
5810
5758
5856
5796
5858
5820
5874
5796
5778
5926
5980
6074
6126
6102
6130
6102
6064
6080
5930
5932
5938
6064
6082
6134
6140
6036
6080
6102
5934
5960
6060
6008
5950
5966
5974
5908
5920
5914
6026
6072
6004
6026
6114
6228
6236
6156
6060
6048
6100
5994
5906
5868
5764
5962
5872
5818
5924
5884
5918
5972
6080
6232
6164
6146
6090
6164
6182
6286
6274
6144
6174
6016
6004
6096
6132
6122
6000
6028
6130
6066
5866
5992
5982
5978
6070
6166
6238
6344
6360
6336
6302
6282
6366
6286
6332
6418
6502
6468
6478
6416
6342
6206
6280
6366
6340
6484
6454
6654
6710
6688
6572
6580
6586
6654
6584
6592
6540
6564
6644
6526
6412
6418
6550
6506
6446
6408
6434
6504
6590
6494
6486
6342
6440
6528
6550
6582
6514
6518
6478
6372
6484
6392
6330
6312
6184
6160
5994
6266
6300
6218
6238
6254
6252
6232
6202
6180
6210
6148
6212
6266
6400
6326
6416
6336
6350
6276
6286
6234
6324
6416
6350
6396
6258
6292
6338
6362
6400
6280
6316
6432
6280
6144
6362
6350
6460
6266
6188
6112
6084
6012
6088
6002
6042
6090
6060
6020
5920
5972
6152
6226
6272
6316
6248
6312
6424
6256
6280
6292
6248
6312
6208
6156
6220
6264
6302
6296
6284
6536
6484
6634
6636
6646
6750
6548
6586
6492
6546
6706
6612
6760
6734
6614
6772
6732
6792
6856
6912
6900
6818
6826
6814
6820
6732
6628
6656
6654
6542
6598
6594
6718
6706
6660
6760
6866
6942
6864
6884
6884
6938
6920
6720
6632
6590
6536
6540
6528
6564
6522
6418
6408
6460
6530
6334
6414
6574
6730
6700
6758
6752
6844
6674
6612
6470
6330
6374
6340
6268
6228
6230
6270
6174
6160
6286
6172
6236
6192
6196
6188
6158
6182
6164
6262
6246
6334
6380
6568
6592
6720
6820
6846
6834
6884
6832
6820
6962
6944
6944
6916
7026
7128
7252
7292
7154
7202
7216
7274
7252
7138
6974
7028
6942
7020
7042
6956
6848
6864
6876
6844
6964
7020
6984
7024
7138
7090
7192
7120
7006
7000
6940
6888
6834
6754
6772
6736
6730
6842
6884
6884
6838
6718
6632
6718
6694
6724
6702
6734
6770
6830
6942
6936
7088
7096
7204
7244
7188
6994
6796
6922
6996
7086
7178
7222
7240
7192
7072
7018
7110
7118
7110
7084
7044
7084
7084
7076
7040
6902
6858
6900
6958
6912
6876
6986
7044
7012
7060
7110
7268
7348
7294
7186
7268
7356
7206
7284
7422
7384
7394
7494
7334
7314
7380
7274
7336
7284
7336
7400
7338
7424
7422
7524
7582
7468
7324
7360
7394
7336
7260
7282
7246
7274
7258
7292
7284
7234
7172
7196
7232
7254
7274
7242
7282
7212
7212
7038
7048
7072
7026
7048
7034
7034
7002
7050
7116
7114
7154
6970
6942
6912
6918
6948
7024
6984
6986
7002
6998
6894
6900
6936
6974
6972
7014
7106
7234
7104
7092
7058
7082
7096
7076
7044
6856
6886
6832
6882
6988
6958
6882
6788
6814
6888
6834
6806
6828
6766
6792
6762
6840
6850
6984
7032
6988
6992
6960
6988
6902
6982
6892
6876
6876
6886
6906
6882
6834
6770
6842
6970
7110
7034
7042
6988
7012
6980
6900
6820
6848
6866
7032
7072
7098
7050
7018
6964
6976
7020
7052
7074
6948
6990
6862
6790
6774
6720
6702
6712
6742
6702
6746
6668
6570
6594
6712
6648
6688
6580
6706
6814
6980
6906
6910
6824
6866
6922
7024
6862
6946
6928
6972
7096
6964
6872
6830
6836
6774
6748
6716
6716
6728
6730
6874
6962
6840
7018
6952
6886
6860
6996
7048
7078
7084
7098
7018
6982
7160
7186
7288
7144
6978
6962
7000
7194
7138
7130
7150
7164
7188
7182
7218
7284
7308
7240
7234
7200
7256
7254
7196
7022
6992
6988
6956
7034
6926
6814
6846
6946
6978
6968
6972
7012
7120
6996
6990
7092
7046
6960
7006
6882
6922
6882
6852
6872
6826
6894
6830
6776
6752
6648
6814
6832
6836
6798
6810
6888
6942
6938
6940
6888
6954
6894
6952
6890
6966
6906
6692
6762
6836
6858
6804
6790
6752
6850
6888
6942
6970
7128
7130
7154
7218
7106
7152
7144
7222
7292
7320
7334
7376
7316
7366
7330
7402
7312
7218
7100
6982
7162
7126
7214
7202
7138
7176
7116
7128
7128
7068
7068
7024
7170
7144
7126
7022
7034
7052
7002
7070
6994
7046
7126
7226
7200
7174
7120
7206
7198
7326
7220
7162
7126
7096
7038
6994
6996
7150
7164
7180
7268
7374
7368
7256
7290
7228
7134
7220
7136
7080
7058
6962
6968
6978
6984
7060
7086
7136
6856
6872
6958
6902
6892
6970
6884
6974
6890
6758
6730
6678
6722
6752
6752
6832
6760
6884
6830
6800
6732
6712
6716
6742
6760
6750
6716
6808
6760
6714
6738
6760
6734
6810
6772
6710
6558
6508
6584
6462
6458
6424
6514
6588
6752
6852
6818
6826
6888
6780
6904
6902
6858
6942
6956
6986
7012
6972
6906
6890
7044
7024
7024
6982
6888
6832
6882
6824
6752
6806
6816
6886
6936
7000
7000
7056
7016
7024
7066
7002
6922
6978
6914
6954
6948
6902
6948
6754
6716
6714
6746
6834
6818
6844
6774
6654
6680
6678
6624
6620
6576
6652
6544
6590
6550
6606
6408
6510
6458
6496
6442
6556
6560
6670
6692
6692
6644
6616
6622
6688
6594
6622
6568
6572
6424
6470
6368
6532
6440
6508
6530
6436
6274
6210
6298
6414
6372
6536
6676
6668
6716
6634
6584
6654
6822
6892
6912
6946
6930
6978
7014
7048
7080
7084
6898
6876
6790
6882
6890
6878
6840
6928
6966
6940
6880
6884
7058
7110
7160
7134
7072
6980
6988
7042
7052
7000
6950
6990
7008
7046
7062
6980
6802
6762
6838
6856
6870
6912
6790
6830
6822
6812
6878
6914
6806
6756
6888
6870
6838
6866
6864
6874
6894
6856
6882
6904
6924
6890
6792
7012
6982
6886
6976
6988
6998
6886
6922
7056
6998
7008
6908
6934
6866
6818
6726
6764
6750
6766
6814
6804
6850
6784
6880
6994
7000
6928
6974
6852
6842
6970
6954
6942
6846
7082
7170
7102
7010
6996
7068
7088
6930
6912
6994
6914
6994
7010
7022
7016
6944
6980
7008
6934
6858
6884
6966
6970
7058
6956
6892
6812
6788
6774
6716
6746
6712
6814
6766
6774
6854
6842
6856
6910
6934
6944
6964
6996
6928
6886
6906
7080
7080
7064
6868
6914
6832
6868
6926
6980
6984
6984
6984
7142
7224
7244
7150
7170
7226
7184
7288
7296
7224
7152
7032
7140
7104
7166
7168
7264
7202
7134
7040
7006
7030
6944
6856
6902
6940
6840
6898
6962
6868
6768
6674
6706
6672
6688
6646
6608
6564
6658
6606
6602
6794
6666
6668
6718
6754
6884
6852
6956
6970
7102
7034
7018
7074
7104
7028
7000
6920
6936
6932
6984
6998
7110
7144
7132
7100
7114
7178
7258
7254
7248
7136
7164
7056
7004
6934
6980
7028
7042
7050
6982
6908
6966
7022
7012
7060
7122
7054
6962
6958
6864
6858
6904
6922
7086
7216
7186
7254
7150
7004
7114
7142
7108
6968
6968
6994
6956
6924
6948
7022
7064
7116
7146
7094
7110
7088
7102
7152
7040
7036
7012
6996
6926
6886
6770
6798
6824
7022
7066
7082
7018
6960
7040
7026
7002
7038
7058
6912
6874
6900
6834
6846
6710
6742
6832
6698
6774
6780
6798
6766
6736
6656
6612
6542
6554
6602
6496
6524
6530
6480
6596
6586
6636
6552
6520
6478
6554
6518
6572
6492
6466
6366
6362
6366
6444
6408
6490
6448
6508
6558
6412
6236
6242
6320
6326
6322
6150
6094
6242
6202
6260
6284
6248
6344
6358
6328
6290
6286
6228
6124
6250
6382
6396
6408
6536
6516
6614
6584
6476
6428
6458
6492
6574
6626
6546
6524
6498
6664
6746
6756
6684
6648
6644
6696
6782
6650
6676
6610
6712
6740
6850
6840
6832
6952
6858
6680
6706
6676
6642
6650
6738
6670
6652
6750
6708
6656
6688
6704
6574
6570
6470
6588
6616
6592
6536
6612
6686
6766
6824
6810
6852
6900
6744
6754
6726
6734
6624
6660
6530
6498
6490
6430
6476
6530
6446
6398
6364
6444
6392
6336
6352
6310
6364
6398
6430
6422
6416
6514
6456
6508
6488
6336
6336
6278
6392
6446
6520
6520
6508
6422
6404
6516
6496
6480
6414
6410
6384
6420
6294
6336
6370
6430
6438
6506
6504
6592
6742
6580
6540
6552
6696
6742
6812
6786
6910
6788
6882
6734
6754
6832
6656
6722
6774
6706
6726
6712
6810
6826
6730
