146
210
302
328
196
72
46
6
42
152
126
132
104
130
204
282
238
84
72
32
86
58
48
2
104
26
10
16
78
150
194
232
294
294
340
316
200
34
66
52
14
10
48
24
4
124
132
56
62
44
68
200
192
178
228
160
188
158
78
56
46
6
114
42
24
32
152
174
200
210
190
254
194
174
178
124
136
200
190
160
240
348
370
446
402
380
404
450
448
416
416
314
356
254
296
238
242
262
388
358
276
134
132
224
184
210
168
122
116
168
150
136
90
190
88
166
182
176
146
110
164
108
150
132
296
388
456
388
418
344
322
252
354
302
302
188
88
98
144
202
184
160
126
28
56
20
146
148
188
172
242
304
264
248
258
218
272
218
276
216
276
198
208
278
350
320
374
408
516
614
646
726
678
786
870
884
874
822
810
666
638
598
534
592
584
458
486
618
656
604
584
490
556
644
586
614
570
494
504
472
352
442
372
472
436
368
422
350
338
314
456
548
458
510
504
612
508
492
544
530
608
642
556
548
672
764
716
736
816
884
872
860
840
732
778
732
638
526
498
522
504
516
586
562
608
556
434
368
484
316
356
370
400
366
392
412
362
374
434
474
476
518
602
738
716
784
650
588
506
438
436
374
276
284
384
522
448
390
464
514
616
532
520
468
500
602
550
440
426
390
338
266
232
176
122
136
120
144
164
92
34
24
2
100
118
114
124
218
242
230
208
290
318
360
410
428
358
394
450
348
350
360
356
352
366
394
378
474
470
442
450
536
622
636
752
708
718
784
828
890
964
832
838
834
844
912
916
896
932
960
974
1022
972
974
998
1006
918
900
912
896
822
846
810
902
952
958
948
1012
1050
1034
904
914
856
814
788
832
706
630
582
554
536
578
688
748
722
674
700
732
734
824
772
798
692
666
656
728
772
752
664
756
808
824
850
770
872
858
690
688
678
752
704
664
598
568
408
430
524
512
572
604
428
246
322
322
486
560
638
730
648
612
542
632
636
624
638
698
732
772
768
794
816
764
790
792
888
888
868
776
872
930
892
896
896
1002
888
804
786
864
870
848
882
808
830
822
754
782
704
822
838
832
860
880
912
910
1032
988
998
944
1006
936
862
906
818
784
850
872
794
828
728
822
852
786
752
794
772
724
694
620
594
616
656
632
622
640
730
756
646
660
686
704
664
592
668
704
782
738
682
728
684
606
604
494
506
456
526
578
554
482
562
494
396
234
246
336
272
334
234
202
112
104
100
6
48
2
64
62
116
46
30
54
14
88
80
88
24
58
38
72
96
140
38
62
6
124
132
84
134
130
158
110
244
256
268
380
318
326
254
288
328
344
338
326
316
328
378
438
492
522
538
570
504
598
554
496
548
454
460
550
522
622
542
478
634
660
658
574
606
670
664
678
644
564
548
636
608
710
762
822
760
774
828
746
812
818
894
890
934
960
958
900
906
922
798
742
772
756
846
854
808
696
574
640
656
732
732
752
806
918
950
956
830
776
830
880
880
754
858
914
822
922
844
862
784
814
784
750
692
846
762
784
764
838
904
854
888
838
898
980
974
920
978
986
1098
1144
996
1094
1096
1046
1030
1080
1086
1160
1222
1276
1350
1262
1252
1234
1128
1126
1136
1302
1304
1204
1256
1262
1240
1254
1300
1282
1274
1268
1360
1386
1318
1310
1326
1360
1384
1314
1432
1384
1312
1334
1348
1304
1316
1304
1240
1166
1032
1022
970
974
938
956
928
940
948
1066
1160
1132
1264
1284
1332
1298
1310
1318
1266
1234
1270
1392
1358
1394
1292
1258
1248
1288
1230
1294
1278
1340
1166
1212
1182
1178
1176
1192
1218
1200
1216
1120
1176
1074
1112
1118
1236
1272
1270
1352
1434
1400
1322
1318
1276
1248
1348
1354
1370
1314
1236
1198
1200
1168
1218
1198
1172
1172
1258
1288
1258
1248
1198
1160
1206
1162
1200
1194
1194
1286
1312
1316
1332
1224
1110
1040
932
940
996
1034
1012
982
934
918
878
884
772
766
872
928
824
718
696
684
764
766
714
744
588
478
514
462
466
372
410
416
456
546
642
618
620
580
658
702
634
576
540
510
520
454
386
486
484
466
516
462
410
494
514
518
474
546
596
748
818
824
806
854
880
958
960
872
822
826
676
718
660
644
670
700
678
622
652
668
760
842
870
924
1072
1174
1254
1176
1222
1226
1238
1260
1266
1270
1268
1262
1310
1256
1294
1282
1318
1264
1290
1234
1262
1158
1144
1188
1120
1082
1122
1130
1164
1228
1222
1310
1366
1354
1502
1346
1304
1322
1386
1400
1376
1382
1300
1280
1226
1096
1116
1158
1222
1038
1032
1042
1062
1162
1168
1110
1126
1174
1276
1348
1322
1268
1276
1372
1302
1270
1218
1140
1078
1044
1116
1026
882
868
874
942
964
1008
1060
1054
1176
1152
1128
1208
1214
1302
1364
1300
1452
1444
1434
1454
1426
1452
1490
1508
1548
1528
1558
1540
1568
1588
1592
1536
1480
1372
1358
1378
1524
1526
1492
1702
1708
1610
1646
1598
1620
1644
1584
1536
1510
1468
1612
1532
1562
1528
1536
1560
1558
1600
1590
1632
1582
1510
1514
1508
1526
1524
1498
1528
1580
1572
1594
1646
1654
1670
1620
1666
1658
1732
1700
1652
1524
1454
1544
1480
1424
1456
1538
1604
1558
1524
1518
1544
1496
1432
1308
1440
1466
1382
1444
1504
1420
1280
1236
1300
1370
1296
1314
1220
1108
1110
1120
1082
1144
1086
1056
1006
990
826
834
842
952
912
944
956
1006
922
814
752
766
740
638
588
462
416
484
422
480
462
644
576
636
696
668
684
598
640
756
864
744
772
766
684
752
656
716
786
714
676
626
626
652
638
654
748
712
784
822
840
780
850
894
988
898
1012
970
1018
1022
992
1022
920
918
1026
908
950
1068
964
970
1026
1014
1060
1062
1044
926
932
1002
1062
1100
1124
1142
1162
1186
1154
1162
1142
1050
1084
1034
996
946
864
816
698
694
734
722
594
602
666
780
832
782
824
790
858
888
778
764
756
796
794
680
576
608
514
448
442
342
310
378
326
284
288
338
294
190
304
380
380
334
258
356
232
244
306
326
314
306
386
304
252
180
302
438
476
548
626
572
612
678
690
538
532
562
546
538
492
528
522
566
578
552
694
794
862
920
896
868
846
878
950
930
970
872
838
930
1024
1088
1002
1036
1102
1040
1000
958
930
950
950
800
838
690
614
592
522
522
478
426
380
348
286
256
200
262
230
230
280
368
434
434
386
384
400
378
362
340
426
392
354
388
438
400
394
378
444
432
522
550
448
446
374
362
348
356
390
370
328
370
364
298
184
94
82
86
142
158
136
104
142
124
208
158
152
172
186
210
48
30
44
14
44
22
46
156
240
276
290
504
558
554
514
484
506
556
512
510
488
490
572
552
628
714
710
754
756
744
610
634
728
824
766
594
546
500
476
382
370
288
346
266
212
266
256
218
238
270
302
304
326
456
452
534
436
440
432
540
630
552
574
618
554
564
582
552
560
526
588
558
526
482
446
490
526
590
548
550
454
498
570
594
592
502
516
546
486
518
492
448
428
458
356
348
342
406
398
444
432
314
364
410
434
390
384
496
494
520
514
520
570
636
586
688
612
628
674
688
680
762
810
814
772
718
718
792
782
758
700
680
614
622
618
606
622
696
722
662
614
526
468
392
482
550
418
398
332
398
390
500
496
520
492
546
592
636
562
538
654
650
702
576
604
694
776
716
692
720
776
680
702
830
730
794
792
786
704
694
614
674
526
588
518
592
728
670
558
594
590
654
638
620
630
550
666
680
628
678
748
870
856
886
858
782
876
920
916
980
972
1060
1146
1226
1326
1272
1278
1252
1310
1352
1298
1322
1268
1408
1500
1508
1630
1810
1862
1892
1816
1836
1748
1818
1856
1930
1836
1944
1858
1808
1772
1676
1666
1644
1748
1788
1790
1814
1830
1810
1856
1860
1922
1874
1894
1938
1888
1778
1710
1720
1702
1692
1664
1792
1850
1892
1864
1808
1894
1732
1832
1854
1888
1912
1928
1910
1776
1706
1624
1592
1504
1558
1536
1516
1516
1478
1476
1506
1452
1504
1432
1528
1398
1298
1380
1490
1490
1520
1540
1408
1504
1408
1322
1406
1402
1490
1490
1516
1558
1648
1574
1626
1624
1648
1714
1594
1590
1492
1506
1566
1484
1504
1536
1574
1592
1532
1466
1576
1574
1508
1540
1630
1542
1546
1504
1506
1480
1442
1382
1412
1450
1398
1328
1264
1300
1312
1408
1434
1332
1384
1330
1440
1424
1390
1438
1408
1482
1416
1462
1436
1522
1590
1666
1726
1620
1588
1560
1584
1468
1504
1580
1648
1672
1618
1534
1590
1626
1596
1458
1436
1514
1474
1462
1542
1544
1542
1562
1552
1518
1594
1682
1642
1768
1690
1746
1664
1574
1504
1460
1420
1432
1334
1480
1498
1526
1524
1594
1564
1540
1476
1482
1540
1528
1490
1598
1610
1678
1614
1560
1576
1478
1400
1370
1392
1398
1394
1390
1328
1464
1402
1514
1562
1520
1604
1646
1650
1566
1538
1528
1554
1506
1436
1472
1434
1374
1360
1304
1212
1132
1124
1100
1204
1094
1056
1086
1106
1050
1036
880
792
796
912
918
986
960
922
1044
1096
920
834
840
776
788
738
714
686
638
602
646
740
828
844
740
874
970
958
918
890
922
998
962
1046
1072
922
1004
966
1002
1014
996
998
1022
1106
1208
1056
968
1128
1234
1392
1440
1458
1424
1370
1448
1374
1402
1380
1456
1394
1382
1352
1250
1222
1216
1242
1188
1240
1172
1050
1042
1068
1184
1172
1140
1178
1116
1056
1122
1068
1008
1054
1044
1116
1084
1130
1126
1098
1176
1184
1110
1222
1114
1030
1178
1150
1218
1268
1384
1402
1404
1456
1584
1556
1598
1518
1510
1484
1448
1506
1518
1516
1484
1522
1546
1664
1680
1748
1572
1686
1690
1698
1718
1796
1808
1876
1958
1906
1938
2040
1980
1986
2066
2206
2270
2232
2204
2252
2294
2248
2284
2222
2240
2138
2046
1986
1926
1910
1908
1834
1882
1970
1970
1864
1910
1930
1958
1968
1990
2094
2116
2060
2058
2026
2016
1974
2042
2060
1968
1910
1924
1960
1902
1952
2070
2018
2010
1934
2002
2064
2118
2268
2270
2176
2164
2260
2234
2284
2204
2276
2250
2284
2300
2260
2236
2318
2396
2358
2380
