132
30
36
12
72
56
112
110
86
116
80
238
252
154
104
66
132
188
206
278
320
338
344
282
266
322
314
322
294
308
388
436
434
430
390
368
272
252
318
286
306
238
228
194
174
158
164
58
84
0
40
86
52
12
28
30
24
50
122
184
34
92
136
50
80
56
78
136
188
122
82
146
184
162
174
230
152
212
172
202
186
176
96
112
18
40
24
92
48
52
8
12
16
62
44
132
124
186
214
130
26
52
44
36
40
6
68
28
190
138
194
262
238
204
184
202
204
218
170
162
128
160
178
134
104
112
74
12
28
44
102
140
88
44
20
130
36
70
104
94
96
154
156
142
138
148
220
254
240
140
70
38
52
86
98
56
44
16
60
28
64
58
36
84
86
82
64
52
80
66
54
40
146
68
42
56
2
10
50
18
26
100
58
90
18
2
126
178
26
44
42
22
114
194
230
232
240
248
220
264
324
316
328
380
406
376
232
354
336
412
338
330
398
388
332
300
392
396
316
358
254
218
104
166
58
152
120
188
136
138
256
274
262
304
232
218
98
100
120
96
170
104
10
8
40
90
16
56
4
56
40
48
76
286
314
290
300
180
128
128
220
156
196
208
236
250
316
226
312
384
374
414
498
512
334
238
240
200
194
162
280
272
278
322
242
304
258
242
166
164
200
156
108
36
4
68
4
118
124
30
10
6
78
164
150
18
52
6
2
40
4
26
14
20
0
36
52
52
34
78
104
86
158
246
318
382
510
496
424
456
440
328
368
292
332
400
310
268
114
180
140
54
6
20
128
138
184
238
244
210
280
222
256
266
252
200
204
222
244
360
288
252
252
202
264
214
352
438
332
282
304
326
298
280
174
240
140
114
170
158
268
234
246
196
354
380
388
324
322
440
414
376
408
408
418
438
452
452
450
436
446
454
384
464
538
512
522
508
494
460
466
472
312
422
396
446
420
376
346
362
414
344
266
318
324
342
306
440
428
438
406
340
322
248
258
180
340
350
436
398
268
326
438
408
474
442
472
478
450
386
482
568
622
544
612
522
516
506
512
508
586
574
598
616
638
644
624
580
590
630
562
604
664
622
656
750
832
750
736
694
628
588
608
764
770
786
842
780
740
678
556
474
534
458
396
442
474
610
522
472
514
394
428
520
458
422
444
482
426
406
352
312
314
252
238
120
28
56
94
34
66
132
216
154
52
116
76
20
12
86
18
24
36
10
64
4
36
178
106
158
168
74
24
26
88
154
128
100
170
144
226
208
270
346
262
284
312
328
324
288
206
200
48
34
22
104
98
104
38
50
30
28
104
46
12
28
30
60
96
106
92
176
186
164
198
120
152
94
120
182
152
212
168
220
372
328
306
214
208
246
252
250
146
150
186
206
286
204
190
214
166
142
218
312
294
430
506
546
642
504
510
438
406
410
464
496
522
566
574
612
668
660
616
644
572
560
588
664
596
490
624
642
636
620
646
562
626
628
532
480
364
388
496
398
358
374
424
404
448
424
350
398
438
304
200
114
156
198
198
76
190
122
218
230
118
138
78
148
284
400
362
322
364
324
310
312
276
376
338
322
374
402
322
256
262
278
358
412
430
436
448
410
496
410
402
470
508
452
484
502
492
518
504
596
566
542
578
378
338
354
388
390
342
330
370
412
480
340
330
272
368
312
240
218
184
180
244
278
286
302
302
334
272
254
206
62
46
164
236
218
286
226
290
360
422
500
480
494
484
468
520
490
490
438
450
418
344
346
314
284
268
208
186
172
170
262
268
222
258
268
250
212
192
252
238
220
258
200
328
406
354
430
388
426
394
506
344
224
118
40
66
158
182
242
250
186
258
344
312
294
374
340
352
222
138
96
192
286
290
272
242
168
126
124
180
176
248
242
216
232
198
168
140
122
126
148
184
136
118
122
100
138
132
94
84
4
44
2
134
154
146
228
172
106
140
118
88
58
10
48
70
30
60
90
70
134
226
322
406
448
426
334
508
450
358
432
460
346
430
378
442
500
440
344
330
286
328
324
302
366
234
226
160
106
176
142
178
290
366
236
256
318
362
428
420
482
462
438
368
386
390
422
410
356
396
356
298
208
282
246
138
46
56
132
72
60
68
42
4
82
64
66
44
2
2
26
0
60
58
20
204
110
110
62
88
74
86
48
82
84
84
116
142
38
134
210
196
70
44
108
190
252
190
132
146
144
156
252
172
124
2
60
48
100
112
98
88
96
30
20
56
30
58
158
76
62
12
60
172
172
218
230
318
404
346
516
486
378
366
326
270
230
174
268
388
394
248
160
182
284
228
302
328
270
204
278
232
120
106
32
36
20
132
296
178
182
104
112
154
92
96
10
164
306
230
240
238
280
320
334
388
306
344
418
416
382
402
300
338
300
130
220
266
292
196
130
206
282
314
286
262
296
252
182
258
228
122
174
174
80
100
54
104
158
116
96
54
122
176
228
120
116
158
64
162
186
136
188
200
288
302
200
280
164
164
214
310
320
286
246
106
134
182
150
160
76
2
94
6
18
126
92
184
116
110
138
66
138
22
28
38
56
116
124
154
258
172
82
46
4
14
68
70
176
152
158
194
40
90
92
70
50
98
144
22
92
64
170
248
236
180
244
308
360
428
418
376
354
370
236
184
266
220
312
354
368
358
422
498
430
488
460
502
536
646
638
570
404
442
538
498
514
424
432
518
530
498
460
490
624
696
728
740
778
880
932
882
830
740
778
720
664
648
684
794
726
642
632
680
610
542
606
612
676
674
620
556
534
560
572
578
464
580
704
682
698
632
630
676
682
692
658
746
850
802
780
732
724
720
782
720
876
872
816
990
1006
998
926
968
940
972
894
1016
1054
978
916
858
864
850
776
708
668
626
658
694
644
652
716
786
696
616
604
680
764
860
772
760
730
698
672
740
774
826
832
850
808
834
812
776
734
682
716
584
550
484
490
458
436
382
300
266
222
202
202
244
412
368
208
232
178
252
280
268
286
318
292
344
344
308
242
208
380
344
380
374
436
496
504
474
488
586
586
616
572
618
556
540
474
476
500
540
638
722
830
768
854
866
892
792
772
838
866
886
902
878
966
1076
1172
1190
1166
1174
1202
1204
1230
1204
1280
1322
1310
1252
1304
1216
1256
1236
1230
1248
1342
1366
1440
1338
1352
1364
1332
1346
1320
1292
1232
1246
1316
1260
1128
1150
1118
1204
1290
1332
1284
1304
1324
1346
1454
1386
1418
1372
1444
1480
1526
1454
1410
1490
1510
1428
1380
1326
1222
1112
1150
1176
1212
1264
1282
1182
1132
1110
1072
1070
1012
1016
944
970
936
930
880
918
940
1026
1146
1170
1154
1096
1056
1050
960
918
848
916
926
974
976
992
1160
1202
1102
1146
1194
1226
1288
1258
1244
1258
1254
1344
1356
1340
1378
1316
1382
1408
1478
1480
1486
1560
1678
1656
1730
1698
1800
1782
1700
1766
1742
1694
1716
1728
1844
1794
1774
1728
1626
1600
1534
1560
1480
1450
1380
1344
1350
1434
1472
1528
1566
1574
1582
1468
1420
1322
1370
1470
1510
1412
1360
1432
1438
1354
1310
1300
1422
1298
1290
1296
1302
1278
1310
1302
1212
1240
1258
1274
1292
1244
1196
1114
1188
1160
1132
1142
1028
966
924
848
872
822
882
792
898
924
908
1012
1032
1078
1030
1070
1088
930
876
970
948
886
842
772
852
900
924
1014
968
1004
1008
894
806
748
822
766
778
724
738
748
760
764
794
776
710
732
740
652
642
658
792
794
812
830
802
872
880
888
940
970
972
978
1000
940
1044
1054
1030
982
962
984
1026
1086
1022
996
940
910
964
918
960
854
914
908
988
912
926
1000
1042
1136
1108
1102
1100
1106
1152
1114
1134
1032
1016
912
862
832
760
850
924
856
806
832
776
728
728
782
734
806
800
796
788
828
806
796
700
820
810
874
886
844
844
868
868
792
764
738
786
848
858
880
958
898
772
800
806
848
894
844
798
730
806
796
762
716
700
678
670
588
562
676
718
652
648
626
646
698
634
700
680
702
620
602
620
740
780
656
730
786
778
874
782
758
838
854
842
832
850
816
812
858
906
906
886
822
844
838
808
748
808
832
866
840
878
808
818
944
1002
948
948
912
880
982
952
974
1088
1192
1290
1214
1246
1302
1198
1184
1060
1000
1030
1056
1132
1216
1160
1088
1072
1114
1062
1020
1064
1010
1008
952
968
1044
1084
1146
1052
1058
1080
1140
1086
1112
1184
1154
1036
998
1062
1098
1052
1026
928
960
978
1074
1038
934
958
974
982
930
852
840
820
856
798
780
840
848
890
804
812
882
860
946
978
942
1008
1096
1028
1056
1028
1022
986
844
938
914
1002
978
952
940
920
1050
976
910
854
794
754
652
750
754
818
804
780
906
926
774
792
792
776
798
688
690
764
732
776
760
640
714
720
738
698
748
832
732
752
720
734
628
750
734
846
912
952
956
926
882
1018
892
998
980
1006
1028
1044
980
1076
1052
1068
1062
1008
982
972
864
918
860
848
810
874
862
846
770
886
944
930
832
804
846
760
740
778
808
736
738
790
702
752
728
790
812
792
770
768
898
978
980
976
1040
1010
996
944
876
904
904
944
958
1040
1134
1082
1080
1108
1064
994
960
1002
890
904
790
808
928
894
844
780
842
896
906
862
830
772
762
802
824
824
912
848
682
612
590
462
384
438
490
646
666
634
606
596
646
702
686
696
708
702
750
792
786
750
668
714
746
756
792
668
714
598
652
588
580
562
530
580
658
640
628
540
470
576
