448
432
378
466
508
712
678
708
692
736
680
492
554
572
476
500
494
670
668
700
618
450
674
566
468
618
542
452
456
368
434
364
410
558
614
616
534
460
456
298
380
452
344
234
52
16
106
140
136
86
128
166
100
48
60
112
178
220
278
262
178
218
278
258
400
484
372
332
384
414
262
256
164
210
74
178
164
240
240
336
308
166
224
126
168
82
56
20
56
48
140
178
264
282
296
302
116
94
138
182
16
142
254
264
238
302
218
112
166
80
114
12
172
154
34
146
70
14
78
76
44
80
210
114
344
462
510
608
546
664
690
568
462
298
344
268
242
414
362
378
414
246
242
226
346
208
130
60
36
30
56
32
62
40
22
232
402
308
264
330
114
92
58
256
172
258
218
172
222
122
256
260
206
162
34
130
32
50
12
128
42
112
120
46
50
12
172
100
144
4
132
244
232
266
208
224
52
144
162
4
18
16
216
86
126
120
154
32
58
82
138
378
624
608
588
554
664
804
842
1030
1106
1100
970
912
802
720
630
562
616
540
508
406
448
712
746
538
418
498
564
618
630
640
652
744
762
720
672
694
762
664
646
688
702
710
802
810
838
720
794
708
572
560
610
624
732
690
680
702
780
738
856
824
880
858
704
856
814
836
792
782
616
566
490
426
386
346
476
498
534
366
150
150
150
94
184
148
188
270
424
426
610
730
738
848
956
1036
1130
1128
1090
1020
1114
948
864
806
842
768
762
744
762
718
738
660
732
660
614
708
610
518
564
512
348
422
348
324
370
368
380
324
404
240
10
12
104
82
16
4
226
316
398
406
370
474
450
494
256
434
596
550
498
498
498
466
464
286
284
386
340
438
432
286
346
398
336
378
452
550
528
498
430
226
216
298
234
272
274
324
284
210
254
154
12
18
34
126
282
228
210
236
250
288
270
230
254
236
296
338
368
382
614
608
682
636
714
700
792
770
828
738
632
658
536
572
806
846
866
800
996
1094
980
1108
946
818
706
646
562
560
646
702
682
652
644
694
752
908
914
906
686
516
512
450
626
702
696
752
584
604
490
530
536
408
374
492
562
580
628
590
692
452
336
460
464
492
642
514
480
402
586
460
454
434
386
332
330
428
268
452
414
284
188
266
314
490
462
534
710
754
844
790
834
1034
968
1010
1168
1160
1152
1470
1406
1298
1204
1186
986
1104
1158
1184
1226
1086
1042
972
968
876
786
592
624
578
564
504
294
258
150
74
66
54
28
56
50
36
136
138
144
6
160
224
144
292
246
180
240
68
136
36
168
96
318
342
338
460
432
534
498
420
474
492
454
782
880
650
718
762
772
864
902
972
912
974
1000
1082
1028
1074
1238
1372
1358
1560
1670
1740
1790
1712
1680
1560
1718
1568
1734
1606
1556
1566
1594
1574
1552
1482
1496
1614
1408
1338
1482
1570
1448
1388
1356
1258
1194
1096
966
954
1138
1162
988
770
770
830
754
736
738
688
760
844
932
986
974
1036
878
982
832
724
678
720
634
506
380
494
588
550
624
452
460
566
616
562
604
646
662
812
868
986
740
686
790
814
910
904
890
886
984
898
770
664
666
776
878
910
768
864
950
1010
1084
1188
958
1158
1192
1088
1018
1108
986
1066
986
890
960
896
840
858
1002
1028
990
992
982
942
1190
1270
1320
1232
1410
1318
1334
1384
1560
1504
1522
1484
1550
1554
1544
1586
1666
1710
1688
1656
1640
1830
1766
1772
1800
1984
2004
2084
2114
2264
2314
2188
2140
2228
2104
2270
2210
2186
1992
2180
2116
2144
2290
2226
2094
2136
2150
2170
2062
2026
2008
2086
2162
2238
2122
2124
2156
2406
2476
2276
2126
2140
2276
2314
2230
2332
2324
2290
2272
2220
2184
2272
2458
2444
2490
2328
2248
2366
2424
2364
2482
2620
2438
2150
2220
2492
2514
2234
2272
2270
2262
2210
2214
2340
2396
2424
2390
2326
2456
2392
2282
2142
2310
2334
2256
2026
2080
2200
2194
2306
2266
2232
2272
2244
2312
2414
2288
2222
2222
2166
2280
2376
2362
2376
2480
2460
2382
2286
2342
2286
2268
2176
2242
2296
2306
2380
2400
2412
2272
2160
2246
2184
2144
2298
2368
2478
2550
2496
2470
2478
2524
2526
2564
2548
2566
2514
2496
2476
2464
2364
2462
2448
2482
2494
2356
2314
2290
2316
2392
2350
2418
2394
2420
2334
2472
2496
2610
2552
2334
2434
2246
2230
2310
2164
1962
1892
1812
1916
1896
1826
1942
2194
2248
2062
1940
1908
1810
1820
1812
1762
1966
1970
1964
1934
1852
1690
1798
2024
1966
1944
1978
1886
1778
1786
1778
1794
1706
1732
1590
1686
1628
1524
1560
1692
1614
1536
1638
1604
1564
1544
1532
1496
1438
1442
1354
1478
1548
1444
1366
1354
1394
1474
1540
1470
1488
1688
1668
1588
1680
1638
1604
1658
1692
1738
1890
1832
1748
1620
1648
1466
1432
1480
1594
1766
1780
1826
1814
1742
1710
1606
1578
1488
1538
1488
1582
1568
1598
1488
1532
1618
1446
1634
1650
1716
1782
1748
1706
1702
1602
1458
1516
1420
1304
1368
1268
1250
1382
1386
1402
1460
1346
1326
1232
1232
1134
1068
1230
1274
1360
1364
1348
1294
1228
1342
1308
1264
1266
1464
1362
1344
1192
1230
1368
1422
1314
1408
1456
1340
1472
1530
1722
1648
1732
1844
1928
2028
2030
1912
1950
1816
1680
1626
1708
1604
1506
1350
1488
1520
1450
1486
1568
1430
1310
1322
1372
1504
1548
1654
1720
1714
1662
1536
1362
1326
1262
1378
1466
1536
1576
1586
1602
1534
1628
1724
1582
1512
1474
1528
1410
1502
1602
1544
1418
1430
1298
1392
1402
1364
1364
1410
1470
1500
1472
1440
1242
1248
1090
1148
1146
1110
1186
1214
1190
1200
1114
1206
1236
1336
1288
1208
1188
1190
1120
1182
1248
1388
1328
1372
1294
1216
1258
1214
1084
954
904
962
886
1014
1008
942
1000
946
844
882
850
888
964
1154
962
920
876
784
858
930
1002
1034
1062
1090
948
934
924
1014
1030
1014
954
900
912
932
862
946
912
1044
1148
1158
1288
1246
1234
1160
1146
1132
1092
1096
960
926
904
908
930
940
1024
914
902
944
868
874
952
944
1150
1140
1166
930
880
876
1030
894
864
804
952
948
822
852
890
1020
870
910
942
898
892
890
976
836
886
828
854
926
996
1052
1188
1034
1038
1078
1060
1160
1154
1176
1330
1392
1512
1274
1188
1226
1228
1172
1184
1146
1294
1304
1372
1204
1256
1248
1170
1328
1358
1546
1574
1688
1854
1862
1766
1786
1734
1634
1606
1516
1574
1612
1542
1714
1708
1562
1642
1546
1512
1482
1488
1352
1268
1356
1330
1324
1448
1346
1392
1494
1532
1686
1636
1644
1508
1438
1604
1554
1454
1410
1448
1444
1364
1408
1560
1588
1762
1646
1752
1796
1720
1766
1732
1658
1644
1760
1790
1978
1964
2014
1996
2158
2004
1960
2066
2106
1858
1836
1846
1806
1924
2082
1990
2068
2104
1970
2036
2040
1972
2164
2128
2002
2036
2066
2000
2016
1966
2030
1958
1876
1764
1934
2046
2044
2136
2098
2072
2146
2184
2250
2276
2240
2470
2372
2584
2568
2472
2392
2302
2254
2298
2222
2312
2376
2228
2282
2298
2272
2446
2610
2604
2536
2588
2464
2516
2462
2458
2528
2544
2514
2536
2546
2494
2462
2350
2330
2260
2336
2320
2464
2588
2534
2440
2536
2408
2354
2476
2474
2386
2412
2464
2354
2418
2412
2246
2330
2284
2290
2378
2364
2410
2446
2256
2228
2216
2234
2218
2228
2174
2150
2218
2348
2268
2160
2304
2274
2166
2178
2168
2070
2012
2008
2112
2036
2008
2098
2190
2296
2278
2198
2088
2282
2178
2202
2068
2138
2062
2044
1966
1934
1874
1830
1836
1716
1812
1824
1742
1678
1730
1702
1686
1804
1718
1666
1630
1662
1646
1808
1896
1964
1946
1966
2214
2200
2236
2424
2390
2448
2514
2440
2386
2496
2386
2378
2424
2432
2358
2326
2078
1956
1748
1790
1846
1978
2006
1926
2106
2256
2182
2276
2184
2270
2300
2254
2264
2070
2048
2058
2058
2058
2174
2080
1968
1960
1866
1870
1926
1942
1984
1944
2064
2052
2144
2126
2220
2386
2486
2688
2498
2510
2406
2594
2578
2628
2636
2684
2786
2606
2744
2778
2706
2630
2710
2720
2588
2548
2240
2228
2340
2346
2470
2520
2526
2500
2448
2442
2430
2364
2298
2324
2356
2396
2440
2274
2248
2238
2092
2112
2118
2006
1960
2020
2076
1842
1854
1860
1854
1930
2072
1996
2034
2086
2138
2180
2070
2086
2178
2162
2034
2046
2072
2172
2194
2290
2014
1984
1970
2014
1934
2172
2044
1922
1848
1982
1980
2038
1932
1832
1786
1878
1874
1860
1902
1850
1918
2054
2102
2080
2036
2048
2026
2162
2158
2124
2094
2052
2140
2246
2132
1982
1782
1812
1650
1716
1848
1832
1930
1950
1922
2034
1896
1876
1804
1852
2004
2014
1952
1928
1970
2082
2038
2072
1964
1974
1910
1820
1780
1854
1830
1732
1886
1724
1660
1704
1682
1590
1748
1882
1824
1792
1784
1688
1728
1756
1702
1664
1678
1776
1746
1656
1538
1558
1618
1478
1446
1532
1528
1440
1494
1566
1452
1344
1250
1298
1376
1408
1498
1686
1712
1722
1620
1586
1670
1734
1838
1822
1778
1664
1720
1620
1570
1698
1656
1548
1724
1896
1840
1820
1984
2086
2090
2144
1940
1940
2020
2042
2062
2040
2152
2104
2108
2126
2038
1882
1874
1926
1884
1838
1914
1806
2006
1930
1938
1986
2054
2074
2110
2150
2140
2152
2232
2070
2204
2214
2190
2152
2158
2260
2356
2302
2298
2232
2342
2380
2192
2304
2348
2356
2272
2250
2318
2298
2170
2156
2206
2308
2238
2330
2350
2324
2358
2232
2380
2366
2374
2414
2382
2226
2288
2312
2422
2420
2342
2292
2218
2290
2322
2286
2226
2290
2330
2478
2452
2320
2464
2506
2378
2380
2228
2450
2438
2444
2382
2332
2400
2334
2170
2132
2056
2072
2094
2222
2166
1948
2016
2082
2066
1970
2022
2110
2130
2188
2012
2130
2136
2114
2002
1982
1870
1838
1742
1704
1812
1836
1760
1714
1778
1672
1590
1678
1762
1668
1662
1682
1670
1684
1618
1688
1662
1620
1630
1638
1648
1514
1598
1466
1480
1424
1442
1212
1216
1088
1116
1048
1116
1042
918
798
610
584
468
466
542
580
526
508
406
430
278
94
122
48
118
144
190
178
190
242
256
318
462
360
406
260
260
316
216
238
174
228
312
244
360
296
288
322
352
288
344
192
224
226
120
66
242
330
362
366
256
298
500
492
530
576
510
782
798
666
724
720
712
568
600
632
514
634
582
740
714
642
634
632
460
332
326
398
378
306
446
332
280
94
138
58
84
0
70
212
144
42
22
24
194
42
184
74
48
40
80
22
86
56
16
42
38
76
48
140
136
194
70
16
18
140
44
32
124
92
74
10
42
166
208
186
126
226
150
60
26
82
108
22
