692
740
728
702
696
672
672
670
666
654
670
624
672
696
688
700
690
680
690
704
666
686
642
632
614
636
636
618
648
656
666
730
734
744
716
744
736
740
752
764
754
758
704
752
738
740
746
758
722
712
718
748
740
726
752
768
750
786
810
800
802
822
820
838
808
804
842
858
858
860
838
862
858
778
754
810
780
786
740
718
706
666
694
682
742
736
740
758
700
630
644
632
682
604
624
638
642
662
600
642
692
692
670
662
612
576
592
592
574
558
574
520
514
520
522
518
516
490
522
502
566
576
578
614
610
620
644
666
676
684
610
602
636
656
650
602
614
612
588
598
574
508
508
548
514
516
564
582
596
586
584
582
538
558
568
568
560
534
550
588
572
622
634
646
640
662
682
648
694
678
704
718
728
676
716
728
774
764
772
782
754
730
746
756
750
770
750
748
716
692
694
772
798
774
784
740
736
728
758
744
736
712
716
728
720
698
668
654
716
660
642
676
700
708
728
710
716
734
716
760
754
692
710
692
710
744
710
726
778
802
788
822
840
836
810
792
816
820
820
796
806
758
812
840
860
806
792
808
802
774
740
712
736
728
784
822
846
850
852
836
830
856
864
856
822
802
782
812
832
826
844
856
854
804
784
802
786
808
814
788
832
790
792
796
792
768
740
736
758
770
784
742
780
728
756
724
686
678
696
656
686
664
646
624
646
614
630
668
642
666
672
712
710
700
702
742
718
730
704
746
764
802
818
812
794
776
770
776
792
782
792
780
800
808
766
782
808
784
734
786
788
826
806
806
788
832
844
828
800
854
884
892
892
854
870
868
816
856
854
870
830
828
830
820
762
756
770
748
758
702
732
746
716
720
668
656
608
506
490
468
432
392
358
444
438
470
444
490
480
504
520
542
540
546
556
550
560
590
622
624
590
512
454
526
536
560
568
526
516
572
544
508
520
492
546
540
532
516
490
540
600
632
576
546
560
570
602
654
646
620
644
658
662
644
622
628
638
650
702
710
700
680
668
698
680
694
700
696
654
626
610
558
544
556
502
528
538
572
584
560
592
626
650
656
684
704
640
674
654
666
638
668
688
652
632
652
656
662
652
688
726
760
750
724
758
760
792
798
768
798
782
772
752
788
784
756
732
712
688
754
714
672
640
694
664
596
604
598
650
654
666
686
704
718
738
680
646
622
672
624
610
582
640
580
614
622
580
632
690
660
654
644
670
658
640
646
624
644
638
598
636
678
698
656
708
658
654
668
718
748
708
696
680
650
688
712
704
714
760
710
726
716
722
682
684
718
676
702
690
724
724
770
772
778
784
748
740
754
762
750
678
642
672
690
730
714
716
720
728
722
746
714
690
696
740
718
692
686
666
608
624
594
588
582
574
556
516
586
584
576
580
540
528
544
566
580
600
564
558
532
552
556
594
568
568
588
630
646
610
654
618
614
574
590
626
620
684
680
694
634
560
560
578
542
508
478
416
392
338
374
342
352
344
424
430
452
458
410
414
410
436
464
470
432
384
422
416
402
424
416
422
462
452
436
432
444
444
434
424
446
466
478
466
510
542
542
500
516
488
510
534
492
554
612
616
600
606
618
642
618
620
606
590
640
646
616
560
598
600
584
552
550
542
590
532
508
510
520
548
536
560
556
504
488
490
532
556
564
536
542
488
498
494
522
538
510
562
494
514
546
548
516
498
480
478
516
522
450
426
446
486
482
490
528
470
450
460
466
464
462
434
444
376
416
452
470
440
388
406
406
418
398
404
458
474
448
462
464
394
402
402
376
350
292
312
338
298
398
432
442
484
472
474
460
448
438
348
348
382
402
360
392
406
330
350
336
318
356
402
310
324
352
310
316
298
240
228
194
182
182
182
170
162
134
98
160
144
208
214
220
220
250
244
202
232
256
246
246
214
160
170
206
210
202
214
210
248
280
280
314
292
282
260
266
264
218
224
190
152
128
126
174
222
188
194
198
176
100
14
52
114
72
78
140
88
72
52
58
60
36
52
32
60
26
30
38
60
54
30
28
30
10
22
72
64
70
48
38
78
96
118
82
94
100
110
92
124
170
178
180
182
106
64
58
78
84
124
82
66
100
154
154
166
214
266
280
272
286
228
252
292
266
280
296
312
216
232
224
262
286
250
164
132
190
216
224
264
342
386
382
392
356
408
440
462
488
458
450
410
424
400
420
392
396
386
392
342
342
344
326
280
278
252
278
284
244
208
238
194
210
194
186
140
180
210
164
162
144
116
130
154
152
168
238
270
294
270
256
248
266
282
298
274
254
302
312
268
278
298
270
230
228
216
224
240
222
270
294
312
340
308
280
244
222
238
276
268
232
236
230
276
322
372
378
332
340
330
326
288
282
266
258
316
328
318
308
242
196
202
210
204
248
280
288
260
314
312
334
354
344
354
298
352
320
306
300
294
324
356
384
406
390
440
446
356
410
400
408
402
386
356
354
334
296
266
290
284
310
302
294
350
372
390
396
406
320
266
246
208
248
196
208
214
178
182
188
146
210
180
182
252
308
302
280
260
270
262
294
324
298
272
260
250
256
234
250
180
146
158
158
184
190
84
142
170
190
200
206
224
222
264
294
322
306
272
302
318
336
348
346
316
314
320
384
376
400
364
370
338
350
374
396
440
472
488
500
490
502
522
572
548
548
526
534
532
516
514
524
500
550
536
518
526
464
436
442
396
444
462
424
384
428
460
450
444
478
500
502
430
412
416
436
452
404
336
302
332
320
340
300
292
312
316
276
322
314
344
302
272
274
302
322
384
384
428
444
452
494
528
514
452
488
530
506
514
484
510
428
428
480
436
518
534
584
594
596
552
562
522
536
532
506
496
470
442
442
466
462
398
404
438
410
422
474
420
370
382
390
416
412
450
452
426
438
394
400
370
332
336
318
280
194
238
284
300
342
354
364
392
478
440
452
458
492
498
502
568
508
502
514
480
476
450
428
452
470
512
522
518
538
560
562
564
544
536
554
600
612
604
588
596
564
562
592
602
556
554
516
494
478
400
392
440
450
444
488
470
502
466
482
440
478
442
458
472
482
438
416
434
396
430
418
428
458
458
478
542
538
602
604
570
568
614
592
568
546
520
536
550
562
566
548
548
552
534
518
538
528
520
494
444
496
478
444
456
478
522
554
564
528
504
486
524
514
496
486
514
478
482
498
500
482
458
468
492
558
602
576
598
620
594
598
614
628
612
626
622
604
656
658
628
634
628
584
602
612
612
626
624
652
596
590
586
572
538
494
572
568
534
500
552
574
572
594
598
594
580
570
556
602
572
550
548
536
584
580
604
630
624
642
632
614
610
594
542
570
574
592
572
586
604
562
574
654
660
664
650
646
618
636
604
596
586
550
570
534
520
478
474
474
496
552
588
568
590
572
566
566
584
564
570
548
546
520
540
530
522
512
486
454
466
462
462
454
420
394
414
464
446
432
428
436
444
426
458
470
478
468
430
442
430
478
530
550
556
578
592
604
592
612
624
620
642
618
630
616
636
660
650
698
696
706
744
664
662
648
668
702
728
728
686
708
708
724
808
788
782
762
760
812
798
772
762
708
716
750
746
780
804
818
826
830
830
850
840
844
826
860
866
820
860
868
822
816
842
814
826
826
810
808
776
774
772
802
798
840
826
856
840
820
812
838
824
830
838
828
774
734
738
700
688
648
698
644
642
624
656
660
658
612
594
634
610
632
592
654
614
596
600
620
658
654
642
672
694
708
718
694
678
692
692
702
720
772
756
760
782
774
748
708
710
754
778
748
726
758
742
682
710
736
698
712
698
756
718
730
680
680
662
668
666
654
634
662
646
642
678
642
654
674
668
690
668
670
684
640
692
728
760
806
780
792
810
754
760
750
704
762
810
814
830
812
776
754
772
808
816
794
778
760
770
794
846
824
806
804
814
788
772
718
686
734
740
746
712
728
718
732
716
688
640
656
680
672
694
682
670
676
696
716
720
710
742
730
764
756
766
766
736
730
668
668
682
728
706
754
792
796
810
824
822
842
822
808
814
838
840
842
836
796
756
796
774
758
748
784
764
808
790
788
804
784
776
754
740
760
746
738
696
674
692
684
690
632
592
608
576
666
674
682
670
684
682
676
646
616
616
646
582
616
606
594
582
632
602
554
572
568
494
508
514
468
452
476
484
504
520
494
496
482
522
534
504
498
474
444
434
440
476
502
464
468
538
542
532
544
516
526
536
546
510
486
484
484
456
464
446
436
440
448
454
388
390
408
428
432
414
420
402
420
424
458
446
386
362
372
384
400
392
426
406
358
350
388
366
458
448
470
498
438
454
440
462
454
456
502
512
554
586
594
582
678
690
694
652
662
660
664
658
642
640
650
624
626
628
628
582
578
606
586
518
486
498
538
490
450
470
492
520
502
536
572
596
606
600
572
580
516
560
574
602
628
672
658
678
734
732
696
668
676
666
632
638
692
686
662
682
660
632
688
670
696
690
710
746
730
728
728
734
748
752
746
732
712
700
722
754
744
720
750
734
744
740
794
784
720
690
658
658
656
