2648
2704
2762
2734
2816
2848
2818
2832
2806
2868
2934
2864
2834
2750
2724
2746
2628
2594
2608
2590
2546
2534
2470
2424
2494
2578
2502
2446
2442
2440
2408
2460
2424
2268
2308
2204
2178
2124
2140
2214
2196
2174
2266
2286
2218
2192
2144
2132
2108
2006
2036
1970
1922
1956
1978
1968
1884
1802
1672
1730
1758
1764
1764
1794
1752
1816
1774
1654
1616
1712
1698
1730
1714
1682
1734
1752
1750
1812
1802
1796
1800
1734
1778
1842
1880
1992
2014
2022
2050
2078
2104
2126
2144
2166
2122
2138
2050
1978
1968
2014
2050
2058
1964
2026
1906
1912
1886
1750
1808
1898
1954
1946
1940
1948
1840
1894
1918
1948
1962
1926
1834
1888
1928
1862
1962
1876
1902
1820
1834
1792
1724
1730
1620
1598
1612
1724
1790
1744
1746
1594
1588
1580
1566
1434
1508
1584
1518
1560
1506
1496
1510
1574
1568
1358
1366
1330
1390
1482
1500
1392
1380
1418
1362
1440
1454
1354
1502
1518
1508
1540
1668
1716
1754
1732
1740
1708
1692
1680
1686
1734
1724
1800
1830
1880
1902
1834
1746
1782
1780
1776
1868
1864
1796
1838
1758
1714
1728
1700
1756
1710
1760
1678
1720
1746
1724
1716
1694
1730
1736
1674
1740
1696
1754
1712
1596
1666
1796
1748
1652
1690
1598
1670
1704
1686
1712
1646
1586
1460
1318
1272
1208
1242
1148
1296
1460
1478
1544
1556
1614
1410
1400
1370
1328
1284
1260
1162
1204
1118
1044
1182
1108
1060
1030
1042
1000
862
826
848
796
864
880
712
698
774
800
752
726
754
822
722
702
620
690
670
678
632
654
624
660
736
794
842
788
728
752
674
724
828
774
872
902
1026
1004
966
1060
986
938
998
1020
998
942
850
882
846
780
764
780
818
918
954
896
1014
996
1008
1014
934
962
1018
948
1022
958
1014
1006
960
922
938
896
920
964
914
882
974
946
1064
970
1014
1030
946
986
914
964
922
826
838
708
806
780
768
840
824
944
922
932
1004
1004
992
940
952
954
982
970
964
962
980
940
952
886
954
948
916
860
826
890
958
974
922
870
830
902
994
1066
1146
1096
1112
1070
982
1028
902
900
888
924
914
904
926
878
944
850
938
988
1074
1014
898
878
790
834
888
930
846
842
900
834
818
778
798
838
814
744
832
936
960
854
852
878
902
856
896
870
834
756
742
694
708
662
564
544
510
560
546
584
592
466
378
280
370
302
242
212
334
420
426
350
318
340
274
248
230
136
212
288
278
228
238
282
160
174
162
136
248
184
92
86
56
38
62
16
18
44
102
142
142
72
50
76
144
96
24
14
14
28
72
50
28
74
112
204
332
336
346
306
246
252
256
248
250
290
318
296
316
312
346
306
326
422
450
402
398
272
214
386
298
310
290
268
290
184
178
122
164
150
98
88
144
80
54
80
24
74
50
12
120
80
120
140
282
260
308
352
404
394
418
486
576
610
622
644
680
730
714
810
806
810
872
946
996
1100
1120
1174
1086
1092
1046
1034
1116
1220
1156
1140
1172
1186
1274
1268
1228
1202
1234
1234
1294
1288
1240
1242
1324
1308
1354
1384
1448
1454
1420
1474
1458
1546
1560
1536
1452
1540
1576
1576
1612
1526
1466
1464
1536
1494
1564
1592
1568
1594
1602
1490
1600
1486
1486
1624
1666
1688
1596
1684
1712
1732
1638
1524
1578
1628
1664
1674
1620
1636
1594
1688
1684
1650
1610
1654
1598
1620
1606
1680
1766
1714
1780
1766
1754
1868
1914
1954
1910
1872
1952
1872
2028
2190
2180
2194
2172
2174
2162
2102
2128
2196
2206
2206
2120
2164
2174
2140
2184
2174
2152
2170
2162
2194
2210
2254
2192
2184
2202
2220
2308
2208
2224
2212
2150
2166
2280
2220
2198
2194
2252
2296
2270
2372
2358
2232
2352
2332
2290
2310
2270
2284
2286
2254
2232
2206
2160
2096
2060
2116
2046
2126
2152
2124
2170
2076
2040
2072
2042
2074
2080
2148
2178
2216
2132
2096
2104
2036
2080
2040
2080
2134
2152
2162
2066
2140
2152
2166
2158
2314
2280
2332
2400
2344
2356
2400
2448
2460
2454
2478
2484
2426
2418
2334
2324
2250
2218
2240
2210
2310
2206
2106
2122
2184
2080
2102
2100
2170
2110
2052
2024
2098
1992
1908
1976
1956
2052
2186
2146
2130
2078
2126
2106
2090
2116
2064
2006
2064
2156
2136
2204
2152
2024
2142
2078
1986
1948
1914
1886
1934
1986
1988
2046
2064
2146
2144
2130
2152
2116
2124
2096
2036
2078
2114
2196
2144
2134
2302
2284
2310
2304
2232
2190
2278
2244
2314
2222
2168
2146
2140
2112
2088
2078
2092
2080
2070
1956
1918
1846
1858
1946
1926
1862
1842
1840
1738
1846
1932
1948
1968
2070
2048
2122
2012
2006
1998
1982
1908
1858
1816
1882
1844
1896
2024
2052
2092
2004
2012
2030
2036
2024
2008
2016
2078
2002
2004
2056
2046
2100
2032
1972
1974
1950
2006
1982
1994
1946
1898
1918
1946
1950
1832
1844
1850
1786
1748
1834
1736
1760
1832
1858
1830
1806
1706
1624
1622
1654
1696
1678
1654
1766
1660
1744
1830
1880
1836
1786
1818
1744
1714
1716
1762
1746
1794
1676
1802
1798
1726
1690
1612
1628
1662
1780
1846
1800
1758
1742
1802
1826
1844
1816
1826
1858
1916
1946
1880
1808
1896
1824
1830
1898
1876
1950
1984
2056
2124
2018
2004
1950
1884
1884
1936
2042
2068
2078
1996
1992
1898
1954
1954
1990
1910
1950
1906
1948
2022
1976
1866
1884
1912
1874
1976
1924
1918
2070
2086
2074
1986
2022
1930
1914
1974
1886
1824
1900
1862
1854
1782
1754
1738
1718
1746
1718
1600
1560
1514
1442
1428
1308
1280
1268
1292
1262
1306
1380
1416
1386
1424
1404
1418
1298
1412
1366
1398
1438
1494
1554
1476
1512
1508
1530
1456
1416
1480
1498
1532
1514
1436
1358
1266
1268
1282
1286
1314
1282
1324
1398
1406
1394
1302
1384
1414
1452
1428
1586
1666
1712
1642
1702
1700
1660
1584
1674
1608
1604
1648
1578
1582
1496
1534
1482
1404
1402
1468
1484
1326
1392
1318
1400
1412
1340
1428
1390
1430
1516
1516
1466
1500
1468
1508
1482
1466
1506
1430
1344
1306
1318
1364
1302
1364
1360
1344
1338
1368
1366
1370
1426
1500
1628
1652
1662
1604
1672
1744
1626
1616
1582
1554
1588
1676
1752
1722
1712
1814
1794
1768
1760
1778
1808
1756
1786
1710
1730
1710
1720
1778
1746
1816
1838
1804
1764
1718
1770
1730
1792
1834
1780
1832
1842
1832
1854
1822
1764
1868
1816
1808
1822
1782
1800
1902
1810
1796
1846
1880
1898
1838
1750
1692
1678
1650
1742
1712
1688
1886
1850
1878
1846
1752
1778
1744
1768
1866
1956
1962
1928
1930
2044
1994
1968
2026
2034
2050
2114
2124
2210
2260
2210
2272
2404
2354
2310
2218
2206
2186
2186
2278
2324
2330
2368
2328
2382
2346
2396
2390
2392
2368
2382
2302
2330
2290
2206
2186
2202
2174
2238
2284
2186
2144
2136
2100
2026
2048
1982
2018
2014
2028
2020
2106
2044
2030
2024
1962
1986
1918
1888
1796
1810
1772
1878
1914
1974
1976
1948
1892
1772
1818
1818
1890
1974
2012
2024
2084
2142
2136
2092
2032
2118
2072
2010
1964
2036
1978
2020
2042
2012
1998
2066
2070
2104
2100
2078
2108
2038
2108
2180
2130
2182
2166
2106
2162
2192
2138
2102
1992
1944
1992
1916
1794
1792
1752
1838
1776
1844
1860
1856
1840
1862
1798
1904
1892
1948
1916
2006
2112
2142
2114
2174
2156
2178
2166
2164
2130
2212
2238
2234
2126
2130
2054
2096
2138
2154
2150
2220
2180
2298
2244
2234
2162
2130
2164
2256
2264
2156
2156
2218
2180
2156
2066
2104
2074
2112
2040
2070
2140
2224
2232
2288
2322
2302
2334
2292
2310
2252
2222
2196
2204
2172
2128
2132
2146
2162
2192
2150
2152
2152
2148
2114
2136
2114
2140
2206
2172
2084
2066
2054
2050
2118
2070
2070
2130
2048
2050
2182
2162
2060
2004
1936
1912
1988
1994
1960
1940
1952
1874
1864
1852
1882
1950
2044
2032
2128
2172
2238
2242
2232
2110
2090
2120
2158
2172
2238
2236
2306
2298
2256
2222
2250
2222
2358
2322
2294
2262
2360
2318
2278
2290
2366
2438
2284
2254
2282
2244
2244
2220
2240
2282
2310
2200
2262
2320
2300
2304
2280
2268
2218
2104
2110
2102
1980
1906
1950
1920
1826
1816
1886
1964
1782
1778
1874
1958
2084
2110
2090
2188
2230
2184
2172
2140
2144
2078
1968
1898
1858
1914
1928
1964
1944
1960
2018
2012
2012
1942
1890
1874
1832
1852
1790
1780
1768
1588
1436
1384
1210
1202
1200
1090
1000
982
1008
928
992
1034
1110
1106
1174
1222
1254
1280
1352
1238
1302
1302
1184
1140
1234
1244
1200
1172
1160
1222
1108
1178
1300
1284
1284
1264
1328
1412
1456
1494
1408
1384
1292
1386
1380
1392
1412
1368
1260
1278
1124
1070
1066
1090
968
1012
1044
1006
1006
1022
958
1010
1004
998
1008
964
938
952
948
970
934
966
964
938
1030
1076
1096
1134
1064
1070
1010
1008
1006
1004
864
844
862
878
940
882
926
842
844
858
976
1004
1108
1184
1270
1292
1250
1254
1340
1336
1258
1144
1174
1194
1284
1392
1478
1454
1558
1610
1634
1702
1648
1726
1742
1750
1770
1880
1774
1786
1816
1864
1830
1862
1878
1848
1856
1862
1834
1894
1852
1780
1792
1876
1902
2006
1914
1816
1868
1852
1950
1982
2066
2102
2102
2088
2092
2066
2066
2076
2084
2064
2132
2064
2048
1944
1884
1870
1874
1862
1820
1840
1822
1888
1974
2022
1996
1978
2034
2050
1998
1956
1964
2036
2018
2022
2112
2070
2102
2114
2158
2166
2076
2062
2170
2166
2246
2412
2328
2418
2458
2466
2406
2402
2450
2538
2626
2592
2648
2598
2622
2694
2670
2746
2624
2628
2594
2630
2620
2618
2634
2576
2576
2634
2656
2640
2556
2662
2694
2698
2784
2680
2750
2788
2676
2682
2670
2726
2834
2742
2820
2902
2898
2844
2864
2956
2920
2896
2932
2936
3012
3012
3044
3034
3034
3126
3048
3046
3060
3018
2982
2942
2920
2930
2912
2838
2966
2924
2946
2930
3020
2906
2884
2922
2888
2826
2816
2844
2898
2916
2938
2946
2986
3042
3084
3052
3052
3048
3000
2990
2928
3000
2938
2948
2952
3044
3022
3076
3054
3046
3028
2962
2906
2852
2860
2850
2910
3036
3094
3040
2976
2968
2860
2942
2910
2838
2842
3012
3012
3046
3000
2992
2948
2938
2962
2952
2908
2836
2750
2710
2762
2768
2724
2694
2678
2686
2608
2658
2598
2476
2450
2498
2478
2382
2412
2480
2466
2518
2406
2432
2470
2472
2486
2428
2442
2352
2332
2428
2346
2340
2394
2400
2416
2430
2382
2388
2468
2496
2584
2606
2536
2636
2696
2648
2590
2556
2482
2436
2504
2614
2694
2650
2706
2736
2730
2820
2678
2634
2662
2570
2470
2430
2382
2394
2374
2392
2428
2554
2656
2674
2730
2728
2740
2858
2900
2848
2760
2808
2822
2822
2834
2800
2854
2914
2828
2790
2908
2914
2842
2802
2746
2660
2692
2782
2822
2748
2832
2836
2730
2664
2640
2646
2654
2632
2650
2680
2636
2630
2602
2566
2564
2598
2486
2458
2406
2450
2424
2358
2292
2256
2270
2276
2298
2290
2264
2302
2288
2278
2328
2396
2410
2436
2468
2448
2506
2514
2522
2594
2578
2590
2692
2798
2894
2984
2914
2868
2778
2782
2710
2682
2682
2740
2820
2838
2796
2774
2750
2736
2746
2794
2788
2832
2842
2804
2836
2762
2756
2752
2892
2936
2940
2982
2916
