608
600
584
630
632
618
586
582
626
614
592
600
592
566
548
558
572
592
636
584
554
582
544
548
522
504
530
560
538
524
516
538
564
622
620
624
638
646
654
678
696
678
686
730
738
732
710
708
756
732
734
726
730
702
670
704
702
676
672
650
662
656
632
676
672
672
640
642
666
708
706
722
702
722
764
720
712
652
668
678
704
682
692
684
718
684
710
720
728
754
734
736
716
730
728
732
796
786
738
744
722
724
712
698
752
770
756
726
738
742
722
684
688
626
628
632
618
610
618
594
638
586
582
562
520
528
530
528
534
512
510
560
574
524
508
520
492
510
500
542
512
526
526
528
556
584
614
668
686
678
652
714
692
698
670
658
620
678
684
688
718
688
720
676
706
792
818
798
846
820
836
822
766
752
810
792
788
756
764
758
724
724
750
768
774
804
782
800
786
806
828
824
784
788
718
710
732
716
740
732
716
736
732
766
744
710
732
734
746
736
786
740
696
740
736
818
826
824
802
794
766
736
770
758
766
776
730
770
766
786
770
792
812
804
798
804
806
780
748
734
742
724
696
724
702
728
708
646
650
658
660
660
652
638
646
618
648
640
632
654
662
628
614
560
600
570
552
600
578
564
576
528
520
514
516
478
508
556
566
558
568
588
602
570
552
550
480
496
530
514
470
490
482
480
462
460
510
498
502
522
528
538
534
574
600
540
506
540
488
530
490
516
508
498
534
514
542
516
518
494
452
442
514
582
578
590
608
570
544
582
570
564
562
550
556
570
576
584
578
622
648
626
596
622
634
662
668
694
686
684
696
700
744
722
730
712
720
692
672
678
656
694
654
660
662
658
654
650
706
718
768
780
778
772
824
814
784
816
814
804
800
818
818
808
794
732
714
746
756
756
738
718
768
758
770
766
750
748
694
676
634
652
692
750
766
778
784
826
818
826
784
768
816
780
788
784
744
770
710
684
706
670
730
734
746
696
712
728
718
728
664
694
660
690
714
706
704
694
670
608
668
660
624
678
656
660
668
630
640
630
620
596
576
536
510
582
550
558
532
538
534
536
578
566
614
648
648
660
640
602
674
666
698
686
668
718
758
704
688
698
692
706
672
670
674
722
732
732
756
740
814
800
774
796
798
788
768
780
786
756
746
764
748
754
740
698
710
704
694
706
708
698
702
736
742
712
770
764
720
710
758
754
728
794
800
816
794
802
786
820
784
782
800
772
760
734
714
754
754
730
712
640
658
698
636
660
636
644
646
644
702
684
714
680
708
678
630
674
646
690
670
670
714
738
740
660
648
640
636
600
624
614
618
550
602
616
600
646
624
594
650
604
610
612
568
564
554
524
498
544
508
544
536
544
484
484
470
448
468
478
482
484
518
530
530
496
492
424
392
404
392
358
360
402
424
456
470
526
528
510
520
554
604
618
574
556
582
534
522
562
536
544
500
514
524
484
500
496
500
484
536
552
578
586
558
522
504
542
524
540
540
560
560
542
568
576
570
546
494
452
496
522
478
512
490
492
438
454
442
436
434
436
408
430
392
438
422
450
464
468
460
474
474
526
482
484
434
420
410
420
450
460
468
520
544
530
546
546
518
502
500
508
502
504
506
480
424
426
474
464
500
526
552
588
562
546
546
566
602
564
538
580
546
576
580
628
654
642
600
592
550
556
566
546
546
568
542
560
528
484
546
570
600
648
666
704
678
710
756
732
726
688
734
772
750
746
772
810
828
800
818
836
818
838
824
814
774
774
786
792
804
826
814
802
802
782
788
764
744
758
734
710
696
710
672
706
706
744
716
718
734
682
720
694
744
742
722
762
754
676
682
708
664
700
702
704
686
700
666
674
628
542
540
510
556
574
556
512
580
604
596
622
644
632
608
538
552
582
620
602
574
614
594
590
584
530
556
566
592
544
540
544
504
524
534
512
518
506
546
606
618
628
662
710
682
718
668
660
600
558
604
586
574
570
610
674
674
726
696
680
742
734
676
680
712
718
668
712
690
710
690
746
760
798
840
860
786
782
740
672
692
740
748
774
692
684
714
748
736
752
764
754
742
768
734
710
688
652
608
604
666
658
682
640
654
676
680
668
666
682
684
688
666
684
698
676
674
674
646
664
678
720
702
710
692
684
662
716
742
770
738
752
818
814
814
832
832
832
822
780
770
768
820
816
800
826
854
870
864
902
908
910
892
912
906
858
806
848
870
926
914
874
860
892
898
892
920
880
868
860
886
878
896
882
872
826
808
814
820
840
812
830
830
844
842
842
850
796
762
754
732
752
718
702
708
704
716
690
726
778
770
738
738
758
758
762
744
770
772
728
714
662
660
664
654
684
666
684
726
720
706
648
644
678
678
668
652
604
600
644
662
692
716
690
706
740
746
782
848
826
840
812
826
856
840
834
860
860
856
866
832
828
796
776
802
802
844
842
856
872
840
832
816
808
832
856
872
850
816
850
860
836
832
826
808
818
828
772
776
770
818
852
862
858
888
888
904
914
886
872
852
806
836
842
800
816
790
746
736
692
682
642
700
668
706
714
708
704
728
708
684
678
674
678
616
608
614
582
574
606
638
642
640
646
642
650
650
648
644
608
636
652
654
700
692
756
782
806
794
756
782
778
772
784
760
790
782
752
728
768
776
768
804
862
834
850
862
824
818
778
792
808
784
806
788
782
792
786
804
796
800
808
788
798
788
788
752
728
762
780
758
750
788
796
794
802
832
838
830
848
870
856
884
846
844
836
836
852
816
832
782
770
792
746
722
764
750
766
746
706
742
734
756
758
724
762
798
802
842
852
874
882
878
882
862
848
846
774
806
810
762
802
804
826
776
732
752
718
714
674
684
676
648
596
600
586
564
566
598
580
546
560
562
562
544
606
654
648
672
670
640
668
714
762
732
746
712
748
738
724
724
664
700
678
676
696
724
748
782
758
742
814
800
792
814
844
826
836
810
796
742
720
722
740
732
716
722
692
728
742
736
724
744
760
734
768
794
782
784
726
722
724
780
728
742
752
734
718
664
638
668
648
634
664
680
660
666
718
754
742
740
706
656
674
620
612
624
670
666
712
694
690
702
672
662
638
614
644
664
648
636
650
632
604
620
634
642
652
664
650
662
672
622
638
630
666
658
594
652
714
710
722
756
746
778
744
736
734
774
792
798
798
784
802
784
806
800
830
834
804
812
782
746
690
596
634
642
672
702
714
716
700
682
664
694
684
712
696
648
666
672
652
646
708
656
656
684
616
628
574
548
550
564
564
546
502
526
504
510
544
576
634
588
646
648
634
604
652
646
692
688
696
740
766
772
712
684
748
768
776
742
724
722
782
788
794
812
800
802
786
766
756
728
718
774
788
774
780
748
724
726
740
730
710
788
788
736
746
764
766
700
646
596
604
622
598
520
532
546
524
560
568
598
580
574
620
654
644
662
664
650
664
688
628
654
660
702
714
690
666
706
722
730
736
738
752
726
694
726
730
736
696
714
702
700
714
766
756
784
786
804
788
802
792
768
724
730
722
662
604
638
692
716
678
656
652
664
682
694
728
706
686
694
708
730
748
778
822
832
874
870
878
870
860
870
836
822
806
820
812
798
756
714
764
792
788
808
818
854
836
866
866
868
890
896
888
882
868
826
782
774
796
820
810
762
774
792
786
782
828
784
780
796
828
798
764
766
764
736
700
666
668
692
670
682
656
622
624
664
654
644
560
554
578
576
554
554
558
560
544
512
516
544
572
536
506
522
550
574
590
560
544
524
576
590
606
592
602
574
554
596
636
682
624
604
628
588
570
534
510
514
544
552
546
490
482
516
544
586
574
554
568
572
568
570
598
582
542
578
568
496
472
470
474
466
432
354
350
366
372
406
404
452
404
358
386
380
396
386
384
400
424
372
340
340
316
306
328
308
348
360
380
348
328
286
320
322
358
384
364
380
366
418
370
374
312
340
342
296
352
356
322
304
334
384
388
384
408
386
444
434
426
440
414
416
414
472
476
464
534
488
470
504
550
556
542
526
512
536
538
530
522
500
488
546
544
514
490
522
498
488
508
532
536
530
550
578
558
558
560
528
550
524
508
494
518
506
538
516
582
588
574
620
658
660
654
616
630
610
562
600
596
576
602
584
548
614
600
598
592
612
572
540
548
546
570
606
612
616
672
618
604
594
614
626
614
610
656
682
722
744
752
754
782
730
756
746
706
746
756
798
812
798
820
828
848
830
816
846
810
792
828
826
844
864
860
856
838
836
838
796
840
810
800
740
756
776
734
790
816
840
840
824
776
756
782
748
758
752
812
816
806
794
782
768
782
740
774
792
772
714
722
712
726
748
746
776
788
772
774
726
744
732
720
710
734
752
726
722
704
762
752
768
738
756
754
766
760
742
708
678
720
738
752
790
740
740
726
718
738
768
766
712
688
726
772
816
840
826
810
828
812
794
782
736
770
774
746
784
758
778
724
698
672
690
694
716
738
752
738
750
706
648
620
606
620
614
574
574
654
572
570
532
540
560
560
578
608
606
628
606
644
620
642
634
636
722
708
692
722
