340
310
290
226
236
344
296
234
258
328
488
544
544
650
638
558
626
634
516
538
432
520
486
480
432
408
234
306
394
506
372
318
254
296
562
452
406
474
458
492
314
382
194
316
212
246
302
298
422
532
544
416
598
584
578
780
888
956
1192
1218
1094
1206
1252
1178
1254
1028
986
982
1020
912
976
1064
1096
1168
1090
1080
1078
1042
1028
942
820
938
1094
1140
1134
1324
1306
1464
1372
1248
1258
1280
1494
1402
1398
1126
1144
1182
1076
1220
1164
1122
1124
1100
964
1090
1088
1128
1088
1254
1154
1104
1012
704
962
1094
1186
986
1002
1090
928
956
922
820
762
758
754
882
718
870
818
806
656
642
650
576
768
712
640
612
670
846
742
672
694
736
740
758
934
740
466
450
476
490
504
444
656
732
776
836
702
582
532
456
660
656
648
626
734
652
796
626
680
806
890
874
1038
976
996
1158
1106
1278
1194
1360
1284
1286
1256
1308
1458
1298
1186
1284
1220
1402
1418
1176
1044
956
1096
926
964
962
798
824
746
862
926
726
812
848
696
796
724
808
902
832
736
790
606
706
774
918
952
904
738
874
1036
1016
996
784
800
612
652
588
466
344
394
356
376
460
508
598
754
722
748
714
910
998
1194
1196
964
964
782
748
756
816
632
674
770
786
750
786
888
660
714
652
756
634
480
488
610
728
772
616
698
588
494
550
324
496
340
260
240
332
146
78
232
154
142
168
232
462
472
600
638
740
602
626
566
636
626
636
840
876
888
968
872
820
858
970
1012
960
950
858
850
926
1006
1080
1130
882
762
714
692
792
886
924
948
906
824
870
714
834
768
814
756
772
668
736
608
696
732
688
522
392
344
314
60
10
86
40
20
240
446
454
376
372
524
490
454
608
742
860
894
1080
834
748
776
694
802
788
494
486
642
704
650
610
698
616
472
536
480
628
826
688
776
920
858
822
764
776
778
856
856
714
756
728
584
622
866
920
892
956
924
920
1066
1156
1162
1050
932
1006
994
960
910
990
812
664
646
772
640
624
570
472
454
448
324
202
408
322
276
290
290
208
14
14
24
64
442
422
554
470
470
660
856
1108
756
618
602
674
464
584
604
662
750
750
670
666
780
770
708
782
790
690
840
844
804
804
720
884
882
768
656
514
516
434
640
624
688
590
400
364
314
412
362
252
232
262
160
154
126
98
4
218
228
116
110
164
138
226
210
114
126
76
16
196
116
164
136
130
0
18
88
60
52
130
40
12
192
218
370
168
92
272
336
232
146
168
114
68
54
66
174
44
88
44
94
62
150
54
128
178
114
64
210
422
480
404
380
392
394
378
410
498
446
410
592
608
718
864
982
1026
1124
1004
924
1074
1004
1004
1096
1160
1136
1072
1046
1050
1108
966
874
856
948
916
1014
1162
1086
1116
936
778
706
694
424
722
788
754
780
966
1208
1190
1162
1164
998
1018
1058
1078
1060
844
838
720
598
624
386
378
288
406
354
280
72
0
38
56
260
160
60
270
414
358
408
416
444
544
582
582
718
720
674
770
872
926
794
748
808
788
666
742
698
836
710
958
816
996
1038
896
788
828
864
684
794
646
634
478
432
568
696
792
920
880
890
992
930
922
996
1058
1018
888
896
920
1008
928
860
888
1070
894
850
880
934
1008
882
966
920
908
1018
1136
1256
1016
1040
1036
1084
1110
1178
1098
956
944
944
1030
1096
1008
896
976
930
802
938
966
878
794
716
920
870
926
1052
1296
1412
1450
1444
1434
1368
1284
1288
1390
1272
1406
1350
1346
1312
1254
1350
1198
1134
1110
996
998
1190
1312
1338
1368
1434
1566
1684
1584
1866
1918
1950
2004
2110
2194
2506
2402
2314
2520
2438
2270
2270
2384
2466
2472
2484
2518
2388
2158
2258
2140
2298
2348
2316
2210
2372
2252
2228
2142
2114
2224
2158
1924
1880
1934
1780
1576
1414
1396
1428
1564
1406
1284
1322
1234
1244
1238
1258
1104
1144
1328
1340
1594
1518
1390
1592
1478
1420
1456
1354
1240
1186
1068
1124
1176
1046
994
980
974
1046
972
894
928
740
768
770
812
702
634
672
660
780
702
778
614
528
600
548
614
516
376
484
512
444
496
652
908
940
914
1022
990
898
796
738
826
938
942
890
874
792
748
902
840
762
668
762
878
932
748
774
948
862
816
866
1002
1200
1278
1522
1456
1468
1322
1274
1278
1078
1192
1066
1258
1062
1108
1054
864
844
852
954
850
606
576
656
742
696
860
1040
1318
1270
1270
1062
958
906
684
648
530
584
552
632
438
478
534
504
472
520
554
490
830
804
850
896
628
626
496
502
452
342
344
382
408
380
450
680
576
476
312
446
376
300
196
180
74
52
284
158
146
148
118
208
158
242
262
318
354
290
252
160
184
202
274
430
200
206
308
234
130
134
102
58
84
188
190
148
198
280
242
212
382
360
540
456
660
678
758
620
562
760
814
816
750
712
576
362
356
324
400
340
336
130
8
36
104
4
34
4
290
352
352
472
450
396
446
496
152
246
232
330
128
46
38
18
62
54
36
110
172
30
112
96
56
166
298
194
210
300
180
110
0
106
160
262
356
432
480
370
232
212
336
376
358
434
232
302
216
366
420
180
74
10
114
150
110
238
210
260
218
204
108
140
150
68
176
378
306
368
332
428
412
356
548
518
496
374
266
400
240
374
370
386
418
460
452
402
500
526
438
558
544
654
634
714
632
584
664
612
610
628
548
516
646
598
722
898
968
728
634
652
584
798
600
692
562
490
612
732
948
782
766
802
670
762
746
698
724
690
628
646
746
602
654
816
866
918
760
800
814
920
970
1078
990
998
986
1022
802
784
818
598
646
768
722
608
628
794
716
648
662
636
652
790
642
640
718
750
720
710
674
464
324
406
584
558
606
690
700
874
986
1062
1006
1028
1002
1172
1466
1368
1468
1454
1412
1230
1110
886
814
714
624
714
622
450
266
410
424
516
620
614
734
882
1034
920
708
572
462
386
722
810
692
666
698
746
862
848
922
1060
1316
1282
1218
1050
976
1038
1042
1104
1182
1204
1476
1410
1522
1452
1490
1564
1540
1574
1668
1702
1662
1688
1532
1620
1748
1554
1666
1496
1502
1330
1368
1358
1486
1422
1496
1422
1312
1030
1046
928
930
1036
1018
1014
894
720
596
554
666
586
588
716
748
990
962
1052
968
964
1006
1020
1090
1130
1168
1062
1082
942
930
818
782
750
710
480
534
470
370
282
466
352
476
420
316
128
108
178
42
100
316
308
314
412
572
562
718
616
292
418
370
354
486
374
514
426
464
486
360
298
224
64
58
112
296
84
206
60
100
102
26
64
34
64
146
374
308
174
274
352
382
426
522
436
424
502
380
282
192
150
214
392
406
62
94
64
116
160
70
146
250
90
44
50
78
8
38
126
48
60
186
258
142
40
52
120
98
30
102
156
100
16
94
54
142
106
92
128
54
330
510
618
698
802
646
894
776
648
720
810
858
794
766
1024
828
988
900
842
738
668
824
870
752
636
748
792
766
770
870
1032
926
1084
1058
1166
1160
1030
874
730
598
508
436
544
632
578
550
356
304
340
250
250
238
264
222
132
278
202
378
434
308
244
158
80
172
222
342
200
172
290
298
444
486
604
596
592
356
340
88
72
180
242
246
346
462
482
334
404
398
334
532
580
608
646
638
488
144
26
146
10
102
22
14
26
30
282
590
510
410
586
572
482
668
632
762
824
638
676
594
568
480
634
756
720
478
304
220
174
172
128
120
84
82
44
244
262
438
478
482
360
478
576
568
542
564
756
838
894
860
708
780
738
708
692
696
752
678
864
918
784
914
822
740
890
864
926
886
706
1002
954
868
948
846
838
764
950
974
910
722
766
768
666
750
792
754
832
1002
1066
996
1112
974
1124
898
918
1170
1120
1142
1040
1128
1186
1242
1252
1256
1180
1264
1248
1170
1174
1210
1188
1200
1260
1248
1266
1394
1354
1330
1378
1402
1502
1480
1388
1344
1340
1484
1326
1268
1270
1370
1240
1438
1206
1368
1318
1218
1424
1430
1264
1234
1190
1008
932
778
768
698
624
746
762
600
590
676
634
548
500
624
700
666
658
642
568
602
680
690
708
630
410
486
372
138
90
50
28
8
230
316
210
68
266
168
224
144
290
348
364
134
140
60
36
64
178
30
36
58
66
234
34
58
4
168
180
206
192
212
94
114
280
314
470
618
420
410
486
492
532
458
396
554
498
372
370
366
590
712
612
526
638
546
408
318
386
472
286
334
492
362
534
558
630
616
392
318
294
214
270
264
192
12
110
180
206
136
26
30
46
186
12
96
24
98
102
208
218
442
456
436
384
390
314
398
368
426
176
186
256
228
236
506
522
418
370
340
470
308
244
106
176
256
304
328
216
296
404
544
628
696
684
582
558
710
786
792
758
812
864
1114
1026
874
1026
1040
982
1066
996
1132
980
966
980
852
678
604
540
590
598
662
630
582
570
512
586
620
748
892
864
924
782
746
910
972
1012
1006
986
1082
1022
948
656
592
646
536
404
414
506
594
486
528
570
424
156
114
120
418
430
474
584
564
658
676
516
708
798
700
568
548
644
580
446
420
486
478
644
794
564
526
572
668
626
518
810
968
954
1036
988
798
794
904
884
778
890
726
852
748
826
716
690
698
760
830
780
622
524
766
806
862
650
684
542
494
576
528
770
750
548
440
494
436
444
528
494
374
610
518
502
446
412
422
352
394
512
678
650
588
560
592
692
734
746
608
548
558
480
446
342
602
534
590
496
574
686
778
830
1020
1098
1122
992
970
1020
978
1070
992
1118
1068
1240
1270
1240
1296
1266
1176
1252
1396
1524
1614
1588
1668
1794
1774
1768
1816
1760
1796
1658
1650
1740
1872
1988
1946
1974
1960
1766
1694
