14
28
64
130
144
136
170
246
250
266
262
270
226
262
220
198
216
176
188
186
172
184
198
178
124
100
150
76
102
94
96
114
166
170
194
138
80
76
30
0
26
8
6
22
42
24
2
26
48
32
48
74
150
202
218
210
208
178
158
238
268
266
326
358
424
448
450
436
476
464
386
394
450
454
454
424
462
468
464
510
482
480
524
522
570
568
536
556
510
510
480
526
506
474
556
570
542
510
524
512
458
418
368
318
268
224
216
246
208
284
340
354
306
362
386
386
394
400
402
426
434
440
436
490
508
526
512
470
430
370
384
410
428
408
390
366
360
334
322
322
310
312
296
302
324
290
324
386
390
390
426
452
446
456
454
396
408
420
422
448
490
500
504
560
550
560
538
516
528
534
528
528
560
520
532
536
520
534
570
604
602
586
522
490
504
538
538
498
518
562
616
598
646
588
622
642
564
578
552
572
566
598
600
572
592
606
590
510
488
502
520
530
532
516
556
578
570
572
548
562
558
590
534
614
588
606
618
586
610
620
608
642
640
674
700
692
614
676
718
710
698
688
626
660
658
602
594
632
598
616
600
568
586
582
566
558
556
568
540
486
532
464
448
458
474
486
506
542
524
548
560
568
568
504
436
438
474
502
544
538
576
516
492
490
514
470
434
446
438
476
504
544
556
576
556
566
562
510
534
550
548
534
494
518
532
572
524
544
600
636
644
650
648
684
640
634
606
618
568
554
546
556
640
608
644
576
588
566
530
560
520
488
476
478
458
474
544
550
520
528
480
490
472
452
444
446
424
460
482
448
496
512
504
510
486
466
446
456
506
492
542
572
626
600
604
604
636
648
648
680
658
688
708
712
738
728
758
800
796
762
722
682
666
650
658
644
612
536
532
514
544
562
522
558
578
580
568
568
580
532
456
440
448
454
484
430
446
422
468
434
384
350
350
358
360
304
278
330
298
304
344
354
350
352
292
282
248
248
284
228
206
180
170
190
240
230
282
284
234
304
320
266
286
276
262
230
206
170
218
180
160
208
200
182
170
66
14
32
34
26
18
16
54
54
36
82
126
122
110
92
154
138
122
88
74
88
116
96
92
150
190
112
102
114
156
168
130
128
162
228
232
264
298
298
278
306
350
302
324
358
336
314
320
262
252
300
274
328
310
284
274
284
292
272
288
276
250
246
270
284
310
306
280
242
254
280
282
334
316
316
314
350
338
354
318
324
288
270
210
288
216
250
212
208
224
224
190
198
156
122
132
104
130
104
56
64
64
142
124
70
10
72
102
64
36
18
30
78
88
84
182
204
208
216
216
156
108
80
36
12
0
22
22
12
22
46
42
8
2
30
12
46
104
116
146
94
114
90
34
16
12
14
52
34
30
14
30
58
44
26
40
50
34
68
100
122
116
162
168
172
188
204
216
180
114
128
94
124
120
148
194
190
224
236
206
206
220
210
202
186
110
126
144
142
104
116
162
216
252
214
218
212
186
252
276
294
328
350
336
336
318
316
268
174
184
192
204
262
276
274
258
280
272
252
282
244
270
306
318
354
354
400
428
416
426
432
404
374
388
438
466
426
494
484
512
504
490
540
496
466
508
492
478
496
484
452
414
412
432
498
548
554
510
496
480
448
434
456
498
466
454
484
462
484
428
434
488
464
466
484
470
488
474
506
500
544
580
520
560
606
580
572
540
578
592
546
528
486
398
400
374
418
466
432
388
390
380
430
446
430
406
452
500
494
432
434
452
448
506
508
520
468
472
492
464
454
456
452
496
474
484
490
510
482
490
452
486
492
478
518
436
444
490
476
434
420
354
312
342
332
308
264
272
264
286
242
218
184
176
234
156
166
146
226
214
168
192
188
256
262
270
258
278
232
256
236
226
270
292
308
380
382
348
360
386
424
420
410
430
464
452
458
420
394
446
472
446
466
438
360
324
302
228
268
234
294
282
262
304
328
334
300
292
284
360
306
262
218
152
190
184
108
108
50
74
62
92
88
104
84
48
58
26
18
46
60
36
24
64
84
92
24
86
92
86
100
158
144
112
116
140
110
124
128
158
152
122
110
172
140
190
174
172
224
216
226
220
274
202
176
174
220
248
236
276
250
234
254
260
190
240
220
218
214
210
150
162
224
210
200
126
136
112
138
132
70
136
106
92
96
68
32
40
10
54
46
28
16
2
18
46
22
34
62
70
112
140
128
54
42
64
12
46
26
8
60
68
68
68
138
118
176
148
140
208
178
168
218
208
206
228
250
274
236
212
180
232
252
332
374
360
388
348
306
314
326
362
402
444
480
510
496
500
484
420
478
504
538
522
492
462
436
386
316
324
382
382
346
248
226
200
206
220
188
216
214
188
166
128
136
140
136
212
212
186
264
212
222
180
176
190
254
268
298
312
298
228
238
290
224
206
232
212
198
254
240
252
304
354
312
354
374
414
392
396
418
420
418
376
362
342
380
402
362
304
224
212
194
204
158
174
178
190
204
176
224
166
174
158
156
156
208
210
212
212
188
196
208
226
154
220
220
188
188
184
206
212
178
204
196
142
218
212
206
252
286
368
386
374
356
328
370
330
372
330
354
402
378
372
348
306
260
268
302
286
222
272
278
260
244
250
246
246
288
238
246
256
314
310
270
280
278
280
274
266
268
296
290
302
278
288
276
224
226
184
172
160
174
138
114
130
82
76
42
18
46
36
72
16
32
22
54
22
36
34
14
20
16
44
16
12
56
62
64
136
90
118
142
82
36
142
136
154
176
176
98
120
128
202
176
212
182
194
228
194
162
156
190
202
274
316
304
298
248
224
214
238
264
214
238
180
148
210
226
212
236
166
144
116
108
98
34
50
92
66
78
118
82
76
126
66
42
14
30
102
8
64
86
80
124
48
10
8
64
90
124
134
110
180
174
192
214
240
248
244
306
278
260
174
226
194
250
254
228
212
182
208
158
194
216
248
278
286
258
246
242
290
300
316
316
382
384
362
370
422
416
454
462
422
442
416
444
458
476
482
438
458
474
472
514
496
534
538
536
516
542
464
514
482
484
470
480
478
480
460
482
436
478
470
466
474
464
438
520
538
548
570
516
538
546
566
624
606
632
638
638
632
634
674
680
668
646
652
640
626
536
536
514
504
544
538
540
536
522
506
498
538
564
510
454
444
422
370
378
386
422
408
406
414
468
458
430
482
416
370
326
416
440
410
390
390
428
440
412
416
408
446
482
466
470
508
508
448
386
396
360
388
386
394
376
328
270
290
254
216
184
182
186
216
228
190
186
128
122
156
128
168
178
154
108
106
84
80
134
118
116
174
180
168
112
96
26
24
60
10
40
14
34
102
120
118
126
118
88
134
154
202
210
184
126
132
110
112
90
142
114
96
148
174
214
172
134
106
130
124
86
90
54
80
108
84
70
72
36
48
48
4
10
4
18
4
28
36
14
12
12
74
102
78
44
34
62
22
50
64
16
74
110
82
66
54
100
164
174
174
158
152
132
154
176
186
220
230
182
196
142
166
196
182
116
148
194
200
202
184
202
234
246
242
272
270
286
272
298
332
386
404
432
506
534
538
530
488
502
580
546
538
524
504
494
520
568
502
500
476
464
516
506
538
484
470
484
538
532
540
524
536
524
550
580
538
596
608
644
638
628
620
670
632
650
644
630
660
618
628
654
692
686
728
726
716
712
710
728
726
774
764
810
790
748
690
686
674
628
636
618
620
668
670
686
646
576
576
590
636
646
628
612
608
634
656
612
658
638
644
612
580
570
568
586
542
522
526
528
482
432
444
444
444
382
404
358
364
294
296
304
306
348
370
316
362
312
190
172
212
206
208
184
186
150
172
170
146
200
206
200
220
140
164
164
102
90
164
178
184
198
194
178
90
74
68
22
12
40
40
22
14
20
30
80
60
104
56
66
96
48
34
32
10
24
4
54
2
40
34
20
24
48
56
122
132
156
178
164
136
176
128
222
252
242
232
272
332
324
250
228
168
172
200
166
190
220
230
210
218
224
226
206
268
224
150
82
120
126
128
136
188
218
236
292
248
258
256
236
204
186
158
160
210
298
240
244
312
340
388
360
360
348
372
376
362
358
368
398
384
396
420
378
386
412
480
418
358
372
362
364
344
372
404
424
384
418
398
444
478
400
414
452
500
456
440
452
520
496
522
486
438
504
528
576
668
624
646
658
686
690
692
700
656
628
648
594
594
570
544
546
542
546
512
444
384
362
390
386
380
364
392
402
398
466
456
476
492
548
564
542
452
484
494
460
458
426
420
432
430
436
396
380
364
346
332
354
364
404
382
380
366
322
294
260
276
310
304
356
400
368
414
462
486
506
466
452
514
518
508
466
446
454
428
500
518
506
478
478
514
488
564
570
588
634
624
630
628
568
584
634
620
624
622
612
622
650
636
638
648
666
666
694
688
708
668
634
618
618
606
588
592
592
620
652
618
628
636
630
696
692
642
634
662
706
686
682
646
648
632
602
514
578
588
528
508
512
522
518
456
474
490
514
534
530
502
560
588
550
554
502
542
566
544
512
