3692
3696
3670
3630
3652
3612
3574
3540
3508
3520
3552
3592
3638
3666
3588
3592
3608
3606
3604
3626
3654
3646
3640
3614
3620
3632
3642
3572
3536
3572
3538
3534
3524
3506
3494
3520
3520
3564
3510
3516
3530
3542
3566
3608
3626
3626
3616
3578
3554
3600
3604
3648
3606
3598
3586
3570
3552
3520
3560
3524
3512
3490
3536
3576
3568
3500
3460
3478
3502
3496
3518
3520
3608
3584
3658
3626
3568
3514
3570
3560
3586
3546
3584
3550
3616
3594
3570
3644
3620
3602
3572
3562
3584
3594
3554
3542
3584
3514
3540
3560
3550
3554
3566
3530
3632
3610
3676
3656
3652
3586
3590
3594
3568
3556
3570
3538
3550
3586
3588
3554
3614
3582
3562
3582
3616
3570
3600
3598
3574
3534
3538
3586
3562
3532
3530
3556
3552
3530
3522
3500
3492
3530
3564
3582
3540
3542
3550
3488
3538
3608
3612
3644
3636
3622
3610
3638
3644
3670
3726
3740
3738
3622
3630
3656
3614
3618
3622
3534
3580
3552
3538
3542
3554
3572
3580
3554
3534
3568
3622
3616
3574
3580
3556
3592
3474
3508
3542
3480
3494
3536
3594
3564
3586
3554
3534
3534
3544
3524
3552
3568
3608
3618
3698
3706
3632
3662
3610
3612
3586
3626
3666
3672
3652
3672
3658
3686
3614
3558
3624
3586
3590
3618
3572
3588
3612
3614
3590
3576
3530
3578
3580
3586
3590
3620
3598
3626
3602
3626
3604
3572
3614
3572
3572
3554
3532
3498
3504
3578
3562
3484
3562
3594
3518
3542
3530
3442
3494
3504
3488
3528
3574
3582
3630
3622
3662
3646
3598
3660
3622
3586
3582
3586
3564
3524
3496
3562
3626
3614
3546
3534
3496
3502
3534
3572
3548
3536
3514
3550
3582
3600
3568
3610
3590
3594
3570
3530
3538
3528
3508
3500
3514
3442
3494
3504
3434
3418
3456
3474
3486
3474
3482
3558
3492
3496
3528
3560
3532
3524
3622
3640
3656
3598
3606
3596
3606
3604
3616
3590
3576
3576
3562
3544
3554
3554
3628
3642
3612
3592
3608
3638
3596
3656
3644
3654
3684
3694
3670
3604
3600
3550
3572
3544
3574
3576
3560
3588
3554
3530
3580
3586
3596
3642
3626
3636
3664
3598
3600
3646
3654
3612
3616
3558
3514
3516
3460
3428
3394
3458
3502
3526
3498
3578
3628
3610
3624
3626
3614
3622
3578
3614
3626
3634
3634
3606
3618
3598
3626
3656
3652
3680
3694
3650
3686
3664
3572
3510
3466
3488
3496
3528
3500
3530
3570
3594
3488
3450
3436
3432
3440
3522
3396
3466
3426
3432
3540
3558
3536
3572
3548
3524
3542
3520
3476
3444
3500
3560
3538
3526
3536
3606
3580
3590
3578
3578
3552
3548
3532
3432
3416
3350
3338
3334
3412
3442
3472
3526
3512
3620
3586
3570
3570
3586
3608
3602
3590
3560
3476
3454
3442
3502
3500
3454
3440
3420
3450
3452
3370
3326
3422
3422
3374
3360
3408
3400
3466
3458
3468
3558
3532
3558
3600
3602
3642
3614
3600
3552
3552
3584
3584
3546
3520
3472
3500
3556
3550
3532
3506
3538
3468
3452
3456
3434
3392
3448
3456
3392
3460
3416
3466
3498
3514
3548
3596
3606
3592
3608
3590
3690
3692
3692
3672
3670
3676
3684
3632
3614
3630
3690
3658
3628
3716
3634
3620
3620
3578
3636
3630
3606
3542
3612
3572
3586
3622
3558
3558
3588
3622
3576
3590
3522
3490
3528
3516
3520
3524
3524
3518
3480
3472
3506
3544
3560
3550
3578
3554
3594
3574
3578
3590
3600
3586
3600
3616
3650
3662
3658
3612
3552
3532
3524
3568
3558
3516
3586
3650
3582
3622
3582
3590
3538
3538
3522
3512
3524
3546
3560
3588
3538
3510
3566
3566
3534
3614
3562
3590
3646
3612
3592
3606
3592
3592
3616
3592
3548
3578
3572
3560
3590
3546
3614
3528
3530
3590
3572
3578
3582
3558
3620
3640
3672
3674
3598
3584
3556
3592
3622
3616
3638
3600
3620
3510
3524
3514
3524
3626
3662
3708
3626
3656
3640
3680
3650
3634
3626
3616
3592
3536
3514
3576
3512
3546
3566
3538
3604
3590
3624
3572
3582
3612
3634
3642
3630
3646
3608
3634
3636
3614
3608
3604
3588
3594
3566
3586
3616
3618
3634
3668
3638
3658
3620
3644
3660
3572
3574
3592
3562
3552
3596
3618
3604
3582
3526
3500
3488
3518
3514
3544
3450
3516
3444
3516
3534
3532
3602
3560
3560
3530
3612
3564
3596
3646
3564
3626
3670
3614
3572
3656
3624
3642
3622
3700
3694
3682
3676
3660
3632
3646
3646
3636
3640
3642
3634
3596
3608
3640
3654
3642
3608
3584
3646
3680
3704
3710
3688
3690
3644
3590
3548
3584
3550
3618
3546
3504
3518
3576
3532
3508
3502
3572
3630
3660
3684
3622
3652
3664
3702
3660
3600
3638
3666
3704
3668
3696
3620
3568
3574
3608
3554
3620
3636
3578
3598
3602
3638
3674
3664
3696
3648
3668
3608
3590
3594
3562
3524
3544
3558
3550
3520
3480
3496
3524
3592
3588
3650
3638
3604
3594
3556
3638
3646
3682
3634
3602
3620
3642
3592
3590
3622
3540
3536
3538
3538
3606
3592
3578
3564
3564
3520
3464
3544
3524
3552
3614
3586
3548
3560
3548
3606
3632
3640
3694
3628
3608
3610
3542
3600
3632
3606
3596
3548
3534
3500
3508
3476
3476
3516
3476
3434
3494
3552
3508
3554
3516
3466
3468
3424
3500
3510
3480
3536
3588
3604
3536
3506
3490
3508
3500
3518
3484
3430
3512
3462
3440
3454
3466
3468
3492
3532
3548
3528
3492
3556
3516
3518
3504
3458
3446
3502
3528
3486
3488
3476
3508
3454
3484
3490
3482
3506
3562
3492
3476
3540
3560
3562
3514
3484
3452
3472
3506
3512
3438
3456
3432
3526
3562
3544
3556
3536
3558
3528
3554
3568
3520
3502
3458
3498
3544
3488
3500
3484
3490
3554
3482
3524
3556
3594
3524
3472
3516
3516
3514
3572
3494
3480
3442
3510
3522
3558
3650
3680
3674
3624
3690
3666
3616
3554
3560
3586
3594
3634
3634
3602
3572
3584
3468
3528
3452
3472
3480
3438
3448
3400
3442
3534
3546
3520
3448
3498
3502
3524
3492
3480
3532
3530
3604
3558
3490
3568
3566
3544
3596
3582
3638
3676
3636
3616
3608
3502
3468
3520
3512
3502
3460
3546
3498
3528
3532
3526
3546
3468
3454
3508
3542
3564
3602
3600
3578
3568
3560
3522
3564
3522
3512
3486
3524
3460
3420
3454
3528
3478
3466
3478
3490
3482
3456
3452
3466
3494
3494
3522
3504
3502
3472
3478
3430
3456
3478
3572
3562
3552
3530
3540
3574
3526
3508
3518
3484
3554
3564
3524
3472
3508
3508
3516
3488
3482
3430
3398
3390
3346
3330
3392
3494
3570
3622
3566
3584
3520
3516
3560
3630
3654
3578
3522
3538
3584
3572
3550
3580
3566
3572
3568
3572
3590
3556
3512
3524
3494
3518
3564
3500
3592
3574
3566
3636
3642
3614
3650
3590
3610
3626
3586
3576
3610
3588
3498
3532
3510
3560
3580
3594
3596
3578
3596
3572
3578
3598
3568
3560
3574
3588
3578
3576
3550
3516
3510
3536
3480
3494
3564
3534
3596
3572
3592
3608
3598
3620
3576
3614
3620
3646
3670
3682
3692
3674
3576
3578
3602
3652
3570
3504
3522
3562
3626
3640
3590
3574
3538
3554
3576
3500
3430
3524
3472
3472
3554
3524
3448
3522
3474
3606
3576
3612
3594
3594
3684
3708
3660
3636
3588
3542
3570
3636
3656
3652
3648
3656
3622
3662
3738
3722
3696
3706
3642
3662
3648
3696
3706
3678
3666
3672
3634
3626
3644
3654
3640
3618
3624
3664
3696
3662
3670
3664
3682
3714
3704
3670
3692
3632
3628
3596
3618
3538
3588
3544
3532
3558
3586
3592
3508
3494
3454
3490
3476
3530
3522
3538
3562
3564
3540
3540
3562
3562
3564
3552
3584
3634
3594
3566
3606
3638
3536
3556
3530
3542
3596
3686
3672
3710
3682
3650
3596
3582
3502
3516
3528
3534
3508
3426
3488
3540
3588
3538
3558
3600
3628
3592
3608
3602
3594
3636
3666
3658
3646
3658
3610
3634
3668
3702
3644
3598
3562
3644
3622
3606
3568
3530
3624
3638
3656
3630
3578
3656
3674
3658
3652
3624
3670
3670
3648
3640
3622
3614
3548
3540
3554
3584
3594
3624
3636
3526
3534
3500
3526
3526
3524
3518
3476
3518
3564
3528
3512
3434
3444
3506
3556
3508
3522
3596
3648
3644
3712
3696
3702
3714
3664
3656
3612
3586
3588
3560
3516
3498
3536
3586
3550
3578
3570
3566
3622
3678
3584
3580
3608
3622
3598
3604
3592
3606
3624
3588
3620
3674
3660
3654
3598
3626
3624
3612
3638
3560
3666
3668
3640
3646
3702
3718
3710
3670
3630
3624
3610
3582
3552
3596
3530
3586
3634
3660
3600
3602
3674
3710
3686
3650
3558
3568
3584
3612
3630
3638
3598
3632
3628
3642
3680
3646
3586
3642
3662
3594
3586
3636
3716
3676
3662
3666
3670
3668
3646
3646
3608
3608
3656
3654
3584
3652
3620
3614
3568
3544
3574
3552
3586
3592
3590
3604
3614
3666
3668
3672
3616
3618
3610
3610
3600
3672
3678
3640
3616
3644
3662
3604
3590
3702
3662
3720
3734
3672
3660
3688
3620
3650
3658
3676
3682
3682
3622
3556
3602
3596
3566
3602
3628
3656
3662
3596
3606
3606
3664
3574
3552
3548
3504
3538
3544
3520
3476
3562
3612
3594
3636
3602
3646
3682
3636
3620
3650
3700
3696
3666
3666
3636
3672
3722
3722
3730
3662
3694
3722
3742
3718
3736
3704
3674
3704
3710
3684
3710
3734
3696
3720
3658
3708
3682
3660
3690
3660
3624
3592
3548
3538
3562
3604
3580
3600
3616
3634
3646
3650
3662
3642
3590
3600
3650
3640
3628
3636
3632
3636
3624
3686
3726
3662
3626
3634
3594
3668
3680
3644
3632
3628
3588
3556
3586
3488
3484
3488
3552
3538
3530
3472
3490
3542
3552
3524
3546
3572
3604
3570
3628
3610
3674
3630
3594
3618
3614
3552
3548
3592
3590
3590
3652
3616
3604
3634
3622
3604
3570
3594
3606
3618
3680
3632
3630
3512
3558
3526
3590
3602
3482
3508
3544
3584
3510
3466
3492
3500
3506
3494
3494
3506
3526
3596
3612
3566
3560
3558
3490
3564
3536
3544
3612
3628
3626
3638
3650
3612
3582
3574
3536
3528
3548
3562
3588
3630
3660
3586
3604
3602
3604
3570
3534
3530
3494
3498
3554
3534
3512
3490
3488
3544
3620
3588
3568
3560
3658
3724
3712
3694
3734
3698
3662
3630
3640
3682
3610
3642
3638
3638
3650
3688
3714
3654
3622
3646
3666
3580
3548
3602
3584
3600
3586
3564
3540
3568
3518
3590
3574
3556
3518
3526
3554
3522
3548
3596
3584
3614
3592
3580
3566
3544
3572
3574
3554
3510
3506
3512
3558
3532
3574
3596
3614
3602
3596
3510
3490
3458
3454
3506
3524
3522
3530
3532
3470
3502
3540
3484
3494
3476
3440
3490
3460
3496
3400
3442
3398
3476
3430
3428
3394
3402
3408
3406
3386
3332
3374
3466
3442
3476
3432
3458
3486
3470
3390
3402
3426
3508
3496
3484
3498
3526
3508
3466
3408
3374
3332
3360
3250
3290
3372
3356
3410
3328
3288
3266
3354
3356
3400
3346
3330
3326
3362
3316
3338
3364
3386
3378
3334
3384
3358
3360
3398
3382
3362
3370
3418
3504
3490
3444
3434
3366
3468
3472
3494
3512
3540
3552
3568
3496
3462
3532
3500
3522
3452
3436
3428
3478
3506
3514
3534
3492
3522
3510
3410
3424
3464
3432
3452
3544
3582
3554
3568
3650
3646
3652
3650
3676
3626
3668
3642
3644
3670
3650
3616
3598
3594
3602
3670
3654
3630
3612
3668
3680
3730
3704
3708
3688
3684
3662
3678
3666
3660
3610
3566
3590
3550
3580
3552
3620
3542
3580
3596
3560
3516
3480
3474
3482
3540
3534
3538
3604
3662
3650
3620
3630
3602
3618
3630
3660
3670
3536
3518
3560
3526
3482
3516
3556
3594
3580
3570
3554
3554
3584
3568
3532
3480
3494
3554
3578
3614
3594
3578
3622
3648
3634
3582
3604
3670
3672
3672
3656
3626
3660
3700
3678
3658
3672
3652
3660
3730
3748
3696
3678
3680
3686
3674
3684
3734
3736
