824
830
866
866
832
824
838
852
862
856
870
856
826
826
822
796
818
840
834
858
832
838
848
842
848
852
842
814
808
772
700
718
740
742
756
802
776
798
800
806
764
758
774
768
720
730
656
646
672
662
704
686
716
742
752
798
796
792
796
790
790
788
790
710
696
730
724
718
696
684
700
752
784
794
812
856
850
832
820
838
820
798
814
798
786
752
748
728
684
718
750
702
708
716
704
704
738
720
696
698
642
702
654
582
592
598
610
660
694
736
712
666
628
606
580
628
594
598
614
608
626
664
700
632
614
648
640
640
600
620
612
626
580
614
588
572
558
530
582
564
534
556
548
522
532
492
534
530
530
590
594
602
548
514
530
526
524
492
448
438
416
420
418
416
406
386
462
482
496
538
524
522
546
564
532
574
596
570
588
598
660
664
660
678
692
658
658
672
720
712
670
668
706
650
690
636
660
654
698
706
704
736
748
798
800
780
794
776
794
812
776
768
746
768
780
776
774
726
744
736
740
752
742
680
694
688
724
714
704
754
778
748
756
686
696
670
666
696
678
696
702
740
752
766
762
740
768
744
698
720
706
696
688
704
684
700
690
670
686
712
734
772
762
760
734
696
724
740
708
664
682
648
660
708
670
618
586
604
584
604
590
580
650
638
656
676
646
652
678
698
616
594
582
582
590
604
596
592
596
602
588
582
568
590
550
610
656
668
658
676
694
672
694
674
706
680
650
666
680
654
652
656
608
600
642
624
618
626
636
570
562
582
598
600
582
544
598
648
626
626
618
644
656
628
652
640
720
744
726
706
750
756
770
770
746
762
734
698
666
652
644
636
600
614
588
560
570
554
540
494
474
494
564
540
572
548
554
504
464
436
430
440
440
424
444
374
406
388
386
356
294
312
302
328
342
340
314
344
394
370
384
394
392
430
450
440
420
430
436
420
444
448
460
492
498
458
466
478
438
422
424
428
380
378
378
368
354
360
344
288
256
244
218
246
256
284
290
336
376
396
422
434
432
458
500
572
616
562
612
610
564
552
602
578
572
586
552
530
582
624
642
624
628
650
666
634
608
648
690
700
708
676
640
610
638
638
578
588
528
534
596
600
584
600
646
560
568
488
534
514
514
538
560
530
556
608
624
626
590
508
516
520
502
464
454
432
478
450
484
474
472
478
458
426
464
460
450
420
374
380
378
376
412
430
450
434
444
476
496
506
542
576
558
610
636
610
608
622
636
638
720
726
694
632
662
670
742
716
732
704
690
736
758
748
716
710
724
720
718
706
726
718
712
698
676
650
696
706
704
684
680
686
630
632
672
600
590
588
542
550
524
546
614
618
624
590
538
526
534
492
504
544
598
580
586
584
608
576
594
624
568
602
654
646
658
638
628
640
632
646
608
622
630
656
662
664
678
684
644
666
630
654
674
708
688
700
690
706
720
716
736
734
712
728
714
706
708
678
708
690
652
636
650
718
728
736
722
740
730
772
758
750
730
734
744
748
696
690
692
664
684
630
670
658
678
648
664
670
684
672
676
662
618
636
628
610
634
618
652
660
618
616
592
632
678
678
686
670
664
688
702
676
676
702
676
690
616
642
664
656
600
614
628
616
628
700
702
744
740
758
748
802
766
752
760
728
756
742
754
750
704
678
704
714
748
682
664
678
672
658
686
716
746
760
730
688
702
692
658
626
596
560
552
622
662
646
610
652
688
708
674
618
670
688
714
668
654
660
614
630
672
650
620
600
594
616
624
610
660
698
722
746
780
800
758
724
740
792
756
786
690
616
550
554
544
568
578
562
604
596
554
530
516
500
534
546
566
570
534
516
522
548
570
582
548
520
526
486
542
562
526
536
518
594
564
594
590
576
616
626
624
650
624
592
578
644
632
656
696
728
738
776
774
756
768
748
770
770
754
746
702
740
724
760
778
798
798
840
852
808
796
782
782
808
786
724
724
746
746
730
742
784
812
806
814
810
772
766
768
804
810
814
790
790
756
752
784
772
776
758
750
712
744
720
746
752
750
758
764
774
764
708
674
654
666
638
638
638
654
678
708
694
670
656
684
734
732
712
744
702
702
746
756
736
730
734
722
766
744
704
708
640
654
580
550
562
594
558
536
570
592
564
556
600
612
572
548
570
616
610
608
628
568
564
558
586
592
604
652
716
712
700
746
752
728
736
714
758
732
748
750
748
756
786
774
760
730
640
666
700
710
730
728
700
726
728
756
722
708
684
700
688
688
690
698
728
734
766
710
686
660
682
664
708
720
702
746
708
738
676
648
646
646
624
660
636
638
676
704
732
704
706
732
746
752
778
742
752
774
740
734
736
654
592
594
618
626
604
556
544
528
530
566
582
594
640
628
652
704
728
758
746
742
726
700
670
696
722
696
714
700
682
672
678
716
716
738
766
786
782
790
782
780
740
732
730
752
734
738
748
740
740
770
778
812
836
878
876
918
852
830
830
812
792
794
764
766
764
762
792
798
808
840
834
840
778
774
802
796
738
738
776
738
734
708
700
688
674
696
652
642
656
680
672
676
644
670
666
652
662
668
690
674
614
600
584
558
508
480
486
566
574
528
494
462
454
432
402
426
368
352
350
336
392
408
450
470
426
436
448
484
504
494
530
450
464
466
526
484
500
484
456
484
456
402
392
434
414
386
380
410
430
394
386
382
374
282
304
268
284
282
226
288
296
254
264
312
254
224
226
252
254
232
224
238
230
198
196
190
192
188
170
200
208
212
158
152
202
244
238
208
198
150
144
144
116
144
124
132
54
62
90
78
116
72
124
154
154
140
128
106
158
160
194
182
196
200
158
150
188
198
210
210
248
160
218
210
180
186
220
176
118
148
176
158
146
160
114
122
152
154
158
184
250
286
282
252
280
238
248
264
272
312
248
274
256
220
238
250
284
262
264
228
206
194
130
194
228
250
172
158
160
202
210
234
238
218
248
178
168
128
114
102
162
200
220
192
220
206
256
274
256
298
374
362
338
334
326
334
400
444
420
404
392
326
386
402
398
446
492
508
480
526
558
566
606
564
552
524
568
570
576
644
664
574
528
544
560
516
580
540
530
566
528
532
496
538
538
550
600
578
588
564
654
618
614
630
634
658
644
642
662
672
688
688
686
694
644
670
678
686
678
700
704
712
726
736
720
748
740
752
768
718
694
686
692
684
692
692
680
696
698
664
674
674
654
636
622
582
594
612
604
596
584
614
582
574
610
592
546
528
584
588
612
592
618
628
638
652
654
640
698
642
618
578
612
600
570
576
650
672
702
710
704
698
738
694
714
718
686
702
724
746
758
736
752
742
778
790
756
758
704
662
682
660
622
604
594
598
598
598
604
624
628
618
580
608
590
618
640
628
688
648
638
664
678
688
698
690
694
682
664
692
702
656
688
692
696
700
724
748
700
706
702
660
658
710
752
764
724
754
738
698
686
700
692
670
670
652
674
646
658
656
686
692
720
724
700
678
734
718
742
734
770
806
774
780
760
726
766
798
812
842
828
842
836
820
820
822
824
830
804
792
784
786
760
784
784
762
768
766
768
764
750
730
802
826
844
822
854
840
860
856
870
876
884
894
928
916
904
888
860
850
860
858
848
852
800
812
798
752
726
696
746
750
750
766
808
790
756
760
762
758
746
768
780
752
738
728
750
758
742
698
706
682
642
714
674
680
732
754
746
780
806
788
822
774
758
712
696
672
650
652
668
662
632
674
678
646
626
620
620
614
648
680
688
676
630
614
568
554
576
588
566
616
682
706
692
694
708
668
634
630
628
666
678
638
662
646
648
638
694
680
656
638
616
558
550
578
594
616
636
636
686
728
804
800
796
778
772
728
728
734
712
740
750
702
714
716
704
730
770
794
794
800
786
794
794
782
806
764
774
752
754
756
710
704
698
684
738
746
734
712
706
728
724
692
668
662
684
694
714
730
754
706
708
724
754
746
766
752
762
728
758
728
750
754
770
776
794
792
796
752
736
750
724
744
748
746
722
674
680
666
688
704
712
680
726
670
638
658
622
558
618
594
584
594
662
658
670
600
650
628
584
596
606
630
606
640
682
730
704
712
728
784
796
812
780
752
752
796
806
810
824
848
850
798
778
716
732
678
662
664
670
658
648
632
656
632
606
600
606
564
576
590
578
610
624
626
662
730
708
708
722
738
758
786
778
762
698
656
686
646
630
626
558
578
626
614
628
608
598
626
626
640
676
704
720
748
760
762
756
780
790
782
796
814
788
772
772
822
818
804
804
830
784
782
760
742
714
668
690
712
782
778
766
742
766
792
820
786
740
752
770
796
800
778
780
758
754
766
822
794
792
804
758
762
748
738
738
726
742
740
722
704
672
734
702
716
754
736
724
724
712
726
704
726
696
728
704
668
638
602
604
614
618
646
652
664
646
632
622
630
632
628
588
610
628
604
636
636
672
682
656
644
606
562
522
530
492
524
532
520
534
480
526
514
494
466
470
454
398
420
372
374
348
372
380
378
384
378
374
386
374
378
352
380
398
404
398
358
394
354
312
308
268
250
254
320
344
