538
602
430
398
376
270
396
422
410
596
572
708
908
982
872
852
798
664
518
594
678
572
298
226
368
396
538
410
498
498
536
566
600
490
494
530
546
514
480
430
444
432
394
346
532
470
448
428
454
388
310
450
358
288
306
290
326
348
406
382
370
314
144
32
12
52
150
154
134
228
266
262
200
264
276
352
488
486
338
474
428
440
470
358
390
352
370
318
250
220
192
64
140
60
266
122
52
22
98
114
206
248
210
332
302
342
336
264
350
314
318
174
188
392
382
366
406
498
518
488
418
452
618
644
592
604
774
734
612
728
784
792
812
668
718
756
798
898
858
838
864
886
816
914
762
470
286
314
326
472
604
714
880
912
892
774
804
794
950
952
988
906
730
670
708
760
752
934
998
994
990
930
1050
986
912
842
804
792
854
946
912
986
958
898
958
930
882
800
698
682
758
856
838
720
826
768
736
668
748
758
776
664
672
614
612
772
800
838
692
820
972
900
954
806
848
802
892
820
786
718
780
726
838
956
966
920
862
678
690
734
694
632
758
878
888
858
872
860
612
718
712
848
1000
974
1046
1056
1148
1230
1376
1224
1100
1012
934
832
792
952
1010
968
996
980
994
930
802
820
570
408
422
454
420
376
454
346
364
266
326
218
8
36
102
50
16
12
78
114
120
258
64
82
56
58
76
72
40
126
104
236
194
150
140
98
112
100
190
256
226
292
398
330
318
580
512
464
504
490
610
264
234
126
144
334
420
414
400
348
192
174
168
134
32
12
164
190
230
148
76
36
30
142
224
304
210
332
184
96
50
124
146
124
36
98
156
118
8
90
112
178
170
218
320
366
398
380
292
276
74
40
40
138
224
226
184
260
362
318
386
396
392
464
410
412
546
446
392
354
346
376
424
608
560
468
484
308
300
328
456
404
398
416
512
458
390
276
328
282
316
464
350
418
340
366
306
272
444
474
346
466
596
498
542
528
422
436
602
532
498
532
592
526
452
318
340
258
362
354
344
400
384
436
362
386
622
690
676
534
466
496
356
526
436
462
490
604
468
416
496
612
514
512
602
598
442
376
474
446
650
872
858
808
936
886
964
1076
1140
992
798
804
712
658
744
826
828
952
886
1008
1012
974
874
976
976
1146
1080
976
1014
1080
968
820
824
606
570
580
552
578
642
556
618
550
496
434
422
538
566
646
518
476
470
390
260
132
140
248
250
114
0
24
120
40
202
268
324
272
238
328
320
450
448
526
590
502
534
210
202
80
88
60
54
112
270
176
154
52
24
170
108
144
158
132
68
48
22
180
220
426
570
636
622
562
648
498
554
440
408
452
606
592
442
438
524
498
498
516
600
650
520
828
908
998
896
968
898
734
738
686
394
370
274
226
130
268
284
240
324
266
162
208
184
192
240
196
134
308
356
468
346
450
718
576
644
664
560
656
438
378
324
282
218
208
178
280
242
48
36
6
62
64
48
76
192
172
188
112
164
214
126
130
186
218
250
178
208
394
316
224
332
302
288
138
274
222
4
42
4
70
96
370
320
408
284
418
456
398
366
354
432
424
580
458
580
474
450
354
378
276
136
190
182
118
62
76
62
26
276
238
226
390
246
182
244
260
372
542
362
502
532
422
308
484
374
370
270
232
224
222
362
334
284
302
354
336
232
320
310
334
454
358
426
454
656
652
674
664
644
708
714
650
582
666
702
768
620
694
606
718
714
672
716
898
860
904
890
854
808
804
948
1004
906
814
884
850
762
736
700
694
524
500
568
684
692
546
650
698
776
650
652
750
484
430
472
486
514
600
582
506
560
566
482
364
528
572
644
638
486
542
738
676
846
702
690
822
768
722
736
734
784
748
866
972
1024
1000
1092
1080
984
962
1104
1254
1158
1262
1152
1230
1224
1248
1200
1238
1240
1112
1170
1170
1066
1232
1242
1332
1258
1310
1150
1120
1170
1178
1208
1218
1180
1158
1000
970
960
960
926
844
926
938
944
984
970
1034
1028
968
880
860
914
758
988
848
942
792
934
846
966
840
844
942
752
780
684
698
714
630
638
652
566
530
542
614
762
670
846
954
810
800
832
790
718
724
652
588
692
660
684
654
770
680
754
750
626
756
590
658
582
606
406
290
352
294
368
484
486
490
442
438
396
336
394
432
410
538
460
464
494
384
292
190
186
200
206
172
120
140
10
22
118
162
172
264
328
464
452
542
700
732
716
548
546
634
680
562
436
422
530
564
650
496
522
550
686
676
562
660
500
576
552
572
580
482
412
264
194
132
164
170
228
246
158
222
282
210
64
140
190
260
360
422
412
408
428
390
524
356
448
528
446
694
770
1056
920
704
780
678
652
530
504
448
516
566
412
514
654
754
880
966
994
952
728
792
748
792
852
814
682
788
796
882
700
566
510
582
548
478
560
678
736
574
324
296
362
428
488
554
462
366
500
312
362
348
270
230
394
384
334
410
654
590
366
304
388
244
332
302
414
408
512
640
562
550
678
576
452
512
444
286
278
424
370
282
412
426
274
234
314
454
538
578
576
540
450
568
712
602
706
834
822
814
894
862
834
624
430
474
568
578
694
602
682
670
652
578
570
796
814
648
708
630
624
664
650
726
766
734
702
776
758
692
686
536
478
500
448
324
174
110
118
260
216
118
76
54
110
296
532
562
724
694
682
628
588
596
680
610
542
558
730
608
638
584
424
436
374
418
346
530
518
528
618
606
474
460
370
494
332
266
252
288
322
438
548
452
746
832
830
840
988
1030
956
916
828
968
884
896
968
862
824
972
1064
1232
1228
1392
1356
1366
1512
1440
1358
1412
1312
1270
1348
1318
1308
1302
1402
1636
1538
1418
1588
1500
1376
1398
1620
1698
1644
1378
1350
1328
1202
1148
1204
1070
1198
1012
900
666
788
922
894
832
714
732
742
684
822
890
758
596
608
662
564
586
590
570
496
606
558
544
518
432
512
206
166
126
258
174
202
64
154
52
302
290
408
422
430
398
582
662
720
768
814
896
954
954
912
1012
1068
1182
1202
1172
1134
1172
1026
1036
816
712
724
788
670
704
696
690
636
616
402
296
308
254
266
278
160
330
452
568
598
828
720
784
782
676
676
552
500
406
562
612
524
506
476
486
508
542
674
554
556
460
402
472
448
382
228
410
522
378
434
462
260
406
332
376
412
436
546
378
178
86
138
194
4
8
2
12
130
52
10
22
8
22
62
72
96
240
110
132
180
90
184
230
212
348
294
276
250
268
460
286
350
212
356
468
432
292
296
230
218
300
356
424
448
574
686
624
548
514
536
366
508
598
492
650
620
540
548
742
642
572
608
676
582
532
590
632
600
376
264
360
286
426
458
376
344
350
284
472
462
432
338
296
196
100
82
102
188
236
386
422
350
258
514
630
612
430
348
248
148
252
268
216
236
238
440
490
210
156
312
478
474
360
644
750
694
684
506
480
382
464
476
472
304
252
294
382
220
168
262
200
138
192
284
388
356
358
340
340
206
120
106
66
82
44
70
140
178
174
48
164
336
280
244
260
158
230
152
136
56
80
32
88
74
30
8
94
310
148
90
28
44
16
34
160
240
246
116
122
252
400
502
464
470
414
324
342
418
350
456
526
530
584
506
432
362
366
504
432
398
298
308
328
334
198
140
128
198
280
300
392
370
456
392
358
542
410
588
456
452
516
552
476
530
592
534
470
484
592
516
618
734
560
704
520
460
434
366
502
478
408
324
200
300
334
248
360
414
308
358
264
402
308
202
234
322
450
530
396
292
280
354
426
546
608
664
646
546
552
438
454
292
294
286
378
396
320
210
156
104
106
26
182
20
2
98
34
162
316
284
264
90
46
56
98
16
36
134
104
22
92
88
56
184
282
326
422
400
258
162
28
104
84
102
28
64
54
84
118
126
224
136
20
50
30
60
128
42
102
40
78
138
100
178
186
120
212
360
318
310
264
510
382
432
436
410
420
356
396
504
338
338
472
452
522
632
612
702
828
802
800
834
768
812
870
844
944
1030
962
770
912
908
1036
1132
1198
1282
1246
1132
1142
1076
1114
1068
862
802
676
580
546
392
294
378
370
446
496
622
538
424
402
354
358
242
278
250
130
84
116
176
106
94
134
70
140
184
18
58
46
54
82
170
170
210
60
70
136
192
312
372
330
272
324
228
128
88
214
192
118
218
402
320
402
208
168
196
212
328
426
462
444
370
208
224
90
116
4
10
122
136
136
144
456
254
220
148
84
84
26
100
84
78
44
110
24
110
202
270
350
348
418
436
426
560
550
706
730
668
654
532
510
550
550
558
562
468
478
486
534
600
562
564
580
464
552
450
316
300
318
230
178
272
162
282
384
374
210
72
52
182
186
252
262
294
220
94
234
314
296
370
478
430
396
430
350
334
264
226
152
296
186
80
64
122
196
304
394
538
574
630
628
724
826
932
1012
974
868
942
952
956
1104
1078
970
1002
942
916
832
792
738
898
900
880
702
622
682
526
604
576
550
638
790
682
556
476
542
444
426
298
320
470
502
534
334
430
440
418
268
278
256
296
210
182
136
104
170
16
32
30
94
138
242
232
282
236
204
292
286
352
274
250
266
326
214
236
120
222
252
232
66
68
14
42
146
106
238
270
450
346
350
580
584
646
542
496
542
554
438
624
622
