3998
4046
4080
4048
3994
4082
4126
4154
4306
4304
4364
4396
4494
4494
4396
4346
4414
4444
4528
4442
4434
4486
4532
4490
4438
4378
4360
4254
4234
4120
4116
4136
4226
4286
4176
4134
4252
4288
4226
4088
4090
4030
4078
4186
4276
4300
4180
4142
4244
4140
4198
4124
4176
4142
4306
4312
4274
4286
4108
4196
4098
3988
4056
4110
4148
4032
4132
4162
4052
4006
4018
4154
4210
4184
4164
4204
4212
4120
4158
4102
4012
4038
4112
4116
4116
4118
4258
4206
4112
4144
4160
4314
4298
4304
4276
4320
4192
4082
4072
4288
4320
4276
4444
4392
4340
4234
4246
4188
4080
4240
4150
4114
3940
3968
4008
4060
3916
4046
4102
3934
3818
3854
3960
4048
3942
4092
4148
4272
4210
4206
4212
4290
4192
4132
4276
4214
4274
4148
4092
4142
4090
4090
4200
4196
4246
4128
4342
4364
4278
4338
4254
4320
4366
4468
4514
4328
4326
4250
4248
4398
4312
4248
4430
4482
4440
4416
4434
4390
4408
4338
4420
4470
4356
4352
4540
4648
4598
4662
4658
4624
4536
4544
4408
4336
4484
4504
4616
4568
4504
4610
4536
4674
4660
4574
4576
4610
4604
4536
4566
4492
4446
4402
4494
4570
4522
4486
4588
4584
4716
4686
4710
4702
4776
4844
4730
4826
4888
4964
5054
5174
5072
5062
5210
5278
5282
5210
5150
5070
5120
5200
5232
5140
5190
5232
5238
5116
5224
5102
5136
5272
5292
5338
5346
5446
5422
5442
5380
5382
5350
5366
5410
5418
5352
5288
5408
5312
5256
5152
5054
4976
5100
5138
5264
5248
5166
5120
5216
5262
5432
5428
5470
5480
5518
5606
5702
5712
5692
5746
5718
5742
5690
5602
5512
5618
5766
5694
5818
5776
5710
5696
5532
5430
5378
5558
5526
5604
5586
5556
5484
5408
5384
5432
5460
5434
5402
5480
5408
5262
5302
5236
5236
5066
5064
5220
5190
5194
5366
5458
5486
5598
5582
5450
5556
5668
5730
5690
5622
5606
5728
5816
5816
5786
5778
5702
5782
5840
5868
5688
5508
5474
5352
5414
5496
5518
5500
5568
5516
5538
5544
5532
5516
5664
5584
5642
5736
5822
5638
5580
5772
5744
5670
5554
5520
5534
5652
5596
5552
5520
5448
5530
5478
5518
5624
5650
5646
5674
5590
5584
5616
5576
5564
5650
5660
5660
5566
5592
5426
5398
5424
5394
5334
5240
5200
5176
5018
4966
4942
4956
5026
5128
4926
4866
4896
4850
4828
4814
4738
4792
4744
4690
4710
4690
4726
4632
4630
4764
4768
4706
4800
4738
4826
4884
4832
4822
4560
4528
4528
4680
4770
4712
4686
4584
4632
4616
4500
4338
4288
4284
4274
4454
4478
4610
4722
4706
4636
4386
4358
4560
4528
4406
4358
4408
4360
4534
4572
4538
4534
4598
4612
4648
4672
4766
4648
4564
4594
4660
4510
4580
4630
4544
4590
4700
4722
4694
4770
4592
4814
4752
4788
4784
4878
4842
4794
4776
4802
4848
4816
4936
4826
4806
4776
4892
4846
4890
4956
4866
4850
5038
5000
5068
5098
5066
4958
5008
5124
5058
5096
5090
5048
4960
4894
4772
4720
4780
4746
4908
4948
4896
4892
4918
5040
5120
5172
5092
4938
4986
4974
4996
4948
4894
5010
4984
4982
4958
5064
4986
4838
4784
4724
4778
4828
4752
4890
4926
4944
4978
5134
5194
5196
5046
5072
5012
5184
5000
5072
5084
4980
4980
4970
5024
5214
5294
5130
5074
5154
5264
5308
5374
5368
5188
5266
5306
5256
5102
5218
5314
5354
5344
5264
5316
5338
5394
5502
5584
5720
5758
5810
5758
5784
5776
5808
5904
5786
5912
5926
5960
5986
6032
6082
5992
6040
6018
6048
5956
5802
5692
5656
5712
5724
5690
5664
5672
5692
5744
5744
5682
5710
5690
5584
5656
5638
5596
5592
5644
5772
5834
5862
5792
5636
5734
5760
5780
5860
5764
5876
5836
5962
5910
5870
5796
5808
5884
5926
5892
5758
5634
5614
5754
5822
5792
5906
5858
5744
5724
5764
5686
5682
5520
5566
5372
5362
5386
5456
5528
5566
5488
5526
5664
5656
5694
5760
5764
5670
5726
5664
5688
5544
5482
5420
5440
5486
5500
5508
5612
5588
5578
5646
5692
5620
5432
5474
5508
5426
5432
5492
5520
5472
5398
5236
5310
5310
5280
5286
5328
5462
5400
5420
5476
5424
5408
5454
5376
5410
5354
5362
5364
5260
5308
5284
5272
5170
5182
5048
4974
4884
5062
5112
5166
5112
5112
5214
5268
5158
5160
5022
4966
5008
4974
4974
4900
4872
4924
4950
4968
4966
5026
5096
5118
5214
5370
5294
5160
5490
5464
5440
5344
5346
5380
5244
5212
5328
5208
5180
5200
5262
5210
5166
5212
5122
5128
5130
5104
5168
5088
4970
4912
4958
5038
5214
5090
5134
5252
5254
5192
5230
5296
5218
5234
5284
5428
5456
5522
5316
5428
5530
5518
5442
5520
5610
5548
5506
5458
5648
5780
5828
5740
5816
5884
5860
5788
5796
5902
5868
5796
5676
5786
5762
5698
5630
5674
5558
5560
5518
5540
5484
5424
5572
5572
5458
5280
5292
5450
5424
5390
5222
5242
5214
5152
5302
5384
5576
5740
5824
5782
5660
5724
5636
5598
5576
5608
5504
5642
5714
5652
5680
5626
5528
5620
5548
5498
5570
5554
5464
5386
5470
5436
5378
5392
5364
5376
5428
5458
5552
5574
5572
5680
5674
5758
5786
5892
5850
5776
5766
5676
5814
5872
5854
5774
5730
5788
5570
5624
5560
5558
5560
5520
5568
5382
5470
5500
5580
5540
5546
5532
5398
5500
5398
5482
5506
5402
5282
5324
5294
5334
5272
5190
5202
5310
5462
5602
5624
5540
5650
5570
5558
5390
5346
5456
5596
5492
5516
5466
5438
5404
5384
5382
5416
5388
5384
5316
5382
5432
5394
5256
5332
5398
5386
5502
5492
5594
5652
5656
5616
5622
5482
5386
5344
5384
5520
5468
5474
5544
5474
5472
5386
5468
5444
5462
5578
5706
5722
5748
5822
5656
5764
5734
5728
5812
5774
5736
5866
5738
5648
5520
5498
5580
5608
5636
5700
5618
5808
5714
5730
5626
5680
5632
5716
5616
5576
5700
5484
5374
5434
5424
5362
5606
5576
5644
5636
5520
5540
5464
5558
5450
5456
5408
5268
5114
5218
5328
5412
5378
5158
5146
5054
5144
5134
5088
5152
5186
5344
5210
5400
5402
5208
5278
5160
5188
4946
4958
4988
4878
4926
4840
4798
4628
4548
4496
4444
4442
4432
4362
4292
4310
4402
4492
4464
4440
4566
4502
4482
4314
4406
4446
4482
4484
4526
4556
4564
4426
4552
4684
4698
4712
4762
4834
4942
4972
4906
4896
4858
4890
4850
4756
4680
4672
4570
4692
4612
4642
4850
4788
4744
4740
4840
4902
5006
4924
5084
5154
5196
5216
5252
5414
5310
5438
5278
5466
5468
5590
5536
5480
5434
5428
5382
5366
5348
5450
5618
5612
5718
5836
5786
5656
5622
5660
5734
5720
5546
5452
5514
5538
5586
5558
5528
5540
5540
5610
5712
5752
5708
5642
5592
5596
5606
5712
5552
5530
5584
5528
5580
5488
5448
5406
5442
5388
5484
5436
5412
5368
5518
5562
5588
5688
5780
5698
5782
5802
5828
5858
5902
5776
5756
5702
5740
5712
5698
5608
5684
5776
5796
5980
5944
5858
5964
5918
5878
5864
5774
5850
5926
5958
6054
6080
6126
6152
6086
6040
6034
5968
5982
5972
5870
5834
5792
5784
5808
5658
5730
5742
5722
5680
5708
5756
5864
5908
5848
5738
5920
5912
5938
5936
6098
6142
6148
6096
5964
5962
6128
6096
6182
6116
6076
6084
6098
6122
6220
6276
6174
6226
6252
6326
6288
6296
6080
5994
5886
5864
5796
5892
5844
5806
5710
5784
5730
5826
5790
5898
5936
5996
5866
5836
5864
5786
5810
5846
5844
5914
6026
5956
5896
5872
5824
5810
5724
5786
5802
5764
5864
5624
5678
5700
5778
5740
5744
5606
5572
5458
5326
5414
5452
5464
5522
5488
5458
5520
5686
5598
5672
5816
5742
5712
5692
5726
5686
5584
5648
5596
5464
5438
5520
5494
5578
5572
5588
5634
5648
5528
5514
5422
5408
5382
5394
5370
5212
5220
5130
5132
4966
4992
5072
5032
5108
5122
5158
5196
5212
5162
5126
5134
4950
4918
5114
5110
5090
5068
5034
5088
4934
4932
4878
4858
4874
4870
4884
4886
4952
4952
4972
4900
4980
4906
4988
5030
4984
5010
4988
4972
5030
5066
5120
5010
4860
4936
4876
4834
4746
4726
4768
4824
4772
4772
4698
4718
4762
4812
4684
4748
4812
4818
4870
4982
4900
4756
4862
4908
4816
4802
4776
4828
4786
4624
4690
4614
4626
4728
4640
4606
4516
4598
4598
4560
4592
4700
4628
4654
4702
4858
4936
5012
5156
5098
5034
4990
5090
4976
4912
5006
5096
5086
5004
4958
5022
5024
5080
5084
4996
5036
5132
5142
5232
5278
5296
5200
5314
5386
5360
5518
5566
5488
5322
5210
5166
5254
5262
5174
5152
5222
5224
5236
5286
5338
5442
5478
5406
5416
5420
5390
5322
5276
5278
5460
5480
5556
5580
5626
5562
5600
5448
5438
5360
5340
5410
5412
5370
5284
5320
5418
5392
5466
5540
5618
5710
5650
5642
5710
5774
5756
5882
5954
5928
5872
5862
5914
5920
5828
5792
5658
5560
5346
5378
5396
5422
5422
5298
5384
5316
5388
5290
5368
5296
5276
5292
5502
5540
5406
5448
5372
5376
5294
5372
5342
5348
5480
5440
5384
5492
5486
5490
5470
5410
5380
5394
5530
5554
5428
5410
5482
5410
5412
5418
5410
5400
5346
5354
5204
5290
5266
5244
5102
5152
5164
5088
5228
5160
5280
5322
5202
5258
5198
5200
5112
4886
5164
5358
5396
5422
5432
5588
5452
5206
5186
5326
5270
5424
5404
5450
5520
5436
5454
5382
5408
5474
5554
5750
5636
5628
5646
5704
5724
5712
5652
5516
5580
5628
5566
5436
5292
5316
5372
5396
5272
5322
5114
5072
5136
5140
5246
5166
5274
5222
5148
5190
5154
5106
5144
5162
5068
5030
5028
5044
5154
5064
5050
5076
5092
5096
5204
5120
5216
5288
5230
5228
5198
5246
5280
5198
5214
5354
5292
5194
5086
5270
5230
5150
5186
5112
5014
5138
5058
5046
5110
4928
5022
5006
4942
4956
4960
4712
4698
4764
4758
4716
4666
4500
4520
4670
4674
4684
4712
4746
4648
4708
4692
4810
4752
4676
4674
4670
4562
4630
4818
4814
4926
4882
4786
4794
4714
4708
4648
4694
4688
4668
4658
4612
4670
4542
4628
4742
4706
4744
4822
4790
4866
4916
4956
5134
5044
4948
5064
5012
5152
5188
5226
5172
5084
5142
5144
5204
5082
5274
5426
5434
5606
5648
5674
5656
5646
5614
5632
5660
5752
5862
5950
5892
5840
5818
5848
5946
5974
5874
5868
5728
5656
5706
5626
5662
5610
5594
5646
5466
5430
5502
5474
5430
5264
5320
5340
5306
5362
5374
5398
5502
5438
5442
5478
5406
5548
5586
5532
5536
5564
5418
5502
5554
5498
5476
5418
5298
5434
5334
5324
5222
5282
5176
5216
5222
5152
5092
5064
4896
4894
4894
4972
4938
5078
5136
5184
5080
5134
5280
5202
5248
5282
5314
5314
5196
5160
5052
4968
5066
5262
5250
5296
5246
5282
5116
5062
5018
5210
5018
5204
5250
5342
5114
5026
4914
4842
4778
4798
4790
4694
4624
4538
4652
4652
4696
4684
4616
4710
4570
4566
4564
4600
4550
4628
4550
4454
4580
4460
4450
4540
4414
4628
4542
4522
4454
4510
4442
4642
4700
4812
4836
4788
4738
4822
4614
4708
4642
4572
4592
4528
4442
4616
4786
4776
4804
4786
4854
4708
4724
4624
4622
4548
4548
4628
4696
4688
4818
4890
4822
4944
4988
5076
4998
5050
5018
4950
4926
4878
4734
4672
4734
4848
4694
4884
4934
4960
4984
5018
4928
4986
4764
4620
4714
4728
4868
4904
4880
4970
5064
5130
5010
4926
4918
4918
4924
4868
4904
5026
4984
4940
4954
5024
5074
5148
5170
5098
5110
4832
4766
4972
5110
5076
4980
5018
4980
4904
4872
4880
4954
4826
4752
4952
5044
5108
5108
5184
5350
5354
5438
5316
5288
5224
5260
5264
5242
5268
5156
5152
5220
5228
5284
5242
5306
5250
5180
5338
5328
5190
5238
5278
5170
5128
5082
5188
5184
5176
5148
5186
