1480
1458
1448
1370
1440
1534
1532
1546
1504
1548
1552
1446
1336
1316
1298
1276
1258
1236
1234
1308
1354
1334
1272
1340
1278
1272
1202
1186
1130
1056
988
1012
970
870
896
924
980
898
900
986
1050
1074
1004
964
882
934
998
972
972
1016
1072
1002
952
1028
1028
1024
1062
1064
1076
1016
1072
1136
1190
1232
1162
1138
1078
1052
1078
1010
976
982
938
980
978
926
962
962
964
978
1014
1040
1094
1010
954
970
900
868
862
944
982
976
1034
992
1058
1102
1246
1234
1226
1186
1134
1074
988
992
942
1008
916
958
936
994
1026
1026
1090
1090
1088
1120
1126
1044
1082
1128
1208
1254
1280
1230
1134
1160
1104
1112
1230
1158
1164
1150
1132
1066
964
924
872
766
820
720
722
718
668
676
642
710
606
588
656
636
708
744
642
604
676
580
498
534
378
288
242
198
136
172
218
150
56
2
40
28
32
62
82
130
212
252
334
250
226
274
232
242
236
196
222
266
260
270
170
158
134
112
62
42
56
84
120
104
54
28
46
84
50
98
132
136
156
216
252
232
212
312
268
314
346
364
244
222
194
74
120
64
104
56
38
38
52
114
186
150
138
262
284
178
136
160
122
92
112
134
28
28
24
142
152
80
136
28
90
36
66
108
190
192
212
186
174
178
172
208
154
156
130
160
240
346
256
276
286
304
220
314
468
438
494
558
552
508
554
564
680
600
668
694
700
776
660
600
554
370
212
160
260
314
278
422
432
354
378
438
326
334
356
532
560
430
484
378
288
252
194
218
150
200
190
236
250
286
232
170
116
180
160
192
220
250
160
178
204
168
210
230
156
160
188
148
84
142
106
192
84
72
16
34
36
20
50
52
18
110
18
22
2
146
184
94
168
220
146
92
64
58
132
80
88
152
114
116
146
54
110
130
38
26
42
4
54
40
8
14
36
42
48
96
206
196
114
106
4
34
12
22
68
4
124
158
60
62
6
60
80
28
14
58
18
2
40
132
18
46
78
158
122
98
218
312
396
368
338
328
264
348
396
384
392
316
388
348
302
280
304
296
278
316
296
314
316
370
322
332
208
212
98
152
160
242
286
294
228
180
192
248
182
198
204
176
208
148
146
100
98
136
158
148
142
136
138
140
74
174
218
176
80
6
68
66
78
50
26
4
82
14
52
48
14
42
76
92
222
290
212
358
344
274
320
304
254
276
382
396
304
334
428
408
476
440
352
382
518
520
460
538
516
466
480
554
558
586
680
684
690
736
624
598
560
678
668
664
728
696
636
760
746
808
764
678
670
704
694
716
646
668
780
674
782
844
752
744
758
778
828
800
882
994
994
1010
1160
1198
1128
1120
984
956
924
824
830
710
740
738
722
662
650
608
514
592
514
580
602
610
632
626
564
544
584
556
560
490
506
558
574
572
500
482
438
498
432
264
314
426
406
388
516
584
558
564
590
526
540
532
618
688
748
832
792
862
796
792
770
768
774
788
770
738
730
728
660
574
610
762
726
652
634
586
550
622
544
538
552
574
636
538
542
548
490
454
502
354
378
438
284
330
336
362
384
260
310
354
342
422
302
448
480
390
372
446
360
300
222
320
298
314
340
304
380
432
472
436
512
526
536
560
670
594
576
598
746
708
646
636
640
702
744
736
716
654
676
740
804
750
754
562
584
512
510
480
440
298
310
362
462
476
398
402
364
348
350
356
428
382
364
426
386
366
334
318
322
322
300
322
344
206
116
190
310
270
236
294
176
154
168
118
228
188
114
160
180
212
150
80
28
24
14
16
20
10
8
38
28
90
24
38
58
14
12
80
106
64
36
22
66
80
52
132
132
54
18
42
144
118
144
120
244
214
304
358
266
238
244
230
350
354
404
324
252
258
314
290
282
246
280
370
274
214
232
272
292
274
264
194
232
260
202
236
240
204
202
176
130
16
86
34
22
68
146
188
188
198
228
230
296
340
304
316
254
218
154
294
290
358
434
330
222
202
244
344
362
312
224
186
228
272
144
212
234
208
170
166
80
40
18
76
102
112
118
110
18
72
104
206
156
212
90
36
38
148
256
226
152
172
174
186
246
286
206
212
212
278
104
128
182
214
270
250
154
204
190
174
114
62
28
100
86
116
20
78
130
110
12
58
64
76
196
138
170
240
270
460
554
440
420
472
488
514
426
428
372
278
366
410
420
496
662
588
584
654
654
642
616
626
706
626
640
618
612
610
518
496
600
586
588
680
526
510
508
502
520
478
410
420
504
390
394
420
416
402
478
476
424
482
356
326
388
388
296
298
224
236
264
304
362
312
372
408
318
228
136
104
112
42
12
54
8
88
102
110
40
146
68
12
12
46
38
90
64
92
46
40
20
0
2
12
74
170
122
16
68
70
46
80
66
140
74
104
112
16
24
72
46
44
6
26
152
142
150
214
194
124
76
8
14
66
48
12
58
152
214
154
126
204
208
184
100
74
200
204
216
146
148
136
86
126
152
176
152
202
100
88
112
110
106
190
184
176
86
124
92
10
24
108
192
242
224
244
222
228
128
138
158
48
138
182
236
376
376
440
324
230
240
224
276
228
112
94
6
124
38
6
102
152
144
154
40
122
70
130
102
108
194
120
226
144
174
242
212
250
168
234
148
46
20
42
68
94
86
100
86
18
6
42
90
152
234
120
90
18
94
34
48
86
0
64
12
54
28
40
70
120
64
146
108
96
54
106
132
194
158
134
136
150
144
154
198
186
300
302
160
64
62
84
50
186
112
42
66
10
16
74
64
160
56
0
8
86
34
36
82
154
64
48
116
98
156
164
180
196
186
272
320
214
266
242
178
148
186
180
126
206
104
150
26
16
72
132
158
314
334
398
330
308
268
226
188
130
118
54
28
74
154
242
216
106
60
108
226
214
258
246
248
328
226
192
200
198
156
200
212
274
258
240
236
230
198
236
198
176
156
106
156
188
246
246
342
336
446
536
444
430
336
274
248
186
250
180
240
300
250
264
80
156
156
132
82
70
124
64
30
10
46
2
14
18
2
32
30
66
58
54
140
190
50
108
132
28
76
212
308
320
382
318
320
426
452
412
404
476
324
290
392
486
564
562
608
570
644
600
570
480
444
448
440
446
526
436
576
558
554
456
298
516
444
436
488
516
570
560
602
478
454
508
560
512
462
482
510
432
354
406
338
368
278
236
246
92
82
176
112
108
50
38
86
200
146
68
78
68
70
102
80
10
0
114
78
30
48
76
182
196
204
140
174
268
304
316
220
184
226
162
168
276
250
130
216
212
54
16
62
6
162
156
142
66
26
30
46
86
62
20
142
98
40
6
8
16
84
106
154
78
114
170
28
40
14
34
134
236
236
232
340
346
406
336
376
372
362
414
370
304
324
282
324
480
500
426
472
506
490
568
488
408
438
532
500
494
540
508
458
502
528
510
516
486
448
476
472
478
620
548
548
522
582
548
460
436
426
494
502
542
502
542
582
666
772
750
708
630
586
536
548
512
524
554
596
568
600
620
608
622
598
734
598
546
624
636
564
660
568
808
756
740
800
862
886
810
900
876
846
816
748
654
566
582
628
612
600
542
500
542
548
548
562
528
470
522
508
472
456
472
414
370
266
336
244
292
272
272
270
298
284
374
376
410
572
532
512
550
612
742
654
668
784
746
750
704
636
682
776
824
828
896
916
932
908
896
874
906
852
852
840
846
808
798
844
866
906
964
822
870
938
924
990
942
998
866
768
802
764
708
706
752
654
690
774
730
812
732
808
798
648
642
708
736
812
846
790
752
920
960
922
952
966
926
948
1024
1006
1000
1048
962
986
924
942
950
1024
1028
992
878
838
742
794
844
900
930
1024
1178
1154
1084
1152
1190
1112
1110
1198
1210
1302
1426
1484
1470
1422
1388
1412
1400
1540
1478
1430
1364
1356
1356
1418
1436
1350
1296
1244
1252
1222
1256
1310
1338
1422
1588
1650
1714
1680
1678
1748
1770
1680
1776
1816
1830
1840
1832
1922
2020
1960
1952
1994
2010
2020
2086
2148
2084
2056
2096
2032
2136
2298
2280
2184
2154
2172
2130
2142
2060
2116
2116
2164
2122
2056
2038
2028
1878
1914
1944
1950
1856
1846
1962
1996
1930
1982
1870
1884
1824
1770
1774
1802
1856
1868
1820
1872
1986
1976
1866
1892
1876
1854
1804
1846
1816
1810
1770
1708
1698
1720
1756
1668
1804
1854
1976
1934
1954
2052
2112
2110
2000
1996
2024
1968
2040
2028
1984
1932
1928
2042
2114
2074
2062
2146
2180
2120
2090
2042
2090
2032
1968
1912
1920
1992
1952
1938
2084
2102
2032
1982
1958
1972
1970
2014
2032
2138
2090
2046
2020
2080
2026
2074
2020
1992
2040
2086
2084
2034
2032
2064
2010
1924
1878
1908
2014
1880
1802
1872
1928
1934
1932
1954
1842
1896
1914
1978
1958
1916
1846
1866
1746
1810
1824
1812
1826
1770
1766
1668
1686
1668
1586
1526
1532
1554
1666
1766
1820
1812
1822
1724
1654
1616
1624
1768
1826
1810
1808
1812
1814
1776
1754
1758
1636
1668
1698
1690
1720
1686
1686
1628
1606
1568
1562
1434
1424
1460
1346
1316
1332
1254
1240
1260
1204
1220
1274
1294
1286
1344
1398
1408
1460
1444
1478
1444
1440
1488
1574
1644
1702
1676
1708
1680
1682
1794
1818
1880
1820
1894
1950
1942
2014
1972
2012
1944
1930
1946
1990
1934
1908
1912
1954
1990
2074
2120
2126
2132
2132
2014
2008
2016
2008
2064
2074
1936
2002
1948
1958
1920
1962
2024
2028
2018
2008
1892
1942
1936
1908
1822
1838
1838
1836
1766
1646
1522
1494
1550
1628
1484
1534
1518
1510
1482
1524
1488
1436
1478
1564
1440
1442
1478
1376
1392
1426
1396
1518
1620
1646
1720
1622
