4382
4378
4342
4240
4236
4092
4114
4120
4186
4234
4160
4254
4364
4430
4442
4464
4518
4460
4334
4340
4366
4382
4254
4440
4434
4426
4406
4232
4180
4100
4098
4014
3986
3900
3836
3868
3828
3898
3994
3882
3892
3860
3914
3916
3884
3950
3864
3908
4030
3908
3796
3796
3690
3820
3872
3846
3762
3846
3832
3690
3568
3670
3740
3926
3946
3954
3988
3892
3932
3902
3764
3824
3990
3900
3904
3844
3930
3860
4038
4042
4042
3874
3678
3670
3832
3530
3564
3608
3578
3534
3550
3602
3492
3442
3600
3472
3588
3424
3462
3530
3522
3310
3288
3312
3242
3278
3298
3332
3242
3210
3050
3022
3116
3144
3054
3050
3076
3112
2960
2966
2958
2958
3012
3134
3254
3320
3132
3072
3012
2904
2800
2662
2736
2814
2784
2832
3002
3036
3000
3062
3122
3048
3002
3092
3094
3184
3060
3078
2910
2832
2764
2694
2748
2634
2650
2578
2688
2718
2598
2514
2570
2678
2734
2586
2502
2384
2554
2606
2586
2626
2644
2516
2654
2718
2724
2804
2912
2906
2862
2930
2802
2928
3012
3126
3142
3200
3216
3256
3184
3186
3120
3166
3244
3360
3374
3328
3402
3400
3292
3246
3310
3382
3380
3444
3494
3408
3454
3358
3488
3440
3284
3180
3172
3150
3174
3152
3162
3114
3064
2988
2942
2950
2978
3106
3174
3168
3074
3134
3174
3036
3190
3276
3300
3382
3400
3200
3002
2916
2862
2740
2830
2790
2898
2772
2804
2720
2712
2818
2908
2886
2976
2984
2956
2980
2722
2688
2724
2656
2720
2846
2870
2830
2812
2904
2882
3114
3140
3076
3212
3174
3262
3386
3250
3506
3614
3540
3600
3564
3472
3586
3600
3570
3488
3492
3390
3398
3324
3384
3328
3272
3290
3476
3436
3536
3476
3556
3566
3648
3576
3586
3618
3664
3564
3634
3862
3792
3894
4002
4056
3942
3920
3882
3822
3846
3926
3800
3798
3850
3952
3956
3778
3898
3918
3942
3948
3912
3756
3804
3954
3862
3852
3870
3886
3964
3994
4094
4154
4160
4158
4132
4154
4044
4134
4104
4068
4064
4082
3976
3940
3998
3976
3894
3984
3936
3868
3844
3738
3596
3586
3546
3496
3414
3376
3260
3314
3318
3220
3174
3226
3354
3370
3384
3392
3358
3260
3350
3230
3186
3284
3292
3240
3378
3304
3352
3266
3480
3312
3156
3216
3160
3198
3034
3200
3422
3546
3498
3324
3508
3466
3390
3448
3442
3388
3310
3262
3234
3166
3068
2984
2906
2896
2910
2894
2894
2944
2812
2886
3046
2948
2932
3108
3156
3078
3120
3008
2924
3014
2874
2810
2744
2754
2796
2864
2842
2860
2880
2938
2926
2852
2868
2846
2886
2814
2732
2718
2790
2824
2932
2906
2826
2842
2692
2860
2970
2974
3092
3166
3194
3120
3008
2998
2930
2858
2886
2878
2792
2676
2670
2664
2812
2768
2780
2804
2712
2572
2462
2580
2428
2316
2360
2446
2458
2476
2434
2262
2342
2308
2358
2348
2284
2246
2214
2242
2190
2208
2136
2140
2094
2174
2152
2096
2244
2328
2166
2030
2030
2032
2030
2098
2122
2206
2214
2320
2536
2530
2632
2446
2416
2424
2536
2566
2596
2636
2654
2728
2740
2702
2656
2696
2714
2762
2850
2876
2784
2836
2752
2670
2610
2552
2614
2580
2508
2372
2396
2342
2322
2198
2354
2280
2324
2536
2658
2546
2554
2530
2624
2620
2540
2552
2710
2676
2774
2876
2844
2872
2890
3092
3090
3044
3036
3008
3010
3018
2928
2986
3158
3090
2974
2978
2822
2712
2748
2690
2644
2758
2700
2668
2674
2652
2678
2844
2816
2890
2894
2924
3012
2996
2822
2822
2816
2984
3016
2864
2842
2900
2834
2892
2830
2834
2856
2866
2936
2946
3088
2912
2854
2698
2772
2854
2814
2774
2748
2870
3048
2988
3138
3198
3220
3354
3128
3036
3142
3232
3394
3500
3500
3412
3458
3418
3364
3340
3172
3226
3182
3126
3142
3242
3324
3368
3380
3434
3618
3584
3404
3400
3406
3334
3134
3144
3104
3104
3102
2928
2958
2884
2916
2948
3116
3070
2976
2954
2896
3096
3044
2904
2850
2826
2906
3136
3136
3032
3066
3214
3100
3038
2990
2948
2984
2808
2838
2994
2872
2946
3058
2950
2946
2874
2962
3086
3120
3118
3226
3270
3416
3324
3416
3266
3270
3364
3360
3378
3450
3344
3354
3312
3460
3406
3622
3606
3398
3528
3468
3472
3436
3494
3536
3496
3360
3344
3388
3392
3274
3276
3382
3346
3330
3310
3318
3500
3502
3422
3482
3490
3466
3516
3568
3590
3476
3556
3582
3680
3670
3714
3680
3686
3604
3576
3622
3508
3520
3440
3600
3580
3492
3452
3480
3528
3536
3516
3382
3314
3472
3550
3612
3520
3484
3392
3378
3300
3302
3338
3368
3484
3528
3610
3484
3504
3496
3638
3630
3520
3532
3558
3632
3656
3592
3456
3532
3568
3582
3522
3602
3648
3718
3790
3744
3816
3676
3800
3874
3842
3896
3820
3868
3844
3866
3988
3990
4030
3998
3952
3980
3994
3894
3822
3842
3788
3710
3738
3810
3682
3758
3620
3744
3836
3760
3726
3802
3834
3810
3790
3958
3804
3818
4012
3978
4204
4310
4388
4244
4346
4432
4508
4380
4420
4406
4354
4356
4460
4582
4540
4668
4618
4604
4574
4472
4466
4500
4468
4440
4376
4376
4554
4562
4546
4658
4754
4846
4936
4796
4888
4746
4788
4828
4720
4638
4604
4532
4456
4464
4424
4506
4370
4474
4372
4328
4326
4238
4160
4046
4216
4254
4296
4212
4162
4224
4388
4396
4356
4284
4400
4400
4546
4566
4574
4414
4394
4416
4466
4490
4528
4480
4452
4396
4476
4514
4532
4526
4668
4778
4868
4928
5020
4854
4842
4944
5026
4978
5032
5094
5054
5016
5102
5126
5122
5108
5120
5192
5188
5108
5170
5180
5294
5452
5456
5486
5556
5480
5456
5404
5458
5420
5598
5632
5610
5602
5534
5730
5736
5656
5646
5582
5604
5440
5478
5586
5492
5322
5400
5350
5268
5314
5330
5318
5320
5286
5272
5310
5406
5464
5344
5382
5364
5414
5450
5468
5322
5386
5372
5326
5258
5368
5404
5466
5454
5502
5448
5538
5578
5442
5360
5358
5332
5368
5350
5370
5404
5484
5428
5330
5362
5482
5476
5364
5344
5334
5358
5270
5146
5246
5276
5334
5232
5266
5288
5248
5266
5300
5340
5194
5246
5288
5370
5276
5388
5320
5242
5238
5292
5222
5234
5306
5284
5228
5284
5236
5290
5216
5156
5276
5348
5386
5352
5412
5408
5424
5428
5348
5316
5344
5390
5362
5504
5680
5722
5590
5530
5508
5728
5676
5524
5462
5412
5510
5428
5352
5422
5318
5172
5156
5076
5134
5196
5252
5260
5316
5324
5412
5440
5372
5306
5328
5484
5558
5574
5436
5378
5512
5366
5474
5506
5476
5536
5608
5522
5584
5596
5610
5654
5734
5694
5788
5764
5740
5862
5680
5776
5742
5724
5868
5732
5834
5762
5746
5706
5742
5750
5816
5784
5754
5760
5834
5674
5564
5604
5638
5752
5758
5676
5698
5666
5672
5700
5634
5580
5606
5694
5650
5640
5612
5432
5312
5228
5094
5090
5150
4892
5036
5056
5056
4984
4972
4846
4978
5066
5172
5216
5254
5338
5412
5288
5266
5324
5178
5122
5150
5044
5038
4944
4768
4716
4652
4604
4588
4688
4654
4678
4726
4642
4510
4416
4412
4500
4462
4540
4378
4354
4268
4088
4046
3990
4012
4026
4098
4174
4186
4258
4240
4310
4400
4368
4256
4284
4334
4360
4440
4510
4676
4780
4768
4660
4576
4590
4530
4416
4274
4364
4318
4340
4416
4438
4456
4528
4594
4614
4524
4494
4530
4496
4596
4748
4860
4704
4744
4744
4542
4400
4380
4268
4364
4458
4496
4472
4348
4264
4272
4406
4338
4298
4394
4338
4338
4316
4362
4394
4176
4128
4120
4044
3848
3862
3960
4002
4002
3950
3950
4026
4030
3876
3896
3816
3858
4018
3886
3858
3934
4028
4050
4012
4064
4096
4168
4126
4186
4128
4122
4074
3884
3920
3800
3814
3776
3892
3948
3980
3872
3874
3864
3976
3934
3960
4012
4060
4120
4106
4062
4100
4002
4028
4028
4082
4074
4140
4274
4342
4400
4206
4290
4176
4218
4096
4062
4182
4240
4094
4062
4126
4158
3984
3958
3846
3760
3752
3778
3750
3792
3714
3712
3634
3592
3496
3550
3628
3630
3652
3780
3786
3778
3848
3930
3952
4024
3988
3974
3950
3942
3960
3954
3806
3704
3856
3886
3886
3930
3728
3800
3730
3906
3952
4048
4038
4056
4090
4202
4136
4108
4188
4190
4198
4232
4182
4258
4314
4170
4204
4266
4300
4398
4314
4310
4414
4490
4462
4526
4534
4540
4432
4310
4230
4216
4158
4124
4142
4134
3818
4016
4000
4098
4062
4028
4090
4176
4394
4480
4572
4514
4410
4450
4472
4510
4618
4482
4348
4402
4388
4374
4402
4386
4350
4290
4390
4442
4406
4390
4382
4288
4308
4240
4234
4242
4196
4312
4290
4430
4500
4540
4452
4514
4442
4412
4496
4438
4424
4480
4480
4510
4490
4614
4638
4776
4842
4816
4708
4702
4678
4656
4692
4666
4560
4460
4520
4382
4456
4372
4316
4292
4188
4036
4124
4162
4118
4212
4164
4058
3988
4038
4146
4230
4246
4234
4208
4124
4092
4176
4156
4206
4156
4130
4092
4168
4240
4292
4392
4402
4628
4740
4746
4780
4696
4606
4570
4704
4796
4754
4488
4446
4412
4628
4620
4540
4498
4238
4298
4232
4168
4146
4156
4212
4262
4396
4382
4480
4440
4584
4608
4624
4582
4618
4672
4672
4706
4746
4770
4786
4948
4818
4832
4806
4792
4580
4576
4672
4678
4608
4766
4770
4774
4732
4734
4872
4812
4720
4694
4720
4712
4746
4674
4702
4586
4532
4578
4522
4600
4436
4530
4612
4526
4618
4746
4642
4644
4618
4510
4548
4458
4506
4358
4386
4368
4556
4554
4562
4450
4386
4344
4292
4328
4390
4330
4316
4324
4244
4386
4370
4330
4298
4280
4258
4234
4308
4306
4272
4490
4430
4426
4370
4372
4316
4404
4400
4482
4522
4624
4488
4508
4400
4386
4320
4356
4376
4364
4238
4216
4014
3930
4004
4134
4178
4094
4208
4134
4040
4068
4072
4124
4014
3824
3812
3964
3894
3882
3932
3916
4000
4008
4056
4166
4222
4252
4340
4406
4476
4530
4552
4484
4514
4378
4328
4152
4256
4316
4308
4208
4176
4090
3992
3884
3932
3980
4018
3934
3908
3916
4114
4136
4112
3964
4108
4194
4176
4170
4282
4250
4318
4322
4348
4390
4330
4474
4464
4488
4564
4648
4732
4568
4634
4542
4626
4668
4608
4548
4510
4560
4670
4694
4834
4796
4922
4974
4840
4818
4782
4938
4972
4936
4942
4942
4882
4898
4846
4924
4886
4832
4812
4708
4650
4602
4564
4540
4530
4712
4670
4536
4560
4702
4788
4856
4990
4744
4824
4810
4814
4750
4750
4546
4476
4446
4538
4488
4594
4554
4390
4434
4422
4416
4442
4502
4644
4762
4602
4680
4554
4606
4590
4584
4716
4722
4646
4802
4858
4762
4760
4778
4716
4812
4824
4892
4982
4880
4884
4784
4816
4762
4766
4676
4872
4740
4872
4808
4810
4672
4716
4776
4808
4802
4888
4930
4922
5010
4862
4964
4984
4934
4966
5014
5112
4982
4956
4836
4794
4910
4768
4802
4726
4724
5006
4976
5064
5164
5202
5068
5160
5040
5048
5024
5070
4960
4936
5070
5034
5106
4904
4816
4818
4766
4682
4612
4602
4534
4630
4760
4752
4774
4838
4748
4676
4682
4680
4716
4762
4730
4816
4924
4950
4960
4920
4780
4712
4692
4716
4802
4688
4724
4650
4706
4862
4714
4618
4532
4498
4602
4694
4650
4528
4504
4450
4360
4370
4576
4600
4564
4598
4502
4506
4512
4572
4712
4742
4798
4918
4784
4712
4638
4664
4788
4884
4874
4870
4966
5016
4896
4858
4842
4832
4608
4718
4732
4712
4628
4614
4620
4550
4508
4528
4504
4428
4452
4408
4308
4324
4374
4470
4570
4482
4452
4436
4422
4354
4274
4378
4280
4354
4336
4466
4346
4424
4502
4482
4482
4466
4538
4636
4412
4446
4436
4344
4426
4588
4520
4506
4576
4452
4542
4426
4200
4208
4184
4046
4056
4050
4152
4162
4184
4194
4196
4400
4352
4388
4458
4464
