2704
2732
2694
2684
2692
2734
2768
2744
2758
2680
2662
2670
2580
2572
2616
2664
2660
2568
2492
2476
2404
2390
2502
2556
2540
2476
2508
2508
2558
2482
2494
2580
2596
2610
2636
2626
2650
2660
2666
2586
2642
2652
2596
2554
2556
2456
2384
2410
2404
2408
2388
2332
2362
2372
2322
2342
2410
2394
2386
2342
2356
2276
2350
2366
2392
2404
2394
2324
2240
2444
2428
2416
2408
2400
2414
2466
2482
2402
2464
2528
2544
2566
2600
2606
2576
2586
2560
2650
2688
2622
2670
2644
2712
2630
2590
2488
2480
2550
2470
2466
2548
2492
2506
2386
2400
2422
2356
2334
2354
2384
2384
2474
2472
2506
2566
2634
2616
2578
2508
2444
2440
2484
2424
2446
2386
2436
2438
2382
2430
2478
2576
2464
2480
2358
2330
2330
2384
2308
2416
2510
2496
2482
2478
2516
2404
2456
2428
2450
2402
2424
2388
2436
2400
2324
2290
2366
2310
2268
2336
2368
2442
2428
2508
2536
2532
2410
2424
2422
2476
2468
2512
2516
2582
2596
2562
2560
2580
2576
2566
2518
2466
2536
2526
2504
2546
2564
2566
2584
2556
2530
2562
2564
2530
2592
2548
2508
2572
2572
2574
2532
2538
2476
2356
2370
2332
2360
2334
2366
2286
2246
2266
2244
2362
2418
2394
2316
2384
2362
2430
2378
2404
2498
2516
2492
2526
2640
2692
2714
2744
2790
2704
2706
2696
2624
2604
2628
2670
2636
2626
2566
2564
2598
2610
2614
2674
2644
2756
2746
2778
2880
2834
2790
2842
2824
2844
2766
2738
2658
2768
2848
2878
2896
2840
2778
2766
2812
2830
2766
2742
2742
2782
2924
2826
2784
2788
2850
2806
2808
2790
2796
2856
2796
2894
2884
2878
2914
2858
2854
2838
2874
2840
2850
2794
2826
2798
2862
2868
2868
2944
2892
2870
2918
2834
2802
2972
2948
2952
2974
2974
2986
3100
3170
3112
3150
3142
3114
3142
3124
3132
3168
3104
3118
3084
3110
3046
3110
3120
3140
3018
2932
2938
3004
2974
3002
2974
3004
3048
3052
3018
3042
3104
3108
3162
3152
3156
3160
3132
3060
3040
3076
3054
3074
3164
3080
3026
2976
2988
3026
3088
3102
3022
3064
3018
3044
3100
3132
3152
3092
3040
3022
3088
3112
3094
3022
2994
2966
2876
2872
2916
2918
2968
2948
2966
2984
2982
3040
2952
2924
2904
2880
2900
2876
2884
2892
2860
2816
2828
2936
3002
2974
2978
2966
3026
2986
3028
3000
3008
2988
3026
3110
3100
3068
3082
3094
3102
3120
3106
3064
3034
3050
3028
3058
3042
2988
2930
2938
2924
2944
2918
2864
2914
2944
2978
3010
3092
3096
3156
3160
3088
3022
3110
3130
3084
3088
3038
3000
3100
3172
3090
2938
2936
2966
2884
2918
2880
2920
2950
2854
2878
2816
2860
2796
2808
2870
2816
2822
2860
2854
2900
2850
2830
2770
2734
2792
2706
2774
2702
2720
2678
2732
2676
2640
2664
2670
2618
2684
2640
2524
2566
2604
2644
2748
2688
2712
2724
2754
2784
2806
2716
2710
2702
2590
2498
2528
2566
2496
2448
2342
2276
2228
2228
2294
2348
2268
2318
2338
2312
2230
2272
2276
2278
2372
2390
2330
2306
2242
2256
2244
2294
2240
2154
2188
2192
2254
2300
2322
2394
2432
2404
2380
2396
2386
2400
2460
2554
2512
2412
2446
2368
2354
2450
2494
2510
2460
2470
2486
2464
2382
2292
2248
2224
2196
2158
2130
2150
2158
2124
2152
2066
2074
2078
2184
2128
2098
1990
2010
2014
1960
1962
2076
2082
2106
2122
2148
2196
2264
2290
2332
2344
2400
2436
2404
2374
2332
2412
2402
2410
2428
2430
2344
2360
2324
2354
2334
2384
2398
2340
2304
2282
2304
2224
2164
2154
2218
2222
2198
2224
2332
2436
2396
2396
2426
2438
2332
2314
2294
2262
2282
2316
2330
2272
2286
2362
2400
2458
2458
2510
2510
2508
2544
2550
2492
2594
2546
2502
2564
2608
2574
2550
2642
2654
2532
2538
2496
2570
2568
2556
2578
2630
2676
2666
2628
2666
2674
2656
2652
2726
2734
2670
2620
2646
2626
2616
2604
2588
2580
2698
2760
2770
2756
2742
2722
2728
2766
2734
2658
2624
2686
2704
2712
2654
2706
2786
2786
2814
2850
2836
2766
2742
2728
2770
2730
2684
2656
2788
2752
2864
2886
2926
2920
2990
2934
2892
2916
3018
3022
3012
2974
3018
3018
2986
3002
2908
2860
2878
2894
2898
2850
2816
2846
2872
2870
2836
2802
2826
2850
2816
2772
2814
2780
2796
2884
2904
2896
2902
2916
2944
2936
2904
2910
2906
2886
2924
2898
2904
2904
2960
2866
2916
2862
2922
2872
2856
2824
2814
2836
2766
2778
2674
2602
2650
2638
2690
2676
2590
2570
2628
2638
2672
2672
2680
2708
2784
2744
2800
2778
2832
2716
2812
2822
2848
2742
2712
2724
2752
2812
2832
2844
2772
2778
2708
2766
2766
2802
2758
2828
2890
2926
2834
2780
2782
2764
2718
2682
2650
2714
2632
2720
2768
2742
2764
2816
2894
2874
2928
2944
2822
2918
2816
2774
2810
2836
2836
2868
2868
2862
2956
2888
2906
2940
2978
2886
2882
2884
2982
2962
2942
2998
2922
2906
2868
2880
2894
2904
2936
2936
2940
2972
3072
2936
2868
2860
2852
2898
3060
3096
3050
3156
3124
3108
3008
2978
3000
3012
3124
3164
3122
3150
3218
3138
3210
3218
3286
3228
3202
3262
3232
3092
3046
3120
3110
3076
3106
3056
3004
2964
3050
3046
3084
3144
3210
3258
3246
3188
3168
3074
3064
3046
2994
2976
3034
3056
2950
2902
2852
2830
2868
2920
2858
2762
2686
2720
2662
2606
2582
2676
2632
2612
2626
2624
2584
2682
2602
2720
2754
2768
2850
2808
2752
2710
2760
2820
2884
2834
2780
2792
2776
2632
2670
2756
2718
2672
2732
2808
2736
2664
2638
2610
2622
2578
2600
2642
2566
2550
2508
2530
2568
2558
2496
2494
2606
2660
2586
2540
2578
2598
2630
2592
2622
2592
2608
2534
2632
2626
2600
2620
2596
2524
2458
2444
2526
2496
2528
2594
2576
2542
2538
2542
2500
2522
2484
2494
2446
2414
2460
2500
2406
2516
2476
2438
2516
2544
2486
2534
2592
2516
2546
2516
2506
2478
2530
2520
2542
2538
2508
2476
2336
2332
2272
2298
2246
2236
2228
2242
2142
2166
2026
2084
2080
2126
2124
2090
2028
2016
2080
2010
2100
2154
2154
2202
2212
2234
2302
2286
2314
2258
2202
2162
2144
2210
2136
2044
2082
1972
2052
2096
2188
2194
2254
2312
2266
2284
2288
2292
2300
2302
2314
2260
2376
2358
2364
2318
2320
2264
2248
2230
2250
2264
2270
2298
2332
2326
2310
2350
2352
2378
2424
2516
2600
2616
2694
2678
2628
2554
2522
2434
2448
2428
2380
2374
2348
2346
2366
2330
2348
2364
2394
2346
2442
2338
2332
2394
2364
2426
2446
2402
2336
2252
2266
2212
2102
2032
2074
2108
2234
2116
2092
2006
1946
1928
1946
1914
1946
1956
1894
1878
1856
1728
1658
1670
1762
1804
1738
1678
1618
1640
1656
1618
1634
1700
1648
1742
1802
1772
1718
1698
1658
1530
1540
1600
1658
1644
1642
1720
1696
1682
1626
1684
1650
1586
1558
1618
1598
1604
1572
1598
1636
1614
1696
1796
1828
1780
1756
1718
1710
1774
1754
1838
1828
1808
1774
1794
1764
1872
1826
1856
1896
1972
1950
1964
2088
2122
2118
2100
2094
2082
2132
2156
2076
2086
2172
2132
2080
2106
2042
2046
1966
1944
1976
1984
1990
1936
2034
1952
2012
1974
1856
1918
1920
1984
1978
1922
1920
1890
1932
1932
1960
1946
1922
1854
1862
1960
1946
2022
1940
1970
2008
1880
1948
2078
2100
2152
2100
2186
2000
1962
1920
1938
2026
2026
2024
2040
2070
2144
2212
2242
2278
2144
2104
2046
2096
2094
2130
2034
2138
2220
2258
2310
2248
2250
2322
2340
2344
2346
2462
2482
2488
2468
2474
2512
2428
2476
2506
2544
2514
2446
2492
2504
2512
2540
2596
2596
2618
2674
2656
2694
2756
2738
2802
2896
2846
2794
2818
2744
2774
2812
2812
2766
2760
2872
2920
2926
2910
2860
2768
2744
2830
2894
3026
3054
3026
3064
3012
3070
3058
3040
3036
3022
3080
3048
3036
3068
3000
2936
2970
2990
2918
2950
2992
2886
2862
2896
2908
2952
3006
2988
2972
2966
2858
2886
2882
2844
2930
2928
3050
3078
3046
3068
3102
3040
3008
3110
3180
3214
3224
3236
3266
3216
3244
3282
3270
3212
3222
3226
3236
3148
3134
3078
3106
3066
3034
3088
3146
3194
3220
3192
3200
3216
3256
3352
3370
3362
3392
3346
3212
3266
3218
3252
3186
3160
3148
3148
3166
3180
3192
3210
3154
3114
3112
2994
3014
2990
3130
3146
3102
3076
3018
2942
2926
3006
2984
3044
3112
3122
3132
3094
3138
3230
3152
3156
3128
3116
3110
3062
3102
3080
3040
3102
3118
3110
3100
3126
3174
3068
3058
3092
3150
3174
3150
3090
3192
3214
3188
3260
3232
3202
3176
3194
3156
3198
3250
3218
3100
3044
3070
2996
3028
3180
3208
3294
3214
3154
3140
3120
3142
3126
3164
3082
2988
2966
2906
2936
2946
2870
2936
2910
2958
2934
2954
3016
3098
3018
3142
3128
3076
3138
3048
3096
3160
3116
3178
3188
3102
3178
3172
3220
3148
3066
2976
3004
3032
3050
3048
3020
2946
2908
3012
3088
3056
3064
3094
3100
3126
3164
3118
3082
3002
3028
3006
2974
2954
2882
2952
2894
2892
3008
3014
3136
3126
3058
3056
3102
3074
3066
3084
3188
3170
3134
3170
3082
3110
3146
3110
3052
3132
3014
2998
3018
3060
3054
3084
3076
3028
3014
3108
3238
3256
3162
3224
3202
3180
3240
3144
3070
3148
3070
3058
2938
3012
3042
3084
3068
3044
3034
3048
3102
3024
3002
2990
2962
2980
2956
2868
2884
2902
2910
2962
2852
2856
2838
2932
2882
2818
2852
2754
2786
2880
2872
2806
2802
2830
2866
2864
2974
2896
2906
2948
2952
3008
3058
3074
3036
3056
3090
3092
3072
3094
3090
3114
3174
3126
3094
3114
3122
3074
3100
3124
3098
3108
3060
3112
2960
2930
2918
3008
2960
2974
3016
3094
3124
3132
3170
3164
3116
3072
3108
3114
3146
3092
3046
3094
3160
3130
3078
2998
3030
3018
3000
3038
3052
3130
3180
3188
3182
3118
3170
3116
3180
3182
3136
3112
3232
3254
3258
3226
3180
3214
3242
3186
3140
3222
3198
3126
3138
3200
3162
3184
3158
3176
3188
3238
3254
3262
3182
3158
3174
3118
3134
3104
3094
3154
3100
3068
3122
3180
3260
3286
3248
3248
3264
3240
3232
3202
3254
3270
3270
3274
3296
3220
3182
3204
3206
3200
3156
3122
3048
3142
3254
3136
3180
3184
3136
3110
3058
3010
2956
2906
2844
2902
2962
2908
2906
2964
3020
2904
2924
2920
2876
2830
2828
2818
2780
2784
2844
2856
2876
2786
2800
2814
2862
2860
2840
2864
2828
2882
2918
2828
2884
2868
2802
2840
2822
2824
2804
2806
2786
2788
2842
2878
2884
2842
2932
2954
2934
2842
2884
2906
2870
2806
2812
2876
2834
2776
2770
2780
2714
2684
2716
2660
2660
2598
2716
2732
2782
2802
2806
2772
2726
2792
2812
2742
2780
2856
2802
2802
2726
2664
2664
2706
2790
2792
2670
2804
2864
2854
2868
2822
2798
2850
2774
2788
2714
2646
2648
2714
2760
2726
2702
2724
2560
2682
2698
2648
2618
2610
2682
2548
2542
2480
2544
2640
2750
2790
2684
2704
2806
2824
2900
2998
2994
2972
2962
2924
2836
2856
2874
2834
2832
2874
2976
3038
3084
2968
2998
3080
3010
2972
3080
3142
3016
2988
2954
2970
3052
3144
3146
3080
3008
3102
3078
3102
3134
3124
3200
3092
3098
3084
3060
3054
3166
3114
3156
3166
3166
3124
3120
3162
3254
3242
3158
3182
3158
3104
3122
3052
3032
3108
3146
3176
3152
3148
3104
3028
3050
3042
2942
2966
2854
2972
2930
2964
2814
2916
2916
2808
2810
2842
2876
2826
2776
2748
2872
2864
2782
2836
2868
2848
2828
2810
2762
2702
2724
2750
2730
2754
2704
2692
2680
2782
2806
2812
2902
3000
2910
2908
2882
2842
2826
2840
2798
