3240
3198
3268
3304
3292
3222
3248
3260
3196
3148
3168
3218
3230
3260
3202
3248
3200
3214
3156
3186
3228
3372
3462
3438
3482
3434
3398
3374
3382
3400
3382
3344
3266
3298
3206
3266
3290
3284
3296
3290
3334
3290
3252
3302
3282
3272
3348
3328
3324
3346
3322
3304
3284
3272
3252
3262
3320
3236
3186
3254
3244
3270
3294
3312
3432
3442
3472
3522
3558
3498
3582
3546
3526
3510
3436
3454
3412
3382
3384
3416
3464
3458
3456
3408
3352
3334
3394
3404
3340
3340
3334
3320
3370
3280
3274
3352
3392
3420
3410
3408
3384
3326
3358
3336
3396
3320
3240
3216
3266
3304
3314
3264
3244
3284
3358
3362
3352
3278
3322
3342
3352
3348
3332
3384
3318
3308
3268
3272
3258
3272
3354
3382
3458
3428
3498
3456
3402
3406
3330
3308
3320
3334
3370
3376
3384
3338
3314
3308
3336
3304
3240
3200
3150
3168
3102
3090
3026
3082
3078
3164
3124
3152
3120
3120
3066
3164
3110
3172
3110
3186
3234
3284
3260
3300
3360
3272
3222
3268
3280
3214
3144
3134
3152
3180
3198
3148
3138
3072
3050
3034
3098
3130
3154
3218
3100
3076
3036
3100
3118
3120
3110
3106
3144
3098
3090
3090
3084
3136
3196
3182
3206
3228
3300
3288
3220
3232
3180
3094
2990
2952
2932
2936
2968
2976
2974
2980
2986
2946
2930
2870
2948
2904
2874
2938
2900
2872
2950
2980
2958
2900
2920
2948
2864
2864
2848
2848
2890
2956
2924
2886
2784
2728
2734
2838
2822
2886
2882
2918
2956
2954
2998
3064
3028
3026
2998
3004
3000
3096
3110
3040
3126
3106
3096
3072
3042
3098
3054
3040
3078
3140
3104
3152
3186
3102
3130
3142
3112
3134
3160
3094
3060
3132
3168
3172
3226
3196
3218
3240
3236
3184
3128
3148
3050
2950
3112
3132
3154
3156
3106
3018
3048
3136
3182
3200
3254
3266
3254
3310
3324
3288
3344
3350
3446
3484
3504
3528
3460
3480
3520
3578
3492
3536
3542
3552
3558
3486
3414
3424
3326
3412
3486
3512
3500
3450
3458
3488
3488
3504
3536
3496
3458
3474
3482
3410
3364
3282
3272
3214
3298
3316
3304
3378
3316
3286
3302
3326
3248
3278
3238
3288
3280
3220
3200
3242
3268
3232
3204
3122
3174
3218
3192
3238
3182
3190
3182
3182
3078
3130
3102
3094
3140
3066
3092
3078
3034
2978
2932
2950
3032
3022
2960
2934
2888
2914
2922
2970
2964
2980
3022
2956
3068
2986
2968
2930
2926
2922
2980
3020
3058
3070
2992
2956
2936
2888
2864
2898
2904
2870
2924
2926
2968
2986
3002
2990
2976
2974
2992
3020
2996
2996
3054
3172
3166
3172
3214
3150
3208
3124
3108
3086
3138
3164
3208
3240
3184
3176
3150
3136
3148
3112
3122
3098
3082
3054
3116
3064
3024
2938
2920
2904
2892
2858
2920
2894
2926
2986
3100
3088
3106
3124
3134
3026
3074
3102
3094
3220
3080
3196
3266
3294
3294
3290
3286
3334
3340
3342
3244
3236
3206
3196
3186
3234
3218
3096
3026
3016
3108
3172
3124
3098
3058
3076
3142
3178
3124
3152
3134
3132
3208
3164
3268
3270
3346
3326
3336
3420
3414
3406
3410
3502
3522
3510
3512
3498
3546
3576
3530
3550
3536
3506
3458
3430
3400
3450
3416
3318
3316
3202
3196
3236
3208
3172
3176
3138
3160
3222
3256
3242
3202
3230
3202
3220
3248
3276
3212
3260
3276
3286
3382
3344
3330
3356
3304
3294
3334
3228
3340
3288
3306
3246
3252
3216
3212
3222
3200
3256
3248
3206
3142
3170
3146
3156
3142
3174
3126
3226
3216
3210
3198
3152
3214
3220
3142
3180
3156
3142
3200
3130
3058
3064
3174
3158
3212
3144
3140
3104
3098
3070
3038
3024
3018
3008
2992
2964
2914
2878
2846
2878
2834
2772
2756
2866
2946
2996
3022
2946
2890
2876
2930
2952
2972
3042
3090
3096
3070
3032
3060
3044
3080
3042
2980
3004
2968
2920
2908
2972
2986
3042
2972
2998
3044
3060
3044
3012
3068
3072
3114
3106
3204
3176
3182
3160
3090
3054
3026
3060
3180
3116
3024
2988
2938
3020
3002
2954
2872
2864
2934
2930
2980
2882
2938
2940
2928
3022
3014
2922
2966
2938
2994
3024
2974
2914
2978
3006
2962
2970
2982
2934
2868
2814
2726
2746
2774
2724
2662
2712
2738
2716
2710
2706
2720
2748
2734
2744
2796
2780
2718
2672
2710
2694
2656
2622
2566
2592
2672
2690
2636
2682
2712
2698
2726
2692
2668
2704
2682
2686
2676
2692
2734
2810
2782
2776
2814
2824
2852
2792
2790
2846
2844
2856
2816
2726
2746
2692
2750
2696
2786
2766
2842
2796
2834
2860
2848
2810
2868
2916
2928
2964
2944
2864
2914
2944
2950
2978
2942
2946
2890
2874
2860
2834
2816
2824
2806
2854
2914
2826
2724
2710
2750
2690
2680
2622
2702
2678
2762
2726
2652
2688
2692
2646
2718
2710
2758
2766
2788
2818
2890
2898
2920
2898
2962
2968
3058
3098
3058
2990
3022
3026
3044
3070
3146
3210
3222
3200
3228
3270
3312
3296
3316
3314
3322
3386
3418
3452
3428
3434
3352
3294
3296
3354
3396
3372
3328
3280
3292
3302
3304
3312
3242
3202
3310
3254
3268
3276
3252
3386
3468
3388
3366
3344
3324
3394
3362
3322
3260
3264
3366
3478
3432
3442
3420
3406
3402
3352
3368
3378
3290
3338
3286
3272
3206
3164
3100
3168
3180
3206
3238
3242
3176
3250
3174
3182
3198
3194
3122
3094
3188
3214
3268
3284
3318
3270
3252
3222
3144
3156
3156
3174
3212
3312
3278
3276
3282
3210
3210
3220
3210
3212
3180
3208
3218
3262
3304
3274
3200
3196
3190
3198
3166
3150
3164
3186
3204
3184
3168
3112
3158
3202
3296
3328
3340
3356
3298
3268
3236
3274
3272
3302
3262
3274
3272
3242
3222
3254
3302
3262
3244
3256
3288
3338
3260
3330
3256
3202
3244
3238
3260
3278
3330
3354
3332
3364
3322
3396
3398
3460
3416
3454
3440
3394
3418
3488
3464
3474
3486
3506
3452
3450
3430
3488
3464
3452
3468
3464
3526
3504
3514
3536
3548
3504
3498
3508
3466
3468
3448
3408
3436
3410
3474
3410
3438
3504
3518
3542
3510
3532
3556
3448
3438
3394
3384
3434
3412
3476
3444
3470
3466
3466
3444
3370
3416
3324
3282
3242
3246
3298
3214
3250
3252
3258
3280
3308
3280
3298
3396
3286
3258
3304
3340
3344
3302
3206
3228
3244
3136
3094
3148
3208
3224
3190
3142
3216
3180
3206
3288
3328
3356
3394
3364
3396
3418
3416
3370
3304
3288
3234
3236
3258
3140
3222
3218
3144
3252
3324
3316
3346
3314
3278
3230
3222
3174
3222
3252
3380
3372
3346
3360
3350
3380
3400
3408
3368
3392
3324
3352
3342
3420
3466
3494
3514
3382
3418
3418
3474
3448
3488
3504
3546
3470
3490
3490
3404
3386
3430
3386
3354
3416
3436
3376
3406
3376
3346
3354
3452
3344
3338
3302
3326
3292
3334
3294
3240
3148
3218
3198
3196
3116
3066
3076
3066
3064
3064
3130
3046
3078
3112
3140
3168
3140
3170
3158
3128
3070
3074
3044
3040
3080
3080
3170
3104
3056
3082
3032
3088
3088
3146
3182
3228
3202
3232
3176
3196
3082
3106
3098
3086
3166
3224
3274
3342
3470
3428
3426
3366
3376
3340
3378
3340
3266
3310
3334
3356
3278
3356
3314
3274
3296
3260
3292
3260
3272
3220
3206
3210
3258
3310
3284
3258
3190
3200
3176
3154
3156
3170
3224
3178
3174
3046
3094
3084
3142
3230
3238
3198
3210
3152
3068
3098
3096
3130
3054
3042
3028
3052
3036
3042
3042
3084
3134
3112
3068
3082
3082
3122
3086
3146
3188
3230
3236
3188
3206
3214
3124
3198
3326
3232
3264
3272
3230
3230
3178
3256
3294
3184
3208
3216
3124
3178
3188
3250
3226
3112
3098
3104
3146
3108
3148
3118
3114
3124
3068
3090
3092
3076
3066
3074
3072
3126
3092
3168
3200
3194
3096
3096
3068
3124
3000
2962
3024
3016
2966
2978
3066
2906
2978
3022
3070
3032
3024
3022
2974
2932
3014
3060
3058
3108
3106
3158
3112
3074
3066
3130
3050
3062
3082
3076
3084
3052
3066
3070
3152
3200
3226
3136
3074
3052
3076
2958
2852
2934
2976
2966
2960
3006
3046
3074
3040
2956
2894
2898
2848
2902
2916
2962
2962
2982
3046
2994
3116
3010
3046
2964
2920
2954
3010
2970
2950
2990
3000
2980
3018
2958
2912
2908
2886
2864
2936
2884
2830
2788
2808
2722
2758
2816
2800
2834
2834
2830
2772
2772
2796
2732
2690
2784
2748
2736
2840
2860
2892
2958
2966
2970
3018
3034
3004
3032
3016
2942
2850
2952
2990
2960
2922
2900
2882
2822
2792
2720
2768
2738
2780
2824
2820
2824
2764
2740
2714
2702
2730
2682
2766
2748
2768
2790
2810
2828
2836
2784
2756
2704
2718
2710
2602
2708
2636
2718
2798
2802
2772
2748
2742
2802
2758
2796
2756
2698
2708
2678
2646
2734
2770
2768
2788
2780
2776
2796
2854
2834
2796
2744
2730
2690
2694
2748
2874
2820
2760
2660
2646
2658
2696
2820
2714
2696
2650
2702
2800
2822
2818
2924
2810
2924
2924
2940
3028
3042
2950
2908
2888
2940
2952
2940
2976
2996
3042
3020
3026
3064
3044
3100
3074
3136
3168
3190
3218
3306
3248
3216
3244
3244
3292
3234
3264
3316
3308
3350
3302
3250
3282
3264
3228
3218
3186
3180
3192
3130
3054
3048
3064
3056
3102
3132
3106
3048
3088
3090
3040
2992
2954
2914
2926
2906
2986
2986
2890
2966
2998
2964
2980
2990
2988
3050
3102
3056
3094
3150
3128
3128
3090
3114
3024
2976
3054
2994
2972
2968
2986
3004
2988
2928
2918
2944
3010
3026
2930
2958
2950
3034
3012
3038
3044
3120
3062
3014
3000
2960
3024
3064
3156
3188
3168
3194
3208
3140
3112
3046
3120
3182
3192
3196
3146
3070
3070
3008
2968
2982
2978
3056
3148
3096
3088
3126
3162
3170
3190
3166
3198
3200
3160
3288
3274
3206
3238
3288
3252
3184
3234
3200
3222
3276
3254
3270
3232
3310
3334
3362
3276
3266
3294
3290
3278
3298
3328
3334
3362
3352
3304
3314
3254
3218
3186
3272
3246
3270
3234
3228
3278
3244
3226
3158
3204
3266
3244
3226
3218
3170
3102
3074
3034
3076
3114
3148
3166
3150
3102
3146
3122
3128
3144
3188
3228
3134
3192
3150
3240
3148
3184
3206
3224
3196
3100
3126
3196
3194
3110
3118
3108
3102
3204
3196
3204
3204
3254
3214
3288
3228
3172
3198
3134
3104
3124
3092
3056
3066
3050
3020
2984
3094
3024
3094
3118
3066
2962
2954
2928
3022
3000
2976
2908
2932
2984
2950
2918
2832
2852
2912
2902
2898
2886
2932
2948
2936
2920
2938
2890
2920
2918
2986
3018
3016
3010
2916
2908
2860
2888
2916
2934
2930
3060
3108
3090
3092
3098
3138
3122
3046
2992
2964
2968
2962
2940
2928
2868
2904
2978
2994
2958
3090
3062
3058
3082
3138
3148
3142
3106
3044
3056
3028
3040
2986
2952
3006
2990
2972
3018
3034
3064
3022
3040
2940
2942
2958
2974
2962
2922
2964
2972
2958
2994
2980
2946
2964
2996
3026
2992
3040
3094
3134
3054
3070
3124
3118
3116
3168
3120
3120
3152
3116
3092
3110
3158
3174
3156
3150
3130
3128
3102
3148
3160
3106
3020
3030
3082
3112
3190
3168
3122
3058
3036
3068
3038
3072
3088
3110
3130
3080
3116
3174
3154
3090
3114
3048
3014
2982
3006
3072
2992
2976
3030
3042
3030
2966
2962
3002
2942
2904
2896
2830
2838
2844
2764
2748
2686
2692
2726
2690
2802
2778
2754
2704
2682
2704
2758
2698
2722
2820
2786
2860
2924
2816
2870
2894
2980
3030
2984
3008
3040
2974
3006
2996
3032
2970
2982
3044
2994
3028
2994
3046
2958
3004
2930
2876
2840
2890
2876
2954
2920
2936
3002
3014
2920
2892
2840
2880
2940
2974
2998
3020
2934
3028
3026
3012
3070
3124
3042
3038
3022
3048
3080
3104
3170
3180
3186
3224
3250
3288
3298
3258
3324
3294
3306
3248
3284
3254
3276
3324
3288
3298
3306
3300
