2762
2828
2816
2778
2864
2724
2750
2712
2780
2772
2688
2744
2726
2780
2806
2924
2864
2816
2810
2846
2740
2806
2888
2936
2894
2870
2862
2746
2882
2868
3006
3030
2916
2850
2744
2634
2494
2522
2504
2570
2574
2634
2646
2590
2486
2428
2460
2478
2502
2580
2530
2558
2584
2620
2578
2624
2574
2528
2532
2556
2522
2454
2398
2352
2364
2274
2276
2198
2220
2182
2276
2352
2284
2234
2158
2170
2106
2038
2048
2062
2048
2082
2194
2160
2224
2216
2234
2198
2128
2124
2080
2006
1924
1954
1968
1948
2076
2060
2196
2192
2168
2224
2192
2156
2020
2132
2144
2146
2148
2068
2052
2060
2024
1930
1862
1918
1916
1964
1878
1866
1916
1830
1860
1930
1852
1830
1890
2034
1988
1866
1954
1792
1774
1756
1690
1626
1694
1690
1794
1746
1780
1820
1784
1804
1736
1774
1758
1830
1828
1898
1868
1872
1802
1846
1832
1872
1754
1654
1598
1606
1678
1698
1708
1722
1758
1778
1816
1800
1680
1650
1626
1666
1584
1630
1608
1582
1528
1566
1594
1566
1492
1444
1488
1468
1322
1384
1352
1280
1352
1326
1370
1426
1436
1482
1336
1284
1230
1328
1322
1254
1256
1240
1120
1044
1036
1020
1014
1102
1130
1142
1226
1244
1230
1172
1188
1216
1306
1310
1244
1206
1098
1094
1060
1052
1042
986
946
948
964
962
1002
978
972
1010
988
828
870
860
836
866
918
928
890
920
946
918
854
862
876
792
748
780
862
894
900
844
804
884
870
762
818
930
836
924
986
1020
988
864
864
1024
976
1002
1028
1116
1122
1122
1190
1226
1164
1088
1084
1120
1100
1146
1184
1150
986
992
950
910
964
1004
1026
972
920
884
828
780
796
750
706
628
658
654
590
590
532
522
562
524
524
508
488
568
518
522
570
536
428
466
520
552
532
550
552
548
522
574
620
618
568
636
626
642
738
692
670
730
730
650
654
650
614
614
650
686
672
706
780
662
584
574
610
576
594
576
604
742
680
674
722
758
678
558
588
650
686
742
912
788
888
878
928
922
950
848
756
720
754
880
848
902
1028
956
904
940
908
948
850
848
830
786
786
856
860
886
904
874
804
928
854
758
784
730
742
744
750
800
840
788
814
812
838
916
966
914
888
898
932
1008
1022
904
834
834
856
836
790
834
890
790
818
690
644
670
620
710
810
848
812
690
814
906
900
872
932
1018
994
976
878
840
928
872
842
832
858
824
804
804
814
782
874
850
858
886
780
826
884
848
850
864
772
716
726
630
578
560
436
500
514
596
574
424
374
470
488
604
764
748
692
612
720
612
658
666
664
612
658
650
548
562
542
614
620
646
664
582
546
488
412
450
388
378
348
362
420
422
366
360
318
324
380
362
370
464
358
412
366
320
412
448
434
524
520
442
426
374
540
566
578
578
558
570
622
578
708
762
650
612
680
570
568
616
596
582
622
662
664
708
678
702
656
600
558
552
572
666
646
702
674
586
518
562
578
500
552
524
468
434
546
486
416
492
556
502
562
584
600
598
608
628
600
564
586
544
598
600
608
678
678
676
664
716
810
856
750
730
728
740
774
878
866
886
916
896
982
1020
1036
946
872
838
790
864
942
832
874
876
888
884
822
766
790
712
634
652
714
674
654
598
526
466
462
450
392
372
426
374
368
314
350
358
330
422
414
442
488
502
384
388
426
488
436
472
404
432
364
356
328
280
308
232
186
288
160
126
192
140
174
80
150
114
110
12
46
30
36
66
32
12
28
76
16
38
60
6
76
46
60
116
220
160
180
60
128
154
114
104
206
194
224
302
356
262
294
348
320
294
258
232
154
110
118
38
62
86
2
34
56
38
180
238
178
158
136
52
20
10
46
72
80
146
96
226
240
248
172
204
370
408
452
544
570
476
482
496
540
568
572
514
576
670
666
702
740
748
644
578
528
526
502
442
446
398
406
292
278
320
318
312
364
456
438
458
398
302
460
532
474
368
362
340
338
344
384
372
350
288
258
256
254
230
188
274
372
306
280
324
328
356
400
434
466
400
428
350
402
430
394
278
236
202
174
158
298
380
318
312
242
238
228
190
164
218
224
144
90
94
66
88
98
290
238
180
220
314
362
418
426
332
316
412
350
364
358
376
402
410
560
538
544
574
538
610
544
490
526
524
552
618
644
538
544
480
512
542
574
612
588
578
518
566
556
572
594
608
520
446
406
336
402
398
318
272
264
244
392
428
434
468
476
482
510
552
628
698
712
696
780
794
778
772
788
750
782
710
734
716
726
816
826
780
836
920
890
940
876
766
820
878
910
906
994
954
976
924
894
832
780
786
784
784
776
736
734
718
758
628
664
722
614
596
684
626
522
570
526
534
534
498
592
552
664
688
756
684
636
656
704
728
696
634
632
566
580
596
598
462
422
356
334
448
416
410
330
410
488
454
384
360
302
184
290
378
304
236
190
180
90
154
70
64
202
244
218
156
66
4
108
154
122
298
268
170
110
144
100
94
84
108
48
70
72
46
32
84
52
10
80
36
52
108
94
106
176
20
48
62
52
96
70
118
108
78
64
34
60
70
108
54
10
80
118
112
116
60
94
22
2
48
26
34
34
54
88
110
144
80
100
24
8
22
16
8
140
44
56
110
30
134
130
66
92
88
54
24
8
82
40
112
40
136
208
228
188
242
292
408
452
440
522
442
600
632
596
558
554
422
424
458
490
358
328
368
410
492
428
602
478
520
472
456
434
488
446
402
404
318
314
430
502
560
542
470
380
428
442
498
574
582
558
572
604
604
524
514
556
502
526
430
472
436
454
402
404
412
438
458
416
388
470
468
466
434
448
358
442
456
474
528
546
476
440
510
552
728
610
696
712
680
750
748
818
880
964
866
884
934
942
934
936
956
984
1044
1104
1124
1216
1244
1284
1168
1184
1202
1168
1090
1126
1198
1314
1344
1254
1302
1292
1246
1306
1320
1376
1326
1316
1332
1326
1252
1152
1168
1162
1218
1378
1336
1414
1444
1390
1346
1486
1534
1486
1378
1330
1258
1264
1322
1250
1258
1072
1058
1124
1092
1136
1196
1256
1264
1254
1234
1240
1256
1248
1258
1178
1278
1256
1126
1092
1126
1190
1110
1136
1242
1196
1220
1270
1194
1254
1300
1234
1288
1244
1278
1294
1308
1350
1366
1476
1400
1404
1426
1428
1390
1310
1348
1276
1366
1282
1250
1312
1220
1220
1240
1328
1338
1250
1172
1120
1164
1082
1118
1128
1088
1100
1148
1186
1238
1130
1072
1090
1064
1076
1108
1082
1042
994
984
1020
1068
1068
1078
1004
964
876
972
1024
994
1016
1142
1140
1142
1160
1174
1190
1176
1168
1068
1116
1226
1254
1244
1164
1158
1122
1058
916
898
896
1052
976
956
924
894
930
834
844
820
850
840
896
898
922
912
880
910
876
882
898
838
786
724
802
804
854
824
880
814
856
912
894
894
900
856
784
850
850
922
968
880
902
956
894
924
868
892
970
972
1058
1036
1004
1042
1116
1162
1180
1158
1222
1294
1352
1372
1302
1252
1230
1176
1170
1230
1172
1140
1206
1332
1238
1208
1166
1208
1240
1234
1242
1214
1270
1264
1214
1206
1124
996
1060
1080
1056
1036
1008
1004
1124
1134
1132
1184
1224
1294
1330
1418
1400
1362
1326
1356
1268
1276
1330
1308
1200
1126
1178
1196
1142
1142
1140
1230
1212
1258
1266
1330
1362
1362
1454
1366
1386
1332
1274
1208
1196
1140
1156
1098
1088
1042
890
888
862
886
932
868
882
896
900
946
998
1008
932
932
972
818
826
804
768
712
720
658
704
650
732
596
642
600
462
502
448
434
328
302
328
356
310
342
338
412
488
524
488
378
440
380
428
500
614
598
640
756
714
762
716
794
840
768
720
724
610
518
412
452
428
312
392
348
250
226
166
238
290
294
334
382
346
262
270
348
428
468
506
450
464
480
488
488
444
462
480
542
422
420
472
336
350
280
320
242
274
292
278
278
396
342
268
186
116
154
230
302
302
346
314
320
284
302
372
364
316
318
294
294
206
228
280
258
294
196
184
160
130
204
240
260
294
436
438
574
580
500
408
446
514
500
454
456
532
508
498
426
440
510
500
372
456
474
496
570
590
624
692
794
820
840
856
856
904
962
808
806
758
694
722
612
572
654
680
718
714
864
898
816
802
906
936
964
1058
1082
1100
962
964
912
888
764
886
796
752
808
738
674
674
598
632
668
604
452
416
462
402
434
492
466
496
390
446
426
524
396
442
526
582
536
486
500
514
604
626
656
628
676
734
748
758
734
698
618
584
580
578
516
544
612
690
746
746
758
816
892
946
924
934
938
876
896
858
770
768
896
952
1036
1090
1224
1198
1228
1220
1246
1272
1170
1072
1054
1036
1224
1206
1206
1158
1144
1142
1154
1188
1182
1310
1340
1408
1414
1380
1358
1308
1266
1218
1200
1238
1262
1338
1284
1312
1334
1292
1218
1218
1152
1134
1126
1086
1126
1118
1060
978
904
828
750
758
726
712
778
810
690
668
584
674
696
784
732
828
712
880
906
908
1000
942
1040
954
848
964
1004
1040
998
1016
998
1102
1040
1028
1096
1082
1138
1178
1128
1146
1194
1254
1242
1268
1296
1280
1270
1392
1472
1484
1406
1284
1300
1262
1322
1382
1454
1448
1440
1492
1594
1590
1716
1812
1832
1756
1802
1922
1948
1922
1976
1872
1908
1872
1830
1808
1934
1994
2010
1960
2004
2096
1924
1930
1846
1782
1726
1728
1642
1542
1562
1532
1526
1566
1482
1564
1574
1576
1672
1634
1590
1608
1728
1812
1780
1904
1974
2066
2038
2036
2032
2090
2168
2146
2108
2028
1966
1900
1948
1962
1986
1952
2036
2158
2096
2192
2192
2234
2248
2210
2166
2168
2168
2208
2266
2308
2276
2238
2192
2162
2076
2136
2030
2042
1972
1994
2052
2044
2052
2046
2114
2056
2020
1956
1910
1918
1930
1896
1910
1822
1850
1902
1864
1878
1874
1912
1798
1878
1872
1914
1928
1858
1846
1790
1938
1930
1836
1882
1878
1914
1892
1896
1930
1898
1830
1854
1856
1898
1972
1932
1896
1934
1982
1934
1978
1828
1886
1872
1870
1952
1918
1934
2030
1940
1944
1926
1974
1962
2018
2078
1958
