460
320
340
494
498
528
428
440
366
396
380
452
354
366
462
582
550
580
514
496
542
602
560
358
330
352
362
304
188
204
182
152
158
218
210
136
144
148
150
112
146
110
20
94
16
0
66
32
8
56
54
78
30
106
96
106
72
72
72
64
104
128
130
116
120
64
18
6
52
32
58
38
154
32
104
56
96
38
10
14
24
48
186
120
24
72
160
204
180
174
216
382
210
192
152
206
130
212
214
62
32
30
44
86
54
136
2
54
6
20
16
72
120
162
254
314
346
306
338
472
376
424
486
550
530
510
646
612
604
540
538
552
484
618
648
680
606
548
490
474
536
582
534
494
444
366
494
586
520
570
706
566
486
480
410
426
498
562
616
692
746
836
788
772
788
784
724
688
620
552
606
594
616
596
554
456
452
390
538
584
556
562
616
652
766
766
564
504
442
360
288
334
326
300
328
208
174
80
268
308
334
346
206
238
254
160
208
134
284
266
222
252
372
384
430
306
298
318
248
138
116
6
38
62
152
202
122
78
134
72
16
54
74
90
40
78
136
82
32
66
200
206
126
190
370
372
444
574
652
582
534
548
506
458
470
466
312
268
224
276
258
256
268
406
396
404
354
344
386
420
368
190
140
102
38
86
136
134
108
20
40
148
236
342
332
262
214
206
314
340
414
460
484
482
542
552
558
514
506
436
440
494
536
622
606
550
430
422
320
276
318
278
300
344
316
170
154
140
160
246
218
142
224
188
166
172
222
218
164
132
112
112
48
22
44
134
92
44
36
6
92
182
134
154
124
38
52
94
96
162
212
200
344
378
508
548
540
638
648
586
660
638
760
792
878
866
938
1042
908
880
726
684
836
854
828
910
908
846
864
812
758
786
694
680
762
674
648
640
604
504
490
544
494
434
408
490
496
496
484
538
550
562
462
378
294
248
218
258
430
392
468
388
470
522
548
398
306
224
308
396
434
512
406
420
440
452
558
560
584
626
496
450
406
496
464
462
482
372
348
352
442
484
430
400
420
366
424
322
368
442
540
592
576
552
590
628
662
562
552
460
400
376
374
412
436
516
568
500
508
452
344
302
236
334
352
392
398
394
342
386
268
312
238
140
88
166
84
80
120
76
64
74
90
74
50
14
96
80
68
4
16
50
22
26
4
38
186
232
114
142
216
246
302
140
146
120
174
84
38
20
4
28
98
38
52
94
174
126
190
274
376
286
288
280
290
322
324
288
364
310
354
354
272
260
244
198
266
414
428
498
544
540
456
478
506
390
418
432
438
488
542
642
636
700
656
518
574
576
468
534
556
574
518
434
434
414
378
362
446
406
308
332
264
204
256
218
164
230
216
208
288
194
188
210
186
302
312
260
274
292
272
248
314
476
446
404
400
360
308
336
202
262
270
288
418
288
364
318
278
304
254
288
372
280
544
464
470
546
472
518
468
532
458
544
562
506
494
354
332
212
210
276
284
362
462
444
534
422
370
488
482
570
608
618
530
480
586
534
474
422
434
444
524
516
542
574
620
614
614
602
514
564
500
554
620
690
774
746
730
700
594
546
584
616
530
514
484
444
548
510
440
326
256
222
234
248
274
348
416
344
292
276
204
322
344
486
434
374
342
416
316
284
248
248
336
290
328
224
296
222
264
182
244
202
290
294
180
96
18
14
8
120
134
182
232
198
220
196
100
200
202
180
142
212
316
270
274
268
296
232
232
274
198
154
184
72
120
36
64
92
142
302
434
380
218
260
342
322
436
396
322
308
244
356
372
366
316
356
358
412
334
292
342
252
408
468
494
592
544
562
590
698
744
814
972
956
858
738
748
856
866
980
910
982
998
1012
944
900
814
912
766
748
736
694
706
766
612
538
590
558
570
516
536
620
632
546
576
432
450
466
378
360
526
626
594
644
500
450
496
376
376
626
578
532
510
454
366
192
154
102
22
166
106
36
138
16
10
6
48
38
24
82
144
100
38
24
128
112
40
4
36
44
162
158
58
68
98
212
206
162
194
206
180
224
324
224
296
234
180
254
252
244
276
382
392
378
380
416
388
318
264
184
186
202
68
60
116
90
36
10
104
194
216
156
230
148
254
168
204
232
180
112
116
22
134
170
250
174
290
310
268
258
286
218
240
216
270
240
230
324
182
370
408
350
464
362
476
430
526
570
530
568
556
578
572
438
572
554
530
528
432
458
496
466
356
354
410
420
318
332
292
390
328
388
330
382
366
324
314
290
344
314
366
444
246
80
58
188
120
76
92
124
104
66
94
130
168
138
80
76
44
28
88
82
12
56
82
192
278
214
354
414
532
610
658
662
626
592
740
668
634
596
540
588
582
796
832
806
802
816
796
784
684
784
692
690
730
662
824
786
786
834
806
764
792
892
892
828
748
760
720
698
668
576
486
458
408
430
430
520
460
468
424
432
380
336
328
342
420
456
486
382
388
368
380
332
364
336
322
182
242
150
204
166
222
266
150
170
264
220
312
288
218
126
192
200
188
184
384
392
348
314
288
416
390
388
552
544
604
636
636
656
672
632
664
624
596
534
520
580
580
608
686
710
602
618
522
534
704
698
732
826
726
676
582
682
600
542
530
446
400
404
366
478
354
396
370
330
282
298
262
138
218
128
150
242
298
382
290
306
286
240
382
420
438
488
440
310
390
420
322
276
334
266
198
200
130
164
118
198
144
152
228
220
192
160
78
90
60
8
26
22
24
40
120
146
102
56
62
198
168
186
206
162
114
142
24
30
18
4
70
144
38
130
108
36
24
84
26
54
30
38
30
102
198
260
166
112
208
134
118
84
66
12
48
92
174
288
354
292
322
340
396
376
432
476
392
422
364
310
398
462
408
352
328
290
304
324
288
348
268
300
318
270
314
382
262
258
290
328
304
350
342
316
420
488
436
548
514
560
548
592
494
564
574
588
528
516
504
522
374
250
278
304
206
306
228
184
212
210
312
286
248
162
214
190
136
224
282
376
430
572
484
538
560
610
602
662
524
520
634
710
732
792
804
868
890
856
928
856
840
822
888
952
856
796
1022
966
902
848
870
896
970
896
898
878
882
836
806
728
694
622
644
660
640
556
556
514
600
654
766
742
680
640
642
616
620
576
546
608
510
628
576
552
490
550
580
606
708
674
624
618
648
644
760
700
724
736
808
782
842
836
830
850
846
888
744
742
744
660
608
608
602
670
724
758
802
802
810
752
712
698
632
674
836
824
804
746
870
818
826
880
900
938
944
970
992
1138
1116
1088
1116
1056
980
974
866
808
882
818
720
748
852
818
854
890
898
892
902
782
810
846
794
840
822
996
918
916
924
792
750
638
576
612
692
792
742
790
750
686
594
496
536
566
600
698
750
588
654
726
756
744
748
736
716
720
654
650
686
770
774
752
854
910
958
1004
986
1042
1058
1068
974
1026
972
798
724
780
638
566
572
570
506
582
686
760
754
754
678
682
560
472
424
494
372
502
442
444
382
362
318
238
286
210
310
228
242
390
422
428
506
540
478
304
328
292
274
244
238
288
164
218
132
198
324
312
410
324
382
248
176
190
312
330
354
352
440
430
342
372
366
296
222
312
280
300
192
156
16
160
136
146
156
274
236
292
386
362
358
326
368
434
434
352
348
296
236
254
354
334
390
438
436
466
440
458
454
486
474
450
334
318
352
404
330
410
350
312
206
324
266
284
244
270
64
110
228
232
322
266
342
416
394
332
368
520
470
522
562
582
648
582
644
566
612
530
514
514
552
546
576
678
798
834
828
806
708
776
764
728
850
844
928
906
908
1018
1034
1032
996
1132
1098
1092
1110
1070
1118
1134
1116
1110
1098
1054
1064
976
1006
972
826
974
1048
1142
1098
924
924
770
794
726
686
702
708
620
486
514
524
504
430
418
420
484
550
646
676
648
620
740
764
644
672
690
716
626
664
612
700
626
676
714
616
560
680
574
538
496
416
444
438
508
406
322
206
212
180
184
208
104
74
80
102
160
208
292
272
338
370
374
324
318
374
368
356
296
306
306
194
240
382
460
500
372
366
418
404
352
182
188
262
284
314
354
388
572
654
570
688
642
654
590
552
556
558
600
606
632
708
612
640
660
696
722
682
640
596
586
606
596
628
682
736
782
802
858
940
1022
1038
1110
1140
1064
1196
1344
1336
1290
1212
1188
1092
924
932
976
916
898
860
896
916
1042
1002
1024
1068
1140
1090
988
850
858
852
860
856
902
894
838
746
848
852
904
802
788
840
882
896
946
950
1026
1010
926
934
1002
1138
1038
994
978
1016
1060
1020
1056
1044
1032
1108
1032
1032
928
1092
1144
1194
1024
1020
960
862
854
904
894
1034
1028
1056
1124
1228
1182
1140
1180
1134
1082
1080
1132
1250
1246
1268
1278
1256
1272
1320
1294
1100
1220
1278
1266
1242
1218
1126
1130
1236
1186
1186
1070
1094
1092
1076
1092
1038
1022
1014
968
936
1058
1034
930
936
1032
1058
1170
1298
1242
1266
1114
1160
1096
1114
1062
1106
950
968
890
904
920
1000
914
938
790
770
778
804
834
776
694
706
698
682
598
724
778
718
640
560
586
566
576
540
520
662
616
612
600
620
546
530
576
584
554
546
546
590
584
612
638
688
706
718
760
846
820
840
902
976
922
962
866
948
806
766
730
752
746
