638
636
618
674
710
700
708
682
656
670
684
738
762
688
652
642
634
614
620
572
650
666
648
598
668
616
606
610
616
610
576
624
616
576
558
570
602
608
630
656
680
710
756
732
754
796
796
800
816
790
804
798
840
836
852
852
850
842
864
836
804
766
732
756
760
720
768
730
722
740
772
760
776
794
762
752
804
814
818
804
806
784
782
786
800
814
834
832
804
790
778
790
786
774
756
762
772
758
780
808
832
808
844
856
850
848
872
890
834
836
826
818
832
820
828
814
832
868
852
830
796
802
804
762
776
814
814
810
838
844
836
870
848
840
864
856
846
802
828
780
740
740
756
772
760
760
722
796
786
770
800
794
764
736
704
680
696
706
694
746
736
746
774
772
728
754
738
716
738
720
750
766
742
722
708
744
720
716
740
716
728
688
718
698
662
686
650
648
616
626
604
622
606
638
670
642
614
608
614
632
632
630
636
614
532
564
546
608
610
630
678
684
708
722
740
730
754
736
698
698
686
616
668
682
662
646
678
690
666
698
690
762
738
718
710
740
698
698
696
678
636
630
678
704
680
690
702
712
696
662
660
632
606
624
644
674
702
696
698
694
688
732
754
736
718
698
726
692
686
688
678
644
678
746
770
802
834
858
822
844
770
788
722
746
702
712
666
674
708
706
684
702
702
714
760
734
770
778
792
776
814
814
824
814
858
892
852
830
826
794
844
820
886
860
852
858
876
872
834
832
860
820
832
816
790
766
786
754
744
702
714
688
674
708
638
658
666
686
740
744
732
712
698
710
730
732
754
776
738
730
788
790
800
786
836
816
806
816
806
792
758
794
810
828
816
802
764
762
792
776
790
822
830
846
848
842
838
842
836
860
842
874
856
848
830
838
808
802
814
826
856
860
860
854
852
816
860
842
806
824
802
816
850
830
842
812
828
860
852
834
850
870
898
914
898
880
878
830
808
802
812
780
810
810
832
826
808
804
764
742
770
748
750
718
736
794
758
744
724
762
802
756
738
698
714
732
800
764
720
730
724
720
748
758
816
814
822
840
860
864
880
896
908
896
888
860
844
812
826
834
820
814
810
782
800
770
790
774
772
746
724
732
728
720
790
792
790
790
768
784
778
744
730
728
738
712
746
718
666
654
582
598
608
578
592
618
666
712
692
692
664
656
702
666
720
668
634
668
656
660
640
652
648
658
632
654
620
644
614
634
640
640
664
680
698
718
712
698
696
664
700
666
668
650
636
612
640
636
646
622
602
638
644
704
708
712
768
774
768
752
790
776
752
764
748
738
742
770
736
724
754
744
750
742
732
746
760
738
718
742
716
688
708
662
668
642
672
668
738
690
672
650
674
696
694
712
666
672
716
740
754
752
764
772
762
756
748
778
760
774
782
798
768
734
710
710
708
760
782
778
766
756
772
736
804
796
810
832
842
844
862
828
850
884
876
872
850
852
830
824
850
846
850
826
826
876
860
810
846
868
860
864
834
818
800
822
776
794
736
724
760
740
740
730
734
730
728
720
706
704
720
706
734
710
708
640
630
636
652
658
674
682
736
708
700
756
772
774
746
720
716
740
768
746
740
762
744
724
748
778
772
746
748
792
842
832
808
790
816
840
816
818
788
776
772
786
784
790
786
776
758
756
774
782
806
796
828
850
872
878
894
880
874
876
872
898
896
862
862
870
856
866
800
744
734
766
830
814
858
828
838
850
856
826
774
770
774
766
762
772
750
766
814
788
788
768
786
812
824
830
838
818
784
766
772
784
802
758
756
740
724
736
686
702
720
734
740
760
772
772
800
782
756
788
786
770
764
784
776
802
762
804
764
746
796
802
842
836
844
796
828
828
844
820
838
856
848
834
846
868
856
856
802
794
798
860
860
872
854
890
892
856
836
864
890
900
894
890
896
886
888
876
856
876
860
854
850
828
806
806
856
846
822
818
842
858
880
888
900
898
864
872
856
844
870
868
854
842
854
840
840
840
822
788
752
774
764
742
738
694
672
660
676
694
752
712
714
712
734
742
754
792
800
766
782
762
782
772
736
748
696
740
736
716
700
712
724
736
722
718
714
722
740
742
716
718
760
766
752
788
776
812
750
768
774
756
806
830
822
802
802
804
828
850
878
872
824
822
814
842
850
786
830
852
884
898
860
830
804
828
862
836
846
814
802
802
780
762
762
740
728
768
748
758
748
784
792
812
842
830
822
828
812
830
828
842
854
868
824
830
826
810
790
800
804
834
866
852
822
812
836
838
808
792
776
802
802
828
846
822
864
864
856
882
894
908
894
874
876
838
824
814
806
826
854
806
786
828
836
850
832
832
806
808
840
852
842
872
880
868
838
810
798
840
820
838
852
856
858
816
834
802
840
850
852
852
888
860
852
850
874
888
848
824
818
836
832
804
804
836
832
846
898
884
856
858
850
870
780
788
772
826
784
802
796
776
796
748
754
758
796
822
862
864
858
854
840
836
844
822
854
834
830
824
842
864
820
814
830
802
820
778
786
840
842
840
840
816
792
772
742
726
762
758
766
768
756
774
764
784
792
806
784
806
858
846
838
826
806
828
822
868
880
886
876
878
888
836
844
818
842
868
834
798
840
794
798
794
822
816
756
712
690
670
746
766
760
734
744
738
726
714
704
672
724
752
770
730
754
742
728
776
788
760
738
760
730
748
758
768
794
814
782
764
822
832
860
848
900
888
882
888
878
886
870
856
860
856
882
864
878
882
856
836
848
854
872
812
790
784
828
768
786
772
766
754
722
706
692
678
674
710
734
702
712
756
742
734
700
740
770
780
764
760
756
780
814
786
816
754
776
778
830
826
798
798
804
812
808
824
826
840
850
840
832
806
834
830
788
794
822
850
834
858
828
832
816
808
786
858
842
804
766
736
708
704
642
646
704
720
682
676
674
680
652
688
672
676
664
668
698
718
724
712
722
722
702
730
734
754
746
766
800
758
760
748
754
784
784
772
754
756
768
792
834
792
780
810
814
826
826
792
854
842
842
876
852
806
796
782
770
760
794
844
842
836
798
792
806
794
824
808
776
786
784
816
820
828
802
766
814
832
834
860
868
868
874
840
852
844
854
864
848
866
888
852
864
858
848
834
832
806
806
796
770
774
782
782
766
766
754
766
758
744
698
712
766
784
762
776
806
862
890
880
898
890
856
832
788
790
742
742
800
830
810
826
850
872
866
844
818
810
810
818
778
820
848
856
822
832
852
842
836
806
828
792
792
776
750
714
724
726
734
738
730
700
716
714
734
724
728
706
730
760
726
722
702
676
622
604
594
644
580
666
680
672
686
740
748
740
760
800
728
744
736
704
732
720
636
654
660
678
678
628
610
634
658
656
684
690
704
744
708
710
760
768
714
710
724
690
648
658
678
702
734
734
742
792
790
772
728
688
708
720
656
690
728
742
730
742
778
784
810
820
840
842
826
814
820
862
872
840
862
874
866
850
844
850
844
850
812
836
834
818
782
802
790
826
822
832
836
816
816
776
772
776
730
732
708
722
712
702
738
780
772
764
744
742
740
782
754
784
832
792
802
766
756
786
806
784
754
794
796
810
806
852
844
860
874
872
868
866
836
806
804
794
798
782
748
734
724
688
684
666
686
670
636
644
664
678
712
736
782
804
800
870
850
876
864
894
890
920
890
862
876
874
814
802
844
822
838
822
792
782
760
760
786
762
768
736
726
706
694
632
676
644
648
662
648
632
628
658
670
698
672
686
680
656
692
680
742
736
752
726
774
790
808
790
794
798
806
794
806
828
798
858
832
870
876
884
872
824
836
832
854
832
836
844
838
816
830
862
850
864
854
846
838
814
818
740
752
756
724
754
764
722
708
712
718
690
716
742
740
696
704
734
702
636
650
666
626
618
604
636
642
654
644
660
650
710
700
664
638
698
688
700
690
706
702
666
710
712
714
702
718
708
708
710
714
712
750
738
778
786
784
782
798
806
798
806
828
786
790
818
778
750
760
746
744
726
764
740
734
742
806
814
818
824
832
812
790
798
798
762
800
790
758
782
780
780
772
770
778
798
748
694
702
732
764
724
720
658
662
662
662
662
680
688
632
594
614
666
684
758
792
758
672
662
698
714
762
786
840
842
842
882
840
792
796
816
830
798
796
792
790
788
798
790
778
770
816
834
828
834
824
828
816
822
862
894
898
920
894
888
868
842
832
822
798
808
790
818
814
786
766
774
784
808
812
796
772
794
772
744
752
758
746
720
732
696
670
746
734
690
668
688
738
752
794
764
752
784
794
812
830
826
802
818
824
802
738
760
784
764
776
730
786
720
698
710
700
742
766
736
778
806
804
820
846
836
856
848
832
852
792
766
760
750
730
758
752
746
772
784
794
804
768
730
722
736
710
708
728
730
710
756
770
782
774
816
824
796
786
770
778
768
746
724
758
758
726
732
746
738
742
712
750
762
750
770
726
754
736
738
732
736
740
740
726
726
726
742
770
758
750
760
748
698
674
690
702
700
708
738
704
692
670
668
680
700
700
708
722
728
712
726
752
776
768
734
