7422
7408
7424
7362
7330
7342
7350
7400
7268
7296
7246
7300
7188
7168
7214
7196
7290
7350
7426
7466
7438
7482
7410
7526
7424
7458
7456
7462
7424
7438
7454
7338
7246
7238
7292
7356
7332
7358
7336
7406
7216
7300
7270
7284
7318
7374
7258
7264
7252
7226
7228
7172
7258
7320
7340
7340
7218
7316
7274
7254
7222
7102
7176
7096
7178
7152
7140
7060
7144
7192
7144
7234
7162
7124
7160
7110
7152
7048
7056
7048
7026
7072
7016
7134
7160
7168
7126
7138
7158
7206
7284
7298
7312
7342
7320
7158
7210
7292
7140
7158
7120
7198
7336
7374
7322
7268
7292
7330
7306
7350
7390
7402
7432
7360
7384
7444
7386
7242
7224
7258
7294
7302
7340
7472
7556
7592
7586
7622
7590
7492
7406
7296
7278
7258
7208
7166
7176
7358
7270
7258
7258
7150
7052
7074
7130
7192
7260
7380
7342
7398
7442
7496
7466
7404
7464
7582
7752
7736
7670
7792
7804
7756
7786
7748
7642
7672
7606
7536
7470
7486
7572
7604
7594
7536
7432
7468
7438
7598
7566
7550
7464
7476
7442
7550
7468
7556
7688
7806
7746
7700
7760
7752
7644
7682
7592
7626
7496
7520
7622
7688
7526
7520
7638
7668
7700
7716
7644
7736
7666
7498
7504
7444
7480
7444
7380
7388
7468
7384
7488
7494
7608
7674
7626
7694
7618
7592
7552
7458
7402
7378
7322
7444
7280
7274
7362
7208
7294
7160
7256
7320
7448
7364
7490
7358
7320
7374
7394
7382
7482
7476
7402
7488
7564
7578
7690
7658
7502
7284
7304
7296
7398
7368
7372
7392
7398
7356
7382
7248
7328
7358
7378
7334
7258
7310
7432
7426
7414
7416
7472
7492
7492
7486
7408
7334
7434
7290
7242
7338
7354
7378
7246
7252
7228
7240
7302
7306
7322
7346
7356
7254
7296
7268
7268
7226
7200
7156
7190
7202
7132
7184
7268
7302
7266
7178
7142
7004
7188
7280
7200
7086
7052
7046
7160
7290
7262
7288
7306
7234
7194
7252
7110
7178
7196
7200
7370
7364
7306
7346
7254
7216
7182
7250
7190
7190
7152
7278
7312
7340
7412
7452
7572
7536
7454
7330
7218
7276
7306
7326
7340
7258
7342
7364
7434
7320
7380
7350
7324
7430
7458
7442
7556
7542
7538
7586
7482
7546
7500
7468
7408
7408
7470
7462
7482
7496
7540
7450
7436
7412
7394
7408
7454
7494
7464
7600
7650
7574
7466
7368
7278
7222
7214
7220
7322
7410
7390
7318
7386
7478
7508
7540
7526
7462
7486
7442
7426
7332
7230
7332
7240
7226
7186
7208
7224
7286
7222
7216
7230
7188
7304
7298
7368
7412
7348
7298
7324
7282
7244
7196
7218
7222
7248
7296
7350
7458
7490
7472
7414
7510
7396
7434
7378
7346
7270
7130
7178
7168
7014
7138
7232
7298
7216
7126
7252
7348
7320
7232
7224
7254
7298
7278
7258
7208
7212
7106
7074
6948
7084
7078
7232
7168
7158
7120
7036
7192
7130
7148
7144
7068
7130
7180
7158
7132
7228
7178
7288
7250
7140
7188
7098
7020
6852
6874
6984
6984
7060
7124
7144
7156
7154
7122
7330
7460
7592
7458
7384
7348
7374
7432
7364
7348
7304
7192
7240
7258
7210
7216
7102
7078
7060
7222
7270
7376
7468
7358
7340
7448
7426
7438
7522
7366
7448
7376
7374
7342
7342
7392
7390
7296
7306
7248
7258
7232
7202
7282
7260
7316
7414
7306
7336
7254
7400
7436
7412
7334
7302
7306
7258
7154
7104
7148
7228
7068
7122
7178
7272
7344
7422
7422
7470
7520
7498
7302
7226
7264
7316
7418
7304
7350
7272
7266
7218
7260
7154
7276
7200
7202
7252
7312
7306
7294
7294
7284
7212
6994
7028
6982
7020
7030
7000
7080
7118
7082
7030
6966
7086
7036
7034
6996
6952
6976
7068
6942
7004
6960
6932
6868
6834
6856
6768
6984
7048
7104
6946
7024
6892
6896
6982
6840
6800
6904
6910
7016
7110
7114
7248
7260
7176
7112
7118
7094
7098
7148
7030
7022
6954
6930
6882
6850
6852
6900
6992
6960
7002
7176
7144
7078
7018
7036
7046
7082
6880
6932
6976
6876
6918
6912
6962
6830
6986
6982
7060
7010
6858
6928
6918
6898
7016
7088
7038
7112
7098
7044
6970
6972
6996
6922
6968
6890
6980
7108
7064
6950
6958
6972
6842
6878
7008
7082
7090
7028
7108
7062
7090
7176
7138
7056
7188
7322
7278
7260
7300
7258
7278
7230
7238
7192
7310
7386
7496
7496
7516
7476
7576
7566
7478
7464
7508
7520
7502
7490
7396
7396
7384
7438
7288
7306
7264
7278
7248
7168
7050
7020
7068
6996
7152
7150
7210
7200
7040
7076
6986
7040
7104
7046
7126
7070
6998
6984
7030
6996
7042
7072
6996
7048
7028
7040
6962
7008
6834
6842
6844
6956
7116
7166
7118
7124
7132
7138
7202
7216
7140
7102
6986
7062
7022
7002
6974
7012
7030
7064
7092
7136
6962
7018
7048
6980
7076
7114
7320
7156
7188
7164
7272
7278
7202
7338
7200
7218
7228
7316
7324
7314
7280
7334
7246
7232
7226
7264
7280
7196
7180
7188
7116
7164
7254
7196
7228
7088
7142
7018
7038
6994
6970
6972
6938
6930
7018
7002
7076
7108
7054
6982
7026
7102
7108
7288
7204
7130
7080
6884
6830
6854
6748
6746
6778
6796
6880
6948
7062
6908
6932
6864
6910
6834
6840
6894
6894
6898
6940
7030
6914
6868
6894
7030
6970
6858
6842
6838
6810
6764
6742
6646
6570
6586
6712
6738
6712
6748
6746
6808
6852
6730
6860
6830
6900
6996
6968
6942
6958
7054
7130
7046
7016
6982
6828
6762
6684
6724
6734
6884
6822
6826
6738
6684
6730
6868
6960
6940
6944
6986
6954
6976
6994
7082
7028
7068
7066
7106
7086
7166
7070
7020
7030
7312
7276
7326
7376
7286
7156
7128
7224
7328
7424
7416
7332
7360
7452
7468
7428
7436
7400
7272
7308
7254
7158
7182
7202
7176
7182
7250
7284
7258
7184
7190
7108
7216
7162
7258
7158
7092
7142
7042
6980
7130
7110
7062
7092
7144
7168
7140
7054
7000
7126
7198
7182
7054
7044
7030
7076
7042
7036
7070
7108
7008
7072
7046
7116
7096
7066
7132
7092
7072
7016
7102
7112
7114
7140
7136
7062
7042
7070
7148
7074
7036
7174
7210
7208
7160
7224
7178
7154
7134
7182
7108
7070
7010
7028
7044
7136
7070
7008
7010
7062
7172
7170
7252
7272
7346
7432
7438
7438
7442
7386
7472
7470
7312
7324
7392
7272
7206
7284
7216
7144
7134
7136
7220
7292
7320
7292
7340
7290
7248
7220
7084
7312
7306
7234
7298
7240
7072
7144
7162
7212
7102
7098
6992
6964
6886
6924
6952
6964
6928
6962
7086
7086
7160
7118
7134
7146
7132
7176
7116
7078
7002
7036
7078
7074
7038
6972
6938
6888
6892
6848
6860
6882
6974
6928
6978
6918
6886
6886
6830
6868
6912
6916
6944
7034
7120
7168
7100
7218
7266
7218
7184
7198
7150
7220
7198
7174
7156
7072
7078
7018
7016
6952
7084
7098
7108
7050
6946
7048
7058
7028
7042
7076
7028
7058
7006
7068
6996
6842
6952
7016
7072
7142
7168
7026
7076
6978
6990
6934
6858
6904
6884
6838
6844
6964
7036
6966
6908
6886
6972
6838
6666
6596
6650
6606
6632
6770
6516
6600
6516
6474
6624
6554
6608
6644
6638
6638
6614
6648
6768
6754
6802
6694
6652
6662
6680
6602
6616
6620
6686
6574
6540
6450
6432
6392
6364
6444
6504
6392
6548
6546
6524
6452
6520
6692
6756
6648
6592
6546
6474
6550
6552
6590
6610
6726
6786
6828
6690
6744
6736
6734
6682
6658
6502
6644
6684
6708
6612
6658
6716
6680
6670
6668
6686
6712
6742
6786
6876
6884
6932
6796
6714
6790
6662
6674
6722
6652
6590
6488
6576
6570
6614
6580
6524
6558
6520
6568
6624
6596
6658
6620
6686
6600
6598
6684
6654
6696
6696
6734
6682
6728
6734
6802
6816
6684
6746
6646
6648
6686
6780
6892
6920
6956
6804
6880
6832
6786
6800
6790
6936
6938
6890
6898
6926
6940
6792
6684
6758
6854
6728
6678
6738
6842
6936
6914
6936
6976
6958
6860
6856
7020
6924
6952
6992
7046
6952
7042
7068
7054
7004
6924
6956
6962
6998
7086
7130
7026
7090
7000
7138
7012
6948
6980
6946
6916
6892
6828
6920
6930
6878
6902
6836
6768
6904
6800
6896
6842
6778
6774
6714
6688
6728
6784
6730
6760
6766
6764
6654
6764
6696
6708
6548
6542
6548
6578
6524
6586
6556
6526
6348
6460
6520
6592
6658
6662
6750
6696
6734
6764
6792
6648
6596
6610
6832
6770
6900
6910
6898
6816
6928
6924
6970
7002
7066
7006
7116
7152
7312
7282
7290
7146
7178
7130
7118
7176
7156
7164
7286
7240
7310
7336
7056
7052
7076
7128
7108
7230
7194
7220
7196
7250
7258
7264
7256
7278
7318
7410
7354
7392
7340
7448
7438
7456
7522
7492
7540
7428
7442
7480
7614
7480
7534
7538
7576
7474
7372
7408
7398
7348
7388
7322
7354
7424
7404
7398
7512
7432
7364
7368
7312
7172
7234
7250
7186
7170
7162
7154
7188
7268
7302
7264
7232
7228
7252
7250
7372
7358
7274
7308
7332
7310
7246
7194
7284
7158
7072
7026
7100
7032
7086
7142
7104
6990
7014
6924
6884
7080
7130
7018
7008
7012
6998
6884
6932
6888
6948
6838
6850
6950
6936
7032
7024
6990
7012
7012
7060
6982
6938
6882
6866
6896
6986
6884
6776
6800
6678
6618
6642
6604
6674
6576
6680
6550
6408
6370
6446
6384
6290
6478
6474
6498
6526
6476
6596
6624
6748
6730
6618
6676
6762
6700
6714
6624
6560
6654
6610
6520
6438
6280
6168
6218
6252
6268
6358
6484
6472
6632
6560
6466
6384
6422
6314
6222
6288
6222
6322
6282
6268
6410
6534
6474
6422
6502
6558
6524
6524
6694
6810
6740
6810
6824
6824
6786
6716
6786
6776
6822
6866
6866
6888
6894
6804
6806
6716
6806
6790
6690
6648
6544
6540
6594
6576
6560
6572
6596
6652
6712
6752
6768
6798
6754
6766
6680
6714
6748
6844
6750
6728
6756
6784
6856
6878
6890
6876
6922
6974
6958
7020
7010
6960
6902
6886
6962
6852
6832
6840
6898
6914
6934
6968
6854
6900
7010
6802
6752
6698
6720
6692
6760
6832
6820
6800
6764
6842
6678
6594
6658
6638
6526
6628
6608
6566
6610
6540
6614
6568
6578
6564
6524
6548
6650
6728
6690
6680
6600
6826
6914
6854
6846
6858
6794
6832
6866
6696
6694
6684
6628
6608
6664
6558
6570
6600
6492
6382
6406
6484
6564
6518
6480
6446
6390
6438
6516
6550
6518
6272
6304
6250
6258
6290
6346
6378
6266
6440
6490
6420
6536
6658
6658
6610
6584
6640
6548
6508
6626
6704
6786
6816
6860
6852
6820
6774
6810
6804
6736
6862
6862
6844
6944
6994
6990
6982
7020
6988
6940
6900
6940
6858
6880
6882
6960
6762
6722
6676
6666
6666
6650
6674
6672
6638
6624
6660
6656
6604
6628
6638
6740
6648
6690
6698
6694
6778
6754
6758
6824
6848
6856
6822
6916
6760
6790
6782
6822
6864
6902
7026
6874
6924
6990
6980
7076
7056
6956
6960
7020
7058
7062
7044
6934
6896
6868
6930
6946
6908
6872
6816
6820
6842
6798
6834
6920
6924
6896
6930
6976
7026
6936
6910
6986
6924
6988
6984
6972
6880
6870
6738
6752
6736
6800
6774
6842
6908
6858
6896
6918
6868
6932
6924
6978
6984
7038
6996
7092
7080
7096
7090
7016
6944
6996
7048
6968
7050
7168
7050
7106
7150
7206
7262
7226
7278
7228
7100
7004
7046
6910
6928
6948
6944
6982
6992
6976
7006
7008
7010
6998
7070
7086
7120
7120
7142
7048
7048
7078
7040
7046
7110
7060
7082
6954
6950
6816
6866
6910
6840
6830
6976
6992
6850
6842
6776
6762
6672
6688
6752
6838
6918
6986
7032
7008
7102
7068
7114
7198
7278
7326
7262
7112
7144
7216
7166
7190
7136
7174
7120
6996
7058
7002
6974
7110
7112
7046
7002
6954
6810
6806
6774
6750
6762
6744
6688
6762
6676
6728
6664
6600
6710
6664
6764
6728
6780
6764
6710
6756
6726
6780
6804
6868
6940
6892
6864
6786
6786
6880
6822
6764
6708
6864
6894
