8
22
78
44
76
96
108
90
84
94
74
54
74
70
22
54
52
38
36
96
96
162
156
222
196
166
148
92
82
30
6
32
20
26
28
50
94
128
120
112
58
102
122
120
142
190
180
154
122
178
204
182
202
218
176
184
180
164
132
140
114
108
80
122
110
102
46
20
10
2
22
18
20
34
6
2
0
38
46
18
24
16
2
22
30
48
100
134
124
88
68
110
128
138
126
70
76
72
104
152
122
132
148
84
84
106
136
174
180
170
134
154
118
52
34
16
20
42
54
104
148
148
156
128
152
106
114
100
104
104
122
122
168
248
290
254
194
164
168
94
128
150
156
126
134
156
152
182
164
196
182
198
188
142
108
84
104
20
28
30
12
24
20
32
2
30
32
24
8
6
68
96
56
42
30
16
30
32
4
68
88
84
144
126
84
142
192
214
210
188
154
174
184
198
218
208
232
236
182
216
176
138
142
126
78
74
146
120
132
110
126
106
114
132
178
184
168
182
150
172
208
228
216
158
274
240
232
120
102
46
44
60
26
12
16
38
74
72
106
92
92
188
188
218
158
152
108
80
76
52
72
66
2
12
58
84
88
108
80
128
148
134
144
198
194
176
224
224
254
302
346
330
294
242
232
276
244
250
256
280
288
230
234
214
288
260
268
272
282
318
372
426
398
346
372
330
340
310
328
388
424
426
406
464
444
440
448
396
400
426
382
320
330
238
256
204
266
238
232
244
234
268
230
228
176
170
292
280
278
256
286
336
350
354
354
424
436
398
426
378
362
342
368
370
376
392
434
400
376
346
350
310
308
306
362
402
402
404
458
460
486
456
500
490
436
394
410
328
266
288
274
212
178
200
236
254
270
252
264
224
136
154
108
100
68
82
64
34
16
22
12
64
18
44
26
42
40
64
92
46
50
66
38
36
8
36
86
96
104
48
24
48
78
96
86
88
66
114
90
130
184
200
200
168
140
108
70
64
76
132
222
210
188
234
242
204
194
218
166
182
158
180
232
218
210
256
216
260
246
284
274
268
306
356
348
316
294
294
278
262
228
184
152
190
190
222
248
316
366
334
334
330
272
266
330
306
288
294
324
290
240
242
208
202
194
158
164
138
152
92
10
22
20
12
10
54
70
48
54
58
22
28
68
90
124
94
56
76
70
140
152
130
154
134
116
106
70
86
76
80
76
74
22
56
28
26
80
44
20
82
78
126
114
104
56
68
100
130
70
32
28
62
56
118
86
52
2
28
32
54
60
44
26
94
60
88
94
104
130
184
170
130
190
186
214
196
194
132
152
182
124
110
102
62
138
106
50
70
14
10
10
72
98
82
108
180
168
144
146
116
140
118
42
14
36
28
22
64
58
52
66
80
78
36
52
70
56
74
110
90
82
46
28
34
32
42
16
24
22
62
98
90
30
12
6
28
110
124
22
78
114
132
118
138
50
56
34
12
8
40
68
8
56
56
48
38
22
46
30
18
34
64
58
18
10
10
44
62
82
62
26
20
12
56
36
24
48
82
118
106
126
114
62
2
10
26
60
56
94
92
126
192
164
178
196
196
176
132
90
72
26
6
52
70
30
12
20
66
108
154
192
170
162
174
196
218
192
174
204
196
220
242
230
172
158
152
110
82
10
68
96
116
124
106
96
180
160
104
82
114
64
118
80
68
116
70
58
58
18
58
32
64
110
88
76
124
102
82
74
80
124
126
68
14
2
50
86
88
28
68
36
20
2
38
60
30
16
14
64
66
62
44
52
94
98
106
78
66
82
10
8
52
138
144
210
200
188
216
246
238
210
184
212
192
224
156
126
150
158
64
64
84
94
94
100
190
170
182
152
238
164
198
230
266
240
236
244
214
236
248
288
308
272
286
228
206
266
274
318
296
290
304
266
266
300
260
282
316
310
342
322
388
360
348
350
324
324
332
290
268
306
314
354
378
318
266
266
292
286
320
340
324
284
298
334
338
356
400
410
380
454
462
452
434
428
400
408
384
364
410
414
408
452
406
386
482
536
514
496
480
462
434
462
492
502
484
444
466
440
430
454
396
360
344
380
384
504
452
474
480
490
518
538
542
564
528
544
542
576
538
530
538
520
570
592
602
556
544
520
546
598
580
598
654
656
624
606
654
652
650
652
652
636
632
604
590
596
646
594
616
528
542
570
538
494
500
496
494
418
454
466
454
494
472
460
492
474
416
376
346
332
332
416
404
398
404
376
352
382
368
404
406
414
366
368
334
300
298
318
334
320
362
324
384
378
400
386
408
352
330
344
352
362
386
372
350
332
332
344
348
332
300
288
310
342
398
392
386
298
338
394
386
394
406
386
422
382
340
356
322
316
308
244
232
226
216
246
206
214
206
252
310
270
258
240
218
204
212
200
266
232
220
258
234
288
280
292
250
216
240
254
262
254
280
268
292
290
332
320
344
300
228
236
282
292
312
346
342
286
282
336
346
278
356
284
292
240
224
178
172
100
152
140
116
142
106
86
72
100
140
174
220
224
182
180
164
198
198
246
244
236
266
278
318
272
230
238
220
172
160
140
128
156
154
140
120
116
84
140
68
128
124
136
134
186
188
172
204
178
146
124
98
72
76
92
98
146
166
142
88
36
26
88
44
44
2
4
8
8
24
56
82
108
108
124
106
170
166
188
228
238
258
190
172
172
168
140
92
146
164
176
212
216
122
90
114
56
40
52
22
0
22
58
4
22
42
24
28
28
2
6
50
48
32
48
96
78
44
30
16
34
16
26
102
120
86
96
76
48
96
136
124
184
246
280
288
298
320
346
418
440
482
442
468
408
438
416
420
416
444
440
416
446
440
420
412
426
472
492
476
486
508
510
466
502
476
460
482
508
498
468
506
502
462
486
480
488
516
492
468
450
490
452
460
462
442
434
448
454
464
450
434
448
472
454
454
494
538
550
528
514
572
562
622
612
572
566
526
490
500
462
508
588
508
506
448
390
336
304
292
216
194
132
118
126
210
194
198
108
60
60
52
60
104
104
122
144
174
182
142
194
192
140
190
232
220
214
266
252
200
214
276
216
192
168
202
192
216
248
254
230
176
200
146
152
138
198
208
188
250
250
274
340
282
288
266
248
286
276
258
224
276
276
320
326
298
314
258
270
220
186
202
236
236
214
254
288
324
296
256
276
238
250
254
254
236
252
240
306
282
234
228
316
332
306
366
404
436
444
392
380
384
428
456
408
422
470
500
466
386
358
340
276
298
288
286
294
244
138
142
102
110
118
96
52
44
46
60
112
106
68
74
110
182
146
84
66
40
40
54
16
48
50
20
62
80
98
104
124
122
180
230
230
230
222
182
250
280
254
222
214
186
216
174
150
162
130
140
100
140
114
136
158
180
180
198
180
110
72
54
32
58
66
44
22
14
10
10
6
24
32
14
48
94
86
112
34
70
120
100
112
68
106
94
144
170
178
192
150
162
148
180
204
238
194
182
240
196
180
214
144
138
108
110
104
76
96
118
114
104
160
144
184
138
122
102
102
34
40
14
6
20
102
126
152
162
184
162
200
196
182
148
178
112
100
132
122
76
62
12
10
32
26
56
52
56
40
24
20
38
6
2
36
124
126
118
100
148
80
88
140
132
92
88
44
14
24
44
22
4
22
78
106
6
48
26
72
116
130
142
114
80
48
46
130
114
156
220
208
192
200
186
168
208
208
218
188
260
302
254
276
242
238
240
290
254
232
230
226
216
204
176
212
262
258
184
222
272
278
250
260
282
314
306
320
334
382
372
344
334
288
276
268
228
292
354
364
404
390
416
356
330
338
350
434
436
418
374
482
418
422
358
370
374
376
382
402
394
452
422
442
436
412
404
368
420
438
454
454
420
420
376
328
262
280
216
268
276
248
244
230
266
348
292
308
352
358
380
348
310
312
280
340
266
248
280
298
222
282
302
212
190
174
158
74
12
20
26
24
60
110
98
78
70
102
188
218
254
262
268
292
356
322
244
214
196
224
222
150
166
136
68
134
86
104
136
158
168
154
158
146
180
152
184
150
100
124
112
106
160
142
218
266
252
238
248
236
242
242
248
218
194
216
212
240
220
256
236
258
270
218
258
286
286
284
294
226
216
178
162
170
200
228
236
216
208
208
212
230
274
232
212
258
314
310
294
290
274
276
292
308
234
236
260
218
290
278
272
322
346
312
318
328
340
374
340
334
330
320
320
272
298
264
252
160
206
142
122
88
84
102
98
82
116
176
194
274
300
248
214
198
214
242
318
284
260
186
176
190
126
130
122
134
90
130
126
36
50
22
60
124
88
76
126
142
80
100
52
108
84
158
186
140
96
170
158
114
128
104
108
154
144
108
74
60
54
86
92
116
140
180
228
252
292
210
194
102
108
138
124
122
106
142
158
86
68
10
60
2
18
14
24
26
6
20
6
46
2
0
16
0
6
16
44
10
78
96
96
90
92
96
90
84
116
102
50
44
84
62
102
60
84
16
18
20
28
12
10
58
26
4
82
154
130
138
88
140
194
248
234
244
226
206
208
198
186
136
94
92
72
