368
342
342
412
458
478
500
492
490
500
526
452
510
502
468
436
436
388
378
406
456
434
404
424
448
460
496
466
458
408
384
404
410
386
348
360
362
382
342
332
378
378
356
296
312
302
280
300
304
274
322
336
366
396
428
440
404
436
484
474
474
530
556
540
530
544
572
534
536
586
626
582
548
478
454
468
484
478
476
464
502
518
536
530
508
508
514
578
542
590
606
626
592
600
600
606
612
618
582
560
526
522
524
486
474
472
476
504
454
448
476
534
542
558
592
632
624
606
634
684
696
682
686
690
684
674
688
686
704
702
682
698
656
634
638
624
706
668
688
694
676
636
670
654
678
662
682
716
756
742
760
736
694
686
720
712
704
714
724
732
710
746
784
794
814
802
820
812
814
806
816
840
848
844
834
836
844
848
870
896
886
888
882
878
910
884
862
852
852
852
884
872
876
834
850
832
844
836
848
830
800
834
858
842
802
792
860
860
868
848
876
886
890
868
814
806
804
818
830
838
850
774
750
748
724
752
756
756
758
784
818
838
836
838
830
814
814
832
824
828
834
846
840
836
818
808
874
874
834
852
848
824
830
852
808
808
836
858
834
848
840
846
886
858
876
856
852
856
848
846
862
846
828
822
834
882
888
898
910
914
894
860
884
924
880
876
882
868
866
838
854
842
866
868
894
912
898
896
908
920
910
908
916
880
910
934
942
932
914
920
934
930
948
926
918
888
880
882
876
832
868
842
862
884
854
844
862
844
874
860
858
870
848
850
860
828
838
822
776
810
788
798
790
810
782
816
838
848
834
832
832
828
804
824
860
838
848
824
810
812
798
822
836
848
848
888
904
882
888
876
870
876
802
838
840
856
862
852
832
824
870
866
868
894
886
858
858
832
814
804
808
798
826
776
798
836
842
836
852
802
828
816
840
874
840
822
824
844
820
798
820
836
816
804
820
826
812
794
822
818
844
866
874
864
884
890
894
868
848
880
888
898
866
848
886
896
862
886
868
832
810
826
838
840
832
822
836
810
792
796
820
818
816
794
782
778
814
810
804
842
822
842
854
894
890
866
880
898
868
864
876
850
864
896
890
888
878
888
866
864
854
870
858
870
862
916
894
920
936
924
922
888
898
906
876
860
848
840
818
826
810
854
816
832
814
788
788
802
804
818
812
782
806
780
804
802
816
818
814
818
802
826
820
836
852
858
882
862
844
858
834
824
846
850
852
852
848
830
862
896
868
864
914
894
906
906
886
844
812
798
820
814
806
840
850
866
866
858
892
908
914
924
894
910
900
876
844
834
806
836
840
834
830
832
848
856
854
836
874
876
858
872
888
900
902
850
856
862
852
842
822
774
758
790
770
778
788
806
810
846
860
874
878
876
816
834
840
856
854
868
872
894
904
910
924
886
830
848
878
860
868
864
886
868
872
838
848
880
874
870
858
880
898
886
840
842
840
850
856
848
814
854
828
808
822
830
824
848
820
820
786
750
770
796
774
752
788
772
754
786
810
804
822
810
834
844
788
818
810
812
786
810
812
810
848
868
862
884
866
874
870
890
882
898
862
852
878
872
872
870
866
916
912
922
914
922
904
878
864
836
880
856
840
828
822
792
854
818
808
814
844
864
838
844
858
858
872
854
836
780
798
818
832
860
858
842
868
870
872
864
866
838
862
824
834
830
870
890
890
880
894
884
866
848
852
870
878
906
904
906
874
894
906
904
918
892
864
868
858
852
856
886
896
886
894
914
888
892
926
910
918
904
894
898
872
858
838
864
864
862
838
842
836
844
838
848
824
824
796
810
838
878
850
874
898
882
892
888
912
938
912
892
874
864
894
886
920
896
890
882
904
918
930
900
888
882
876
874
854
886
884
868
870
844
850
820
790
806
816
846
826
814
830
820
846
852
834
808
830
846
838
846
840
812
836
856
878
886
884
886
868
888
866
868
884
882
876
882
908
862
888
878
898
872
900
918
916
900
898
878
876
860
844
830
844
854
850
832
818
778
788
808
796
794
786
782
780
784
778
766
774
774
792
776
806
826
818
766
766
784
748
778
768
740
782
770
750
738
702
682
688
708
684
730
786
782
756
770
772
788
810
800
818
846
832
854
868
820
822
846
862
846
888
864
866
888
872
870
882
900
882
896
904
912
898
874
886
856
822
844
830
826
840
830
832
818
788
818
862
864
872
818
840
820
790
798
816
844
838
852
870
866
880
874
890
872
836
852
836
832
818
832
848
852
830
866
904
904
874
906
908
902
886
886
852
852
850
760
750
722
760
818
820
852
888
880
862
884
872
880
914
876
882
912
902
886
876
890
884
848
848
840
854
820
836
824
810
786
782
748
744
792
774
788
806
822
794
780
788
768
732
738
760
766
808
798
792
794
800
850
874
876
848
840
872
880
918
918
922
912
874
856
870
852
842
868
850
856
868
866
882
872
870
860
878
878
860
908
888
912
904
880
876
854
846
850
858
906
882
884
942
916
942
940
922
900
890
848
820
774
786
760
792
762
774
766
780
778
798
796
740
734
742
764
788
764
808
824
814
790
814
808
776
736
780
814
826
806
824
824
794
828
870
842
836
856
842
846
844
846
846
850
854
896
912
908
912
890
894
888
896
912
916
902
890
934
942
964
954
934
896
872
892
900
882
856
874
884
878
902
870
840
850
846
874
854
826
854
818
814
830
814
854
906
906
898
908
878
884
888
912
932
906
902
910
942
948
946
932
904
908
890
882
858
884
886
884
906
904
906
884
884
902
894
896
868
836
864
864
874
916
930
892
880
848
870
842
844
856
868
848
832
836
798
782
824
864
842
792
814
826
824
824
832
890
918
896
890
870
880
904
886
904
890
878
898
912
914
942
936
932
934
924
918
890
896
898
918
918
880
872
896
918
938
920
920
904
910
878
930
952
930
892
904
906
908
920
912
900
898
884
870
854
882
898
894
896
912
912
900
906
916
894
898
910
856
886
882
858
874
892
876
894
878
852
852
858
880
864
840
866
844
852
864
858
874
886
874
866
868
856
810
818
820
796
798
810
852
870
886
870
878
868
892
888
894
898
886
858
900
892
902
896
894
882
886
876
894
866
844
890
918
912
910
906
896
882
908
904
896
904
928
934
914
916
858
854
850
870
860
872
860
838
838
854
846
824
818
812
838
860
838
812
852
836
824
830
828
828
838
870
910
892
906
916
930
914
898
902
888
892
884
900
904
900
878
878
886
872
874
884
884
902
886
890
892
902
876
884
900
938
924
938
898
920
932
922
894
886
884
918
906
884
858
860
852
834
844
798
796
802
812
832
832
804
796
812
788
810
798
794
800
794
810
812
816
848
838
810
806
808
820
836
842
836
810
764
770
776
756
758
758
756
748
728
718
756
764
772
774
770
786
822
804
790
802
792
770
770
764
784
750
716
716
704
672
674
658
650
652
618
612
626
648
674
684
666
718
734
710
734
718
726
704
702
704
732
716
666
634
652
648
682
630
632
656
644
618
558
534
536
504
538
506
500
528
508
534
544
564
596
604
570
582
594
572
624
658
724
728
702
676
718
670
656
680
730
710
686
696
682
682
650
642
660
656
680
698
698
692
726
686
692
738
786
764
760
742
720
712
710
696
736
752
822
798
812
806
834
848
820
860
834
820
842
812
768
746
790
810
788
760
742
706
748
750
742
768
774
784
810
810
810
820
818
820
784
822
818
816
856
840
792
770
758
756
780
822
840
844
846
876
860
870
866
892
880
880
892
884
862
872
888
894
890
880
850
876
846
826
840
862
858
852
848
826
828
862
860
844
838
798
828
812
792
794
820
836
826
842
846
864
876
880
842
848
858
874
894
858
828
860
870
834
836
832
810
870
874
884
884
868
880
916
908
930
904
896
888
858
814
832
838
852
850
868
878
864
860
860
884
868
882
868
856
894
868
890
886
910
910
888
904
872
874
904
882
852
876
866
854
858
872
872
802
820
866
862
874
886
876
882
856
856
874
908
888
916
940
918
896
896
896
906
956
932
920
854
848
850
882
902
898
888
884
896
918
904
876
860
844
826
862
798
854
874
850
898
896
876
918
916
910
868
886
896
870
848
854
818
828
834
822
806
850
884
900
910
910
916
924
896
860
872
878
854
854
814
780
766
814
802
820
810
810
806
786
816
842
850
870
900
884
858
834
836
800
776
788
766
770
782
814
842
810
840
832
842
842
844
860
900
916
890
890
886
912
890
884
890
858
860
878
894
884
864
858
844
834
852
858
850
874
876
920
952
934
930
918
920
910
892
872
876
860
856
896
884
856
884
874
862
852
868
894
840
794
816
820
826
814
814
806
820
818
874
882
854
874
890
924
874
866
876
882
866
888
882
892
874
878
872
858
876
886
904
908
912
920
920
914
890
904
886
880
872
874
890
884
836
830
846
880
874
836
836
844
852
866
892
868
868
840
840
816
796
792
832
856
832
818
790
824
810
764
732
748
766
772
770
806
798
842
880
856
870
894
870
886
870
894
890
902
918
896
854
862
862
838
790
824
824
828
820
832
834
812
848
848
840
