1556
1396
1388
1368
1330
1270
1458
1462
1276
1374
1518
1532
1396
1396
1326
1420
1538
1446
1286
1264
1230
1226
1342
1478
1456
1384
1278
1280
1330
1274
1166
1306
1594
1556
1622
1568
1530
1684
1848
1940
1880
1812
1930
1842
1984
1846
1948
1900
2034
2146
2176
2164
2216
2196
2216
2228
2174
2248
2366
2484
2440
2514
2430
2228
2272
2224
2186
2088
2100
2044
1904
1738
1744
1642
1662
1782
1752
1716
1690
1642
1518
1334
1260
1250
1094
1148
1062
1152
1178
1280
1252
1310
1422
1500
1478
1502
1538
1512
1490
1490
1302
1240
1362
1444
1412
1470
1326
1442
1328
1328
1416
1254
1140
1252
1206
1224
1198
1292
1470
1648
1674
1672
1718
1732
1702
1686
1840
1722
1742
1452
1390
1264
1302
1322
1236
1000
998
922
864
786
602
620
592
738
766
668
566
474
536
454
440
434
262
182
250
184
266
344
510
392
268
326
354
268
482
426
510
536
494
504
332
320
396
278
150
108
162
176
108
262
302
416
282
406
364
312
234
76
20
94
90
54
166
404
702
622
684
490
502
534
598
750
862
884
748
828
788
860
858
922
976
974
946
806
822
818
744
844
658
744
684
482
412
494
590
740
774
810
906
874
734
740
778
740
826
600
450
482
398
106
100
156
124
94
114
44
10
6
30
70
228
326
366
290
248
294
386
414
396
406
242
212
154
206
180
168
118
104
62
44
68
40
104
228
218
286
218
96
238
586
388
292
348
356
218
290
502
488
464
586
544
504
634
552
510
582
576
580
518
350
482
460
458
418
384
442
458
478
588
560
584
506
520
372
368
486
476
388
408
456
502
680
598
558
538
636
532
590
560
552
648
858
998
912
864
720
648
822
836
866
748
792
880
862
858
968
1118
1172
1250
1290
1146
1000
1016
778
850
802
732
650
474
702
610
494
374
196
338
372
302
534
620
938
760
632
556
500
582
688
782
806
740
766
728
942
922
1026
966
866
964
910
816
716
650
758
760
730
714
738
674
578
566
532
408
350
298
246
146
70
96
60
68
6
92
16
74
74
144
18
44
42
26
48
112
178
194
78
68
20
24
100
100
46
28
154
164
80
214
200
30
202
288
294
292
384
514
690
642
600
636
668
534
598
636
714
678
608
826
930
864
800
636
568
606
440
534
614
620
698
750
650
558
738
584
494
654
572
494
446
348
214
314
262
180
74
78
102
40
120
36
124
92
64
8
12
106
208
276
194
194
160
202
314
234
284
382
338
352
348
262
248
170
60
36
72
148
182
246
344
496
502
628
500
510
402
418
450
518
374
612
700
686
574
684
762
814
836
798
822
850
802
912
880
924
842
888
868
858
922
834
828
746
750
686
616
670
598
514
564
642
668
618
622
480
654
660
546
552
498
412
258
336
160
110
82
274
370
378
446
446
452
650
762
680
562
556
618
572
402
324
394
288
346
338
360
256
324
196
256
348
328
274
394
378
102
30
152
234
426
450
386
410
348
460
548
602
470
446
424
642
638
562
590
534
600
716
762
752
772
788
836
948
862
904
796
726
758
704
822
808
746
830
794
754
892
890
770
1032
1012
1104
982
1000
884
974
840
832
736
720
638
694
744
760
684
668
848
720
818
538
528
786
764
982
998
1036
842
718
722
856
852
806
858
836
782
808
662
730
668
586
560
532
552
672
568
632
696
690
686
734
732
694
652
486
496
448
352
388
414
346
122
138
98
2
208
262
254
388
496
416
386
462
440
468
342
360
252
314
392
334
356
344
308
396
300
248
174
216
166
210
388
296
374
272
454
424
562
424
290
220
172
236
234
340
380
510
556
608
494
540
510
472
524
674
724
542
456
452
324
304
514
466
498
448
376
258
484
446
654
592
672
710
624
702
760
732
688
724
664
704
810
776
758
844
916
1018
1058
1046
1044
900
948
1006
880
1062
1056
1030
1094
1092
1038
1080
1002
1028
1164
1264
1106
1138
1086
1152
1194
1106
1074
1052
962
1078
980
1072
1006
1014
1062
1216
1394
1380
1412
1374
1370
1492
1794
1890
1892
2014
1934
1720
1788
1742
1666
1558
1490
1636
1686
1616
1560
1468
1496
1556
1518
1622
1460
1474
1476
1468
1562
1584
1478
1510
1540
1642
1648
1724
1768
1936
1858
1976
1944
1780
1730
1560
1538
1638
1644
1596
1628
1536
1604
1582
1422
1348
1368
1664
1582
1558
1520
1540
1438
1570
1558
1416
1262
1228
1326
1262
1392
1454
1396
1488
1514
1432
1340
1152
1034
986
1072
1254
1228
1198
1208
1328
1254
1408
1444
1530
1396
1364
1300
1328
1278
1122
894
870
734
562
616
638
504
554
562
484
566
320
252
148
122
104
228
180
308
360
186
272
312
136
58
26
174
260
342
252
204
260
340
394
278
298
290
334
566
494
434
412
548
618
720
742
682
666
502
376
350
350
382
434
462
436
376
444
562
584
476
328
402
286
328
246
224
398
332
392
90
124
192
272
270
90
40
66
64
152
206
166
38
96
124
82
146
140
264
218
2
50
170
210
174
172
150
106
6
62
6
28
26
12
122
140
156
54
112
230
284
260
264
320
334
448
402
308
260
372
240
206
204
176
152
152
302
370
436
390
286
288
136
30
24
6
44
60
72
60
124
72
10
114
62
52
98
126
112
172
76
154
130
12
78
20
74
54
82
186
118
92
26
76
40
116
186
200
306
244
298
148
258
294
358
214
184
144
310
416
284
130
136
174
76
104
40
110
40
108
202
20
154
160
180
146
298
216
132
122
218
322
202
56
114
180
136
100
64
106
102
48
74
186
292
264
280
290
208
222
192
204
272
368
308
200
124
10
10
34
68
6
138
78
46
110
212
362
384
352
534
448
442
370
530
618
624
612
628
404
446
528
592
584
446
528
748
838
778
880
778
726
872
672
518
500
354
458
536
494
332
258
190
182
222
246
210
334
202
204
174
210
316
320
346
226
404
360
440
296
288
194
320
252
360
280
58
128
98
162
100
24
78
14
44
38
72
88
92
20
100
78
16
78
74
110
170
82
42
158
118
162
74
80
118
220
66
0
88
148
190
134
206
100
62
4
96
110
226
70
20
140
228
248
198
182
222
166
334
186
48
150
170
332
284
218
232
218
166
246
98
156
164
128
72
74
188
260
218
44
114
34
44
142
6
0
20
116
182
246
210
312
322
434
356
584
630
620
546
626
744
790
780
830
936
1092
1196
1086
1134
1276
1224
1236
1352
1362
1496
1556
1580
1606
1470
1498
1474
1522
1658
1556
1464
1520
1452
1346
1252
1394
1496
1412
1164
1178
1078
1028
960
1130
1044
1042
928
906
846
680
616
462
400
556
648
758
738
636
642
690
654
554
784
710
758
824
800
738
550
586
754
726
694
828
910
918
922
854
762
742
632
606
612
766
738
796
924
912
870
990
1064
1146
1116
1104
1086
1028
840
862
846
938
942
838
874
802
1060
1076
1146
1188
1230
1268
1284
1354
1272
1130
1256
1222
1224
1178
1476
1476
1336
1282
1262
1248
1122
1040
1016
1152
1130
1296
1054
1070
920
836
948
1154
1298
1206
1180
1060
1072
1138
978
918
912
856
718
772
794
762
730
644
524
590
714
910
830
852
948
940
1086
916
942
962
988
1040
1058
1178
1218
1188
1154
1088
1148
1094
1000
1028
1014
1082
1080
1072
1048
1120
1176
1276
1302
1180
1174
1076
994
1008
1038
962
866
972
1030
990
1004
944
1164
1320
1234
1318
1118
1222
1188
1150
1096
1040
1074
1110
1104
1086
1182
1180
1292
1254
1396
1438
1498
1590
1802
1810
1786
1898
1876
1856
1878
1918
1824
1756
1744
1946
1860
1936
2042
2172
2190
2236
2358
2240
2148
2118
2188
2120
2146
1936
2008
1948
1920
1934
1950
1996
2226
2206
2342
2410
2444
2388
2410
2344
2364
2370
2306
2260
2192
2264
2462
2596
2606
2640
2490
2380
2452
2366
2354
2346
2488
2500
2492
2550
2468
2334
2358
2568
2662
2654
2632
2646
2738
2860
2674
2844
2754
2714
2698
2654
2694
2596
2590
2470
2566
2478
2598
2630
2616
2484
2564
2660
2608
2510
2534
2568
2594
2558
2552
2538
2488
2304
2270
2218
2234
2098
2014
1974
1844
1946
2000
2002
2066
2144
2100
1978
1920
1958
1798
1776
1730
1678
1714
1846
1942
1888
1848
1812
1818
1752
1664
1610
1418
1518
1452
1260
1308
1386
1474
1434
1536
1482
1598
1714
1732
1638
1780
1792
1622
1460
1630
1604
1636
1616
1598
1458
1680
1746
1680
1734
1886
1834
1732
1878
1810
2014
2116
2098
2104
2094
2182
2388
2382
2334
2416
2316
2046
2054
2096
2216
2268
2338
2314
2278
2282
2144
2148
2160
2368
2288
2380
2488
2460
2422
2550
2840
2852
2842
2924
2758
2680
2598
2468
2372
2502
2428
2402
2354
2398
2430
2358
2478
2384
2464
2594
2526
2432
2492
2400
2326
2372
2486
2364
2302
2272
2410
2394
2524
2290
2258
2138
2114
2124
2072
1948
1970
2162
2152
2314
2458
2520
2564
2662
2640
2794
2630
2624
2568
2496
2446
2482
2444
2562
2698
2686
2600
2658
2612
2572
2660
2736
2610
2696
2806
2934
2868
2788
2740
2782
2572
2612
2584
2454
2282
2276
2240
2386
2306
2290
2558
2630
2554
2610
2454
2450
2356
2370
2418
2424
2376
2332
2140
2118
2024
2010
2134
2258
2290
2156
2260
2274
2150
2132
2114
2060
2018
1932
1940
1980
1990
1928
1834
1818
1966
2004
1890
1840
1822
1718
1658
1700
1772
1922
1868
1730
1686
1634
1728
1726
1674
1736
1766
1886
1848
1864
1980
2006
1964
1892
1816
1736
1764
1692
1772
1840
1948
1934
1988
1858
1964
1942
1820
1910
1904
1822
1974
1922
1960
1836
1966
2098
2200
2256
2288
2306
2366
2282
2260
2288
2308
2216
2126
2216
2318
2304
2294
2412
2468
2496
2452
2548
2620
2668
2624
2490
2464
2492
2514
2534
2422
2506
2552
2542
2442
2606
2604
2718
2618
2624
2818
2980
3016
2904
2912
2930
2764
2652
2356
2318
2430
2466
2514
2518
2608
2454
2436
2448
2410
2162
2136
2122
2130
2054
2062
2202
1990
1910
1908
2082
2156
2178
2074
1992
1948
2024
2104
2082
2184
2246
2382
2578
2510
2498
2334
2178
2128
2158
2200
2252
2400
2364
2408
2436
2452
2446
2390
2418
2602
2706
2674
2462
2558
2446
2226
2228
2288
2312
2386
2448
2216
2170
2272
2176
2240
2224
2368
2346
2392
2402
