132
128
162
136
126
110
132
182
224
238
236
154
184
180
206
230
228
190
258
256
236
176
230
196
180
162
134
98
134
108
82
54
112
96
96
154
154
156
182
222
208
230
214
216
192
186
162
140
162
140
98
84
142
154
128
150
198
202
156
170
212
234
206
186
240
266
218
222
216
282
288
298
316
296
312
334
374
442
508
506
486
518
506
554
534
538
558
586
588
578
634
608
552
500
464
458
428
454
494
424
434
412
434
432
388
378
324
322
300
376
396
402
412
436
396
416
424
416
410
372
382
406
410
410
422
394
448
466
456
424
474
488
500
538
556
572
588
586
586
630
662
634
610
628
622
626
640
710
666
658
618
548
506
510
530
488
504
540
578
644
616
616
562
564
594
590
620
696
590
638
604
562
602
582
590
554
530
544
514
528
556
584
602
562
558
548
566
528
528
474
478
430
436
430
478
442
420
426
464
432
432
402
426
416
424
406
442
402
390
400
360
312
286
352
368
408
422
436
428
456
442
450
458
462
496
486
522
516
584
568
538
482
492
482
508
578
576
546
538
488
468
384
370
402
364
340
274
282
288
328
376
392
364
354
382
384
346
322
236
212
202
134
230
190
204
196
174
246
274
298
302
282
282
272
212
228
202
242
272
266
308
284
280
248
198
164
146
148
152
204
198
158
122
184
170
254
194
162
188
268
330
360
382
328
342
336
390
360
430
442
394
380
422
434
396
384
350
344
392
404
394
350
332
352
394
444
424
478
454
452
436
448
452
482
506
520
494
442
492
488
514
448
456
426
444
438
392
446
462
460
464
478
448
432
396
414
452
492
502
506
464
494
496
488
472
470
502
528
506
500
514
546
520
518
538
544
514
504
448
468
472
460
496
548
568
574
616
646
586
508
528
556
522
508
522
516
494
462
386
412
386
404
450
440
414
434
450
430
380
344
302
298
326
362
426
448
488
438
438
372
368
384
414
442
426
382
364
390
398
374
386
446
444
444
424
454
484
464
480
500
564
558
554
496
478
484
444
362
378
408
392
374
428
400
412
412
392
388
434
460
508
488
432
438
466
458
458
440
424
440
410
444
448
394
418
380
364
346
356
404
374
372
388
408
344
358
352
294
334
254
278
312
288
274
276
350
384
402
372
362
360
402
330
294
302
328
278
342
366
406
394
392
388
342
338
352
338
348
312
402
412
426
388
398
422
422
442
472
462
432
378
392
408
384
356
330
340
322
342
362
352
298
268
254
204
194
212
228
278
358
350
358
360
404
376
352
370
394
368
398
472
496
546
524
560
534
484
470
408
450
424
418
450
408
406
452
442
430
446
460
442
446
456
468
376
256
302
310
320
410
362
302
248
320
350
342
318
310
360
368
378
378
396
410
398
376
386
384
368
402
420
444
432
442
402
426
430
414
450
362
374
390
370
378
418
416
346
320
286
260
196
214
212
216
190
172
216
166
214
192
166
130
196
196
224
222
276
316
300
316
300
302
302
258
278
274
272
300
338
326
300
316
308
276
340
290
296
386
366
400
406
418
436
370
426
386
352
332
368
358
340
388
396
362
354
312
302
264
238
218
212
228
164
102
112
130
138
150
128
86
158
178
156
160
130
186
198
240
262
270
280
310
330
348
300
322
234
236
258
274
204
232
204
170
190
206
138
140
152
130
170
202
202
212
206
180
150
152
186
220
152
180
220
284
196
194
230
196
188
266
292
184
192
168
138
136
164
174
52
62
68
82
102
82
64
30
34
20
70
134
120
138
150
222
214
212
184
160
246
266
304
356
352
320
374
330
278
302
286
272
336
400
340
414
412
374
400
402
480
486
480
516
616
604
602
588
584
598
604
612
620
608
596
614
618
652
674
660
698
740
734
702
662
666
640
638
614
638
606
512
542
524
530
534
578
582
560
504
476
496
568
538
506
458
436
376
406
440
416
408
458
442
406
374
378
356
350
352
300
312
308
370
394
348
370
362
324
288
304
340
330
304
314
268
306
260
286
258
288
294
318
304
322
372
336
302
288
276
264
216
236
272
238
224
208
174
172
124
166
170
212
182
172
230
240
212
262
298
242
250
230
192
176
140
168
210
232
216
156
142
168
158
134
78
52
68
112
84
78
104
112
134
114
114
120
134
176
180
160
134
154
146
222
246
244
304
298
302
294
318
320
310
328
330
316
310
318
334
264
258
288
238
234
224
200
222
206
190
218
270
238
194
216
212
180
174
184
192
162
146
178
142
168
180
148
92
94
74
38
94
88
84
86
62
66
30
26
24
38
40
26
60
28
54
52
88
122
138
116
114
124
138
94
122
86
124
86
104
116
76
46
38
68
78
56
64
106
88
94
96
130
156
152
132
130
66
130
128
188
216
248
270
344
338
364
318
302
310
282
254
212
252
226
180
196
244
294
274
228
202
170
206
212
188
142
172
152
120
96
92
102
136
148
162
152
70
78
52
26
46
4
12
58
42
44
4
16
24
20
30
20
12
4
20
80
114
122
112
88
86
50
0
36
56
12
46
52
68
112
84
48
24
0
4
48
102
122
124
110
148
188
174
160
144
160
200
108
168
106
112
54
92
68
16
8
40
84
42
96
104
136
186
180
164
150
122
74
34
12
4
38
68
10
6
32
2
18
0
20
12
68
44
24
20
30
62
74
56
50
20
10
28
22
68
56
48
120
156
128
76
80
122
164
124
90
106
40
4
52
46
100
78
26
18
58
60
46
68
126
110
48
76
18
24
44
2
4
32
42
84
130
132
148
68
70
66
90
20
50
112
132
148
232
212
166
156
150
142
140
198
166
196
216
138
166
164
214
274
260
220
252
282
316
300
296
320
292
316
260
212
118
68
56
30
16
12
34
80
116
138
152
152
114
154
180
180
188
252
232
184
170
200
246
230
232
232
230
230
240
188
156
204
238
218
190
240
218
226
204
230
198
224
222
216
270
238
234
264
238
252
258
292
300
258
336
354
440
352
380
424
406
374
382
354
322
322
284
246
190
222
200
202
188
126
88
120
152
82
62
38
54
60
24
88
118
184
150
182
160
170
186
238
216
250
250
234
212
178
172
210
202
214
224
258
212
236
198
160
126
184
222
248
236
166
86
44
24
6
38
72
68
38
40
56
36
16
50
12
50
70
56
54
42
24
8
42
70
86
86
90
42
58
36
20
6
6
94
152
120
112
178
118
118
104
108
160
192
240
266
266
200
206
202
228
222
228
226
230
264
252
288
308
374
394
378
336
308
294
300
286
298
308
348
356
382
366
380
364
380
328
336
308
306
176
252
248
202
198
198
220
190
182
194
210
238
216
228
306
292
332
294
296
314
290
250
256
232
224
230
270
256
238
286
288
326
332
372
410
376
312
350
322
310
346
394
416
408
408
410
452
452
392
372
382
432
442
402
434
452
466
512
500
458
470
442
444
470
458
458
428
458
456
406
446
448
446
424
402
436
414
420
460
418
372
378
394
368
298
290
344
284
268
262
230
234
234
254
200
238
304
246
212
222
184
136
142
132
98
86
138
144
114
92
92
30
56
56
68
32
32
58
58
82
76
86
100
86
56
44
24
52
126
84
110
172
152
158
152
136
134
208
200
184
170
198
190
184
174
138
104
122
162
140
138
158
174
156
158
126
186
176
174
152
152
198
220
274
312
388
368
370
338
260
236
254
266
258
250
244
260
314
262
314
398
436
456
448
468
504
546
528
560
560
620
550
604
618
610
582
596
610
666
642
564
568
586
586
606
594
532
584
554
546
510
510
536
548
576
600
580
574
580
600
668
670
718
742
716
718
700
678
690
608
616
620
620
654
722
782
778
748
674
618
650
626
586
608
652
656
652
624
628
608
622
598
610
502
466
450
448
450
370
356
412
462
514
542
604
564
496
462
446
470
492
460
390
426
444
440
500
506
488
472
442
442
482
474
470
468
456
404
424
402
396
402
364
364
318
294
292
262
204
242
234
256
266
252
236
254
254
278
254
318
282
254
214
242
246
204
266
280
308
240
232
248
266
238
256
322
394
424
352
340
348
344
396
358
366
402
432
384
450
400
424
448
448
392
408
490
488
462
402
414
452
486
496
472
464
450
454
444
422
396
406
418
400
388
364
404
394
430
420
464
466
426
378
330
348
418
380
308
288
236
182
232
186
176
234
250
242
188
162
114
78
126
134
168
152
152
212
238
254
242
268
206
180
138
122
146
178
150
204
132
100
184
172
160
148
128
156
110
100
134
108
148
206
198
170
204
184
226
202
182
134
124
106
128
98
174
150
178
106
102
6
4
30
118
154
188
186
132
128
136
104
120
80
96
84
96
88
86
108
104
92
54
58
64
42
60
26
26
40
64
8
8
38
68
78
80
70
92
52
36
34
34
6
20
16
4
10
16
6
22
58
44
46
116
148
172
126
52
42
56
6
36
6
38
86
88
148
128
128
104
150
194
238
250
286
322
272
254
282
270
226
206
264
152
110
142
90
128
132
128
138
102
74
58
56
134
70
54
58
94
162
174
188
148
202
214
190
186
220
260
262
226
282
282
292
244
238
