870
890
874
846
794
816
828
810
858
840
844
834
856
816
816
814
764
758
708
728
750
742
726
728
678
710
706
700
686
668
720
754
736
750
758
742
738
764
738
754
752
754
780
798
782
780
806
868
878
900
910
902
904
876
860
874
868
838
786
810
838
834
848
830
866
838
882
832
786
816
816
818
800
736
760
764
740
742
732
686
642
688
672
704
682
656
698
702
670
650
666
680
712
734
738
802
794
792
788
766
718
698
700
730
704
718
718
738
738
696
680
632
630
612
616
656
690
694
696
736
724
730
696
728
730
696
638
670
654
692
728
712
726
728
724
696
680
690
688
708
728
728
738
748
826
862
866
834
812
800
814
802
808
788
788
784
796
796
810
790
720
692
676
688
668
646
682
650
644
676
674
726
744
742
696
724
738
752
736
738
774
782
768
778
736
738
766
736
782
824
820
778
754
800
812
822
808
824
812
806
782
750
778
784
756
776
760
728
724
710
682
666
652
596
684
654
642
626
596
612
630
608
630
568
584
610
640
644
662
644
662
676
642
626
658
672
686
642
632
594
576
604
630
618
628
652
716
718
722
730
736
724
742
684
710
692
668
640
624
616
660
682
686
700
702
706
648
616
600
578
566
586
578
618
614
610
548
570
544
540
542
566
576
588
592
640
648
616
574
588
620
598
576
582
546
536
534
552
536
532
554
534
524
548
580
556
520
494
472
506
476
458
508
516
508
500
472
468
508
530
556
570
656
676
704
746
750
748
692
722
736
746
760
760
774
776
794
778
804
790
796
768
720
710
746
732
726
756
712
700
708
708
724
724
718
720
714
698
698
662
634
620
658
636
708
672
602
610
624
620
588
588
628
592
600
594
634
674
682
680
674
692
702
722
712
700
696
654
656
640
636
668
690
692
716
688
690
722
730
764
780
758
758
704
696
706
688
684
650
648
646
662
686
728
720
716
734
708
704
706
724
722
732
726
774
756
740
726
720
720
708
730
728
744
746
724
662
682
690
744
780
752
746
752
750
742
748
736
790
798
818
836
794
794
840
820
812
768
806
822
810
776
794
780
776
786
812
842
798
778
774
806
840
832
830
820
794
788
796
804
800
782
784
790
796
744
748
760
744
762
746
754
802
810
780
776
768
818
834
816
822
818
760
782
762
730
756
706
728
796
788
810
806
744
746
760
732
726
704
722
730
748
718
718
742
774
780
730
752
746
714
710
740
764
772
784
766
800
802
790
772
764
748
750
760
724
746
774
750
718
706
644
634
616
670
670
652
642
576
568
546
572
594
604
610
598
566
590
570
540
610
638
646
652
638
576
584
590
626
600
618
614
608
626
638
638
680
664
648
654
640
654
652
656
690
682
678
644
650
686
676
670
604
616
626
634
656
650
634
612
614
598
632
654
660
624
608
612
612
620
612
646
666
642
618
608
658
646
646
594
556
586
570
564
542
546
528
548
544
540
582
544
516
488
466
458
474
460
484
510
514
524
536
530
578
616
628
648
650
598
530
484
462
438
456
468
484
482
468
418
416
396
418
444
470
462
438
466
430
414
424
464
426
428
422
418
438
456
480
532
592
578
556
524
518
570
568
536
484
456
434
438
446
458
440
468
434
380
406
398
414
380
330
358
440
470
448
482
482
462
452
486
494
540
544
490
536
534
584
584
542
570
530
508
508
492
514
472
480
486
496
514
516
524
546
522
526
502
556
516
526
484
498
444
382
406
412
368
380
352
340
372
366
382
350
324
326
322
328
324
330
370
362
404
420
408
390
396
392
388
388
340
396
412
404
382
352
330
334
324
372
340
370
418
464
482
492
506
530
436
456
460
478
470
468
436
430
486
526
544
600
652
678
670
682
678
700
676
712
690
694
688
670
652
694
700
678
704
730
732
706
638
654
676
650
642
686
686
688
684
712
690
688
718
776
744
758
750
784
786
748
720
736
742
778
728
750
720
768
710
722
700
692
728
680
678
724
714
714
732
682
698
688
668
660
678
682
658
654
626
648
682
646
656
702
704
700
696
714
722
762
768
732
752
800
778
756
776
794
786
800
824
772
752
732
714
734
736
754
750
712
718
724
688
694
698
670
670
610
624
610
560
560
538
490
466
492
470
430
478
452
464
472
484
480
506
530
520
546
530
434
416
394
398
402
384
368
352
302
304
334
386
400
366
334
320
350
368
322
340
326
304
320
294
316
296
292
340
306
322
300
296
266
284
250
262
240
236
242
226
254
222
202
190
230
252
302
360
426
402
384
396
392
396
364
340
352
368
342
344
378
384
404
380
434
414
416
394
424
368
356
322
334
344
326
248
250
270
206
190
208
196
226
224
238
246
236
276
278
286
278
282
276
278
300
310
332
324
324
314
338
308
296
292
242
264
258
236
210
218
208
212
204
264
244
244
242
240
230
298
294
274
248
272
236
166
176
154
160
188
196
194
176
148
128
112
108
136
140
126
180
154
216
252
296
292
270
288
302
300
300
332
348
392
402
410
434
440
416
418
450
454
468
428
404
412
470
426
446
490
458
480
536
556
584
616
608
610
598
598
664
688
664
626
666
662
634
610
642
676
660
698
714
664
690
620
614
612
622
632
652
658
608
576
504
468
480
530
518
514
504
556
566
552
546
546
518
486
440
434
400
402
354
402
436
438
432
436
474
482
508
496
460
428
438
412
432
442
408
426
418
332
366
336
348
354
292
298
288
260
300
338
260
242
276
288
294
298
278
306
328
394
400
376
382
404
408
402
398
442
422
406
456
484
480
428
464
428
470
448
474
500
544
534
574
570
558
554
548
596
584
560
590
578
582
566
556
544
550
540
544
544
562
532
566
526
504
498
530
530
504
468
436
436
436
384
408
422
436
450
424
402
400
374
432
388
372
392
404
440
440
426
474
434
488
484
466
496
500
500
516
532
482
500
524
488
482
456
400
430
472
476
492
470
518
562
578
584
560
550
532
558
590
616
590
650
714
718
744
744
744
732
688
684
702
684
688
716
742
734
700
684
700
668
684
666
640
632
604
552
530
562
560
608
578
548
582
622
604
616
636
614
630
578
576
568
584
596
582
562
544
556
618
618
638
624
682
742
736
734
730
720
732
780
800
770
776
742
730
708
680
750
748
732
750
790
836
800
806
782
808
780
770
772
808
796
782
734
722
742
744
742
726
750
762
768
766
754
770
766
756
740
788
798
804
784
788
798
796
790
794
762
776
760
732
756
764
792
790
762
758
706
682
682
652
654
638
638
654
632
668
714
698
716
720
720
692
654
658
690
700
682
716
732
724
724
738
720
752
740
748
720
746
730
728
706
732
762
744
726
684
674
682
736
724
718
666
676
680
706
656
690
686
746
756
732
718
706
690
664
682
680
708
638
614
586
612
658
604
610
612
618
558
554
552
546
582
598
598
634
624
582
558
556
562
582
600
608
602
602
652
636
598
592
606
648
674
668
648
656
674
696
690
646
660
664
696
686
688
640
612
640
634
606
560
562
560
578
548
580
556
520
516
506
566
570
558
598
596
588
600
614
580
546
576
576
548
540
564
594
590
602
594
624
624
578
616
600
580
588
618
588
564
564
572
562
578
602
594
594
618
614
590
606
676
604
590
546
506
490
528
576
600
612
650
646
656
654
662
662
714
750
754
770
772
768
746
748
718
694
652
648
712
728
742
748
724
736
700
690
704
658
632
598
586
620
654
656
676
696
622
614
594
646
696
680
604
660
630
626
632
656
656
636
676
704
700
718
704
672
698
728
716
722
724
754
718
742
706
716
686
690
702
732
772
804
800
804
800
770
794
778
798
758
794
834
820
804
794
778
828
838
824
818
866
874
846
866
872
888
858
856
850
796
840
850
872
844
828
800
812
838
826
852
842
848
882
866
908
894
892
882
862
860
814
802
806
808
820
834
838
820
812
838
832
850
846
878
868
888
920
894
846
874
868
838
828
826
798
748
774
804
834
798
800
800
822
788
778
750
756
788
790
754
756
784
790
808
788
780
760
734
770
816
740
758
744
762
800
788
802
808
832
846
830
840
830
830
818
850
858
840
834
882
866
842
852
832
828
798
852
842
848
824
784
794
812
842
856
834
842
850
870
880
900
898
884
894
854
856
884
868
856
822
838
782
814
830
840
838
838
820
828
838
804
782
786
784
826
812
784
762
740
700
708
754
766
730
706
684
712
728
744
736
736
712
680
722
774
764
736
746
730
774
720
648
666
692
672
644
650
608
578
580
580
588
626
604
602
628
640
592
624
608
636
632
636
650
624
594
572
548
502
484
486
486
510
510
534
514
530
540
560
554
530
540
534
554
580
574
592
658
652
590
578
574
572
496
534
534
508
532
536
558
572
580
574
592
578
542
586
568
522
498
552
578
620
626
636
632
660
704
698
730
726
718
700
674
682
668
706
690
684
712
694
744
790
798
726
708
688
668
670
666
682
660
704
710
638
616
616
586
576
582
574
580
558
524
526
520
522
530
500
492
498
514
540
532
546
516
528
556
562
556
578
570
606
600
618
592
610
590
606
592
572
598
596
606
574
516
