154
186
158
182
490
352
356
466
348
318
354
424
548
420
346
204
322
366
360
282
102
216
194
84
30
84
38
264
298
354
440
434
606
590
568
556
496
558
536
524
586
444
476
676
562
514
572
622
670
664
534
460
360
370
410
480
220
110
158
64
202
240
130
88
94
196
276
240
200
140
102
146
252
160
310
388
388
484
592
644
576
616
674
626
642
584
512
558
584
690
778
864
780
656
672
636
698
722
628
688
756
762
764
756
926
878
798
802
934
982
1140
984
882
826
862
896
976
1038
990
1080
912
796
852
928
1196
1174
1014
1038
1192
1138
1294
1246
1202
1082
1082
1046
1070
1118
1154
1260
1350
1302
1296
1132
1120
970
986
896
890
892
1048
830
854
844
1004
1056
1080
1060
882
844
858
798
836
784
814
788
622
632
620
664
714
634
744
736
774
710
802
906
970
932
780
660
608
642
526
508
738
694
862
918
872
1040
932
944
844
738
602
450
274
286
192
206
264
216
178
338
288
324
328
448
622
588
376
278
228
252
276
180
22
252
220
100
16
24
74
224
392
522
652
508
658
838
900
896
922
884
754
782
988
896
728
656
784
816
880
818
902
780
960
854
678
570
658
626
584
596
652
564
682
662
526
598
688
666
688
744
638
748
680
628
726
552
480
318
418
476
364
314
254
74
120
86
112
186
122
208
178
202
134
146
112
46
60
46
206
194
144
334
306
258
326
174
96
186
258
276
274
178
276
120
192
188
116
242
240
340
310
330
360
184
76
104
200
300
382
240
284
224
212
314
378
388
438
336
510
570
516
450
348
328
436
372
210
30
184
88
118
10
72
236
458
390
362
264
146
208
300
294
252
350
416
318
372
228
148
256
184
170
34
30
8
84
272
288
374
234
84
114
48
70
196
292
408
272
368
394
434
310
486
816
802
848
800
832
818
944
988
988
1134
1090
1004
902
894
882
644
620
584
346
288
152
74
230
84
76
168
128
6
8
144
40
98
126
246
82
236
200
156
224
270
228
208
232
172
120
78
20
144
188
270
296
388
498
582
718
818
622
814
812
854
946
988
914
854
910
894
934
982
856
964
1050
872
834
958
902
850
810
892
984
954
872
732
752
734
754
852
840
678
730
560
598
544
410
256
104
186
138
88
66
76
44
216
120
98
10
136
74
70
50
94
58
70
316
416
322
310
354
304
190
52
102
42
40
24
106
144
190
334
256
254
266
318
362
422
456
498
462
532
520
596
512
542
454
538
630
534
530
606
508
536
574
612
732
722
700
852
928
920
1068
1112
1184
1152
1274
1276
1234
1206
1254
1116
1078
1026
976
1112
1142
1084
1116
1156
1240
1284
1166
1262
1378
1260
1222
1094
1098
926
940
918
870
900
966
986
1156
1124
1116
1130
998
984
996
1016
1018
1080
1090
1154
1236
1228
1162
1216
1272
1142
1024
1076
970
1040
966
894
860
864
642
650
696
836
762
682
644
686
714
712
610
672
720
548
508
450
510
474
624
442
520
516
710
706
764
702
866
906
886
906
784
456
284
288
194
226
30
50
134
276
316
194
236
56
72
152
152
64
72
74
2
70
54
76
10
2
56
42
22
54
148
60
104
50
122
74
14
200
180
180
104
70
20
106
106
72
142
54
124
262
336
242
260
226
284
396
336
378
324
494
506
436
316
410
332
318
314
136
100
62
22
96
186
212
242
246
270
118
124
116
122
106
124
104
32
54
28
266
212
190
88
56
134
230
212
80
66
76
84
44
158
94
342
214
236
206
214
330
220
404
212
362
212
300
266
314
244
244
10
12
40
6
56
8
10
2
116
176
14
92
104
40
80
138
256
416
356
338
446
592
672
668
602
632
666
574
630
556
668
796
808
858
948
958
1178
1214
1164
1126
1346
1326
1312
1234
1356
1470
1394
1328
1426
1436
1438
1504
1292
1330
1344
1422
1376
1126
1158
1160
1160
1166
1222
1200
1396
1466
1452
1352
1352
1156
1232
1288
1266
1208
1378
1230
1272
1172
1120
1120
1140
1230
1194
1170
1098
1066
966
1086
996
874
806
772
770
832
776
772
750
686
588
694
676
714
794
820
718
696
634
602
770
634
546
610
638
724
698
678
600
508
472
512
376
374
366
436
480
444
524
588
566
490
404
510
444
414
544
544
580
598
690
660
642
656
576
554
530
536
418
418
376
466
684
522
698
662
638
648
572
502
440
392
626
612
530
648
718
582
500
584
574
592
546
664
496
410
450
498
426
572
562
600
456
602
620
694
794
910
900
972
914
868
732
636
800
1026
1130
1158
1170
1148
1062
950
924
754
720
550
512
608
744
508
542
540
534
612
606
410
416
498
666
508
490
288
272
234
164
326
156
196
120
116
150
126
204
206
64
62
98
110
176
88
192
216
284
228
166
362
312
302
358
416
262
280
82
82
154
228
230
258
242
246
252
182
250
286
258
310
324
336
392
388
186
304
382
362
420
516
536
582
610
756
706
672
574
544
440
496
582
456
430
330
92
52
40
190
166
74
104
34
108
188
210
246
150
188
330
428
268
340
284
312
314
420
394
338
354
380
518
456
706
668
746
726
758
720
794
744
852
822
692
616
556
430
492
534
446
482
382
560
734
716
826
868
978
860
934
930
916
838
730
616
626
700
674
572
526
486
458
528
492
520
418
324
228
202
294
232
300
344
420
284
364
282
284
224
232
356
356
458
414
444
218
68
4
54
36
118
172
360
390
332
302
376
358
240
456
416
398
302
56
16
76
226
210
254
120
180
120
24
284
132
216
242
244
86
46
94
166
102
260
350
562
680
804
946
786
664
688
848
870
916
854
944
814
814
832
852
784
788
906
1036
942
962
944
1050
978
800
480
390
414
446
574
724
706
740
520
462
334
348
374
546
502
590
404
430
434
312
348
390
390
408
310
532
476
664
732
824
732
734
642
860
766
844
742
770
872
784
778
814
764
560
640
700
604
586
544
536
390
338
372
314
340
282
330
412
234
126
102
218
226
200
82
126
66
36
114
82
188
226
168
96
40
72
144
66
82
116
230
232
304
240
2
32
84
74
12
16
100
74
272
240
266
274
268
82
50
162
72
178
282
326
316
142
166
188
318
314
418
322
384
374
412
482
500
676
694
500
482
512
508
714
764
760
938
1020
1032
1044
1086
1042
1222
1172
1170
1120
1086
996
938
954
806
766
554
432
570
592
568
582
360
410
336
464
516
334
296
102
88
108
80
52
64
20
66
206
164
132
136
262
376
410
532
464
318
426
554
476
400
386
408
478
434
488
522
428
348
496
584
594
516
344
340
330
406
366
334
288
316
470
364
406
512
660
566
566
380
384
402
334
486
530
412
364
292
178
134
208
290
126
20
20
176
322
354
212
140
166
200
362
426
326
358
354
416
384
318
228
178
276
514
542
302
316
372
502
402
430
488
782
926
954
1000
1042
1018
1034
1146
1166
1236
1088
1098
1124
1022
1008
1076
1038
1020
1112
1118
1160
1184
1186
1268
1334
1340
1434
1616
1694
1666
1636
1642
1482
1584
1584
1616
1634
1874
1698
1692
1936
2028
2170
2078
2002
1880
1850
1750
1840
1974
2006
1920
1938
1972
1974
1978
2102
1954
2104
1918
2124
2012
2112
2198
2126
2024
2074
2062
1908
1932
1890
1876
1734
1816
1898
1922
1966
2024
1902
1952
1832
2018
1760
1858
1712
1996
2002
2118
2128
2132
2058
2056
1958
1800
1868
1706
1744
1800
1808
1766
1710
1664
1656
1558
1562
1608
1590
1416
1364
1372
1290
1302
1328
1354
1416
1276
1104
1230
1104
1172
1212
1140
884
926
948
970
860
896
696
692
764
864
878
838
962
930
810
920
984
960
960
908
658
638
626
588
456
500
516
410
340
390
450
352
316
256
354
352
190
268
270
210
224
294
414
400
272
222
206
236
300
410
358
448
522
474
534
602
622
562
778
836
928
774
928
1016
986
928
894
962
932
958
922
906
636
602
532
594
630
520
336
404
386
328
392
546
542
480
524
590
542
448
372
334
214
70
28
108
206
270
356
466
460
524
858
846
786
782
768
802
812
784
844
896
934
994
1076
1080
874
1104
1178
1318
1292
1494
1436
1534
1588
1534
1476
1448
1476
1498
1456
1304
1210
1166
1324
1076
1140
1122
1094
1220
1072
1072
1078
854
912
926
1100
1072
1002
1016
896
780
674
638
802
784
858
798
988
1070
994
1014
1130
1304
1484
1532
1554
1566
1638
1538
1722
1738
1674
1808
1936
1636
1752
1838
1740
1706
1726
1850
1944
2012
2190
2288
2156
2056
1960
2112
2186
2268
2210
2188
2238
2172
2118
2032
2054
2070
1944
1664
1610
1556
1730
1688
1648
1636
1676
1634
1620
1486
1400
1332
1260
1380
1326
1508
1556
1712
1716
1684
1658
1778
1734
1826
1920
2092
2192
2272
2198
2176
2146
2108
2110
2184
2314
2310
2306
2362
2232
2222
2108
1978
1822
1732
1684
1744
1826
1778
1926
1840
1846
1850
1956
1968
1962
1974
1804
1720
1756
1694
1700
1680
1578
1470
1530
1656
1756
1620
1568
1628
1636
1714
1662
1642
1638
1574
1484
1358
1462
1344
1562
1414
1306
1314
1386
1532
1586
1696
1670
1476
1444
1450
1358
1240
1302
1402
1316
1356
1504
1336
1364
1408
1336
1368
1428
1460
1408
1478
1440
1348
1318
1394
1354
1462
1372
1242
1288
1164
1132
1024
1136
1268
1378
1296
1284
1088
1154
970
952
1002
892
876
862
816
850
756
756
774
638
762
702
612
672
618
728
818
794
780
718
728
532
726
714
656
708
782
742
704
776
748
706
646
666
712
678
608
738
876
928
1024
1014
964
1044
1066
992
1040
934
842
724
644
766
882
966
974
860
730
560
570
446
380
406
328
342
264
46
246
330
374
350
206
290
216
48
100
196
244
246
168
148
154
28
34
236
256
276
446
474
566
470
384
364
394
292
208
180
200
184
100
306
192
