6278
6282
6384
6418
6410
6502
6484
6556
6526
6634
6600
6608
6664
6718
6724
6598
6682
6590
6540
6574
6558
6650
6648
6590
6550
6588
6522
6496
6510
6360
6400
6578
6680
6702
6772
6738
6668
6590
6712
6798
6734
6808
6850
6780
6682
6700
6634
6474
6480
6526
6476
6512
6482
6598
6676
6720
6722
6810
6776
6792
6780
6878
6874
6684
6686
6770
6688
6662
6690
6824
6852
6832
6800
6700
6600
6556
6614
6662
6684
6552
6672
6620
6590
6572
6636
6726
6662
6624
6590
6556
6530
6572
6562
6548
6440
6402
6464
6372
6498
6440
6492
6508
6442
6392
6326
6388
6312
6428
6412
6408
6398
6376
6310
6376
6400
6232
6338
6408
6380
6366
6346
6346
6380
6318
6254
6264
6354
6350
6380
6280
6372
6298
6312
6330
6116
6078
5882
5906
5940
5894
5804
5900
5944
5892
5924
5938
6022
5958
5836
5992
6086
6100
6030
6026
6060
5990
6158
6094
6212
6164
6090
6070
6056
6050
5990
5988
5844
5788
5848
5844
5798
5758
5714
5712
5886
5886
5834
5818
5834
5810
5794
5968
6092
6218
6166
6288
6100
6114
6126
6130
6142
6204
6240
6168
6070
5944
6066
6062
6014
6032
6150
6098
5948
5864
5944
6020
5904
5958
5956
6134
6108
6192
6110
6182
6162
6232
6274
6170
6266
6298
6318
6314
6290
6294
6168
6148
6134
5904
5912
5952
6024
6236
6330
6448
6394
6342
6494
6454
6626
6610
6680
6714
6798
6618
6556
6492
6670
6698
6718
6586
6666
6668
6612
6570
6618
6600
6798
6738
6718
6864
6764
6916
6850
6856
6896
6818
6954
6818
6754
6606
6630
6630
6700
6636
6714
6786
6782
6782
6802
6894
6834
6756
6716
6574
6626
6632
6612
6634
6732
6866
6886
6940
6940
6970
6940
7064
6840
6730
6704
6740
6738
6628
6720
6618
6554
6608
6668
6586
6658
6608
6598
6676
6752
6904
7032
6930
6866
6944
6996
7078
7218
7222
7152
7264
7090
7160
7136
7216
7118
7138
7120
7290
7154
7136
7034
7036
7068
7100
7190
7150
7098
6940
7016
7014
7016
7046
7118
7214
7164
7280
7224
7266
7218
7120
6978
7022
6902
6844
6876
6834
6724
6784
6706
6742
6800
6902
6880
6968
6962
7038
7162
7072
7064
7104
7180
7182
7158
7150
7150
7168
7050
6932
6824
6900
7026
6988
7110
7138
7130
7102
7060
7070
7088
7048
6968
6968
7024
6826
6880
6814
6728
6794
6718
6714
6690
6754
6650
6746
6878
6836
6764
6804
6644
6570
6498
6470
6396
6394
6470
6468
6396
6430
6584
6516
6530
6558
6488
6466
6542
6530
6594
6514
6616
6670
6640
6640
6596
6576
6650
6722
6544
6452
6314
6164
6152
6158
6186
6232
6242
6292
6302
6138
6048
6064
5992
6284
6236
6178
6238
6260
6152
6106
6028
6060
5956
6178
6140
6210
6014
6040
5950
6068
5978
6016
5980
5992
5902
5900
5826
5904
5884
5860
6004
6050
6050
6154
6062
6120
6070
5956
6078
6098
6152
6010
5982
6042
5944
5918
5938
5872
5804
5856
5954
6010
5996
6100
6116
6182
6044
6120
6078
6012
5836
5880
5734
5806
5956
5924
5842
5942
5938
5930
6010
6110
6164
6178
6068
6170
6166
6168
5984
6068
6122
6164
6054
6062
6052
6050
6052
5996
5938
6148
6052
6000
6160
6270
6350
6320
6322
6346
6292
6316
6264
6160
6062
6160
6138
6108
6094
6112
6062
5992
6048
6012
6032
6070
5984
5976
6124
6010
6036
6096
6000
5972
6032
5918
5912
5920
5960
6014
6032
6116
6138
6138
6034
6088
6042
6088
5998
6044
6108
6062
5780
5972
5772
5682
5728
5778
5630
5574
5610
5678
5640
5638
5578
5650
5494
5596
5404
5426
5432
5584
5576
5778
5656
5642
5628
5594
5640
5622
5656
5444
5422
5510
5452
5494
5550
5548
5496
5464
5450
5506
5498
5390
5394
5328
5314
5260
5264
5198
5258
5360
5406
5510
5612
5608
5626
5900
5952
5956
5814
5678
5842
5886
5866
5884
5808
5796
5824
5892
5830
5880
5844
5754
5826
5810
5704
5776
5846
5970
5890
5780
5860
5856
5940
5876
5658
5694
5790
5890
5910
5948
6034
6024
5940
5742
5836
5792
5928
5978
6172
6130
6168
6086
6010
6026
6054
5874
5838
5904
5986
6090
6048
6014
5952
5916
5778
5924
5884
5906
6082
6058
5996
5916
6084
6022
5828
5898
5828
5904
5890
6006
6052
6062
6048
6134
6182
6120
6056
5894
5902
5816
5806
5890
5842
5854
5838
5896
5900
5892
5844
5804
5884
5936
5908
5914
5680
5614
5630
5834
5802
5990
6042
5974
6154
6116
6074
6024
6012
6098
5990
6002
5972
5970
5980
5906
5916
5862
5768
5706
5654
5728
5796
5682
5724
5714
5698
5708
5570
5538
5556
5632
5598
5474
5460
5452
5404
5464
5426
5392
5328
5292
5468
5360
5412
5340
5336
5246
5400
5378
5346
5326
5276
5248
5320
5256
5198
5292
5340
5372
5412
5384
5364
5376
5396
5448
5304
5430
5412
5508
5406
5390
5312
5400
5538
5632
5544
5624
5638
5620
5598
5598
5592
5600
5774
5768
5750
5648
5748
5812
5880
5868
5902
5934
5754
5714
5620
5724
5652
5630
5556
5434
5476
5448
5368
5410
5352
5358
5336
5288
5316
5288
5368
5394
5422
5484
5560
5688
5814
5698
5706
5672
5662
5636
5674
5564
5646
5634
5540
5504
5630
5732
5684
5604
5452
5428
5458
5554
5512
5266
5326
5472
5576
5556
5554
5450
5302
5284
5156
5204
5188
5018
4928
4972
5058
5234
5152
5258
5294
5076
5098
5118
5134
5194
5080
5186
5088
5096
5190
5016
5004
4996
4908
4948
5116
5148
4984
5150
5214
5200
5200
5220
5288
5302
5292
5470
5436
5508
5462
5554
5662
5724
5528
5670
5752
5822
5818
5722
5654
5558
5448
5520
5524
5462
5452
5538
5620
5746
5730
5736
5736
5796
5934
5844
5816
5890
5974
5810
5874
5918
5936
5760
5862
5842
5822
5944
5894
5916
6002
6006
6078
6146
6082
6024
5852
5832
5838
5784
5738
5722
5770
5688
5622
5650
5684
5924
5880
6042
5982
5874
5940
5824
5860
6006
5910
6000
5876
5808
5782
5674
5612
5582
5648
5806
5778
5798
5826
5862
5966
5896
5844
5780
5788
5766
5792
5778
5642
5672
5824
5856
5970
5886
6028
6012
5954
5980
5798
5808
5844
5752
5732
5764
5766
5844
5862
5926
5894
5886
5904
5968
5948
5952
5882
5882
5768
5700
5722
5752
5688
5630
5728
5770
5748
5764
5792
5744
5706
5646
5614
5588
5550
5522
5466
5552
5684
5674
5580
5598
5518
5440
5582
5618
5656
5736
5848
5904
6002
6016
6092
6134
6070
6230
6166
6056
5986
6026
5946
5952
5842
5920
5856
5738
5880
5870
5726
5776
5882
5954
5904
5964
6000
6040
6038
6068
6078
5928
5816
5780
5710
5980
6040
5934
5822
5968
5948
5744
5830
5824
5734
5826
5808
5712
5688
5734
5696
5668
5650
5684
5776
5816
5810
5868
5834
5786
5790
5856
5876
6018
6052
5986
5890
5900
5882
5838
5754
5642
5828
5806
5818
5884
5878
5714
5780
5776
5664
5750
5712
5716
5694
5658
5796
5658
5556
5550
5614
5730
5762
5812
5876
5912
5784
5604
5618
5478
5460
5620
5596
5640
5676
5692
5580
5620
5592
5628
5616
5546
5708
5700
5618
5664
5632
5652
5526
5548
5526
5464
5538
5566
5566
5492
5418
5412
5470
5530
5604
5566
5550
5458
5384
5518
5522
5520
5460
5540
5554
5580
5598
5670
5740
5862
5786
5914
5858
5750
5762
5882
5792
5702
5620
5528
5478
5402
5506
5512
5462
5290
5128
5118
5290
5206
5136
5208
5042
4910
5018
4914
4918
4922
5164
5328
5150
5032
5112
5216
5230
5246
5274
5268
5380
5210
5142
5102
5148
5180
5288
5392
5382
5376
5354
5306
5432
5394
5336
5498
5360
5304
5378
5286
5150
5142
5240
5266
5230
5354
5256
5224
5146
4984
5078
5096
5048
4970
5104
5170
5170
5244
5318
5434
5272
5314
5402
5408
5524
5516
5434
5420
5368
5380
5398
5352
5222
5190
5296
5298
5408
5400
5488
5480
5430
5470
5458
5372
5378
5384
5418
5252
5410
5512
5432
5488
5572
5660
5584
5608
5602
5548
5708
5602
5510
5582
5392
5368
5374
5422
5286
5440
5372
5584
5658
5584
5632
5656
5738
5724
5848
5742
5864
5850
5878
5906
5874
5964
5910
5940
5828
5868
5902
5998
6058
6056
6120
6080
6110
5880
5974
6090
6138
6086
6054
5998
6166
6022
5898
5834
5868
5914
5722
5844
5848
5884
5868
6000
6136
6098
6120
6146
6130
6182
6190
6060
6142
6128
6144
6158
6140
6136
6084
6046
6124
6032
6012
6062
6080
6170
6198
6110
6130
6036
6160
6118
6086
6022
5996
6014
5922
5980
5936
5948
5844
5852
5880
5908
5936
5988
6026
6118
5914
5952
6084
6094
6142
6162
6306
6286
6238
6260
6346
6418
6510
6490
6480
6660
6628
6678
6686
6750
6744
6636
6528
6556
6410
6488
6434
6444
6464
6472
6388
6372
6380
6288
6254
6274
6244
6298
6212
6260
6284
6292
6214
6424
6450
6528
6444
6268
6162
6106
6186
6180
6184
6158
6234
6320
6336
6444
6406
6396
6352
6310
6270
6342
6320
6424
6426
6418
6318
6238
6360
6364
6392
6282
6168
6090
5988
6024
6160
6298
6172
6212
6136
6082
5982
5974
5980
6120
6170
6302
6266
6284
6344
6436
6448
6512
6506
6384
6400
6462
6468
6356
6400
6448
6456
6460
6582
6532
6482
6476
6390
6460
6374
6440
6532
6596
6634
6672
6630
6574
6580
6614
6586
6582
6418
6496
6482
6462
6276
6290
6240
6306
6374
6258
6260
6168
6124
6164
6074
6120
6096
6114
5964
6080
6096
6060
5894
6030
5912
5906
5996
6156
6150
6052
6156
6124
6010
5990
5996
6070
6078
6040
6128
6156
6106
6212
6208
6220
6248
6288
6244
6256
6176
6150
6106
6158
6002
6184
6222
6196
6218
6062
6092
6166
5948
5958
5984
6020
5852
5726
5712
5828
5766
5782
5892
5942
5934
5916
5960
6044
6076
6138
6226
6196
6222
6214
6294
6340
6386
6390
6382
6358
6218
6234
6240
6220
6182
6184
6040
6226
6086
6148
6204
6202
6166
6236
6146
6226
6164
6210
6106
6138
6086
6102
6168
6170
6230
6178
6152
6276
6438
6346
6254
6270
6272
6254
6326
6196
6208
6224
6266
6328
6358
6390
6422
6394
6318
6360
6336
6312
6422
6482
6486
6606
6676
6654
6606
6552
6426
6404
6476
6352
6240
6328
6282
6288
6294
6120
6176
6238
6232
6164
6036
6208
6372
6348
6476
6518
6306
6246
6338
6340
6470
6486
6464
6446
6496
6492
6500
6400
6350
6228
6280
6354
6414
6448
6510
6592
6622
6428
6320
6306
6162
6312
6302
6168
6226
6208
6174
6230
6348
6340
6256
6230
6146
6096
6158
6092
6064
6104
6142
6168
6104
6190
6128
6068
5994
6072
6124
6214
6202
6188
6180
6178
6214
6136
6026
6032
5950
5980
5896
5798
5892
5988
5980
5958
5992
5928
5964
5874
5964
5912
5840
5910
6080
6258
6190
6218
6462
6528
6542
6508
6552
6496
6454
6470
6532
6368
6416
6328
6404
6554
6594
6594
6644
6662
6720
6758
6794
6824
6872
6846
6952
6980
6980
6914
6890
6886
6792
6732
6794
6888
6856
6896
6876
6810
6758
6750
6756
6680
6766
6712
6750
6726
6806
6678
6572
6510
6326
6324
6264
6306
6260
6208
6168
6128
6120
6110
6096
6092
6084
6130
6146
6180
6262
6126
6158
6146
5970
5986
5950
5862
5992
6094
6012
5930
5922
5960
6046
6066
5968
6000
6040
6034
5884
5962
5892
6020
6044
6004
6128
6002
5990
5984
6082
6110
6178
6278
6190
6236
6128
6192
6148
6160
6092
6104
6010
5950
5994
6022
5936
5754
5818
5740
5734
5822
5746
5644
5672
5702
5672
5668
5762
5842
5796
5826
5804
5894
5958
5900
6020
5948
6010
6046
6020
6024
6094
6112
6114
6162
6162
6290
6294
6414
6406
6248
6200
6298
6150
6132
6072
6162
6132
6122
6242
6302
6330
6352
6294
6316
6252
6288
6310
6238
6306
6162
6096
6072
6080
6180
6082
5938
5820
5826
5860
5938
6026
6032
6198
6218
6136
6180
6106
6164
