390
356
348
344
424
440
458
432
438
424
500
456
446
388
424
384
402
366
334
340
306
308
312
284
290
288
258
222
242
206
186
172
196
190
174
146
116
120
96
112
112
78
64
56
62
72
74
98
130
122
134
94
94
138
86
74
98
86
64
14
76
36
20
38
36
80
86
44
70
98
126
84
68
62
4
4
6
10
12
2
12
4
22
8
48
18
30
6
34
78
48
32
30
16
30
4
6
22
54
48
60
112
110
102
108
120
62
30
32
56
80
40
10
30
10
34
12
46
20
32
52
38
34
28
4
0
10
26
8
56
74
74
104
68
56
78
106
148
212
244
184
184
180
178
194
212
302
228
222
254
198
216
198
146
146
204
192
182
212
160
94
92
64
76
66
22
48
42
22
6
4
30
72
44
36
24
10
2
36
68
92
50
8
2
50
60
48
50
42
48
80
76
82
90
116
62
52
66
62
118
122
166
190
252
242
216
200
124
116
106
118
120
34
16
52
6
20
44
72
42
114
118
140
68
106
134
144
130
132
156
188
150
148
96
170
208
224
218
234
218
198
216
234
124
94
112
80
64
28
94
100
82
38
42
12
40
42
90
106
92
58
56
46
22
48
18
66
144
166
204
218
224
244
190
196
152
110
130
104
50
38
26
14
18
32
60
116
94
82
58
56
98
62
116
78
110
126
126
52
54
40
12
56
60
128
120
108
132
96
52
88
106
154
148
132
122
114
140
136
194
216
216
148
212
164
164
138
110
154
122
126
154
104
88
86
136
150
146
112
104
110
74
58
46
90
134
46
18
14
10
4
4
18
28
74
50
56
94
68
32
12
44
34
44
44
98
122
126
136
122
102
100
64
46
60
94
140
182
116
96
118
116
100
108
94
176
202
182
192
130
132
158
160
174
164
144
224
214
226
246
240
210
192
180
182
206
194
224
208
108
108
146
178
204
178
206
208
212
190
226
226
226
180
162
138
152
130
112
106
74
44
20
8
36
36
40
32
14
32
50
82
70
138
116
118
144
192
256
230
272
302
364
356
360
306
278
350
292
306
354
346
332
322
258
244
292
356
358
408
402
396
372
400
332
336
332
330
330
330
332
322
354
378
420
402
400
386
384
382
380
348
324
330
274
250
232
230
180
166
176
164
138
122
66
58
28
48
84
66
66
88
128
126
112
136
162
144
134
130
92
110
98
148
148
174
232
252
230
238
268
288
240
290
364
390
384
366
358
394
416
412
396
402
404
362
336
384
398
356
324
310
362
372
420
448
408
412
446
450
470
454
478
470
472
484
420
446
460
442
446
478
492
440
388
374
380
372
294
322
300
302
264
306
298
332
312
258
304
314
344
252
204
220
198
192
298
302
302
264
290
320
316
362
362
334
340
344
304
358
404
386
352
374
318
278
292
302
308
342
338
348
330
358
270
262
282
290
320
318
286
278
246
284
280
206
154
178
202
210
204
192
162
86
92
102
130
134
128
114
80
64
76
106
120
106
104
76
74
104
104
112
100
66
54
16
34
70
52
24
12
4
0
30
54
22
52
54
96
98
68
30
24
10
14
6
8
28
34
60
64
96
124
154
196
206
216
206
170
196
232
200
234
222
264
268
282
274
238
240
266
208
182
210
180
218
256
246
278
230
288
226
264
268
286
234
176
204
224
240
254
254
274
358
354
382
390
370
368
368
398
406
392
406
400
354
344
302
266
266
304
318
314
302
320
284
310
300
266
226
190
206
202
246
254
278
294
322
366
386
432
410
452
486
474
478
472
484
496
512
488
486
446
446
474
478
444
482
504
456
486
460
426
396
290
272
328
298
266
298
302
292
314
282
276
276
256
212
194
244
290
330
370
368
332
260
232
204
218
196
166
178
162
104
118
200
202
204
220
244
204
226
216
200
244
226
194
226
218
238
274
312
310
294
354
344
296
288
298
240
286
274
260
262
254
316
386
464
392
408
446
430
412
420
480
532
532
520
534
502
522
530
526
568
570
550
586
554
558
588
614
566
566
564
628
584
544
476
504
564
530
532
526
580
582
626
628
612
578
566
582
598
622
600
584
580
598
594
584
568
542
512
516
522
398
406
410
402
354
354
326
332
286
264
268
266
276
296
328
282
298
230
154
220
186
168
136
124
98
74
40
86
126
96
124
122
142
108
108
128
104
60
60
72
28
42
28
20
20
0
14
34
30
4
58
102
70
66
78
68
78
112
146
114
132
170
222
238
226
180
188
186
180
102
194
218
232
258
248
210
298
298
322
342
342
376
372
368
372
364
318
292
250
296
326
300
324
368
316
324
344
398
364
386
366
400
400
376
434
450
458
470
498
532
512
472
500
482
454
490
488
480
494
490
488
466
484
488
464
466
478
434
370
360
336
346
346
316
334
304
252
262
238
294
356
370
348
350
390
394
410
386
426
432
420
418
392
376
358
402
376
316
278
280
310
314
256
222
246
236
252
186
156
96
158
150
132
160
166
140
158
176
186
220
246
268
262
240
256
230
224
282
250
318
342
344
314
350
376
418
394
372
370
330
330
286
260
252
210
216
190
244
270
208
224
288
284
322
264
224
258
230
230
202
200
202
204
202
228
192
232
226
220
268
262
344
250
216
246
224
230
224
278
286
266
330
290
286
306
350
330
408
392
394
396
358
386
418
404
400
422
408
366
324
314
264
268
284
276
268
232
182
122
114
110
140
182
176
166
196
172
148
134
212
232
262
300
324
352
362
382
378
420
436
426
378
374
310
296
276
312
300
306
322
322
274
272
206
228
222
194
174
166
212
230
210
222
240
258
258
296
248
238
340
328
354
322
374
330
380
390
368
364
452
466
512
494
438
490
454
486
508
512
516
590
608
624
666
628
604
654
684
618
618
606
582
584
600
582
550
538
560
566
516
530
498
492
480
518
498
490
460
510
528
516
510
492
478
542
590
620
594
542
554
542
526
518
556
566
540
614
638
614
586
598
598
582
588
560
540
514
520
520
514
538
474
512
508
502
496
498
514
536
508
460
464
450
450
420
398
434
444
430
418
436
428
388
376
414
364
400
424
422
404
432
496
514
494
524
574
582
606
628
598
556
540
558
546
582
574
586
590
614
618
578
548
610
598
594
566
626
638
642
652
674
662
678
668
720
692
756
694
694
656
636
634
588
598
538
516
568
592
612
576
558
532
556
500
478
468
478
488
510
436
478
476
478
492
398
440
442
404
386
290
304
240
230
234
228
226
202
232
218
188
128
52
26
12
26
78
70
48
70
78
134
148
216
216
202
272
312
292
276
276
254
252
232
248
292
252
220
186
148
158
188
174
198
182
236
246
224
222
202
162
114
150
160
216
228
158
144
206
164
194
206
216
236
302
334
260
246
258
270
370
328
358
366
362
328
346
370
410
352
358
388
396
456
468
500
472
466
440
418
414
428
442
438
462
440
462
398
346
322
352
346
378
334
350
382
408
396
420
366
398
392
404
380
354
306
324
340
344
296
310
332
344
330
320
302
302
288
262
222
246
250
200
144
172
162
224
226
184
222
208
174
158
180
174
118
110
86
110
104
60
64
34
64
84
120
104
82
120
70
120
80
146
166
118
118
108
144
100
94
122
162
86
102
118
140
162
222
204
154
124
122
102
78
124
120
108
144
162
202
176
150
90
72
62
50
6
56
38
56
34
4
8
68
44
2
12
40
6
42
76
114
86
122
124
88
106
74
72
82
100
6
2
24
32
26
40
28
28
26
16
62
92
100
52
32
20
2
4
26
56
90
134
134
114
100
108
82
122
110
122
106
170
188
236
202
204
218
222
216
222
270
276
260
260
316
360
394
320
300
268
196
226
212
240
226
314
274
334
292
298
316
348
358
324
292
282
274
290
278
328
304
256
280
198
128
160
166
170
186
214
254
260
214
220
248
268
278
206
160
192
212
282
316
344
372
412
400
390
428
420
444
448
470
464
434
486
466
472
466
474
444
434
416
402
420
440
404
374
402
336
386
324
300
310
340
394
338
296
282
256
280
338
268
222
302
200
200
202
186
242
262
248
250
232
238
274
290
284
374
384
396
412
414
380
384
306
338
372
376
396
376
372
356
376
372
384
378
408
406
412
412
350
374
394
384
388
416
378
332
334
306
292
262
256
246
274
234
210
236
238
184
104
50
26
12
66
40
56
56
2
26
36
12
0
90
66
108
110
120
48
86
62
38
28
36
2
6
2
28
110
26
68
102
38
94
76
64
84
132
196
176
178
182
256
208
242
198
134
148
158
96
82
90
48
58
54
52
20
34
54
102
92
44
14
12
18
46
92
90
24
46
54
54
46
68
84
72
62
12
4
14
8
32
140
158
154
206
192
234
234
266
306
328
346
366
360
358
362
366
384
356
354
358
386
418
400
426
420
396
358
284
278
278
328
312
332
310
306
248
218
250
250
290
308
328
358
352
348
292
328
384
378
412
372
378
390
408
408
398
378
374
402
378
362
320
264
212
196
190
206
194
218
252
238
234
284
302
306
364
418
402
384
394
356
358
358
306
268
220
212
158
196
164
206
222
256
252
