7750
7574
7548
7558
7568
7656
7666
7528
7780
7782
7642
7644
7758
7674
7650
7642
7662
7682
7786
7646
7694
7652
7622
7686
7708
7608
7602
7564
7508
7484
7606
7570
7598
7588
7486
7570
7602
7652
7532
7438
7478
7530
7540
7528
7538
7544
7614
7568
7466
7478
7588
7518
7564
7538
7628
7644
7636
7530
7586
7630
7518
7420
7386
7384
7440
7380
7486
7536
7544
7600
7502
7476
7546
7576
7540
7578
7646
7610
7558
7484
7494
7478
7536
7544
7604
7480
7472
7430
7448
7356
7302
7338
7396
7314
7312
7258
7222
7164
7144
7176
7314
7346
7274
7198
7074
7134
7218
7236
7348
7310
7322
7344
7470
7530
7606
7566
7450
7370
7420
7516
7624
7576
7582
7564
7708
7730
7712
7666
7704
7646
7682
7730
7686
7512
7572
7460
7474
7548
7462
7592
7622
7726
7764
7804
7686
7702
7732
7640
7674
7702
7714
7824
7812
7838
7866
7852
7772
7792
7764
7768
7892
7748
7814
7768
7736
7706
7742
7704
7728
7716
7850
7798
7840
7710
7780
7738
7790
7888
7840
7880
7838
7830
7922
7908
7842
7822
7836
7826
7922
7834
7808
7776
7816
7986
7902
7862
7872
7926
7872
7814
7904
7946
7926
7898
7838
7878
7804
7790
7864
7964
7980
8004
8024
7900
7886
7868
7962
7918
8008
8006
8018
8078
8058
7982
7968
7858
7890
7958
7894
7798
7772
7818
7888
7866
7858
7874
7840
7896
7816
7724
7768
7772
7812
7836
7734
7820
7774
7798
7868
7828
7846
7890
7850
7768
7906
7776
7808
7784
7770
7860
7794
7830
7950
7820
7784
7768
7780
7790
7868
7800
7772
7736
7776
7876
7788
7722
7802
7756
7746
7652
7652
7714
7756
7696
7656
7676
7670
7706
7728
7792
7816
7782
7818
7798
7834
7850
7792
7804
7794
7976
7954
7892
7896
7712
7672
7778
7826
7758
7650
7710
7688
7670
7658
7616
7676
7636
7662
7666
7786
7882
7890
7798
7770
7742
7676
7644
7686
7720
7722
7732
7836
7822
7908
8006
8068
7982
7956
8010
7968
7980
8010
7928
7944
7916
7924
7848
7852
7928
7844
7718
7820
7856
7974
7894
7992
7912
8002
8002
7964
7938
7840
7896
7912
7948
7942
7970
7956
7956
7854
7828
7808
7858
7932
7872
7928
7850
7798
7654
7664
7658
7668
7758
7788
7806
7742
7748
7740
7700
7656
7652
7652
7620
7716
7598
7648
7642
7706
7784
7844
7838
7746
7702
7646
7654
7594
7634
7746
7688
7684
7676
7790
7856
7804
7808
7932
7950
7932
7846
7860
7822
7734
7830
7866
7930
7924
7948
7932
7892
7878
7782
7672
7806
7926
7920
7900
7896
7958
7904
7960
7928
7884
7958
7996
7924
7870
7878
7830
7874
7848
7886
7876
8006
8022
8058
8000
7862
7794
7854
7876
7844
7846
7764
7774
7764
7900
7922
7906
7874
7860
7864
7862
7892
7840
7910
7974
7912
7908
7920
7780
7868
7854
7890
7932
7864
7884
7982
8022
7926
7960
7962
8000
7998
7982
7822
7850
7878
7866
7844
7790
7896
7798
7908
7888
7774
7858
7878
7812
7830
7830
7840
7830
7864
7852
7738
7924
7812
7724
7774
7780
7788
7684
7742
7718
7792
7668
7632
7638
7578
7594
7580
7584
7726
7766
7774
7736
7722
7692
7646
7630
7584
7660
7790
7782
7816
7860
7850
7900
7852
7862
7796
7772
7790
7778
7754
7820
7696
7712
7686
7616
7654
7602
7648
7640
7588
7614
7570
7536
7586
7580
7570
7566
7604
7612
7666
7644
7634
7634
7792
7692
7606
7576
7526
7532
7576
7608
7670
7658
7726
7836
7790
7730
7860
7844
7946
7848
7754
7790
7968
7942
7848
7862
7770
7806
7802
7790
7772
7904
7840
7792
7812
7874
7916
7940
7978
8010
7980
7926
7926
7928
7986
7950
7924
7886
7746
7704
7714
7776
7706
7764
7694
7632
7708
7744
7844
7824
7880
7862
7826
7942
7948
7968
7954
7948
7990
7928
7948
7916
7926
7968
7924
7796
7706
7612
7720
7716
7660
7610
7598
7654
7588
7522
7570
7664
7652
7630
7762
7758
7756
7778
7766
7706
7646
7612
7722
7756
7804
7706
7660
7640
7532
7364
7410
7494
7560
7510
7598
7580
7510
7478
7510
7622
7536
7504
7614
7740
7846
7822
7898
7968
7908
7952
7964
7902
7826
7776
7846
7844
7888
7890
7826
7768
7752
7838
7842
7800
7814
7832
7984
7940
7848
7754
7838
7858
7920
7916
7878
7906
7874
7926
7864
7828
7802
7872
7956
7860
7778
7698
7608
7610
7564
7586
7568
7630
7764
7654
7752
7706
7708
7600
7530
7624
7622
7568
7648
7620
7620
7598
7552
7462
7432
7448
7430
7574
7550
7534
7648
7548
7690
7730
7740
7724
7630
7664
7778
7822
7796
7724
7692
7634
7630
7634
7640
7602
7588
7630
7636
7568
7712
7662
7576
7602
7730
7764
7674
7606
7582
7556
7530
7522
7550
7544
7622
7688
7676
7718
7796
7800
7740
7772
7830
7766
7730
7804
7840
7756
7752
7756
7684
7734
7786
7738
7688
7596
7568
7622
7524
7478
7512
7488
7470
7416
7444
7390
7394
7308
7226
7166
7230
7318
7306
7350
7308
7350
7262
7350
7436
7380
7376
7378
7222
7166
7162
7266
7304
7240
7184
7160
7294
7284
7306
7272
7154
7114
7226
7244
7286
7266
7374
7388
7472
7522
7428
7462
7538
7588
7610
7600
7638
7570
7682
7646
7664
7632
7668
7852
7952
7936
8010
7936
7952
7948
7972
7990
7872
7978
7902
7892
7768
7836
7898
7916
7804
7842
7778
7876
7838
7850
7852
7844
7912
7946
7902
7908
7772
7692
7706
7760
7700
7778
7852
7870
7812
7902
7836
7764
7774
7768
7728
7676
7646
7608
7500
7616
7780
7816
7892
7712
7714
7744
7698
7590
7634
7744
7866
7956
8004
7968
7920
7958
7868
7994
8006
7914
7862
7760
7778
7700
7678
7716
7728
7690
7742
7718
7772
7754
7788
7824
7856
7852
7796
7718
7846
7922
7910
7986
8000
8060
8038
8062
8012
8018
8084
8028
8042
7980
7968
7978
7968
7966
7918
7850
7776
7780
7810
7880
7910
7946
7944
7892
7820
7812
7930
7972
7988
7844
7674
7828
7796
7824
7808
7806
7798
7836
7742
7668
7672
7798
7780
7782
7842
7790
7806
7636
7674
7628
7598
7652
7736
7676
7714
7692
7678
7786
7742
7786
7660
7738
7672
7786
7692
7622
7648
7618
7650
7574
7548
7570
7614
7746
7580
7686
7690
7704
7750
7690
7630
7720
7720
7682
7794
7872
7842
7818
7840
7954
7866
7850
7808
7778
7784
7818
7812
7878
7876
7792
7832
7784
7802
7932
7846
7782
7674
7722
7768
7826
7802
7686
7706
7728
7684
7654
7760
7820
7812
7782
7884
7912
7998
7950
7912
8046
8010
7966
7954
7976
7880
7782
7728
7822
7866
7872
7882
7866
7978
7968
7890
7884
7820
7784
7920
7900
7906
7856
7810
7872
7778
7708
7780
7802
7840
7890
7878
7864
7912
8056
8044
8006
7976
7930
7908
7798
7818
7920
7870
7828
7820
7892
7858
7730
7824
7804
7832
7840
7862
7770
7818
7900
7934
7930
7830
7816
7818
7840
7922
7848
7826
7856
7866
7784
7850
7854
7858
7794
7788
7710
7670
7734
7676
7632
7688
7818
7706
7748
7662
7760
7760
7820
7786
7760
7732
7770
7714
7624
7518
7616
7644
7616
7674
7682
7546
7530
7550
7560
7598
7660
7642
7650
7530
7452
7344
7340
7354
7336
7358
7332
7280
7220
7276
7340
7330
7326
7278
7394
7338
7360
7464
7494
7602
7630
7684
7608
7592
7588
7654
7572
7678
7748
7740
7688
7686
7640
7614
7672
7712
7720
7730
7708
7722
7714
7756
7744
7796
7718
7682
7626
7638
7632
7638
7726
7640
7654
7544
7582
7590
7540
7576
7498
7552
7598
7706
7648
7586
7558
7712
7762
7758
7750
7734
7762
7664
7626
7632
7592
7608
7578
7578
7692
7718
7750
7776
7798
7784
7702
7726
7722
7822
7974
7952
8022
7956
7878
7904
7924
7980
7960
7922
7898
7834
7864
7778
7754
7790
7814
7906
7894
7834
7914
7816
7724
7652
7658
7734
7672
7610
7642
7724
7746
7752
7806
7824
7954
7930
7802
7772
7858
7786
7730
7678
7658
7742
7730
7744
7740
7710
7660
7666
7736
7822
7746
7902
7922
7772
7846
7774
7850
7822
7818
7780
7780
7776
7816
7858
7938
7874
7778
7690
7656
7680
7598
7612
7658
7706
7678
7740
7700
7666
7686
7772
7828
7726
7720
7664
7772
7764
7758
7872
7854
7810
7758
7818
7882
7842
7856
7910
7892
7926
7902
7934
7976
7958
7978
8008
8068
8054
8016
8034
7998
7970
7844
7822
7848
7888
7858
7934
7900
7822
7830
7784
7868
7902
7838
7848
7732
7650
7760
7712
7670
7622
7624
7690
7668
7686
7630
7610
7624
7760
7794
7794
7806
7742
7766
7712
7670
7734
7668
7736
7728
7830
7788
7854
7868
7764
7814
7860
7774
7834
7862
7850
7778
7796
7814
7684
7724
7722
7820
7740
7732
7706
7832
7742
7758
7750
7822
7826
7850
7876
7914
7918
7912
7816
7740
7794
7738
7794
7716
7808
7776
7756
7828
7858
7882
7794
7878
7822
7794
7782
7918
7970
7896
7832
7762
7750
7716
7730
7876
7912
7770
7710
7766
7702
7580
7630
7694
7664
7682
7656
7854
7870
7852
7868
7766
7824
7856
7806
7818
7856
7782
7788
7784
7662
7768
7774
7828
7856
7784
7812
7836
7928
7894
7952
7888
7838
7894
7822
7676
7752
7728
7688
7588
7480
7486
7528
7584
7470
7546
7662
7636
7682
7722
7780
7656
7608
7566
7516
7604
7588
7628
7686
7666
7754
7700
7652
7610
7652
7658
7586
7618
7638
7708
7752
7768
7724
7680
7668
7804
7754
7810
7854
7848
7914
7966
7980
8022
8056
8032
8082
8126
8052
8092
8084
8046
7998
8020
7996
7952
8036
8036
8008
7994
7904
7924
7998
8058
8040
8026
8054
8024
7944
7836
7784
7684
7734
7666
7676
7768
7806
7780
7676
7714
7766
7740
7664
7752
7824
7872
7840
7746
7786
7910
7884
7906
7854
7920
7908
7884
7862
7774
7702
7654
7666
7628
7712
7772
7708
7598
7672
7638
7618
7626
7710
7788
7622
7600
7538
7544
7584
7572
7562
7616
7646
7586
7708
7802
7746
7680
7684
7758
7916
7956
7960
8018
8054
8004
7870
7842
7904
7926
7984
7944
7920
7808
7824
7904
7922
7962
7924
7950
7822
7874
7840
7840
7796
7778
7784
7774
7848
7788
7682
7718
7736
7642
7608
7614
7608
7570
7556
7640
7582
7658
7560
7590
7610
7578
7562
7546
7504
7604
7536
7576
7590
7552
7618
7510
7622
7610
7646
7640
7574
7598
7478
7516
7584
7670
7632
7618
7662
7554
7556
7594
7720
7700
7628
7644
7688
7680
7656
7734
7804
7754
7890
7838
7704
7728
7628
7674
7592
7606
7618
7600
7618
7596
7678
7732
7738
7628
7706
7770
7734
7838
7824
7762
7882
7724
7676
7786
7778
7648
7618
7672
7598
7658
7650
7732
7628
7592
7704
7778
7766
7656
7720
7752
7774
7756
7754
7788
7652
7730
7716
7754
7776
7694
7646
7602
7690
7798
7774
7740
7742
7720
7768
7844
7816
7816
7826
7920
8010
8060
7998
8002
8038
7894
7918
7856
7988
8036
7954
7914
7930
7830
7698
7760
7766
7764
7904
7968
7950
7978
7956
7902
7884
7762
7758
7752
7638
7688
7836
7864
7852
7874
7854
7932
7964
7940
7848
7960
7956
7996
8010
7862
7800
7790
7870
7952
7982
7964
7996
8066
7990
7940
7878
7908
7884
7894
7832
7868
7934
7944
7988
7908
7880
7866
7948
7934
7956
7978
7962
7972
7914
7862
7832
7674
7730
7720
7636
7570
7492
7570
7654
7682
7814
7882
7838
7880
7894
7814
7930
7862
7838
7884
7824
7846
7874
7822
7878
7858
7838
7826
7850
7836
7800
7796
7812
7860
7814
7808
7746
7646
7644
7730
7642
7620
7696
7710
7632
7620
7666
7712
7640
7654
7688
7768
7784
7620
7590
7588
7566
7600
7524
7524
7568
7576
7536
7570
7512
7482
7450
7530
7604
7530
7702
7626
7594
7600
7506
7516
7622
7712
7796
7736
7810
7710
7704
7628
7656
7626
7604
7612
7560
7656
7682
7744
7866
7824
7824
7714
7736
7560
7552
7522
7644
