772
788
700
662
502
540
680
600
516
436
374
378
292
194
404
330
274
268
268
88
74
194
48
120
222
80
110
274
254
178
264
400
514
400
468
608
572
634
592
768
792
692
696
560
604
630
642
594
640
538
598
450
524
470
556
414
286
450
464
546
502
338
442
504
454
474
554
684
694
604
582
632
582
718
724
632
568
742
576
528
480
372
578
554
536
738
548
690
732
748
604
462
448
336
422
336
208
270
198
230
132
140
218
334
522
514
414
420
412
402
400
482
452
474
380
478
406
550
524
374
328
204
178
248
86
456
470
516
552
572
610
636
792
722
530
328
378
348
354
216
132
186
134
126
154
176
46
50
150
18
214
110
212
128
22
84
10
138
242
40
50
206
104
152
172
136
2
18
20
10
82
148
86
122
134
306
300
194
360
320
264
432
444
508
368
442
342
348
318
420
476
276
346
352
450
566
420
472
428
478
340
230
154
68
2
114
32
30
10
18
234
198
140
292
382
264
240
180
172
144
150
216
190
146
210
102
160
6
6
62
112
208
324
338
256
208
236
242
44
48
276
210
254
286
130
164
198
256
240
266
166
4
70
168
6
144
232
130
18
36
78
214
136
162
198
420
378
328
374
440
432
588
502
404
646
686
704
646
698
662
692
806
976
866
664
776
938
1094
1062
934
728
664
670
646
818
756
702
822
710
700
714
656
524
504
682
558
580
536
506
592
732
850
904
880
896
864
852
730
528
566
656
716
800
822
872
842
810
1002
698
642
592
612
622
646
758
838
742
774
644
752
604
592
628
636
596
556
610
682
446
238
330
194
166
138
108
308
312
358
366
258
204
356
370
564
500
604
754
766
810
760
742
868
768
738
666
478
146
152
154
270
414
414
462
514
304
524
340
392
452
700
588
712
680
826
630
668
682
674
840
868
874
824
752
748
732
724
794
826
852
938
982
938
814
786
806
788
1008
1076
854
820
842
694
716
796
734
690
752
824
940
830
680
796
838
756
734
592
566
522
734
768
730
760
702
648
726
754
786
782
1000
906
784
906
998
1178
1136
1248
1250
1434
1406
1454
1468
1620
1546
1546
1516
1584
1424
1386
1538
1584
1646
1670
1710
1634
1468
1350
1396
1252
1200
1108
1200
1048
1000
1072
886
826
808
920
1054
938
828
838
784
908
856
900
1118
1044
1098
1094
1060
1116
1102
902
848
916
794
738
754
804
862
768
870
956
720
826
794
1094
1102
1072
1142
1210
1118
936
866
802
746
630
836
794
872
736
800
928
940
828
804
924
886
752
694
810
842
858
932
908
840
906
778
784
778
790
836
934
950
994
1126
1258
1178
1144
1046
1060
1200
1278
1204
1080
1178
1384
1428
1288
1258
1248
1112
1290
1336
1406
1394
1292
1266
1214
1032
920
1064
928
1016
1242
1260
1110
1006
1206
996
820
776
736
720
658
728
666
800
874
1030
1238
1066
912
820
874
806
674
692
880
786
800
800
710
588
450
538
440
392
482
614
738
920
912
936
806
788
804
722
854
1034
1144
978
642
722
712
732
1028
952
866
770
924
1006
1008
810
962
1188
916
798
874
788
696
754
674
720
786
820
784
826
748
638
578
582
652
502
328
208
164
264
312
468
490
570
476
404
544
316
338
280
92
40
38
128
108
86
140
154
282
228
202
68
96
182
404
598
544
538
524
726
934
930
798
720
658
728
890
748
614
528
594
666
688
790
966
1030
1146
1164
1168
1298
1184
1106
1058
1018
1134
1038
1208
1172
1270
1444
1518
1434
1550
1364
1296
1204
1232
1098
992
930
966
836
792
906
868
930
828
898
886
968
982
1176
1184
1344
1266
1178
1148
1296
1226
1286
1276
1256
1494
1420
1466
1364
1250
1432
1466
1558
1626
1810
1794
1798
1768
1948
1824
1726
1604
1544
1742
1706
1738
1670
1752
1736
1774
1774
1946
2192
2138
2100
2036
2040
1826
1774
1848
1656
1682
1574
1484
1532
1524
1512
1580
1434
1372
1294
1272
1590
1656
1788
1640
1608
1558
1632
1448
1440
1354
1270
1358
1480
1566
1540
1534
1340
1266
1328
1454
1418
1408
1598
1644
1558
1442
1444
1522
1370
1350
1416
1514
1548
1766
1678
1600
1522
1506
1556
1526
1748
1886
1918
2000
2138
2052
1918
1852
1798
1958
1822
1820
1824
1794
1624
1474
1566
1488
1542
1644
1568
1504
1554
1636
1634
1582
1570
1454
1536
1516
1484
1546
1406
1582
1544
1492
1240
1198
1184
1162
1046
1072
1006
862
738
610
646
474
552
608
732
750
810
1012
1154
1000
1066
1024
968
818
860
974
926
754
880
1000
790
742
796
838
724
520
270
266
222
322
360
400
504
530
588
444
384
498
554
622
610
570
444
398
406
350
444
508
352
444
398
410
286
514
454
322
272
278
416
440
600
632
600
460
418
328
416
298
272
314
372
350
356
322
284
282
364
296
412
372
382
258
250
80
36
48
88
68
56
8
110
188
200
66
114
40
132
22
214
292
376
422
272
290
472
650
734
794
810
790
856
604
538
400
460
564
344
404
376
634
600
594
702
730
720
646
624
852
990
1004
982
1066
1096
1228
1068
1102
1152
1272
1316
1214
1242
1302
1366
1400
1374
1390
1410
1342
1238
1340
1260
1214
1086
1156
1054
1020
960
828
1002
920
890
1016
1038
1092
1126
1152
1254
1174
1218
1070
1088
1108
1140
1102
1042
1054
1108
1078
958
906
994
1048
890
778
698
804
716
774
670
804
724
794
742
836
938
774
820
818
746
738
804
704
762
668
876
892
860
856
690
636
816
784
870
814
832
858
794
900
806
722
918
992
994
1076
1206
1152
1242
1272
1244
1232
1180
1230
1114
1410
1588
1462
1574
1704
1674
1692
1678
1614
1642
1512
1452
1474
1502
1432
1350
1434
1334
1232
1208
1136
1050
1144
1106
1154
1172
1280
1302
1216
1318
1328
1228
1268
1358
1148
1164
1138
966
882
874
786
698
670
608
702
668
860
968
1030
958
872
824
782
752
814
962
988
1000
808
742
868
734
814
1044
1018
1090
1194
1340
1366
1180
1104
1156
1024
976
996
1056
854
904
734
770
698
810
832
848
874
938
926
1030
1106
1052
1052
916
878
966
966
878
866
964
936
934
934
920
792
780
642
782
880
692
824
1028
1052
1052
1014
922
960
904
872
756
748
740
692
740
548
550
530
506
444
592
748
640
730
734
724
700
710
754
722
550
510
504
454
322
524
498
542
226
256
412
354
414
498
478
490
544
522
490
670
722
714
768
860
722
822
978
1116
1066
1036
1256
1270
1348
1356
1234
1330
1282
1020
1050
1130
1196
1212
1382
1218
1266
1240
1206
1126
1260
1198
1046
1152
1244
1130
1312
1322
1280
1256
1406
1398
1406
1614
1858
1768
1756
1900
1756
1714
1682
1502
1546
1628
1726
1782
1760
1756
1886
1668
1702
1700
1656
1708
1816
1972
1974
2034
2204
2210
2366
2390
2276
2304
2340
2270
2390
2376
2476
2492
2436
2516
2602
2486
2586
2660
2718
2562
2478
2362
2304
2250
2196
2010
1962
1796
1836
1772
1726
1734
1614
1806
1834
1844
1826
1666
1536
1912
2072
2080
2206
2222
2108
2138
2152
2002
1958
2042
1938
1860
1866
1620
1580
1630
1594
1634
1588
1488
1450
1572
1528
1564
1668
1778
1780
1758
1792
1766
1768
1734
1686
1770
1574
1642
1588
1568
1644
1584
1568
1580
1598
1634
1480
1454
1292
1320
1342
1330
1408
1438
1292
1316
1424
1414
1300
1194
1140
1224
1192
1142
1018
1180
1072
906
1014
946
910
1128
1090
1236
1310
1238
1154
1116
1170
1276
1254
1204
1138
1096
1190
1314
1310
1222
1060
1102
844
768
732
624
690
726
634
668
572
362
394
316
412
312
130
170
210
364
254
392
588
408
402
356
360
462
444
566
608
688
776
858
826
854
780
1018
1008
924
812
830
822
882
1036
842
778
662
694
600
440
552
500
620
516
448
520
628
404
394
326
400
522
674
708
644
802
802
758
792
810
776
790
900
946
884
966
966
916
698
648
400
372
410
530
488
452
522
600
572
346
178
282
418
514
524
576
494
562
594
654
752
836
792
884
858
752
980
1012
984
924
878
838
832
888
736
592
620
504
426
456
452
414
550
566
648
652
800
842
836
740
706
752
652
656
824
820
702
582
546
522
534
738
786
882
722
728
686
698
602
646
772
678
600
476
338
400
366
220
252
208
350
406
524
314
424
168
350
228
308
252
440
336
228
318
364
258
38
40
94
184
208
60
100
278
232
266
304
380
344
326
358
408
442
328
346
546
678
664
628
586
434
384
620
626
414
256
294
208
382
312
156
66
158
128
34
38
94
62
26
34
8
218
194
34
2
2
56
8
94
10
28
138
28
160
86
216
176
70
162
246
276
308
294
410
334
392
266
250
334
174
176
98
170
180
148
202
190
10
222
280
152
24
118
104
4
108
106
316
236
362
300
170
28
118
58
12
88
42
0
114
190
282
298
254
478
456
666
790
796
820
884
776
642
412
244
266
36
80
252
292
290
260
360
410
474
302
322
322
106
16
12
134
160
172
268
4
46
42
96
84
228
202
158
220
94
164
310
440
374
282
254
62
128
38
26
102
196
114
46
88
80
92
170
306
230
380
404
510
474
506
516
456
686
480
496
462
446
318
270
270
258
280
382
422
398
378
582
658
514
604
638
648
844
846
762
652
666
612
462
246
108
146
252
326
360
350
476
238
350
280
330
372
460
426
368
362
130
218
274
204
164
168
108
4
40
30
126
74
14
16
28
122
108
44
96
22
62
284
86
146
258
406
338
224
246
422
236
92
18
22
164
204
138
108
90
66
78
10
170
268
288
372
422
324
346
316
320
204
326
398
510
502
424
526
444
470
424
578
406
526
522
570
620
664
606
614
400
462
390
294
332
178
230
288
212
40
58
234
320
348
246
362
456
646
364
210
172
250
380
436
424
380
404
310
430
298
360
182
112
122
20
6
188
302
310
464
332
412
394
628
576
512
460
500
618
718
760
798
710
804
782
962
948
