210
224
210
266
252
202
248
244
288
208
260
318
270
234
366
458
514
486
490
462
402
396
376
452
544
596
492
522
528
526
560
520
440
388
414
450
386
274
164
214
66
6
20
110
144
122
84
74
46
40
8
26
22
74
96
78
72
148
114
90
122
96
122
42
10
12
44
86
66
158
120
88
62
130
152
154
132
156
86
184
152
180
126
40
14
92
70
88
30
72
2
36
40
2
8
28
8
62
140
146
136
124
138
148
144
158
200
280
240
182
192
112
58
130
138
212
184
168
142
30
20
106
142
134
68
190
154
84
70
108
58
28
50
4
4
64
66
40
24
6
72
134
190
80
88
86
128
52
82
182
264
242
266
288
288
296
258
342
324
288
190
210
272
278
252
332
208
246
160
208
196
178
298
286
342
362
266
312
286
352
346
348
432
436
354
276
118
84
122
178
206
116
98
122
124
8
2
18
6
4
78
146
186
130
162
204
266
202
184
302
334
356
340
428
430
360
398
438
344
342
258
260
222
174
172
164
86
134
130
82
118
168
130
106
134
98
74
16
102
134
38
66
76
110
182
276
242
186
206
172
132
92
34
54
74
82
4
72
94
24
92
138
162
178
168
146
212
212
126
50
52
94
126
82
44
36
124
0
18
6
20
24
136
20
8
22
128
120
132
174
104
38
78
62
64
100
204
332
392
390
336
368
302
192
122
182
160
76
20
2
40
4
80
76
26
100
92
96
166
50
164
212
178
162
86
94
90
98
166
98
126
136
164
122
84
138
126
138
166
190
84
116
62
76
18
2
150
168
256
274
304
408
338
426
314
316
216
210
272
232
188
256
284
344
258
396
458
396
438
458
486
486
500
522
528
508
394
338
380
414
508
506
422
474
556
610
514
580
560
602
562
626
650
638
602
632
688
708
744
772
854
822
864
968
760
656
702
674
762
866
808
818
890
886
624
550
648
658
666
624
586
566
576
536
648
604
668
740
688
626
604
648
628
472
420
334
372
342
356
310
288
318
312
302
144
246
158
166
182
250
130
198
270
214
236
266
314
246
314
242
260
100
178
262
226
114
46
88
60
54
86
48
26
26
50
22
8
108
76
76
12
52
28
38
74
62
156
156
188
146
38
130
148
174
286
318
248
158
148
162
84
148
166
172
106
132
54
12
18
38
70
158
100
128
186
148
130
222
216
198
268
294
286
246
130
128
254
280
268
306
418
486
560
650
684
704
692
700
676
698
748
818
812
832
800
676
642
678
686
620
632
574
550
566
656
706
720
716
732
770
822
890
856
852
860
784
806
944
852
860
900
906
872
770
854
812
836
852
828
736
718
784
642
674
558
464
604
676
700
776
694
700
722
670
784
810
798
834
824
844
742
698
710
734
846
856
874
916
998
1010
1000
1002
938
970
930
898
994
1108
1078
936
894
818
736
804
806
874
924
1020
1086
1028
996
1028
1134
1090
1038
1046
1038
992
1050
1044
896
886
852
936
890
948
986
994
848
876
836
814
900
912
968
958
976
978
1012
984
986
994
998
1002
982
966
1010
1002
1014
914
928
964
1002
968
978
932
892
876
764
750
694
598
668
760
762
744
680
790
828
852
840
730
654
690
730
770
812
868
928
1036
1022
1102
1062
988
976
902
804
766
714
660
696
718
648
572
614
638
698
664
740
760
750
814
792
682
794
782
746
834
758
708
626
452
476
468
414
302
214
348
358
372
400
438
526
568
464
542
528
580
508
596
608
626
684
706
732
780
756
688
650
694
694
676
526
538
670
720
774
900
908
1024
1102
1124
1112
1110
1062
944
964
932
944
1008
1038
1084
1038
1086
1054
942
914
834
836
886
920
988
906
976
1046
994
924
988
1044
1090
1314
1196
1156
1086
1246
1296
1240
1218
1284
1232
1232
1212
1180
1128
1118
1150
1114
1134
1204
1214
1260
1216
1172
1218
1204
1214
1288
1254
1168
1142
1116
1172
1102
988
1040
1054
1026
980
1040
1016
958
920
1038
1090
1140
1264
1236
1206
1212
1246
1208
1110
1096
1180
1156
1176
1188
1180
1238
1318
1236
1214
1148
1038
1034
1002
966
1024
1014
912
834
788
852
860
808
814
880
818
784
666
688
694
744
626
538
620
586
554
496
538
496
442
366
292
284
314
388
382
406
406
426
526
538
498
540
466
348
314
302
274
268
282
202
196
178
254
258
262
304
378
292
140
44
58
98
146
254
212
172
226
276
224
272
218
176
100
118
74
96
46
106
134
136
168
158
184
290
282
174
140
146
166
118
124
182
152
250
176
142
92
72
56
38
84
104
108
114
234
238
200
134
134
120
122
84
190
164
142
286
294
412
460
522
510
516
592
682
636
648
766
750
768
830
750
756
812
858
928
850
872
944
910
914
984
976
944
912
836
786
736
710
786
764
780
762
858
926
960
1036
1086
1066
1174
1160
1094
1012
994
1044
1076
1032
1076
1134
1134
1100
1022
920
986
890
834
874
850
864
926
978
890
848
866
760
650
708
738
746
822
762
812
776
808
726
854
914
1046
1116
1128
1082
1154
1106
1134
1116
1158
1220
1158
1194
1018
1012
1040
1146
1028
1124
896
884
910
908
1018
1076
1110
1040
996
1002
944
998
1006
1030
1002
972
880
798
978
956
934
940
1022
1110
1084
1124
1210
1226
1256
1270
1196
1146
1156
1202
1180
1272
1246
1236
1136
1148
1114
1062
1042
1116
964
1058
1056
1034
1114
1166
1208
1216
1128
998
950
1002
1058
1008
972
1020
1026
1118
1158
1184
1110
1118
1264
1232
1204
1072
1050
1084
1038
896
886
806
712
530
522
694
620
628
660
594
536
520
572
496
534
596
598
464
524
554
546
504
644
654
682
774
622
668
664
620
574
642
612
594
554
644
616
512
506
474
484
448
442
478
450
354
432
392
440
534
586
604
582
532
524
386
464
504
508
490
582
606
484
488
512
492
452
506
540
600
624
656
624
708
606
636
616
664
634
518
534
574
528
452
536
566
584
648
678
670
706
766
790
848
844
732
762
834
792
726
772
812
838
914
930
1002
1110
1102
1024
1140
1090
1076
1206
1276
1178
1166
1222
1296
1340
1354
1384
1284
1276
1170
1102
1118
968
1016
1034
1082
1098
1094
1100
1158
1192
1126
1112
1102
1050
1112
1128
1174
1220
1132
1090
1114
1066
1064
1106
1146
1064
1002
956
1066
960
1020
1098
1100
1142
1096
1114
1172
1230
1174
1180
1104
1206
1244
1316
1250
1218
1154
1142
1102
1086
1246
1288
1308
1312
1276
1308
1208
1158
1150
1150
990
1042
1046
1140
1100
1118
1094
1002
1118
1014
1086
1066
1124
1132
1060
1044
1088
1008
1072
1034
1108
1066
1144
1164
1172
1058
1070
954
878
854
858
880
904
932
1052
994
1048
1112
1052
1012
1148
1096
1084
1168
1086
1128
1164
1134
1108
1072
1124
1124
1120
1070
998
1122
1110
1004
1054
1022
1042
906
936
1024
1012
1072
1182
1218
1196
1308
1240
1300
1320
1324
1378
1506
1690
1702
1746
1694
1790
1716
1688
1744
1862
1860
1866
1978
1878
1776
1782
1656
1706
1616
1644
1678
1732
1790
1838
1878
1778
1770
1726
1780
1800
1632
1560
1704
1636
1670
1600
1512
1440
1326
1286
1318
1264
1118
1234
1250
1216
1232
1162
1110
1136
1172
1072
1120
1114
1208
1204
1206
1188
1120
1028
1002
1054
1074
1012
898
1000
1032
924
884
864
760
718
860
850
854
856
928
888
904
922
986
998
1084
1028
1112
1164
1214
1190
1308
1292
1350
1394
1320
1230
1246
1262
1218
1184
1192
1150
1226
1208
1172
1132
1136
1186
1222
1318
1296
1398
1346
1378
1394
1394
1376
1438
1426
1474
1378
1308
1176
1160
1204
1290
1166
1104
1126
1132
1146
1224
1290
1398
1416
1426
1408
1422
1420
1392
1412
1372
1404
1422
1496
1462
1396
1314
1320
1376
1364
1296
1188
1222
1122
1042
1024
1034
1006
872
846
860
842
902
902
916
852
996
1078
1006
1064
1146
1162
1156
1174
1232
1190
1170
1208
1364
1266
1352
1352
1222
1250
1216
1034
960
992
1018
1060
1050
1022
1016
914
892
858
808
796
816
770
820
864
904
876
880
726
710
556
512
586
416
434
350
240
310
396
400
470
494
506
382
372
324
378
326
278
292
310
330
408
486
550
456
440
448
292
304
282
302
344
268
322
338
440
384
372
366
410
338
326
364
350
394
388
232
334
366
508
516
582
582
526
568
590
594
552
540
440
384
326
414
314
378
414
500
442
570
566
494
394
338
284
376
356
380
530
570
558
500
508
480
440
408
408
432
466
492
554
598
516
500
476
528
508
584
682
650
682
622
726
874
896
792
752
674
594
630
548
652
588
460
566
570
552
510
424
418
480
420
318
286
306
310
284
266
366
332
286
194
214
178
226
214
378
336
262
282
274
234
220
188
192
188
252
200
166
226
280
272
380
306
358
392
416
302
300
272
316
388
266
314
422
290
296
274
276
338
324
264
280
286
248
304
304
362
434
436
398
386
442
390
378
386
410
486
484
454
416
382
392
454
482
438
466
462
440
404
466
522
520
526
538
532
520
504
410
372
240
248
302
252
268
242
234
210
138
172
212
276
258
176
196
128
16
124
152
138
64
58
46
118
198
216
446
384
370
342
210
160
190
222
202
176
158
168
154
268
366
360
444
552
486
500
594
570
522
530
464
466
486
594
624
644
680
642
570
636
640
676
756
792
804
812
826
850
842
806
778
810
786
640
624
664
768
742
684
706
838
776
806
726
832
870
904
972
988
962
964
960
1002
1040
1058
986
864
804
812
654
692
790
782
788
728
758
778
760
760
728
800
700
728
774
892
876
890
898
1020
1082
1050
1078
1062
1148
1160
1184
1160
1070
1032
1096
1138
1166
1184
1208
1230
1138
1250
1274
1138
1080
1122
1062
1076
1100
1126
1078
1172
1054
1004
1040
1046
1078
1090
1172
1168
1194
1312
1272
1334
1280
1408
1316
1320
1298
1248
1304
1280
1386
1392
1316
1286
1274
1408
