3372
3356
3346
3402
3382
3344
3344
3282
3260
3260
3322
3310
3234
3216
3250
3318
3388
3502
3478
3432
3514
3534
3566
3560
3532
3484
3442
3496
3482
3394
3356
3412
3446
3450
3420
3408
3398
3454
3464
3456
3450
3468
3454
3460
3490
3480
3488
3468
3376
3398
3340
3392
3454
3376
3392
3444
3494
3536
3518
3584
3508
3576
3602
3602
3586
3568
3580
3586
3580
3546
3534
3536
3552
3554
3584
3588
3604
3526
3484
3470
3454
3436
3438
3414
3442
3400
3406
3422
3370
3408
3318
3304
3234
3280
3288
3230
3222
3264
3286
3228
3212
3162
3144
3146
3202
3230
3256
3210
3256
3266
3354
3308
3354
3302
3352
3336
3270
3324
3360
3360
3404
3358
3368
3354
3380
3380
3450
3392
3416
3394
3424
3370
3358
3330
3396
3510
3520
3542
3480
3444
3410
3462
3474
3422
3360
3382
3336
3316
3276
3344
3316
3272
3242
3316
3342
3378
3334
3382
3290
3366
3398
3360
3428
3490
3468
3412
3406
3454
3432
3376
3498
3490
3484
3412
3372
3436
3462
3458
3388
3334
3360
3376
3408
3508
3468
3406
3376
3308
3230
3232
3236
3294
3240
3284
3278
3252
3310
3298
3298
3224
3190
3242
3220
3242
3262
3322
3356
3386
3418
3382
3338
3284
3340
3400
3410
3372
3366
3344
3384
3336
3394
3430
3398
3422
3468
3482
3460
3468
3434
3420
3392
3344
3360
3428
3448
3450
3418
3400
3348
3366
3368
3356
3328
3398
3342
3382
3342
3404
3372
3292
3230
3166
3166
3226
3236
3326
3362
3340
3332
3376
3296
3266
3238
3208
3176
3252
3222
3304
3298
3294
3322
3262
3210
3228
3238
3246
3256
3282
3236
3232
3262
3274
3258
3310
3368
3408
3374
3386
3346
3318
3364
3358
3380
3334
3330
3318
3274
3212
3212
3240
3230
3148
3224
3164
3180
3210
3192
3182
3178
3152
3104
3092
3166
3258
3274
3222
3280
3260
3266
3212
3192
3226
3154
3074
3178
3268
3246
3192
3170
3136
3138
3140
3200
3150
3152
3106
3064
3054
3098
3068
3066
3074
3066
3030
3072
3068
3062
3052
3136
3170
3164
3228
3200
3268
3374
3320
3328
3302
3210
3130
3104
3050
3018
3120
3150
3054
3084
3038
3084
3052
3124
3140
3116
3118
3080
3022
2944
2974
2954
2932
3002
2996
2914
2862
2852
2866
2892
2908
2922
2910
2978
2890
2808
2780
2766
2778
2748
2700
2698
2712
2796
2736
2742
2792
2822
2804
2838
2866
2864
2866
2842
2802
2840
2820
2786
2742
2756
2736
2692
2710
2710
2692
2686
2646
2648
2674
2636
2644
2642
2598
2520
2546
2528
2548
2608
2704
2664
2744
2804
2834
2854
2860
2896
2886
2834
2886
2906
2932
2932
2864
2834
2834
2788
2802
2698
2706
2666
2572
2598
2734
2698
2668
2762
2886
2912
2810
2834
2842
2946
2930
2944
2924
2924
2884
2898
2874
2804
2886
2852
2860
2944
2972
2956
3036
3024
3036
3084
3114
3042
3058
3090
3150
3088
3100
3044
3114
3176
3174
3094
3202
3248
3378
3450
3444
3492
3546
3542
3564
3508
3454
3492
3526
3532
3504
3520
3494
3466
3428
3428
3432
3354
3360
3394
3362
3378
3476
3402
3366
3350
3416
3378
3426
3448
3402
3402
3336
3236
3296
3370
3354
3316
3332
3252
3280
3246
3212
3122
3074
3182
3168
3228
3266
3312
3268
3202
3100
3016
3102
3114
3070
3130
3096
3194
3186
3180
3136
3018
3072
3018
2930
2974
3008
3026
2996
2990
3130
3104
3048
3082
3190
3228
3296
3292
3242
3378
3380
3366
3328
3268
3258
3286
3224
3274
3252
3334
3360
3352
3350
3368
3346
3310
3284
3276
3240
3256
3300
3292
3318
3236
3240
3272
3302
3320
3326
3372
3406
3370
3352
3366
3418
3418
3368
3456
3460
3508
3514
3474
3540
3534
3470
3440
3456
3432
3508
3526
3468
3508
3498
3470
3510
3478
3408
3430
3408
3492
3440
3480
3518
3474
3470
3492
3430
3418
3384
3306
3282
3268
3284
3296
3352
3370
3342
3326
3330
3290
3126
3080
3058
3006
2940
2976
3010
3084
3090
3092
3100
3096
3072
3104
3064
3030
2938
2908
2968
3010
2976
3000
3104
3078
3138
3248
3180
3220
3286
3272
3268
3284
3274
3314
3344
3348
3368
3360
3428
3448
3460
3434
3448
3490
3494
3518
3464
3456
3416
3440
3462
3422
3408
3396
3390
3404
3372
3380
3380
3324
3412
3414
3402
3384
3406
3342
3350
3424
3396
3356
3348
3356
3392
3306
3202
3194
3140
3110
3096
3066
3114
3108
3144
3216
3162
3122
3154
3174
3118
3076
3094
3178
3240
3296
3290
3278
3262
3320
3364
3340
3414
3358
3342
3256
3264
3264
3352
3336
3312
3366
3260
3274
3376
3384
3304
3264
3262
3214
3222
3272
3260
3262
3250
3252
3198
3202
3200
3232
3228
3200
3252
3264
3232
3170
3194
3174
3158
3214
3248
3216
3190
3154
3122
3084
3122
3168
3186
3200
3222
3260
3166
3112
3126
3138
3038
3044
3006
2978
3034
3050
3070
3100
3148
3104
3054
3126
3168
3192
3190
3246
3202
3158
3264
3396
3364
3412
3396
3428
3428
3370
3418
3482
3458
3466
3446
3350
3336
3374
3392
3410
3370
3300
3238
3126
3176
3198
3110
3110
3172
3150
3162
3144
3116
3082
3152
3022
3046
3032
2978
3066
3124
3078
3076
3052
3090
3118
3140
3136
3136
3088
3156
3156
3130
3078
3134
3142
3170
3194
3200
3332
3362
3354
3286
3304
3314
3360
3436
3362
3324
3306
3300
3234
3170
3134
3102
3140
3144
3074
3056
3010
2934
2932
2906
2902
2896
2848
2946
2946
2918
2902
2894
2914
2740
2708
2802
2726
2724
2778
2766
2736
2850
2780
2724
2724
2794
2728
2698
2742
2736
2726
2722
2776
2844
2824
2836
2878
2846
2890
2982
2988
2980
2886
2908
2826
2840
2838
2924
2980
2990
2990
3058
3078
3096
3118
3042
3070
3144
3118
3114
3064
3094
3026
3054
3068
3084
3102
3128
3192
3262
3228
3312
3288
3338
3300
3240
3272
3288
3288
3302
3268
3258
3304
3324
3322
3330
3366
3402
3366
3392
3424
3446
3450
3434
3470
3474
3492
3478
3536
3560
3562
3536
3528
3476
3444
3504
3424
3392
3400
3416
3334
3340
3306
3340
3328
3256
3266
3322
3298
3258
3224
3236
3342
3284
3236
3286
3316
3302
3282
3204
3198
3174
3118
3126
3088
3066
3134
3102
3022
3046
2984
3084
3114
3070
3050
3060
3056
3070
3160
3042
3046
3026
3082
3080
3060
3024
2970
3006
2996
2936
2920
2936
2922
2946
2954
2900
2930
2916
2888
2946
2916
2982
2884
2922
2860
2884
2826
2894
2938
2994
3084
3142
3234
3182
3212
3158
3186
3168
3110
3092
3088
3054
3112
3100
3082
3018
2990
3004
3132
3144
3140
3250
3282
3316
3310
3354
3352
3334
3350
3308
3294
3290
3282
3276
3332
3274
3292
3320
3382
3326
3368
3382
3408
3462
3408
3374
3312
3320
3334
3366
3294
3364
3376
3398
3386
3406
3384
3300
3276
3276
3326
3352
3298
3366
3282
3280
3250
3314
3382
3398
3402
3380
3418
3382
3354
3294
3260
3298
3268
3312
3328
3332
3310
3268
3302
3292
3302
3336
3358
3370
3370
3416
3460
3480
3488
3418
3462
3536
3574
3584
3600
3594
3584
3582
3568
3572
3438
3424
3426
3422
3406
3406
3438
3412
3316
3358
3314
3344
3396
3330
3386
3348
3358
3344
3358
3340
3382
3390
3410
3420
3442
3556
3524
3506
3462
3474
3490
3498
3414
3450
3512
3528
3538
3534
3538
3522
3592
3528
3580
3620
3632
3590
3612
3558
3504
3432
3480
3520
3548
3514
3508
3472
3478
3450
3530
3536
3452
3468
3442
3402
3384
3372
3394
3428
3440
3324
3280
3274
3230
3288
3334
3346
3332
3302
3264
3274
3228
3110
3098
3078
3126
3110
3100
3156
3158
3136
3092
3066
3048
2964
3022
3120
3156
3130
3106
3096
3172
3124
3174
3256
3238
3200
3140
3200
3178
3146
3232
3262
3256
3252
3216
3298
3300
3242
3250
3230
3194
3130
3062
3038
3038
3096
3080
3080
3102
3146
3226
3192
3164
3184
3164
3224
3184
3164
3182
3152
3180
3244
3292
3252
3186
3138
3140
3138
3282
3336
3364
3308
3326
3336
3234
3264
3304
3312
3276
3294
3292
3340
3374
3442
3452
3526
3508
3496
3428
3424
3428
3426
3544
3540
3480
3492
3450
3468
3532
3570
3534
3538
3602
3542
3492
3410
3402
3484
3472
3562
3526
3514
3524
3482
3536
3494
3446
3440
3378
3334
3408
3374
3388
3368
3322
3340
3422
3442
3410
3430
3396
3432
3406
3402
3378
3406
3432
3386
3278
3250
3212
3172
3190
3250
3270
3354
3386
3398
3402
3336
3338
3368
3376
3318
3276
3270
3234
3202
3252
3290
3316
3398
3374
3368
3426
3432
3424
3374
3382
3470
3404
3344
3368
3418
3364
3354
3346
3316
3360
3354
3420
3450
3388
3364
3346
3334
3252
3266
3312
3330
3392
3382
3370
3328
3340
3324
3266
3200
3222
3218
3136
3136
3220
3128
3106
3058
3104
3078
3110
3202
3198
3172
3220
3284
3338
3404
3386
3346
3374
3416
3430
3470
3444
3380
3348
3292
3326
3346
3306
3284
3278
3358
3366
3350
3364
3364
3342
3362
3350
3428
3442
3410
3394
3392
3334
3316
3310
3320
3348
3334
3344
3376
3350
3392
3474
3478
3370
3340
3394
3338
3306
3290
3316
3346
3322
3250
3214
3252
3328
3394
3402
3372
3288
3348
3220
3166
3166
3106
3048
3022
3008
3070
3170
3206
3194
3210
3206
3222
3128
3184
3212
3190
3184
3176
3202
3180
3220
3196
3210
3250
3234
3160
3106
3148
3098
3108
3122
3102
3116
3056
3006
3150
3218
3208
3096
3112
3120
3098
3092
3034
2954
2956
3016
2984
3050
3132
3126
3228
3178
3196
3192
3154
3168
3248
3258
3232
3276
3354
3322
3312
3278
3228
3256
3132
3170
3224
3168
3198
3230
3160
3236
3234
3208
3128
3164
3168
3114
3076
3076
3026
2946
2950
3012
3040
3134
3078
3020
3062
3056
3120
3194
3234
3258
3198
3208
3240
3250
3266
3238
3274
3252
3208
3136
3246
3246
3252
3160
3090
3112
3194
3142
3114
3156
3106
3074
3132
3140
3198
3192
3280
3314
3314
3366
3344
3362
3366
3358
3312
3426
3450
3382
3348
3252
3102
3084
3146
3114
3094
3094
3078
2966
2932
2992
3052
3052
2994
2958
2996
2958
2968
3034
3066
3134
3132
3120
3108
3120
3182
3100
3168
3160
3170
3164
3162
3180
3272
3328
3380
3370
3398
3328
3310
3278
3330
3308
3362
3328
3380
3470
3378
3412
3454
3420
3452
3518
3496
3476
3388
3418
3484
3452
3444
3468
3494
3464
3502
3512
3498
3454
3410
3394
3320
3332
3398
3342
3436
3432
3306
3262
3290
3316
3320
3318
3294
3370
3366
3338
3348
3382
3294
3186
3122
3150
3186
3216
3242
3252
3312
3280
3316
3370
3350
3318
3334
3330
3348
3494
3432
3376
3358
3322
3342
3364
3356
3328
3330
3284
3226
3214
3236
3220
3212
3294
3322
3330
3312
3412
3392
3336
3292
3354
3374
3376
3364
3410
3354
3314
3316
3328
3330
3312
3244
3228
3190
3202
3232
3126
3078
3230
3200
3162
3210
3212
3228
3256
3274
3298
3330
3316
3308
3244
3210
3188
3212
3244
3202
3198
3112
3092
3218
3172
3248
3222
3212
3192
3214
3206
3202
3220
3158
3164
3024
3014
3052
3020
3006
3030
3070
3072
3096
3068
3026
3030
3054
3052
3024
3004
2984
3052
3072
3092
3020
3046
3150
3148
3200
3206
3280
3234
3152
3152
3026
3032
3076
3146
3052
3044
3104
3106
3070
3048
3008
2990
3012
3008
2980
2898
3042
3102
3128
3170
3158
3180
3170
3152
3152
3028
3058
3156
3182
3220
3184
3156
3216
3122
3116
3120
3172
3148
3094
3128
3142
3126
3066
3104
3092
3098
3132
3152
3180
3120
3174
3232
3190
3244
3242
3186
3232
3248
3242
3250
3260
3314
3280
3320
3306
3280
3218
3098
3044
3010
2966
3002
3048
3082
3084
3126
3136
3056
3102
3110
3168
3184
3244
3306
3308
3278
3268
3284
3362
3386
3334
3280
3316
3264
3242
3236
3204
3208
3244
