100
70
98
124
122
166
156
236
238
290
226
244
246
204
288
236
292
322
350
280
310
358
340
372
384
424
400
420
382
336
330
288
300
266
326
320
274
304
288
228
194
178
200
188
164
154
150
116
158
164
118
66
14
46
48
8
12
18
36
54
54
70
64
4
8
40
28
64
72
68
58
62
42
60
78
140
136
160
154
124
130
140
138
172
162
132
96
64
76
56
116
98
108
64
70
86
134
122
86
58
18
36
8
68
74
92
64
22
8
70
64
72
84
114
108
84
132
198
258
220
164
166
196
240
270
266
210
274
232
274
268
272
282
252
248
228
226
176
110
170
174
126
184
144
112
132
98
32
38
12
16
36
32
34
42
102
36
72
98
84
74
82
26
50
2
14
10
26
0
6
20
24
24
30
40
64
28
78
32
30
16
26
32
88
54
82
100
44
68
68
62
68
50
64
52
44
42
58
122
142
204
222
174
228
234
164
134
156
166
188
208
202
194
240
212
144
104
88
34
6
0
40
38
22
80
132
138
128
102
156
162
194
170
156
108
52
56
58
10
6
28
34
92
30
46
86
80
92
16
14
58
84
88
116
124
34
4
32
60
38
6
28
18
68
60
132
90
70
88
118
52
54
24
4
14
6
60
48
80
84
110
96
96
98
18
40
64
130
114
118
114
74
120
184
146
172
130
138
188
158
182
182
168
220
172
212
204
200
158
170
146
180
130
94
92
100
114
112
104
164
164
102
138
132
118
78
158
150
62
142
186
154
142
144
130
94
126
134
122
146
154
94
62
56
114
156
238
212
202
204
200
226
228
200
168
156
124
90
140
170
154
148
156
148
138
102
24
4
22
2
12
6
34
14
16
12
14
2
62
16
52
88
80
36
34
4
42
28
70
106
72
104
56
56
28
78
40
28
38
0
16
62
104
76
114
168
174
184
160
140
160
86
128
98
126
160
166
166
134
64
6
24
120
92
130
92
108
132
158
184
168
190
130
94
92
56
132
122
74
82
68
72
16
30
76
104
128
32
72
20
12
58
36
34
6
64
48
30
22
70
48
128
102
90
68
30
158
198
208
246
232
258
212
206
212
202
246
236
194
176
108
148
180
158
74
96
66
110
54
8
18
22
98
116
124
128
106
56
44
84
114
128
188
150
166
184
220
230
208
232
274
276
248
236
296
298
346
350
310
280
314
328
294
196
228
182
220
262
264
308
276
304
266
228
238
266
252
256
276
254
230
216
248
248
284
296
300
286
244
294
268
276
300
238
182
136
184
158
174
244
286
300
328
302
288
238
240
230
284
300
262
342
378
400
408
422
408
394
426
438
370
368
406
394
370
364
370
380
402
374
340
366
348
378
330
402
438
466
502
490
516
504
546
534
494
500
502
484
490
518
480
470
418
440
442
442
530
494
426
478
492
464
522
534
508
500
480
532
538
474
506
512
558
562
608
564
568
510
494
462
532
512
488
482
446
422
426
448
466
424
396
410
478
492
508
540
468
486
490
458
404
408
392
438
416
396
362
352
358
290
298
276
278
336
324
306
360
362
318
286
260
292
180
220
216
232
172
188
190
156
190
168
206
184
150
92
94
154
172
140
162
148
116
106
206
196
182
170
170
142
130
166
140
188
274
308
222
254
246
216
192
212
234
166
194
186
90
70
102
20
14
68
112
116
102
106
108
148
108
134
158
184
172
166
214
204
190
178
158
108
90
118
136
176
194
194
176
178
152
146
192
232
240
226
234
232
230
266
354
282
304
324
266
316
350
330
344
356
346
306
262
268
272
302
326
370
320
350
332
270
302
328
338
336
294
210
244
260
270
264
278
304
306
318
290
246
258
286
290
238
264
288
334
364
352
324
264
280
274
226
186
140
122
104
72
96
84
164
186
162
130
100
86
92
86
54
104
142
78
48
14
62
78
114
132
148
86
74
98
112
64
22
26
32
24
54
126
162
150
90
58
48
22
34
90
88
40
72
76
66
68
82
70
70
174
158
134
154
144
162
152
242
278
324
304
270
296
226
184
180
188
164
166
158
216
220
196
154
152
148
136
128
172
160
156
206
232
236
134
142
116
128
164
130
132
188
192
190
200
182
218
214
242
248
212
216
292
306
322
328
328
366
368
358
342
302
308
340
340
344
340
318
242
188
214
274
294
288
284
236
274
304
280
340
338
368
380
408
392
346
382
360
386
432
470
490
470
416
422
420
440
386
384
374
364
346
302
300
274
292
294
258
230
278
308
242
174
222
202
162
132
110
110
122
114
76
118
138
134
158
154
196
202
210
158
136
100
82
72
38
34
50
66
74
72
34
36
2
46
8
30
60
58
20
4
8
6
18
6
24
90
78
154
170
150
184
228
214
168
132
44
116
120
92
74
14
30
24
8
48
46
54
26
74
20
26
6
30
22
6
4
34
96
60
34
14
10
52
100
108
94
108
128
106
72
58
96
108
76
114
50
58
112
104
124
112
112
126
122
68
40
56
32
34
8
28
70
112
66
48
18
46
2
34
4
42
78
26
132
172
152
126
100
152
150
134
138
118
84
70
76
30
38
26
14
16
60
72
44
54
50
66
38
80
28
48
50
8
52
10
14
18
68
20
4
12
8
30
20
108
110
76
82
132
118
90
106
122
106
120
102
154
144
136
124
110
132
92
82
124
142
178
160
138
96
128
52
86
34
12
14
68
64
92
54
88
40
56
82
48
62
82
100
74
56
22
28
6
26
54
72
34
56
26
34
50
84
64
46
0
32
38
60
68
64
46
30
34
16
58
82
46
14
28
22
6
60
94
64
76
58
118
110
216
144
150
138
60
66
22
76
80
68
8
0
18
18
42
6
22
4
30
60
62
166
128
174
164
168
160
206
212
236
218
222
272
248
218
266
248
274
282
288
268
324
286
294
282
298
334
318
386
362
324
328
326
290
244
266
252
232
196
166
108
132
132
150
172
220
208
282
244
246
222
216
204
214
230
222
224
272
354
360
402
360
382
346
286
318
324
358
350
322
298
324
294
270
218
164
166
132
174
204
202
210
216
206
186
196
244
206
144
202
224
238
216
286
322
366
308
334
296
282
326
342
346
394
394
370
356
356
408
352
380
358
386
438
452
388
320
314
334
302
262
256
242
210
222
212
198
240
260
250
278
294
332
404
432
422
376
390
388
386
398
366
366
340
358
440
438
458
454
448
454
444
482
488
488
480
452
456
466
440
396
406
386
450
452
448
384
420
432
456
432
442
446
428
416
482
504
484
486
466
502
438
444
446
426
440
454
424
370
332
318
308
278
334
350
362
328
348
354
348
378
402
420
446
500
492
472
456
432
376
398
394
424
392
414
428
380
358
318
304
276
306
294
290
334
366
430
436
424
468
484
448
484
510
528
538
548
542
522
478
442
440
430
444
450
458
458
476
498
510
504
526
508
522
526
510
466
336
320
306
290
324
354
326
280
298
352
348
406
394
384
402
410
384
350
368
408
362
338
394
330
270
222
236
126
74
36
70
108
156
138
140
156
204
186
160
198
236
208
200
162
188
154
142
168
170
158
130
134
184
282
294
244
224
218
176
210
166
178
170
158
154
136
126
190
178
186
148
146
186
224
244
270
252
274
254
168
198
172
152
158
136
150
200
138
106
68
114
108
116
74
34
28
10
6
74
62
74
62
74
46
6
44
56
54
88
94
72
68
64
64
50
58
50
62
42
76
28
10
84
82
100
130
138
114
118
72
30
14
34
10
80
80
48
84
118
120
178
146
222
236
214
186
240
236
260
310
346
370
384
330
314
362
410
402
340
292
334
372
352
344
360
338
294
350
428
442
426
394
392
390
430
346
340
310
298
338
322
288
308
322
346
362
302
280
330
312
298
258
282
220
192
176
170
120
82
52
64
50
106
38
38
2
0
18
4
26
68
38
84
84
66
96
74
48
2
18
84
78
62
78
52
84
136
170
98
92
108
154
150
218
218
244
228
210
242
242
270
260
236
206
250
298
318
308
252
256
276
248
242
258
258
264
228
220
252
270
310
320
378
400
404
384
404
438
420
432
452
436
424
396
344
316
342
344
308
302
326
400
388
396
408
342
312
276
334
324
232
296
334
344
376
364
382
442
500
478
540
558
632
606
602
636
602
590
600
604
600
570
546
558
618
526
510
540
576
538
564
540
562
584
570
552
542
498
478
468
412
422
394
394
382
382
344
306
374
344
354
364
368
370
402
408
392
366
382
418
444
398
414
432
466
428
388
368
400
394
376
372
400
462
490
474
468
518
544
566
546
516
484
470
398
406
418
402
400
464
448
414
426
350
376
370
404
392
398
392
388
360
338
382
372
382
378
382
444
494
466
516
492
506
484
484
494
516
464
416
484
558
514
476
480
446
460
458
448
464
494
484
510
466
516
556
556
512
496
494
466
402
410
394
402
334
304
332
372
314
266
312
360
320
284
314
280
240
222
262
228
268
270
274
270
194
218
242
176
192
238
258
322
348
346
292
298
286
324
318
268
324
272
326
332
344
380
366
390
398
370
416
400
460
416
396
398
352
420
404
