3216
3220
3256
3236
3300
3304
3296
3352
3296
3296
3228
3238
3232
3228
3214
3230
3188
3142
3210
3216
3220
3286
3328
3340
3332
3304
3302
3356
3376
3370
3362
3316
3366
3388
3364
3390
3438
3430
3394
3426
3346
3304
3328
3264
3316
3260
3242
3240
3222
3312
3318
3266
3232
3226
3210
3252
3292
3274
3286
3328
3350
3362
3362
3346
3294
3350
3324
3318
3330
3316
3392
3360
3388
3422
3434
3408
3386
3394
3420
3478
3512
3526
3534
3490
3468
3444
3390
3368
3338
3346
3336
3354
3358
3368
3388
3410
3358
3356
3480
3470
3468
3434
3434
3438
3344
3388
3354
3354
3326
3364
3378
3318
3278
3338
3308
3294
3272
3218
3150
3132
3104
3148
3148
3218
3152
3132
3092
3104
3110
3058
3126
3154
3202
3242
3172
3128
3176
3118
3106
3104
3154
3172
3162
3156
3158
3168
3174
3162
3144
3170
3154
3168
3216
3214
3242
3264
3162
3140
3098
3062
3078
3034
3040
3024
3044
3008
3030
2974
3002
2976
2910
2932
2994
2968
2828
2900
2948
2878
2984
2864
2858
2882
2862
2936
2982
2960
3002
2970
2952
2940
2978
2874
2916
2930
2832
2832
2886
2954
2948
2922
2946
3008
3008
2958
2936
2950
2996
3010
3110
3118
3090
3084
2992
2986
3020
2982
3032
3034
3056
2972
3034
2994
2984
2896
2826
2806
2844
2826
2924
2926
2928
2916
2902
2930
2908
2930
2988
3038
3094
3098
3108
3072
3050
3118
3090
3018
2994
3058
3028
3000
3104
3152
3178
3190
3212
3254
3178
3188
3100
3098
3184
3170
3190
3252
3316
3292
3274
3308
3272
3272
3250
3218
3228
3160
3142
3202
3186
3180
3190
3174
3152
3152
3166
3074
3094
3120
3180
3124
3186
3204
3270
3248
3130
3142
3100
2960
3012
3076
3078
3170
3150
3136
3116
3156
3132
3198
3246
3170
3102
3162
3152
3194
3258
3310
3360
3366
3416
3312
3280
3226
3220
3258
3228
3304
3284
3302
3234
3234
3324
3332
3416
3436
3416
3462
3444
3472
3546
3516
3460
3460
3438
3374
3402
3446
3468
3484
3488
3476
3480
3438
3374
3344
3374
3460
3422
3334
3370
3338
3336
3368
3462
3382
3368
3444
3394
3464
3384
3364
3400
3370
3440
3370
3338
3324
3298
3310
3358
3454
3404
3478
3430
3484
3440
3436
3398
3458
3514
3470
3438
3392
3346
3322
3348
3346
3342
3434
3438
3426
3460
3434
3428
3374
3432
3456
3448
3510
3454
3432
3534
3536
3500
3538
3524
3520
3514
3430
3452
3456
3358
3394
3346
3338
3422
3492
3408
3352
3372
3390
3418
3450
3438
3494
3464
3410
3408
3434
3522
3490
3448
3446
3460
3388
3420
3444
3452
3482
3520
3512
3518
3512
3452
3432
3364
3390
3442
3396
3456
3500
3554
3490
3470
3422
3372
3390
3402
3386
3384
3320
3208
3270
3290
3346
3212
3180
3124
3106
3118
3138
3106
3124
3154
3210
3198
3186
3224
3202
3268
3272
3254
3242
3238
3308
3288
3276
3252
3236
3180
3096
3202
3126
3178
3186
3162
3224
3186
3204
3166
3172
3118
3166
3186
3144
3110
3160
3114
3042
3008
3100
3090
3144
3168
3132
3052
3112
3174
3224
3216
3250
3198
3194
3202
3174
3146
3160
3152
3128
3190
3220
3156
3128
3114
3238
3148
3190
3188
3116
3134
3170
3204
3246
3176
3166
3170
3194
3140
3190
3176
3158
3220
3150
3178
3142
3218
3282
3294
3236
3200
3244
3178
3060
3158
3196
3184
3196
3174
3206
3220
3304
3288
3302
3340
3300
3370
3310
3324
3384
3430
3416
3504
3556
3574
3554
3552
3524
3498
3438
3440
3444
3422
3388
3364
3394
3400
3424
3388
3442
3472
3482
3448
3392
3462
3422
3358
3376
3366
3390
3386
3352
3336
3300
3324
3360
3332
3344
3372
3372
3316
3396
3390
3436
3358
3326
3304
3298
3310
3234
3260
3262
3224
3200
3266
3314
3314
3330
3390
3382
3434
3438
3392
3362
3322
3320
3338
3370
3396
3350
3298
3238
3268
3302
3344
3312
3326
3296
3324
3392
3342
3342
3290
3300
3286
3334
3294
3272
3286
3266
3288
3316
3364
3354
3340
3294
3274
3326
3240
3274
3320
3414
3420
3414
3442
3418
3490
3496
3508
3494
3498
3492
3432
3392
3424
3496
3498
3466
3460
3436
3424
3468
3412
3422
3330
3364
3414
3396
3486
3468
3446
3366
3378
3420
3460
3418
3432
3430
3408
3390
3366
3386
3346
3334
3354
3346
3394
3418
3420
3422
3328
3376
3432
3422
3396
3406
3364
3336
3358
3310
3326
3378
3390
3370
3340
3298
3284
3274
3252
3276
3306
3260
3172
3170
3168
3230
3250
3288
3242
3240
3252
3322
3312
3228
3128
3146
3136
3152
3210
3316
3284
3340
3312
3336
3400
3412
3384
3380
3384
3464
3420
3360
3380
3438
3462
3498
3450
3428
3372
3380
3350
3320
3328
3342
3366
3348
3342
3368
3364
3354
3416
3408
3354
3326
3262
3268
3280
3348
3306
3292
3374
3344
3374
3350
3246
3312
3326
3424
3500
3524
3448
3464
3390
3410
3420
3460
3414
3464
3488
3498
3490
3440
3370
3360
3368
3430
3372
3350
3360
3310
3318
3316
3274
3334
3354
3352
3432
3380
3322
3390
3468
3448
3512
3576
3620
3542
3574
3536
3460
3470
3418
3420
3454
3380
3408
3480
3470
3502
3508
3520
3508
3452
3438
3348
3338
3356
3294
3290
3336
3306
3294
3324
3320
3416
3428
3410
3454
3426
3440
3524
3468
3406
3406
3472
3468
3394
3404
3392
3396
3418
3528
3454
3442
3446
3412
3424
3468
3452
3502
3474
3518
3452
3432
3402
3466
3562
3520
3516
3510
3518
3502
3452
3480
3476
3446
3488
3536
3538
3554
3604
3596
3516
3504
3470
3416
3524
3484
3412
3440
3446
3472
3464
3472
3434
3388
3354
3366
3322
3314
3360
3360
3426
3474
3478
3472
3474
3438
3358
3436
3416
3428
3440
3494
3486
3462
3440
3486
3520
3560
3554
3542
3560
3480
3466
3468
3434
3364
3298
3312
3340
3414
3382
3424
3414
3444
3384
3302
3284
3212
3184
3242
3264
3282
3322
3298
3306
3254
3268
3230
3194
3274
3334
3352
3388
3302
3308
3280
3334
3338
3314
3240
3256
3268
3212
3140
3164
3128
3166
3122
3096
3144
3118
3170
3148
3126
3058
3140
3092
3080
3062
3066
3010
3144
3126
3194
3192
3258
3240
3256
3382
3390
3384
3386
3384
3368
3338
3320
3400
3266
3186
3236
3272
3220
3164
3188
3242
3310
3342
3250
3212
3306
3344
3322
3338
3364
3444
3464
3450
3432
3470
3420
3454
3500
3444
3460
3456
3480
3504
3500
3464
3426
3420
3336
3360
3276
3342
3344
3388
3392
3486
3462
3450
3346
3366
3402
3392
3336
3336
3318
3328
3346
3314
3288
3294
3332
3288
3304
3234
3268
3278
3206
3228
3198
3196
3158
3180
3114
3056
3176
3180
3154
3180
3172
3148
3088
3168
3170
3132
3130
3056
3070
3060
3094
3098
3124
3124
3112
3146
3150
3108
3126
3180
3128
3172
3128
3124
3086
3134
3142
3148
3218
3226
3216
3174
3158
3126
3072
3108
3116
3222
3206
3062
3000
2982
3020
2946
2960
2864
2872
2858
2758
2784
2836
2838
2840
2908
2948
2904
2920
2956
2926
2996
3016
2996
2936
2918
2884
2944
3018
3004
2894
2914
2980
3066
3068
3126
3132
3176
3220
3270
3314
3334
3374
3372
3360
3368
3378
3410
3380
3384
3372
3382
3330
3350
3398
3470
3482
3486
3536
3514
3478
3530
3524
3458
3372
3384
3388
3352
3396
3428
3372
3386
3418
3418
3482
3458
3440
3514
3470
3442
3458
3464
3460
3458
3454
3372
3362
3412
3384
3382
3324
3384
3386
3262
3340
3308
3372
3342
3342
3312
3280
3266
3250
3266
3292
3312
3294
3276
3290
3258
3290
3290
3294
3288
3360
3364
3448
3472
3540
3476
3470
3474
3456
3416
3448
3414
3390
3322
3384
3398
3348
3382
3368
3398
3346
3420
3410
3376
3388
3312
3300
3282
3270
3300
3322
3284
3272
3240
3182
3134
3070
3042
3032
3006
3074
3048
2958
3014
2978
2982
3018
3038
2966
2996
2976
3004
3012
3056
3084
2954
2902
2968
2960
2972
2908
2928
2872
2906
2926
2954
2862
2858
2800
2790
2874
2812
2798
2832
2872
2922
2920
2812
2826
2790
2784
2782
2778
2742
2790
2878
2856
2816
2820
2914
2956
3016
2950
3016
3038
3098
3100
3168
3166
3162
3206
3168
3126
3140
3138
3178
3142
3174
3156
3160
3108
3076
3118
3120
3128
3124
3048
3002
3076
2988
2960
2974
3076
3144
3142
3182
3186
3266
3230
3260
3306
3362
3340
3354
3344
3392
3326
3246
3338
3320
3294
3316
3330
3442
3442
3490
3438
3474
3482
3464
3492
3462
3502
3468
3410
3434
3398
3454
3428
3410
3436
3450
3478
3494
3502
3438
3462
3378
3314
3294
3384
3390
3356
3356
3304
3258
3240
3224
3288
3304
3358
3424
3366
3382
3360
3382
3380
3348
3362
3340
3332
3378
3416
3444
3322
3378
3360
3372
3358
3330
3332
3410
3410
3456
3386
3364
3334
3366
3336
3334
3342
3356
3388
3284
3308
3234
3308
3308
3248
3260
3294
3338
3288
3292
3246
3162
3228
3170
3208
3266
3256
3276
3198
3124
3136
3030
3110
3076
3094
3066
3134
3222
3198
3286
3256
3234
3272
3244
3202
3220
3254
3256
3256
3208
3210
3248
3304
3258
3390
3422
3472
3458
3382
3404
3410
3434
3372
3300
3286
3290
3294
3330
3278
3248
3216
3236
3288
3244
3278
3228
3212
3234
3258
3310
3268
3280
3286
3240
3228
3250
3186
3178
3210
3182
3234
3270
3370
3338
3298
3324
3360
3350
3316
3428
3412
3364
3404
3364
3370
3406
3462
3454
3448
3434
3404
3296
3326
3298
3332
3234
3212
3198
3240
3168
3152
3198
3216
3254
3272
3204
3234
3296
3300
3204
3270
3256
3278
3280
3310
3278
3314
3338
3390
3382
3370
3332
3312
3236
3202
3208
3272
3270
3234
3240
3220
3246
3234
3270
3296
3318
3332
3274
3320
3350
3290
3248
3270
3324
3220
3270
3222
3118
3128
3136
3242
3214
3278
3270
3244
3274
3242
3188
3190
3220
3098
3058
3080
3088
3148
3216
3190
3214
3256
3242
3230
3206
3148
3120
3144
3114
3102
3070
3090
3136
3070
3054
3048
3166
3164
3190
3172
3250
3196
3160
3094
3070
3076
3042
3024
2964
2974
2964
2948
2954
2904
2906
2856
2860
2796
2904
2916
2896
2956
2938
2854
2830
2884
2952
2904
2886
2918
2930
2852
2906
2928
2968
2954
2950
2956
2872
2846
2732
2836
2808
2734
2756
2806
2802
2872
2850
2892
2894
2920
2922
2854
2916
2994
2938
2982
3002
2982
2954
2964
2930
2926
2794
2914
2920
2990
2930
2982
2962
2902
2990
2998
3048
3006
2982
3004
2930
2986
2888
2864
2866
3028
3020
3060
3062
3096
3066
3050
3014
3044
3014
2990
3020
3018
3022
3118
3136
3086
3116
3076
3068
3082
3100
3094
3134
3152
3038
3066
3200
3240
3204
3228
3242
3306
3336
3290
3384
3438
3434
3510
3460
3370
3354
3416
3332
3320
3310
3292
3328
3370
3318
3372
3328
3360
3402
3390
3380
3412
3462
3408
3436
3434
3386
3348
3244
3228
3298
3290
3234
3246
3216
3198
3304
3314
3268
3330
3346
3302
3280
3350
3342
3400
3396
3404
3364
3276
3290
3274
3276
3370
3312
3282
3350
3320
3372
3384
3400
3436
3364
3380
3330
3412
3422
3440
3436
3406
3402
3372
3320
3346
3324
3370
3392
3426
3434
3332
3350
3338
3322
3376
3404
3410
3352
3386
3390
3456
3382
3436
3472
3478
3388
3376
3428
3364
3450
3462
3414
3386
3402
3370
3388
3458
3404
3364
3384
3426
3386
3352
3380
3386
3312
3272
3346
3404
3436
3448
3462
3438
3446
3440
3518
3492
3456
3434
3418
3456
3412
3444
3442
3366
3426
3358
3324
3346
3340
3296
3328
3318
3248
3324
3304
3314
3292
3280
3296
3278
3270
3336
3422
3478
3376
3382
3430
3478
3476
3410
3408
3410
3382
3388
3360
3328
3268
3364
3384
3366
3406
3442
3530
3552
3534
3456
3424
3406
3394
3318
3284
3340
3434
3454
3482
3456
3482
3428
3476
3480
3484
