470
518
520
468
472
516
584
604
722
742
722
812
870
780
650
700
712
698
688
638
394
398
300
310
264
218
170
136
68
154
266
164
80
132
224
234
208
46
0
28
12
142
44
44
16
40
80
96
134
68
214
180
228
356
390
420
510
534
606
562
506
402
448
508
540
608
696
698
694
604
552
486
452
478
428
458
412
332
336
396
500
452
428
418
570
580
540
586
682
714
710
598
714
532
398
432
486
482
414
266
172
224
188
132
226
222
350
364
220
214
86
76
8
70
8
116
142
112
216
196
254
282
252
258
190
124
148
196
64
116
140
42
66
128
160
106
24
2
36
130
150
18
78
104
148
188
170
214
378
368
306
274
282
256
318
426
352
312
412
478
540
434
338
358
344
374
250
276
252
202
166
144
10
72
66
30
64
6
44
58
114
106
40
14
62
72
18
82
50
22
12
132
88
52
98
66
126
110
202
222
168
58
72
48
118
204
100
140
212
296
208
290
368
374
264
294
208
348
480
424
386
368
530
652
558
628
582
572
550
438
396
434
452
358
398
478
478
488
458
454
388
334
372
364
302
338
500
484
488
548
512
520
536
502
508
458
538
530
474
520
524
544
492
534
514
506
566
564
710
686
664
646
546
622
644
608
574
514
458
488
520
536
560
560
504
370
398
470
306
230
218
262
146
264
134
104
326
256
282
416
390
444
562
610
518
520
548
570
562
552
576
560
574
618
708
804
776
852
866
764
818
782
778
670
682
620
672
692
660
712
680
780
810
798
722
702
724
770
850
902
1000
1088
1124
1120
1186
1298
1346
1316
1278
1318
1192
1132
1238
1204
1258
1278
1354
1402
1260
1228
1272
1186
1210
1190
1242
1290
1312
1370
1332
1300
1442
1362
1310
1332
1276
1190
1260
1290
1318
1290
1342
1344
1248
1182
1136
1082
982
1006
1072
1046
1028
906
850
874
766
748
838
720
802
960
890
816
836
832
728
728
720
806
808
790
762
822
882
984
920
888
910
958
986
1034
968
986
992
1078
1216
1116
1190
1322
1328
1336
1478
1436
1332
1348
1242
1262
1290
1320
1310
1290
1286
1278
1160
1236
1266
1316
1322
1298
1324
1310
1318
1334
1360
1352
1296
1214
1178
1158
1078
1042
1030
998
1088
1108
1268
1230
1182
1300
1348
1304
1284
1170
1134
1080
1104
1032
980
1000
1062
1042
970
916
912
874
822
764
734
728
784
644
632
634
734
806
766
850
756
704
740
770
770
740
780
752
782
838
850
912
756
784
808
874
900
942
942
872
904
808
830
834
882
872
844
798
868
858
786
852
752
708
800
720
798
726
778
864
1082
1018
962
1060
1122
1178
1288
1264
1182
1236
1400
1356
1436
1386
1300
1198
1202
1244
1292
1304
1198
1312
1270
1270
1120
1108
1122
1192
1152
1164
1158
1112
1082
1024
1036
1154
1084
1080
1166
1074
1032
1072
1188
1282
1292
1434
1394
1496
1546
1576
1498
1476
1480
1440
1430
1340
1298
1302
1364
1280
1232
1270
1244
1082
1224
1126
1128
1136
1242
1168
1140
1106
996
942
1018
938
914
958
934
912
962
1012
1024
1074
1146
1230
1266
1172
1128
1098
1022
972
1070
1084
1104
1052
1064
1106
1078
982
970
834
860
1000
968
1046
1080
1036
1018
1068
1052
1054
1076
1008
1050
938
842
850
846
892
880
876
882
848
734
642
744
864
746
758
806
658
642
646
672
602
562
666
600
592
600
650
604
514
420
482
510
506
528
528
588
558
628
634
674
514
568
586
382
248
138
132
162
40
6
46
6
60
94
42
72
20
84
152
176
226
240
160
152
260
296
224
214
366
352
328
320
396
482
472
434
504
404
392
296
426
366
312
356
284
104
140
142
12
28
2
156
228
208
218
290
348
380
330
212
238
270
180
232
246
262
324
396
362
316
288
306
184
28
12
120
180
104
14
98
114
40
54
116
98
116
112
118
200
210
30
80
44
34
86
166
76
80
6
120
66
96
56
34
16
14
16
52
24
10
30
42
48
18
22
16
190
292
160
172
92
76
78
80
138
162
144
176
172
182
192
18
52
40
48
78
114
218
202
154
96
154
142
140
0
30
54
24
90
32
102
160
42
84
134
48
16
38
52
150
54
20
44
38
74
130
286
332
350
426
336
294
242
256
246
292
282
358
370
360
354
386
450
444
458
478
388
378
360
290
358
366
306
342
326
366
440
488
460
462
512
524
572
438
374
460
350
162
242
228
220
130
68
28
30
20
8
34
2
68
104
228
300
442
548
402
380
420
368
352
340
298
376
302
218
188
216
156
206
188
196
214
278
280
322
256
226
290
252
182
272
236
170
88
194
220
236
198
220
222
290
358
454
532
590
612
758
714
576
598
616
672
722
692
706
644
626
588
542
660
628
638
634
650
590
654
672
670
666
812
844
840
880
884
948
966
966
910
800
738
750
804
878
848
688
728
698
730
720
706
694
728
680
620
494
526
578
544
532
546
490
586
694
650
694
708
676
716
710
740
748
800
764
738
698
608
602
594
622
752
796
860
854
848
860
852
886
814
796
860
842
820
950
898
934
926
950
1046
1014
910
862
856
772
820
970
834
808
856
846
858
766
704
750
620
594
622
448
572
494
488
468
422
402
498
450
428
448
540
468
438
378
370
314
428
420
504
502
590
554
554
638
686
712
704
542
572
662
712
770
728
734
704
868
900
908
848
830
732
584
562
594
626
794
738
724
658
520
550
478
544
454
466
614
596
568
562
592
588
514
598
608
676
630
546
518
564
628
562
534
548
628
674
660
620
650
646
624
566
614
568
578
552
526
500
430
418
444
566
484
562
576
584
426
392
474
504
444
482
440
398
392
434
248
198
226
182
100
90
232
250
272
168
252
252
226
106
116
112
130
118
80
50
24
2
24
12
94
72
156
238
166
236
196
162
190
200
250
304
322
418
444
444
444
364
400
500
400
452
304
388
466
442
440
474
560
574
534
628
630
558
468
464
530
554
482
626
640
686
750
730
620
614
548
462
424
512
490
488
514
586
538
538
522
558
642
528
536
596
564
574
618
580
654
716
704
704
756
732
724
730
678
702
768
782
770
734
636
618
604
686
838
724
802
794
914
880
902
902
932
844
892
902
936
986
1018
904
952
858
880
892
946
966
874
866
966
968
1000
836
924
864
880
754
838
888
1038
1004
888
950
1022
960
1090
1078
1102
1116
1166
1164
1220
1248
1290
1354
1248
1248
1248
1302
1368
1336
1200
1186
1100
1124
1102
1172
1134
1184
1304
1362
1482
1514
1518
1454
1458
1404
1412
1458
1344
1414
1382
1414
1308
1256
1096
1048
984
958
868
812
890
990
1050
984
970
830
832
788
748
742
772
764
686
616
608
730
774
708
684
688
600
600
720
626
682
590
580
398
354
442
358
344
298
314
418
330
424
342
462
398
416
458
532
412
466
480
470
434
554
494
350
388
420
338
264
254
320
252
352
500
482
602
518
638
674
648
596
522
520
536
504
484
322
322
378
274
102
72
44
20
22
70
34
58
64
50
32
98
34
26
2
2
62
26
82
114
92
108
168
164
266
188
106
122
132
56
50
86
106
116
112
84
6
10
8
26
178
150
92
52
28
18
34
30
14
90
66
76
12
60
18
186
216
224
256
178
98
24
62
62
168
178
212
302
324
246
330
376
442
456
466
554
486
450
510
472
390
438
450
388
390
368
348
364
384
376
360
400
504
486
412
314
372
380
374
408
424
396
370
430
370
428
502
466
502
436
514
456
506
474
412
426
490
522
570
474
434
424
422
450
450
418
300
358
342
302
330
392
288
184
106
38
140
214
308
424
346
422
370
338
232
96
94
28
114
46
120
80
58
206
168
288
280
226
232
200
246
176
246
232
354
502
472
528
508
462
460
560
474
556
514
536
618
666
634
594
474
400
378
334
254
188
112
162
160
114
66
38
52
48
42
80
144
22
72
110
24
26
8
4
0
4
12
100
54
46
12
16
114
90
108
58
162
86
4
146
124
4
168
176
128
160
116
172
234
298
386
448
546
554
542
652
684
748
754
780
684
702
754
718
684
692
736
708
808
736
678
732
748
888
928
908
1000
882
826
876
868
846
836
836
782
704
704
524
562
542
604
476
382
384
398
316
376
296
288
138
156
12
2
6
42
64
126
130
94
256
292
152
200
182
300
422
462
474
554
712
612
522
502
568
532
554
596
468
454
468
588
722
734
610
638
688
778
682
680
718
784
990
970
1048
950
972
926
842
778
828
854
798
922
906
898
852
886
926
910
872
898
874
902
814
782
876
904
886
838
804
662
690
690
760
728
842
792
852
824
900
778
762
922
928
798
780
770
812
674
688
604
552
436
372
360
414
470
428
480
478
518
572
700
702
712
740
578
572
664
654
690
802
888
810
840
806
770
628
606
562
660
572
552
566
512
494
548
540
552
640
692
754
846
852
948
888
964
940
1034
1014
1100
998
1008
934
1010
1030
1070
966
928
792
864
864
928
1080
1116
1108
1060
1032
1038
936
956
948
1042
1084
1058
1074
1032
1042
970
1002
946
968
1024
956
850
886
942
1014
1020
964
918
944
958
1110
1086
1196
1258
1322
1316
1272
1208
1246
1230
1294
1148
1160
1162
1216
1254
1214
1274
1258
1192
1174
1034
1128
1132
1110
1098
1062
1022
1066
1084
1054
1092
1040
1042
966
942
796
974
1000
990
1040
950
804
846
894
976
1012
960
928
858
796
762
856
898
882
852
964
1074
996
918
912
880
796
854
930
870
810
916
956
956
980
970
946
918
908
926
956
870
798
820
872
822
834
824
752
726
732
728
820
764
766
774
878
802
