336
294
162
228
268
148
36
2
4
80
14
146
90
58
14
64
24
56
84
70
28
118
98
120
224
84
56
12
78
36
40
144
204
124
76
28
64
314
270
314
238
330
356
266
220
4
146
10
54
18
106
102
10
40
178
222
360
228
190
80
124
134
162
72
212
276
334
138
0
136
142
22
18
112
48
6
66
32
160
120
160
252
326
406
198
256
234
328
134
66
158
86
4
88
214
326
360
208
190
166
258
404
426
360
186
132
152
334
386
180
198
44
24
220
308
276
226
74
96
122
80
58
64
96
30
10
86
240
212
176
14
30
14
64
36
134
134
32
16
134
256
178
236
118
186
102
164
112
122
124
76
34
72
90
274
258
310
378
622
666
706
710
560
446
518
622
674
796
874
966
986
1064
1104
1114
1084
952
910
1020
1170
1292
1080
1078
1026
912
804
876
832
826
726
790
784
932
896
750
842
878
1006
956
918
854
858
902
1166
1226
1310
1248
1358
1230
1198
1086
1124
1038
1034
1054
988
1208
1266
1206
1188
1154
1150
1158
1044
860
806
786
1012
1074
1132
1130
1168
1098
1106
1020
1004
1064
1032
918
984
774
944
980
940
1020
944
1074
992
1140
1030
1068
1154
1130
1196
1156
1092
1194
1146
1148
1008
882
820
844
838
820
812
814
984
982
984
1012
1016
952
852
812
814
988
940
994
1100
1044
968
856
900
1008
1138
1142
1246
1218
1320
1228
1228
1162
1066
1066
1272
1168
1154
1118
1118
1158
990
872
1038
1068
1016
1104
1114
1082
920
990
1064
812
814
884
930
952
912
1086
980
1042
936
760
846
908
882
888
844
914
908
870
830
804
602
624
722
778
926
902
764
866
966
842
786
892
862
1030
1010
1134
832
908
974
988
904
1154
940
1178
1186
1048
956
854
928
934
848
864
848
950
832
688
654
604
704
802
566
632
740
386
348
510
482
424
490
348
400
428
504
526
296
168
82
264
314
174
52
136
134
150
156
104
24
84
168
200
66
4
172
338
352
398
382
260
278
164
214
286
242
184
76
148
158
150
256
140
202
200
218
172
54
64
82
164
4
160
190
146
222
82
126
66
80
96
204
264
200
208
206
298
164
102
76
256
296
192
208
204
18
10
46
82
56
278
384
442
280
446
218
44
156
58
202
146
196
210
400
346
402
362
522
396
324
366
500
486
384
352
540
484
630
588
728
718
706
544
586
618
704
698
602
568
596
618
780
738
776
978
984
1104
990
992
948
914
918
956
890
866
798
802
878
766
738
696
836
666
658
820
874
784
776
748
778
802
566
588
624
644
576
674
682
646
680
704
588
552
582
530
506
452
358
272
354
326
248
246
314
148
88
124
324
430
468
442
466
528
248
262
320
322
342
334
370
368
330
412
572
434
400
470
404
304
520
620
574
688
388
358
160
350
292
290
272
272
352
282
268
254
246
268
106
38
56
64
68
112
144
172
258
274
194
358
346
284
382
312
158
28
16
108
112
118
150
250
184
180
206
122
12
74
84
168
254
332
364
294
196
242
362
422
576
502
458
420
398
378
486
472
684
532
512
580
416
376
336
514
564
502
556
396
402
430
396
472
438
362
296
338
252
260
224
178
280
398
478
436
450
572
606
532
780
764
756
890
872
838
906
738
806
794
870
868
776
724
738
754
666
848
902
904
960
1056
1024
1080
1040
920
1036
994
1050
974
1042
1156
1134
1416
1446
1548
1586
1770
2010
1816
1692
1474
1500
1556
1706
1590
1490
1398
1256
1256
1238
1184
1014
984
1044
1224
1300
1122
1154
1290
1386
1334
1382
1292
1280
1366
1380
1356
1194
1122
1076
1204
1312
1106
1148
1132
1146
1020
1022
1040
1170
1092
1024
1160
1134
1042
874
670
520
616
508
510
612
664
626
410
314
290
260
302
240
198
138
24
48
22
62
130
232
268
376
390
520
510
528
470
456
574
516
558
724
752
624
510
708
590
572
438
412
388
298
376
390
398
252
330
266
254
192
226
130
50
158
98
216
4
16
132
146
208
18
176
254
494
490
514
380
400
546
446
290
348
598
550
488
452
436
450
478
464
582
396
456
466
338
180
188
226
190
12
156
178
314
184
390
434
478
474
426
392
318
372
332
238
256
398
426
392
424
500
600
524
460
496
326
564
726
876
890
688
796
824
946
888
908
1020
946
988
1096
1184
1208
1040
1034
1024
1118
1138
1238
1192
1052
1102
1138
1194
1176
1084
1078
998
1006
962
926
1014
1078
988
858
758
794
836
938
948
954
992
970
1022
1022
974
1058
934
822
616
462
514
426
456
344
516
326
330
484
254
296
394
324
360
196
136
60
60
76
124
126
174
76
60
186
412
458
522
594
504
420
534
520
618
648
436
468
400
344
426
320
350
274
244
172
372
252
326
362
348
256
210
336
186
154
170
322
254
302
300
250
506
472
572
602
550
550
670
822
914
798
710
966
1088
1164
1078
1028
970
1038
908
980
980
1042
1202
1080
1078
932
1060
952
910
1016
866
814
840
868
832
880
1066
870
762
796
850
594
586
268
270
262
378
270
160
194
260
498
448
358
390
370
438
302
394
290
276
148
40
222
198
198
430
302
246
318
254
316
268
244
186
46
40
196
86
14
64
214
6
84
320
514
612
636
686
500
504
502
498
592
588
580
564
522
564
626
656
512
444
520
484
320
432
658
628
806
826
1090
1222
1326
1342
1252
1156
1292
1412
1366
1412
1442
1420
1572
1574
1602
1554
1630
1520
1522
1522
1550
1468
1454
1440
1254
1194
1166
1206
1222
960
1080
1056
1090
906
806
850
854
954
900
892
1040
872
872
774
902
758
824
788
720
432
520
602
582
614
732
712
808
808
846
806
788
554
438
462
418
560
670
560
584
392
542
556
498
740
812
616
870
898
1116
1086
1056
974
1052
1024
826
812
878
948
892
1052
1132
1138
1278
1224
1284
1284
1186
1170
1020
1008
1008
1140
976
928
996
1052
974
1064
912
962
990
1128
1052
1048
960
982
884
904
968
838
734
902
752
668
920
960
942
942
812
700
594
634
560
406
286
346
496
512
418
542
412
336
268
378
338
204
234
242
216
202
42
74
36
106
180
348
234
216
184
298
516
508
622
562
644
740
912
788
776
864
874
772
750
598
506
534
602
544
564
684
734
786
776
828
738
690
790
834
910
948
1154
1310
1274
1324
1154
1288
1184
1064
952
914
652
634
568
476
472
378
506
478
608
654
706
646
754
612
730
886
776
938
1056
1162
1260
1260
1200
1286
1420
1530
1518
1752
1632
1694
1664
1730
1722
1504
1430
1336
1512
1562
1522
1582
1660
1616
1698
1860
1876
1920
1782
1946
1900
1896
1860
1916
1950
2048
1920
1992
1850
1708
1790
1714
1720
1662
1650
1572
1484
1356
1314
1530
1530
1564
1686
1682
1838
1686
1502
1560
1506
1510
1454
1502
1438
1344
1280
1396
1454
1538
1706
1828
1830
1784
1706
1592
1568
1622
1600
1476
1362
1320
1176
1242
1150
1200
1182
1010
1052
1112
1132
1404
1418
1562
1588
1638
1600
1520
1470
1492
1588
1706
1914
1982
1912
1926
1864
1776
1894
1996
2110
1970
1814
1568
1570
1484
1456
1210
1274
1250
1188
1250
1214
1264
1230
1206
1172
1322
1260
1358
1326
1364
1538
1628
1770
1760
1790
1816
1784
1612
1590
1678
1714
1688
1696
1614
1710
1764
1828
1742
1724
1656
1618
1674
1760
1644
1740
1748
1768
1928
1970
1848
1794
1794
1776
1768
1886
1896
1872
1976
1818
1810
1668
1596
1652
1620
1514
1536
1642
1518
1326
1558
1612
1688
1694
1676
1644
1542
1428
1382
1452
1538
1690
1588
1558
1622
1466
1330
1474
1628
1526
1506
1508
1586
1744
1864
1796
1868
1834
1760
1700
1672
1654
1658
1812
1864
1678
1604
1706
1838
1952
1864
1902
1872
1938
1970
1946
1942
1990
1970
1956
2064
1900
2024
1876
1834
1756
1628
1606
1490
1478
1358
1492
1428
1594
1754
1798
1770
1794
1608
1694
1780
1650
1550
1374
1492
1456
1492
1582
1460
1468
1592
1686
1632
1534
1464
1526
1434
1374
1318
1304
1370
1382
1338
1230
1152
1186
1260
1152
1266
1134
1028
978
902
1004
914
936
812
826
938
974
884
848
766
692
638
714
648
650
558
582
620
734
660
758
688
654
704
806
834
836
882
948
868
896
764
888
876
846
740
806
866
1008
1056
1030
1214
1296
1366
1352
1462
1748
1776
1754
1676
1796
1728
1682
1690
1684
1642
1508
1506
1464
1272
1228
1260
1442
1580
1552
1404
1182
1194
1278
1586
1536
1488
1422
1324
1394
1328
1262
1210
1190
1226
1272
1202
1116
1088
1090
994
1054
1018
968
756
866
900
956
956
724
800
788
756
792
690
776
802
986
898
960
1074
1092
1096
1010
1042
922
986
974
766
678
568
606
662
732
790
940
876
1030
970
1012
970
1128
1322
1356
1354
1338
1388
1538
1692
1594
1608
1570
1570
1344
1398
1184
1244
1174
1050
1006
930
922
958
786
914
872
926
998
790
742
716
672
620
440
410
440
424
226
320
134
372
316
176
336
282
310
360
364
222
294
260
152
72
112
102
14
36
48
48
218
144
152
112
6
120
272
128
6
56
154
132
240
300
256
298
462
382
502
370
428
462
490
308
414
356
376
382
268
298
288
372
354
436
498
618
630
584
408
466
408
384
512
460
228
320
378
420
568
580
598
722
626
662
754
888
970
1004
1072
1132
1214
1304
1484
1426
1378
1328
1134
1092
1134
1150
1154
1370
1276
1330
1386
1468
1500
1520
1336
1216
1254
1442
1478
1698
1794
1736
1808
1778
1770
1698
1712
1888
1978
1920
1892
1864
1872
1850
1936
1814
1844
1814
1756
1836
1988
1928
1904
2062
2068
2158
2132
2204
2074
2112
2032
2068
2022
2130
2312
2258
2408
2270
2292
2302
2212
2122
2048
1934
1900
2010
1986
1948
2058
2070
1920
2002
1934
1858
2082
1984
1866
1734
1646
1556
1238
1320
1430
1464
1364
1350
1328
1376
1410
1496
1362
1530
1612
1492
1566
1438
1388
1318
1476
1516
1630
1438
1376
1590
1754
1642
1812
1892
1836
1802
1826
1884
1780
1728
1392
1424
1364
1424
1354
1150
1186
1294
1096
1140
1084
1152
870
672
818
940
992
1066
1256
1290
1336
1144
1100
1084
1230
1124
1082
1146
1236
1372
1204
1094
