580
556
546
508
558
526
546
560
580
592
572
588
572
516
580
580
510
512
508
490
484
524
520
506
560
582
588
596
580
588
578
592
596
556
548
510
528
498
486
462
456
470
434
420
386
404
460
452
440
432
460
478
462
416
452
404
382
384
418
428
492
500
502
498
456
472
508
486
466
492
430
446
428
406
432
436
448
400
392
386
372
394
438
428
424
484
512
582
550
574
536
500
528
534
546
546
582
612
586
586
592
578
586
596
560
552
552
570
650
632
598
646
648
632
658
628
646
678
660
598
544
568
576
578
590
578
590
596
618
642
614
602
582
614
602
614
596
538
586
606
626
622
636
608
596
598
562
496
490
478
526
528
536
542
544
554
576
522
546
522
484
528
586
574
608
580
578
522
530
562
600
574
570
604
622
612
574
564
594
614
632
664
696
696
634
682
682
694
648
628
596
568
600
594
608
626
584
602
638
664
656
652
626
640
672
690
708
712
678
682
666
674
682
636
638
662
668
670
692
684
716
710
708
696
704
686
672
610
638
568
544
568
544
544
560
492
512
540
496
504
470
486
478
392
438
432
494
460
456
460
436
482
448
480
488
500
472
528
524
572
550
546
558
590
518
508
494
512
556
478
516
510
532
494
460
512
530
568
538
574
540
522
492
486
516
490
552
572
574
548
526
504
514
530
552
564
584
572
580
576
618
632
574
560
598
626
598
610
592
646
636
626
624
596
574
594
616
644
568
558
578
610
660
612
566
616
696
682
700
716
726
678
684
702
664
692
684
702
698
658
606
638
720
604
628
644
626
654
614
588
560
570
622
578
622
634
670
650
612
638
610
614
584
570
584
560
588
654
634
656
666
674
644
630
648
676
694
752
748
752
788
716
686
694
732
682
684
688
656
658
714
682
666
612
636
644
716
742
708
698
674
650
652
718
738
728
766
784
796
794
760
768
778
782
776
784
774
776
776
744
726
756
666
606
648
650
688
678
720
722
692
716
736
728
762
750
754
766
768
758
720
678
696
682
724
690
660
648
676
678
654
646
652
630
664
664
644
708
666
632
648
686
664
710
700
702
734
726
728
736
754
714
690
690
712
664
618
614
564
548
554
572
586
536
608
650
626
648
618
580
586
628
582
560
586
554
542
552
502
506
498
496
478
514
506
554
528
506
502
484
486
456
514
532
558
508
516
460
464
512
528
526
534
568
510
526
510
596
582
610
616
636
676
666
700
722
744
772
808
850
836
802
806
770
786
784
758
726
702
704
670
662
662
696
712
674
626
608
568
552
556
550
554
600
650
626
654
674
712
734
758
726
742
712
700
672
650
674
714
712
712
730
720
728
736
738
744
776
804
806
812
784
766
770
780
810
804
820
776
782
722
648
622
604
622
594
600
584
538
534
574
596
622
664
656
632
562
586
548
568
596
584
610
596
604
612
670
694
730
722
742
742
718
692
664
652
614
658
684
702
726
658
652
728
704
742
744
704
714
734
734
720
742
758
740
708
696
656
708
652
628
608
556
568
554
586
568
592
628
626
630
648
680
686
674
672
644
630
598
616
620
622
598
600
578
616
584
638
636
632
626
624
596
558
572
586
628
664
658
658
648
702
738
708
714
690
676
690
720
714
722
726
716
716
686
738
736
752
754
798
786
796
758
750
770
776
760
726
692
664
678
680
746
770
768
766
766
750
720
734
696
652
678
664
732
756
714
634
652
624
670
668
660
650
640
628
610
612
594
620
562
504
550
496
468
448
464
488
506
530
512
532
514
540
538
574
562
576
584
618
638
658
672
732
702
748
722
696
726
742
762
772
722
720
746
754
780
806
824
788
732
722
760
716
762
730
704
648
610
600
596
634
642
648
640
668
690
680
676
694
656
660
672
692
678
634
678
656
672
634
594
670
640
638
650
648
666
646
630
670
686
714
730
774
762
766
734
746
734
752
768
762
722
758
750
726
712
724
764
758
774
728
688
690
662
674
672
634
620
640
652
724
710
696
686
694
698
678
696
678
678
674
708
662
660
640
668
610
606
570
574
580
534
538
582
572
546
572
568
602
584
592
552
550
528
502
512
478
452
476
426
394
374
392
442
442
482
448
442
400
370
408
390
418
404
466
436
396
432
418
392
424
404
428
468
464
428
444
486
562
564
548
526
606
588
592
600
604
664
642
692
656
680
670
626
676
672
644
644
638
616
638
682
664
682
666
636
586
608
568
564
584
566
558
608
598
590
612
642
648
698
722
742
752
768
774
776
766
782
768
798
770
718
724
730
764
720
758
742
734
730
738
776
754
770
778
746
744
732
730
702
690
716
720
710
708
682
704
700
720
720
720
660
644
690
710
700
740
718
718
708
710
686
700
678
692
692
628
602
602
580
558
592
580
578
618
590
570
574
594
602
656
666
646
646
668
694
726
728
720
714
688
666
618
596
560
586
574
626
630
640
608
624
668
618
570
586
610
582
630
588
632
616
584
582
600
622
674
642
662
658
656
664
668
706
686
716
714
696
672
676
710
710
780
788
874
810
790
788
770
780
778
752
750
738
738
804
820
806
794
796
800
766
742
740
764
724
768
780
792
758
740
696
658
644
592
578
542
522
566
564
554
594
572
528
530
492
484
534
448
416
454
432
450
458
398
420
384
420
458
502
508
468
516
540
564
564
558
574
574
620
610
634
600
590
588
586
616
566
570
566
590
562
558
546
514
506
526
468
476
458
444
436
398
422
414
442
444
424
494
486
460
462
496
530
542
544
534
564
564
538
522
488
488
498
478
478
496
476
446
444
502
520
526
554
548
590
602
596
604
620
668
606
564
532
528
510
548
526
496
500
542
492
526
578
560
592
640
600
594
574
534
542
530
564
562
586
562
596
594
562
536
524
558
556
574
582
542
486
456
458
500
518
528
540
560
550
602
598
644
614
584
656
618
580
566
568
576
602
572
554
566
614
602
582
594
596
600
582
566
554
580
550
582
520
518
530
486
436
456
466
474
484
466
518
564
574
618
610
602
590
598
584
634
636
608
572
594
632
650
644
632
586
558
522
462
436
462
420
388
372
386
424
420
464
480
396
408
396
364
428
484
430
450
438
374
388
382
416
382
410
398
428
454
396
412
418
416
426
398
384
406
400
448
434
454
474
514
584
638
618
632
576
556
564
614
640
642
626
612
648
660
716
686
690
708
662
648
686
688
672
702
734
746
730
768
734
768
796
778
820
774
726
746
714
750
708
694
702
714
786
752
702
738
748
784
744
752
716
698
692
700
722
752
710
650
616
648
666
620
696
674
688
694
686
686
688
674
690
694
710
728
740
714
684
684
660
660
708
714
712
732
724
742
766
714
724
716
768
738
724
738
724
750
750
710
676
732
756
764
768
692
698
706
676
684
672
622
566
512
520
514
492
466
484
470
492
488
502
484
522
434
422
422
430
450
494
484
520
530
494
470
464
478
480
476
454
498
478
460
442
422
438
484
482
526
520
516
552
580
610
588
532
532
532
544
564
588
646
628
580
634
618
636
678
680
674
680
660
582
582
572
598
596
650
636
666
666
738
726
744
748
776
774
730
752
716
734
730
748
766
734
702
712
726
714
682
672
648
616
600
612
618
622
682
664
650
718
756
764
748
722
678
668
628
650
646
662
682
696
716
694
728
776
770
734
712
750
808
808
820
808
762
752
724
752
756
732
676
716
764
758
788
806
816
810
808
852
844
786
772
788
802
786
766
742
730
724
712
646
656
630
582
580
562
600
566
566
574
608
600
578
558
550
522
560
592
596
564
598
660
708
722
722
744
748
748
686
704
688
682
682
714
702
672
680
680
684
702
730
702
714
702
726
666
690
708
656
640
662
650
658
710
722
720
758
750
752
714
734
758
804
820
810
810
804
782
782
786
728
716
736
706
672
662
660
684
720
764
778
784
794
782
802
800
784
766
762
730
760
710
658
640
672
684
652
652
672
682
658
646
624
644
672
704
732
754
708
738
744
730
778
780
782
774
756
796
784
786
820
804
784
838
848
812
790
750
714
708
680
716
686
628
630
608
590
636
654
630
616
642
686
730
748
730
746
802
790
802
784
776
798
760
716
686
702
736
702
682
694
680
714
750
732
746
750
746
686
732
734
704
720
724
678
694
688
652
646
670
640
626
668
672
676
636
636
646
608
626
642
680
668
704
698
706
728
698
680
700
680
650
652
652
624
678
710
634
660
612
566
538
528
566
586
564
600
580
592
618
624
654
656
666
686
640
594
664
662
692
684
700
654
670
648
664
672
674
644
626
624
636
664
688
650
610
612
628
650
670
668
632
646
654
716
714
758
736
754
778
780
780
774
804
796
760
742
702
722
722
720
690
660
698
718
726
754
764
756
768
760
684
642
638
598
582
588
626
650
668
646
640
616
616
586
554
574
556
566
578
548
536
504
506
430
454
440
448
438
440
452
444
434
380
348
266
310
308
290
302
324
294
312
270
274
300
284
266
212
222
208
182
188
200
234
208
240
202
226
276
244
222
158
178
248
276
208
158
172
238
256
262
232
250
214
166
156
232
196
236
174
