3498
3524
3528
3480
3450
3478
3552
3542
3562
3546
3528
3514
3512
3504
3526
3542
3508
3488
3490
3452
3386
3468
3426
3370
3372
3404
3334
3394
3416
3392
3404
3428
3378
3332
3326
3364
3278
3232
3188
3246
3258
3226
3140
3154
3126
3140
3052
3048
3144
3164
3198
3238
3254
3260
3268
3194
3136
3286
3310
3364
3338
3458
3426
3440
3466
3428
3418
3478
3414
3384
3416
3408
3542
3534
3534
3486
3460
3490
3530
3566
3510
3412
3456
3468
3398
3452
3412
3392
3310
3306
3290
3368
3314
3306
3214
3292
3360
3324
3376
3398
3372
3410
3384
3392
3360
3370
3372
3324
3324
3288
3306
3352
3378
3398
3384
3312
3268
3238
3266
3294
3378
3376
3422
3390
3440
3426
3380
3460
3466
3460
3430
3346
3370
3374
3360
3430
3424
3398
3340
3414
3358
3382
3386
3306
3344
3418
3412
3464
3490
3462
3478
3384
3398
3436
3424
3398
3402
3396
3372
3418
3318
3372
3378
3420
3414
3386
3338
3312
3362
3346
3370
3368
3340
3362
3402
3404
3358
3346
3370
3384
3370
3406
3436
3460
3500
3418
3450
3446
3466
3396
3362
3318
3302
3312
3302
3312
3208
3232
3200
3292
3336
3358
3352
3296
3460
3376
3392
3384
3334
3376
3316
3268
3272
3254
3334
3430
3434
3410
3348
3326
3406
3448
3428
3458
3458
3484
3544
3526
3442
3412
3430
3348
3370
3322
3314
3324
3326
3290
3232
3226
3250
3270
3294
3296
3248
3258
3266
3292
3236
3216
3250
3192
3196
3148
3198
3192
3270
3206
3164
3128
3202
3120
3010
3096
3178
3220
3212
3252
3182
3124
3124
3186
3112
3078
3030
3062
3096
3026
3128
3006
3016
3038
3136
3146
3190
3164
3206
3152
3210
3244
3206
3246
3252
3194
3228
3244
3158
3144
3102
3118
3160
3256
3230
3222
3204
3126
3102
3122
3154
3178
3162
3286
3244
3250
3148
3124
3174
3226
3268
3266
3290
3264
3280
3272
3244
3102
3144
3184
3152
3168
3224
3278
3336
3318
3292
3240
3210
3198
3194
3256
3196
3210
3252
3286
3388
3390
3376
3354
3396
3350
3418
3354
3388
3378
3398
3332
3332
3336
3300
3306
3414
3390
3396
3362
3380
3370
3288
3330
3320
3230
3216
3260
3298
3230
3242
3242
3212
3328
3326
3266
3298
3318
3348
3422
3420
3474
3508
3490
3488
3548
3588
3588
3578
3500
3548
3596
3580
3522
3510
3510
3512
3512
3484
3496
3500
3426
3468
3496
3470
3438
3436
3470
3502
3486
3458
3488
3524
3450
3340
3290
3314
3292
3262
3270
3282
3358
3372
3270
3238
3234
3214
3258
3214
3264
3318
3394
3402
3290
3270
3172
3166
3216
3282
3262
3282
3258
3262
3226
3210
3192
3142
3210
3188
3332
3296
3230
3268
3314
3304
3364
3376
3370
3350
3448
3502
3454
3460
3400
3348
3384
3414
3392
3450
3480
3572
3592
3544
3518
3508
3496
3544
3492
3488
3444
3506
3554
3584
3570
3520
3574
3618
3520
3542
3568
3498
3456
3474
3380
3372
3384
3392
3354
3316
3298
3382
3408
3502
3498
3560
3592
3562
3530
3532
3472
3518
3512
3572
3524
3456
3406
3310
3228
3184
3264
3348
3384
3400
3380
3414
3412
3450
3494
3482
3488
3456
3520
3506
3510
3572
3588
3528
3486
3472
3392
3356
3484
3520
3500
3542
3462
3474
3544
3476
3456
3504
3506
3476
3420
3362
3386
3392
3410
3426
3440
3424
3464
3428
3428
3526
3432
3438
3404
3470
3574
3466
3452
3442
3454
3560
3608
3626
3588
3654
3616
3582
3542
3514
3492
3460
3432
3380
3370
3320
3416
3404
3374
3408
3374
3394
3414
3394
3344
3390
3438
3418
3412
3418
3412
3490
3430
3442
3496
3558
3596
3592
3638
3570
3566
3610
3606
3562
3582
3496
3476
3510
3446
3418
3370
3394
3376
3406
3366
3364
3344
3294
3330
3280
3334
3392
3314
3316
3316
3324
3310
3284
3272
3266
3278
3380
3420
3486
3516
3534
3532
3544
3538
3544
3536
3474
3372
3392
3388
3386
3380
3392
3356
3392
3464
3488
3456
3500
3426
3480
3504
3534
3486
3484
3476
3402
3444
3560
3450
3436
3436
3472
3444
3490
3436
3466
3478
3496
3510
3492
3430
3420
3404
3340
3400
3352
3310
3322
3318
3338
3390
3372
3380
3454
3434
3442
3478
3464
3482
3490
3448
3446
3520
3598
3636
3564
3590
3590
3548
3492
3488
3452
3370
3414
3406
3430
3470
3430
3410
3444
3428
3434
3402
3388
3368
3272
3342
3350
3342
3422
3428
3462
3530
3480
3466
3488
3430
3410
3464
3464
3370
3336
3362
3368
3396
3322
3376
3310
3276
3302
3376
3316
3248
3214
3270
3334
3314
3244
3348
3268
3322
3294
3408
3416
3506
3508
3448
3470
3450
3418
3388
3326
3356
3390
3384
3354
3324
3238
3262
3262
3320
3296
3266
3272
3282
3302
3338
3342
3352
3294
3288
3254
3348
3356
3306
3270
3322
3340
3378
3418
3438
3388
3372
3398
3388
3394
3396
3344
3294
3362
3232
3216
3224
3302
3292
3386
3400
3436
3406
3408
3396
3404
3444
3400
3400
3362
3352
3330
3346
3414
3406
3362
3396
3416
3432
3384
3380
3372
3350
3358
3332
3324
3376
3388
3372
3422
3392
3378
3320
3374
3308
3328
3308
3298
3290
3314
3262
3244
3200
3200
3186
3216
3286
3368
3352
3300
3274
3212
3228
3128
3178
3168
3226
3314
3286
3234
3260
3278
3306
3304
3338
3260
3212
3228
3306
3272
3296
3282
3354
3350
3364
3398
3394
3320
3266
3324
3332
3320
3254
3302
3342
3292
3272
3256
3338
3332
3342
3374
3456
3444
3364
3312
3278
3316
3348
3374
3370
3374
3356
3464
3442
3436
3378
3444
3394
3404
3338
3364
3332
3312
3394
3410
3356
3430
3454
3466
3472
3512
3490
3484
3456
3460
3412
3460
3424
3404
3406
3402
3412
3510
3470
3428
3428
3428
3442
3426
3346
3366
3328
3328
3322
3312
3236
3326
3366
3374
3400
3402
3428
3348
3364
3342
3338
3416
3460
3396
3350
3452
3420
3514
3510
3472
3496
3534
3504
3402
3424
3304
3332
3390
3422
3346
3422
3386
3402
3374
3258
3250
3296
3306
3348
3386
3414
3434
3432
3438
3390
3448
3540
3444
3442
3402
3382
3304
3342
3358
3340
3370
3424
3466
3406
3442
3432
3434
3462
3472
3462
3460
3450
3444
3446
3454
3416
3404
3446
3416
3422
3426
3448
3436
3414
3452
3426
3414
3384
3404
3382
3340
3338
3332
3314
3302
3300
3234
3252
3274
3248
3278
3312
3268
3274
3336
3394
3400
3360
3286
3248
3262
3284
3308
3288
3306
3302
3234
3292
3238
3310
3320
3284
3256
3290
3320
3306
3288
3354
3414
3460
3502
3522
3510
3530
3484
3502
3568
3596
3450
3454
3440
3448
3472
3494
3418
3442
3450
3536
3520
3518
3512
3402
3360
3412
3360
3306
3300
3312
3318
3318
3378
3348
3416
3410
3394
3306
3382
3396
3384
3358
3410
3386
3282
3268
3344
3284
3328
3306
3348
3346
3378
3426
3362
3412
3414
3334
3336
3362
3382
3460
3386
3408
3466
3484
3450
3452
3444
3398
3410
3398
3360
3364
3316
3332
3234
3216
3188
3234
3276
3290
3302
3324
3234
3248
3312
3352
3350
3370
3334
3366
3372
3378
3392
3432
3414
3388
3402
3402
3402
3446
3464
3428
3346
3400
3464
3458
3450
3438
3378
3320
3298
3184
3222
3326
3320
3236
3224
3240
3186
3188
3154
3246
3342
3420
3464
3470
3508
3494
3460
3546
3568
3502
3434
3398
3424
3352
3376
3370
3346
3338
3214
3290
3224
3256
3346
3342
3382
3346
3384
3364
3388
3432
3464
3506
3544
3548
3520
3532
3488
3392
3458
3436
3400
3492
3476
3446
3498
3464
3524
3578
3592
3536
3528
3466
3420
3376
3386
3396
3282
3276
3256
3220
3276
3270
3286
3206
3182
3184
3114
3160
3124
3146
3218
3270
3242
3274
3240
3332
3272
3288
3274
3286
3366
3320
3278
3340
3300
3250
3306
3274
3302
3328
3308
3330
3308
3328
3284
3316
3352
3404
3404
3388
3392
3420
3438
3372
3368
3360
3424
3452
3476
3522
3568
3470
3434
3378
3330
3326
3266
3296
3328
3360
3408
3424
3490
3480
3518
3542
3512
3486
3484
3452
3408
3424
3352
3398
3416
3430
3392
3404
3446
3370
3376
3408
3406
3456
3338
3386
3332
3266
3230
3224
3184
3268
3252
3260
3324
3290
3284
3282
3256
3272
3276
3288
3318
3358
3352
3336
3338
3304
3344
3206
3038
3032
3006
2980
3010
2988
2966
2914
2976
2942
2928
2958
2996
3006
2988
2862
2814
2840
2894
2890
2810
2818
2974
3012
3002
2884
2896
2978
2994
3006
2942
2976
2936
2950
3084
3006
2932
2982
3040
3118
3030
3028
3056
3042
3060
3078
3060
3064
3008
3052
3076
3038
3048
3108
3090
3202
3232
3256
3250
3272
3242
3272
3246
3184
3236
3314
3350
3402
3400
3400
3434
3408
3434
3314
3328
3316
3390
3332
3318
3254
3244
3202
3152
3278
3242
3354
3318
3270
3300
3338
3346
3402
3356
3344
3280
3316
3366
3344
3344
3236
3154
3130
3128
3090
3078
3044
3180
3156
3112
3100
3172
3254
3254
3256
3310
3304
3244
3220
3184
3166
3182
3166
3198
3180
3202
3186
3210
3166
3170
3130
3162
3218
3184
3186
3270
3256
3254
3258
3342
3280
3330
3394
3396
3404
3390
3372
3356
3394
3430
3358
3400
3416
3348
3318
3326
3320
3334
3398
3366
3400
3378
3312
3260
3176
3266
3294
3258
3328
3334
3368
3290
3356
3366
3358
3366
3382
3348
3454
3382
3416
3446
3350
3346
3354
3436
3402
3440
3428
3406
3412
3420
3476
3476
3488
3572
3540
3574
3572
3506
3428
3516
3582
3568
3558
3616
3546
3568
3572
3626
3580
3528
3508
3478
3458
3486
3498
3414
3408
3398
3326
3342
3364
3422
3418
3508
3448
3436
3408
3392
3452
3418
3340
3354
3400
3438
3358
3312
3326
3330
3306
3364
3374
3366
3382
3358
3412
3390
3310
3270
3304
3272
3236
3270
3358
3300
3290
3282
3242
3316
3298
3300
3328
3314
3356
3330
3330
3250
3270
3364
3350
3366
3398
3410
3432
3458
3482
3504
3530
3576
3518
3554
3602
3506
3510
3492
3418
3370
3414
3424
3454
3424
3364
3330
3368
3356
3458
3442
3364
3378
3368
3376
3366
3342
3328
3386
3336
3338
3320
3356
3346
3390
3300
3378
3322
3270
3304
3184
3196
3236
3230
3316
3312
3284
3292
3310
3302
3340
3380
3320
3312
3344
3398
3382
3340
3322
3358
3348
3298
3382
3396
3372
3344
3368
3404
3404
3352
3318
3330
3320
3312
3368
3334
3326
3410
3352
3394
3300
3246
3254
3356
3342
3322
3384
3446
3468
3490
3496
3478
3386
3448
3418
3454
3378
3336
3308
3308
3308
3288
3370
3336
3282
3220
3218
3250
3280
3356
3346
3386
3354
3358
3388
3416
3408
3328
3300
3288
3314
3356
3366
3336
3424
3366
3352
3416
3402
3374
3392
3418
3398
3412
3402
3378
3422
3426
3444
3350
3350
3322
3358
3382
3426
3400
3420
3468
3462
3458
3502
3482
3538
3510
3462
3462
3482
3530
3468
3462
3474
3438
3458
3450
3394
3430
3498
3464
3424
3348
3410
3420
3448
3406
3432
3484
3450
3414
3466
3496
3410
3398
3420
3462
3512
3510
3478
3410
3422
3350
3296
3234
3236
3252
3242
3244
3234
3174
3186
3198
3186
3312
3284
3276
3286
3318
3406
3362
3342
3292
3326
3392
3386
3386
3430
3450
3416
3426
3438
3474
3432
3474
3528
3546
3514
3512
3512
3520
3560
3528
3492
3472
3448
3456
3404
3378
3382
3470
3418
3460
3422
3420
3402
3434
3326
3376
3368
3330
3350
3388
3392
3396
3344
3336
3264
3312
3402
3412
3480
3536
3572
3494
3484
3424
3492
3468
3456
3444
3406
3446
3490
3580
3630
3658
3636
3688
3628
3632
3578
3566
3458
3450
3446
3366
3364
3372
3370
3320
3348
3382
3398
3412
3488
3428
3452
3500
3494
3514
3530
3530
3462
3476
3454
3492
3440
3426
3486
3430
3424
3368
3438
3474
3436
3392
3422
3358
3326
3326
3332
3362
3380
3334
3278
3284
3276
3264
3202
3174
3192
3296
3190
3238
