3208
3180
3214
3186
3224
3256
3274
3222
3152
3114
3122
3036
3014
3058
3056
3084
3086
3090
3074
3172
3146
3130
3186
3170
3130
3150
3162
3110
3090
3080
3038
3072
3134
3138
3206
3240
3234
3170
3098
3048
3056
3008
3032
3068
3026
3054
3036
2946
2978
2938
3062
3018
3016
2952
2950
2946
2812
2816
2808
2868
2884
2814
2824
2912
2922
2838
2814
2888
2888
2840
2794
2810
2842
2894
2876
2972
2972
2984
2952
2944
2960
2998
3012
3070
3124
3130
3110
3100
3070
3118
3088
3034
3040
3004
3042
3102
3082
3032
3012
2902
2814
2808
2822
2726
2840
2814
2816
2930
2962
2962
2952
2936
2822
2836
2850
2956
2828
2880
2828
2726
2598
2698
2764
2750
2818
2694
2852
2904
3000
2964
2984
3000
2972
3012
3024
3016
2972
3046
2988
2930
2996
3008
3016
2988
3046
3128
3176
3222
3294
3202
3174
3146
3122
3144
3190
3186
3054
3076
3084
2986
3022
3038
3090
3090
3178
3172
3268
3194
3288
3340
3348
3386
3310
3350
3304
3258
3274
3220
3290
3224
3212
3240
3214
3234
3198
3196
3194
3116
3166
3256
3180
3196
3244
3202
3164
3202
3182
3158
3086
3166
3168
3158
3194
3140
3130
3178
3214
3130
3232
3292
3306
3308
3290
3290
3322
3296
3354
3310
3182
3174
3176
3198
3250
3234
3196
3204
3198
3232
3282
3266
3240
3262
3178
3310
3304
3294
3228
3202
3190
3152
3168
3186
3146
3104
3050
2994
2996
3008
3042
3002
2978
2954
2940
2982
2908
2936
2912
2998
2966
2876
2968
2906
2886
2794
2828
2758
2838
2764
2766
2778
2806
2772
2744
2802
2824
2846
2844
2836
2870
2852
2820
2842
2850
2842
2870
2864
2794
2780
2766
2808
2858
2822
2760
2834
2850
2842
2886
2896
2854
2784
2776
2782
2820
2800
2872
2760
2812
2856
2866
2902
2890
2914
2888
2948
2976
3006
2992
2940
2960
3010
2958
2914
2880
2892
2910
2888
2958
2906
2928
2948
3032
3016
3028
3128
3116
3166
3144
3154
3182
3154
3074
3090
3104
3102
3118
3140
3142
3224
3192
3126
3160
3142
3140
3062
2998
2960
2920
2902
2994
2892
2836
2752
2744
2772
2730
2730
2688
2722
2798
2784
2824
2856
2900
2944
2944
2944
2922
2990
2904
2908
2948
2892
2886
2848
2882
2848
2872
2842
2826
2796
2898
2890
2862
2878
2900
2884
2828
2878
2862
2888
2952
2936
2938
2900
2916
2956
2998
2980
3022
3042
3026
3080
3134
3046
3054
3062
3030
2954
3020
3006
2978
3016
2988
2976
2946
2954
2904
2842
2896
2898
2916
3032
2952
2884
2882
2846
2820
2802
2818
2758
2716
2732
2692
2722
2688
2714
2686
2628
2654
2710
2714
2800
2846
2908
2890
2862
2876
2940
2960
3026
2996
3006
2948
2958
2932
2914
2940
2974
2992
3016
3022
2924
2948
2862
2924
2900
2896
2900
2900
2812
2798
2758
2712
2802
2764
2784
2808
2912
2912
2912
2868
2886
2862
2864
2886
2874
2980
2954
2950
3002
2986
2944
2916
2944
2938
2888
2872
2862
2776
2766
2860
2836
2750
2754
2786
2772
2766
2854
2792
2798
2824
2752
2728
2772
2750
2792
2806
2860
2844
2810
2768
2766
2776
2802
2852
2860
2890
2822
2866
2796
2828
2876
2800
2852
2802
2686
2646
2714
2688
2708
2740
2738
2806
2810
2872
2888
2844
3002
2994
2992
3050
2986
3034
3098
3076
3090
3194
3210
3136
3114
3056
3064
3062
3072
3164
3172
3110
3048
3006
2986
3030
3024
3012
3070
3074
3082
3148
3114
3142
3032
3058
2996
2974
2952
2970
2940
3000
3054
3166
3192
3170
3120
3078
3110
3108
3148
3120
3196
3186
3188
3190
3198
3138
3174
3210
3256
3254
3154
3250
3284
3238
3226
3296
3304
3354
3274
3310
3284
3216
3230
3246
3296
3284
3236
3248
3300
3260
3300
3322
3242
3266
3278
3234
3196
3222
3238
3206
3254
3188
3168
3112
3086
3048
3034
3018
3056
3006
2984
3032
3072
3040
3036
3088
3142
3088
3098
3134
3142
3128
3102
3154
3168
3152
3124
3050
3046
3032
3108
3080
3056
3038
3072
3088
3060
3056
3106
3146
3168
3154
3204
3214
3184
3196
3198
3136
3096
3058
3060
3128
3188
3248
3256
3268
3196
3250
3268
3276
3322
3334
3302
3316
3240
3228
3204
3204
3200
3286
3296
3278
3192
3224
3182
3194
3094
3116
3178
3190
3238
3214
3144
3156
3188
3168
3196
3192
3212
3188
3252
3184
3198
3182
3208
3148
3100
3080
3104
3102
3144
3214
3198
3242
3176
3264
3208
3084
3170
3114
3126
3126
3210
3192
3236
3160
3224
3172
3112
3076
3114
3060
3046
3050
3040
2998
2984
2964
2898
2954
2934
2976
3012
2920
2982
3010
3000
2966
2994
2918
2826
2826
2880
2944
2962
3018
3010
3018
2996
3000
3010
2958
2988
2904
2822
2842
2818
2786
2846
2810
2864
2832
2884
2904
3036
2986
3026
3042
3142
3146
3140
3112
3090
3162
3254
3252
3236
3196
3276
3282
3268
3234
3232
3172
3180
3050
3098
3018
3006
3054
3016
3064
3168
3094
3118
3092
3106
3154
3092
3104
3106
3182
3274
3252
3208
3200
3206
3216
3214
3164
3122
3126
3090
3084
3114
3060
3070
3130
3162
3100
3128
3112
3132
3200
3108
3062
3082
3078
3080
3142
3094
3080
3036
2974
3064
3108
3034
3020
3080
3064
3000
3030
3066
3046
3046
3100
3054
3138
3174
3144
3194
3206
3206
3154
3202
3234
3144
3090
3032
3014
2962
3042
3128
3118
3066
3080
3086
3116
3118
3168
3100
3156
3158
3174
3202
3204
3150
3104
3056
3014
2962
2938
3012
3042
3034
3004
2990
2984
3010
3038
3002
2994
3042
2970
3020
3054
3088
3020
3086
3082
3036
2920
2906
2872
2900
2942
2940
2918
2974
2968
3004
3044
3146
3192
3134
3066
3056
3040
3000
3046
3014
2990
2940
2916
2906
2920
2944
2970
3036
2976
2974
3056
3014
2942
2990
2906
2882
2898
2846
2776
2818
2832
2844
2866
2820
2936
2962
3012
3026
3012
3016
2940
2878
2942
3006
2952
2912
3014
3058
3032
3004
2958
3002
3004
2972
3006
3032
3018
2986
3014
2904
2870
2962
2868
2804
2814
2874
2940
2900
2864
2832
2884
2922
2848
2842
2792
2760
2832
2878
2810
2738
2798
2920
2924
2936
3006
2984
3014
2908
2996
3054
3038
2996
3022
3058
3134
3168
3186
3182
3176
3120
3072
3070
3084
3228
3176
3212
3134
3234
3224
3144
3132
3196
3164
3074
3038
3058
3160
3064
3084
3190
3236
3190
3236
3134
3098
3020
3000
2946
3056
3010
2976
2940
3020
3078
3132
3118
3128
3068
3024
3086
3154
3164
3170
3124
3172
3180
3190
3238
3282
3202
3300
3250
3192
3192
3224
3228
3278
3268
3238
3234
3296
3320
3178
3208
3204
3260
3240
3152
3188
3276
3272
3258
3252
3204
3252
3242
3286
3300
3180
3232
3264
3260
3292
3268
3388
3324
3248
3222
3182
3216
3186
3246
3248
3246
3228
3258
3202
3236
3196
3188
3174
3280
3332
3368
3398
3354
3394
3370
3412
3430
3430
3422
3430
3352
3358
3328
3308
3310
3314
3356
3380
3368
3378
3428
3390
3370
3296
3362
3334
3316
3320
3390
3384
3378
3388
3378
3412
3468
3422
3484
3450
3422
3366
3286
3192
3142
3154
3196
3168
3190
3196
3180
3190
3224
3218
3188
3222
3274
3240
3326
3318
3244
3290
3202
3204
3190
3170
3252
3198
3250
3338
3392
3358
3350
3338
3326
3316
3214
3230
3298
3266
3294
3232
3248
3338
3358
3398
3354
3400
3388
3318
3252
3200
3216
3294
3248
3168
3272
3150
3160
3206
3212
3262
3274
3326
3332
3260
3208
3150
3240
3242
3180
3144
3174
3250
3222
3148
3188
3174
3172
3060
3118
3104
3122
3112
3010
2982
2904
2876
2790
2876
2842
2798
2956
2904
2928
2880
2842
2840
2822
2836
2878
2874
2838
2716
2680
2668
2698
2622
2588
2612
2604
2696
2730
2710
2664
2650
2624
2642
2548
2550
2526
2536
2504
2522
2498
2500
2524
2518
2550
2566
2542
2604
2630
2640
2600
2648
2592
2652
2642
2622
2680
2656
2666
2722
2730
2730
2756
2798
2822
2814
2790
2800
2784
2850
2908
2938
2936
2972
3056
2986
2926
2936
2884
2810
2820
2840
2798
2740
2780
2756
2842
2846
2868
2850
2800
2892
2830
2898
2906
2852
2752
2750
2740
2688
2700
2736
2750
2774
2718
2752
2798
2880
2872
2874
2840
2882
2872
2916
2860
2952
2926
2906
2920
2916
2960
2876
2928
2902
2918
2902
2922
2924
2852
2842
2784
2792
2742
2762
2742
2698
2646
2750
2770
2776
2790
2768
2752
2742
2634
2638
2620
2728
2696
2670
2672
2648
2700
2656
2734
2706
2676
2628
2700
2616
2702
2726
2662
2706
2780
2780
2776
2756
2790
2840
2786
2784
2778
2740
2704
2736
2810
2776
2832
2924
2902
2974
3006
2972
3056
3114
2984
2938
2852
2846
2760
2828
2872
2960
2872
2864
2858
2812
2890
2872
2866
2842
2806
2828
2786
2766
2802
2788
2818
2814
2760
2726
2718
2642
2712
2714
2744
2778
2790
2734
2752
2760
2718
2722
2718
2722
2800
2792
2830
2806
2794
2762
2784
2670
2728
2760
2712
2642
2608
2554
2552
2556
2532
2544
2666
2734
2824
2742
2728
2716
2644
2736
2750
2856
2908
2932
2940
2824
2794
2760
2882
2860
2872
2878
2872
2794
2904
2950
2914
2940
2852
2706
2654
2638
2664
2582
2586
2564
2564
2602
2652
2722
2726
2724
2732
2664
2644
2726
2658
2684
2624
2648
2656
2704
2742
2812
2772
2764
2764
2740
2740
2766
2696
2646
2642
2638
2662
2640
2628
2738
2652
2522
2510
2544
2520
2556
2540
2562
2700
2752
2714
2668
2588
2612
2654
2576
2558
2626
2638
2600
2588
2632
2634
2622
2568
2636
2572
2636
2690
2778
2734
2780
2706
2734
2804
2930
2916
2894
2876
2906
2950
2906
2912
2932
2958
2996
2988
2996
3024
2956
3008
2988
2956
2994
2980
2970
2960
2996
2952
3010
3004
2946
3026
2990
2896
2934
2936
2844
2800
2758
2874
2902
2982
2960
2914
2916
2924
2898
2740
2762
2810
2808
2824
2842
2790
2768
2816
2854
2780
2724
2842
2906
2938
2966
3010
2974
2950
2824
2806
2772
2772
2832
2842
2894
2952
2978
2994
3010
3080
3038
2982
2974
3010
3024
3046
2992
2962
2934
2984
3066
3044
3012
3074
3022
3084
3102
3044
3002
2976
2974
2948
2990
3080
3116
3042
3016
3018
3062
2960
2896
2902
2908
2958
2936
2916
2910
2982
2946
2946
2926
2914
2910
2830
2824
2856
2926
2926
2892
2988
2950
3026
3036
3034
3108
3112
3112
3046
3122
3182
3250
3310
3262
3314
3284
3280
3186
3222
3136
3110
3160
3208
3144
3096
3154
3138
3174
3212
3206
3230
3246
3288
3378
3366
3314
3198
3196
3146
3178
3124
3168
3148
3144
3090
3084
3068
3106
3126
3170
3154
3164
3232
3188
3158
3112
3166
3146
3140
3192
3202
3202
3192
3206
3166
3206
3134
3110
3058
2996
3066
3042
3104
3118
3168
3134
3050
3014
3076
3122
3112
3060
3072
3004
3000
3018
3016
3020
3050
2990
3012
2970
2994
2990
3148
3146
3138
3138
3096
3050
3130
3158
3140
3224
3146
3122
3130
3196
3096
3084
3102
3090
3158
3190
3138
3072
3126
3120
3166
3138
3122
3102
3048
3002
2996
3028
3076
3094
3106
3158
3128
3154
3170
3178
3114
3130
3144
3062
3208
3206
3230
3222
3178
3226
3166
3222
3248
3324
3344
3298
3414
3266
3212
3124
3114
3054
3118
3134
3176
3110
3064
3096
3044
3006
2986
3092
3094
3122
3180
3134
3098
3038
3046
3026
2984
3018
2998
2930
2932
2904
2818
2882
2846
2890
3008
3064
3066
2986
2976
3024
3080
3070
3090
3158
3112
3124
3070
3018
2990
2952
2984
2962
2922
2944
2928
2882
2876
2936
2960
2996
2984
3036
3070
3078
3160
3174
3042
3042
3052
3032
3008
2964
3026
2976
3114
3126
3150
3204
3122
3130
3172
3162
3220
3300
3366
3308
3312
3346
3404
3378
3452
3410
3420
3464
3424
3412
3414
3366
3384
