688
696
782
828
774
958
874
874
880
868
878
860
740
762
784
886
836
814
814
886
978
1106
1098
1260
1342
1344
1322
1376
1332
1224
1282
1290
1222
1254
1294
1220
1178
1198
1174
1160
1092
1156
1232
1188
1106
1022
950
994
1022
1054
1012
1004
930
972
1024
986
890
852
842
856
794
758
800
758
880
836
900
838
698
612
536
568
538
500
524
648
694
636
594
636
572
684
538
640
596
436
462
542
546
504
504
504
424
356
398
350
384
438
366
230
276
252
220
246
274
124
146
154
330
356
270
286
280
216
180
202
190
188
154
116
2
98
212
248
270
334
240
136
44
12
18
180
134
170
180
176
150
48
66
18
70
82
90
140
140
114
92
84
66
104
30
60
90
268
254
248
82
8
30
144
26
62
80
132
18
48
214
272
226
154
212
46
114
68
28
36
64
4
104
84
20
16
108
158
102
184
202
278
362
400
470
544
582
416
418
414
312
346
394
512
630
500
452
496
396
452
432
492
528
466
450
432
432
446
396
486
540
488
438
388
396
316
308
370
280
298
492
506
558
598
502
434
412
418
484
418
368
370
284
230
152
116
262
270
222
246
130
70
34
76
22
0
12
110
148
50
56
62
134
48
66
66
52
14
54
140
116
96
72
86
80
38
54
84
22
58
118
86
98
44
48
36
36
102
76
114
80
174
20
118
84
112
26
6
28
32
50
70
244
206
122
136
120
160
140
154
166
70
62
44
18
134
172
120
106
152
134
204
208
170
96
152
284
182
104
112
92
60
50
72
194
242
274
234
78
84
66
114
154
168
154
200
218
132
280
280
274
340
236
236
150
98
108
76
14
126
174
124
178
188
60
76
124
64
120
186
124
76
44
36
102
82
8
12
36
118
122
70
148
138
62
92
74
40
36
24
6
102
246
190
246
114
132
30
52
110
40
150
304
338
316
286
328
380
234
258
292
152
174
262
230
242
230
226
230
174
164
138
78
184
192
192
214
196
126
142
206
332
316
356
348
346
450
420
448
408
412
388
342
264
160
100
100
178
140
78
36
4
10
22
130
198
174
244
274
316
200
208
162
168
134
72
230
276
242
252
206
170
154
246
274
272
150
132
106
52
6
44
48
66
56
56
10
26
16
10
46
72
12
10
40
34
36
64
22
30
76
54
184
26
48
82
12
46
42
54
2
66
22
78
110
74
102
20
16
2
54
32
22
50
2
38
118
172
146
126
102
118
102
66
98
120
196
160
34
94
38
58
50
20
142
200
54
48
140
150
236
308
384
330
356
356
358
380
330
336
306
328
288
264
348
238
336
350
356
262
318
250
154
250
212
178
196
212
110
190
254
148
62
94
38
20
40
54
118
122
164
112
72
52
50
10
26
180
244
192
200
188
160
200
202
248
244
354
366
332
390
346
426
370
386
300
408
434
470
496
452
328
354
352
414
302
350
404
352
328
256
256
174
232
224
196
298
266
198
284
182
224
188
128
12
60
4
56
18
78
24
218
200
182
156
128
186
190
174
168
166
146
222
22
124
62
102
130
50
148
32
114
92
140
170
258
316
432
530
528
462
546
542
578
532
534
524
566
492
554
550
684
766
828
668
488
650
634
510
550
690
810
698
734
816
798
754
740
864
838
800
656
630
640
598
554
488
458
562
538
438
432
384
354
404
366
280
310
394
472
448
628
670
660
568
426
428
350
378
382
404
508
494
494
516
522
528
550
468
526
532
608
654
568
568
490
448
476
536
534
550
442
492
344
348
408
444
544
540
692
678
696
646
650
644
748
738
838
888
988
916
886
968
900
958
1026
1026
942
948
894
836
754
820
912
954
978
934
934
958
1006
958
1042
1034
1054
1000
1022
1136
1134
1114
1180
1034
1106
1188
1162
1198
1178
1160
1258
1250
1284
1182
1218
1294
1254
1238
1270
1276
1166
1116
1044
1020
912
764
864
774
758
824
702
632
640
666
758
734
764
934
984
950
1018
922
836
910
1010
1004
964
1038
1036
1172
1198
1240
1300
1272
1112
1058
1034
1102
1102
1158
1224
1160
1190
1202
1104
1094
1050
974
974
1118
1138
1202
1146
1084
1158
1222
1292
1394
1362
1366
1356
1318
1218
1204
1150
1132
1138
1126
1248
1184
1136
1010
1080
1086
1168
1118
1064
1100
1008
942
904
890
794
726
672
706
712
770
854
820
806
788
792
832
800
816
778
722
726
812
832
802
738
810
872
774
752
676
772
746
718
710
730
726
650
688
728
720
654
654
714
610
538
602
506
466
512
362
342
334
380
364
488
616
654
720
828
846
892
776
864
878
982
986
996
920
896
876
798
862
928
924
898
854
820
772
770
742
800
718
770
716
652
668
674
698
656
594
708
836
840
878
1004
1026
1070
1002
978
900
858
924
878
852
858
872
866
874
852
936
806
788
810
816
758
870
818
830
800
834
844
972
1082
1026
932
944
970
974
1000
1026
1120
1152
1160
1178
1244
1164
1110
1138
1024
1010
922
940
890
850
936
936
982
1052
1090
1062
1096
1000
1038
1128
1056
956
932
786
850
786
764
844
888
798
846
800
850
848
764
686
636
608
540
460
512
548
690
598
610
506
514
532
562
496
454
460
390
402
358
270
324
232
190
224
262
168
160
132
142
86
130
170
104
134
146
126
118
182
172
156
268
318
114
126
128
84
74
64
154
178
82
2
10
34
46
114
92
266
300
238
264
158
108
168
254
240
232
230
266
252
136
74
14
10
4
6
30
36
10
8
50
136
18
48
6
16
30
116
142
90
70
34
66
44
26
108
188
202
230
368
344
360
320
300
450
336
406
340
304
392
354
188
220
286
252
320
274
316
354
406
392
398
312
308
396
330
312
306
384
356
442
514
772
850
918
974
958
922
1058
1054
974
974
940
930
1022
998
1116
992
1014
962
948
1038
1004
1042
888
1002
934
924
838
808
704
880
916
896
952
942
1066
988
896
978
1000
910
964
1044
1030
916
894
826
852
828
892
872
954
926
1026
1016
1040
1068
1186
1054
1090
1084
1000
1056
1040
1076
1144
1114
1110
1068
1010
1072
1130
1108
1116
1132
1022
996
1120
1004
968
1042
1026
1014
1080
1080
900
798
758
750
726
646
642
668
766
828
886
938
870
776
810
898
984
1074
1214
1222
1232
1246
1222
1304
1298
1286
1308
1250
1328
1208
1154
1124
1082
1102
1010
1010
1002
986
994
924
954
1070
992
960
998
1028
954
980
1074
1012
968
1028
1100
1018
1000
928
1026
918
942
926
1074
1024
998
976
1042
1122
1144
1020
1052
1118
1128
1120
1088
1118
1088
1160
1078
932
974
1000
1024
966
986
1022
1140
1082
1052
1070
1080
1094
1068
1004
994
908
952
934
924
1078
1058
1104
1108
1040
1160
1192
1204
1106
1134
982
928
912
814
842
788
800
736
706
748
784
804
744
788
736
712
698
710
712
740
756
816
818
898
950
914
888
838
774
730
698
538
566
658
656
642
758
728
824
880
944
988
1056
1040
1024
1004
918
898
852
894
802
784
762
782
780
796
766
760
752
728
634
552
418
394
396
388
332
340
320
336
364
296
200
190
250
244
236
236
242
74
88
28
14
36
78
46
134
148
222
140
124
28
66
184
106
162
148
220
126
256
164
146
218
314
340
414
334
354
338
422
340
416
268
374
208
238
284
320
312
272
168
136
204
288
296
332
336
296
256
316
306
294
230
232
290
308
330
362
264
326
216
176
206
160
196
278
290
14
92
40
138
162
160
242
290
282
192
120
158
112
182
192
170
284
250
332
236
326
378
464
480
486
430
406
460
544
494
468
498
492
488
476
470
360
390
446
496
496
436
512
492
490
558
676
630
574
614
656
630
624
624
522
578
530
482
356
388
410
414
452
366
332
368
420
356
248
124
114
150
24
52
46
72
118
126
102
2
38
20
56
62
26
46
34
70
60
82
80
142
138
172
216
190
258
186
138
170
110
16
122
122
136
186
146
110
64
48
50
34
136
122
168
264
318
356
400
328
352
444
420
244
284
320
336
234
280
248
284
258
218
188
164
206
292
168
72
96
178
108
140
208
78
2
2
50
84
146
44
80
86
30
44
64
120
280
228
250
288
324
270
170
174
132
168
138
176
182
186
206
244
178
204
228
208
32
44
20
34
40
66
16
4
2
4
80
184
116
136
166
104
148
148
22
40
36
8
8
16
62
64
106
62
166
196
190
178
170
8
120
28
52
94
30
144
12
0
110
246
198
230
174
172
52
128
154
220
158
154
162
124
82
158
134
120
112
188
226
180
146
118
54
56
54
40
6
42
8
66
68
42
48
62
18
18
134
170
146
88
2
70
92
48
120
66
64
54
48
84
148
152
116
20
66
18
44
28
106
62
56
104
224
278
254
144
202
218
156
142
78
136
96
118
124
80
316
354
308
312
248
278
272
198
308
194
166
170
142
60
56
148
104
100
36
32
52
46
90
14
86
172
154
204
112
108
112
34
34
4
110
144
112
102
144
172
128
196
188
74
22
26
184
174
252
212
266
324
490
482
542
552
486
480
550
496
458
424
428
402
494
468
456
466
466
502
366
356
350
292
202
160
250
364
416
404
334
380
370
258
246
172
198
290
198
208
102
78
190
138
112
20
4
24
36
74
6
2
126
158
286
350
400
454
494
446
548
522
556
540
562
528
636
576
702
768
780
758
830
808
772
716
736
814
732
772
808
774
824
804
770
786
796
826
870
878
932
978
998
930
746
736
630
596
580
608
552
590
632
564
484
508
514
504
404
422
468
402
