860
866
876
876
886
920
932
928
920
944
928
944
932
904
896
918
894
920
936
936
942
950
928
882
864
910
928
928
932
926
934
922
918
910
908
872
896
862
860
862
850
858
860
834
864
892
886
884
896
856
880
904
872
886
878
908
918
926
936
926
910
936
912
916
922
936
924
922
948
924
906
882
884
870
890
884
844
802
810
798
822
786
802
792
800
800
822
834
854
838
852
854
866
884
892
914
894
870
870
896
884
896
926
940
954
954
948
974
954
956
926
920
946
924
912
898
880
876
880
898
906
902
928
942
944
948
930
930
926
934
936
952
954
958
952
944
916
928
926
950
940
914
926
888
872
884
874
874
876
808
826
802
780
810
844
866
858
876
878
882
898
892
890
906
888
890
890
926
926
916
884
912
908
910
938
928
936
914
922
906
906
916
892
894
872
842
812
798
846
808
862
886
936
952
956
920
908
914
916
876
878
888
880
884
880
918
938
930
962
926
924
922
920
920
898
884
862
824
820
832
816
810
802
802
792
798
824
848
848
834
818
816
800
814
840
862
842
830
818
848
840
834
846
844
862
860
882
894
860
846
830
844
848
842
846
830
830
848
860
852
868
840
850
888
900
928
940
944
906
904
946
942
952
936
878
904
876
898
936
924
938
914
922
916
904
902
896
896
924
916
892
878
894
906
908
940
916
902
906
850
866
858
856
852
884
878
892
866
890
898
908
858
886
872
902
900
896
910
912
902
944
908
892
860
862
860
878
878
892
890
888
890
864
884
934
950
896
902
906
906
920
930
924
924
902
922
924
924
930
894
900
892
892
862
886
856
878
882
870
866
898
906
930
948
920
906
898
894
896
886
876
854
840
858
842
846
856
856
880
906
918
878
884
862
862
870
844
822
846
842
838
846
868
862
884
874
854
830
840
814
780
768
824
834
872
862
866
900
910
918
890
878
850
866
862
878
862
880
872
880
864
888
888
908
900
898
890
882
898
936
936
918
916
910
890
900
898
940
944
946
956
932
928
884
862
866
848
870
894
904
916
890
920
908
902
894
848
830
798
806
824
868
890
894
892
868
870
858
872
908
900
878
854
850
834
860
856
848
852
888
864
832
836
822
828
836
866
862
860
858
896
910
910
898
920
916
920
924
912
902
914
916
906
908
924
938
922
916
918
916
916
926
956
946
928
934
906
920
908
906
886
918
920
898
904
926
922
934
948
950
934
946
962
956
936
922
936
912
932
938
940
932
894
918
928
926
934
946
950
958
954
928
934
944
948
918
920
916
932
944
904
900
884
872
870
888
890
900
890
878
868
860
864
868
882
876
894
880
918
908
922
910
922
904
928
928
926
910
926
922
930
920
926
904
886
914
874
914
898
894
900
918
916
902
898
888
886
906
908
936
938
940
940
908
890
890
912
918
916
904
920
920
948
934
928
924
946
920
918
898
858
856
868
870
910
912
916
922
928
922
880
886
908
922
952
912
878
882
878
922
930
930
902
866
868
864
870
860
898
894
890
894
894
876
910
936
916
906
896
898
910
932
902
904
926
912
928
928
896
908
902
918
910
916
900
898
910
868
874
866
872
866
822
840
856
878
894
884
884
882
882
878
884
894
914
946
956
918
904
892
904
922
946
950
940
918
876
870
910
904
876
884
872
892
904
912
906
910
924
892
910
918
916
886
888
872
834
852
870
884
912
906
870
868
870
886
900
870
840
864
872
842
908
888
924
910
928
932
936
920
920
918
892
916
888
930
892
910
922
886
922
906
918
936
952
964
954
936
920
912
954
940
936
954
926
934
936
934
920
902
896
896
932
930
928
920
944
902
920
932
948
936
930
942
922
962
940
946
932
886
918
912
920
906
896
886
888
884
868
892
880
890
904
914
930
912
908
904
916
932
902
902
840
846
832
824
836
826
836
874
888
876
868
848
856
856
862
866
888
922
928
934
902
902
898
872
828
838
844
848
868
874
862
854
864
852
876
882
860
848
856
884
890
882
886
896
882
870
852
858
838
884
892
866
904
914
930
914
902
866
868
856
880
856
814
822
840
840
838
820
774
780
778
786
774
778
772
736
758
758
784
780
786
802
816
816
842
852
824
840
852
866
882
882
814
866
890
878
908
908
900
894
900
894
888
890
902
910
934
904
896
900
894
908
902
866
906
918
922
920
918
942
950
934
932
938
910
900
906
930
910
908
912
888
874
896
874
832
842
850
872
860
874
868
886
900
912
902
900
920
880
890
914
892
854
886
912
900
890
896
886
886
908
908
914
892
912
926
914
946
960
952
948
936
912
892
916
926
900
884
906
906
914
900
934
936
944
952
956
942
932
914
920
900
898
910
924
924
956
906
908
924
954
954
936
934
956
942
934
920
896
882
896
896
896
890
896
872
900
908
902
894
924
928
910
894
884
868
844
866
862
860
856
794
820
862
826
830
834
860
852
866
824
846
862
882
866
874
888
868
892
882
884
890
920
890
934
924
900
890
896
898
880
898
902
880
882
892
874
876
878
880
916
924
918
886
898
896
896
918
906
894
868
888
906
906
878
898
890
890
924
880
884
898
912
920
940
940
906
938
936
938
920
912
902
908
896
902
874
890
898
922
936
914
912
920
904
904
912
908
898
906
902
884
896
898
880
904
884
836
842
834
840
826
816
808
838
822
804
816
824
816
810
776
774
834
852
872
882
860
854
876
850
862
850
874
880
906
896
878
832
854
842
884
882
858
878
892
914
894
918
920
916
924
888
894
924
888
872
888
874
896
900
886
940
914
908
906
896
892
888
894
910
918
884
908
876
878
934
924
928
928
938
944
922
942
938
940
936
914
904
872
884
900
902
900
888
916
922
916
924
902
922
942
906
890
886
890
922
932
942
926
898
908
898
890
890
926
902
920
938
884
876
874
852
820
846
820
866
868
888
888
908
902
892
896
862
856
836
848
854
850
852
876
880
872
832
854
850
834
812
840
826
876
850
848
868
878
888
906
920
922
906
914
906
932
900
914
908
924
892
892
880
816
812
842
866
902
890
922
938
902
920
928
936
924
934
894
896
874
876
898
872
864
884
896
912
918
888
894
882
920
896
894
890
908
900
906
876
836
830
840
858
832
800
794
826
826
838
826
848
850
872
858
864
866
886
908
874
840
856
880
910
916
948
950
936
936
928
926
930
930
922
920
918
868
900
892
894
888
902
926
928
950
928
930
898
912
916
896
886
870
854
834
822
864
862
836
828
816
798
828
842
872
900
880
878
870
874
896
908
890
882
888
896
920
910
900
880
910
920
908
912
888
878
882
868
872
860
866
854
852
872
886
906
892
882
904
872
874
872
866
852
848
868
880
878
872
908
910
922
900
926
938
912
910
910
910
910
914
930
962
956
954
918
916
918
892
916
932
922
908
908
918
918
892
898
900
920
916
934
928
958
964
954
934
922
934
930
934
946
902
912
910
902
912
894
888
904
914
944
916
920
900
912
920
930
926
910
904
892
844
844
888
912
940
958
964
934
912
914
902
888
884
904
916
924
928
938
932
964
966
936
892
890
898
916
904
916
930
908
924
922
930
920
912
872
934
948
934
924
898
880
888
900
898
914
900
880
866
870
870
864
876
898
886
918
926
912
906
886
870
860
876
882
894
880
866
884
854
894
916
924
932
934
908
912
930
932
916
898
902
906
932
922
880
886
912
908
900
906
902
922
924
932
922
934
942
942
946
932
930
928
922
894
924
912
922
912
946
914
944
942
934
930
902
906
896
902
890
904
888
852
876
884
824
860
866
862
870
848
862
878
864
874
860
902
900
906
880
874
868
862
844
850
846
834
850
870
868
868
864
880
920
908
888
922
918
906
888
906
894
892
904
884
890
910
892
904
908
904
886
886
954
940
946
946
944
956
906
914
928
918
906
918
928
918
924
914
938
954
944
930
940
926
896
898
906
902
870
870
870
884
910
924
918
882
930
936
908
880
860
884
874
888
902
898
906
900
906
910
924
914
924
894
890
920
874
890
888
892
874
868
878
846
838
844
834
846
836
864
870
870
832
826
850
862
860
858
876
902
872
886
868
868
874
874
860
846
840
880
874
870
888
854
868
894
916
954
932
934
932
952
962
970
946
976
972
958
912
916
878
870
854
868
870
876
880
906
908
922
920
916
896
924
922
914
910
902
906
924
932
912
890
842
820
834
852
848
814
828
850
890
878
876
866
882
876
854
820
860
858
862
862
840
832
864
882
904
850
846
878
884
854
888
894
900
868
858
902
900
924
920
938
944
950
960
938
922
930
936
926
950
942
930
912
948
932
936
906
910
920
928
906
902
878
874
856
856
838
888
900
896
918
942
940
950
930
912
932
920
904
910
900
912
900
890
850
852
864
878
860
876
866
876
862
828
842
850
868
814
768
754
770
724
684
708
680
700
700
738
688
676
700
724
714
738
786
722
744
706
720
720
772
792
802
794
800
832
824
848
894
920
922
912
900
908
894
902
886
898
904
916
922
914
908
918
938
922
930
896
918
936
922
910
908
926
910
880
934
894
874
896
896
896
878
910
900
866
886
