3196
3212
3236
3258
3206
3236
3310
3280
3244
3240
3250
3260
3238
3230
3240
3272
3232
3138
3180
3140
3224
3194
3196
3186
3226
3118
3034
3086
3126
3188
3206
3138
3080
3014
3012
3140
3172
3212
3166
3084
2972
2946
3034
3078
3128
3110
3090
3066
3074
2978
3084
3116
3178
3190
3180
3220
3282
3216
3178
3202
3180
3196
3182
3096
3072
3100
3150
3148
3134
3222
3274
3246
3176
3142
3192
3184
3206
3260
3314
3278
3242
3350
3308
3242
3210
3172
3106
3106
3082
3132
3198
3224
3250
3172
3094
3102
3204
3242
3190
3238
3280
3308
3310
3372
3314
3306
3358
3346
3346
3386
3364
3300
3300
3348
3416
3512
3484
3532
3458
3472
3498
3448
3356
3376
3386
3368
3416
3440
3458
3420
3428
3444
3384
3378
3374
3362
3420
3294
3334
3276
3236
3222
3236
3246
3312
3270
3350
3394
3406
3292
3344
3320
3316
3254
3270
3306
3376
3452
3366
3390
3394
3396
3428
3418
3472
3438
3464
3400
3310
3256
3226
3272
3428
3454
3470
3472
3464
3482
3482
3432
3392
3294
3352
3382
3362
3282
3286
3296
3372
3356
3274
3340
3366
3442
3508
3454
3510
3588
3648
3594
3598
3504
3450
3442
3486
3552
3594
3606
3496
3484
3484
3494
3490
3456
3484
3446
3398
3394
3312
3286
3338
3408
3404
3440
3444
3426
3446
3410
3396
3422
3460
3514
3516
3546
3476
3526
3484
3508
3470
3488
3364
3268
3264
3302
3356
3434
3414
3396
3342
3412
3364
3370
3324
3296
3280
3236
3228
3170
3256
3304
3266
3208
3130
3128
3180
3146
3156
3170
3170
3232
3188
3212
3202
3122
3116
3164
3184
3252
3268
3362
3380
3414
3408
3418
3412
3474
3430
3428
3440
3434
3486
3490
3490
3486
3476
3538
3534
3506
3476
3438
3450
3488
3458
3418
3382
3350
3350
3294
3378
3306
3384
3380
3352
3350
3336
3354
3384
3442
3434
3410
3322
3344
3342
3346
3348
3466
3396
3416
3412
3318
3350
3396
3386
3354
3366
3358
3328
3428
3444
3436
3442
3438
3370
3358
3330
3332
3314
3352
3306
3236
3278
3326
3352
3344
3318
3308
3398
3362
3346
3376
3320
3300
3282
3256
3368
3424
3458
3444
3418
3362
3342
3370
3390
3408
3348
3380
3306
3304
3330
3430
3396
3372
3438
3396
3330
3278
3164
3194
3168
3194
3144
3116
3126
3138
3090
3108
3120
3162
3170
3136
3146
3076
3096
3012
3066
3174
3118
3120
3130
3170
3154
3190
3188
3220
3218
3216
3248
3224
3228
3232
3292
3304
3288
3204
3160
3208
3220
3274
3300
3202
3106
3078
3148
3194
3178
3204
3190
3180
3250
3262
3352
3324
3170
3166
3208
3222
3252
3242
3212
3218
3326
3260
3252
3306
3222
3294
3296
3312
3310
3354
3312
3298
3302
3366
3326
3300
3286
3242
3232
3182
3164
3200
3258
3222
3274
3358
3358
3392
3248
3246
3226
3206
3198
3158
3108
3140
3172
3126
3046
3118
3160
3124
3174
3132
3092
3242
3220
3192
3234
3228
3176
3204
3248
3176
3076
3120
3086
3090
3120
3086
3164
3246
3238
3340
3298
3316
3260
3294
3398
3314
3346
3382
3408
3392
3380
3390
3416
3416
3408
3492
3522
3514
3512
3404
3510
3532
3504
3436
3458
3464
3474
3412
3388
3390
3432
3396
3366
3348
3320
3316
3328
3314
3316
3322
3344
3322
3370
3402
3380
3368
3380
3390
3390
3394
3368
3382
3412
3412
3350
3414
3408
3386
3342
3300
3320
3330
3346
3326
3370
3444
3366
3436
3452
3458
3434
3424
3432
3448
3444
3366
3360
3428
3410
3384
3376
3374
3350
3326
3316
3294
3254
3186
3110
3188
3206
3296
3292
3282
3252
3320
3312
3280
3264
3308
3266
3280
3374
3380
3456
3370
3366
3340
3352
3286
3218
3224
3280
3308
3272
3260
3278
3302
3280
3204
3202
3364
3368
3368
3388
3388
3452
3436
3404
3400
3356
3336
3402
3436
3376
3326
3324
3316
3180
3132
3244
3260
3272
3324
3356
3388
3428
3340
3256
3224
3304
3250
3236
3132
3216
3246
3232
3226
3224
3234
3214
3256
3200
3122
3210
3188
3136
3062
3062
3036
3108
3142
3150
3200
3292
3262
3214
3234
3282
3308
3234
3208
3236
3298
3360
3260
3320
3382
3392
3404
3400
3412
3372
3394
3340
3358
3264
3290
3258
3342
3280
3238
3232
3272
3270
3246
3260
3230
3214
3228
3192
3226
3230
3168
3264
3336
3318
3360
3372
3302
3282
3238
3202
3228
3214
3266
3182
3290
3254
3250
3322
3308
3322
3392
3428
3374
3372
3392
3376
3316
3286
3224
3222
3186
3216
3212
3144
3138
3184
3196
3208
3212
3082
3140
3126
3178
3236
3250
3222
3234
3200
3188
3106
3068
3138
3146
3126
3148
3226
3200
3156
3158
3112
3078
3086
3082
3130
3168
3130
3146
3194
3272
3310
3334
3366
3402
3308
3228
3254
3304
3232
3256
3240
3210
3180
3142
3134
3210
3252
3204
3198
3240
3260
3228
3248
3274
3258
3230
3208
3068
3100
3150
3180
3258
3204
3182
3212
3222
3164
3130
3078
3174
3156
3168
3218
3196
3200
3192
3164
3130
3120
3122
3088
3070
3036
3090
3166
3168
3244
3288
3272
3268
3372
3412
3406
3364
3458
3418
3494
3406
3384
3358
3388
3350
3422
3446
3398
3350
3398
3450
3394
3428
3380
3356
3362
3332
3376
3366
3288
3294
3376
3396
3394
3406
3394
3424
3476
3426
3464
3466
3488
3442
3444
3474
3494
3418
3428
3536
3470
3432
3510
3442
3432
3456
3460
3462
3454
3442
3462
3554
3478
3444
3478
3434
3460
3478
3426
3480
3418
3390
3402
3442
3514
3524
3514
3476
3552
3528
3510
3452
3440
3484
3432
3414
3378
3306
3290
3206
3160
3226
3172
3230
3262
3228
3208
3174
3208
3206
3258
3204
3166
3088
3076
3158
3206
3276
3282
3224
3256
3132
3186
3190
3204
3058
3120
3030
3122
3156
3070
3156
3160
3190
3098
3128
3180
3226
3280
3162
3224
3224
3206
3196
3134
3172
3104
3096
3154
3126
3072
3144
3134
3064
3118
3126
3134
3142
3198
3148
3156
3090
3130
3104
3162
3134
3108
3178
3176
3200
3232
3266
3196
3234
3328
3284
3344
3346
3336
3314
3300
3312
3254
3254
3220
3124
3128
3048
3026
3036
3170
3162
3186
3108
3152
3158
3092
3058
3168
3164
3178
3246
3272
3264
3314
3372
3370
3346
3344
3438
3424
3430
3384
3266
3298
3282
3212
3236
3264
3226
3248
3250
3202
3176
3254
3132
3124
3090
3028
3148
3150
3138
3110
3080
3138
3138
3222
3196
3136
3172
3248
3262
3298
3280
3312
3428
3426
3474
3444
3470
3466
3454
3442
3418
3414
3302
3316
3360
3336
3332
3320
3290
3278
3340
3276
3272
3240
3266
3252
3152
3142
3222
3198
3110
3146
3090
3094
3158
3182
3156
3130
3198
3176
3256
3226
3288
3302
3304
3214
3252
3214
3208
3314
3198
3188
3200
3232
3200
3286
3322
3332
3280
3292
3312
3398
3410
3446
3450
3534
3586
3492
3426
3448
3450
3536
3474
3524
3502
3412
3416
3456
3414
3414
3512
3506
3500
3458
3426
3424
3392
3336
3392
3388
3438
3370
3390
3412
3416
3424
3426
3374
3370
3300
3330
3398
3458
3412
3240
3326
3274
3330
3292
3210
3284
3264
3260
3258
3244
3232
3224
3202
3160
3192
3168
3178
3160
3158
3138
3128
3190
3216
3258
3294
3310
3298
3374
3414
3404
3418
3342
3424
3456
3424
3436
3468
3400
3390
3392
3364
3358
3394
3446
3434
3460
3542
3518
3644
3652
3644
3624
3638
3556
3502
3502
3542
3538
3466
3432
3424
3420
3394
3428
3430
3434
3470
3412
3478
3360
3420
3444
3508
3498
3530
3532
3502
3512
3492
3514
3444
3468
3490
3502
3450
3392
3398
3328
3326
3304
3278
3242
3290
3264
3342
3292
3296
3242
3240
3220
3224
3134
3250
3282
3296
3316
3322
3310
3404
3406
3434
3404
3360
3346
3412
3386
3430
3324
3352
3388
3372
3334
3324
3310
3324
3370
3340
3284
3264
3258
3274
3314
3328
3300
3270
3300
3208
3278
3340
3312
3334
3330
3332
3354
3268
3228
3244
3224
3206
3240
3290
3300
3290
3314
3202
3204
3106
3196
3214
3234
3276
3320
3272
3328
3298
3358
3430
3454
3396
3416
3422
3420
3374
3354
3462
3472
3498
3398
3316
3316
3380
3476
3412
3350
3450
3476
3476
3490
3526
3482
3418
3516
3482
3442
3458
3426
3350
3384
3352
3396
3354
3280
3182
3170
3136
3098
3156
3118
3136
3130
3090
3114
3044
3036
3026
3058
3066
3024
3010
2978
3008
3022
3000
3058
3038
3072
3034
3056
3022
2982
2994
3048
3124
3068
3070
3040
3016
3108
3158
3230
3186
3196
3244
3176
3306
3298
3212
3212
3122
3106
3034
2994
2978
2936
2978
2936
2942
2942
2956
2962
2990
2978
2938
2968
2890
2952
2952
3060
3038
3090
3180
3196
3162
3118
3160
3164
3166
3202
3254
3288
3254
3256
3248
3300
3334
3358
3354
3388
3514
3458
3410
3466
3478
3444
3442
3518
3514
3514
3510
3454
3424
3476
3520
3526
3518
3546
3542
3488
3474
3410
3386
3414
3440
3440
3490
3482
3434
3464
3562
3582
3478
3508
3496
3500
3474
3472
3496
3446
3418
3408
3344
3398
3384
3312
3320
3318
3318
3346
3436
3548
3538
3500
3452
3470
3406
3326
3282
3392
3344
3360
3394
3452
3488
3452
3396
3436
3464
3540
3478
3486
3554
3502
3526
3548
3562
3474
3372
3380
3414
3414
3484
3526
3504
3498
3498
3540
3518
3476
3440
3464
3404
3398
3376
3374
3384
3406
3398
3328
3384
3336
3362
3376
3392
3342
3300
3260
3252
3322
3296
3424
3378
3356
3348
3286
3278
3252
3362
3398
3410
3378
3366
3384
3304
3304
3304
3256
3176
3192
3208
3146
3114
3152
3180
3208
3248
3254
3258
3280
3352
3354
3384
3366
3412
3410
3382
3384
3422
3454
3422
3428
3440
3450
3472
3452
3412
3492
3450
3436
3446
3370
3456
3400
3418
3456
3466
3544
3618
3582
3542
3440
3472
3434
3504
3404
3426
3416
3468
3468
3442
3512
3488
3482
3508
3482
3438
3444
3466
3440
3326
3396
3340
3334
3332
3322
3280
3310
3288
3240
3328
3252
3200
3104
3080
3100
3144
3142
3056
3038
3066
3038
3050
3050
3104
3160
3088
3056
3070
3046
3040
3026
3040
3014
3038
3058
3080
3000
3056
3062
3010
3078
3048
3078
3024
3056
3078
3014
3046
3100
3052
3026
2986
3038
3008
3018
3096
3212
3202
3232
3234
3266
3236
3284
3296
3298
3230
3232
3228
3170
3198
3180
3232
3204
3210
3202
3244
3288
3290
3286
3272
3288
3362
3382
3486
3456
3428
3446
3396
3408
3406
3340
3276
3348
3286
3388
3382
3322
3292
3286
3306
3214
3278
3306
3344
3364
3378
3326
3388
3394
3348
3370
3378
3384
3418
3458
3514
3488
3518
3502
3448
3420
3416
3418
3386
3374
3464
3478
3434
3368
3392
3352
3466
3498
3516
3510
3462
3358
3418
3430
3452
3454
3448
3380
3400
3394
3430
3482
3444
3460
3438
3486
3460
3380
3380
3354
3338
3336
3344
3312
3354
3410
3388
3422
3480
3498
3464
3426
3454
3426
3412
3408
3408
3372
3412
3384
3460
3406
3380
3308
3324
3342
3380
3472
3500
3490
3510
3478
3516
3420
3440
3416
3476
3418
3428
3472
3448
3496
3470
3474
3504
3520
3492
3458
3418
3448
3422
3422
3394
3474
3534
3488
3442
3414
3444
3384
3362
3412
3430
3432
3414
3460
3442
3442
3368
3340
3430
3456
3452
3426
3404
3348
3324
3398
3478
3450
3404
3404
3348
3370
3404
3352
3334
3310
3312
3248
3312
3276
3282
3254
3314
3340
3342
3342
3406
3384
3408
3412
3382
3352
3352
3360
3316
3264
3288
3292
3358
3376
3366
3398
3370
3384
3360
3392
3422
3416
3422
3420
3510
3456
3404
3392
3408
3350
3334
3314
3350
3316
3328
3306
3338
3302
3268
3358
3394
3358
3282
3226
3218
3266
3276
3274
3264
3280
3300
3318
3340
3310
3310
3276
3292
3224
3316
3368
3378
3354
3320
3326
3332
3350
3318
3300
3312
3356
3336
3358
3394
3368
3352
3328
3340
3406
