7786
7774
7742
7702
7644
7600
7706
7632
7626
7666
7718
7642
7628
7592
7498
7410
7526
7602
7734
7746
7810
7900
7958
7994
7996
7834
7784
7790
7802
7698
7722
7638
7628
7640
7634
7672
7670
7652
7648
7618
7642
7602
7674
7752
7848
7872
7850
7800
7764
7836
7858
7846
7712
7684
7764
7664
7670
7724
7720
7778
7848
7792
7792
7744
7650
7714
7656
7710
7708
7720
7670
7650
7738
7728
7734
7788
7938
7980
8012
8108
8056
7872
7916
7840
7758
7758
7676
7748
7730
7748
7726
7802
7798
7754
7716
7680
7724
7720
7758
7730
7610
7746
7752
7810
7828
7782
7742
7762
7860
7938
7972
7786
7620
7688
7728
7696
7666
7650
7676
7608
7630
7598
7560
7608
7638
7702
7694
7768
7836
7704
7688
7540
7498
7450
7456
7404
7486
7470
7464
7516
7502
7448
7510
7536
7510
7638
7836
7838
7828
7840
7746
7782
7632
7568
7610
7634
7638
7472
7536
7524
7556
7674
7656
7790
7828
7794
7696
7684
7654
7610
7702
7762
7760
7782
7810
7882
7918
7968
7986
7910
7894
7906
7912
7850
7798
7908
7812
7846
7872
7912
7866
7844
7784
7694
7798
7850
7880
7872
7900
7948
7838
7900
7852
7886
7712
7868
7858
7750
7726
7724
7774
7826
7818
7786
7648
7780
7804
7778
7668
7694
7726
7768
7790
7766
7818
7882
7818
7858
7896
7952
7878
7976
7820
7874
7880
7854
7932
7836
7816
7782
7766
7924
7898
7852
7896
7918
7898
7990
7994
8026
7926
7842
7914
8014
7956
8012
8062
7982
7994
7926
7936
8000
8046
7976
7946
7860
7866
7902
7784
7826
7730
7700
7568
7662
7658
7704
7792
7714
7800
7844
7812
7786
7830
7908
7862
7850
7782
7762
7818
7786
7734
7764
7792
7828
7774
7818
7832
7842
7748
7712
7580
7756
7768
7838
7840
7866
7732
7750
7784
7794
7818
7764
7742
7810
7828
7772
7768
7762
7762
7740
7794
7920
7868
7748
7768
7830
7818
7794
7770
7634
7706
7712
7702
7674
7742
7814
7778
7782
7828
7840
7912
7892
7840
7766
7850
7894
7820
7826
7736
7792
7774
7782
7728
7802
7812
7774
7606
7684
7652
7604
7670
7750
7770
7782
7790
7676
7726
7832
7858
7756
7754
7722
7870
7802
7698
7832
7736
7802
7872
7962
8008
7976
7920
7878
7880
7984
7934
7848
7822
7738
7716
7636
7690
7644
7622
7582
7552
7608
7612
7592
7634
7620
7624
7572
7524
7504
7448
7388
7298
7390
7516
7512
7546
7492
7506
7442
7496
7370
7436
7516
7622
7590
7628
7648
7598
7716
7758
7794
7710
7748
7696
7554
7408
7418
7358
7478
7518
7548
7584
7718
7762
7752
7714
7676
7654
7724
7674
7722
7848
7788
7734
7596
7506
7512
7574
7666
7740
7592
7576
7710
7778
7782
7706
7674
7618
7630
7650
7606
7654
7764
7696
7656
7650
7654
7690
7628
7652
7676
7742
7678
7724
7754
7694
7712
7814
7744
7818
7864
7910
7918
7734
7788
7714
7742
7812
7600
7656
7668
7692
7662
7646
7606
7702
7718
7596
7642
7704
7778
7660
7722
7740
7716
7726
7758
7770
7758
7792
7664
7676
7598
7572
7612
7666
7724
7696
7720
7858
7832
7882
7896
7818
7828
7802
7850
7948
7906
7830
7814
7798
7860
7930
7874
7912
7876
7944
7938
7900
7778
7824
7788
7878
7864
7846
7906
7800
7864
7650
7732
7772
7850
7786
7728
7692
7756
7702
7634
7620
7704
7726
7800
7848
7866
7912
7982
8038
8100
8036
7986
8012
8012
8096
8016
7988
7934
7936
7848
7850
7830
7666
7648
7702
7776
7770
7790
7834
7866
7752
7704
7768
7740
7716
7712
7758
7738
7920
7996
7978
7950
7954
8050
8124
8144
8082
8038
8054
7960
8070
8088
7952
7892
7974
7948
7982
7948
7834
7842
7788
7852
7802
7904
7890
7978
7846
7778
7656
7650
7682
7614
7648
7536
7512
7536
7528
7500
7472
7488
7410
7418
7554
7578
7596
7546
7502
7532
7570
7560
7480
7596
7626
7652
7546
7506
7546
7448
7494
7452
7448
7536
7516
7574
7698
7732
7734
7698
7780
7760
7824
7808
7698
7764
7802
7842
7758
7714
7694
7704
7642
7592
7610
7588
7638
7772
7704
7792
7714
7758
7648
7694
7726
7708
7842
7834
7744
7832
7836
7842
7796
7824
7792
7784
7824
7864
7898
7878
7842
7852
7780
7802
7760
7664
7616
7712
7630
7698
7722
7684
7766
7776
7692
7706
7776
7768
7898
7948
7868
7814
7854
7728
7754
7688
7618
7586
7658
7612
7716
7654
7780
7808
7750
7700
7752
7702
7750
7770
7784
7726
7726
7756
7832
7792
7770
7802
7698
7698
7742
7798
7838
7988
7924
7986
7846
7876
7844
7886
7978
7984
7948
7864
7826
7734
7744
7828
7764
7692
7658
7684
7728
7750
7800
7758
7746
7812
7904
7946
7754
7752
7722
7806
7800
7810
7806
7880
7788
7810
7808
7888
7906
7874
7830
7732
7758
7730
7684
7748
7774
7824
7762
7740
7724
7698
7682
7670
7662
7554
7498
7508
7446
7398
7460
7596
7582
7674
7770
7724
7746
7822
7804
7762
7840
7790
7856
7884
7802
7822
7842
7752
7750
7818
7756
7680
7666
7718
7774
7722
7770
7680
7628
7582
7638
7664
7732
7674
7628
7550
7526
7464
7528
7664
7638
7554
7672
7740
7754
7648
7590
7598
7622
7688
7606
7536
7522
7438
7478
7446
7520
7398
7446
7468
7362
7382
7488
7570
7580
7450
7448
7576
7604
7510
7460
7368
7428
7508
7546
7436
7548
7548
7554
7492
7554
7636
7606
7656
7628
7494
7380
7604
7516
7478
7480
7592
7616
7566
7564
7464
7448
7370
7472
7484
7416
7324
7378
7410
7490
7454
7368
7380
7392
7490
7580
7558
7538
7560
7558
7492
7686
7708
7682
7684
7640
7602
7610
7752
7744
7748
7728
7674
7602
7756
7688
7766
7770
7728
7784
7778
7712
7672
7634
7728
7698
7702
7734
7782
7720
7694
7704
7676
7616
7616
7630
7582
7514
7382
7368
7398
7376
7466
7442
7322
7388
7428
7486
7606
7680
7766
7642
7646
7620
7624
7668
7656
7724
7790
7706
7744
7758
7772
7764
7750
7734
7648
7462
7534
7464
7442
7418
7336
7286
7302
7220
7270
7358
7520
7504
7462
7374
7342
7460
7480
7532
7560
7472
7642
7552
7582
7776
7824
7746
7718
7754
7810
7776
7830
7896
7908
7872
7898
7868
7870
7848
7786
7808
7828
7880
7908
7826
7914
7964
7888
7876
7842
7804
7808
7784
7760
7704
7686
7738
7740
7804
7718
7754
7758
7746
7740
7786
7732
7580
7674
7804
7790
7746
7926
7878
7776
7770
7780
7762
7830
7886
7884
7886
7962
7960
7932
7948
7976
7958
7872
7810
7764
7658
7804
7756
7746
7794
7752
7734
7774
7704
7604
7610
7624
7600
7632
7694
7812
7838
7832
7744
7736
7756
7828
7802
7834
7792
7812
7752
7704
7672
7630
7610
7626
7706
7620
7566
7600
7566
7642
7714
7736
7686
7712
7738
7734
7690
7662
7542
7524
7644
7732
7710
7730
7800
7852
7718
7736
7738
7772
7812
7944
7866
7828
7936
7906
7884
7890
7968
7902
7868
8022
8100
8014
8090
7988
7992
7836
7792
7900
7962
7896
7942
7940
7932
7804
7824
7776
7786
7742
7774
7642
7646
7666
7698
7644
7680
7782
7780
7758
7672
7662
7740
7734
7736
7710
7704
7718
7794
7766
7854
7878
7834
7902
7826
7852
7940
7978
7972
7998
7982
7838
7868
7838
7808
7850
7884
7992
7968
7938
7984
7908
7912
7944
7882
7924
7978
7902
7988
8050
8018
7980
7992
8010
7940
8010
8002
7976
8056
8072
8054
8034
7996
7952
7996
7932
7896
7932
7982
8096
8068
8038
8010
8028
8026
8094
8064
8082
8140
8156
8134
8082
7992
7988
7978
7928
7954
7942
7954
7948
7910
7872
7926
7932
7850
7774
7688
7708
7804
7754
7866
7764
7936
7804
7786
7728
7674
7590
7738
7748
7780
7800
7876
7784
7828
7882
7838
7852
7970
7850
7866
7966
7854
7822
7822
7904
7846
7772
7798
7718
7708
7796
7804
7738
7756
7650
7570
7620
7618
7692
7690
7822
7846
7802
7748
7740
7730
7646
7700
7728
7792
7846
7878
7882
7776
7898
7854
7860
7774
7834
7878
7886
7856
7778
7880
7822
7886
7860
7864
7818
7896
7962
7984
7922
7860
7888
7928
7952
8028
7982
7994
7934
7924
7962
8062
7960
7962
7934
7862
7928
7876
7948
7846
7804
7746
7806
7846
7806
7812
7866
7778
7748
7754
7796
7808
7868
7756
7762
7762
7722
7698
7694
7756
7788
7762
7740
7720
7734
7810
7882
7900
7844
7904
7910
7874
7872
7834
7894
7830
7850
7930
7994
7948
7844
7818
7938
7962
7942
7856
7880
7764
7746
7856
7880
7904
7910
7946
7830
7810
7774
7708
7806
7630
7734
7770
7716
7738
7864
7808
7866
7908
7860
7812
7884
7886
7976
7970
7914
7928
7978
7892
7866
7876
7840
7882
7916
7924
7996
7926
7844
7960
7986
7846
7898
8022
7972
7886
7892
7914
7860
7740
7794
7772
7834
7872
7886
7978
7968
7940
7930
7868
7876
7870
7912
7914
7842
7876
7866
7896
7876
7908
7876
7738
7770
7798
7772
7800
7778
7810
7866
7884
7912
8010
7960
7892
7846
7872
7906
7908
7842
7826
7834
7800
7780
7790
7814
7880
7818
7822
7906
7912
7910
7904
7920
7896
7794
7796
7832
7838
7854
7942
7864
7788
7814
7764
7728
7966
7980
7972
7968
7944
7958
7964
7944
7980
8042
8078
8006
8004
7986
8066
8084
7998
7882
7836
7964
8092
8092
7998
7936
7902
7948
7960
7948
8038
8046
8002
8018
8044
7978
7928
8002
8030
8128
8058
7960
7968
7980
7958
7976
7882
7782
7688
7658
7668
7772
7712
7764
7720
7864
7892
7904
7916
7898
7922
7916
7902
7926
7902
7898
7778
7708
7820
7812
7928
7962
7900
7872
7894
7918
7962
8028
8126
8012
7932
7898
7822
7754
7792
7890
7842
7826
7726
7720
7776
7732
7662
7766
7814
7840
7880
7852
7842
7874
7786
7806
7766
7796
7704
7810
7860
7796
7780
7710
7712
7664
7712
7736
7734
7746
7642
7578
7640
7748
7646
7632
7686
7734
7702
7724
7744
7748
7726
7740
7686
7828
7782
7716
7776
7814
7866
7864
7856
7864
7764
7740
7962
8000
8092
8014
7892
7998
7950
7924
7992
7946
7932
7944
8014
7934
7932
7958
7934
7904
7930
7858
7938
7926
7920
7910
7894
7948
7942
7884
7892
7866
7856
7918
7980
7990
8022
7918
8030
7924
8084
8122
8088
7954
8016
7956
7840
7864
7868
7782
7806
7760
7744
7786
7682
7806
7782
7786
7814
7938
7912
7896
7932
8016
8014
8006
8008
7976
7988
7938
7940
7914
8020
7974
8048
8060
8078
8038
8052
8036
8018
7904
7836
7862
7832
7848
7804
7824
7752
7854
8024
8078
8042
7950
7956
8074
8080
7964
7970
7948
7918
8018
8048
7986
8018
7970
8006
8068
8102
8118
8062
8102
8054
8056
8032
7982
7946
7948
7952
7910
7836
7842
7940
7930
7904
7888
7922
7888
7876
7842
7754
7676
7778
7730
7594
7592
7682
7698
7668
7734
7880
7806
7850
7942
7890
7900
7966
7900
7946
7976
7934
7936
7942
7916
7978
7990
7950
7930
8050
8136
8026
8126
8166
8202
8070
8076
8054
8114
8056
7976
7918
7850
7816
7796
7870
7840
7772
7666
7716
7720
7734
7734
7822
7762
7806
7864
7960
7894
7938
7856
7990
8010
8096
8104
8150
8120
8096
8050
8116
8114
8072
8130
8094
8184
8124
8114
8026
8042
7936
7894
7758
7688
7728
7698
7720
7596
7658
7632
7576
7590
7684
7788
7754
7790
7760
7784
7710
7630
7560
7630
7662
7804
7800
7838
7878
7788
7720
7554
7550
7532
7440
7474
7540
7504
7628
7638
7698
7602
7656
7688
7552
7528
7518
7638
7580
7480
7376
7378
7296
7264
7260
7170
7262
7432
7424
7394
7432
7438
7424
7348
7518
7532
7618
7560
7556
7560
7548
7460
7582
7560
7518
7510
7498
7482
7544
7600
7544
7600
7660
7538
7494
7492
7572
7588
7632
7514
7542
7682
7686
7570
7622
7692
7704
7754
7770
7802
7752
7632
7714
7722
7628
7554
7504
7502
7578
7522
7494
7576
