3186
3276
3280
3300
3362
3388
3376
3316
3378
3438
3404
3316
3340
3362
3340
3358
3336
3318
3238
3234
3268
3318
3384
3396
3348
3312
3316
3326
3326
3356
3392
3426
3442
3374
3448
3444
3454
3536
3484
3504
3504
3470
3476
3448
3458
3450
3460
3500
3428
3492
3362
3330
3296
3336
3400
3396
3346
3444
3404
3450
3410
3366
3328
3342
3396
3406
3444
3442
3428
3442
3400
3400
3356
3266
3336
3430
3500
3388
3336
3350
3314
3318
3430
3450
3510
3446
3388
3362
3452
3450
3476
3484
3466
3434
3478
3494
3496
3462
3434
3472
3508
3540
3538
3438
3440
3448
3528
3486
3486
3456
3450
3438
3442
3478
3486
3426
3464
3454
3448
3496
3508
3484
3472
3492
3468
3362
3416
3414
3456
3490
3516
3512
3436
3478
3502
3470
3464
3444
3440
3430
3418
3422
3416
3384
3412
3450
3386
3376
3396
3354
3332
3348
3332
3256
3244
3222
3254
3280
3298
3326
3334
3476
3460
3378
3364
3308
3324
3202
3188
3198
3174
3200
3238
3246
3230
3248
3248
3282
3312
3310
3262
3296
3262
3296
3242
3210
3176
3222
3218
3244
3280
3344
3380
3296
3402
3390
3384
3324
3396
3368
3342
3420
3440
3370
3396
3416
3482
3438
3416
3442
3450
3358
3332
3346
3318
3230
3276
3338
3366
3406
3390
3420
3362
3352
3296
3376
3404
3448
3462
3458
3512
3500
3528
3572
3546
3442
3444
3400
3312
3372
3334
3278
3334
3296
3290
3322
3378
3354
3344
3302
3260
3276
3306
3388
3390
3414
3404
3364
3348
3288
3286
3308
3280
3238
3296
3282
3182
3254
3240
3318
3352
3290
3336
3412
3300
3276
3264
3322
3316
3370
3304
3320
3362
3302
3280
3304
3354
3286
3334
3298
3236
3248
3264
3296
3248
3278
3230
3268
3330
3406
3432
3438
3478
3538
3524
3472
3512
3510
3414
3314
3344
3348
3306
3396
3396
3420
3494
3496
3460
3414
3394
3416
3386
3512
3514
3490
3498
3498
3556
3590
3592
3586
3596
3596
3580
3530
3414
3448
3442
3460
3420
3470
3492
3470
3494
3480
3512
3468
3482
3410
3418
3402
3440
3498
3466
3500
3442
3494
3528
3480
3504
3532
3474
3388
3332
3354
3364
3348
3314
3356
3356
3382
3360
3358
3392
3404
3422
3394
3494
3464
3374
3364
3366
3502
3520
3468
3418
3430
3352
3392
3412
3478
3544
3500
3586
3572
3618
3608
3592
3528
3500
3454
3470
3480
3448
3412
3464
3532
3534
3524
3530
3456
3440
3434
3428
3388
3440
3380
3360
3336
3330
3330
3340
3336
3252
3294
3216
3110
3090
3164
3226
3284
3326
3310
3292
3286
3276
3340
3292
3246
3246
3258
3202
3214
3270
3276
3292
3218
3278
3276
3380
3314
3316
3304
3270
3324
3286
3304
3348
3328
3372
3352
3430
3346
3330
3330
3348
3328
3334
3332
3298
3244
3270
3206
3260
3208
3224
3234
3284
3372
3322
3346
3360
3332
3272
3296
3312
3378
3324
3334
3382
3362
3396
3426
3432
3364
3392
3330
3394
3378
3396
3400
3444
3488
3410
3466
3470
3394
3450
3474
3446
3492
3470
3456
3470
3446
3480
3540
3472
3492
3422
3396
3464
3438
3420
3382
3354
3328
3416
3450
3444
3424
3428
3440
3444
3412
3420
3452
3536
3512
3466
3440
3406
3382
3396
3394
3382
3378
3430
3386
3382
3468
3424
3388
3386
3422
3440
3354
3430
3392
3320
3440
3436
3446
3442
3326
3286
3312
3338
3340
3318
3388
3440
3428
3314
3306
3304
3352
3304
3290
3268
3212
3278
3410
3376
3344
3350
3396
3334
3260
3322
3394
3368
3430
3402
3474
3494
3518
3508
3458
3464
3526
3504
3540
3486
3536
3462
3480
3530
3546
3464
3454
3484
3436
3406
3390
3418
3472
3510
3540
3542
3538
3546
3442
3384
3414
3404
3364
3340
3298
3346
3414
3360
3426
3446
3406
3374
3352
3378
3362
3382
3384
3430
3414
3456
3444
3410
3432
3394
3430
3368
3306
3294
3290
3254
3244
3312
3280
3228
3236
3280
3272
3248
3266
3230
3188
3120
3148
3120
3174
3232
3204
3204
3196
3260
3298
3436
3412
3366
3412
3346
3354
3264
3288
3308
3268
3298
3328
3362
3356
3380
3450
3492
3524
3466
3426
3354
3376
3418
3418
3414
3478
3420
3388
3450
3330
3314
3274
3262
3260
3318
3356
3298
3248
3220
3214
3246
3248
3268
3236
3312
3292
3300
3386
3398
3386
3432
3400
3454
3364
3276
3332
3344
3322
3334
3384
3408
3334
3338
3292
3396
3356
3340
3320
3286
3248
3224
3206
3228
3160
3042
3134
3088
3098
3126
3182
3236
3156
3164
3182
3184
3106
3140
3162
3166
3180
3160
3216
3178
3140
3102
3064
3086
3078
3068
3146
3126
3128
3084
3108
3092
3054
3136
3104
3046
3062
3036
2962
2928
2954
2952
2968
2934
2966
2928
2880
2958
2972
2946
2980
3028
3020
3034
2980
2918
2978
3018
3090
3076
3148
3160
3214
3168
3186
3174
3190
3076
3150
3228
3242
3228
3284
3286
3314
3314
3398
3398
3408
3398
3382
3412
3444
3400
3388
3320
3312
3318
3330
3382
3368
3408
3398
3442
3452
3464
3414
3428
3442
3538
3500
3530
3476
3502
3504
3608
3590
3576
3532
3474
3480
3422
3400
3410
3372
3406
3374
3334
3242
3230
3144
3190
3236
3252
3228
3254
3164
3160
3180
3244
3280
3328
3276
3218
3228
3332
3374
3418
3420
3406
3408
3384
3400
3368
3304
3236
3326
3328
3348
3364
3332
3390
3398
3462
3398
3370
3236
3298
3360
3468
3408
3408
3426
3424
3410
3366
3334
3298
3326
3260
3212
3210
3194
3208
3228
3244
3280
3300
3292
3316
3350
3392
3422
3428
3436
3484
3538
3502
3456
3386
3366
3382
3374
3400
3392
3418
3484
3450
3412
3424
3372
3390
3450
3488
3474
3462
3434
3466
3462
3516
3470
3510
3442
3398
3384
3394
3410
3360
3340
3270
3294
3232
3224
3148
3208
3252
3314
3326
3346
3316
3292
3358
3352
3284
3320
3324
3366
3374
3360
3332
3346
3390
3344
3358
3304
3282
3206
3194
3244
3218
3156
3110
3202
3168
3168
3240
3378
3394
3404
3450
3412
3414
3386
3344
3282
3294
3312
3278
3286
3290
3362
3350
3326
3282
3372
3358
3396
3354
3328
3322
3342
3370
3350
3332
3364
3298
3274
3334
3354
3342
3388
3350
3338
3252
3356
3390
3384
3450
3446
3444
3560
3556
3598
3508
3460
3450
3430
3358
3310
3284
3318
3248
3238
3162
3168
3258
3362
3352
3426
3436
3474
3436
3420
3370
3378
3392
3422
3394
3422
3446
3398
3376
3380
3376
3394
3398
3376
3372
3364
3448
3452
3442
3442
3430
3408
3420
3352
3368
3412
3466
3408
3372
3422
3386
3410
3420
3458
3444
3436
3424
3448
3522
3448
3416
3424
3436
3452
3464
3452
3474
3470
3444
3426
3420
3420
3434
3446
3464
3516
3536
3510
3502
3520
3488
3470
3402
3422
3450
3418
3380
3388
3342
3334
3282
3296
3422
3432
3480
3500
3440
3478
3430
3492
3410
3366
3398
3334
3374
3404
3404
3416
3448
3386
3394
3320
3408
3354
3406
3468
3434
3386
3414
3504
3534
3460
3458
3498
3478
3440
3362
3408
3444
3468
3498
3514
3560
3464
3400
3400
3360
3354
3322
3358
3366
3396
3358
3374
3366
3408
3342
3288
3240
3248
3236
3252
3206
3146
3130
3202
3130
3114
3176
3084
3132
3180
3176
3124
3080
3088
3148
3118
3082
3106
3030
3042
3060
3082
3186
3116
3144
3198
3246
3350
3390
3332
3356
3360
3306
3284
3296
3424
3362
3322
3336
3364
3346
3354
3332
3328
3442
3406
3442
3414
3454
3416
3408
3356
3392
3388
3388
3450
3436
3484
3506
3478
3490
3414
3462
3502
3508
3488
3534
3462
3436
3394
3540
3514
3474
3458
3360
3360
3356
3334
3426
3412
3440
3372
3408
3328
3390
3436
3420
3418
3416
3312
3400
3350
3358
3348
3356
3308
3324
3314
3298
3260
3326
3326
3330
3292
3326
3338
3278
3338
3274
3262
3220
3242
3262
3278
3280
3294
3260
3292
3230
3152
3186
3168
3222
3192
3142
3212
3174
3200
3150
3138
3224
3192
3254
3254
3278
3304
3242
3224
3264
3224
3234
3230
3208
3158
3190
3184
3230
3176
3130
3150
3184
3238
3220
3230
3242
3204
3180
3194
3220
3210
3180
3162
3178
3158
3148
3088
3128
3182
3166
3170
3200
3190
3244
3340
3276
3244
3184
3180
3212
3206
3250
3224
3290
3350
3356
3318
3322
3322
3230
3356
3314
3276
3212
3210
3254
3298
3250
3222
3156
3068
3064
3124
3162
3110
3050
3012
2956
2976
3048
3008
3068
3018
3058
3110
3180
3220
3226
3236
3190
3194
3238
3332
3354
3334
3436
3398
3412
3360
3318
3328
3326
3396
3414
3376
3400
3468
3508
3464
3422
3474
3470
3444
3422
3414
3400
3426
3472
3490
3500
3510
3480
3398
3414
3394
3394
3382
3368
3338
3318
3340
3438
3404
3444
3448
3452
3494
3472
3512
3462
3408
3412
3408
3358
3362
3298
3278
3306
3330
3358
3318
3288
3290
3320
3280
3244
3208
3176
3196
3128
3144
3208
3198
3256
3180
3278
3264
3266
3226
3210
3280
3430
3398
3360
3366
3358
3380
3414
3438
3440
3446
3378
3370
3396
3432
3506
3516
3462
3466
3530
3448
3390
3342
3396
3414
3356
3348
3368
3366
3444
3458
3358
3344
3300
3366
3374
3428
3468
3470
3482
3478
3468
3470
3432
3346
3364
3364
3394
3440
3498
3538
3488
3484
3442
3452
3446
3448
3486
3508
3502
3440
3446
3472
3382
3312
3304
3376
3286
3284
3298
3310
3338
3370
3300
3384
3334
3334
3350
3328
3372
3422
3460
3490
3486
3408
3328
3350
3352
3376
3384
3386
3386
3350
3334
3352
3382
3394
3470
3430
3418
3392
3444
3418
3486
3468
3508
3454
3432
3424
3398
3424
3382
3414
3384
3422
3426
3428
3438
3452
3474
3500
3442
3376
3408
3422
3420
3396
3346
3394
3346
3280
3312
3262
3276
3246
3292
3198
3144
3158
3230
3210
3228
3300
3368
3376
3380
3414
3402
3366
3350
3358
3276
3292
3264
3298
3318
3356
3356
3364
3412
3380
3332
3388
3402
3336
3332
3314
3326
3262
3324
3312
3316
3316
3294
3242
3318
3300
3266
3188
3188
3174
3204
3154
3208
3254
3228
3258
3262
3206
3206
3308
3368
3406
3364
3380
3406
3462
3382
3334
3260
3260
3268
3224
3216
3176
3218
3218
3304
3328
3302
3370
3356
3298
3286
3252
3308
3332
3312
3308
3250
3252
3276
3364
3362
3324
3330
3282
3316
3338
3412
3318
3356
3338
3278
3260
3298
3274
3376
3354
3270
3338
3406
3462
3420
3320
3370
3366
3372
3276
3322
3326
3332
3330
3360
3358
3352
3306
3346
3332
3406
3364
3334
3328
3346
3342
3280
3318
3218
3310
3254
3280
3286
3352
3414
3508
3512
3542
3418
3428
3500
3464
3468
3386
3374
3326
3314
3384
3408
3394
3376
3438
3462
3402
3444
3442
3416
3410
3386
3396
3396
3368
3308
3266
3298
3300
3334
3356
3392
3418
3366
3372
3358
3312
3272
3322
3288
3300
3336
3296
3258
3308
3338
3314
3312
3266
3298
3344
3320
3314
3298
3328
3338
3274
3350
3378
3390
3438
3378
3382
3410
3380
3294
3296
3260
3268
3268
3310
3344
3364
3386
3290
3332
3348
3328
3260
3244
3292
3346
3262
3218
3218
3220
3142
3160
3232
3246
3126
3130
3120
3084
3166
3188
3164
3184
3178
3148
3110
3202
3158
3130
3142
3220
3286
3262
3230
3140
3146
3130
3154
3112
3148
3116
3162
3172
3126
3102
3124
3108
3114
3128
3158
3160
3236
3256
3272
3282
3218
3156
3226
3182
3204
3242
3242
3248
3222
3204
3228
3196
3206
3204
3194
3198
3204
3250
3296
3324
3348
3288
3316
3328
3350
3366
3310
3320
3274
3240
3176
3178
3210
3282
3310
3352
3364
3324
3274
3222
3170
3206
3254
3238
3284
3262
3186
3326
3300
3302
3322
3350
3304
3372
3230
3158
3118
3052
3116
3078
3096
3164
3174
3220
3266
3310
3284
3272
3324
3374
3310
3250
3310
3352
3326
3286
3270
3244
3206
3204
3184
3146
3150
3152
3072
3116
3118
3028
3040
2988
3010
