866
862
910
900
896
910
900
886
872
856
832
858
848
850
882
886
876
800
818
816
794
756
760
812
806
794
798
796
802
820
814
852
864
860
834
812
788
820
816
836
778
804
774
822
852
848
864
868
846
828
838
838
864
874
928
910
884
896
902
910
920
922
932
922
940
928
932
902
898
916
898
924
912
906
880
862
820
830
862
858
898
904
864
862
858
888
832
832
850
832
822
796
810
792
758
764
760
756
746
788
780
782
784
780
734
748
776
774
784
776
760
734
760
736
726
770
776
744
748
736
788
778
800
740
728
718
774
782
806
828
848
870
854
848
858
888
902
904
906
896
876
914
870
864
856
894
878
850
860
848
868
882
916
922
920
912
904
918
922
910
878
888
878
890
878
880
888
844
850
840
848
814
848
818
848
836
872
832
808
776
722
722
730
696
734
700
654
702
682
682
708
722
752
718
682
684
668
668
666
702
724
684
716
758
752
748
750
778
776
722
746
744
772
754
750
728
706
716
682
666
696
704
742
744
774
808
820
834
792
798
796
788
768
736
772
806
832
874
884
910
892
904
830
816
796
790
770
782
822
816
788
814
842
832
816
766
734
740
748
730
702
676
660
696
716
708
776
780
818
838
814
824
820
840
848
886
892
864
872
816
826
816
748
740
774
798
758
752
788
776
796
798
726
740
668
736
744
756
808
810
776
760
736
694
686
688
676
676
648
634
652
636
624
628
662
642
658
644
652
698
702
704
690
706
724
702
680
712
734
738
764
796
780
836
800
834
872
828
830
812
844
860
872
880
882
900
888
888
870
862
850
854
834
860
834
806
842
846
894
898
918
906
882
852
842
836
848
838
792
782
820
822
842
828
836
858
866
846
830
832
856
820
854
818
826
796
812
814
826
788
790
814
812
810
846
830
828
794
786
804
804
776
832
806
800
780
744
760
802
774
784
792
790
792
800
802
812
792
768
746
736
744
766
722
710
692
728
760
782
786
762
784
824
802
760
742
780
820
818
792
812
860
858
826
796
800
806
798
824
820
832
806
784
780
784
796
788
818
802
776
784
754
752
778
734
776
786
836
856
840
860
816
832
792
788
776
822
804
760
756
734
762
734
716
688
694
664
682
672
650
668
664
648
632
628
616
644
626
634
624
634
674
666
622
638
668
660
684
696
708
742
748
774
772
776
764
722
724
728
728
782
784
750
804
822
792
814
808
800
838
854
874
884
922
926
900
898
920
894
870
858
844
854
820
834
828
802
794
812
830
810
820
854
872
874
888
874
854
880
860
898
928
898
908
888
896
886
866
888
872
888
912
884
876
846
892
898
888
894
896
868
850
904
830
864
844
836
824
850
848
814
812
836
834
832
864
870
884
892
876
864
850
838
854
798
804
812
814
836
848
820
792
844
854
838
852
844
866
854
878
880
880
892
886
870
852
854
876
886
870
850
844
822
840
868
876
880
884
872
866
836
846
812
822
858
864
856
870
838
858
864
886
870
894
900
926
922
912
910
914
914
892
876
884
902
926
902
900
884
896
882
832
794
754
744
724
760
750
752
754
752
778
802
796
770
788
778
760
800
812
828
820
808
770
792
804
836
836
820
828
798
798
766
756
744
766
782
748
722
678
670
690
662
660
666
656
648
692
718
762
732
748
784
828
860
852
838
844
832
850
842
852
832
854
806
826
840
848
854
872
874
860
852
878
890
886
886
866
868
842
840
828
824
808
842
834
858
854
860
866
838
840
842
882
880
856
884
904
904
896
882
874
870
848
856
894
866
880
910
886
876
854
860
818
804
826
798
830
826
846
844
844
846
874
860
834
804
804
792
808
850
860
794
764
758
756
762
770
778
804
826
836
814
846
838
810
810
830
854
848
854
872
858
868
862
876
902
914
900
910
890
864
892
862
862
850
874
884
846
824
790
840
840
824
796
840
876
904
906
906
920
914
920
890
862
846
848
850
852
880
866
862
884
858
856
868
838
846
820
840
836
880
874
878
898
892
904
910
938
900
896
904
884
896
894
902
888
918
928
928
894
936
922
922
900
914
888
886
882
880
876
876
866
874
872
866
852
856
864
890
906
904
892
882
876
868
850
848
822
814
826
836
834
808
802
776
738
786
802
784
818
806
764
796
780
788
802
836
854
870
858
854
908
870
870
874
912
908
892
894
886
860
862
816
800
778
792
792
792
792
820
790
782
804
802
780
780
812
820
838
800
824
782
772
776
706
740
768
768
760
776
742
764
778
752
706
724
692
692
700
680
672
676
710
710
738
766
754
722
726
714
712
742
750
732
748
738
734
758
778
756
740
782
796
816
810
844
862
878
862
896
886
858
894
862
874
908
934
914
920
944
918
914
896
890
892
864
864
872
804
836
882
888
894
898
908
912
912
924
874
886
910
906
908
886
876
890
894
928
936
948
932
940
926
906
918
890
870
846
860
844
858
840
830
832
824
836
874
846
864
834
862
876
848
856
854
834
858
844
834
832
866
848
864
828
824
804
838
872
870
860
834
834
826
820
804
794
820
816
816
798
818
836
834
840
868
894
854
866
836
814
810
846
852
808
808
786
814
782
832
822
786
778
768
806
828
822
816
798
810
858
862
856
882
892
910
896
878
880
872
858
846
860
838
820
824
790
792
832
806
848
836
832
844
864
836
864
850
872
874
846
824
838
860
848
832
856
840
874
892
896
868
846
832
842
818
804
826
830
838
852
838
814
778
762
790
834
830
796
814
840
806
758
794
816
808
852
880
894
892
840
852
878
888
846
810
864
866
836
854
868
878
908
908
878
830
796
756
774
836
864
824
862
856
886
876
876
840
814
780
776
728
728
738
740
728
730
748
724
684
724
706
704
746
752
724
712
756
698
766
776
814
810
804
792
822
790
772
732
780
806
778
788
774
742
752
712
676
656
660
680
672
654
680
712
742
680
682
678
738
740
770
746
772
742
736
710
728
700
682
710
680
690
696
682
738
742
784
808
782
754
772
786
770
792
820
860
838
846
838
844
840
824
834
844
810
838
838
882
880
878
874
842
842
858
824
812
816
800
826
824
844
886
876
844
856
846
828
820
800
788
760
760
774
758
770
782
790
768
812
796
806
856
840
870
862
856
844
848
886
860
852
850
838
842
872
886
880
906
892
876
870
848
834
842
884
918
908
900
894
906
872
898
900
908
902
912
894
902
898
914
900
902
886
868
880
864
870
852
876
904
896
868
866
876
898
914
924
906
910
922
912
848
886
846
852
852
878
890
892
884
892
902
878
852
860
840
828
854
852
836
812
862
854
876
890
880
886
900
856
892
856
856
864
862
862
862
884
848
860
850
850
856
860
844
852
894
900
902
894
858
846
856
870
838
830
814
782
830
794
772
826
834
834
788
782
848
848
838
868
832
840
850
838
890
908
892
876
910
932
900
922
926
900
886
914
884
878
828
856
862
810
824
820
840
824
856
876
902
912
912
900
896
922
902
900
890
900
850
872
856
882
848
856
868
862
862
862
872
854
874
874
868
912
886
892
896
888
912
890
864
888
896
870
896
896
904
898
870
906
910
920
912
884
888
918
930
932
950
902
908
886
870
844
842
832
856
818
810
786
796
832
846
838
822
850
866
858
884
882
866
884
884
874
852
844
854
866
832
830
834
802
844
876
892
908
912
898
916
904
912
904
874
886
856
872
834
824
844
828
824
838
870
858
826
860
848
824
822
862
854
856
844
840
812
802
788
816
806
804
778
770
752
750
722
754
774
802
826
790
754
726
664
690
712
718
690
694
696
738
720
720
754
752
774
802
830
826
838
842
858
900
908
910
912
918
896
886
900
896
910
884
888
872
872
878
860
892
874
878
852
856
872
870
856
856
870
860
834
830
850
836
840
802
754
714
724
720
734
734
808
824
870
862
858
888
870
898
868
840
888
848
830
852
888
856
828
830
836
854
862
824
860
872
834
828
824
836
850
816
848
864
848
878
882
900
874
852
840
816
840
826
806
838
862
862
850
860
852
848
820
828
846
846
818
848
832
772
760
750
736
722
756
758
812
830
816
856
800
792
820
800
810
808
770
740
756
800
802
836
814
828
842
854
838
872
832
882
886
892
850
826
830
808
828
788
808
790
828
840
860
804
846
854
814
792
804
760
748
742
754
748
742
742
740
768
788
810
792
760
762
800
782
776
774
774
780
734
726
756
756
720
730
736
790
772
816
792
836
826
830
846
896
912
910
878
886
880
868
862
872
860
836
824
834
822
840
812
858
878
884
878
868
868
838
842
838
866
836
846
880
874
862
836
852
852
872
898
896
878
868
864
860
836
892
896
910
912
912
926
926
918
914
904
894
862
894
896
906
896
876
874
888
890
880
872
902
872
876
888
872
886
866
828
834
856
882
856
844
870
840
828
830
848
836
840
832
872
856
848
880
844
784
774
792
752
758
764
738
748
694
678
666
656
682
714
682
688
712
720
774
784
788
782
762
782
778
794
768
742
722
738
732
728
708
736
722
750
756
716
754
744
664
702
690
730
702
724
744
770
770
798
808
866
832
856
858
840
826
880
