76
36
54
14
44
66
66
16
22
8
32
8
18
48
62
32
26
76
36
16
52
58
64
100
92
80
92
88
136
132
172
176
128
86
114
112
92
24
10
26
8
14
12
4
28
84
82
82
102
86
68
20
0
24
30
34
38
62
102
72
52
66
28
36
58
64
110
154
234
214
206
250
234
204
166
164
204
188
216
196
210
176
252
264
246
218
192
202
208
202
226
236
174
180
142
118
140
82
84
82
40
78
82
72
72
80
124
150
122
112
130
140
178
184
192
234
304
326
324
336
308
320
284
296
304
334
322
352
348
294
336
320
314
274
288
324
316
360
396
444
470
444
398
414
366
370
376
342
280
266
304
316
296
294
234
288
206
250
246
282
302
348
366
318
330
344
356
390
412
426
322
320
340
344
340
346
330
364
408
448
476
462
472
432
392
364
362
422
406
410
478
438
488
466
476
480
468
384
316
296
334
322
304
330
280
216
226
288
288
302
314
296
346
346
396
358
406
410
472
512
572
574
546
524
500
450
416
394
402
426
424
434
418
426
448
368
370
404
398
434
472
466
432
520
552
554
596
626
642
632
620
624
640
604
554
534
506
474
488
462
452
436
450
394
394
364
376
374
346
368
378
386
410
432
462
420
424
434
426
412
448
492
462
472
482
446
410
396
374
370
330
364
376
410
396
434
464
480
476
428
384
382
330
314
324
336
364
378
320
348
272
362
318
362
422
426
396
440
462
466
458
436
460
502
512
516
478
446
480
468
520
502
474
464
476
442
420
438
408
356
366
398
424
396
406
402
418
406
414
424
416
440
424
454
458
410
372
348
338
398
370
362
414
464
468
462
486
500
518
478
464
440
456
530
516
516
538
536
574
572
570
572
594
582
600
592
580
606
590
564
612
582
576
564
566
568
568
590
566
548
486
558
562
602
638
666
626
620
618
570
506
502
534
574
556
552
562
500
460
432
366
378
380
404
454
450
406
438
462
450
472
474
406
450
498
454
452
388
424
426
446
458
476
498
476
488
430
480
522
538
546
524
586
616
568
536
522
530
566
576
582
578
570
512
564
552
546
560
586
566
560
578
544
568
618
616
616
620
628
594
544
532
572
570
556
534
536
548
538
480
536
530
596
578
560
502
532
570
616
576
552
514
482
420
420
412
444
448
508
522
510
502
470
428
362
352
380
390
388
414
408
466
484
508
510
498
478
518
518
514
522
548
616
556
610
644
618
594
598
562
534
590
614
624
654
648
598
602
598
612
548
518
510
510
528
522
500
478
502
502
474
428
458
452
508
482
518
546
534
544
488
536
574
600
618
574
560
562
488
496
496
464
490
542
526
564
556
550
552
556
590
624
626
642
662
668
594
590
552
560
556
528
498
440
414
348
372
364
360
368
374
332
344
344
374
356
328
376
426
398
362
344
334
338
310
364
334
296
294
300
304
344
298
238
252
224
242
228
278
236
284
284
302
344
310
370
368
358
382
334
340
372
398
394
346
330
344
324
328
360
316
252
256
256
304
360
370
396
332
324
268
230
240
268
264
238
214
214
174
148
166
178
162
200
228
218
248
230
226
178
194
188
180
146
132
132
130
144
170
214
220
226
184
248
238
280
282
262
220
188
180
236
244
216
186
146
160
224
188
210
248
244
236
254
256
246
324
348
324
346
372
374
372
346
318
298
276
292
316
348
336
326
318
282
296
328
396
334
344
352
366
348
396
412
362
372
362
366
380
368
356
314
330
362
318
304
298
312
314
276
278
290
318
262
198
166
188
176
180
216
244
210
278
314
322
280
276
272
274
278
298
304
254
312
260
234
224
208
198
202
246
274
224
206
228
216
220
202
160
152
154
160
164
198
210
248
232
262
238
324
358
424
416
438
394
404
394
352
334
356
338
318
312
302
282
270
270
328
368
364
372
416
370
436
476
506
520
502
528
512
520
566
536
574
588
600
636
616
584
616
634
638
696
724
758
746
714
686
640
666
640
620
606
566
572
524
518
526
542
526
566
576
626
612
580
634
572
574
568
582
652
634
626
558
530
510
486
504
552
584
598
620
636
654
650
630
610
620
634
640
650
584
602
630
664
656
660
676
636
656
646
614
576
552
522
482
456
476
478
494
502
438
434
500
470
468
494
476
496
504
474
440
482
498
494
476
458
486
490
492
496
506
572
610
624
680
628
656
672
666
672
680
680
722
706
712
704
696
692
662
618
666
650
648
706
704
624
632
624
564
592
644
658
656
608
546
532
490
488
534
514
466
536
510
510
516
520
528
482
492
474
466
428
366
396
360
394
444
438
452
426
430
410
388
384
392
416
428
444
444
438
412
418
436
422
372
420
438
448
476
458
400
420
452
530
518
546
578
552
570
572
564
574
562
512
474
586
580
642
628
616
622
606
620
590
584
652
638
606
594
604
660
676
640
610
586
558
550
572
572
586
578
630
598
598
594
618
624
568
530
512
502
518
540
558
574
576
556
526
546
520
522
500
502
494
430
456
436
418
386
420
392
358
376
408
372
402
370
348
352
344
366
346
374
338
382
336
268
274
296
308
310
288
290
300
254
282
304
270
238
266
234
218
194
142
214
306
306
260
230
196
230
250
266
268
220
220
272
226
180
184
114
150
140
106
164
152
156
138
104
114
80
106
114
52
22
0
8
30
40
60
82
126
140
124
140
142
172
150
204
230
226
260
232
256
258
208
192
246
276
290
328
350
342
346
390
460
426
382
348
388
338
360
384
408
416
424
402
430
418
422
414
468
472
486
494
522
542
574
556
562
600
638
580
578
566
556
500
570
552
574
592
592
594
618
550
588
598
572
580
590
578
556
544
514
458
454
458
452
386
360
404
412
420
414
448
404
404
404
436
474
468
490
452
420
438
444
456
462
460
472
476
490
498
486
462
432
434
438
462
508
528
492
498
442
422
392
382
392
424
450
430
396
374
336
306
300
282
290
282
252
250
256
248
240
234
260
218
198
200
204
214
246
256
278
324
350
362
374
396
306
316
378
370
348
342
328
360
326
358
312
320
348
324
280
250
236
182
194
230
158
158
106
128
156
128
142
186
214
198
170
136
154
122
120
124
116
114
94
56
16
6
72
60
70
96
120
158
146
158
156
138
130
110
120
148
140
210
208
188
142
144
164
112
142
58
110
124
134
154
202
206
186
198
174
110
154
156
200
172
248
204
180
130
86
60
42
60
58
34
10
16
52
10
46
2
46
56
66
112
154
134
114
132
94
42
86
84
92
52
104
62
68
106
98
132
150
156
128
122
140
194
118
66
76
66
50
40
24
46
126
150
176
94
138
162
184
114
70
66
96
100
118
136
142
112
124
128
104
144
166
178
166
138
140
158
158
172
168
142
126
154
200
172
182
284
334
296
298
304
316
314
334
304
280
344
314
316
340
380
420
396
352
340
366
334
316
280
304
376
376
372
356
334
348
358
354
336
330
354
436
430
444
484
480
510
488
492
452
506
496
446
430
490
498
458
412
390
384
426
428
432
428
396
388
406
414
420
452
486
456
412
404
456
444
492
480
482
494
464
464
422
380
394
394
360
342
326
314
298
276
290
326
356
318
300
330
338
330
308
350
358
366
404
460
466
518
542
514
530
552
564
570
610
626
592
564
620
574
568
592
600
616
648
624
614
632
612
596
638
644
610
608
646
650
676
640
638
646
636
670
684
732
724
694
688
646
646
648
634
664
674
658
692
684
666
664
672
684
682
648
686
690
726
686
740
724
692
724
760
756
712
692
674
744
686
684
678
652
654
724
734
764
748
736
692
628
634
630
694
746
718
716
698
682
682
700
768
776
774
750
758
758
750
754
736
696
648
612
604
614
594
606
610
574
616
532
512
478
496
548
570
562
600
628
624
656
644
640
636
708
714
714
738
748
712
754
736
726
734
674
694
718
680
654
696
690
670
710
698
706
690
724
670
664
674
670
660
708
740
710
690
692
700
668
680
688
724
712
708
712
716
718
732
688
672
680
696
660
664
680
656
636
668
660
694
704
708
736
728
718
674
634
684
634
598
558
572
562
590
576
576
574
618
628
616
654
688
642
648
632
604
634
616
588
534
512
502
528
562
592
534
546
528
516
540
566
554
606
622
574
554
570
598
552
540
500
496
460
482
488
506
492
540
560
560
592
600
614
612
586
596
594
690
654
632
618
614
684
678
680
656
684
666
666
684
698
660
596
586
600
572
528
542
532
550
584
552
546
562
546
536
534
518
570
578
610
628
616
646
646
674
672
696
690
708
692
684
654
602
642
662
680
670
686
676
694
722
680
666
666
620
624
616
626
620
618
648
656
622
648
690
694
696
678
740
766
702
674
638
640
660
540
504
510
532
544
546
538
566
634
650
618
602
562
546
570
584
562
550
590
604
578
564
568
548
564
536
506
560
574
584
560
518
522
546
560
620
650
614
590
630
610
576
572
534
524
532
546
558
590
662
662
702
694
680
702
684
708
724
722
730
722
770
770
792
756
786
770
750
752
730
724
748
806
788
724
706
708
740
764
718
702
714
706
686
706
660
646
616
