946
944
948
950
940
920
928
932
918
908
912
914
908
916
898
896
914
928
906
910
902
902
882
898
904
904
914
928
946
916
878
896
914
914
900
924
936
934
908
930
918
962
944
942
946
934
932
894
876
896
882
876
924
878
874
894
898
872
900
904
906
900
918
934
938
938
930
944
908
914
932
944
922
908
900
890
896
904
870
890
864
862
908
902
894
928
914
932
956
946
928
882
878
882
910
902
884
898
916
882
884
908
898
896
918
916
910
936
918
928
938
904
916
924
930
918
904
910
922
910
942
892
890
888
892
880
852
842
842
862
878
914
890
890
874
880
886
938
944
928
920
910
902
854
844
852
876
898
918
920
890
902
894
882
900
908
922
928
938
934
940
950
942
954
940
948
964
938
938
948
954
966
954
962
954
936
914
930
916
942
944
920
906
910
926
942
906
898
900
880
906
922
916
908
902
858
874
898
870
908
864
866
848
858
866
848
864
864
868
848
844
830
816
796
806
786
780
784
762
778
814
814
828
826
846
882
874
890
872
900
912
870
854
852
832
812
788
812
830
838
796
820
850
864
882
910
902
910
910
906
908
910
912
916
926
900
906
884
908
890
892
892
848
856
888
886
880
890
890
870
886
850
870
872
870
882
866
866
894
918
910
896
912
940
934
918
906
900
938
946
924
940
922
904
894
894
880
880
892
904
904
888
902
910
896
902
906
902
890
892
912
866
882
866
862
884
906
910
934
924
942
924
942
934
946
922
930
924
918
918
920
910
940
924
896
878
886
906
872
900
914
934
916
898
882
924
934
928
946
928
902
898
912
888
900
898
898
894
898
888
896
908
908
890
866
868
872
854
850
862
858
866
874
884
898
896
892
854
870
846
830
838
842
890
934
934
924
952
962
952
926
908
920
886
870
912
928
922
932
922
918
904
912
918
920
924
938
954
944
924
946
918
948
936
910
914
890
920
890
884
906
910
958
952
926
910
926
920
916
912
898
904
940
928
910
920
910
914
906
928
900
894
902
902
914
896
912
906
870
830
866
888
890
898
882
920
930
892
888
888
892
852
848
864
876
902
876
884
898
918
928
940
940
958
930
934
938
922
932
918
946
962
960
940
928
900
884
860
866
908
882
902
894
884
898
898
896
910
914
904
932
902
902
886
880
886
868
858
846
834
826
858
860
874
840
882
856
866
866
892
882
836
860
864
862
852
874
872
886
906
916
920
950
920
892
916
924
922
900
924
952
934
938
892
890
884
904
918
880
880
886
852
860
904
906
926
914
924
948
926
912
892
902
864
870
884
910
908
916
924
930
904
908
918
904
902
894
910
922
908
906
950
956
958
952
946
970
958
948
946
932
926
922
934
922
948
938
942
936
922
942
926
914
940
946
932
920
918
902
906
910
922
914
918
886
884
888
906
902
892
926
906
922
952
932
872
842
802
800
794
784
810
810
836
862
868
874
910
922
888
864
908
890
894
910
920
918
942
944
938
906
876
878
896
862
856
876
908
920
912
902
900
902
878
864
876
864
850
882
882
894
912
910
908
884
890
928
928
926
918
942
944
938
916
920
928
914
922
900
932
906
910
908
916
890
888
916
918
872
854
846
866
884
884
896
928
944
928
932
902
896
900
908
906
898
924
916
916
944
956
958
938
908
912
926
914
916
898
906
900
888
902
906
914
912
896
896
902
858
888
856
874
864
870
878
882
900
900
896
886
894
878
876
870
868
840
830
866
900
882
888
878
860
856
868
874
870
900
862
856
854
884
910
926
946
942
922
898
898
922
922
940
960
962
960
976
948
934
924
918
922
886
874
880
900
886
886
886
904
916
920
926
906
920
940
936
970
956
928
940
946
936
928
902
894
902
882
854
866
880
886
906
900
878
882
910
922
908
898
880
898
928
930
918
898
914
898
896
880
886
906
932
948
920
920
918
898
902
898
896
922
914
894
888
908
914
932
940
942
942
954
942
934
924
948
920
906
884
850
856
892
906
878
912
914
926
898
896
870
886
848
898
874
846
848
854
838
832
846
876
862
858
836
824
880
880
874
880
892
904
928
904
882
912
916
916
904
912
918
930
938
910
926
896
888
882
866
884
884
902
906
894
876
892
890
848
832
836
844
854
854
816
824
862
886
860
870
890
858
862
878
868
856
842
856
848
826
820
834
832
864
846
884
886
896
922
924
908
886
888
882
898
926
912
904
890
894
898
940
938
940
972
916
878
880
876
852
872
886
874
870
904
896
870
844
880
864
856
882
896
914
940
904
898
902
890
908
916
936
934
914
906
902
902
926
882
890
866
830
862
852
898
932
918
920
910
868
850
870
846
846
854
836
860
854
848
826
816
790
802
814
810
808
824
798
810
808
856
838
838
848
888
904
864
872
888
864
854
828
846
860
830
816
826
822
844
830
848
874
866
884
872
852
868
888
868
882
850
832
854
862
842
860
838
850
876
878
874
870
846
878
862
886
932
954
932
938
956
974
966
946
932
960
948
920
930
904
902
880
868
886
876
886
908
932
914
938
950
926
938
948
948
914
890
890
912
910
914
896
904
890
870
870
888
896
886
882
882
878
920
872
896
924
902
898
896
854
898
890
848
824
806
858
868
858
824
808
788
770
786
764
772
766
754
780
748
736
770
768
732
770
788
762
770
770
756
792
844
870
872
898
920
910
918
910
914
892
902
836
846
848
880
904
894
898
910
908
896
868
876
896
902
910
896
874
874
886
904
894
870
878
882
864
840
830
880
884
864
848
858
826
830
852
836
860
868
868
916
930
904
916
912
944
950
942
934
932
920
934
926
914
898
880
838
848
876
914
906
918
868
880
918
888
878
882
854
858
846
804
814
852
864
878
904
910
916
922
916
886
898
906
908
886
912
902
894
904
882
890
896
884
902
886
928
918
926
956
950
948
950
938
950
936
932
918
886
888
882
882
902
934
924
948
964
956
946
898
938
930
904
916
902
904
936
948
924
928
952
934
938
898
904
910
916
936
912
908
894
902
922
930
930
910
936
932
942
938
952
964
962
950
926
920
928
928
882
878
890
920
926
936
946
936
910
878
918
890
900
896
924
942
934
924
908
930
920
926
932
918
900
888
870
862
858
866
880
868
894
880
866
876
858
834
852
844
878
886
848
838
864
870
876
878
858
892
908
888
900
896
898
916
906
944
940
922
898
894
900
938
930
924
900
892
912
874
904
894
886
872
884
886
880
890
882
852
834
840
850
856
846
870
858
858
874
888
876
858
810
798
840
870
890
888
912
880
890
890
874
886
860
882
858
872
874
874
826
850
862
888
906
926
932
932
918
898
914
902
906
920
928
924
930
920
906
920
928
908
918
924
886
900
866
884
864
840
826
854
852
862
842
866
866
876
828
812
834
816
834
860
856
858
874
872
876
870
882
872
842
844
890
892
902
882
870
874
894
916
898
884
886
884
850
848
860
838
854
850
858
876
878
876
856
840
856
886
870
890
904
910
910
940
904
914
944
918
920
904
904
896
862
852
840
826
840
808
826
824
858
896
884
886
892
888
896
910
930
920
888
922
908
898
898
900
918
882
908
864
832
834
856
866
864
864
890
872
888
892
866
872
892
860
864
890
902
878
844
864
864
874
902
864
906
902
906
912
918
912
906
878
872
886
890
868
888
872
878
898
920
932
912
906
886
894
848
874
896
898
892
850
848
906
914
922
920
916
938
914
894
902
924
934
932
920
940
926
914
906
894
914
918
934
924
906
912
898
914
920
888
886
878
886
892
850
828
842
850
880
910
898
906
902
928
920
900
860
882
886
872
906
880
896
912
926
946
958
934
938
936
938
946
956
944
938
928
926
940
926
954
944
954
946
940
930
936
920
904
880
856
830
872
894
892
892
876
878
906
884
874
880
858
856
854
872
882
896
918
928
906
922
942
936
930
906
912
908
892
892
906
900
890
894
908
902
908
912
886
894
898
888
856
832
846
842
832
850
868
864
870
874
872
888
908
908
914
948
944
950
946
934
938
928
930
918
922
900
916
934
920
934
890
892
890
864
858
852
848
832
810
800
804
808
820
806
792
758
752
762
758
786
788
806
814
778
788
768
754
696
714
726
772
804
780
792
750
740
784
798
776
734
776
772
788
766
802
826
844
816
784
806
790
772
784
784
804
822
824
814
834
822
832
828
794
812
830
844
840
838
838
824
830
864
838
840
818
822
812
826
804
808
812
804
830
866
864
812
828
834
826
840
848
856
870
868
858
872
862
876
886
886
896
880
878
904
892
888
870
876
876
856
856
834
810
850
876
854
856
878
880
888
868
824
812
780
746
756
776
808
776
790
784
830
802
792
816
794
820
814
820
810
816
828
804
800
802
798
820
832
876
888
890
890
864
866
856
842
858
874
880
912
886
894
888
894
886
852
888
872
856
876
920
924
910
902
900
926
934
914
918
940
922
912
912
880
890
884
898
906
914
886
854
874
858
840
790
830
858
886
870
870
848
816
824
836
858
840
828
828
844
850
852
868
868
886
884
884
882
852
864
848
850
826
854
872
858
878
900
916
908
926
888
