1264
1054
1004
1092
1002
948
796
854
904
1022
1024
940
882
992
970
970
1076
1144
1082
1310
1064
1022
982
1092
1056
1108
1102
1212
1066
1102
1174
1198
1284
1432
1356
1334
1384
1368
1524
1560
1562
1500
1572
1568
1534
1538
1432
1494
1450
1510
1666
1656
1694
1708
1598
1700
1708
1618
1706
1572
1530
1466
1510
1488
1480
1418
1382
1424
1568
1720
1580
1528
1424
1376
1378
1336
1260
1428
1446
1546
1506
1524
1660
1544
1626
1712
1752
1882
1832
1848
1884
1748
1834
1708
1724
1740
1722
1552
1702
1636
1678
1754
1648
1652
1600
1600
1492
1520
1522
1494
1380
1418
1516
1550
1492
1448
1430
1406
1356
1474
1368
1428
1374
1436
1464
1432
1648
1788
1818
1924
1866
1928
1904
1834
1816
1826
1876
1954
2112
2130
2230
2368
2482
2412
2126
2014
1924
1828
1664
1778
1710
1754
1728
1734
1606
1474
1634
1678
1644
1630
1780
1848
1672
1564
1764
1744
1642
1650
1664
1646
1598
1372
1152
1242
1308
1300
1282
1180
1126
988
974
964
1056
1036
1190
1250
1104
1110
1008
1020
1104
1310
1396
1444
1238
1284
1272
1500
1530
1488
1398
1454
1462
1602
1812
1786
1788
1882
1830
1954
1924
1886
1904
1854
2008
2000
1842
1924
1904
1862
1788
1950
1832
1822
1806
1652
1522
1752
1628
1792
1636
1584
1654
1436
1514
1616
1600
1650
1684
1616
1582
1618
1706
1768
1680
1784
1856
1890
1792
1778
1790
1718
1872
1798
1868
1754
1798
1614
1582
1750
1770
1804
1764
1732
1500
1564
1456
1388
1382
1376
1398
1460
1364
1282
1258
1338
1194
1144
1152
1004
1186
1292
1294
1452
1612
1520
1510
1300
1254
1140
1070
1084
1108
1102
1104
1042
940
900
978
962
1114
1048
1058
958
1094
1142
1068
904
898
854
986
856
874
614
662
644
698
628
576
538
358
354
146
156
248
214
244
18
42
22
32
48
126
96
244
428
436
524
676
728
920
872
978
806
846
906
864
808
904
816
738
780
786
820
740
732
618
426
462
532
682
720
786
802
796
680
558
514
532
516
510
540
544
474
370
480
500
674
746
774
780
766
906
844
850
830
790
864
802
816
736
822
726
768
832
850
794
728
576
472
362
406
430
358
384
360
306
406
452
336
352
376
338
342
528
492
612
626
648
598
656
682
746
882
856
898
840
844
932
852
918
882
910
864
774
798
698
706
682
718
512
560
636
620
762
748
712
608
620
612
680
676
698
810
964
918
914
914
800
754
622
668
760
614
506
442
378
426
380
446
260
286
248
344
352
376
454
476
434
436
596
560
534
602
562
470
516
574
496
464
586
506
346
330
402
268
308
214
394
408
354
254
114
24
16
34
162
274
286
234
438
458
588
568
562
530
338
340
254
312
262
238
292
190
80
62
128
148
132
212
28
116
164
266
324
360
352
502
708
738
692
694
622
598
636
648
608
664
804
636
616
842
946
1056
952
934
844
804
936
830
870
804
672
596
554
516
430
346
472
540
568
522
430
312
314
222
334
164
60
146
76
26
172
272
176
254
290
296
324
228
190
120
92
112
144
150
220
282
288
404
628
740
730
518
526
528
470
504
368
302
212
296
250
90
172
144
178
158
42
46
182
326
336
386
372
300
284
424
546
540
510
400
430
352
352
284
406
420
332
304
252
176
86
78
92
106
92
284
170
122
108
128
90
106
100
120
206
238
198
250
80
222
302
370
394
566
502
274
328
502
500
534
628
520
614
708
748
592
546
580
488
408
308
392
426
312
296
266
250
304
482
598
596
490
530
438
370
262
170
58
86
18
58
32
116
26
78
6
112
224
180
90
40
50
62
84
48
52
38
100
10
180
154
166
248
280
412
288
148
236
484
312
516
418
220
128
122
36
64
194
258
222
132
214
284
68
234
256
194
160
2
20
38
108
2
144
440
416
372
430
384
344
306
308
310
380
498
578
616
554
532
492
466
448
314
364
288
104
210
322
320
428
490
174
126
168
130
42
42
184
200
222
234
176
22
200
362
242
300
302
174
180
216
214
204
178
266
280
364
156
154
218
208
422
470
498
622
756
594
612
560
542
646
826
828
866
754
954
1154
1126
966
916
930
1052
1092
1002
920
796
852
852
820
908
996
978
1044
1050
810
900
1080
986
946
800
854
748
798
482
410
264
298
340
242
110
186
40
180
124
212
272
174
168
128
34
10
68
78
42
34
58
92
132
78
18
26
12
58
184
274
246
182
278
148
176
248
278
196
202
202
176
80
168
364
370
356
320
310
388
144
96
138
316
290
220
238
100
76
158
108
78
30
82
120
60
110
144
230
456
488
546
474
480
356
414
278
270
456
472
592
594
528
628
588
628
554
738
716
812
652
624
634
760
874
824
780
966
1060
990
1004
1026
1046
968
1074
1150
1160
1152
1174
1022
996
1064
1144
1050
1008
1108
1182
1108
1092
1250
1332
1322
1446
1362
1148
1094
1158
1084
1036
990
934
810
834
1046
1146
1154
1066
1006
1128
1140
1274
1260
1114
1234
1176
1146
1108
1122
978
1072
992
1010
970
1040
1108
1012
980
898
952
904
978
964
962
718
812
896
982
1040
906
1062
998
1034
1102
1100
972
874
950
1116
1174
1096
1160
1206
1242
1262
1326
1378
1468
1484
1490
1564
1428
1620
1656
1822
1752
1662
1588
1536
1554
1562
1480
1490
1492
1604
1724
1780
1680
1678
1762
1746
1680
1616
1562
1728
1690
1586
1606
1642
1728
1812
1886
1924
1926
1784
1696
1748
1648
1620
1650
1630
1558
1512
1556
1672
1744
1796
1880
1828
1688
1602
1500
1418
1300
1508
1492
1350
1296
1236
1446
1376
1162
1082
1058
1050
1088
1050
1114
1154
1146
1158
1084
1104
1330
1366
1386
1446
1390
1336
1474
1252
1176
1264
1110
1174
1252
1196
1130
1172
1082
1126
1072
1198
1088
1018
1002
1178
1136
988
836
606
692
676
868
758
780
804
888
806
730
836
790
816
886
986
902
790
664
790
926
1078
1216
1316
1260
1272
1162
1308
1288
1198
1280
1216
1316
1394
1168
1024
940
1000
984
1074
1026
958
886
858
842
892
936
952
880
846
918
822
722
798
748
652
650
626
758
706
492
458
380
370
474
450
498
552
672
650
514
542
468
418
344
482
474
390
364
336
420
400
430
346
272
312
448
422
196
158
4
90
166
330
382
334
262
520
534
486
512
276
266
224
374
458
598
434
372
346
186
122
14
192
36
156
314
432
430
328
316
188
136
126
166
216
156
258
194
242
398
236
156
270
196
48
104
50
94
96
98
10
102
88
182
216
192
302
222
214
338
398
388
350
424
334
258
192
220
220
312
424
460
536
670
708
704
606
630
688
692
718
888
990
1000
1102
1022
1050
1180
1232
1118
1194
1094
1220
1336
1522
1466
1268
1198
1152
1126
1102
1006
918
834
778
808
790
732
682
598
686
698
620
616
610
512
402
422
578
670
748
788
764
746
756
870
864
966
820
736
758
848
702
578
632
644
662
652
758
628
556
442
348
306
264
296
280
230
310
188
198
260
400
374
240
130
420
458
360
404
556
492
530
368
304
280
308
284
454
374
182
278
110
40
42
124
20
114
16
56
102
144
188
248
264
238
202
270
208
348
306
230
252
126
84
48
58
56
124
28
84
194
126
108
148
84
136
146
122
102
254
148
86
14
94
10
22
40
84
62
10
12
12
84
112
92
40
44
102
230
168
84
16
48
4
90
122
248
304
280
134
162
96
130
50
118
22
12
126
262
330
346
418
480
540
342
344
476
490
586
622
556
608
538
608
610
724
758
900
1104
1118
1016
1024
1086
994
1058
1044
1042
1202
1240
1204
1184
1024
1174
1184
1220
1148
1140
986
1056
942
1022
1086
1134
1138
1086
1180
1326
1258
1284
1188
1164
1144
996
824
686
780
746
916
926
1030
1040
996
1098
1050
996
962
1124
1104
1146
1056
1024
1004
1036
936
844
694
596
632
816
682
588
562
640
608
522
528
668
708
580
746
856
762
946
960
960
988
842
782
582
446
504
382
650
672
676
644
706
654
600
626
658
706
612
554
694
618
540
468
638
772
694
592
516
646
552
676
694
646
630
750
680
660
634
582
510
588
488
322
92
88
34
124
140
150
6
174
236
292
228
268
268
404
356
368
500
408
252
108
148
56
50
90
128
156
364
386
338
314
118
244
114
152
206
300
384
354
266
304
162
116
114
212
134
60
48
98
20
50
54
116
134
70
116
206
174
66
172
242
170
116
228
164
110
134
60
62
66
164
116
136
158
30
56
152
52
56
126
92
164
22
20
20
20
100
158
128
28
8
104
34
14
62
170
158
166
120
4
62
142
120
124
62
42
14
56
160
194
94
66
36
22
104
204
10
112
96
8
34
248
310
270
270
296
356
340
280
270
174
78
90
0
94
240
282
280
182
242
204
322
326
208
248
252
190
126
28
2
120
4
50
24
92
116
250
220
100
24
54
52
58
44
54
42
16
96
140
188
172
104
138
246
184
44
92
218
274
180
168
86
66
44
106
234
192
218
122
48
188
86
46
68
18
72
30
206
194
88
72
142
174
136
180
286
268
146
220
252
304
238
282
332
294
410
352
266
456
384
532
546
334
214
194
150
412
298
488
408
344
524
598
548
650
682
722
794
872
874
792
868
880
1090
1056
1098
956
970
966
880
878
772
936
934
870
972
1004
968
1048
1096
1012
844
932
848
1036
810
692
690
680
786
752
708
568
722
530
560
764
764
766
804
732
712
896
964
1096
1108
1014
1014
926
908
794
688
816
800
744
692
652
558
634
590
608
730
752
778
782
758
674
744
760
792
800
818
694
602
646
618
754
662
670
690
838
872
788
806
828
732
816
844
830
678
812
824
888
900
908
832
788
838
662
698
636
608
578
406
600
618
632
726
754
776
646
776
848
830
832
856
896
726
904
734
780
746
648
610
722
736
800
730
550
546
642
630
686
778
662
816
848
