604
582
658
608
742
732
872
888
934
818
820
832
760
706
702
674
684
664
642
656
554
508
478
574
530
718
774
758
762
678
618
646
600
508
554
486
500
464
492
458
524
642
658
684
654
810
776
714
664
746
784
804
742
928
810
770
810
1026
964
968
996
1004
982
1156
1142
952
980
1058
898
940
834
816
740
818
774
808
736
802
814
886
872
818
874
834
960
980
878
858
898
888
832
828
838
856
896
824
858
824
922
1030
1038
1030
1082
1176
1100
1174
1128
1206
1146
1126
1198
1256
1240
1270
1234
1290
1256
1310
1344
1258
1280
1244
1312
1360
1346
1402
1522
1544
1552
1468
1428
1388
1400
1470
1472
1436
1336
1358
1418
1484
1456
1358
1328
1328
1242
1198
1194
1236
1154
1176
1124
1140
1192
1092
1100
1236
1152
1142
1090
1116
1038
996
1012
1024
1022
918
996
1044
1140
1122
992
948
954
1012
1018
1022
1026
926
802
866
920
994
896
918
884
826
778
702
772
874
796
778
808
732
764
700
778
786
794
778
836
860
910
826
752
766
766
706
632
638
642
682
676
676
682
782
742
728
718
762
686
760
742
852
926
966
928
882
1020
1068
1072
1034
1014
1094
1054
996
906
808
760
708
670
648
662
718
710
522
526
434
434
360
286
286
318
328
384
256
260
258
330
274
336
326
344
266
172
174
144
196
226
158
196
154
84
96
160
160
104
42
8
60
112
94
38
50
46
114
84
22
108
230
272
430
382
380
310
290
248
284
232
276
360
308
300
272
120
136
152
202
208
188
178
56
40
60
38
16
102
144
102
126
42
96
16
82
10
64
98
80
120
154
88
92
196
160
232
214
172
192
218
264
204
274
194
142
174
142
206
368
340
248
386
352
184
186
174
242
248
296
270
286
338
432
478
466
514
538
474
498
508
528
592
634
626
520
614
658
728
670
592
728
720
708
724
684
690
748
814
796
688
736
698
794
696
596
672
706
704
720
712
702
668
720
738
688
600
668
718
704
672
738
724
666
672
624
658
648
628
546
604
560
416
362
270
220
368
384
528
456
434
336
358
284
380
416
436
452
464
386
456
428
368
388
424
332
372
480
546
518
436
388
412
434
490
364
396
320
448
462
358
372
356
392
312
408
552
602
698
828
876
858
896
778
788
824
824
908
926
868
932
924
1052
966
1132
1170
1094
1158
1142
1182
1292
1222
1144
1138
1276
1288
1418
1524
1562
1454
1554
1452
1402
1358
1394
1336
1288
1236
1264
1222
1194
1202
1210
1158
1116
1152
1100
1074
1166
1202
1238
1176
1164
1198
1140
1070
1052
1034
1090
1164
1156
1098
1054
1084
974
1042
1076
1132
1076
1008
1022
1074
1032
918
942
1032
1030
1006
884
924
922
922
868
908
852
802
806
730
788
776
728
782
878
882
678
590
610
526
474
364
238
214
254
262
280
286
226
268
266
300
250
274
234
212
224
192
148
242
184
266
306
252
288
398
442
396
336
386
148
138
246
254
232
256
210
318
262
220
154
116
70
36
0
14
12
26
16
56
146
178
156
158
232
264
210
182
222
240
284
190
238
282
372
438
392
430
468
452
554
628
670
578
562
586
592
556
524
568
598
542
532
424
478
436
480
464
428
376
336
360
326
410
382
400
486
400
486
550
440
422
434
420
396
236
150
120
220
238
306
278
276
284
344
372
360
402
448
374
406
412
476
500
448
506
570
412
422
564
584
660
728
824
930
844
874
920
946
924
912
946
876
796
874
902
932
1004
870
804
784
854
864
866
838
824
684
750
702
700
782
838
818
838
890
876
888
866
848
882
816
892
896
884
864
786
684
714
734
720
882
934
968
890
802
794
822
838
824
744
814
754
654
578
628
646
654
664
740
588
628
692
678
732
704
702
724
720
726
732
730
678
686
686
668
682
574
652
640
578
568
638
636
588
676
758
742
804
884
950
856
990
1058
1034
1066
1136
1130
1058
1028
888
882
836
830
802
798
808
760
720
770
914
930
790
842
886
772
860
894
822
816
886
920
860
874
922
878
884
870
862
914
912
850
808
770
870
822
838
822
812
926
764
692
672
726
668
658
648
672
690
692
618
604
658
628
656
708
596
698
730
710
786
860
818
868
898
894
798
740
696
700
766
800
828
832
810
870
888
856
872
890
950
946
872
896
834
864
870
888
966
934
954
1038
994
952
932
934
888
834
838
852
1024
1008
938
896
896
880
1002
882
954
890
892
928
898
936
958
998
896
772
822
880
912
900
842
918
846
760
624
632
686
794
776
660
634
544
442
572
474
616
562
484
596
616
658
748
772
846
938
956
970
1030
1012
1028
1086
1064
1060
1024
1070
1080
1138
1012
1068
1092
1010
1030
1046
1122
1186
1138
1114
1120
1066
1120
1090
974
934
844
974
928
966
846
798
758
792
818
798
864
794
816
800
764
770
744
782
808
758
714
740
804
826
938
878
906
992
918
982
912
824
870
858
990
900
1020
1066
1206
1052
1002
976
1052
848
664
626
510
552
584
498
608
654
652
748
816
884
924
832
886
754
744
778
758
760
712
672
624
492
506
524
486
460
420
344
394
528
658
744
692
604
480
458
398
408
486
462
348
344
474
500
506
476
366
354
302
414
428
430
584
630
670
632
586
608
548
478
460
418
502
486
418
416
318
356
360
436
448
448
394
434
390
446
466
484
556
622
616
554
450
458
446
496
500
604
458
556
532
648
564
664
682
682
704
766
806
878
856
856
762
978
870
960
1000
1074
1008
974
964
870
834
808
846
898
866
956
898
800
866
906
980
996
936
1066
992
972
1056
1158
1082
944
864
934
1002
1032
1110
1146
1060
1068
1042
1112
1092
1064
1080
1138
1102
1114
1278
1340
1240
1310
1332
1350
1298
1392
1346
1324
1312
1298
1260
1128
1034
972
900
1012
992
964
960
906
916
874
924
956
812
814
856
916
772
892
908
872
864
900
1006
974
988
1070
1120
1182
1180
1094
944
888
900
844
944
914
866
980
1018
1052
1030
1022
930
922
968
960
1178
1124
1078
946
930
1036
964
968
876
910
920
968
1150
1232
1346
1324
1406
1326
1284
1308
1250
1214
1198
1166
1126
1146
1216
1154
1160
1194
1112
1026
948
930
840
888
878
874
820
866
868
910
870
916
940
892
820
898
996
1008
1086
1226
1214
1148
1148
1174
1208
1172
1054
1094
1162
1156
1166
1146
1224
1246
1178
1254
1278
1234
1276
1266
1222
1106
1030
1050
1158
1056
1024
914
896
874
794
776
770
684
724
756
738
762
892
812
700
702
708
840
790
698
804
792
780
774
816
720
718
690
510
634
588
492
542
512
578
538
442
418
444
450
348
212
148
124
68
108
58
136
146
102
12
12
76
190
226
34
178
142
190
196
34
134
46
152
186
182
286
318
258
296
330
240
216
102
70
6
56
46
86
100
52
4
4
102
142
130
168
206
224
166
116
118
166
12
90
48
168
144
88
46
54
62
10
40
114
68
140
126
24
48
158
124
302
398
436
426
490
516
592
580
490
424
514
484
538
472
392
418
464
502
570
580
504
550
580
590
506
460
528
464
442
328
252
264
210
142
172
188
176
6
12
6
60
164
90
110
170
144
256
162
118
264
176
58
196
188
166
132
172
168
290
182
254
218
162
158
180
142
210
262
196
186
116
194
146
154
306
318
212
324
216
170
274
274
404
430
460
528
450
352
424
416
440
432
330
270
414
498
532
538
518
596
626
624
648
682
640
650
818
724
650
634
696
706
744
804
762
778
772
826
900
970
914
882
862
870
966
910
862
886
872
768
722
592
582
726
690
766
700
744
636
600
492
438
478
538
586
572
534
530
540
576
612
704
730
790
836
756
714
838
856
856
778
714
846
914
746
748
796
886
890
900
902
800
776
794
860
912
894
838
876
838
810
772
790
780
802
884
802
746
756
802
780
684
690
678
662
602
534
448
348
412
266
162
212
98
56
10
4
48
10
72
108
68
96
112
256
348
282
332
220
290
272
224
180
140
232
194
214
204
192
236
268
334
420
526
604
440
434
358
446
490
480
486
388
384
322
340
340
294
274
276
246
282
204
298
182
306
324
306
156
178
218
136
168
160
244
36
4
42
82
58
48
6
30
16
72
80
72
52
50
118
50
82
136
116
10
0
20
70
94
146
136
80
0
58
224
278
272
314
282
226
192
178
96
168
76
8
48
18
24
52
20
72
24
48
14
34
66
258
258
280
176
114
168
138
80
28
102
100
164
162
242
290
326
350
350
524
530
444
574
486
412
430
390
406
380
504
516
530
470
512
502
616
588
608
692
610
648
654
694
640
678
846
864
866
934
826
848
900
770
618
694
772
826
684
692
670
668
738
848
844
972
1046
1010
972
952
976
988
976
1012
964
962
958
1034
1076
1112
1082
1156
1172
1132
1182
1224
1290
1286
1414
1460
1406
1462
1456
1496
1468
1488
1364
1468
1468
1438
1512
1514
1440
1398
1356
1302
1362
1374
1400
1378
1356
1342
1254
1284
1426
1408
1464
1348
1324
1280
1164
990
902
990
1066
1060
1120
1054
1134
1108
1192
1366
1414
1398
1478
1520
1528
1564
1488
1506
1502
1426
1334
1368
1338
1328
1478
1416
1466
1298
1248
1402
1458
1418
1484
1458
1450
1486
1408
1328
1352
1432
1410
1438
1430
1496
1546
1662
1578
1472
1464
1312
1262
1244
1310
1290
1266
1232
1144
1262
1264
1280
1264
1278
1202
1166
1274
1354
1284
1396
1468
1544
1624
1538
1672
1644
1688
1618
1714
1628
1500
1590
1502
1548
1506
1420
1378
1374
1370
1300
1286
1268
1280
1218
1248
1118
1034
1052
1026
934
972
1016
1030
876
806
808
764
858
890
824
770
670
654
704
650
712
786
822
756
762
872
880
972
1008
1116
1204
1304
1372
1224
1246
1260
1176
1094
1090
1228
1190
1076
1106
920
922
864
