888
862
842
830
828
838
864
880
856
864
850
876
884
890
866
848
872
866
860
870
888
906
890
910
914
928
922
872
864
862
880
870
892
912
866
874
830
838
836
856
880
850
874
884
842
840
840
846
838
838
844
828
836
856
862
866
914
872
896
886
892
904
942
930
926
934
932
924
904
934
960
948
930
918
926
910
872
918
936
910
894
914
856
874
870
878
876
876
846
882
882
878
898
866
882
846
832
856
876
844
816
824
792
788
760
782
798
754
784
800
816
848
806
782
806
820
846
812
844
852
834
832
878
856
842
840
838
860
838
832
872
902
898
896
934
932
926
928
894
916
864
850
876
890
904
908
906
922
930
932
924
922
908
916
928
920
934
896
884
892
868
896
896
890
900
880
860
846
844
850
854
844
888
896
894
876
844
860
864
862
844
870
844
862
860
868
882
878
900
906
914
944
934
914
920
912
922
906
912
892
886
904
890
892
854
868
906
938
944
938
922
930
932
894
896
914
900
896
920
888
876
838
794
808
776
836
846
826
852
850
898
906
856
868
834
832
820
822
836
820
822
874
842
888
894
880
872
842
836
850
842
856
900
912
898
906
932
902
920
904
892
890
878
884
882
888
892
926
880
854
836
860
888
900
896
896
888
912
922
906
890
858
892
902
900
900
890
896
862
896
848
860
876
866
858
840
798
858
900
926
898
908
922
942
940
932
926
918
920
928
928
904
914
914
922
898
882
898
898
892
898
862
850
862
878
882
874
888
886
940
930
944
934
940
942
932
928
908
906
896
904
886
890
894
884
900
902
894
902
886
874
866
902
896
880
884
898
882
894
852
844
880
862
888
892
904
908
916
910
934
916
906
900
896
894
896
888
874
852
804
810
846
810
802
804
798
804
842
844
884
864
892
862
846
842
868
880
854
846
846
852
868
876
880
888
888
888
854
860
852
824
856
850
844
838
868
866
882
882
864
894
886
896
902
930
952
932
906
876
870
876
870
862
830
822
830
822
814
840
812
792
822
826
800
810
834
820
844
868
872
864
874
890
858
862
856
870
846
818
844
874
888
892
890
854
844
850
820
810
832
792
804
786
780
698
666
662
650
690
738
778
764
770
768
778
754
760
764
756
792
808
780
756
762
748
740
768
758
762
782
810
780
798
854
850
828
828
832
810
816
808
780
764
720
740
762
780
768
754
708
714
708
716
726
742
744
720
716
728
728
744
752
718
692
730
744
722
728
742
764
710
660
608
652
680
668
644
662
640
670
680
710
720
726
728
726
778
740
752
762
730
704
744
690
698
692
644
654
662
640
674
672
660
676
662
646
698
684
660
640
640
620
636
596
594
592
596
656
646
660
612
590
592
636
584
638
638
628
628
650
628
664
658
646
630
628
644
632
630
668
658
682
688
706
724
724
742
762
778
744
750
780
764
780
784
776
774
774
782
788
810
832
836
836
838
844
856
876
894
898
878
882
910
904
900
894
924
912
910
914
924
944
946
916
934
928
920
920
932
874
896
910
932
890
894
906
898
930
930
922
918
896
872
836
852
894
916
902
858
876
898
878
852
858
896
896
916
920
914
896
898
892
906
868
860
854
836
854
836
776
770
792
826
800
810
810
844
832
810
794
790
806
844
860
880
886
916
882
914
890
890
922
912
920
922
922
902
896
854
844
840
848
842
810
834
824
844
862
860
868
870
862
896
898
896
870
914
906
896
922
928
952
934
922
908
906
914
936
952
912
890
896
922
936
926
922
892
870
898
888
870
874
844
852
868
886
884
880
876
872
876
874
834
834
892
904
886
838
854
876
884
884
894
868
862
850
832
834
818
786
816
820
800
822
862
890
932
928
936
930
940
932
910
888
874
876
858
858
840
830
806
830
808
794
826
794
806
806
826
812
858
874
874
870
880
850
862
830
814
842
884
866
868
852
842
860
846
888
868
876
882
888
858
884
912
894
926
918
884
922
920
904
898
878
914
904
888
902
910
890
880
854
854
844
838
834
872
908
870
882
908
938
948
922
894
882
888
884
866
850
860
872
848
870
916
936
924
918
896
902
900
864
890
880
878
856
892
896
866
886
894
866
882
886
884
912
892
884
896
910
892
900
918
932
918
918
920
932
946
938
948
932
932
906
924
890
908
884
866
864
856
878
848
834
790
786
794
850
820
842
862
862
876
846
854
834
852
886
894
882
918
910
900
910
888
914
940
958
938
942
942
956
974
922
936
906
916
886
868
886
896
896
866
906
898
902
876
874
864
870
890
902
884
888
894
894
914
890
896
876
900
916
894
896
910
886
908
886
902
884
862
866
858
876
884
868
878
878
846
878
880
866
866
858
860
878
882
862
876
882
916
912
916
912
922
912
872
846
870
880
878
860
880
832
858
894
890
890
902
892
914
924
908
912
922
906
920
924
874
900
900
922
914
930
914
902
884
890
842
874
858
866
864
854
838
854
876
882
854
842
808
832
892
876
898
892
906
882
862
850
836
842
882
878
860
860
836
838
810
812
790
750
722
760
720
728
706
710
744
778
810
804
760
768
784
736
732
746
756
764
788
768
810
820
856
884
894
868
896
892
900
926
916
904
902
872
880
932
936
946
924
928
938
906
952
946
930
908
914
918
914
890
926
916
916
936
920
940
912
938
942
936
928
916
894
882
878
894
862
878
854
840
850
840
824
840
816
814
840
816
802
814
854
856
842
834
860
858
830
810
792
834
852
898
884
878
896
868
872
890
896
872
898
898
896
884
872
878
902
898
920
920
928
932
924
910
928
908
900
912
918
914
926
954
940
912
904
910
926
918
946
952
922
906
890
864
844
804
836
808
852
838
814
798
828
840
858
874
894
910
920
916
946
928
898
912
924
904
948
940
946
924
922
930
922
908
890
852
874
886
852
870
900
894
888
890
872
894
894
902
918
888
866
852
826
828
828
804
806
860
836
856
888
886
892
866
822
830
856
852
864
884
892
912
896
906
900
902
888
882
890
892
876
844
848
912
928
910
904
874
878
872
890
872
908
926
916
902
880
860
900
896
922
930
886
874
864
850
842
846
822
836
808
800
836
832
818
818
792
806
798
782
794
798
776
752
784
830
830
838
832
796
800
806
772
780
736
724
778
794
812
808
834
864
822
866
888
886
846
872
868
880
846
826
852
858
864
850
844
822
834
828
832
784
834
842
826
820
816
862
856
886
870
890
876
872
896
854
880
844
830
844
860
900
894
906
934
906
892
918
882
924
922
922
924
892
914
904
872
878
866
892
896
908
898
884
870
870
850
852
866
856
864
868
870
852
866
882
866
880
896
864
838
820
866
870
860
884
882
880
886
898
914
872
838
878
892
902
926
938
906
860
852
872
888
890
912
908
894
914
922
946
942
954
928
892
870
852
840
850
840
834
840
864
858
898
890
872
896
890
906
886
856
870
866
856
880
902
912
914
926
948
928
890
928
928
946
940
926
914
926
930
926
952
934
940
922
960
942
894
918
900
906
912
898
892
904
902
894
894
898
892
868
898
904
868
830
832
858
866
844
798
834
836
850
914
892
922
908
912
894
880
868
872
868
840
856
872
872
850
862
880
870
884
882
910
896
878
864
882
890
908
914
950
924
948
934
910
924
928
920
888
870
856
866
900
884
882
870
868
856
832
818
816
812
818
806
822
814
820
804
832
820
824
816
820
856
888
848
794
834
816
796
804
842
840
820
772
798
772
804
788
776
780
752
796
764
782
798
784
796
802
824
836
860
858
850
838
854
834
836
824
792
810
774
824
832
862
880
878
826
830
836
836
856
888
840
866
868
894
902
872
890
896
898
896
872
882
880
878
872
908
886
876
860
856
888
864
882
892
874
902
880
850
870
852
856
860
862
872
846
826
776
808
810
806
798
804
820
794
834
796
810
824
820
844
838
856
864
860
910
904
886
868
858
896
904
878
890
908
910
902
922
906
924
908
896
888
894
898
876
866
878
878
882
888
850
862
878
876
916
900
904
894
904
876
872
870
832
830
820
836
848
840
854
886
910
922
902
926
942
920
918
912
896
874
894
926
922
920
910
910
918
912
922
920
914
906
924
920
920
924
914
916
892
912
936
896
886
852
840
878
858
854
840
830
832
842
802
794
822
816
844
846
864
872
856
848
868
880
878
860
886
900
884
904
922
920
930
924
916
880
876
890
886
900
856
886
890
868
868
874
896
910
874
880
898
900
914
852
846
846
824
776
784
786
742
766
782
770
788
800
804
830
824
808
862
862
872
872
898
912
910
912
902
882
898
904
912
902
900
892
862
876
832
844
846
884
882
902
890
856
860
872
878
850
866
814
832
852
904
884
880
908
896
890
896
920
904
896
872
880
886
816
822
820
810
862
850
838
854
818
830
852
814
792
766
770
772
788
736
746
758
780
794
808
828
786
804
828
848
864
894
880
870
904
908
912
896
848
858
848
842
844
818
852
876
870
818
858
892
898
894
884
868
874
876
840
852
854
860
888
882
866
848
838
834
848
866
858
856
872
868
866
864
880
894
904
890
910
906
910
902
910
904
884
884
902
900
908
