5214
5220
5208
5120
4920
5092
5118
5138
5188
5142
5100
5176
5232
5124
5122
5168
5046
5140
5208
5106
5164
5126
5156
5186
5360
5330
5110
5216
5284
5206
5134
5168
5136
5128
5248
5220
5266
5226
5086
5178
5108
5116
5166
5150
5134
5282
5092
5092
5028
5064
4974
5030
5072
5238
5210
5256
5364
5238
5396
5222
5142
5134
5204
5208
5226
5108
5036
5006
5114
5188
5158
5190
5044
4972
4986
4980
5074
4910
5082
5132
5058
5100
5032
5138
5104
5094
4938
4930
4900
4860
4744
4814
4880
4850
4824
4796
4826
4744
4790
4708
4710
4526
4584
4722
4754
4832
4812
4796
4866
4776
4726
4678
4612
4618
4566
4510
4506
4518
4250
4398
4394
4438
4532
4564
4616
4606
4598
4426
4458
4424
4450
4464
4520
4506
4520
4474
4484
4604
4656
4580
4526
4460
4464
4518
4436
4484
4634
4594
4544
4476
4564
4638
4606
4560
4558
4572
4586
4566
4582
4622
4722
4806
4850
4786
4718
4770
4674
4686
4594
4758
4648
4500
4510
4580
4490
4444
4454
4438
4326
4292
4244
4228
4116
4016
3856
3908
3872
3818
3914
3858
3888
4030
3830
3910
3892
3958
3934
4006
3952
3998
4112
4188
4162
4044
4108
4044
3892
3910
4056
4024
4072
4076
4056
4216
4160
4252
4222
4342
4454
4408
4632
4630
4688
4668
4642
4734
4626
4550
4564
4646
4452
4480
4494
4594
4440
4446
4436
4470
4350
4310
4262
4104
4262
4294
4278
4304
4398
4310
4268
4364
4404
4304
4422
4382
4428
4460
4404
4356
4354
4354
4328
4282
4334
4416
4542
4464
4504
4480
4508
4566
4558
4420
4330
4434
4424
4446
4440
4508
4496
4484
4624
4804
4924
4954
5072
5096
5026
4994
5024
5062
5054
5124
5084
5190
5204
5240
5248
5266
5282
5298
5182
5148
5246
5184
5084
5052
5122
5200
5108
5226
5180
5148
5162
5094
4894
4956
5018
5084
5074
5056
5114
5170
5316
5386
5408
5390
5454
5402
5304
5148
5124
5006
5048
5206
5148
5018
4960
5066
5106
5078
5176
5184
5038
4968
4914
4892
4928
5076
5114
5214
5164
5138
5042
5024
5254
5418
5468
5458
5486
5482
5586
5690
5628
5500
5530
5512
5610
5682
5686
5728
5772
5662
5678
5568
5448
5420
5280
5296
5216
5262
5214
5156
5070
4982
5172
5204
5152
5128
5056
4902
4800
4912
4868
4842
4772
4654
4638
4738
4728
4784
4762
4684
4610
4642
4634
4660
4618
4686
4720
4698
4732
4582
4646
4552
4556
4496
4416
4400
4396
4448
4512
4364
4438
4326
4376
4246
4270
4292
4300
4326
4204
4240
4086
4180
4248
4270
4354
4224
4248
4400
4370
4426
4356
4318
4430
4410
4444
4474
4408
4434
4588
4676
4650
4558
4576
4662
4760
4812
4930
4888
4842
4832
4890
4850
4858
4890
4888
4934
4988
5022
5060
5050
4992
5012
5070
5062
5080
5160
5300
5226
5272
5206
5216
5224
5200
5042
5056
4990
5126
5110
5022
5030
4936
4980
5142
4948
5086
5034
5008
4972
5072
5148
5246
5338
5278
5140
5248
5190
5014
4950
4928
4862
4828
4876
4960
5068
4998
5018
5072
5074
5138
5060
4898
4874
5006
4992
4892
4868
4982
5134
5102
4990
5094
5028
5006
5018
5096
5056
4994
5064
5124
5276
5268
5236
5422
5362
5328
5338
5314
5288
5356
5290
5322
5422
5302
5206
5178
5180
5206
5058
5064
4952
5134
5086
5062
5070
5120
5020
4964
4938
5032
5016
5042
5112
5224
5304
5192
5188
5100
5126
5114
5192
5154
5150
5210
5152
5180
5128
5204
5188
5098
4966
5024
4948
4756
4774
4700
4620
4630
4736
4742
4708
4740
4740
4762
4850
4898
5024
5082
4986
5044
4996
4966
5094
5028
4910
4874
4988
4928
4888
4982
5090
5004
5102
5174
5122
5028
4960
5144
5128
5062
4976
4952
5020
4994
4866
4806
4734
4680
4804
4746
4758
4786
4854
4666
4720
4732
4718
4586
4684
4730
4572
4600
4578
4622
4566
4648
4686
4582
4666
4652
4624
4500
4466
4478
4564
4658
4716
4668
4658
4552
4558
4658
4708
4742
4754
4802
4902
4856
4984
5046
5076
4946
5006
4808
4640
4472
4558
4562
4704
4724
4824
4876
4878
4842
4726
4570
4500
4392
4456
4524
4492
4592
4548
4662
4754
4764
4696
4670
4618
4704
4728
4748
4888
4996
4944
4816
4742
4764
4816
4966
5020
4964
4932
4846
4816
4744
4526
4516
4548
4678
4682
4642
4472
4682
4726
4726
4798
4792
4910
4820
4898
4846
4956
4852
4788
4648
4530
4556
4524
4506
4544
4468
4354
4178
4228
4404
4430
4524
4522
4520
4552
4640
4488
4564
4470
4442
4412
4470
4516
4498
4564
4784
4752
4666
4782
4546
4474
4534
4514
4476
4522
4478
4558
4708
4726
4884
4818
4780
4722
4644
4696
4674
4594
4528
4592
4656
4614
4404
4288
4414
4474
4478
4512
4424
4456
4478
4502
4538
4674
4668
4740
4692
4778
4774
4624
4798
4710
4690
4768
4754
4682
4652
4720
4742
4710
4704
4608
4548
4596
4550
4480
4480
4372
4448
4448
4350
4376
4474
4538
4602
4582
4660
4602
4612
4418
4490
4478
4332
4366
4520
4628
4644
4544
4652
4826
4850
4724
4792
4918
4870
4898
5068
5118
5074
5100
5192
5034
5024
5102
5158
5056
5192
5160
5222
5246
5242
5220
5320
5278
5198
5300
5352
5380
5378
5398
5388
5280
5282
5204
5130
5178
5134
5260
5316
5314
5366
5472
5478
5530
5620
5674
5724
5894
5742
5650
5684
5646
5522
5448
5416
5364
5360
5370
5484
5428
5490
5414
5284
5488
5572
5692
5608
5566
5728
5744
5650
5654
5582
5602
5508
5492
5414
5340
5324
5246
5402
5360
5330
5342
5320
5228
5246
5208
5156
5158
5198
5206
5198
5276
5402
5340
5446
5350
5484
5396
5204
5168
5218
5134
5100
5124
5166
5342
5086
5048
5060
5084
5022
4968
4926
4958
5088
5168
5312
5474
5526
5514
5406
5310
5294
5372
5234
5304
5190
5180
5336
5322
5232
5154
5158
5224
5322
5224
5350
5374
5260
5212
5356
5330
5340
5340
5372
5496
5464
5570
5644
5654
5724
5716
5770
5718
5708
5662
5756
5850
5804
5770
5798
5776
5602
5684
5682
5616
5684
5764
5830
5928
5878
5828
5676
5692
5668
5722
5604
5642
5694
5638
5660
5678
5828
5774
5724
5798
5660
5724
5782
5738
5810
5826
5900
5936
5872
5856
5906
5892
5928
5956
5918
6042
6186
6170
6134
6128
6144
6148
6140
6192
6112
6042
6120
6042
5988
6056
6126
6042
6110
6176
6126
6246
6306
6304
6278
6416
6236
6078
6308
6312
6356
6462
6574
6520
6604
6606
6602
6564
6510
6532
6560
6614
6446
6442
6468
6576
6536
6320
6308
6300
6292
6236
6320
6314
6398
6362
6368
6380
6454
6280
6360
6314
6314
6338
6310
6400
6338
6334
6218
6218
6244
6162
5976
6116
6140
6068
5984
6044
6034
6032
6028
6150
6220
6150
6116
6176
6148
5986
5908
5960
5978
5960
5846
5946
5888
5856
5914
6038
6040
6058
6086
6020
6050
6018
5896
5868
5752
5806
5784
5790
5756
5926
5888
5902
5976
5884
5942
5986
6064
5998
5930
5898
5784
5664
5590
5554
5654
5670
5730
5678
5634
5786
5968
5904
5968
6002
6068
6104
6246
6306
6386
6464
6570
6482
6502
6524
6514
6508
6566
6508
6578
6516
6380
6468
6464
6428
6562
6530
6428
6636
6656
6548
6614
6654
6654
6576
6634
6520
6318
6310
6308
6220
6114
6190
6216
6212
6200
6190
6152
6240
6198
6238
6246
6106
6138
6264
6186
6226
6146
6146
6098
6032
6100
6138
6036
6082
6158
6270
6274
6240
6206
6290
6280
6440
6468
6444
6446
6478
6520
6486
6446
6484
6604
6540
6380
6348
6492
6394
6446
6508
6516
6554
6508
6366
6382
6276
6306
6370
6372
6442
6484
6426
6360
6348
6444
6384
6454
6498
6424
6348
6316
6206
6116
6136
6200
6306
6312
6306
6368
6456
6460
6458
6538
6480
6488
6426
6310
6200
6290
6396
6366
6372
6542
6482
6436
6434
6496
6458
6524
6578
6502
6522
6576
6586
6502
6482
6602
6500
6548
6528
6600
6550
6518
6462
6436
6384
6452
6578
6558
6622
6572
6592
6748
6690
6672
6780
6888
6820
6778
6740
6690
6698
6782
6806
6768
6666
6588
6608
6680
6706
6748
6652
6722
6752
6820
6728
6896
6756
6860
6824
6820
6784
6638
6702
6798
6702
6642
6714
6662
6538
6572
6472
6310
6398
6404
6520
6590
6674
6596
6656
6692
6612
6616
6532
6576
6470
6562
6566
6622
6542
6650
6720
6684
6706
6702
6574
6542
6590
6646
6580
6642
6672
6626
6668
6710
6550
6548
6518
6530
6392
6384
6496
6516
6404
6520
6484
6504
6454
6362
6440
6326
6288
6224
6282
6268
6474
6552
6442
6352
6290
6304
6256
6108
6008
6010
6080
6134
6258
6314
6266
6306
6258
6056
6094
6146
6150
6262
6436
6286
6248
6398
6266
6334
6424
6388
6354
6310
6310
6250
6220
6168
6246
6236
6174
6236
6324
6240
6118
6246
6262
6370
6402
6290
6242
6204
6374
6372
6336
6320
6350
6276
6296
6274
6274
6332
6296
6282
6216
6136
6200
6226
6248
6204
6296
6164
6236
6088
6144
6156
6300
6404
6430
6460
6374
6322
6270
6242
6132
6136
6058
6080
6014
5970
5966
6016
5822
5746
5856
6056
6188
6302
6200
6270
6288
6288
6210
6178
6176
6194
6076
6020
6082
6082
6058
6092
6016
5888
5996
6044
5986
5794
5818
5734
5846
6002
5896
5936
5932
6042
5982
6022
6074
6114
6064
6030
6004
5872
5988
6004
5944
5928
5972
6038
6102
5970
6234
6326
6482
6446
6300
6274
6278
6368
6456
6484
6604
6548
6408
6382
6364
6352
6306
6342
6522
6594
6542
6624
6526
6634
6686
6664
6684
6524
6580
6594
6536
6424
6464
6530
6526
6654
6676
6632
6630
6548
6546
6594
6572
6432
6458
6438
6414
6420
6482
6394
6474
6454
6414
6506
6470
6624
6588
6576
6526
6568
6674
6652
6576
6538
6592
6470
6440
6514
6654
6782
6820
6850
7018
6992
6958
6940
7014
7026
7042
7028
6934
6894
6892
6824
6864
6810
6910
6820
6908
6802
6860
6748
6808
6692
6704
6724
6748
6678
6584
6476
6512
6514
6442
6442
6574
6602
6548
6564
6656
6698
6634
6564
6762
6714
6754
6684
6666
6606
6676
6750
6782
6824
6854
6930
6908
6944
6968
6920
6962
6988
6910
6888
6900
6844
6844
6778
6688
6614
6530
6536
6430
6490
6500
6438
6332
6420
6390
6348
6144
6236
6330
6270
6228
6306
6384
6384
6422
6496
6506
6572
6562
6650
6500
6446
6454
6518
6508
6344
6208
6158
6284
6214
6152
6224
6296
6408
6422
6478
6462
6320
6396
6426
6416
6324
6170
6088
6168
6006
6068
6044
5944
5844
5876
5784
5954
5970
6188
6184
6214
6276
6396
6258
6194
6202
6126
6158
6206
6186
6240
6250
6302
6456
6422
6356
6106
6044
5956
5964
5924
6020
6108
6144
6128
6088
6184
6222
6116
6096
6148
5908
5948
5848
5910
5862
5998
5830
5916
5940
5798
5860
5880
5744
5780
5806
5726
5740
5874
5804
5990
5834
5864
5920
5986
6000
5984
5986
6010
6014
6040
6082
6056
6000
6146
6044
6102
6082
6166
6122
6204
6312
6254
6236
6238
6250
6308
6198
6256
6236
6328
6316
6272
6222
6312
6344
6338
6502
6434
6352
6406
6314
6226
6240
6270
6396
6448
6328
6340
6286
6264
6162
6186
6256
6258
6166
6352
6322
6304
6412
6490
6634
6610
6746
6662
6620
6684
6768
6750
6702
6578
6494
6496
6524
6468
6574
6388
6212
6252
6126
6238
6222
6146
6316
6156
6126
6208
6182
6160
6150
6262
6098
6076
6120
6148
6406
6404
6502
6556
6498
6334
6370
6430
6376
6440
6534
6614
6572
6674
6528
6404
6334
6384
6348
6098
6126
6046
6142
6272
6244
6196
6214
6354
6358
6286
6248
6228
6314
6222
6244
6274
6296
6316
6162
6130
6248
6238
6326
6454
6456
6472
6452
6318
6290
6292
6384
6362
6288
6290
6198
6138
6098
6052
6172
6224
6252
6280
6304
6382
6264
6226
6228
6104
6190
6184
6262
6262
6314
6318
