858
848
858
860
860
858
894
918
894
862
824
848
842
854
828
846
866
854
846
816
830
814
812
836
840
844
850
838
830
850
830
800
792
834
830
826
826
810
830
842
884
850
836
822
788
828
828
828
804
780
794
802
804
778
746
802
800
826
872
846
848
830
800
824
852
822
830
840
820
826
816
798
742
740
722
716
732
706
696
644
672
642
692
662
650
646
656
670
644
594
592
612
616
588
570
532
516
488
482
492
472
436
456
520
500
486
494
490
508
546
524
552
556
544
534
528
516
494
452
428
462
478
492
464
486
504
514
494
500
516
522
522
516
484
476
498
478
456
476
482
488
472
528
530
498
508
494
518
508
584
568
586
618
606
636
622
612
654
670
650
648
628
652
606
608
620
612
622
576
588
538
534
590
594
568
580
550
508
528
526
550
526
498
514
518
520
558
570
562
562
614
630
630
630
620
612
594
604
626
640
662
648
642
680
698
728
734
732
772
736
728
720
690
690
654
688
708
682
664
718
706
680
656
644
624
620
652
616
644
672
646
596
610
656
626
638
636
596
580
582
574
572
576
580
574
588
610
604
600
582
566
530
534
508
548
518
506
494
494
466
458
416
412
448
454
464
468
488
488
444
454
458
522
544
532
534
554
614
614
588
594
586
534
604
604
564
488
486
500
468
460
456
444
430
438
474
516
522
524
524
570
572
554
590
616
608
578
584
546
520
532
546
526
540
524
502
434
454
464
448
446
484
506
474
406
454
512
492
472
502
520
500
466
470
492
516
492
498
510
512
510
576
570
564
556
510
566
560
504
524
510
502
510
472
466
498
514
534
534
544
622
612
550
542
570
580
580
560
606
614
684
714
690
684
674
658
650
662
634
632
646
642
666
672
672
704
692
724
700
676
620
604
582
564
584
554
530
512
510
538
544
548
568
590
576
570
578
574
534
528
528
576
544
542
512
488
520
512
512
548
566
606
574
596
624
578
600
606
596
642
638
658
684
690
724
714
738
766
774
756
780
816
788
748
780
820
786
806
802
784
778
746
804
842
850
862
900
918
900
896
894
888
894
886
896
884
854
876
852
806
784
816
800
798
790
766
796
814
796
794
812
786
810
792
800
794
788
760
734
748
774
768
792
812
818
806
818
788
772
760
780
784
744
774
766
784
780
820
812
812
778
754
766
782
788
736
744
758
742
758
758
724
754
762
750
742
746
786
794
814
860
820
780
788
786
788
810
838
818
842
858
852
874
856
784
766
762
776
778
800
780
790
796
862
894
886
880
816
832
806
814
824
788
770
768
788
792
802
786
796
760
758
746
724
754
756
772
776
754
780
740
722
740
742
738
736
746
728
808
808
804
784
778
770
766
776
790
766
762
738
720
676
644
632
626
622
608
610
636
638
660
672
692
682
662
656
616
674
640
634
668
648
642
658
690
676
690
698
704
706
716
686
722
720
748
740
798
800
774
804
814
792
750
716
692
758
776
792
808
818
794
794
800
804
856
870
858
858
816
836
854
862
850
852
848
826
816
824
828
834
834
846
854
798
780
798
832
874
900
898
938
924
938
926
938
912
918
884
892
882
846
850
858
836
844
864
860
854
832
870
882
906
888
890
864
858
872
862
860
880
888
840
840
848
834
810
854
862
858
806
770
782
802
780
750
760
762
744
740
760
734
722
674
638
662
622
634
600
578
564
532
560
504
506
498
496
468
464
436
450
442
446
476
490
486
488
432
470
486
490
468
490
500
528
538
538
584
612
676
676
708
644
684
706
742
738
702
700
684
674
658
702
786
824
802
824
814
804
816
804
854
808
770
730
680
672
730
748
746
776
808
808
792
768
804
826
808
820
800
764
758
808
792
830
824
848
818
828
834
836
850
832
802
836
862
856
854
848
824
866
850
836
842
848
840
816
834
824
834
866
880
878
882
872
876
882
902
856
886
872
828
784
794
770
802
834
786
786
800
796
838
840
834
854
840
868
874
876
874
884
876
870
886
882
860
866
904
950
926
932
946
932
894
874
844
840
836
804
762
766
742
798
824
846
834
794
820
806
802
794
768
740
746
754
790
748
730
724
718
710
736
740
716
762
748
774
788
768
802
818
828
800
782
744
716
718
740
754
766
782
756
744
672
684
670
678
656
652
670
626
610
672
672
690
662
694
698
698
694
696
676
734
746
744
768
756
750
704
710
694
696
684
706
724
744
736
758
784
764
740
720
720
704
728
702
690
652
662
708
662
664
678
686
768
780
742
758
744
732
694
660
692
688
716
720
730
744
754
756
750
750
778
792
770
788
752
724
698
680
660
654
622
620
618
636
640
604
624
606
598
594
602
602
634
594
638
668
678
654
674
668
672
704
722
740
734
720
776
786
768
816
800
860
830
790
792
792
818
802
804
826
834
860
870
838
832
886
874
892
904
898
904
888
902
882
896
878
870
878
878
878
858
832
826
810
788
764
756
768
742
712
696
718
762
792
786
786
812
790
778
754
782
818
828
824
806
800
812
782
774
806
798
826
832
838
870
864
834
864
878
894
890
878
870
872
878
902
866
796
714
668
666
638
646
636
632
614
626
616
654
620
636
684
732
726
754
786
778
788
860
848
870
870
882
918
888
896
888
868
892
906
902
900
906
870
842
828
858
880
884
878
850
826
794
822
826
854
842
828
816
816
848
830
836
852
840
868
876
860
872
880
880
854
808
780
806
810
798
800
812
824
868
866
842
894
870
858
884
876
894
916
898
902
884
882
848
852
854
850
874
866
876
864
830
828
822
838
844
892
890
900
874
862
854
858
828
876
880
886
882
878
844
848
878
870
836
830
870
880
872
836
836
790
796
796
826
824
870
832
818
812
864
892
886
898
898
918
910
870
832
834
820
810
828
818
784
768
786
792
816
844
866
878
888
916
932
886
870
854
886
862
852
876
868
884
888
892
892
872
834
826
830
834
838
854
836
788
828
828
852
852
874
874
876
844
876
874
854
832
808
832
832
810
846
838
848
838
846
846
846
786
792
816
808
842
854
838
828
810
836
838
842
866
852
854
866
898
882
884
900
876
862
878
902
900
900
872
878
868
862
812
844
834
810
778
844
846
824
782
794
800
782
794
766
742
748
760
728
764
776
770
742
714
772
804
762
752
744
736
718
722
716
690
694
654
662
666
700
682
686
634
714
718
728
708
714
738
750
714
708
734
758
758
786
816
774
772
758
748
778
778
802
822
784
776
826
854
842
850
806
804
808
836
812
834
804
756
744
754
730
708
700
666
620
636
594
540
574
560
614
592
600
604
600
622
600
588
652
652
656
618
610
554
566
532
514
488
510
488
520
484
464
486
466
474
456
476
434
418
394
468
494
502
524
502
514
514
496
532
534
532
552
544
546
572
602
642
620
614
634
642
686
732
702
666
658
628
624
588
606
600
672
708
722
738
708
720
724
696
662
670
664
638
632
672
668
660
658
628
688
698
698
670
700
774
728
740
758
684
730
716
760
732
738
780
750
778
790
784
768
766
752
716
750
772
772
730
752
708
706
718
712
682
716
710
704
732
730
744
782
734
750
702
692
716
796
810
826
838
804
798
822
838
864
880
886
876
900
900
908
916
908
920
904
884
858
826
828
834
778
754
726
748
756
752
790
796
776
750
772
776
812
820
864
836
830
818
812
806
802
772
746
780
824
844
832
832
804
808
798
810
806
808
830
822
848
830
794
758
782
802
802
804
780
838
874
848
836
812
792
778
724
744
786
732
732
698
714
768
702
708
706
718
806
788
794
788
786
782
778
794
764
802
812
788
804
798
800
766
750
756
788
808
804
820
788
770
782
778
754
714
754
778
794
752
706
678
656
630
612
630
606
614
614
620
618
640
638
642
700
746
702
692
680
650
690
704
728
736
718
680
710
734
742
740
780
830
816
800
772
780
796
804
808
812
808
812
804
804
824
810
824
826
826
868
830
828
838
846
846
814
820
834
840
814
814
784
800
822
838
844
834
834
856
880
836
888
878
884
892
900
856
878
858
850
862
834
830
842
864
882
910
892
904
860
826
830
812
784
770
804
812
814
772
762
742
750
746
754
740
786
784
808
800
806
826
782
792
804
770
778
736
798
810
804
804
780
782
776
796
818
832
836
848
868
884
882
862
888
900
880
858
814
790
806
826
836
818
828
844
848
862
834
856
800
798
812
832
814
818
844
844
846
802
790
760
756
758
740
696
662
682
630
678
674
708
736
780
786
828
812
800
806
820
792
758
756
754
754
718
726
720
772
768
758
784
752
748
718
748
760
762
784
768
744
780
790
768
784
812
778
788
790
814
816
802
796
762
818
814
852
818
840
820
820
870
882
904
904
914
934
942
918
930
922
924
898
890
858
836
860
886
892
872
878
888
860
866
876
876
858
880
864
870
840
852
834
856
824
856
894
882
832
874
858
816
776
782
750
780
770
782
804
790
818
858
874
882
862
860
858
860
808
790
784
842
840
832
822
818
792
796
816
824
860
878
896
884
870
854
876
848
846
828
822
834
820
826
830
808
800
834
864
868
854
886
870
858
866
870
