98
38
28
38
16
38
10
46
26
96
116
142
144
130
146
112
130
160
182
106
72
90
134
86
78
110
128
168
216
262
246
260
208
236
268
248
228
170
166
198
206
214
232
296
294
256
246
226
200
222
234
250
194
122
70
70
102
138
118
114
166
198
174
182
216
292
230
188
162
150
114
80
114
126
168
166
188
202
236
258
266
292
308
282
308
266
212
220
210
234
216
142
184
196
170
220
208
226
302
324
290
268
234
228
224
240
248
266
296
268
252
236
238
220
220
222
260
320
320
378
362
434
456
446
454
430
468
462
482
462
434
444
462
484
470
502
518
500
534
546
528
570
574
562
550
518
514
516
518
488
476
482
508
446
436
422
452
430
422
416
460
518
492
498
532
572
586
588
592
592
594
624
610
596
584
564
456
484
504
542
524
494
488
502
490
446
502
490
424
404
368
358
354
372
350
348
350
372
350
344
388
410
392
314
308
308
344
330
292
294
268
268
202
198
246
218
240
230
204
158
158
216
218
198
192
162
186
226
254
272
292
274
270
242
220
244
256
320
346
304
310
314
246
292
312
262
222
240
308
308
326
376
374
366
428
416
370
346
358
440
366
330
358
314
322
334
312
330
316
322
292
302
270
250
282
262
266
266
268
256
248
226
216
182
132
114
112
98
140
126
100
76
50
72
76
44
54
12
6
18
20
18
76
68
108
144
144
100
126
130
122
54
62
46
106
96
106
128
116
84
108
60
78
102
150
144
170
192
178
166
194
196
184
150
148
88
86
68
74
8
36
64
106
60
42
6
6
32
62
22
46
14
4
10
24
34
14
14
22
76
114
152
148
164
154
212
94
10
28
90
84
98
84
78
80
58
80
90
92
100
152
112
140
184
118
156
250
230
270
296
312
262
264
274
200
132
144
146
140
138
138
136
154
154
126
76
60
80
100
106
92
106
88
154
170
138
154
156
144
158
136
176
194
168
116
122
114
66
64
74
24
22
42
44
2
16
20
100
92
94
118
114
44
24
12
40
48
62
12
12
18
0
30
64
78
52
12
20
10
6
6
6
40
38
20
50
20
60
114
94
90
104
136
108
96
78
96
192
192
216
234
248
194
160
190
214
204
264
290
298
312
366
362
336
378
378
460
432
452
448
378
344
344
324
302
312
314
298
292
292
280
272
222
232
242
238
158
124
108
52
30
24
82
102
100
96
94
54
42
58
96
146
96
108
110
162
168
186
174
132
108
140
140
116
156
174
222
186
216
202
200
162
232
184
172
186
158
188
176
228
192
248
252
264
240
160
186
212
186
156
168
156
130
94
96
72
112
124
106
48
24
26
42
80
42
74
54
88
40
24
70
76
110
116
138
122
92
88
108
134
162
174
114
126
100
96
76
114
76
62
60
82
118
200
188
214
230
192
198
230
250
270
218
260
242
300
332
358
426
376
312
324
348
352
312
312
344
310
278
180
156
130
86
112
134
120
170
176
234
162
164
170
148
180
180
174
190
210
202
176
118
152
202
228
238
240
274
242
150
180
164
142
148
178
206
258
256
316
342
332
326
358
372
338
320
316
284
300
310
322
298
298
294
282
240
290
338
326
314
288
274
288
336
362
324
302
384
398
446
472
454
430
380
358
396
356
278
204
190
228
214
188
208
192
180
194
180
158
166
194
146
138
168
172
212
200
262
246
242
278
186
178
162
160
156
188
206
144
124
118
82
150
182
102
78
60
32
60
68
40
112
92
106
68
40
2
16
0
46
18
36
62
30
12
20
16
68
108
88
86
112
90
52
20
64
72
92
132
102
122
68
70
116
110
150
154
196
202
226
166
200
174
176
120
88
156
128
142
136
158
182
168
198
230
238
242
208
298
244
212
234
180
164
150
136
106
162
178
148
130
160
150
148
106
124
96
102
144
140
108
94
78
62
34
62
94
140
96
144
186
152
172
172
182
184
194
218
210
234
222
246
246
254
294
280
258
290
324
322
324
300
302
266
292
304
360
382
396
416
404
464
446
458
486
560
564
546
490
544
568
522
514
586
562
610
598
584
548
554
560
560
556
540
580
532
528
530
526
458
498
540
636
618
570
558
534
546
552
536
594
596
604
608
666
622
620
606
612
600
556
598
646
618
602
602
554
552
518
522
512
520
546
544
586
596
596
602
612
546
512
542
570
600
594
602
610
598
542
550
582
578
580
556
484
458
454
396
372
426
410
426
478
432
476
482
500
494
460
534
508
504
520
462
504
508
440
392
382
408
448
474
462
466
452
464
478
490
530
572
562
612
666
648
698
728
730
690
692
670
646
664
610
602
604
614
624
652
618
586
622
640
628
622
640
612
612
620
582
568
622
660
662
690
656
672
624
614
578
574
576
610
616
656
600
640
658
656
642
664
630
562
550
544
564
564
544
568
536
582
536
572
582
602
614
650
632
632
632
616
540
542
504
494
518
524
554
572
604
576
564
604
612
632
630
610
672
682
650
652
710
718
710
680
652
636
570
592
578
594
652
638
626
556
572
532
504
472
460
382
378
312
320
290
294
372
360
344
356
360
328
350
386
388
384
420
486
490
470
416
382
424
430
454
438
498
486
496
506
464
426
414
414
430
430
430
418
458
460
458
458
496
462
458
478
452
424
430
382
390
402
326
378
368
382
370
414
430
460
488
490
462
396
438
484
450
432
430
454
488
516
514
578
626
676
664
634
578
618
592
616
622
618
658
678
700
724
706
734
778
712
744
740
736
716
666
658
642
650
620
606
616
632
620
570
530
498
498
482
518
570
636
664
654
644
638
666
664
686
704
694
688
680
716
758
724
714
730
728
702
688
686
700
682
686
764
714
632
656
674
682
670
690
688
668
640
620
614
630
654
650
636
632
662
574
582
592
594
624
626
634
602
648
608
630
658
652
642
588
564
586
580
524
510
558
590
604
642
642
598
602
620
604
682
706
734
724
708
722
744
690
618
618
622
616
668
614
608
622
610
624
630
630
632
616
570
598
594
616
524
490
466
438
456
458
422
392
384
362
262
220
240
210
220
214
252
270
246
238
222
214
248
226
212
206
142
156
162
146
148
194
226
224
214
244
172
186
186
130
148
128
156
130
104
82
96
92
60
94
56
130
150
130
138
80
54
78
70
40
20
16
24
56
8
28
40
62
110
92
62
118
154
150
138
70
32
66
12
48
74
100
92
64
72
72
36
48
40
12
4
2
18
6
86
52
94
118
162
160
138
86
72
82
58
4
58
48
58
44
30
92
132
130
140
138
90
70
56
36
38
16
10
6
30
58
30
72
70
8
36
24
44
18
0
10
74
84
62
24
54
12
28
42
62
74
44
66
144
122
158
134
158
206
178
196
244
238
238
280
314
314
288
226
172
126
62
108
86
108
176
188
152
126
188
206
252
208
234
264
242
262
290
322
350
328
304
242
238
192
178
168
148
168
234
260
220
214
234
208
190
182
184
164
132
200
278
224
204
206
226
258
302
356
448
488
504
510
540
502
498
474
398
392
412
400
394
380
440
400
382
400
422
426
454
458
462
446
444
460
492
510
518
530
502
494
494
508
580
592
622
620
618
610
608
562
576
540
520
488
452
408
400
410
454
484
442
486
478
524
542
540
556
510
420
408
288
288
316
292
262
204
196
204
228
186
210
224
170
146
180
162
216
236
266
280
274
266
208
226
244
254
296
258
250
254
296
272
338
346
406
402
458
464
450
392
398
428
456
462
422
412
398
344
388
410
414
406
434
432
366
344
378
384
368
440
480
536
516
498
500
522
512
530
514
544
610
614
630
688
670
682
666
694
666
726
766
734
730
728
742
704
690
684
704
694
706
708
746
748
734
742
712
722
722
700
676
640
636
562
560
572
594
630
664
680
650
712
766
736
696
682
632
558
572
524
556
600
586
548
494
458
424
496
476
450
428
414
428
382
370
342
346
312
386
430
392
364
346
310
338
366
384
422
492
536
528
542
554
604
650
608
582
592
590
618
632
614
632
658
654
674
642
620
598
572
514
500
432
466
424
420
392
434
462
420
380
408
398
388
398
372
332
304
290
320
368
380
404
404
394
376
396
420
390
354
364
318
292
332
296
246
192
194
242
216
146
126
158
160
156
170
170
84
84
32
46
64
38
50
56
46
10
32
4
32
12
46
2
38
28
10
24
24
82
106
94
46
60
114
142
136
150
156
186
242
244
216
194
148
156
152
194
140
172
170
144
60
54
76
76
108
130
130
142
154
70
96
92
152
132
156
140
120
82
104
106
90
146
120
108
126
174
86
56
110
88
108
102
122
62
26
44
70
76
10
42
10
6
10
52
66
82
58
124
190
188
162
174
158
118
152
156
212
188
206
252
272
224
152
152
188
162
190
182
198
184
214
236
204
210
190
276
342
396
352
342
270
278
244
252
250
248
248
258
252
210
198
136
104
94
72
166
138
142
196
226
260
238
246
262
250
258
256
276
228
254
236
230
276
348
356
376
354
388
404
422
410
424
458
462
440
446
456
418
396
350
312
308
352
342
304
310
324
338
326
334
350
314
312
296
216
