618
598
674
760
772
748
738
752
808
730
724
668
588
696
676
686
734
660
658
732
788
688
646
760
804
682
630
716
860
732
676
782
756
808
790
782
858
774
768
668
572
614
518
430
484
524
578
668
688
602
674
802
860
912
900
990
962
1016
1116
1080
1024
996
1028
994
1046
1014
948
954
1040
1076
1114
1090
1078
1050
1074
1066
1116
1152
1182
1206
1258
1212
1200
1242
1382
1430
1386
1370
1320
1324
1360
1260
1320
1348
1442
1346
1290
1368
1310
1278
1086
1048
1070
1084
1092
1202
1172
1116
1142
1118
1178
1216
1234
1260
1288
1234
1138
1142
1146
1196
1270
1114
1148
1174
1252
1128
1134
1128
1174
1188
1178
1080
1058
1146
1148
1110
1182
1148
1086
1006
1000
1026
1008
922
890
918
976
982
1004
952
868
930
862
952
994
1038
1050
1002
1084
1062
966
964
996
960
974
1066
936
998
1034
1112
1214
1164
1048
954
936
850
834
1036
1052
1078
1200
1102
996
1010
1046
1040
1070
1186
1108
1244
1124
1190
1114
1072
1112
1110
1072
1078
974
1082
1230
1162
1104
1042
1046
1070
1148
1130
1114
1106
1112
1182
1204
1100
1020
980
968
1000
996
980
1088
1092
1098
1200
1226
1224
1276
1264
1140
1182
1160
1200
1142
1084
1080
1074
1076
1076
1064
1020
1046
998
1064
1074
1046
1062
1078
1110
1110
1092
1056
1034
972
982
940
894
776
742
628
634
660
574
684
800
760
728
704
732
838
904
956
950
944
884
914
898
1002
934
888
868
898
924
718
656
724
752
866
852
836
858
806
760
752
810
802
818
692
778
794
844
870
850
906
886
814
764
854
884
782
808
936
970
950
846
866
836
810
790
784
842
814
816
726
620
630
534
578
606
510
432
434
500
524
506
474
474
448
474
454
392
350
422
334
252
342
296
274
284
224
322
404
374
360
324
286
442
522
512
518
430
516
490
532
572
562
644
634
668
800
804
754
674
578
660
688
738
738
734
754
788
768
716
666
622
700
790
800
804
800
748
630
592
580
660
630
552
578
536
506
612
594
588
626
692
632
510
374
384
512
458
424
376
386
340
344
336
280
400
390
432
464
422
532
490
522
428
448
450
440
430
424
386
394
420
448
488
456
470
576
512
450
434
368
280
310
446
316
326
302
378
292
300
322
264
232
254
188
278
268
126
54
24
50
66
50
62
96
50
116
168
204
308
350
380
434
406
388
334
310
402
444
398
428
540
624
534
504
516
690
764
666
548
502
552
496
476
376
282
220
272
146
180
170
204
250
164
244
162
232
230
310
248
266
228
172
188
140
92
196
176
78
72
152
112
122
132
74
68
0
48
76
52
28
12
48
32
82
154
286
226
214
136
18
30
68
52
18
48
48
2
74
80
50
32
36
54
26
30
6
72
132
60
12
44
30
0
88
36
34
24
30
44
108
312
230
220
208
274
246
348
182
152
238
104
54
96
134
156
158
132
160
50
26
8
14
56
46
2
98
112
4
16
26
2
70
166
162
168
118
84
188
180
212
184
78
212
262
306
356
390
234
156
196
332
250
286
270
440
522
540
570
552
458
516
484
494
594
504
444
436
472
526
556
416
538
472
506
434
450
452
512
566
588
548
628
532
548
494
476
414
448
420
510
478
510
506
638
632
568
578
534
520
562
480
562
646
664
636
618
564
554
630
540
506
526
590
570
576
512
552
688
738
720
710
644
690
728
642
530
408
418
372
370
362
296
218
208
330
188
140
84
144
184
210
172
238
58
18
56
202
168
192
94
64
36
88
160
252
358
362
170
146
114
50
76
116
26
60
46
56
160
4
44
8
50
16
26
12
6
46
124
56
22
24
20
70
34
8
64
28
40
98
58
166
162
56
34
100
150
338
286
272
270
248
144
220
276
258
184
184
226
278
292
258
252
266
348
412
398
412
338
300
442
482
486
532
602
446
434
432
570
566
668
536
536
422
496
552
658
586
586
450
450
522
468
424
508
496
502
600
724
770
772
810
902
800
826
776
810
644
648
544
554
584
592
464
484
406
424
406
494
468
574
606
608
658
654
702
618
736
748
818
750
664
614
452
436
486
480
552
598
484
540
712
450
476
520
438
456
520
558
466
350
350
400
488
454
486
488
534
644
758
744
728
584
614
586
592
558
594
632
636
576
528
576
620
584
640
674
716
660
694
696
660
704
820
794
644
612
566
630
638
552
514
576
548
524
516
474
464
466
406
422
436
448
430
502
560
506
366
294
336
404
476
488
536
572
554
556
636
556
606
568
434
394
422
380
370
412
492
492
472
416
464
432
468
392
346
424
328
396
356
342
232
212
174
140
50
42
4
66
74
88
14
44
54
62
96
106
138
52
48
50
52
54
54
24
60
32
104
4
106
156
108
56
0
74
112
80
54
116
138
100
136
160
158
82
112
148
74
12
130
48
30
2
22
0
24
90
36
46
98
18
50
70
72
18
74
16
6
36
50
210
180
162
140
36
16
120
108
10
90
18
152
206
248
158
160
46
112
60
12
46
6
62
188
290
244
214
288
170
210
188
62
112
40
90
106
118
142
228
248
256
254
212
348
384
316
324
456
484
440
442
538
608
498
466
500
444
506
418
432
430
368
506
368
428
448
332
230
360
326
258
248
178
210
290
242
188
186
156
164
158
94
160
206
66
50
20
118
156
200
242
308
374
402
402
392
296
212
174
298
418
422
394
408
430
496
416
464
430
432
462
476
492
620
620
640
686
688
526
498
450
454
380
356
276
268
252
232
136
190
268
252
232
278
274
230
264
280
204
282
156
232
298
424
392
480
464
366
352
330
290
288
256
306
376
266
246
200
154
176
182
204
304
348
224
254
178
214
188
78
38
6
76
6
48
12
30
10
52
52
84
54
12
28
16
8
24
96
50
126
88
66
44
176
168
284
188
256
188
202
266
240
206
168
260
396
390
424
314
394
372
352
284
176
104
138
206
198
286
380
478
458
500
588
664
664
514
562
498
566
538
444
460
448
356
308
264
258
206
274
318
232
114
98
104
32
10
20
92
112
136
190
132
56
12
104
98
66
22
112
56
16
26
120
142
164
228
190
292
324
310
338
256
262
248
194
124
106
184
240
200
284
314
264
198
296
310
212
158
156
86
20
78
16
10
12
16
40
152
184
190
182
124
66
38
38
16
44
38
66
60
142
210
242
278
218
250
238
174
258
226
4
8
70
12
70
98
20
34
22
84
78
88
86
42
68
78
48
8
30
34
78
70
46
64
28
72
32
104
154
164
194
82
56
28
8
36
64
66
92
140
122
120
234
212
206
228
236
284
306
348
358
262
184
116
42
82
148
160
70
78
94
130
68
4
14
18
198
112
46
60
174
162
162
128
124
164
98
34
8
112
70
42
30
18
132
172
78
88
108
20
6
56
124
26
46
40
46
40
92
52
50
30
44
140
204
220
200
224
80
34
20
4
10
110
116
46
88
132
76
226
266
312
360
358
336
386
466
332
248
218
246
238
306
298
240
142
140
142
162
170
120
168
154
206
242
232
384
328
136
102
130
240
390
438
468
550
618
586
604
644
688
754
808
694
618
680
668
762
826
866
976
1028
1002
988
1104
1134
1164
1208
1096
1210
1216
1162
1138
1170
1152
1178
1236
1184
1194
1270
1264
1304
1286
1320
1330
1286
1242
1154
1264
1246
1296
1226
1266
1314
1310
1282
1370
1418
1338
1228
1332
1360
1434
1422
1362
1448
1500
1416
1500
1460
1426
1464
1412
1496
1414
1472
1526
1488
1482
1410
1258
1260
1228
1116
1116
1082
1058
1022
944
1038
1068
1068
1136
1188
1288
1346
1300
1310
1322
1310
1314
1394
1488
1472
1508
1498
1532
1410
1408
1268
1230
1348
1406
1308
1256
1276
1324
1234
1392
1406
1384
1348
1326
1382
1372
1376
1236
1376
1438
1458
1372
1422
1396
1438
1336
1342
1334
1464
1466
1544
1556
1594
1654
1592
1632
1672
1800
1808
1746
1826
1732
1644
1730
1768
1768
1776
1792
1762
1816
1806
1778
1714
1766
1778
1822
1836
1766
1738
1636
1636
1576
1594
1550
1650
1604
1638
1602
1596
1414
1378
1342
1368
1350
1374
1350
1420
1290
1278
1210
1204
1230
1170
1292
1312
1290
1244
1246
1290
1238
1168
1216
1144
1144
1108
1092
1116
1116
1088
946
1048
1020
982
930
852
934
966
1006
800
760
702
692
580
544
702
658
528
512
444
446
238
240
238
162
266
290
366
374
228
220
144
340
308
234
314
366
432
402
366
384
370
364
314
318
288
258
288
216
328
328
344
354
430
432
528
508
438
418
458
404
434
500
538
566
598
476
416
338
384
332
462
498
534
576
644
612
624
634
576
710
624
540
458
536
548
596
582
554
536
534
458
544
480
504
506
430
432
388
452
436
364
390
330
204
104
130
2
92
74
56
2
36
102
102
180
168
212
238
292
306
330
386
446
372
292
218
270
408
374
348
334
436
470
368
298
306
316
260
212
190
198
266
250
328
200
152
190
186
226
112
84
164
184
144
140
284
256
184
160
198
200
174
218
222
194
206
222
224
230
232
318
302
248
218
256
294
352
378
352
310
252
194
226
290
188
176
126
24
10
80
234
298
288
362
416
318
330
488
516
452
458
334
242
198
164
130
104
150
50
56
162
170
130
194
148
266
222
202
202
238
132
104
6
14
10
116
44
166
264
268
380
368
378
332
342
322
302
344
402
552
630
728
788
752
656
586
640
592
530
388
316
296
328
270
240
178
222
222
304
374
392
462
468
560
490
592
562
586
620
692
674
688
602
718
748
796
766
930
808
884
912
996
1016
1084
1114
1078
1056
1190
