1250
1318
1454
1486
1484
1522
1648
1792
1546
1624
1568
1450
1326
1272
1300
1200
976
854
826
684
880
842
864
964
1022
1010
1074
1092
1064
1092
1178
968
980
1026
1042
1068
1314
1280
1308
1370
1220
1190
1178
1190
1180
1198
1124
1078
1022
1194
1222
1100
1206
1066
1000
1050
1006
1040
1064
1052
1152
1252
1284
1314
1466
1420
1340
1360
1360
1260
1218
1288
1234
1384
1434
1346
1496
1506
1486
1578
1566
1438
1354
1200
1234
1292
1270
1250
1182
1162
1218
996
1076
1256
1308
1272
1052
1024
978
888
810
808
866
888
942
868
752
746
750
598
644
548
584
642
610
572
662
824
874
844
896
908
850
750
636
646
840
696
796
810
850
794
716
666
796
814
944
992
916
794
872
792
706
578
670
604
552
600
928
926
858
812
784
972
788
874
812
662
566
546
468
606
638
610
662
676
674
562
510
362
610
524
618
522
344
470
488
468
538
530
558
470
600
394
448
376
344
338
284
240
196
184
80
122
124
198
216
116
160
158
216
80
20
10
30
4
66
166
148
152
36
180
154
142
282
486
402
534
358
228
426
520
510
552
518
500
418
428
302
210
300
420
396
342
264
320
402
340
322
504
548
404
520
572
646
788
794
904
886
888
992
1016
1150
1130
1022
1082
1122
1130
918
862
634
664
664
616
660
696
576
566
558
418
354
418
428
340
394
520
350
320
338
338
236
238
466
500
594
604
512
410
306
230
88
232
176
282
284
364
434
426
456
658
496
658
562
492
446
542
518
594
516
266
424
408
348
406
264
232
460
302
282
198
326
210
296
340
364
324
190
180
56
66
96
76
96
22
128
108
72
92
238
398
296
206
170
172
116
242
144
46
244
258
146
52
8
32
2
188
176
8
146
140
172
156
32
10
322
368
556
574
388
326
486
536
352
298
264
320
282
364
414
368
244
64
52
42
48
70
120
58
6
26
66
56
88
172
144
6
216
380
518
516
356
238
224
230
66
124
256
284
190
256
150
140
156
158
152
180
474
336
378
392
288
280
350
120
228
382
312
268
294
152
76
8
54
58
218
342
364
370
396
532
468
436
310
420
456
400
284
288
226
228
318
322
256
18
190
146
166
218
170
222
64
82
24
148
160
84
116
142
124
192
216
164
118
296
244
270
164
242
228
158
150
188
234
354
354
196
106
96
32
172
80
6
176
178
352
308
326
356
470
570
738
710
714
674
626
768
648
656
524
542
540
392
476
238
186
90
108
50
90
130
38
122
96
60
188
276
374
436
652
686
760
666
554
658
656
558
524
500
652
518
370
472
286
176
26
26
114
172
186
286
132
98
216
148
330
416
324
264
278
128
150
142
198
288
192
150
112
146
224
76
206
172
108
70
88
158
142
304
204
176
174
38
142
56
134
186
246
324
174
158
124
36
104
140
148
278
358
394
454
452
634
588
674
680
772
712
792
884
826
808
634
552
522
526
632
586
680
776
760
820
904
880
868
874
986
940
904
1088
1030
924
1010
1156
1112
1060
1192
1126
1182
1090
992
918
992
942
966
998
1078
1048
938
820
910
1178
996
880
996
1046
1040
916
1092
1006
972
868
952
1066
1204
1374
1352
1342
1292
1316
1532
1562
1506
1628
1458
1160
1282
1268
1206
1082
1122
872
768
832
810
706
630
512
522
552
486
544
506
422
608
548
496
842
764
698
720
908
986
934
1038
912
840
1030
1004
924
886
958
1144
1142
1166
1128
1176
1274
1182
1208
952
838
938
928
834
810
838
806
808
754
796
954
1102
1200
1360
1252
1286
1022
1038
1066
1014
1010
1012
1142
1140
1088
1062
1036
1060
1082
988
1128
1080
1228
1126
1120
1092
1048
1000
966
760
930
804
764
872
982
966
994
956
976
998
1066
1084
1202
1312
1422
1500
1502
1536
1518
1462
1540
1488
1400
1550
1522
1570
1534
1676
1722
1662
1618
1474
1572
1554
1500
1342
1308
1516
1388
1318
1384
1258
1340
1298
1250
1266
1290
1334
1266
1086
1124
1088
900
922
958
946
914
864
796
960
812
830
1048
1064
994
1136
982
922
832
946
1100
1138
1090
1024
1064
1174
1262
1042
1054
988
942
966
932
818
902
1094
1084
1210
1240
1228
1424
1464
1504
1690
1816
1816
1884
1954
1894
2008
1866
1688
1662
1554
1406
1480
1606
1652
1642
1684
1482
1532
1396
1380
1246
1106
1124
1218
1224
1098
972
882
712
694
602
760
856
938
982
1016
970
872
760
682
668
614
534
540
560
644
662
672
744
852
818
832
948
800
756
792
720
862
852
850
594
384
488
656
680
594
494
432
414
436
414
370
476
430
380
380
278
328
240
240
198
234
208
258
180
392
316
300
340
296
212
350
358
570
718
558
338
434
358
254
252
138
216
222
104
46
40
74
86
88
72
124
84
42
20
176
2
242
430
448
472
376
432
372
322
354
236
230
336
330
376
474
400
348
236
380
260
252
392
584
632
794
846
782
1020
946
1084
1136
1194
1186
1000
846
1020
768
746
680
512
450
534
540
874
902
780
730
792
836
886
968
910
698
752
630
458
546
554
564
592
670
620
504
536
500
494
532
472
418
258
180
160
264
202
234
406
356
400
468
388
468
350
294
358
310
342
330
288
334
328
266
220
94
18
72
52
52
44
56
102
84
158
162
22
118
60
16
64
76
110
28
42
48
22
108
94
174
196
250
146
68
80
146
238
296
328
280
288
310
404
246
324
334
384
300
160
162
234
310
302
360
240
268
200
204
214
182
268
244
346
304
458
506
624
428
400
568
442
524
362
318
346
274
384
288
216
104
104
190
192
134
166
102
92
10
68
22
132
16
104
214
112
188
192
72
18
66
84
138
222
166
180
158
162
208
208
176
120
70
112
64
52
112
220
142
116
200
60
52
150
224
172
152
196
84
292
360
146
218
242
262
314
192
352
398
410
354
280
426
434
506
640
670
750
738
596
612
754
978
1000
1020
890
820
788
736
834
792
764
768
658
886
1056
1034
990
976
902
1038
858
732
896
1092
1014
1020
810
1010
1062
1002
1148
896
962
872
842
810
778
776
900
856
938
886
856
730
846
780
784
862
808
888
732
496
440
490
574
602
562
450
498
504
476
522
434
292
438
398
278
332
264
126
66
112
140
264
214
200
112
162
248
458
232
216
238
276
260
202
452
394
350
442
270
386
374
478
532
492
578
330
252
338
70
12
106
100
14
130
76
222
80
160
264
172
176
212
112
174
108
122
190
122
206
304
370
362
182
66
238
404
252
260
248
124
44
14
70
190
186
156
252
256
308
448
512
286
440
344
414
602
698
540
456
460
448
462
444
258
248
328
214
222
12
26
4
78
130
344
472
468
414
354
558
584
670
620
592
636
542
368
416
358
432
506
420
506
458
544
582
474
438
402
386
302
186
226
284
356
308
406
472
406
290
172
26
40
6
52
110
120
34
316
258
434
556
394
462
498
356
396
448
462
544
530
652
466
412
560
646
496
654
708
738
714
628
742
704
492
604
628
682
770
628
660
632
572
456
458
554
754
638
662
598
590
670
874
992
850
976
726
814
830
1000
992
816
792
728
696
852
752
620
492
700
758
888
918
1010
1064
970
1092
1246
1342
1268
1342
1410
1328
1260
1228
1216
1218
1180
1220
1328
1264
1186
1230
1358
1314
1380
1386
1540
1480
1372
1246
1278
1310
1362
1306
1310
1588
1512
1570
1580
1664
1732
1770
1620
1466
1080
934
996
984
1118
1250
1174
1204
1058
1236
1322
1224
1032
1010
1026
1162
1038
1088
1136
1406
1450
1312
1342
1302
1332
1380
1326
1266
1286
1344
1196
1116
1230
1114
1020
880
1060
1178
1202
1080
1136
1180
1228
1348
1276
1222
1264
1320
1386
1338
1446
1616
1498
1484
1428
1258
1186
1334
1404
1382
1458
1346
1286
1324
1370
1314
1318
1440
1282
1340
1436
1330
1262
1000
1070
994
848
686
652
686
718
724
664
600
780
890
794
760
728
732
816
830
696
634
614
530
518
548
518
432
152
152
114
2
118
390
522
464
416
334
562
374
470
536
642
540
578
692
658
722
750
754
742
744
918
982
1074
1132
1274
1318
1336
1398
1374
1446
1424
1406
1360
1220
1356
1250
1166
1194
1266
1290
1188
1260
1200
1134
1028
1088
1180
1140
1064
1274
1364
1412
1258
1220
1072
1152
1050
1000
982
964
872
944
988
878
702
724
690
878
904
1018
1064
968
966
914
900
872
778
948
950
1092
1166
878
906
976
848
774
768
722
738
744
640
736
712
658
736
544
454
328
274
428
380
484
508
472
368
398
504
328
388
426
474
348
424
522
466
324
254
224
20
74
96
30
0
78
218
318
348
330
362
326
440
540
494
494
608
556
642
824
742
644
670
692
532
514
328
264
392
382
260
356
364
238
182
214
78
8
68
40
30
40
194
234
320
266
234
304
44
96
134
282
272
306
110
60
132
224
128
52
34
104
96
214
136
180
242
366
256
316
118
168
144
80
52
106
216
276
266
200
124
174
164
92
96
40
106
372
460
478
608
622
728
760
578
566
414
372
528
486
602
614
524
454
436
506
314
118
130
116
76
166
62
32
22
84
164
156
162
92
28
88
16
6
90
30
114
30
128
68
4
16
88
26
108
94
98
36
90
44
4
2
110
248
222
144
116
146
290
346
318
276
64
92
48
46
82
70
38
104
190
48
60
118
352
170
250
386
520
570
610
528
472
492
276
248
346
386
502
598
722
640
618
782
668
660
484
498
534
566
640
736
746
616
672
692
648
602
654
736
838
814
838
886
674
702
750
646
574
744
770
856
660
742
850
720
612
690
628
624
594
446
512
514
626
536
558
668
892
846
1018
1040
946
894
866
832
862
670
604
586
660
772
838
808
868
886
960
1024
980
880
868
964
860
788
816
