332
348
352
424
394
388
346
360
386
394
418
396
408
390
376
364
352
424
402
420
414
462
436
394
378
424
450
434
466
418
416
434
424
440
470
468
486
532
502
512
492
480
432
430
506
542
506
520
544
556
540
536
544
552
526
500
480
468
456
402
416
402
400
378
402
392
436
408
360
388
384
358
368
374
322
328
246
236
232
156
136
78
124
122
154
216
214
154
170
190
172
116
188
192
106
130
158
200
220
168
204
228
238
260
270
286
274
316
326
384
402
362
336
286
280
298
298
298
266
286
256
328
322
372
354
356
366
336
320
334
352
378
388
368
382
368
376
390
416
402
454
520
498
526
476
464
396
396
400
360
400
404
404
406
362
372
368
366
428
472
472
490
438
400
354
352
340
384
384
390
398
442
432
430
460
460
434
418
400
392
414
380
424
344
320
348
428
438
442
434
412
494
476
498
548
614
642
652
672
708
706
726
768
766
726
724
740
774
744
728
738
778
754
760
772
762
772
770
746
744
728
688
738
706
692
704
720
700
696
708
716
714
654
680
668
684
736
744
698
700
684
632
644
680
690
680
646
606
640
684
638
614
620
662
670
702
682
688
730
766
748
772
772
766
782
794
824
810
820
844
856
826
794
806
782
736
724
724
700
734
738
768
804
764
726
724
716
748
718
722
770
766
720
692
704
680
642
644
638
670
652
666
686
658
638
682
656
598
652
666
674
636
634
656
644
658
644
614
632
594
636
648
626
660
644
586
650
654
682
682
666
636
592
578
596
594
592
624
594
562
532
558
538
544
540
606
594
566
550
510
506
560
554
568
584
586
588
606
584
558
548
564
576
574
616
634
628
646
618
620
622
630
644
628
624
628
640
630
600
680
642
674
682
614
606
636
612
598
614
612
598
616
684
692
694
654
646
694
696
710
710
688
678
678
684
650
648
664
674
668
690
644
626
648
610
632
616
614
638
690
688
658
652
668
710
682
724
724
754
776
772
798
782
728
722
712
694
694
668
726
734
776
712
740
746
760
746
740
754
694
722
694
692
708
704
716
742
750
764
690
720
738
746
704
700
756
724
672
658
616
658
668
662
682
652
574
616
624
574
602
618
590
586
560
566
584
540
540
498
480
444
462
488
488
454
462
436
394
412
406
400
350
382
448
474
424
414
416
382
418
466
464
466
496
544
530
520
542
558
598
610
610
546
572
560
546
560
580
584
586
560
572
522
492
398
388
336
316
310
310
324
310
358
388
438
414
414
436
444
462
460
480
494
554
558
608
588
578
600
600
612
544
550
576
590
622
582
604
620
640
644
636
634
654
614
664
704
706
744
712
686
698
624
646
634
602
560
604
624
654
678
710
682
640
638
640
654
660
670
678
720
688
662
688
726
686
678
690
678
682
660
646
632
650
654
630
636
644
672
670
636
668
658
658
654
628
636
638
590
566
582
606
554
566
542
542
540
570
554
502
500
510
572
606
624
688
688
672
652
670
712
704
720
730
696
654
604
606
600
572
564
564
598
656
642
656
644
650
634
650
630
642
624
626
642
638
582
552
552
548
594
570
556
580
550
554
552
556
572
580
554
514
538
458
448
460
428
460
494
522
516
534
520
574
608
606
576
612
618
590
592
546
552
536
506
504
482
508
520
476
470
442
470
458
418
404
408
404
434
486
462
442
452
424
460
414
376
380
340
332
320
286
338
380
382
418
430
440
528
512
538
534
532
558
518
488
458
476
552
578
592
616
642
646
658
662
728
728
748
780
784
772
770
724
706
690
708
724
732
760
794
786
752
724
724
758
742
734
698
714
712
698
656
712
742
738
750
744
698
714
724
726
790
768
820
802
802
802
800
794
806
784
776
840
830
808
830
842
864
852
854
874
890
868
844
818
816
782
744
742
748
746
764
734
748
758
760
764
790
796
826
820
842
872
846
828
790
822
870
870
860
874
866
854
838
850
880
910
860
854
844
830
848
860
860
864
886
882
852
812
836
830
792
784
774
762
682
716
744
776
798
806
778
762
764
752
754
782
704
668
654
654
646
654
634
620
662
726
700
664
634
624
644
670
662
706
736
758
726
670
698
732
768
768
790
760
736
730
684
692
704
734
752
794
804
822
842
820
816
800
794
780
756
764
738
712
634
676
654
616
622
606
580
602
626
650
618
652
680
688
682
702
644
656
648
700
718
722
696
732
690
718
634
644
630
656
664
650
682
618
610
592
572
568
568
554
590
574
584
574
650
670
672
646
634
678
720
776
796
830
802
828
826
806
838
832
832
780
804
830
826
858
828
810
832
854
848
852
838
854
864
886
828
804
800
822
786
788
804
820
822
798
772
806
804
786
774
740
772
710
706
670
656
700
770
772
772
794
784
772
768
728
756
788
802
798
788
782
790
812
810
810
776
774
794
800
782
764
764
754
730
696
664
666
646
626
632
632
646
634
552
574
570
588
616
634
644
632
648
654
646
594
562
590
574
604
582
618
598
594
578
620
660
598
578
608
590
586
608
604
624
622
590
570
566
586
560
536
548
554
568
614
650
630
624
628
630
600
582
584
544
572
616
630
642
636
602
618
626
644
630
584
626
620
598
542
570
592
630
606
616
600
596
602
590
588
592
584
594
638
654
656
660
644
632
624
606
638
622
560
552
514
494
528
568
550
584
542
560
592
570
566
524
516
488
436
444
504
470
430
408
450
460
420
400
406
368
292
234
262
260
226
224
254
190
180
160
106
88
134
188
202
226
202
134
170
132
132
118
82
110
62
110
66
128
192
176
168
170
178
206
258
234
170
116
136
128
130
162
212
160
174
120
142
148
102
34
44
46
86
112
110
150
108
116
102
90
154
172
182
236
256
220
260
304
356
344
370
430
480
446
488
476
468
410
404
404
336
366
338
350
296
300
354
364
380
382
430
382
380
352
302
304
234
242
274
304
328
332
340
318
312
314
266
272
330
330
292
300
264
230
176
230
278
268
284
306
246
240
226
222
210
252
236
180
168
150
164
130
146
136
108
120
130
186
184
256
238
294
276
264
262
316
296
290
296
318
330
278
304
312
320
354
384
320
316
280
314
302
284
332
346
298
266
240
182
144
180
184
154
196
220
206
194
184
162
138
182
254
254
314
318
350
322
262
238
224
186
192
170
124
122
142
104
92
72
108
114
88
86
122
134
132
148
156
150
162
130
160
156
168
158
122
176
142
136
148
146
144
124
154
172
250
260
250
316
314
362
388
436
416
410
448
454
444
430
406
414
368
382
350
318
380
420
406
362
384
410
414
448
442
406
378
354
324
408
392
456
458
450
448
412
392
386
382
388
406
392
452
472
454
476
484
442
484
458
454
490
484
464
462
464
422
474
484
480
472
518
494
502
500
570
540
472
518
586
628
624
602
632
650
706
704
698
666
716
666
688
674
678
688
684
674
708
706
690
708
688
684
686
720
768
800
812
772
772
740
728
662
696
738
740
728
740
762
762
848
884
842
834
812
796
808
820
784
788
780
764
766
770
738
720
728
738
682
648
586
588
682
688
642
676
668
684
654
648
606
604
622
572
572
654
674
662
622
618
624
590
616
640
636
668
702
744
722
690
634
588
524
528
520
518
554
574
592
558
516
610
624
560
600
574
592
592
578
572
576
622
584
606
652
624
640
664
688
732
746
730
712
728
742
748
768
808
782
818
768
742
782
808
780
782
752
736
742
750
762
796
796
836
810
796
818
792
800
848
854
838
844
826
840
862
848
814
792
804
806
832
806
820
832
796
756
690
698
716
768
778
768
796
780
774
794
776
814
770
756
748
786
750
754
730
690
686
710
708
712
644
640
702
698
744
690
714
734
746
754
754
776
800
818
744
730
704
710
732
736
730
738
682
670
666
666
682
630
586
590
618
612
622
578
572
546
526
576
590
640
656
692
708
714
720
736
738
742
728
738
742
706
688
706
718
740
732
680
694
692
650
690
704
716
734
736
782
758
732
724
750
798
798
786
802
780
828
842
840
796
796
792
784
780
788
800
724
728
728
734
766
716
706
736
738
784
776
790
754
756
774
780
786
780
752
700
752
780
720
704
736
752
764
818
832
838
854
802
742
784
802
814
816
784
770
736
734
764
776
750
756
710
700
660
742
726
770
816
848
816
840
848
838
782
772
792
724
708
712
696
720
726
720
742
704
728
708
738
754
756
804
802
818
806
796
820
802
816
844
832
844
850
806
806
802
848
794
786
806
842
826
846
810
848
858
860
772
756
698
698
666
674
654
614
582
574
620
642
646
678
662
702
700
688
676
706
660
622
606
612
544
524
540
570
588
556
570
644
644
658
700
728
716
692
704
732
694
678
622
632
654
700
642
694
738
748
770
768
772
778
776
772
764
746
718
670
722
744
766
808
800
838
806
788
726
708
730
724
772
760
822
814
776
758
756
738
796
818
808
836
814
810
798
776
800
820
776
746
746
726
754
782
752
750
776
746
750
742
736
712
696
680
692
732
770
784
766
762
714
744
752
788
808
818
800
790
768
758
710
710
714
766
772
792
768
780
768
746
760
788
768
774
734
