96
4
40
124
176
40
16
8
156
80
24
50
8
172
220
150
156
120
110
174
114
46
22
44
22
20
94
192
228
208
116
260
154
116
54
0
118
110
130
102
142
74
98
10
32
78
126
100
108
100
16
4
46
40
86
22
102
2
8
48
32
22
132
96
12
6
4
94
56
136
144
166
130
144
70
10
78
170
196
308
206
172
6
10
0
34
10
76
48
54
44
2
12
54
98
114
150
138
32
92
140
228
318
258
298
250
350
412
300
376
284
262
286
334
326
158
112
104
100
196
152
96
124
276
240
286
338
210
256
224
106
42
20
26
36
52
98
100
194
68
42
144
212
68
42
78
12
0
28
44
124
12
20
32
2
182
226
208
306
372
332
204
264
298
252
382
430
438
268
326
266
262
294
346
348
326
276
208
78
68
34
28
180
196
110
228
248
346
314
326
440
364
430
412
466
412
340
406
382
368
334
412
324
402
358
386
330
258
280
222
132
240
272
204
304
410
446
480
362
258
274
270
290
238
222
256
70
88
74
20
30
18
48
36
78
128
134
54
46
114
34
6
16
32
152
112
126
220
200
114
126
84
248
320
252
288
408
408
400
444
402
308
328
344
236
238
330
346
148
150
120
142
148
256
278
290
310
320
348
326
346
410
360
326
344
376
322
366
456
390
392
410
274
410
438
378
388
354
236
222
244
174
84
86
126
116
104
110
150
136
82
122
148
20
162
212
154
100
114
18
56
16
62
10
52
58
12
46
174
232
164
94
88
180
114
76
194
298
366
234
186
206
146
138
142
218
234
294
384
538
570
512
426
462
302
254
302
268
312
274
250
426
514
496
602
626
652
586
486
438
430
394
346
272
288
180
232
322
260
86
12
2
84
72
28
78
54
90
80
72
16
6
8
2
140
148
182
38
50
34
38
48
136
128
262
190
202
232
176
130
162
130
164
4
46
6
64
132
150
96
100
114
182
84
182
188
112
264
232
248
250
308
272
202
142
106
138
214
274
304
284
326
326
340
240
282
254
306
340
298
344
266
332
346
322
350
326
220
124
88
42
82
44
98
88
156
70
6
6
18
60
16
48
64
122
202
270
348
394
390
372
198
272
272
200
192
214
312
264
136
180
126
20
56
62
20
14
10
62
30
94
20
142
132
136
26
68
120
62
96
10
24
50
186
58
0
60
32
78
172
252
32
132
90
144
140
132
182
108
146
170
188
244
348
426
444
434
542
416
466
562
658
800
804
708
830
852
926
918
954
962
1150
1138
1196
1194
1044
1032
956
946
942
1024
1042
1066
1016
972
1040
1022
1020
1066
1068
1024
982
902
948
868
826
848
906
1040
986
1056
966
942
1052
1060
1016
994
904
794
878
840
772
786
760
766
806
892
878
906
830
842
842
874
856
936
808
778
706
576
546
584
608
644
592
698
758
710
666
624
616
592
508
598
658
646
708
776
780
762
740
646
716
660
686
694
598
664
712
684
838
880
972
952
836
674
578
524
500
360
352
376
372
424
364
358
344
442
432
396
372
478
418
412
398
450
410
408
442
436
440
596
706
648
534
472
368
256
210
160
190
124
82
34
116
10
78
42
224
280
290
348
536
544
670
594
600
506
528
564
412
486
500
448
470
482
530
624
560
538
478
524
518
552
546
470
380
408
308
134
138
56
76
76
78
70
0
22
60
18
6
6
88
82
148
130
172
224
174
206
292
196
70
58
152
194
122
114
220
214
196
272
340
268
402
298
254
208
162
130
132
146
116
50
150
224
48
108
102
166
122
10
38
34
108
64
186
160
22
102
16
88
6
124
108
224
204
190
118
200
254
268
330
368
256
308
240
344
280
314
196
168
60
120
38
108
46
12
36
6
50
36
34
14
14
6
42
62
84
134
126
102
56
24
102
138
128
20
88
4
82
0
40
80
88
12
14
28
2
44
80
10
108
14
6
24
134
106
120
208
332
408
470
384
452
410
372
310
306
242
208
132
136
142
68
16
30
86
162
208
282
270
192
242
142
192
168
134
166
124
230
288
214
126
18
18
52
166
26
90
144
184
224
228
236
284
290
320
234
352
332
260
330
422
326
372
298
306
454
332
282
266
268
176
140
278
268
254
374
410
394
496
464
534
534
508
512
488
562
594
622
642
570
654
708
624
570
760
706
782
920
1000
1016
1002
1030
878
928
790
680
678
560
616
562
608
590
458
366
322
284
224
272
288
174
190
218
302
178
196
196
116
92
28
106
226
112
98
206
244
188
214
248
232
228
324
298
186
262
318
276
258
188
162
282
208
36
72
2
14
92
128
190
6
40
140
196
238
88
144
10
24
22
12
40
46
80
148
92
112
116
70
20
144
130
136
146
56
130
164
122
88
188
98
22
140
148
162
178
122
180
196
126
156
90
94
38
38
32
66
42
2
22
2
72
118
168
266
390
574
560
628
686
598
534
504
430
512
402
378
344
352
352
404
358
330
252
280
228
210
236
304
412
438
380
442
460
228
200
252
236
62
82
158
262
198
42
50
62
68
64
128
90
74
68
252
284
266
356
480
512
532
660
666
534
652
740
796
904
892
828
824
742
810
776
766
810
764
806
752
774
862
748
706
774
860
866
906
1002
958
902
920
872
896
950
1004
1076
998
1026
906
918
994
920
780
792
848
926
972
1074
1102
1090
1190
1146
1082
1092
1102
1068
1154
1116
1038
928
1022
1080
974
1064
1218
1132
1172
1180
1118
1146
1032
1036
1038
956
928
894
918
936
942
904
884
818
852
816
866
784
764
708
720
734
712
678
632
588
632
650
658
646
602
692
776
882
800
732
890
810
898
942
984
932
904
954
976
864
1000
918
940
982
1048
1068
1084
1016
1188
1108
1094
1140
1096
1094
1032
974
1004
1116
1226
1234
1172
1192
1108
988
992
910
930
894
826
792
894
960
818
768
708
664
500
558
494
430
458
402
406
432
296
328
254
370
456
310
314
288
320
406
392
226
322
318
282
174
156
120
146
12
36
58
22
40
40
86
138
316
190
126
60
18
114
80
30
18
74
30
26
50
86
56
34
36
38
68
4
2
44
46
86
178
116
258
324
344
304
334
392
462
420
352
452
422
486
552
528
524
462
398
382
404
362
426
430
432
434
450
480
654
648
562
522
584
612
588
570
454
430
446
346
406
342
496
414
484
432
454
448
402
490
518
578
586
508
504
400
334
498
456
512
452
472
392
434
446
308
344
278
194
186
232
154
164
32
8
44
8
92
170
206
256
246
284
226
244
144
148
226
168
206
166
294
156
52
64
18
10
24
26
56
206
176
132
146
198
136
28
20
14
64
114
10
16
12
16
92
158
178
278
218
218
324
380
408
426
362
332
382
374
268
306
274
298
238
184
338
382
212
300
280
232
168
140
132
156
118
158
246
218
282
272
274
228
228
254
260
140
4
90
106
46
62
58
26
60
100
138
134
110
60
186
290
372
262
226
148
160
106
50
88
118
76
32
152
350
364
502
514
452
530
498
482
410
378
300
296
238
308
268
314
384
500
424
386
464
520
410
342
384
94
4
76
90
208
138
130
116
228
306
236
226
340
310
336
292
292
256
230
240
228
214
272
238
272
262
316
200
258
146
246
216
222
208
194
318
330
370
352
274
384
364
306
302
306
344
222
262
182
122
10
12
58
122
218
390
408
378
408
368
306
316
236
154
192
190
342
266
252
390
324
254
206
142
372
402
422
374
408
404
462
354
276
232
298
250
104
186
136
84
90
102
98
68
78
16
82
30
136
68
4
70
6
52
94
114
84
52
114
10
26
30
62
14
20
48
46
38
64
0
64
36
60
150
120
260
252
210
264
284
488
486
562
630
638
684
676
440
442
426
448
488
528
434
394
284
284
332
244
224
218
190
226
206
90
44
52
58
10
58
66
220
230
238
298
150
4
194
180
86
122
58
32
14
8
64
42
120
202
264
380
296
216
218
306
220
78
244
256
202
244
244
184
206
126
188
118
82
32
94
102
156
192
76
56
178
212
222
158
148
84
130
72
82
108
102
214
286
270
280
276
290
272
254
302
392
350
450
598
624
622
672
618
586
606
600
630
508
462
452
512
556
584
562
660
632
632
744
770
810
774
884
862
820
646
666
654
470
328
356
232
340
302
218
132
90
28
88
90
18
36
32
196
350
410
412
410
352
400
364
222
242
120
88
134
120
130
84
120
146
28
58
4
110
168
206
240
226
298
202
368
376
332
416
294
230
210
170
244
278
240
346
258
138
148
116
88
96
158
166
154
54
40
80
118
40
6
18
106
210
64
20
16
34
48
32
86
78
58
68
90
6
40
132
116
142
212
224
178
110
60
104
170
238
198
160
182
194
232
324
350
330
282
214
228
310
314
386
318
364
456
530
658
582
612
656
704
590
500
568
620
672
744
762
716
702
682
706
668
578
542
574
494
494
440
630
512
532
436
508
556
558
586
602
624
712
876
948
942
968
936
988
952
942
854
818
822
724
784
810
744
666
682
634
614
564
574
614
580
546
544
560
540
654
594
740
708
698
656
630
568
568
550
630
520
532
448
552
588
578
566
600
744
920
994
916
906
994
1000
942
906
950
1022
1048
870
882
826
844
786
828
822
836
816
854
