510
340
184
244
228
326
320
360
320
300
330
314
270
172
172
156
152
140
156
228
192
268
210
148
276
248
192
230
240
198
226
168
156
258
318
282
146
160
94
128
38
6
8
82
16
28
24
168
236
196
228
134
34
184
152
84
20
144
132
168
146
182
214
100
102
30
42
76
4
98
58
32
84
84
124
30
4
14
54
126
84
170
110
110
168
134
114
100
104
126
60
42
66
88
194
114
196
152
186
230
274
194
182
144
186
240
120
204
170
194
194
294
442
506
608
538
576
596
708
662
734
646
680
724
672
690
676
850
870
768
800
784
780
872
932
872
932
960
900
836
732
706
630
698
790
866
1002
1010
950
940
944
958
850
836
810
872
896
964
898
934
788
756
722
764
718
762
836
848
768
956
948
900
728
736
830
810
706
672
784
814
854
836
940
992
1122
1220
1310
1350
1298
1334
1272
1230
1266
1098
1126
1004
1126
1030
1030
942
858
770
884
852
822
852
794
792
856
674
700
718
714
666
694
578
690
614
682
752
740
802
792
706
702
780
880
854
850
786
738
678
710
846
786
852
808
708
606
704
770
912
918
864
768
924
876
818
904
1090
1132
1114
1116
1088
1038
1016
996
1038
1040
964
1022
912
904
822
836
902
882
908
936
988
1038
1074
1024
1012
1072
1162
1182
1052
874
832
742
600
558
624
618
766
744
746
768
838
772
876
864
830
764
848
866
940
1004
950
922
1000
980
1028
988
1048
888
836
812
834
838
856
886
1020
1096
1024
1024
1242
1232
1322
1348
1338
1276
1234
1258
1208
1198
1258
1156
1196
1136
1260
1082
1110
1078
1072
920
916
830
784
750
756
640
564
564
548
520
380
300
262
316
330
390
418
370
406
402
382
396
294
250
124
102
44
4
46
46
22
40
80
254
270
168
102
190
184
184
172
168
2
70
22
50
166
180
138
216
242
296
354
254
192
280
348
396
420
378
424
460
450
460
460
404
392
410
330
392
302
204
176
310
412
302
296
248
368
314
302
330
308
428
290
362
392
424
414
406
444
448
476
474
516
720
674
702
650
506
594
710
810
860
830
916
798
692
588
594
608
556
630
530
506
516
618
628
488
398
394
514
550
586
652
656
666
556
416
336
380
474
484
450
386
434
422
390
428
452
504
502
474
488
498
388
376
332
232
286
276
160
218
160
162
224
174
270
284
200
162
250
222
290
298
260
264
220
276
324
288
306
392
382
320
442
326
358
448
426
414
274
312
302
310
352
266
324
234
282
292
172
66
124
212
234
144
150
170
178
236
228
164
110
170
162
282
220
276
400
340
388
388
388
392
324
268
332
288
342
446
482
456
470
598
574
536
554
480
460
412
458
496
448
396
424
374
308
272
294
420
434
496
542
462
512
512
472
462
456
432
350
390
332
366
418
450
562
428
416
434
442
320
330
374
480
498
450
538
550
582
472
368
484
508
476
418
410
442
472
398
354
326
264
304
314
296
302
216
320
288
242
262
282
272
384
316
346
302
356
336
362
296
276
348
508
408
498
422
464
476
442
508
442
394
408
404
470
606
648
654
584
688
660
682
534
402
300
168
156
182
154
76
62
28
108
30
66
84
18
62
102
8
116
172
314
386
280
248
302
334
264
246
290
294
264
406
402
464
498
434
408
386
356
362
432
396
270
140
104
200
238
230
240
222
256
316
314
288
204
266
202
216
204
56
100
72
76
0
8
194
154
70
50
66
66
146
224
200
78
26
48
158
234
234
310
370
248
134
108
194
212
288
260
264
368
400
456
450
410
482
546
606
706
602
622
720
594
548
654
656
622
612
662
666
632
640
746
762
680
678
658
564
568
608
604
670
618
594
546
386
392
464
522
494
546
480
612
632
674
684
836
824
870
832
708
808
742
694
622
800
728
766
852
838
836
878
780
768
738
782
932
846
838
804
778
894
922
894
844
866
754
754
660
618
568
656
660
562
522
394
360
346
370
400
384
480
446
512
520
606
666
700
664
610
652
612
696
660
680
780
798
870
886
920
830
852
854
764
878
834
810
846
816
920
846
804
894
872
802
718
580
628
660
570
662
692
562
518
492
404
492
426
366
280
166
292
354
372
578
608
510
500
648
596
526
558
476
464
440
414
380
316
374
360
380
438
464
416
336
368
380
260
402
346
278
402
314
186
40
34
44
22
114
90
78
44
84
78
80
92
4
10
52
16
58
78
8
78
86
134
142
140
242
242
258
296
316
346
394
266
200
176
296
280
414
430
418
422
318
456
514
462
470
466
444
570
576
484
518
558
608
716
752
750
776
844
860
862
762
770
832
816
664
698
664
792
794
804
798
708
794
790
720
634
630
702
744
784
778
800
776
768
770
664
552
446
278
266
216
250
342
356
304
152
210
256
172
310
314
456
396
432
370
274
324
336
238
324
354
386
482
460
428
398
424
456
438
394
398
486
600
608
764
710
640
570
372
306
290
254
298
454
462
458
518
562
668
638
520
542
484
496
388
374
396
382
508
530
506
388
300
208
336
264
240
258
306
226
352
424
488
526
470
592
636
606
684
554
624
560
606
640
626
468
414
242
84
22
82
208
134
120
92
76
120
126
162
124
184
88
96
18
64
36
20
108
202
120
154
322
352
444
318
306
216
166
30
28
62
98
134
184
254
206
256
252
300
180
134
218
288
334
362
342
322
376
364
344
370
402
424
420
488
466
462
420
382
380
266
344
296
468
490
572
526
436
352
356
332
408
424
452
608
586
644
706
732
858
854
828
782
844
688
574
592
520
422
316
380
354
440
402
342
406
470
520
590
538
598
582
574
586
614
598
622
626
576
542
600
514
660
668
638
804
828
802
882
1016
866
892
814
578
590
500
562
466
480
548
564
522
496
396
412
494
500
488
590
564
416
424
340
328
400
362
308
298
366
382
420
330
334
270
242
224
260
260
264
250
356
470
502
438
438
440
428
390
242
84
14
88
54
16
70
130
70
54
68
128
294
298
192
210
178
96
130
192
192
310
298
312
344
392
368
408
334
340
244
226
144
82
26
32
66
40
54
10
46
62
118
22
98
138
130
52
26
14
70
80
28
6
14
22
70
82
44
66
48
80
2
8
28
32
18
8
72
148
76
134
190
102
138
68
98
10
180
48
74
12
24
96
84
18
84
28
146
82
118
142
16
32
126
130
162
78
26
22
10
10
2
46
22
38
158
230
316
348
288
420
414
412
460
326
276
360
378
336
402
430
370
316
338
296
266
224
218
114
96
44
22
174
214
176
270
200
248
246
212
94
186
106
124
122
90
40
10
56
172
188
116
188
134
210
234
186
260
130
176
160
156
192
206
16
88
106
114
108
124
218
240
124
208
100
48
86
128
114
174
242
250
350
360
428
522
518
610
532
538
472
552
580
588
592
536
468
438
428
576
676
834
878
920
940
936
962
1014
1138
1136
1034
888
992
1004
1044
1194
1260
1350
1208
1416
1336
1280
1304
1238
1304
1292
1226
1280
1298
1328
1272
1274
1220
1186
1172
1216
1218
1116
1156
1174
1008
936
1026
972
1008
1126
1072
844
824
858
744
714
746
674
740
836
768
760
672
702
624
718
806
786
784
850
826
780
766
716
666
584
524
486
450
304
398
378
394
360
298
248
208
180
80
162
148
56
116
58
116
50
152
146
164
114
158
238
252
242
234
242
276
334
316
282
274
296
210
182
158
282
54
10
38
68
14
150
56
74
20
76
156
210
128
22
8
48
42
136
186
124
132
122
64
36
158
114
18
46
158
70
82
138
96
212
106
40
26
42
78
220
74
52
128
86
160
192
156
156
130
120
100
116
126
76
32
24
44
36
122
92
110
188
260
298
318
430
466
444
572
568
520
480
538
646
666
724
716
762
874
958
940
958
978
980
922
934
966
1084
1196
1264
1222
1126
1242
1152
1154
1200
1036
1050
968
1030
1000
1158
1130
1138
942
842
834
956
994
1026
898
932
976
908
844
930
1016
992
902
922
862
950
874
872
850
858
732
640
608
648
716
702
638
608
496
486
436
444
542
450
422
508
504
486
418
502
622
566
518
518
648
770
646
726
860
832
842
882
716
752
726
796
792
820
804
786
656
672
660
664
664
572
510
514
538
522
572
578
570
654
602
572
538
612
658
666
692
726
730
838
882
770
756
730
704
596
538
566
604
620
522
530
524
448
290
282
288
222
102
182
168
164
168
102
74
228
284
328
298
234
216
184
226
66
136
28
4
24
40
86
76
232
302
270
248
364
446
510
560
506
522
536
616
532
434
418
416
464
402
314
408
422
472
486
276
196
150
168
80
92
2
60
96
94
84
4
100
82
54
70
28
98
180
188
188
140
108
208
212
290
304
196
98
100
122
140
70
18
84
96
32
74
50
152
2
66
80
34
102
40
10
102
166
210
252
328
356
352
348
352
312
288
276
276
202
256
324
322
318
316
354
248
292
362
424
414
486
546
612
534
556
612
678
668
580
586
782
780
684
646
734
768
734
850
870
776
806
764
666
656
656
634
566
586
510
452
478
416
408
354
372
208
164
146
190
234
218
288
232
188
198
348
488
448
548
552
522
404
550
458
444
300
332
290
434
406
400
450
346
322
348
506
460
360
316
268
310
368
278
262
248
230
180
206
226
140
78
16
34
46
22
50
40
