7612
7660
7582
7528
7536
7602
7552
7512
7428
7352
7332
7402
7446
7464
7344
7430
7432
7554
7578
7778
7876
7842
7882
7778
7742
7740
7626
7476
7368
7306
7326
7412
7300
7228
7298
7288
7268
7260
7260
7286
7286
7218
7220
7258
7216
7116
7094
7058
7192
7344
7418
7384
7382
7384
7422
7490
7412
7368
7306
7298
7318
7394
7472
7454
7382
7368
7394
7522
7544
7514
7552
7538
7544
7450
7476
7358
7274
7312
7320
7248
7270
7352
7384
7376
7378
7424
7346
7404
7392
7364
7406
7482
7472
7404
7408
7436
7474
7478
7590
7518
7620
7680
7646
7556
7596
7580
7694
7716
7582
7398
7398
7380
7388
7444
7430
7402
7382
7392
7292
7192
7046
7036
7020
7070
6994
6960
6936
6960
6992
7092
7136
7238
7302
7288
7286
7276
7200
7238
7212
7272
7258
7088
7116
7032
7030
7032
6974
6948
6968
6898
6952
6966
7004
6936
6968
7148
7146
7178
7304
7270
7360
7406
7422
7312
7386
7274
7238
7242
7236
7228
7264
7164
7200
7256
7204
7088
7118
7058
6962
6938
6962
7012
6984
7014
6986
7038
6978
6880
6832
6770
6808
6706
6674
6688
6690
6764
6726
6756
6928
7114
7230
7348
7346
7228
7270
7244
7162
7170
7158
7256
7276
7244
7248
7192
7194
7308
7308
7330
7288
7294
7480
7376
7274
7344
7238
7128
7212
7066
6992
7016
7112
7106
7150
7214
7238
7192
7236
7220
7158
7278
7334
7328
7188
7206
7152
7250
7172
7194
7130
7124
7084
7212
7350
7296
7282
7234
7190
7300
7184
7242
7172
7110
7054
7096
7000
7032
6874
6898
6996
6996
6924
6864
6880
6924
6864
6794
6916
6776
6752
6824
6810
6726
6818
6764
6806
6724
6714
6734
6860
6826
6820
6718
6778
6718
6690
6738
6752
6812
6862
6804
6854
6916
6908
6864
6856
6922
6922
6880
6920
6952
6908
6960
6998
6894
7042
7152
7192
7172
7158
7132
7202
7260
7194
7176
7208
7270
7258
7186
7264
7368
7368
7394
7414
7366
7284
7300
7400
7340
7222
7178
7246
7160
7176
7124
7210
7162
7156
7126
7140
7118
7150
7270
7244
7318
7350
7342
7248
7200
7216
7114
7164
7150
7098
7132
7098
7126
7252
7170
7186
7274
7290
7314
7336
7334
7322
7240
7168
7182
7028
7022
6952
6942
6924
7108
7156
7096
7078
7072
7096
7172
7232
7242
7256
7232
7214
7190
7184
7290
7250
7352
7358
7484
7470
7370
7356
7316
7342
7260
7318
7210
7318
7356
7322
7414
7450
7488
7456
7454
7424
7482
7512
7436
7360
7424
7378
7382
7392
7488
7400
7400
7496
7414
7488
7568
7474
7488
7588
7554
7644
7538
7490
7550
7610
7576
7572
7596
7676
7624
7684
7658
7456
7516
7470
7484
7602
7522
7486
7314
7382
7382
7258
7282
7264
7146
7108
7140
7234
7194
7186
7256
7346
7252
7192
7262
7406
7310
7316
7306
7262
7276
7266
7322
7284
7318
7374
7396
7346
7490
7548
7594
7584
7508
7542
7536
7566
7558
7540
7442
7478
7456
7562
7480
7426
7334
7342
7342
7414
7348
7412
7300
7364
7398
7346
7342
7460
7474
7368
7400
7458
7480
7448
7468
7290
7352
7314
7396
7398
7288
7338
7324
7340
7308
7320
7418
7474
7436
7422
7454
7448
7460
7414
7362
7342
7434
7418
7322
7268
7288
7270
7304
7260
7340
7422
7358
7370
7210
7284
7208
7204
7246
7066
7100
7116
7168
7274
7264
7312
7360
7430
7432
7492
7438
7418
7346
7300
7408
7406
7452
7488
7544
7468
7370
7382
7270
7348
7298
7294
7238
7300
7238
7158
7138
7156
7112
7136
7220
7080
7180
7284
7290
7388
7364
7372
7354
7378
7342
7222
7176
7140
7186
7164
7214
7266
7312
7306
7278
7262
7248
7318
7278
7320
7302
7492
7534
7492
7456
7372
7530
7580
7528
7500
7518
7462
7466
7374
7316
7430
7348
7324
7364
7292
7234
7288
7352
7246
7324
7370
7392
7314
7290
7280
7124
7034
6964
7028
7106
7024
7056
7140
7124
7128
7154
7204
7180
7170
7244
7230
7260
7250
7308
7238
7254
7278
7304
7300
7248
7296
7244
7344
7192
7100
7010
6962
6962
7110
7020
7068
7136
7260
7252
7368
7264
7320
7292
7186
7188
7254
7166
7250
7214
7344
7252
7240
7244
7348
7420
7342
7324
7448
7432
7482
7480
7534
7596
7570
7540
7590
7544
7570
7526
7492
7546
7342
7376
7464
7476
7444
7344
7308
7354
7318
7276
7356
7320
7262
7346
7320
7280
7330
7360
7294
7252
7188
7098
6926
6978
6874
7006
7036
6962
6916
6982
6980
6888
6966
6902
7034
7044
7070
7092
7040
7048
7028
7080
7148
7184
7126
7114
7036
7050
7136
7168
7090
7042
6918
6814
6848
6824
6804
6804
6932
6918
6820
6770
6840
6864
6982
6882
6878
6918
6822
6784
6838
6840
6814
6868
6956
6984
7090
7134
7100
7038
6898
6932
6868
6860
6804
6794
6842
6944
6898
6850
6936
6916
6892
6908
6918
6950
6854
6942
6892
6906
6910
6874
6846
6910
7000
7092
7046
7040
6996
7084
7122
7098
7006
7154
7106
7062
6906
6972
6946
7022
7000
7044
7100
7192
7092
7084
7180
7074
7092
7036
7006
7008
6936
7072
6980
7068
6956
6914
6904
6904
6832
6766
6726
6892
6912
6974
7064
7142
7070
7116
7036
7064
6994
7060
7106
6924
6966
6978
6986
6868
6880
6890
6898
7032
6914
6866
6802
6854
6962
6932
6906
6872
6880
6820
6842
6966
7074
7156
7044
7052
7064
7104
7132
7118
7200
7204
7240
7278
7208
7262
7304
7270
7080
7188
7128
7220
7156
7064
6946
6918
6870
6940
7002
7044
6998
6968
6934
7030
7058
7070
6990
7072
7096
7142
7220
7120
7112
7150
7148
7240
7242
7130
7228
7228
7260
7194
7172
7120
7066
7076
7006
6986
6962
6970
7028
7036
6980
7088
7028
7052
7010
7026
7062
7052
6904
7000
6930
7002
6982
6850
6876
6884
6866
6988
7016
7010
6988
6944
6900
6908
6868
6828
6832
6828
6852
6722
6802
6736
6854
6858
6894
6922
6888
6878
6858
6996
6974
6896
6916
6956
7024
6996
7058
7070
7094
6998
7066
6996
7140
7188
7166
7208
7274
7248
7202
7020
7116
7080
7064
6972
7022
7124
7242
7278
7232
7270
7334
7370
7430
7410
7400
7532
7570
7490
7632
7484
7508
7504
7476
7542
7652
7616
7610
7546
7408
7482
7534
7582
7456
7558
7410
7464
7358
7520
7518
7436
7472
7482
7540
7506
7374
7330
7322
7368
7310
7432
7442
7336
7380
7258
7226
7264
7232
7250
7096
7002
6920
6818
6718
6830
6922
6816
6982
6894
6850
6922
6866
6874
6882
6946
6916
6830
6788
6810
6932
6988
6988
7080
6992
7072
7038
6998
7166
7266
7206
7274
7248
7156
7026
7076
7076
7032
7060
7192
7202
7184
7262
7276
7252
7300
7302
7228
7186
7170
7162
7136
7172
7210
7286
7140
7072
7062
7206
7180
7310
7276
7338
7290
7250
7208
7250
7380
7284
7208
7264
7142
7314
7328
7284
7170
7212
7204
7160
7208
7238
7302
7362
7378
7342
7414
7330
7354
7340
7374
7380
7354
7356
7300
7394
7406
7456
7446
7502
7466
7416
7468
7378
7312
7212
7172
7364
7298
7314
7240
7276
7310
7416
7480
7426
7506
7538
7512
7480
7464
7390
7458
7526
7478
7440
7312
7268
7206
7320
7240
7190
7206
7164
7114
7216
7250
7130
7080
7060
7018
6992
6898
6886
6872
6910
6934
6766
6682
6606
6624
6694
6580
6666
6812
6720
6678
6646
6692
6666
6618
6566
6572
6552
6440
6458
6506
6558
6514
6500
6380
6430
6450
6492
6346
6430
6368
6386
6400
6416
6570
6784
6716
6716
6810
6864
6922
6970
6940
6862
6928
7018
7050
7014
7020
6922
6980
7086
7018
6956
6826
6760
6720
6768
6842
6764
6748
6662
6696
6622
6642
6654
6660
6582
6662
6670
6710
6682
6686
6766
6896
6824
6698
6664
6646
6558
6684
6788
6716
6792
6828
6896
6948
6916
6924
6986
6976
6946
6942
6900
6860
6852
6796
6690
6620
6686
6702
6684
6798
6846
6850
6900
6996
6952
6994
7118
7120
7030
6950
6920
6878
6938
6832
6794
6722
6696
6628
6534
6736
6798
6880
6826
6778
6812
6968
6990
6904
6892
6856
6854
6936
6904
6898
6808
6788
6866
6848
6828
6888
6846
6798
6796
6698
6880
6894
6882
6840
6816
6824
6856
6898
6910
6864
6878
6826
6912
6860
6858
6802
6846
6884
6916
6876
6964
7070
7032
6990
6838
6810
6782
6852
6878
6876
6842
6902
7008
7018
7010
7026
7144
7126
7168
7082
6958
6986
6940
6802
6892
6938
6898
6914
6926
6966
7008
7014
7022
7020
6962
6956
7010
6986
7072
7046
7046
7004
6984
6984
6912
6920
7042
7044
7098
7002
7138
7108
6996
7062
7114
7098
7106
7010
6924
7024
6946
6990
6914
6810
6954
6860
6918
7020
7020
7032
7096
7046
7162
7162
7136
6972
6904
6960
7006
6978
7096
7184
7174
7142
7144
7204
7158
7246
7302
7352
7260
7438
7344
7418
7344
7304
7384
7330
7226
7166
7278
7306
7330
7400
7482
7456
7424
7532
7518
7598
7506
7520
7546
7452
7400
7466
7366
7274
7284
7274
7218
7240
7314
7334
7294
7230
7310
7316
7262
7172
7212
7098
7250
7390
7350
7466
7440
7448
7506
7500
7488
7392
7348
7418
7360
7336
7250
7272
7318
7352
7330
7290
7298
7258
7254
7344
7196
7210
7144
7092
7172
7210
7182
7180
7128
7046
6840
6882
6852
6966
6952
7022
6976
6950
6974
6940
7108
7144
7116
7154
7186
7252
7206
7150
7148
7116
7266
7330
7376
7358
7448
7470
7478
7404
7546
7458
7562
7454
7548
7564
7560
7676
7610
7594
7590
7638
7654
7662
7626
7582
7558
7536
7594
7602
7520
7560
7594
7620
7538
7470
7426
7486
7364
7274
7258
7280
7262
7260
7342
7352
7292
7308
7370
7488
7508
7488
7494
7472
7472
7554
7534
7490
7464
7466
7502
7484
7414
7538
7612
7572
7556
7576
7684
7740
7810
7834
7800
7808
7746
7728
7710
7780
7784
7750
7790
7810
7930
7828
7720
7750
7624
7594
7622
7588
7558
7426
7436
7406
7336
7274
7280
7328
7274
7306
7430
7364
7408
7400
7408
7402
7338
7394
7536
7570
7578
7572
7620
7596
7542
7540
7654
7608
7612
7618
7596
7476
7382
7348
7278
7130
7214
7194
7120
7132
7052
7104
7170
7254
7262
7266
7166
7084
7086
7064
6976
6992
6924
6876
6926
6904
6886
7004
6944
6870
6894
6810
6760
6766
6922
6768
6746
6800
6734
6674
6630
6612
6554
6608
6708
6708
6702
6748
6756
6800
6734
6610
6632
6742
6630
6604
6608
6632
6626
6690
6632
6734
6768
6832
6808
6758
6782
6810
6790
6768
6818
6928
6990
6972
6996
6934
7094
7110
7084
7112
7162
7238
7238
7124
7102
7078
7076
7052
7032
7018
7036
7108
7066
7122
7120
7152
7142
7102
7056
6958
7012
6986
6980
7016
7042
7054
7054
7004
7068
7006
6982
7032
7056
6958
6986
7014
6930
6884
6868
6874
6926
6980
6890
6898
6938
7084
7136
7148
7164
7128
7086
7074
6956
6898
6882
6870
6728
6904
6900
6862
6830
6868
6940
6966
6972
7022
7026
6876
6884
6858
6918
6944
6798
6830
6812
6812
6768
6742
6728
6722
6746
6686
6680
6624
6584
6554
6556
6570
6682
6712
6622
6658
6552
6550
6528
6452
6484
6586
6394
6358
6394
6504
6538
6476
6504
6536
6416
6468
6580
6506
6466
6430
6318
6280
6268
6244
6384
6304
6344
6438
6444
6462
6476
6526
6432
6426
6458
6312
6320
6350
6352
6382
6450
6462
6546
6606
6620
6658
6700
6620
6688
6784
6856
6846
6854
6864
6816
6912
6856
6862
6812
6728
6630
6844
6778
6766
6702
6674
6732
6696
6754
6904
6872
6948
7004
7060
7024
7052
6992
6972
7016
7036
6964
6882
6850
6942
7122
7064
7096
7028
7044
6994
6948
7008
6956
6982
7112
7086
7130
7084
6962
6872
6870
6740
6858
6808
6782
6720
6600
6570
6478
6610
6554
6618
6742
6820
6846
7004
6972
6846
6834
6768
6888
6820
6910
6724
6706
6684
6678
6680
6506
6402
6538
6568
6520
6584
6518
6488
