814
644
590
494
442
410
430
482
582
658
712
758
750
802
702
778
682
680
728
798
842
942
926
752
698
666
618
456
498
540
552
574
578
686
660
758
846
970
1014
1058
1184
1228
1182
1216
1192
1144
1088
1052
956
878
952
944
892
788
698
672
696
768
676
650
670
678
592
492
610
724
718
728
774
708
616
610
590
460
566
544
640
650
632
654
668
642
522
644
660
716
640
708
640
598
636
624
716
636
562
618
740
742
652
594
548
436
460
560
508
512
528
648
600
488
554
512
530
318
358
438
412
374
276
186
298
298
348
236
176
220
262
210
186
324
306
308
296
210
206
384
502
468
424
448
398
446
250
236
176
268
176
270
336
262
336
374
294
108
182
248
204
54
156
132
116
78
154
120
14
12
48
52
144
188
108
36
54
150
132
90
18
180
178
78
82
158
38
18
2
30
46
70
26
10
88
60
100
54
28
4
40
90
116
138
120
80
148
164
166
226
378
470
440
452
504
450
496
498
472
354
468
428
358
396
428
582
544
476
390
276
360
342
430
376
460
556
440
272
272
240
182
176
250
234
142
148
74
4
46
0
42
114
56
44
58
30
18
12
24
118
186
272
326
390
302
282
340
360
302
282
242
346
518
526
544
644
582
684
766
736
670
658
676
746
824
836
758
686
666
692
640
686
716
736
764
826
836
944
944
904
852
788
840
938
966
994
842
976
986
928
790
684
622
682
616
784
978
1008
1018
992
1058
1164
1176
1156
1086
1110
1122
1074
1094
1082
1124
1106
1060
1064
1164
1156
1166
1136
1008
1022
1056
954
1058
986
930
852
912
846
816
842
798
858
938
1002
1092
1018
1020
974
946
910
946
830
764
782
728
556
418
258
278
270
246
200
202
218
126
100
138
112
8
36
190
94
6
2
34
90
74
108
58
54
4
50
44
6
144
136
122
144
16
70
120
214
248
236
238
262
190
264
218
258
232
198
276
156
172
72
130
2
102
202
106
168
218
116
56
10
32
40
212
302
250
156
112
170
134
134
28
98
4
40
14
100
44
36
66
180
100
114
130
118
42
48
134
146
216
160
248
384
260
288
192
254
274
114
140
106
98
220
200
234
274
212
184
228
380
490
606
642
638
526
496
532
502
548
522
318
260
200
250
376
358
244
242
164
88
88
46
124
114
36
154
226
200
250
354
462
374
366
394
432
396
396
342
370
212
278
350
328
188
338
328
248
248
226
268
120
238
338
348
444
492
356
254
196
128
90
32
8
62
52
26
30
116
120
156
58
106
8
156
180
220
286
234
172
170
42
54
62
90
86
32
24
44
92
24
26
74
50
102
26
16
26
132
18
96
42
12
64
66
34
122
130
210
212
122
4
102
94
146
236
274
170
118
0
28
22
12
4
10
130
46
58
4
32
124
112
188
210
312
316
342
374
414
410
372
276
192
154
176
136
168
108
64
68
70
152
156
256
174
276
210
194
178
152
246
246
170
90
92
178
86
180
138
76
108
30
36
110
238
64
74
186
132
50
86
30
10
90
2
144
150
18
4
50
60
20
90
128
208
238
276
284
262
190
176
42
54
50
138
96
160
238
136
30
126
50
10
60
202
156
84
18
22
56
30
124
82
56
92
108
100
78
70
146
278
276
176
268
254
316
290
300
212
142
58
42
30
60
68
88
114
188
174
166
216
248
80
96
96
30
48
52
40
56
146
182
218
238
254
378
434
448
440
372
272
214
260
200
136
122
108
76
112
188
204
154
182
208
164
136
14
28
94
14
16
136
142
194
224
204
98
110
188
186
316
362
366
460
356
422
476
424
356
294
268
276
244
168
86
100
94
148
162
56
34
82
56
2
62
26
10
10
102
110
100
96
34
66
2
10
28
12
26
18
114
132
278
264
74
88
120
220
194
156
56
28
26
38
48
64
94
16
22
62
28
52
86
62
68
6
110
56
80
58
74
100
106
232
260
282
358
396
390
362
424
342
320
370
338
428
506
388
446
546
594
420
390
234
270
254
360
392
340
254
164
244
174
204
202
74
2
10
38
10
16
42
116
258
312
260
280
418
430
400
576
616
496
518
542
608
508
576
616
574
706
792
828
766
862
844
790
762
714
688
694
548
512
628
568
508
504
396
412
386
384
318
250
228
270
180
158
140
56
50
56
0
54
46
62
2
36
8
42
104
70
32
68
52
78
28
76
38
78
14
42
114
132
156
116
188
172
242
226
316
326
330
288
200
266
298
234
252
148
110
16
44
6
46
82
160
216
254
228
284
214
330
374
272
400
348
358
334
286
180
110
36
36
140
76
90
114
62
116
144
18
48
140
138
108
172
142
100
120
12
36
32
128
102
126
118
110
110
232
174
106
94
20
10
80
140
142
98
64
32
0
26
52
108
46
114
142
120
116
116
30
68
60
144
124
192
232
260
288
254
344
302
224
282
348
276
406
350
448
468
468
470
484
536
558
586
438
590
604
614
562
640
658
676
576
536
474
544
486
602
608
634
698
682
746
750
690
736
738
692
798
814
696
608
722
732
752
724
782
694
764
578
542
496
418
442
442
456
580
574
648
782
764
856
872
772
670
792
734
760
676
654
560
462
530
528
440
500
578
606
590
654
692
650
632
610
542
588
500
522
578
538
478
496
450
572
618
644
732
728
650
592
550
582
586
606
628
582
664
744
730
810
770
730
744
632
502
562
652
598
574
544
636
580
598
584
464
552
564
600
422
484
380
354
316
274
378
340
268
226
148
160
258
346
344
308
362
396
448
328
296
280
280
164
246
250
262
214
242
216
208
164
166
118
94
110
94
122
232
146
74
6
82
2
140
114
92
152
56
28
62
102
196
188
214
118
254
242
252
284
280
222
118
80
162
212
186
290
318
390
330
286
312
290
404
260
258
336
310
354
276
334
258
264
284
290
346
348
608
682
684
676
650
686
786
658
572
606
652
652
716
788
990
934
922
920
980
1074
1154
986
1090
1140
1136
1306
1326
1220
1234
1376
1350
1398
1280
1326
1376
1434
1418
1398
1442
1416
1424
1460
1440
1496
1434
1320
1212
1126
1208
1236
1218
1218
1154
1120
1102
1008
1018
1004
870
1012
980
848
830
880
908
1038
952
994
938
1032
954
988
920
868
976
890
724
710
800
782
822
800
870
910
840
842
826
814
736
722
640
696
728
730
714
736
652
672
592
582
484
556
574
446
476
386
296
214
226
256
128
94
160
52
46
54
52
60
16
70
84
10
44
44
250
190
92
26
42
108
76
36
100
16
32
10
44
154
228
180
230
158
154
96
190
26
164
264
224
150
130
244
274
372
322
394
396
488
366
342
200
144
304
426
444
442
432
406
346
256
292
260
266
296
330
230
304
322
364
340
344
194
94
108
60
108
48
26
170
136
290
250
222
248
302
368
396
378
334
260
332
258
422
452
432
420
626
594
644
676
658
624
668
700
678
554
722
740
774
894
884
792
744
744
768
670
712
746
692
666
554
658
678
514
642
636
572
618
712
742
834
816
740
700
632
712
614
620
760
654
640
536
526
534
566
554
514
482
316
474
448
466
386
318
310
202
178
192
144
128
236
352
342
274
318
342
276
276
222
204
186
220
114
34
42
72
90
120
42
90
32
120
108
260
392
342
362
436
468
462
480
460
298
290
382
414
330
422
470
556
518
558
594
592
546
452
446
384
254
288
284
174
136
188
136
162
202
208
216
286
280
260
268
196
216
254
238
310
326
254
218
108
130
108
194
322
332
272
184
184
166
124
38
78
68
18
36
152
250
246
300
174
178
274
282
180
124
222
150
236
182
86
74
164
222
266
200
144
186
184
134
240
180
188
262
348
502
508
530
526
546
392
448
404
456
520
502
452
508
444
478
444
488
556
564
434
370
372
350
446
438
584
672
660
626
568
482
478
364
272
286
268
374
300
268
238
292
246
214
352
444
302
376
326
432
394
370
318
358
344
312
256
270
316
176
226
264
298
390
388
490
482
576
658
704
738
644
740
762
792
736
692
804
708
792
698
640
646
674
704
630
568
652
806
888
712
750
746
624
728
866
972
982
920
888
952
858
794
782
756
852
976
994
954
926
940
972
872
930
790
834
734
718
762
696
640
582
542
514
510
372
352
330
370
390
214
114
114
82
226
216
224
146
50
12
174
102
128
86
44
88
50
44
18
74
18
142
242
360
438
360
110
266
254
226
260
242
342
146
220
192
58
144
86
192
142
96
72
162
248
272
254
252
312
156
158
162
54
238
284
148
156
192
130
130
48
82
122
56
76
152
160
22
48
68
114
126
18
26
32
24
100
102
90
28
38
0
46
30
66
120
232
198
310
274
236
322
408
384
326
354
288
338
442
438
468
464
518
612
654
780
752
714
810
784
874
836
868
824
852
862
828
784
872
942
992
1064
938
936
792
668
680
618
512
546
516
582
560
570
544
622
550
570
676
690
578
578
600
626
642
566
548
626
648
686
704
660
672
712
750
802
668
756
730
704
704
742
716
814
810
900
970
1018
990
1044
1044
962
1092
1126
1144
1278
1300
1284
1250
1116
1124
1020
896
890
1038
1104
1098
1064
962
868
886
954
912
912
906
820
640
628
726
720
718
794
890
950
964
966
926
1106
1148
1228
1286
1240
1142
1204
1140
1162
1102
