744
742
680
684
696
754
756
746
756
772
800
822
810
822
816
858
876
862
866
842
872
828
774
814
806
820
786
782
770
772
778
804
792
818
830
820
802
782
784
804
770
796
776
758
768
728
774
782
824
826
856
852
842
858
888
906
906
934
930
872
888
912
890
916
888
884
872
878
862
846
808
836
856
824
804
800
780
798
778
818
812
776
794
804
790
772
782
734
740
746
750
736
766
760
802
768
772
792
820
824
814
814
790
822
830
870
892
848
858
886
846
866
836
860
810
846
832
858
846
810
814
796
760
722
724
746
782
740
764
788
778
778
818
834
868
876
864
886
888
902
878
920
878
820
802
816
848
816
804
822
874
900
886
880
868
860
846
834
816
830
836
824
818
844
834
810
824
838
864
862
854
806
844
856
848
842
816
828
858
876
890
854
816
800
818
816
856
848
858
860
858
818
820
816
842
866
848
864
844
858
876
876
894
862
854
874
862
866
834
768
794
786
778
784
796
820
840
832
818
820
824
850
846
854
848
808
842
814
854
828
838
834
844
838
826
808
778
798
790
782
754
780
746
760
758
758
770
734
726
734
762
770
724
702
706
706
726
762
720
726
724
738
738
744
754
762
746
726
726
742
750
738
736
748
764
742
732
730
708
752
728
738
736
712
720
758
754
738
706
710
650
664
674
672
656
624
618
630
664
644
674
678
702
732
718
708
700
672
664
736
740
728
700
670
670
638
628
648
658
684
704
698
676
674
658
676
668
646
650
624
648
640
596
616
612
614
604
564
552
568
588
606
584
582
598
532
552
508
522
492
506
484
466
462
476
460
492
496
498
492
498
586
614
620
640
680
624
592
554
560
552
596
560
590
572
542
606
594
564
598
560
600
618
676
666
698
682
714
708
716
714
702
720
700
712
738
738
732
752
770
790
764
772
706
724
758
760
762
812
846
838
824
830
832
790
782
774
802
802
840
834
826
836
852
832
816
758
740
768
770
796
780
774
754
788
814
796
758
764
736
740
766
762
766
808
832
774
792
794
806
816
762
746
726
702
740
744
830
834
844
836
838
840
826
788
792
766
800
810
788
806
802
820
792
786
820
812
824
764
750
730
702
688
664
694
688
668
678
702
696
706
732
708
718
734
748
746
720
686
690
684
642
660
654
668
672
612
602
622
622
674
662
654
616
646
690
700
680
670
662
636
664
650
624
654
638
596
652
670
678
706
712
686
662
662
696
726
728
752
764
712
684
684
642
694
692
680
684
764
762
770
772
736
744
732
708
694
750
760
766
726
728
702
716
744
754
766
764
738
694
692
706
718
714
708
722
708
690
666
616
656
672
694
676
660
662
694
706
742
770
786
788
750
708
706
738
712
710
728
732
698
746
750
762
748
694
666
670
682
644
666
694
702
734
764
764
776
758
736
744
762
806
744
732
756
780
786
788
808
766
764
772
782
752
726
758
784
778
798
806
790
818
828
806
874
840
838
852
858
870
812
806
776
788
800
786
832
828
810
856
860
856
878
812
844
842
892
870
878
864
830
826
842
862
862
858
864
868
912
918
882
894
908
902
888
872
878
872
876
864
854
872
852
888
890
856
858
820
794
792
780
760
782
790
782
788
762
770
762
724
716
674
720
744
752
776
774
808
794
774
744
738
738
704
712
758
790
762
748
734
752
782
788
800
792
818
788
818
798
796
770
792
818
810
794
774
758
794
766
738
742
750
790
812
786
788
798
760
784
828
830
844
840
844
822
794
822
802
796
826
814
854
832
804
824
848
846
808
786
808
806
790
848
868
886
900
838
834
822
796
790
778
772
800
814
794
772
774
754
794
792
776
756
786
758
744
746
710
680
678
630
578
548
522
522
494
426
412
414
406
436
416
412
428
432
456
438
426
390
356
272
242
226
210
244
192
180
184
178
216
196
250
240
258
270
296
338
330
354
366
348
394
362
362
372
352
366
364
354
388
354
296
284
252
226
236
244
286
284
244
276
276
244
298
296
318
328
280
304
276
284
302
308
294
254
230
268
218
204
192
250
230
212
206
156
170
150
176
216
202
198
160
154
182
190
194
224
196
164
154
166
142
194
228
212
206
182
130
148
98
94
112
74
22
4
8
46
72
76
78
92
96
54
104
120
172
194
252
216
270
280
270
292
216
248
252
244
206
194
172
206
184
176
230
262
260
278
312
362
366
386
360
356
348
316
350
314
352
348
354
356
342
360
322
322
306
296
312
282
294
266
268
314
286
282
234
208
184
218
198
138
144
200
224
202
200
218
226
226
204
208
186
170
184
120
180
174
140
162
180
158
190
208
170
178
156
150
212
238
184
272
250
286
300
258
332
332
354
312
312
308
280
252
278
282
318
290
272
312
306
288
288
220
202
138
200
172
160
144
150
178
138
168
158
172
198
226
200
216
254
296
356
354
350
344
308
316
294
310
292
296
302
290
280
264
250
270
296
270
274
270
216
288
328
338
350
370
352
354
340
344
348
286
306
346
360
362
324
370
322
288
274
288
330
334
314
294
374
380
364
394
366
346
362
366
360
356
340
294
280
290
266
230
198
234
238
156
158
166
154
120
120
154
164
152
130
130
80
54
54
66
36
12
12
4
36
28
60
48
76
74
80
102
116
144
158
156
152
188
212
132
82
74
110
144
116
126
154
132
90
46
74
66
60
58
88
76
78
126
128
146
196
198
192
234
214
226
182
186
214
186
172
212
278
258
274
308
316
336
336
330
290
292
266
256
248
284
274
272
276
288
320
284
290
296
212
242
222
218
176
208
206
218
192
210
230
272
226
244
178
170
168
180
118
144
138
152
124
110
88
46
96
110
78
56
10
80
106
158
120
134
116
78
76
52
20
2
36
34
20
4
40
42
22
68
144
120
136
154
122
140
110
94
68
64
40
100
110
166
190
208
202
228
272
262
254
238
234
198
222
230
238
248
266
308
368
346
346
302
274
264
286
260
268
296
294
250
276
268
270
278
266
246
258
288
328
376
364
386
370
338
330
362
370
370
378
358
384
408
410
422
428
436
452
440
426
468
536
556
562
548
536
540
522
548
566
560
574
586
546
562
560
616
598
614
642
690
746
756
792
774
782
728
704
680
704
718
708
704
680
688
688
670
652
668
672
632
638
660
662
662
648
630
626
562
608
622
598
572
532
536
568
556
572
570
534
550
540
532
548
554
572
618
566
624
644
638
660
694
660
658
608
586
610
634
660
664
672
670
680
642
642
710
714
738
690
756
778
760
804
744
776
760
772
764
738
758
782
796
742
724
736
788
780
800
870
898
866
856
854
880
858
846
846
854
858
828
830
792
816
782
740
738
746
732
774
772
758
732
702
736
734
752
764
782
790
782
772
756
772
832
858
854
880
882
914
904
890
880
868
878
884
846
850
878
876
850
844
816
814
786
824
850
840
818
836
834
818
800
836
836
822
824
852
812
806
834
842
820
770
786
778
780
778
774
728
714
702
776
806
796
828
842
860
860
848
852
852
858
888
878
860
854
794
814
884
876
868
866
896
910
902
910
902
920
946
940
924
938
914
910
910
882
878
876
844
854
862
844
876
852
854
866
836
832
854
866
894
874
878
866
842
844
862
814
864
866
856
810
790
814
790
792
826
810
846
854
874
864
808
814
798
804
766
816
814
858
848
848
824
860
856
828
824
840
794
810
782
812
798
806
852
886
870
816
778
820
830
772
766
758
824
840
850
862
878
838
872
848
838
846
834
894
878
880
890
824
830
844
820
842
826
824
806
776
788
792
774
764
724
742
694
680
636
646
634
664
674
648
694
662
632
646
642
710
722
710
668
662
656
670
626
642
674
690
656
686
738
734
722
720
706
706
746
758
708
750
702
700
710
680
702
692
670
656
618
652
604
642
628
638
656
686
688
688
624
640
658
674
668
672
646
630
630
680
660
616
594
626
624
648
628
622
620
648
658
654
658
686
720
722
724
742
704
726
704
706
784
820
808
806
814
780
796
804
768
766
750
774
848
834
786
804
792
782
802
788
830
818
836
776
784
808
798
782
770
772
774
764
780
762
794
734
772
762
752
772
748
740
736
728
744
792
778
754
738
752
752
770
766
760
724
752
810
842
804
790
792
826
796
828
798
800
788
804
832
824
836
772
786
802
812
762
726
684
706
734
706
722
714
728
688
674
694
688
652
666
702
720
764
716
714
694
686
684
638
664
672
648
652
672
740
742
764
758
716
698
692
748
712
714
696
688
702
666
644
672
684
626
636
650
646
652
650
648
676
700
696
700
678
662
658
662
642
660
682
724
722
722
688
682
680
676
684
692
658
700
724
766
766
714
710
702
702
694
716
736
712
736
694
704
712
706
704
708
752
734
766
758
754
782
760
774
788
776
826
862
842
790
810
850
858
864
888
886
874
876
866
870
836
872
874
890
906
904
888
858
856
856
832
822
810
810
798
820
872
830
816
814
794
792
816
810
750
760
744
752
734
710
724
762
738
716
716
692
736
740
718
752
744
792
786
794
802
846
850
864
870
892
868
848
838
832
834
798
836
814
802
784
770
