230
266
260
212
290
168
64
108
190
336
310
270
382
398
406
416
394
350
368
436
466
526
502
550
566
526
512
494
500
564
580
612
614
608
634
620
594
610
680
736
744
836
822
774
732
776
750
844
828
846
882
896
912
942
926
872
796
742
720
700
726
726
732
764
792
894
796
738
744
728
778
782
806
724
704
672
734
674
762
760
668
670
644
720
834
804
852
866
814
818
908
872
850
888
872
840
832
860
810
922
870
976
1036
1038
1070
1024
1024
970
880
946
914
920
864
932
892
972
1014
996
978
972
1012
916
872
766
930
980
922
858
844
832
806
866
804
886
880
960
842
720
798
764
696
718
760
704
724
750
682
774
746
766
734
668
660
682
804
888
904
822
720
754
784
852
950
902
918
966
922
1000
1068
1056
1098
986
914
888
898
890
812
754
768
694
768
818
858
862
728
754
696
728
732
768
770
866
894
954
898
892
854
810
794
770
782
702
716
728
812
848
718
794
714
830
828
936
950
1018
1104
1118
1122
1090
1034
1048
1092
1240
1318
1222
1214
1268
1262
1324
1310
1318
1312
1288
1248
1292
1304
1222
1270
1282
1206
1110
1168
1156
1156
1146
1210
1128
1164
1180
1072
1116
1094
1042
1026
1082
1036
1040
1056
1026
998
918
890
900
868
858
894
860
824
834
798
870
896
922
916
898
844
808
780
854
856
888
874
850
902
932
1002
990
964
962
1060
1042
1070
1042
958
944
856
770
750
698
770
768
856
816
720
728
754
770
796
936
852
840
812
712
776
724
772
764
726
668
744
818
818
820
798
862
820
854
794
768
736
782
674
822
972
994
1082
1086
1126
1132
1102
1062
1114
1216
1200
1158
1156
1090
1124
1046
1048
1160
1234
1316
1258
1194
1204
1224
1250
1276
1326
1326
1280
1348
1242
1310
1288
1212
1212
1226
1318
1322
1286
1286
1332
1230
1136
1070
1058
1062
1062
1048
1100
1112
1088
1124
1154
1278
1428
1444
1418
1442
1558
1566
1598
1572
1614
1664
1658
1634
1654
1636
1616
1598
1680
1682
1634
1602
1578
1562
1470
1490
1614
1576
1656
1672
1654
1606
1484
1424
1482
1444
1408
1476
1510
1500
1566
1530
1562
1696
1666
1610
1510
1546
1636
1650
1700
1708
1752
1704
1750
1816
1890
1864
1806
1838
1884
1836
1782
1800
1804
1824
1812
1894
1926
2080
2020
1918
1868
1964
1982
1944
1982
1998
1988
1966
1956
1962
1882
1872
1862
1884
1898
2030
1982
2014
2012
2126
2134
2130
2028
2056
2140
2120
2098
2104
2210
2162
2164
2138
2158
2154
2166
2210
2326
2382
2406
2322
2266
2202
2176
2216
2250
2216
2166
2152
2116
2060
2102
2074
2032
1984
1942
2064
2052
2092
2140
2074
2124
2140
2080
2082
2018
2028
2022
2052
2206
2160
2238
2212
2242
2186
2284
2266
2290
2374
2334
2388
2498
2508
2454
2386
2334
2274
2316
2332
2384
2478
2480
2472
2408
2442
2412
2348
2436
2380
2480
2450
2476
2412
2396
2428
2428
2388
2426
2412
2420
2466
2472
2606
2620
2596
2578
2646
2622
2600
2566
2562
2538
2512
2524
2548
2506
2498
2532
2582
2484
2448
2368
2478
2514
2578
2558
2508
2472
2474
2496
2426
2418
2498
2484
2382
2352
2356
2324
2348
2360
2310
2410
2446
2420
2494
2636
2564
2606
2518
2626
2616
2624
2624
2638
2640
2632
2588
2494
2474
2462
2430
2366
2394
2414
2402
2554
2584
2708
2628
2670
2700
2696
2652
2634
2680
2652
2700
2638
2554
2546
2626
2662
2640
2608
2536
2520
2506
2428
2464
2512
2490
2482
2542
2490
2448
2440
2386
2308
2256
2138
2190
2336
2298
2268
2296
2218
2198
2214
2168
2170
2198
2204
2320
2312
2382
2400
2344
2300
2254
2168
2140
2042
2040
2132
2180
2126
2118
2154
2146
2100
2164
2234
2246
2216
2284
2246
2280
2312
2314
2290
2288
2362
2346
2334
2372
2340
2372
2358
2418
2386
2440
2376
2422
2372
2392
2462
2482
2438
2428
2280
2370
2374
2378
2404
2370
2380
2392
2492
2568
2582
2576
2576
2558
2592
2588
2530
2430
2450
2392
2386
2354
2322
2340
2330
2234
2236
2298
2332
2318
2314
2352
2414
2424
2340
2466
2522
2532
2582
2574
2574
2648
2708
2636
2608
2726
2782
2814
2716
2710
2736
2738
2798
2716
2728
2722
2654
2650
2578
2682
2676
2708
2728
2726
2676
2626
2664
2690
2624
2704
2692
2720
2628
2784
2690
2676
2678
2698
2644
2640
2606
2556
2570
2596
2552
2584
2588
2554
2596
2498
2516
2514
2500
2502
2514
2498
2498
2604
2578
2520
2554
2574
2548
2600
2574
2512
2512
2470
2604
2536
2598
2550
2548
2544
2508
2586
2594
2540
2580
2542
2600
2652
2658
2538
2458
2414
2464
2478
2496
2528
2548
2532
2572
2544
2508
2516
2584
2632
2594
2586
2618
2726
2768
2696
2660
2632
2514
2406
2368
2380
2332
2304
2274
2358
2354
2414
2336
2438
2422
2416
2442
2392
2312
2264
2272
2332
2302
2288
2394
2466
2442
2434
2474
2418
2452
2372
2424
2428
2382
2288
2194
2250
2320
2324
2400
2452
2388
2474
2460
2482
2472
2444
2474
2502
2506
2536
2434
2432
2366
2362
2340
2342
2348
2390
2358
2364
2412
2380
2416
2338
2346
2272
2288
2260
2320
2298
2270
2316
2258
2298
2222
2290
2272
2266
2254
2186
2202
2274
2386
2346
2382
2436
2350
2392
2374
2384
2376
2336
2366
2408
2458
2526
2430
2516
2568
2592
2484
2570
2512
2530
2520
2606
2568
2588
2614
2616
2586
2582
2572
2602
2638
2588
2684
2658
2692
2690
2702
2720
2744
2826
2822
2838
2888
2830
2880
2950
3038
3028
2996
2996
3032
3000
2988
3004
2994
3098
3080
3006
2934
3020
3012
2926
2890
2958
2972
3002
2940
3022
2972
2972
2948
2916
2918
2956
2902
2936
2954
2952
3016
2966
2942
2986
3006
2986
2950
2888
2822
2882
2896
2836
2930
2940
3000
2968
2966
3044
3028
3030
3080
3062
3108
2994
2968
2950
2920
2928
2874
2824
2832
2776
2764
2720
2728
2752
2692
2728
2694
2724
2552
2550
2484
2532
2570
2630
2634
2574
2676
2694
2766
2726
2704
2682
2740
2642
2584
2598
2642
2594
2552
2682
2674
2650
2636
2664
2704
2678
2670
2698
2672
2682
2668
2648
2702
2788
2750
2684
2760
2754
2776
2802
2830
2764
2742
2794
2834
2808
2700
2776
2784
2764
2786
2780
2778
2698
2706
2632
2650
2612
2560
2592
2534
2494
2558
2624
2662
2718
2820
2704
2800
2814
2834
2882
2920
2888
2880
2914
2888
2966
2904
2882
2934
2930
2828
2826
2826
2846
2866
2892
2866
2992
3018
3090
3116
3120
3096
3004
2988
2968
2888
2912
2846
2910
2922
2962
2980
3000
2996
2986
3012
2998
3002
3050
3094
3092
3128
3152
3188
3122
3064
3030
3010
3082
3102
3064
2998
2946
2944
2990
2896
2926
2968
2914
3022
3020
2970
2942
2886
2836
2790
2850
2818
2810
2866
2860
2856
2842
2920
2936
2970
2936
3008
3024
2966
2976
2984
2946
2880
2878
2834
2814
2826
2816
2796
2788
2808
2854
2868
2872
2764
2750
2816
2794
2810
2834
2810
2824
2760
2718
2616
2630
2726
2746
2672
2666
2666
2660
2706
2784
2756
2814
2796
2728
2758
2786
2884
2870
2950
2892
2860
2846
2774
2838
2794
2760
2828
2782
2806
2748
2800
2702
2730
2700
2700
2612
2694
2842
2888
2850
2898
2912
3032
2964
2968
2926
2920
2906
2862
2890
2934
2994
3088
3192
3202
3088
3070
3084
3018
3098
3086
3098
3026
3064
3052
3094
3054
3014
3034
3078
3120
3134
3194
3248
3238
3198
3138
3178
3180
3202
3118
3164
3106
3126
3178
3178
3178
3108
3086
3134
3126
3172
3170
3126
3106
3196
3088
3108
3088
3184
3142
3072
3090
3114
3022
2966
2902
2952
3020
2922
2858
2810
2802
2846
2896
2922
2932
2916
2866
2826
2798
2762
2714
2734
2782
2780
2766
2756
2848
2818
2802
2758
2776
2646
2696
2708
2672
2556
2576
2600
2552
2532
2554
2522
2460
2518
2496
2552
2528
2498
2528
2598
2638
2594
2532
2552
2526
2442
2376
2352
2344
2414
2468
2438
2314
2334
2410
2314
2440
2476
2504
2508
2486
2506
2530
2526
2506
2456
2520
2586
2536
2616
2548
2462
2472
2486
2486
2468
2456
2492
2484
2536
2470
2436
2396
2408
2540
2550
2548
2622
2678
2650
2714
2642
2700
2706
2672
2710
2852
2876
2882
2734
2738
2724
2768
2776
2746
2784
2796
2822
2762
2704
2698
2714
2732
2716
2734
2736
2802
2804
2826
2826
2672
2710
2774
2796
2770
2834
2940
2882
2918
2922
2940
2876
2882
2922
2888
2850
2836
2908
2886
2904
2890
2880
2800
2818
2848
2714
2778
2870
2898
2908
2904
2870
2852
2834
2726
2732
2746
2664
2730
2788
2804
2832
2910
2900
2954
2954
2948
3020
2958
2940
2906
2904
2820
2850
2860
2884
2948
2984
2942
2944
2998
3004
3036
3020
2950
2902
2890
2840
2798
2822
2776
2812
2794
2864
2856
2856
2740
2808
2784
2852
2828
2820
2780
2776
2818
2804
2772
2814
2786
2836
2896
2930
2850
2822
2806
2754
2816
2862
2888
2882
2858
2890
2878
2848
2852
2842
2896
2906
2938
2912
2978
2946
2952
2970
2988
2998
3064
3058
3026
3058
3080
3104
3086
3010
3020
2898
2966
2962
2888
2840
2762
2894
2938
2890
2802
2866
2852
2912
2966
2904
2934
2948
2948
2954
2990
2926
2866
2804
2776
2710
2794
2780
2712
2636
2684
2744
2808
2814
2756
2808
2756
2812
2834
2724
2674
2724
2744
2790
2826
2872
2846
2846
2856
2868
2884
2856
2830
2786
2810
2916
2942
3034
3040
3168
3166
3086
3176
3160
3112
3172
3224
3264
3296
3262
3212
3244
3220
3154
3140
3154
3076
3030
3046
3022
2962
2954
2896
2948
2982
2984
2968
2968
2980
3004
2984
2998
2918
2950
2974
3034
2998
2998
3028
3070
3094
3116
3048
3026
3094
3060
3074
3116
3110
3066
3012
3050
3034
3054
3118
3058
3050
3018
3082
3104
3098
3026
3036
3002
3034
3022
3088
3072
3038
3028
3020
2996
3008
2942
2864
2910
2848
2916
2908
2878
2852
2798
2874
2848
2802
2800
2768
2874
2904
2850
2896
2834
2830
2784
2794
2766
2902
2944
2886
2844
2876
2878
2932
2914
2924
2910
2940
2912
2870
2930
2918
2896
2804
2876
2942
2938
2900
2934
2968
2982
3004
3078
3034
3074
3058
3036
3012
2998
3024
2996
3104
3128
3062
3126
3010
3032
3032
3058
3104
3076
3038
3006
2974
2976
2988
2988
2924
2922
2936
2846
2878
2910
2838
2910
2934
2916
2888
2804
2778
2726
2614
2586
2600
2626
2672
2654
2712
2712
2710
2822
2826
2840
2842
2928
2890
2820
2866
2890
2892
2910
2934
2870
2910
2864
2926
2950
2970
2916
2978
2978
2954
2972
2948
2942
2940
2924
2800
2762
2742
2750
2764
2752
2616
2638
2650
2656
2640
2718
2714
2786
2786
2724
2792
2788
2842
2884
2906
2904
2926
2904
2928
2806
2792
2796
2744
2718
2802
2858
2820
2794
2778
2770
2724
2806
2756
2728
2780
2842
2778
2796
2828
2814
2764
2754
2658
2706
2664
2744
2734
2818
2838
2850
2896
2922
2876
2864
2850
2800
2832
2816
2788
2854
2924
2978
2974
3024
2944
2978
2972
2954
2958
2942
2936
3010
2980
3058
3108
3114
3060
3038
2964
2974
2984
3040
3114
3120
3224
3232
3218
3278
3238
3274
3280
3258
3192
3188
3214
3188
3270
3280
3224
3180
3108
3048
3082
2936
3020
3068
3016
3084
3146
3138
3116
3134
3102
3112
3148
3166
3214
3188
3282
3342
3316
3380
3382
3372
3388
3364
3382
3412
3408
3320
