128
180
176
124
154
132
114
94
52
130
108
138
96
82
86
54
80
72
88
32
42
20
2
76
102
96
118
86
106
124
94
40
32
68
94
92
102
126
104
98
44
94
84
86
64
126
116
134
160
156
148
100
130
104
92
70
32
8
14
48
64
60
72
62
30
70
58
70
32
6
32
54
92
26
50
20
18
16
50
48
50
96
106
98
72
84
130
132
178
170
216
224
218
218
272
292
384
418
410
434
462
434
406
390
402
426
414
406
382
426
436
460
464
484
434
460
480
542
490
460
442
464
496
486
460
430
436
414
408
352
416
468
476
502
570
620
610
602
582
516
498
478
474
448
484
462
480
424
400
370
402
428
438
468
544
534
554
508
524
452
484
514
592
622
592
550
566
556
588
630
610
606
610
646
674
662
648
630
612
620
620
602
588
602
616
696
726
692
720
748
754
796
750
734
658
682
690
660
602
564
608
624
590
582
588
588
624
640
632
660
656
648
654
646
618
624
628
690
722
668
646
630
640
658
664
664
700
702
728
748
740
774
752
760
764
770
750
738
686
692
664
662
670
672
662
632
612
590
622
718
752
788
768
768
760
784
754
762
726
762
738
750
762
770
778
758
768
822
844
836
834
796
800
804
770
730
716
720
720
690
674
640
640
610
648
652
642
612
652
630
640
640
686
676
658
682
668
652
650
704
692
674
682
688
680
686
724
736
720
716
722
632
642
670
684
652
684
686
712
726
728
732
728
684
644
672
664
638
626
612
634
662
682
692
632
632
650
640
582
560
578
556
552
552
576
562
582
520
524
520
532
572
576
558
572
568
646
674
676
718
684
680
702
692
684
672
614
598
578
568
548
576
576
566
604
626
614
638
640
618
698
692
686
712
742
738
738
760
734
680
678
738
710
690
708
750
748
790
788
788
750
746
772
766
784
782
738
736
762
762
784
752
744
746
760
764
790
772
750
772
768
768
792
796
808
814
802
824
808
844
816
836
798
806
814
838
852
842
832
840
804
824
774
760
734
758
764
766
764
770
808
806
736
816
802
820
786
746
724
740
774
742
790
846
834
808
800
812
834
834
846
834
800
764
808
816
820
848
824
792
794
764
774
756
736
734
750
766
776
770
758
736
766
768
734
732
712
706
738
700
714
742
746
744
730
762
736
718
708
726
686
640
660
638
630
610
622
586
582
594
606
574
564
558
606
578
620
662
650
630
648
656
686
678
704
676
670
656
620
608
606
562
538
498
506
526
514
524
506
500
482
484
512
524
534
554
574
524
536
516
500
488
496
536
510
524
482
530
550
568
534
510
494
476
472
484
486
506
508
480
488
522
498
518
570
600
622
658
632
652
608
538
582
630
632
618
602
588
528
462
478
498
476
436
428
472
466
476
502
500
490
476
526
566
570
624
606
642
634
656
634
626
586
622
594
602
602
640
602
610
624
590
596
586
588
588
554
584
564
510
512
556
548
530
524
566
544
568
572
562
582
570
518
536
460
468
486
472
484
476
504
506
538
498
528
528
574
576
546
584
482
508
512
508
498
468
452
462
458
480
478
468
478
452
490
500
522
486
494
470
428
462
526
512
504
552
532
564
566
574
588
572
586
626
624
666
686
750
766
744
750
764
794
810
794
810
798
820
854
802
812
808
806
788
744
788
812
830
814
860
866
892
890
830
852
860
864
848
876
870
862
898
868
836
830
860
856
818
812
822
794
788
822
818
820
836
842
852
858
838
838
824
802
836
848
802
794
790
806
812
800
800
790
804
794
752
728
728
760
716
758
714
718
716
732
756
756
802
786
768
762
772
782
776
764
764
760
758
722
762
794
774
740
752
736
750
720
704
774
754
782
792
802
784
756
700
690
720
774
712
722
702
728
762
766
816
752
758
758
758
774
750
726
672
676
664
658
650
598
574
568
604
564
526
532
526
472
454
420
436
458
490
478
482
462
498
506
474
528
546
524
580
592
598
634
630
678
674
656
648
660
642
636
600
658
626
614
628
592
620
560
624
654
658
670
642
610
614
584
620
626
642
664
644
700
684
676
708
690
630
662
668
688
670
626
620
606
580
634
674
732
672
726
672
668
696
740
708
734
734
744
780
756
722
720
724
718
696
698
708
692
726
746
738
720
706
678
708
714
750
722
748
726
684
672
680
666
676
646
698
690
684
684
692
730
702
720
728
720
718
696
694
690
716
740
738
710
754
712
680
712
724
722
728
706
716
764
776
798
822
804
832
802
810
826
854
846
812
796
796
816
796
782
802
798
842
842
858
864
856
858
884
850
874
856
852
862
842
850
852
808
788
770
760
768
756
744
802
780
746
716
730
784
794
800
818
828
792
788
792
820
842
820
826
802
816
792
778
744
786
824
828
822
790
758
730
732
712
680
654
658
634
676
730
734
718
698
668
624
582
620
626
626
608
642
666
684
638
628
654
700
674
658
674
646
624
628
656
680
670
680
666
622
668
642
596
694
728
712
738
690
664
692
672
628
650
608
610
630
642
642
638
616
608
616
644
676
712
678
634
614
610
650
684
732
714
744
738
728
680
758
740
774
794
818
796
790
822
846
810
808
830
806
806
818
788
780
802
760
754
804
788
756
740
774
718
710
734
730
718
740
724
726
696
674
714
710
684
712
760
740
772
754
786
792
800
820
784
800
828
828
804
818
852
834
854
860
834
862
838
788
754
776
802
800
758
792
770
810
832
856
860
840
806
826
838
846
810
834
864
864
842
824
826
814
852
838
824
846
852
834
834
834
834
818
810
800
796
786
796
776
784
752
724
716
702
732
728
802
754
764
790
772
742
700
692
668
668
672
648
640
644
618
598
638
634
624
580
538
466
456
466
396
428
438
466
526
492
506
486
502
522
508
488
510
480
490
486
438
434
424
424
454
428
430
456
454
486
496
494
478
494
446
500
474
482
498
458
414
466
460
446
472
430
438
474
472
458
450
502
530
508
416
418
434
484
502
464
466
456
462
506
520
508
488
484
470
474
472
452
460
474
534
532
512
432
436
428
430
474
448
426
432
392
350
318
302
280
266
338
320
324
302
308
316
260
260
250
236
188
184
184
222
220
238
250
264
304
294
274
292
302
306
316
316
322
364
336
350
352
402
410
414
430
442
458
512
524
500
542
564
554
564
576
622
618
646
612
648
602
578
572
550
566
548
534
562
578
576
572
542
558
522
550
546
576
584
596
546
554
532
514
558
624
546
542
584
548
538
490
504
572
608
626
610
598
640
706
668
676
608
644
638
674
652
664
700
710
692
702
690
664
662
710
674
684
688
710
686
672
676
704
716
738
720
670
658
618
676
606
656
652
640
652
676
642
672
726
706
652
592
574
556
596
622
636
612
594
594
528
476
490
506
544
504
510
502
504
504
456
474
508
490
454
432
434
432
416
446
472
478
466
458
452
444
466
490
498
494
480
486
428
454
448
470
450
430
430
434
410
446
442
436
404
408
434
386
372
386
392
398
386
386
356
310
284
286
268
248
242
250
288
224
232
310
304
278
302
374
392
410
410
380
382
374
346
426
470
484
472
466
452
476
472
488
472
468
504
460
444
454
468
518
518
512
520
496
520
496
552
562
518
502
484
482
496
488
440
440
426
388
408
400
408
372
420
382
368
360
430
422
412
372
348
372
408
394
462
452
476
542
542
530
504
460
568
618
688
722
714
736
694
666
626
630
630
648
690
712
682
678
658
648
684
708
728
734
752
730
724
732
776
752
732
768
752
740
764
798
792
768
790
770
758
792
766
782
772
764
748
726
746
704
722
724
692
706
630
684
750
744
732
702
692
692
654
608
620
594
642
690
640
636
630
606
634
634
654
608
576
532
458
480
534
522
554
560
618
624
632
620
644
620
620
630
604
600
572
620
606
612
628
624
602
620
622
560
600
558
626
668
696
678
682
686
728
692
696
744
706
702
674
626
692
640
642
616
586
598
520
494
502
520
488
448
518
486
512
466
466
446
440
420
416
426
394
414
440
424
450
436
458
490
494
458
392
448
474
508
448
464
466
472
502
452
416
430
494
494
492
468
440
454
462
514
486
470
502
560
604
616
662
662
644
630
630
674
664
680
688
686
674
708
674
658
664
660
630
590
648
688
678
686
706
704
732
702
686
656
666
640
646
642
644
624
614
602
626
646
598
604
608
594
640
648
680
656
710
702
706
704
684
714
712
724
706
720
722
708
668
690
728
680
680
684
684
704
662
654
664
640
672
658
566
520
562
578
612
630
670
712
690
674
684
718
710
672
700
714
722
756
816
824
780
768
788
826
858
880
868
860
884
862
824
864
868
838
818
816
808
818
784
796
838
854
862
832
818
844
808
822
844
832
850
856
848
814
826
812
784
814
810
832
844
852
776
774
746
762
768
742
748
722
694
658
690
672
688
690
660
674
672
674
690
678
710
678
688
714
724
738
740
766
734
756
766
782
772
784
756
752
744
746
794
814
798
760
722
732
742
726
728
726
718
718
684
696
700
686
732
674
684
684
734
730
740
770
770
730
758
724
710
710
728
722
742
754
756
740
736
