3664
3662
3664
3688
3602
3596
3562
3536
3512
3470
3454
3442
3462
3558
3452
3502
3482
3404
3406
3420
3498
3512
3552
3564
3566
3574
3568
3562
3618
3622
3586
3596
3570
3576
3648
3562
3518
3518
3594
3548
3558
3604
3586
3552
3496
3530
3518
3520
3466
3488
3444
3574
3564
3540
3550
3522
3562
3586
3498
3512
3518
3496
3514
3502
3506
3496
3482
3560
3556
3600
3568
3548
3586
3638
3544
3552
3582
3592
3626
3578
3634
3612
3556
3488
3480
3464
3464
3424
3456
3436
3484
3500
3426
3372
3360
3330
3360
3332
3326
3284
3234
3308
3306
3330
3302
3238
3278
3268
3280
3286
3272
3364
3342
3344
3332
3376
3360
3304
3306
3336
3338
3294
3262
3318
3384
3412
3464
3474
3526
3484
3470
3508
3502
3514
3542
3536
3582
3570
3528
3588
3590
3620
3594
3534
3516
3508
3482
3468
3482
3462
3476
3480
3496
3434
3478
3508
3476
3474
3412
3464
3458
3484
3458
3546
3544
3510
3608
3594
3622
3638
3648
3642
3674
3626
3672
3628
3638
3610
3542
3570
3590
3506
3530
3586
3550
3578
3514
3526
3532
3572
3542
3564
3594
3566
3644
3630
3688
3678
3654
3608
3580
3568
3594
3556
3528
3614
3526
3472
3472
3422
3378
3434
3478
3408
3434
3492
3424
3432
3334
3302
3312
3364
3364
3444
3430
3466
3500
3506
3516
3552
3534
3534
3506
3510
3480
3506
3392
3470
3478
3460
3454
3480
3460
3426
3450
3422
3460
3514
3460
3498
3478
3472
3554
3576
3540
3492
3472
3456
3494
3428
3470
3496
3434
3444
3500
3462
3452
3448
3420
3394
3446
3520
3522
3516
3416
3496
3480
3504
3554
3554
3524
3512
3502
3532
3504
3554
3528
3484
3538
3568
3608
3594
3496
3464
3500
3488
3500
3528
3556
3594
3622
3620
3580
3570
3644
3672
3654
3660
3710
3630
3578
3562
3524
3508
3512
3552
3596
3554
3578
3584
3584
3620
3620
3582
3568
3586
3606
3650
3646
3614
3592
3616
3602
3546
3598
3612
3588
3522
3564
3580
3572
3548
3508
3490
3500
3532
3534
3620
3646
3654
3728
3710
3726
3728
3732
3680
3700
3578
3634
3624
3578
3580
3590
3566
3618
3624
3608
3638
3602
3552
3544
3494
3524
3496
3510
3474
3454
3508
3528
3560
3486
3424
3398
3444
3426
3514
3412
3444
3448
3508
3490
3510
3476
3496
3504
3544
3552
3570
3608
3638
3672
3644
3622
3556
3502
3538
3504
3506
3538
3524
3586
3626
3596
3630
3622
3576
3510
3578
3540
3586
3556
3576
3646
3594
3570
3608
3580
3606
3568
3608
3654
3662
3596
3500
3506
3464
3468
3492
3558
3558
3544
3506
3450
3402
3472
3428
3314
3352
3390
3390
3446
3386
3358
3404
3430
3412
3396
3356
3406
3364
3372
3364
3366
3432
3404
3432
3406
3442
3454
3502
3504
3574
3564
3608
3560
3508
3550
3536
3578
3528
3456
3518
3478
3498
3570
3560
3490
3540
3534
3520
3528
3514
3482
3572
3586
3598
3572
3542
3514
3500
3524
3492
3508
3576
3560
3564
3454
3484
3490
3466
3490
3496
3554
3496
3420
3432
3490
3494
3532
3516
3450
3488
3484
3460
3580
3610
3564
3496
3526
3558
3588
3562
3532
3488
3504
3450
3472
3530
3520
3528
3542
3576
3574
3566
3522
3528
3532
3598
3582
3664
3630
3618
3576
3570
3554
3582
3550
3472
3494
3478
3472
3526
3516
3504
3506
3498
3530
3558
3518
3526
3552
3520
3518
3502
3468
3542
3464
3490
3580
3552
3560
3530
3530
3584
3530
3534
3478
3544
3514
3536
3554
3492
3494
3542
3576
3510
3552
3590
3592
3524
3506
3554
3578
3626
3606
3604
3616
3644
3596
3634
3626
3606
3646
3610
3622
3626
3664
3622
3626
3548
3584
3530
3450
3478
3468
3526
3550
3608
3624
3640
3656
3638
3638
3604
3644
3612
3600
3522
3506
3456
3478
3488
3536
3472
3510
3582
3572
3530
3540
3534
3536
3584
3578
3582
3512
3486
3510
3486
3526
3466
3456
3498
3534
3510
3530
3614
3584
3546
3516
3518
3554
3530
3528
3550
3588
3582
3560
3594
3584
3540
3540
3512
3536
3568
3580
3514
3500
3528
3472
3508
3552
3636
3572
3570
3598
3612
3606
3574
3514
3550
3558
3542
3572
3532
3556
3480
3502
3488
3518
3506
3448
3440
3434
3466
3484
3468
3474
3440
3482
3472
3620
3622
3574
3596
3608
3588
3608
3576
3568
3564
3566
3606
3654
3640
3624
3476
3482
3472
3540
3580
3546
3538
3526
3548
3584
3566
3620
3554
3482
3522
3484
3486
3536
3562
3554
3550
3556
3520
3596
3598
3662
3648
3664
3656
3608
3592
3550
3552
3502
3534
3560
3586
3610
3530
3550
3572
3512
3568
3602
3530
3522
3510
3482
3456
3500
3490
3480
3474
3444
3442
3438
3444
3514
3452
3468
3454
3450
3482
3412
3408
3450
3430
3444
3520
3526
3494
3424
3424
3446
3374
3466
3450
3420
3498
3408
3446
3448
3586
3520
3496
3496
3458
3426
3448
3450
3476
3462
3474
3532
3550
3486
3458
3488
3458
3360
3434
3520
3500
3484
3486
3500
3508
3516
3490
3566
3616
3620
3612
3614
3570
3524
3496
3488
3464
3528
3530
3474
3506
3526
3500
3480
3526
3508
3460
3484
3486
3458
3472
3536
3578
3558
3604
3580
3596
3632
3612
3634
3588
3588
3508
3544
3578
3572
3522
3456
3420
3452
3478
3546
3630
3650
3634
3628
3552
3580
3622
3592
3598
3494
3520
3464
3458
3430
3472
3524
3500
3490
3452
3480
3494
3398
3396
3336
3284
3316
3310
3304
3362
3456
3472
3532
3594
3614
3630
3620
3674
3680
3624
3692
3644
3630
3530
3532
3498
3486
3468
3460
3488
3516
3540
3546
3540
3600
3650
3662
3598
3560
3506
3506
3520
3534
3522
3538
3552
3580
3554
3580
3626
3592
3546
3590
3572
3498
3504
3590
3576
3578
3554
3534
3500
3468
3414
3428
3448
3468
3462
3466
3466
3504
3504
3454
3534
3540
3552
3572
3580
3586
3554
3574
3576
3526
3512
3506
3482
3468
3410
3442
3440
3378
3504
3456
3494
3580
3584
3580
3584
3544
3568
3636
3634
3604
3604
3600
3606
3624
3654
3644
3638
3620
3624
3556
3502
3538
3528
3576
3630
3584
3572
3562
3502
3600
3584
3526
3472
3508
3470
3534
3554
3634
3606
3488
3468
3500
3492
3476
3480
3528
3538
3500
3416
3484
3368
3346
3354
3376
3340
3298
3330
3326
3394
3394
3400
3412
3340
3360
3382
3378
3416
3400
3406
3408
3360
3280
3282
3248
3240
3190
3216
3272
3288
3266
3308
3310
3328
3332
3404
3340
3374
3300
3270
3266
3242
3222
3232
3234
3300
3282
3324
3328
3294
3332
3330
3320
3314
3324
3360
3404
3424
3488
3406
3382
3380
3436
3436
3394
3348
3334
3316
3378
3422
3436
3444
3458
3472
3528
3506
3544
3546
3546
3516
3456
3518
3516
3570
3566
3596
3586
3570
3572
3504
3488
3478
3432
3388
3416
3480
3488
3488
3472
3496
3458
3448
3500
3506
3466
3452
3438
3402
3398
3320
3292
3260
3216
3326
3350
3400
3424
3392
3394
3424
3432
3446
3398
3408
3518
3560
3498
3460
3478
3428
3432
3390
3340
3390
3404
3384
3306
3262
3380
3424
3500
3474
3410
3340
3276
3206
3282
3270
3248
3352
3372
3312
3302
3316
3310
3364
3342
3350
3326
3366
3388
3380
3434
3426
3410
3392
3464
3392
3396
3426
3464
3578
3544
3582
3564
3566
3532
3472
3492
3490
3478
3436
3440
3506
3484
3372
3390
3422
3402
3434
3468
3496
3450
3488
3436
3506
3494
3486
3558
3518
3538
3512
3522
3476
3464
3414
3440
3516
3468
3484
3522
3480
3504
3514
3562
3546
3626
3598
3586
3580
3566
3590
3542
3572
3548
3564
3494
3606
3584
3592
3558
3592
3588
3588
3602
3570
3530
3556
3556
3528
3514
3472
3546
3518
3514
3430
3416
3464
3456
3474
3508
3486
3548
3582
3504
3378
3376
3342
3366
3394
3388
3332
3350
3222
3286
3296
3290
3284
3296
3344
3346
3452
3416
3408
3388
3402
3390
3438
3426
3432
3430
3400
3424
3454
3446
3480
3476
3478
3500
3484
3502
3450
3500
3510
3464
3522
3524
3532
3542
3546
3526
3550
3518
3518
3512
3486
3482
3486
3458
3446
3486
3466
3506
3536
3502
3538
3576
3556
3504
3506
3432
3456
3452
3428
3466
3428
3468
3498
3520
3466
3460
3414
3400
3454
3430
3456
3484
3494
3526
3548
3562
3498
3506
3526
3504
3534
3556
3586
3560
3572
3582
3578
3568
3576
3556
3608
3580
3536
3550
3568
3452
3526
3478
3520
3518
3522
3554
3564
3562
3594
3610
3602
3532
3518
3466
3504
3500
3584
3530
3530
3580
3562
3522
3474
3470
3496
3480
3358
3390
3444
3480
3536
3556
3598
3530
3538
3484
3496
3478
3466
3510
3540
3506
3556
3466
3450
3444
3478
3524
3564
3560
3552
3550
3564
3586
3582
3570
3564
3568
3562
3548
3572
3638
3596
3542
3588
3580
3464
3446
3470
3482
3524
3506
3510
3566
3536
3566
3522
3606
3562
3466
3518
3552
3518
3530
3458
3478
3466
3472
3538
3518
3552
3568
3542
3542
3578
3564
3516
3510
3532
3492
3542
3520
3510
3452
3458
3474
3486
3406
3454
3504
3482
3552
3546
3582
3578
3580
3612
3568
3520
3498
3580
3592
3594
3592
3552
3504
3488
3470
3496
3532
3528
3520
3524
3582
3540
3472
3542
3544
3548
3608
3594
3550
3594
3578
3576
3566
3586
3542
3566
3588
3550
3538
3562
3550
3526
3572
3612
3608
3562
3548
3602
3550
3560
3614
3620
3676
3706
3698
3682
3686
3654
3676
3610
3574
3576
3610
3630
3612
3596
3474
3388
3480
3512
3544
3548
3594
3596
3552
3564
3622
3612
3614
3512
3538
3614
3634
3590
3574
3536
3548
3572
3582
3586
3536
3550
3578
3582
3548
3532
3556
3544
3508
3548
3534
3502
3478
3466
3516
3502
3500
3526
3444
3442
3526
3542
3538
3504
3502
3568
3528
3624
3582
3498
3508
3524
3538
3494
3494
3488
3478
3484
3478
3522
3522
3538
3528
3550
3624
3622
3592
3638
3606
3574
3580
3644
3564
3590
3586
3562
3536
3564
3488
3424
3438
3456
3500
3434
3476
3378
3428
3494
3464
3460
3442
3500
3494
3512
3508
3430
3460
3432
3416
3408
3432
3500
3482
3494
3570
3608
3618
3572
3564
3546
3562
3544
3568
3552
3544
3504
3430
3418
3404
3338
3438
3478
3434
3428
3424
3474
3456
3540
3538
3516
3542
3526
3484
3430
3520
3536
3506
3524
3564
3530
3486
3478
3468
3514
3470
3464
3442
3360
3340
3382
3340
3320
3340
3332
3310
3350
3388
3414
3358
3394
3460
3402
3426
3420
3400
3386
3366
3388
3390
3412
3494
3480
3534
3572
3600
3632
3604
3606
3598
3626
3612
3614
3594
3584
3558
3588
3618
3560
3628
3682
3688
3642
3628
3584
3556
3574
3480
3460
3454
3446
3464
3560
3528
3556
3444
3480
3548
3516
3472
3500
3568
3592
3618
3596
3492
3536
3596
3596
3532
3454
3416
3450
3518
3528
3516
3544
3544
3564
3644
3634
3606
3572
3532
3498
3500
3466
3462
3418
3410
3452
3466
3466
3472
3518
3486
3484
3526
3522
3506
3516
3542
3582
3582
3588
3626
3596
3574
3532
3588
3548
3532
3586
3562
3606
3578
3594
3546
3526
3484
3406
3442
3450
3478
3452
3372
3470
3502
3526
3494
3494
3538
3520
3536
3560
3530
3532
3566
3576
3626
3666
3662
3670
3704
3690
3646
3694
3652
3608
3586
3556
3524
3566
3622
3602
3628
3592
3542
3500
3464
3456
3422
3422
3484
3464
3488
3514
3516
3558
3608
3612
3552
3500
3402
3364
3362
3372
3362
3398
3414
3440
3418
3410
3378
3402
3472
3482
3478
3460
3424
3488
3508
3432
3430
3476
3428
3454
3452
3404
3258
3266
3288
3414
3444
3458
3508
3484
3436
3440
3418
3332
3444
3472
3492
3506
3422
3390
3316
3290
3374
3458
3408
3402
3404
3436
3386
3448
3466
3428
3378
3376
3352
3370
3454
3416
3402
3382
3368
3356
3362
3326
3296
3310
3334
3354
3366
3304
3328
3340
3392
3472
3462
3392
3428
3418
3454
3392
