912
922
910
882
920
918
940
934
950
918
916
942
910
916
926
894
896
892
900
892
892
914
940
924
918
918
920
940
926
888
884
878
882
856
866
854
866
852
854
850
856
872
842
880
882
908
928
918
938
910
904
898
898
908
936
928
924
926
934
918
914
902
894
902
920
942
942
922
934
930
938
916
944
928
938
946
960
930
936
932
924
926
922
922
884
904
888
886
904
914
936
954
930
930
918
920
904
920
926
942
944
928
936
944
954
946
934
934
952
932
926
898
894
896
906
920
900
896
888
894
902
896
906
930
932
924
932
924
922
932
928
940
910
920
920
922
952
940
948
912
920
900
900
894
906
904
908
886
884
900
904
928
934
918
922
906
906
900
876
920
938
930
924
926
892
864
868
910
904
916
904
892
884
886
886
874
856
868
864
868
876
876
894
890
894
888
852
866
878
896
882
902
910
902
916
892
880
876
854
886
892
892
902
912
930
940
934
922
922
932
926
898
886
872
886
868
876
900
858
850
832
844
850
836
854
818
818
804
816
804
856
844
868
858
874
846
862
890
946
922
934
950
920
924
900
930
904
876
884
832
830
838
856
846
850
850
856
918
894
870
878
898
896
904
866
860
846
870
858
876
866
874
872
890
924
924
904
902
906
916
936
962
968
964
950
954
948
918
942
950
940
940
956
952
922
952
942
906
904
932
932
900
898
908
930
934
922
892
908
874
874
838
874
900
876
866
850
864
842
832
846
862
850
882
862
844
858
874
866
840
856
830
794
828
784
800
814
838
828
864
862
860
844
860
832
816
754
754
770
794
756
792
780
766
730
774
752
718
704
706
698
712
726
684
708
750
770
812
810
810
780
794
800
800
810
828
834
834
844
818
800
814
820
820
790
812
814
798
804
830
834
818
758
772
768
760
794
802
822
790
788
792
796
784
806
822
830
826
796
812
846
846
860
862
866
854
850
878
872
866
882
884
872
870
882
886
888
890
900
900
904
922
928
928
902
932
916
928
874
908
924
918
912
884
894
886
896
884
858
870
852
828
840
820
806
852
896
826
848
842
866
856
836
844
844
854
878
912
914
916
928
922
918
922
858
850
872
908
894
922
932
920
930
936
932
952
942
942
958
940
944
962
964
974
954
950
930
922
916
876
870
882
878
906
924
930
910
904
914
912
920
926
902
900
890
880
868
820
814
800
830
832
814
828
888
876
890
860
902
878
848
840
846
820
800
838
848
830
842
858
874
900
904
890
880
884
876
858
888
894
896
912
888
874
874
868
894
904
930
914
912
942
910
894
928
924
922
946
936
926
936
936
914
936
932
928
946
940
926
888
892
920
928
924
912
918
920
930
924
932
934
936
908
918
918
910
918
900
866
892
898
910
900
890
854
854
894
878
876
854
872
858
906
924
920
936
954
960
952
938
916
928
926
910
920
930
932
918
900
898
894
898
920
934
884
882
912
926
900
916
944
896
894
908
902
912
896
894
912
920
910
920
896
852
864
896
924
938
926
930
942
906
882
904
906
944
926
920
942
942
922
914
904
888
872
892
920
916
938
908
912
894
882
872
824
808
840
854
852
860
840
860
866
856
874
848
818
836
826
780
776
730
732
716
742
722
696
706
736
724
756
730
694
720
698
740
732
748
764
796
774
754
766
786
786
810
840
866
852
876
880
878
870
874
882
880
892
890
876
884
868
852
840
852
840
830
826
868
914
908
888
890
884
876
860
868
830
836
826
858
862
876
886
898
900
890
898
910
930
898
932
956
932
900
902
920
920
898
914
890
918
920
934
924
930
966
958
932
934
922
956
954
930
940
966
946
958
954
930
944
952
956
980
964
956
932
928
924
920
932
954
964
956
916
894
900
892
886
862
890
898
922
922
928
922
936
936
928
890
864
888
886
898
882
930
920
906
902
902
896
872
878
896
896
890
878
906
904
908
896
874
864
842
882
850
828
826
818
864
870
898
916
896
922
896
906
924
900
892
904
874
884
872
850
852
836
820
822
840
786
792
804
808
814
846
858
880
886
862
878
880
900
930
938
952
944
958
940
920
924
930
910
918
902
924
944
938
952
928
926
926
898
910
912
904
882
900
928
924
922
924
938
958
934
938
918
920
908
898
870
858
842
816
884
914
940
934
914
914
894
862
874
880
882
908
900
870
896
900
904
926
934
902
916
920
924
912
916
918
910
914
906
952
952
936
952
942
918
920
912
926
894
906
902
920
920
934
896
898
906
938
924
910
922
942
918
914
928
936
948
940
938
948
944
934
920
886
924
930
940
954
948
936
944
942
944
918
932
934
946
962
936
938
912
896
930
934
916
924
908
916
944
930
932
900
894
868
882
872
866
894
876
872
866
884
880
880
890
840
898
884
890
864
872
886
912
886
912
884
906
888
876
900
884
912
922
920
932
928
902
886
860
838
822
866
888
864
868
898
898
910
908
876
884
922
944
958
948
924
924
898
866
854
884
892
928
924
902
902
908
912
898
910
900
906
884
922
936
928
916
894
910
920
948
946
928
918
938
908
920
918
900
912
904
912
888
898
890
910
924
896
892
894
890
902
906
912
912
892
888
880
904
886
882
908
918
894
918
888
898
922
908
928
882
894
900
906
892
896
896
898
900
904
876
880
872
890
912
934
934
936
920
938
956
920
912
926
896
906
908
912
926
920
910
910
918
922
920
934
924
910
910
894
886
902
898
856
862
872
830
832
850
854
882
852
858
884
872
904
926
896
894
884
864
922
904
910
924
910
918
896
926
934
912
920
882
908
918
916
904
902
922
884
920
918
898
942
942
932
932
926
936
942
944
948
970
968
958
954
928
942
922
920
912
916
922
916
920
946
956
920
924
930
934
952
938
944
940
950
944
920
912
930
916
932
960
946
938
946
922
912
920
948
944
934
934
926
936
934
938
938
936
920
932
944
954
968
938
950
946
938
938
902
882
856
858
886
910
908
880
914
916
920
914
890
894
908
926
942
934
918
918
916
912
918
882
862
848
892
894
918
878
884
914
882
862
876
868
902
898
862
876
866
874
902
906
908
896
926
898
888
902
886
900
918
920
920
938
940
906
896
900
880
890
894
904
908
864
864
886
900
912
912
936
958
978
962
974
910
912
908
920
938
892
888
858
888
876
872
876
876
898
894
884
900
908
942
922
922
890
890
890
880
904
884
882
874
886
906
902
904
918
932
926
914
900
884
896
890
892
868
862
898
906
922
892
916
870
874
840
810
828
842
832
826
808
820
844
864
894
872
854
878
888
912
868
886
904
924
920
882
898
882
862
872
892
908
892
870
850
820
820
850
874
850
864
864
902
888
906
940
930
918
898
910
948
948
924
926
942
936
922
944
948
944
946
952
926
938
914
898
900
894
886
876
880
902
902
924
922
946
938
930
938
920
934
944
948
946
960
958
930
928
938
914
912
902
908
894
854
854
862
868
890
900
898
876
866
860
856
882
884
884
860
870
900
854
812
794
786
780
808
840
816
834
862
844
822
852
858
890
896
882
870
886
866
888
926
920
914
878
846
880
874
874
866
870
850
860
870
852
866
852
850
844
838
862
838
838
872
862
850
860
884
922
906
910
904
936
920
936
896
880
926
938
940
936
924
896
868
872
886
880
876
892
880
858
808
820
820
814
808
826
844
852
852
842
840
830
864
894
882
876
900
886
876
904
904
922
910
898
892
876
862
866
838
842
820
792
840
826
872
890
908
928
942
946
952
952
954
940
910
922
924
924
914
940
946
930
942
930
916
930
906
932
924
922
940
956
956
964
956
938
958
948
916
932
928
938
930
916
932
910
910
934
938
936
936
952
940
940
942
946
906
880
876
892
884
874
864
876
870
882
870
892
908
928
916
884
896
902
888
904
880
868
860
890
884
908
860
880
882
870
886
882
892
888
900
918
876
848
894
900
900
894
890
882
902
906
898
878
898
880
908
916
922
922
908
914
934
916
886
902
898
896
918
934
928
932
886
920
936
924
948
954
936
962
940
942
950
938
930
910
908
934
940
908
924
910
902
920
914
924
894
898
874
870
854
872
896
898
902
912
938
922
918
880
894
932
918
918
876
870
868
850
868
872
868
898
862
856
862
878
872
888
906
900
920
918
894
890
876
888
854
830
862
868
864
874
874
842
836
852
872
888
892
876
882
886
892
882
876
898
914
936
924
916
918
898
884
918
908
908
932
918
932
922
924
932
944
944
932
934
950
944
964
928
924
920
938
936
920
916
900
926
908
940
924
892
912
898
912
914
892
894
908
874
866
856
828
856
818
808
826
856
874
838
826
854
844
856
844
866
896
876
872
888
900
912
922
938
924
904
876
900
874
892
912
910
910
898
866
840
818
844
898
894
920
932
926
864
888
896
904
914
898
870
880
904
924
876
876
902
918
918
926
944
942
904
928
922
914
908
930
944
956
952
940
896
880
880
892
898
920
934
928
928
902
874
888
854
888
904
856
840
844
836
838
852
860
860
866
822
846
828
814
802
832
796
830
838
878
872
870
856
870
876
866
902
904
880
860
844
854
864
882
878
860
864
864
