892
866
856
828
838
820
800
786
790
822
840
834
844
844
822
838
868
870
850
798
844
826
852
870
880
860
888
890
856
868
868
830
824
802
798
818
778
800
824
832
828
880
854
826
794
800
750
822
830
832
806
812
792
798
758
748
690
682
664
706
726
718
742
778
778
796
852
842
828
812
816
868
872
846
826
794
814
820
860
850
868
840
816
824
822
854
868
818
800
804
794
770
784
834
846
854
860
840
834
880
870
846
820
806
768
766
736
704
716
730
736
780
822
820
820
838
820
806
792
802
792
810
846
862
832
796
808
822
818
840
876
826
842
870
878
846
858
846
846
848
842
832
830
832
816
848
890
870
870
856
852
864
862
840
860
844
818
810
826
832
866
834
840
810
800
764
772
734
720
728
728
730
732
770
740
764
792
830
852
858
818
848
870
846
858
868
834
786
792
802
834
838
820
792
804
784
766
770
794
790
828
842
854
844
878
858
834
812
788
728
736
722
702
672
672
722
734
722
700
708
716
732
758
724
682
612
646
672
652
624
610
592
534
528
518
514
514
498
450
458
480
528
556
576
568
616
616
650
684
718
718
732
736
734
738
692
658
648
644
672
632
648
656
672
716
720
690
696
726
686
672
704
734
764
810
806
792
806
818
806
786
760
746
746
728
706
734
680
674
672
660
634
636
672
650
658
660
646
676
690
690
704
696
722
720
684
672
658
646
698
676
728
724
756
758
718
702
724
742
722
734
698
662
696
736
754
710
682
704
720
698
698
690
700
666
678
648
660
682
662
670
622
568
614
670
670
684
690
672
662
660
674
712
710
710
724
744
752
760
756
762
758
758
750
750
750
790
818
796
788
782
770
776
796
796
786
798
778
800
804
822
852
850
808
860
864
872
832
822
832
818
798
794
792
802
734
708
682
680
684
658
664
666
680
690
724
764
744
756
774
778
814
792
796
754
764
794
828
850
852
836
848
808
814
848
810
806
810
750
774
754
768
738
736
774
780
748
726
726
738
708
686
676
724
754
722
724
730
736
748
708
700
708
704
722
658
678
686
670
682
700
688
684
666
712
704
700
674
628
638
664
660
628
582
614
612
616
626
672
696
700
674
650
660
644
624
622
628
662
668
656
610
582
572
584
608
598
600
604
668
702
700
724
696
694
698
700
768
768
748
720
734
730
744
742
698
704
708
704
712
680
680
718
698
716
714
686
676
640
666
660
686
698
656
660
594
624
562
590
598
592
540
534
524
572
550
576
602
580
614
628
642
620
634
616
626
628
620
614
648
696
754
758
742
760
726
708
702
702
700
702
694
676
684
690
704
686
668
640
648
614
666
680
626
652
626
646
660
680
710
752
772
748
722
720
708
710
718
720
712
704
772
768
738
716
732
734
770
764
750
728
762
762
756
756
770
752
742
680
730
682
646
678
642
620
606
636
648
648
648
664
636
636
620
628
612
586
596
596
606
560
566
544
572
598
574
600
590
638
636
672
692
664
618
604
630
606
602
646
668
660
674
686
652
640
672
684
712
684
676
702
722
748
766
756
762
732
756
770
766
812
814
816
822
868
874
870
868
840
800
820
856
816
848
870
836
854
798
816
810
828
856
812
848
844
794
812
786
768
772
748
758
756
740
806
824
852
848
838
776
760
790
746
776
834
834
826
850
884
890
910
888
890
874
876
848
836
826
832
784
748
720
782
766
770
788
778
734
702
726
702
650
644
616
656
732
732
770
732
742
778
782
810
814
796
786
782
786
828
800
800
822
798
816
782
766
730
776
792
802
830
812
834
838
834
836
836
842
848
814
828
868
858
874
824
854
884
872
822
806
788
798
782
840
880
888
892
864
868
824
814
808
816
798
828
812
860
866
852
806
836
780
770
730
726
692
662
694
696
700
738
710
712
692
666
656
618
664
680
662
650
626
634
616
638
634
648
638
650
622
612
622
616
606
614
630
632
642
632
642
616
588
580
588
564
558
534
590
560
534
560
568
590
572
544
544
572
522
548
522
460
460
490
500
500
534
574
614
602
596
622
658
656
664
652
668
690
736
740
766
790
808
812
766
758
812
814
820
838
836
850
840
840
856
872
856
892
852
856
816
854
844
842
818
760
742
704
710
718
730
748
746
768
798
766
762
792
824
840
810
796
782
776
770
738
738
706
720
700
632
664
644
656
638
632
638
648
654
704
702
682
680
700
714
740
712
710
744
742
742
808
796
810
806
784
812
816
810
828
820
870
886
870
850
842
852
856
850
814
826
838
848
854
842
844
812
836
820
862
876
912
916
886
916
890
904
880
862
816
800
814
832
850
806
800
822
810
804
786
824
818
818
786
804
808
794
782
772
832
804
828
810
834
760
702
662
708
698
698
674
712
712
726
728
708
752
760
722
682
698
700
670
706
688
656
698
692
724
750
772
796
768
768
786
764
754
752
784
786
790
750
758
766
734
784
754
780
782
770
796
812
826
792
776
776
772
784
822
784
822
856
850
866
838
810
808
816
842
854
890
898
914
910
912
904
892
862
850
832
808
834
862
864
828
828
806
804
800
806
850
832
822
802
800
794
784
810
820
820
808
802
772
784
772
734
730
736
754
780
788
790
820
794
828
822
832
790
756
772
748
730
754
776
798
784
772
766
730
764
790
814
824
838
830
824
824
804
816
836
802
774
780
768
802
754
752
738
706
702
708
748
728
692
718
750
742
730
710
680
704
712
696
700
690
662
702
786
798
756
770
780
792
782
758
774
768
784
798
788
782
810
822
800
786
780
800
804
804
814
774
810
818
832
850
858
840
880
818
848
822
808
810
844
872
858
860
804
792
832
840
856
846
872
912
876
882
836
828
832
802
842
824
788
790
790
796
834
762
768
752
758
732
688
682
712
708
690
750
770
804
844
800
816
832
860
870
832
816
872
866
840
816
756
742
820
834
836
844
860
846
836
828
814
836
806
826
810
802
792
812
842
876
840
834
872
860
804
846
836
826
822
800
826
832
820
796
804
808
774
774
786
778
800
826
840
818
856
846
842
834
862
874
816
828
878
880
850
866
830
836
848
870
858
812
826
820
804
800
814
814
782
784
760
774
794
834
824
808
786
780
794
796
766
766
798
762
768
802
824
772
776
754
770
726
712
696
686
712
706
694
670
700
730
762
750
722
706
734
676
684
650
694
734
734
740
768
764
704
700
728
724
738
760
752
704
734
752
748
732
734
738
710
720
736
756
808
760
746
728
676
700
686
710
690
710
656
640
634
698
756
750
750
770
712
746
728
732
756
756
790
814
786
796
768
752
740
768
768
750
750
726
724
740
766
754
724
732
772
778
762
736
778
790
808
800
796
774
808
792
796
760
728
720
744
802
788
796
796
788
826
778
786
806
838
842
878
898
884
886
862
876
862
888
906
882
868
880
886
892
884
808
860
874
838
816
790
782
806
820
834
838
870
846
838
836
856
842
840
858
862
864
826
820
816
812
828
824
828
844
836
814
806
786
770
764
802
770
838
800
794
790
774
798
810
810
826
810
822
842
810
792
764
728
740
740
698
748
706
726
734
736
686
658
644
662
714
710
722
744
732
734
786
768
718
724
732
742
762
758
802
792
786
784
776
742
722
762
738
716
712
714
686
706
722
716
726
694
656
630
668
704
712
722
722
694
770
770
738
734
720
662
656
694
712
728
732
698
702
730
758
756
802
794
782
800
834
830
812
902
888
890
918
906
866
860
814
812
814
836
870
916
902
860
812
804
834
812
792
786
772
796
796
844
806
816
842
862
838
840
828
874
866
840
854
892
902
898
916
918
914
908
872
854
866
862
848
866
852
804
794
786
804
774
790
768
798
822
806
802
808
778
804
802
812
860
878
872
884
908
884
856
826
816
840
848
836
842
836
792
800
802
786
832
852
864
858
876
852
890
870
844
854
878
876
890
878
856
858
852
836
850
864
864
818
848
806
812
806
796
816
812
812
794
802
814
840
828
912
876
836
840
830
846
864
836
878
890
868
880
860
870
860
866
866
874
892
848
872
888
882
874
868
850
858
866
882
886
892
868
848
840
822
814
830
878
834
786
786
834
854
844
818
794
800
792
770
764
782
790
754
704
682
666
670
670
646
612
636
648
624
606
636
628
624
642
684
654
636
612
628
618
602
622
638
650
632
670
672
668
694
692
686
690
660
666
678
698
670
708
708
680
634
636
624
630
606
580
582
618
624
612
616
614
634
622
644
622
592
650
636
712
716
690
710
662
642
586
578
578
610
666
658
652
656
670
618
632
566
562
648
682
712
702
706
714
728
736
740
742
708
712
662
642
674
616
584
614
586
632
610
654
662
684
690
692
694
730
796
806
822
806
794
772
720
744
772
786
796
812
812
850
844
824
836
842
868
884
872
826
786
776
770
752
742
766
738
738
748
744
740
798
786
830
794
764
768
750
780
790
810
786
766
794
804
794
744
762
774
754
686
670
666
720
696
652
674
726
766
734
756
748
776
742
766
778
772
770
776
800
810
828
838
846
884
864
856
870
838
824
804
788
774
732
772
786
814
830
834
844
874
