898
902
910
894
880
890
888
902
892
888
920
882
884
878
882
884
890
888
882
874
880
844
818
810
816
798
824
864
862
842
842
816
820
854
832
808
814
834
842
830
874
886
868
874
870
902
876
870
828
834
788
780
806
812
778
772
778
786
794
802
766
792
790
790
844
846
836
838
852
858
900
906
920
926
942
936
890
920
908
846
824
850
842
864
848
840
836
838
842
832
830
830
808
842
868
838
860
854
864
864
858
834
828
830
838
824
850
848
808
832
846
842
844
830
794
780
772
788
816
796
810
818
818
824
844
852
886
884
888
888
880
910
902
938
918
918
904
886
908
904
938
910
894
904
940
916
892
910
902
866
896
906
868
888
906
874
894
900
892
864
862
840
856
890
896
856
862
886
894
922
902
894
892
870
896
910
924
910
914
926
900
908
918
910
932
938
924
934
938
896
896
890
874
874
876
864
888
900
876
878
884
890
886
910
930
930
884
862
864
880
866
882
916
914
908
840
846
878
894
882
914
932
922
944
912
892
902
910
876
882
866
838
852
840
914
864
852
850
874
872
846
794
814
812
838
846
890
904
860
884
876
876
902
894
878
840
850
868
880
878
880
904
894
894
914
910
912
888
848
858
862
842
838
816
822
856
856
860
860
880
876
880
858
886
904
922
936
916
898
876
864
860
872
908
880
896
902
896
886
892
912
922
906
924
950
918
900
918
928
906
936
948
924
916
932
920
914
896
860
860
874
926
920
890
886
868
880
894
886
892
890
876
876
884
888
880
898
916
928
910
902
852
866
854
830
876
848
884
912
904
884
898
926
890
842
844
860
892
868
846
830
834
824
852
864
888
910
926
942
946
942
916
906
880
874
880
866
870
852
834
820
854
860
898
926
904
884
884
914
868
884
916
922
958
960
964
948
960
908
916
884
858
836
836
834
864
882
918
898
876
906
882
866
888
886
908
908
908
896
934
922
924
890
844
864
830
824
780
794
804
858
868
892
862
880
872
888
872
894
892
898
898
914
942
906
930
934
946
928
916
918
916
958
928
930
906
892
876
890
910
856
882
882
886
900
896
904
888
892
878
880
838
876
850
848
886
890
926
948
978
954
944
910
900
896
894
912
892
888
900
910
916
880
938
898
882
882
874
856
884
868
868
882
912
906
918
934
878
886
886
908
916
906
906
898
908
888
894
892
896
914
904
892
874
834
814
826
836
848
888
858
884
864
880
886
898
910
910
872
882
870
834
838
826
844
852
864
842
852
818
800
812
820
834
812
828
806
848
846
898
856
842
838
850
884
890
842
886
874
888
868
894
880
838
864
870
878
902
912
894
878
890
878
894
900
878
902
886
898
934
940
938
936
886
902
912
920
920
922
910
910
908
884
860
832
820
854
900
902
886
866
876
890
922
908
908
900
926
910
902
932
936
914
914
922
886
886
880
858
876
872
864
910
906
894
896
888
908
914
870
866
850
866
854
928
924
902
880
894
908
890
872
856
864
860
858
834
852
840
840
850
838
858
852
856
890
910
918
924
916
888
924
918
910
880
926
938
934
956
980
942
908
892
894
896
868
876
906
886
894
876
856
878
858
832
816
806
822
792
776
744
780
794
810
772
790
770
780
786
806
866
854
864
870
916
880
882
914
914
878
896
878
858
814
836
830
824
836
850
862
892
870
890
914
916
922
916
912
896
906
912
910
896
896
900
896
874
904
896
898
900
906
900
912
914
930
910
936
934
910
924
882
852
876
866
878
888
886
876
864
858
854
872
864
882
886
896
912
884
888
882
876
844
832
828
838
788
780
792
772
826
870
878
886
884
872
846
870
862
862
884
876
874
854
868
848
850
824
830
804
812
802
818
786
796
804
762
720
736
762
768
784
762
798
752
752
796
752
736
758
772
786
780
758
738
738
744
740
736
756
770
768
770
794
788
802
798
778
774
794
822
824
852
828
786
820
804
818
776
732
704
722
714
746
750
744
750
716
704
720
760
768
798
800
816
860
884
890
872
884
854
850
844
846
872
872
850
892
894
890
926
910
904
900
876
906
924
916
912
920
906
896
884
880
852
868
856
864
906
938
910
910
928
920
904
918
908
876
912
914
942
936
922
908
916
936
900
916
910
924
904
894
924
902
906
906
936
920
930
924
930
922
948
944
916
920
934
912
900
886
868
894
902
928
912
906
908
906
868
856
794
836
834
822
784
790
802
746
766
776
772
746
758
802
816
782
778
816
778
802
772
746
776
784
776
762
782
772
820
818
810
784
804
790
770
770
758
756
796
794
808
806
794
790
824
846
858
854
852
860
882
882
858
876
870
858
826
882
896
886
852
846
834
836
850
872
904
884
870
880
900
896
872
846
880
864
868
900
860
878
906
918
906
896
890
862
876
898
900
910
898
894
928
908
890
906
906
914
886
906
902
884
900
858
866
868
884
892
890
890
900
902
912
908
932
912
900
888
922
938
942
936
924
924
936
916
906
906
920
894
890
892
918
912
916
878
892
886
906
902
906
868
868
868
876
858
880
892
878
856
868
860
852
866
840
860
864
848
834
846
832
872
876
874
874
876
860
832
832
832
846
850
844
850
820
836
832
820
838
822
832
806
836
854
846
858
820
820
810
816
826
818
826
850
844
826
848
828
800
832
858
892
868
830
820
810
818
832
854
830
894
886
888
866
864
874
880
864
874
842
824
800
816
812
826
804
776
776
714
706
726
720
770
762
776
758
752
716
718
738
720
732
734
766
746
772
740
770
778
762
802
806
804
778
760
794
796
826
820
838
824
798
794
782
776
798
806
828
830
848
832
814
798
792
814
792
802
838
830
830
844
828
822
812
836
836
834
840
844
878
858
864
864
890
882
900
894
910
900
924
932
914
916
902
910
918
900
886
858
852
866
872
876
894
878
856
848
878
902
910
898
864
862
904
912
908
914
916
904
898
914
898
906
882
858
890
848
890
856
856
888
908
906
878
856
884
852
828
822
832
854
856
852
896
892
854
836
828
820
846
872
890
896
920
924
920
926
896
920
924
916
916
938
916
944
930
938
946
938
898
892
868
862
874
902
878
896
880
880
898
898
884
878
894
898
892
904
914
882
866
862
844
860
856
862
842
848
874
868
870
836
860
888
896
912
918
920
912
906
918
904
882
872
870
882
898
902
912
896
908
856
858
844
870
842
854
850
882
894
902
908
930
904
888
852
866
870
868
864
882
886
872
874
840
866
852
830
882
876
866
886
896
866
858
864
864
846
870
880
844
844
840
820
828
866
872
868
874
890
884
864
852
874
884
876
894
882
868
842
794
836
838
802
818
812
852
854
850
874
886
880
858
864
886
878
876
864
870
844
866
852
878
870
882
906
866
872
856
852
876
866
888
894
930
936
904
936
912
904
884
866
868
846
860
856
900
886
900
884
908
880
938
896
892
918
944
928
922
896
914
890
870
858
878
866
844
878
890
908
890
854
918
902
878
910
912
866
902
912
880
882
908
914
912
906
900
914
890
870
880
894
878
874
878
890
912
864
848
872
862
840
872
830
828
854
844
844
854
902
900
884
908
900
894
888
872
866
876
890
894
874
862
864
884
864
882
900
858
844
862
852
842
834
844
832
776
772
772
778
788
796
796
794
790
780
812
806
798
790
776
758
774
804
798
762
750
722
738
744
734
748
744
740
742
732
708
702
698
734
728
718
710
706
692
692
706
722
724
748
750
736
712
724
724
702
662
700
774
768
770
778
796
798
800
836
796
806
830
814
818
860
886
882
870
876
866
894
906
852
826
850
850
822
834
836
856
856
854
818
796
794
824
874
862
844
882
886
888
850
878
858
886
898
884
882
886
892
886
892
898
856
844
824
806
836
830
784
778
774
772
750
778
778
774
772
792
794
792
772
766
782
790
782
826
868
864
882
858
866
864
854
830
836
818
820
854
854
836
856
876
856
854
872
832
806
800
822
824
864
870
880
864
862
848
880
858
848
842
846
816
758
782
770
790
796
830
856
864
828
844
878
890
860
864
864
860
808
792
850
838
814
866
870
830
838
816
852
874
866
870
880
866
882
876
876
886
910
876
874
878
890
850
842
820
782
798
814
842
840
816
824
832
862
852
866
876
890
862
846
842
886
912
890
900
902
932
926
918
874
876
870
870
862
902
900
900
886
896
882
878
916
898
876
868
880
888
918
910
890
882
876
868
878
896
880
906
902
906
870
858
874
900
902
884
888
874
860
868
870
858
846
886
850
814
854
846
824
832
842
846
872
852
876
832
886
892
876
858
854
874
864
890
882
870
872
864
860
864
886
862
882
868
854
850
866
844
816
836
848
828
774
798
798
788
798
782
794
786
832
862
864
866
846
856
856
846
866
904
910
914
942
912
898
880
868
862
870
884
884
886
874
884
900
886
844
860
824
844
856
836
818
806
864
836
808
828
880
874
842
834
860
862
870
872
848
874
894
920
918
924
910
918
906
902
890
868
856
826
832
870
918
906
906
900
898
902
902
922
918
956
950
966
958
926
948
946
874
876
852
840
828
826
848
828
804
806
826
780
798
806
