8146
8110
8072
8102
8046
8106
8120
8086
8152
8122
8052
7986
8000
7896
7920
7856
7914
7904
7864
7814
7918
7936
7984
7976
7922
7966
8080
8060
8052
8092
8068
8118
8142
8020
7944
7966
7936
7938
7976
7992
7896
7958
7912
7872
7802
7822
7910
8022
7996
8094
8148
8044
8126
8128
8164
8144
8110
8034
8120
8112
8144
8198
8198
8206
8134
8220
8208
8154
8240
8230
8106
8060
8168
8182
8198
8098
8092
8070
8052
7902
7952
7960
7942
7932
7946
8042
7962
8032
7936
7890
7934
7992
8024
8022
7970
8018
8096
8110
8166
8184
8150
8086
8078
8106
8038
8110
8128
8186
8128
8086
8046
8068
8046
8080
7986
8048
7932
7994
7954
7992
8070
8052
8016
7976
7988
8038
8006
8126
8096
8050
8080
8142
8070
7964
7974
7992
7848
7864
7782
7750
7778
7746
7740
7816
7838
7840
7864
7916
7866
7876
7906
7966
8008
7976
7892
7976
7990
7810
7774
7862
7854
7790
7862
7842
7920
7920
7914
7860
7922
7946
7952
7940
7834
7824
7914
7928
7966
7894
7906
7922
7976
8066
8010
7972
7990
7980
7974
7998
7918
7896
7926
7878
7908
7940
7962
7912
7920
7868
7878
7818
7844
7854
7832
7828
7866
7784
7738
7808
7930
7912
7912
7880
7882
7894
7998
7984
8066
7946
8034
8052
8002
8100
8200
8142
8120
8172
8258
8338
8368
8368
8328
8346
8350
8322
8214
8190
8264
8140
8140
8082
8042
8070
8120
8088
8058
8062
8066
8010
7962
8058
8090
8162
8050
8058
8068
8126
8094
8126
8126
8182
8224
8160
8122
8198
8114
8104
8116
8128
8194
8148
8080
8076
7972
8122
8220
8144
8190
8230
8254
8186
8108
8124
8178
8120
8136
8070
8114
8052
8112
8090
8034
7964
8024
8034
8024
7954
7972
7956
8012
8006
7936
7888
7914
7894
7964
7970
7954
8006
8110
8174
8126
8078
7994
7918
7896
8030
8062
8052
8046
8048
7922
7960
7964
7932
7978
7994
8062
8040
8038
8024
7974
7968
7990
7928
7924
7866
7924
7856
7926
7972
7964
7932
8044
8052
8064
8040
8120
7988
7984
8080
8092
8076
8072
8126
8150
8180
8116
8144
8146
8136
8128
8060
8018
8062
8026
7964
7992
8032
8082
8022
7940
7926
8006
8028
8082
8094
8112
8102
8072
8116
8188
8206
8088
8066
8034
8020
8048
8116
8180
8140
8142
8008
7970
8004
8020
8002
7942
7908
7998
7990
7950
7906
8030
7950
7846
7856
7784
7802
7986
7976
7992
8008
7926
7844
7918
7938
7968
8050
8098
8058
8004
8004
7948
8006
7958
7956
7918
7778
7886
7844
7862
7948
7992
8050
8106
8050
7890
7944
8028
7988
8028
8076
8032
7970
7848
7936
8028
8006
8010
7950
7974
7940
8034
8066
8036
8050
7982
8018
8040
8016
7938
8060
8044
8030
7898
7942
7892
7862
7910
8022
8044
8078
8060
8164
8182
8102
8094
8084
8116
8184
8118
8094
8126
8152
8128
8104
8120
8064
8026
8038
7990
7998
7982
8014
8042
8044
8072
7902
7980
7998
8004
8012
7928
7854
7934
8062
8120
8116
8116
8036
8066
8018
8050
8140
8116
8026
8032
8054
8008
8062
7944
7966
7918
7996
8008
7922
7974
7844
7808
7880
7828
7758
7726
7776
7764
7796
7794
7758
7852
7858
7856
7924
7870
7880
7876
7878
7824
7958
7912
7924
7922
7960
7988
7920
7880
7850
7926
7854
7884
7958
8048
7994
7960
7968
7972
7962
7962
7984
8038
8010
8084
8028
7966
7972
8002
7932
7952
7998
8086
8096
8136
8208
8154
8114
8124
8042
8024
8038
8056
7926
7856
7872
7960
7912
7834
7874
7814
7778
7788
7774
7836
7858
7956
7864
7892
8066
8118
8056
8072
8036
8024
8076
8038
8044
8068
8066
8064
8148
8108
8118
8160
8132
8146
8074
8024
8146
8058
8066
7936
7984
7986
8038
7920
7990
8094
8098
8122
8112
8060
8058
8088
8092
7994
7974
8064
8032
7954
7992
7986
8020
8004
7942
7956
7982
7934
7966
7996
7914
8092
8066
8104
8086
8056
8108
8082
8080
8088
8106
8030
8048
7996
7966
8032
8110
8100
8066
8092
8000
7932
7894
7920
8096
8092
8102
8080
8124
8148
8174
8140
8188
8200
8216
8150
8126
8052
8064
8120
8168
8236
8202
8206
8234
8270
8270
8242
8242
8272
8116
8066
8046
8056
8068
8078
8048
8046
8160
8186
8216
8186
8104
8074
7916
7922
7900
7996
7926
7868
7892
7942
7966
7940
7880
7846
7872
7850
7824
7704
7708
7658
7710
7780
7862
7756
7800
7794
7720
7778
7752
7842
7850
7770
7814
7696
7736
7774
7742
7612
7672
7694
7790
7800
7836
7888
7902
7838
7736
7658
7718
7768
7826
7760
7818
7832
7858
7838
7912
7968
8076
8054
8108
8050
8000
8012
8018
8014
8062
8044
8020
7962
7940
7912
7932
7948
7948
7832
7832
7860
7898
7940
7972
8072
8078
8120
8086
8130
8024
8156
8072
8042
8042
8078
8046
8110
8054
8168
8108
8108
8178
8152
8200
8154
8136
8072
8086
8028
7992
8130
8150
8136
8160
8080
8042
8104
8130
8172
8194
8212
8184
8278
8220
8240
8188
8118
8144
8106
8088
8056
7996
7958
8000
7940
7886
7838
7802
7866
7908
7880
7940
8050
8190
8160
8006
8012
7926
8012
8056
8068
8126
8058
8034
7956
7896
7910
7922
7824
7894
7952
7906
8012
7964
8002
8056
8108
8104
8106
8246
8264
8196
8150
8138
8178
8212
8172
8220
8224
8180
8150
8140
8124
8040
8106
8042
8068
8120
8068
8114
8150
8096
7984
8050
8032
8038
8070
8110
8064
8088
8154
8170
8082
8130
8152
8096
8072
8022
7964
7964
8030
8048
8102
8156
8088
8082
8086
8136
8174
8148
8160
8086
8068
8112
8164
8172
8128
8110
8130
8052
7930
7972
7984
7956
7932
7962
7962
8024
7980
7976
7962
8046
8048
8014
8026
8052
8104
8010
8024
8086
8016
7992
7964
7924
7924
7906
7908
7910
7778
7696
7738
7664
7730
7822
7928
7930
7966
7948
7944
7988
7992
7976
8038
8012
7996
7918
7932
7902
7828
7826
7732
7758
7718
7708
7692
7642
7792
7758
7898
7972
7864
7814
7796
7752
7646
7686
7684
7716
7690
7738
7844
7810
7922
7836
7848
7846
7794
7818
7870
7850
7810
7856
7790
7868
7910
7880
7974
8058
8076
8124
8164
8152
8114
8124
8118
7994
7996
7864
7880
7858
7904
7888
7828
7826
7808
7840
7834
7760
7770
7840
7850
7852
7784
7748
7852
7830
7904
7956
7982
8052
7986
7932
7940
7896
7888
7842
7838
7850
7740
7768
7734
7828
7952
7970
8024
7954
7930
7928
7936
7908
7926
7914
7940
7912
7934
7950
7930
7910
7892
7938
7934
7904
7984
7954
7938
7940
7856
7786
7802
7782
7702
7690
7684
7802
7810
7908
7962
7988
7964
7932
7896
7886
7834
7662
7746
7712
7758
7786
7778
7836
7800
7760
7818
7816
7788
7718
7714
7678
7662
7634
7578
7586
7594
7618
7730
7768
7816
7810
7900
7836
7884
7964
8022
7934
7872
7898
7848
7766
7898
7936
8002
7986
8088
8042
7978
8050
8064
8036
7998
7926
7804
7876
7904
7912
7916
8004
8020
7958
8016
7952
8020
7984
8046
7962
7942
7920
7948
7822
7774
7790
7842
7808
7852
7894
7880
7854
7884
7866
7874
7936
8000
7868
7940
7862
7928
7926
7894
7972
8010
7978
8024
8052
7948
7948
7944
7958
7990
7994
7994
7998
8004
7970
7994
7966
7976
8038
8038
7942
7866
7822
7914
7850
7912
7916
7936
7862
7954
7930
7950
7852
7932
8036
8050
8030
8002
7956
7906
7908
7924
8004
7904
7880
7848
7802
7780
7852
7918
7864
7938
7870
7938
7888
7932
7904
7842
7848
7868
7842
7808
7786
7916
7906
7868
7936
7992
7956
7976
8000
7868
8004
7986
8020
8034
8012
8060
8056
7970
7876
7912
7944
7978
7952
7994
8000
8062
8082
8040
8034
8034
8038
8106
8112
8132
8116
8104
8158
8172
8146
8212
8198
8098
8008
8056
8136
8128
8060
8054
8022
8004
7916
7976
8010
8104
8094
8060
8092
8216
8166
8144
8116
8166
8140
8104
8094
8126
8166
8154
8116
8164
8104
8120
8104
8040
7970
8038
8104
8074
8034
8040
8000
8006
7928
7928
7934
7886
7950
7826
7798
7828
7924
7930
7964
7894
7956
8032
8026
8020
8036
7958
7946
7918
8018
7926
7966
7970
7966
7996
8004
8024
8020
7984
8010
8022
7986
8102
8072
8022
7944
8010
7968
8008
8074
8028
8046
8110
8054
8066
8058
7896
8050
7970
7992
7966
8016
8066
8102
8122
8142
8046
8002
8080
8112
8110
8124
8188
8214
8194
8178
8070
8088
8142
8202
8236
8246
8122
8076
8174
8088
8030
8024
7968
7992
7954
7936
8048
8078
8166
8148
8094
8036
8094
8130
8066
7990
8026
7990
8032
7940
7932
7902
7866
7992
7942
7914
8008
7934
7978
8042
7970
7980
7904
7914
7928
7924
7954
7912
7908
7950
7968
7952
8080
7984
7878
7880
7886
7878
7994
7972
7970
8002
7982
7968
7804
7742
7778
7722
7670
7478
7532
7516
7418
7474
7414
7392
7394
7556
7678
7536
7530
7580
7532
7576
7700
7694
7762
7778
7822
7770
7892
7864
7958
7910
7822
7850
7896
7938
7922
7880
7930
7854
7894
7906
7858
7790
7806
7896
7992
8012
8054
8120
8172
8072
8024
8150
8224
8192
8150
8222
8230
8190
8198
8192
8112
8094
7982
7960
7924
8008
8004
8002
7992
8030
8080
8102
8118
8154
8032
7940
7936
7946
7932
7894
7826
7826
7834
7782
7850
7834
7934
7896
7766
7866
7740
7858
7986
7928
7890
7928
7796
7812
7872
7852
7784
7894
7748
7814
7866
7800
7732
7728
7774
7840
7824
7804
7902
7982
7944
7958
7958
7992
8066
8038
8030
8022
7962
7964
7872
7870
7902
7856
7860
7896
7886
7902
7850
7920
8040
8052
7998
7996
7928
7750
7808
7834
7830
7842
7866
7808
7854
7816
7782
7830
7838
7850
7876
7892
7942
7942
7938
7900
7946
7906
7918
7962
7952
7882
7856
7908
7952
7956
7934
7948
8062
8004
7972
8048
8052
8030
8150
8124
8148
8174
8090
8154
8076
8060
8080
8104
8002
8052
8060
8110
8162
8070
8010
7972
7984
7938
7958
7946
7994
7946
7924
7904
7922
7962
7894
7882
7824
7846
7916
7944
7988
7976
8008
8134
8064
8010
7950
7918
7882
7798
7772
7778
7890
7890
7946
7968
8012
8060
8070
8082
8090
8164
8178
8124
8184
8198
8242
8348
8364
8216
8150
8108
8054
8138
8188
8108
8116
8172
8168
8128
8044
8092
8082
8080
8148
8162
8076
8028
7944
7886
7900
7854
7884
7946
7942
8062
8108
8068
8008
8074
8098
8108
8066
8002
8154
8100
8116
8182
8106
8116
8126
8144
8122
8120
8124
8094
8156
8114
8046
8014
7996
8034
8108
8170
8116
8126
8120
8128
8154
7976
8038
8076
8052
8030
8102
8102
8232
8254
8192
8238
8206
8162
8138
8186
8168
8272
8210
8160
8146
8006
8010
8026
7918
7950
7884
7890
7802
7866
7828
7914
7974
7954
7948
7972
7960
7950
7926
7942
7960
7952
7986
7908
7832
7872
7900
8008
7876
7896
7900
7986
7958
7928
7904
7818
7866
7902
7810
7770
7850
7890
7988
8054
7938
8034
8118
8118
8046
8022
8036
8070
8030
8162
8112
8092
8154
8186
8182
8186
8112
8046
7996
8058
8042
8098
8078
8052
8004
8088
8132
8144
8156
8186
8044
8066
8000
7900
7968
7992
7980
7948
8034
7942
7964
7816
7812
7788
7932
7948
7886
7986
7988
7958
7974
7908
7914
7968
8072
8052
8004
8052
8080
8166
8180
8142
8196
8186
8186
8164
8086
8006
7874
7786
7804
7770
7842
7774
7836
7870
7794
7734
7944
7864
7774
7834
7850
7916
7876
7960
7892
7910
7934
7948
7886
7970
8024
7968
7894
7930
7958
7898
7902
7908
7906
7868
7880
7938
7926
7962
8024
8090
8006
7992
8008
7970
8074
8048
8038
7918
7908
7928
7952
7982
8044
8074
8038
8128
8108
8076
8136
8174
8206
8180
8182
8178
8170
8052
8026
7984
8056
7980
7976
8072
8110
8048
8114
8074
8092
8138
8198
8102
8042
8182
8150
8192
8236
8224
8132
8190
8110
8110
8064
8152
