758
856
1034
1018
918
1050
948
916
794
790
788
708
748
888
944
916
938
962
1018
1100
922
1066
936
946
726
756
828
778
706
712
742
836
848
800
956
850
756
868
696
774
890
768
854
928
954
1012
1022
752
754
674
816
768
696
884
956
956
982
894
872
812
870
932
808
780
830
916
1008
968
960
908
878
754
776
440
328
392
258
328
294
300
326
438
512
414
502
416
380
548
602
512
350
380
286
270
158
164
80
150
160
214
104
94
148
90
44
16
98
32
70
48
98
70
38
86
126
148
134
254
302
390
468
516
490
486
516
606
498
432
556
456
268
270
290
224
230
122
22
56
74
154
62
84
74
64
184
40
22
60
10
8
78
90
142
112
8
12
142
212
196
286
324
280
218
218
170
10
72
128
80
48
60
198
120
128
104
128
42
2
68
90
46
0
118
146
212
152
246
414
156
70
28
30
88
96
56
98
58
134
118
50
148
174
90
66
24
62
58
20
182
114
290
188
130
194
140
12
56
120
192
188
122
130
232
214
104
176
110
94
16
64
140
382
380
358
398
612
646
706
640
550
570
370
436
276
342
470
214
246
304
450
306
322
394
460
438
454
402
422
466
476
452
480
456
470
378
320
152
276
356
326
214
302
326
356
292
378
366
186
150
154
24
106
46
78
60
110
130
92
32
42
76
42
86
202
180
248
218
228
62
126
244
276
350
344
328
266
98
206
188
178
302
410
302
222
222
224
168
284
280
252
268
330
296
310
206
194
80
98
90
246
388
592
448
366
290
252
268
342
222
294
66
52
128
182
178
164
108
80
148
4
74
116
116
198
268
376
500
492
612
448
562
472
494
686
800
820
746
756
784
812
756
784
698
732
782
842
850
880
890
880
732
736
550
672
594
704
798
684
718
892
1036
1040
1030
1058
1040
1152
1252
1172
1214
1222
1274
1316
1278
1152
1130
878
958
954
686
680
600
572
630
558
650
584
622
664
690
604
536
696
616
550
546
528
614
822
924
1002
854
952
1042
1082
1118
1088
1066
1010
1138
1072
876
798
826
948
912
792
894
832
802
730
664
522
378
286
416
582
444
636
480
456
530
460
248
162
88
64
30
38
40
54
58
118
84
84
44
152
72
16
38
28
120
152
296
336
334
196
368
346
318
340
358
398
368
496
632
576
472
314
152
166
172
170
94
98
268
292
412
478
442
544
546
486
628
524
576
510
500
378
472
510
494
574
528
438
488
460
320
494
384
248
294
216
360
414
416
352
366
280
284
152
16
24
84
258
268
368
386
384
492
500
398
384
352
386
526
494
484
444
622
496
488
380
508
542
618
604
602
732
688
662
600
422
426
340
424
172
310
312
316
374
344
474
606
634
610
510
596
548
548
596
584
608
518
416
460
480
418
636
588
744
826
710
800
694
616
548
542
432
418
460
464
504
432
378
268
354
356
246
310
260
432
370
402
320
354
392
438
546
552
770
678
732
614
482
376
484
504
550
560
496
588
462
392
468
554
552
578
662
574
624
836
600
856
696
726
674
650
700
868
934
876
824
764
790
722
674
774
844
762
632
616
602
658
646
792
908
788
686
596
556
388
398
564
390
366
278
280
120
34
28
154
56
112
58
140
242
200
138
132
144
42
70
318
288
190
82
70
78
174
214
248
348
264
358
354
476
476
472
486
480
378
424
296
214
350
282
258
448
544
616
686
584
490
404
524
600
526
482
398
458
470
504
572
522
490
364
388
378
308
192
50
146
52
98
188
180
230
308
430
340
190
62
72
86
72
202
36
2
20
34
42
238
346
172
116
68
22
158
22
98
152
152
140
80
64
100
176
136
116
184
156
142
144
86
208
320
182
222
314
92
30
14
120
206
122
184
212
120
226
16
34
88
14
2
104
110
146
18
32
28
2
62
168
224
184
232
256
254
314
278
296
470
560
512
430
436
598
580
728
826
726
804
688
570
572
702
772
638
632
734
722
722
680
678
690
650
778
832
836
770
812
908
1044
1124
1100
990
1030
1024
1086
978
1010
898
966
846
940
992
880
738
784
876
830
894
992
1098
994
926
1000
890
858
866
1028
1132
1146
1104
1162
1098
1218
1302
1152
1166
1224
1362
1340
1272
1222
1236
1292
1154
1254
1262
1242
1238
1218
1162
1214
1146
1160
1132
1092
1146
1214
1178
1238
1142
1244
1196
1286
1184
1228
1136
1084
1126
1228
1122
1218
1266
1140
1276
1292
1248
1136
1130
1184
1102
1066
1180
1230
1242
1104
906
902
1062
1096
1034
968
848
770
702
708
704
778
766
848
856
774
722
788
754
782
780
628
592
520
514
342
232
354
368
332
518
672
766
748
928
882
908
950
930
946
1098
1040
1164
1234
1130
1166
1176
1138
1080
1106
1014
1030
982
1106
1164
1106
1130
1272
1268
1280
1264
1136
1110
882
954
880
954
940
984
746
840
862
1010
934
938
944
1054
1002
1064
930
1034
992
894
928
1002
982
868
690
632
634
512
550
590
662
714
560
550
576
640
596
596
676
574
478
394
270
270
278
276
314
356
326
384
394
216
306
264
440
254
188
116
262
268
234
310
360
546
496
582
584
564
658
526
640
668
544
606
486
634
602
406
368
314
368
478
316
294
334
248
160
266
354
472
612
632
788
824
796
896
872
690
652
766
700
768
1020
852
952
1186
1090
1276
1214
1256
1354
1360
1132
1200
1228
1150
1170
1372
1370
1440
1474
1536
1644
1628
1710
1612
1612
1678
1600
1728
1680
1660
1806
1792
1798
1800
1842
1898
1560
1668
1802
1632
1592
1596
1658
1582
1490
1608
1710
1638
1608
1596
1770
1900
2050
2028
2056
2056
2096
2116
2102
2020
1952
2066
2032
2020
2010
2298
2140
1966
1830
1954
1976
1996
1986
1974
1952
1890
1904
1896
1908
1852
1814
1896
1790
1794
1940
1944
1926
1874
1884
1816
1588
1562
1550
1644
1618
1674
1750
1708
1862
1748
1810
1958
1762
1804
1894
1974
1900
1818
1772
1718
1720
1678
1758
1616
1484
1458
1566
1578
1610
1586
1546
1548
1518
1358
1096
1172
1036
998
928
856
900
786
768
736
760
776
776
962
1080
934
970
986
966
786
780
654
752
696
846
776
668
728
768
792
778
766
814
866
878
840
820
678
636
620
506
668
714
524
528
586
546
564
662
684
666
676
554
736
764
692
672
868
902
656
618
546
494
618
606
520
516
468
442
472
600
740
686
802
648
640
512
552
614
686
662
712
688
620
660
708
674
444
462
582
496
528
540
438
418
352
404
470
364
332
416
424
418
582
704
466
374
340
392
264
306
306
240
336
468
392
468
534
528
534
352
366
226
390
492
400
432
396
272
210
326
486
498
456
680
650
618
532
380
512
516
514
390
444
456
368
302
248
328
256
126
132
130
252
284
352
380
510
448
516
592
506
464
480
512
534
670
668
662
640
618
666
602
584
694
822
800
746
752
692
596
680
648
390
426
562
610
562
660
702
604
422
730
778
646
482
490
472
592
670
532
542
532
510
458
276
364
286
352
308
390
494
498
572
604
708
650
692
698
640
670
530
370
382
448
490
520
440
256
122
130
118
238
288
162
268
228
280
338
434
596
590
546
444
532
622
646
710
720
816
806
860
864
970
1038
918
810
880
790
638
602
542
308
232
152
196
90
168
150
60
120
208
166
200
324
352
230
116
256
376
406
600
640
476
432
268
328
404
342
270
240
192
42
90
144
298
362
320
320
472
418
514
606
490
552
662
794
794
814
936
1012
994
942
958
872
948
806
834
762
748
808
882
926
878
758
936
1022
1016
1078
1078
1144
1056
912
910
1012
1034
980
998
974
922
980
1016
1086
1064
938
968
1026
1050
1102
880
858
820
896
796
660
602
506
416
390
392
316
242
352
296
354
302
144
48
70
62
16
256
140
86
120
194
144
256
88
262
242
172
268
378
458
402
240
160
130
140
130
122
230
348
306
264
286
54
88
106
60
196
292
206
234
202
410
490
550
676
558
410
316
416
472
358
454
508
644
604
544
462
408
410
440
484
496
216
164
8
100
160
204
318
494
408
496
450
312
366
404
372
404
346
282
162
268
274
376
394
298
328
250
372
302
248
216
134
182
166
6
62
68
12
112
24
196
166
222
426
574
662
734
664
708
582
564
564
490
548
722
608
482
454
496
588
752
680
696
848
894
926
870
932
844
922
898
680
596
544
486
640
536
702
634
678
710
824
720
564
552
740
682
480
376
176
96
40
52
72
44
182
150
224
82
36
114
24
184
238
168
62
88
184
334
268
310
314
328
332
216
274
116
124
88
108
102
84
146
170
216
138
264
214
148
106
208
146
42
52
94
96
48
110
58
54
4
10
32
104
52
60
58
18
102
48
100
192
30
24
34
154
208
244
318
252
290
158
168
284
278
362
450
414
346
448
386
472
330
32
70
104
72
12
26
242
270
174
130
218
252
328
208
72
2
34
2
14
8
172
210
258
40
32
4
88
2
10
8
44
178
160
250
316
232
52
160
320
274
170
208
296
318
208
346
246
206
292
294
272
286
356
466
370
380
548
648
718
698
884
894
966
1008
996
1046
1104
1054
1030
1110
1068
904
928
1008
940
998
928
766
614
586
504
490
484
354
624
550
626
758
688
646
682
668
874
918
900
960
984
800
1040
1116
1140
1108
1050
1118
1082
1108
1102
1056
1024
1118
1166
1164
1324
1392
1370
1222
1144
1244
1286
1218
1168
1128
1010
1054
1018
1010
928
964
992
1034
1018
1074
1010
816
966
1002
1058
944
904
814
762
1006
1040
1156
1264
1280
1338
1494
1414
1440
1626
1542
1536
1662
1588
1696
1660
1612
1578
1608
1614
1502
1420
