206
134
366
224
22
222
230
400
280
428
700
458
452
534
646
578
622
584
512
534
500
398
460
560
570
712
714
618
766
788
706
800
586
554
460
610
628
582
538
620
660
850
906
784
728
806
908
792
842
1006
1130
1040
1004
820
652
524
578
516
554
684
852
802
914
1010
1086
1286
1238
1252
1326
1250
1342
1328
1330
1200
1194
1144
1276
1276
1236
1132
1266
1202
1228
1144
1268
1242
1174
1240
1250
1174
1052
1022
934
1016
1024
1052
1058
1026
1102
926
974
820
818
832
862
970
856
970
1126
1114
1162
1122
1264
1248
950
1014
986
1092
1032
1092
1162
1170
1198
984
834
890
944
904
1050
1016
1110
1112
984
1082
1006
952
1000
998
1184
1194
1022
1048
1098
1006
918
852
816
874
916
1074
1072
1062
1248
1246
1206
1170
1126
1214
1054
1034
1130
1212
1348
1226
1206
1258
1332
1326
1214
1118
1164
1174
1032
824
744
692
488
568
496
688
780
650
636
474
254
174
86
122
24
2
12
70
118
6
122
116
88
138
44
78
2
28
64
124
98
18
8
24
46
28
46
24
0
30
6
144
68
30
54
152
218
308
264
288
152
68
14
86
2
46
146
276
270
218
176
212
220
360
316
384
372
510
598
550
382
372
326
180
138
224
408
404
480
480
466
434
422
394
540
516
410
348
278
338
504
424
604
568
386
584
614
664
722
688
438
664
506
380
224
352
364
340
316
304
192
82
42
116
152
166
126
70
68
68
150
84
142
80
8
28
6
138
42
8
72
54
28
38
136
6
140
58
146
252
346
326
230
206
146
124
358
206
144
284
238
200
184
118
22
124
180
90
84
214
296
390
374
252
366
474
610
548
582
464
538
558
554
718
622
586
480
256
354
394
438
500
326
248
282
334
346
442
542
722
596
728
804
722
716
696
650
708
718
690
814
856
850
938
1064
1106
1016
1038
898
894
964
1002
806
814
746
900
1034
942
1234
1198
1140
1254
1108
1136
912
862
886
1066
1186
1174
1274
1322
1330
1282
1198
1082
970
1200
1244
1256
1092
840
758
646
500
408
500
550
572
544
484
524
438
340
276
506
438
388
524
528
498
462
540
472
470
334
288
200
106
86
4
106
38
18
24
48
180
164
24
140
28
44
62
38
56
74
100
68
96
118
184
142
172
216
106
264
380
388
310
200
192
236
238
80
252
276
172
164
76
58
10
162
118
136
328
240
426
500
422
332
246
238
166
174
240
178
48
64
32
224
268
342
370
88
120
190
396
546
514
484
474
466
572
386
406
276
140
70
42
12
10
38
78
96
38
18
10
12
46
128
74
208
4
78
4
94
90
112
290
378
284
104
114
96
76
42
76
60
68
22
248
118
88
60
64
56
152
138
42
62
88
54
152
212
270
48
90
240
110
160
488
632
722
772
774
844
826
520
390
372
416
626
754
650
724
626
418
532
616
776
716
452
546
572
590
728
814
804
654
528
422
600
578
646
720
760
812
846
976
1010
1020
922
838
870
724
676
580
580
522
584
598
526
584
584
572
688
740
664
688
662
522
646
594
484
604
606
640
648
594
532
480
466
498
360
278
326
504
180
186
270
432
642
670
554
510
472
520
834
942
1072
938
696
686
786
828
910
920
812
710
770
884
754
794
856
828
866
786
582
510
586
626
756
652
696
694
660
644
608
554
636
718
774
718
742
824
784
702
762
660
684
656
680
520
566
602
712
810
620
640
862
816
802
602
562
672
630
614
802
766
720
870
724
688
686
694
810
918
778
678
548
306
308
400
232
216
78
202
118
248
178
464
382
534
452
486
638
622
776
854
806
680
586
584
676
624
676
688
634
720
756
704
922
844
886
1100
1110
1142
1102
1146
1098
1250
1132
1166
1108
978
898
768
906
682
618
734
970
886
970
1044
1054
1068
992
810
870
828
820
746
672
716
638
642
776
664
818
736
678
732
670
694
594
536
716
718
690
512
428
512
584
762
844
644
506
588
730
562
732
742
798
794
736
594
750
646
646
804
750
812
692
786
940
998
1030
1170
904
740
690
526
516
676
590
608
544
616
634
536
476
616
620
492
618
690
632
450
502
554
538
616
628
752
594
588
638
584
438
322
376
304
362
168
206
312
56
106
110
252
54
76
82
36
134
246
284
322
370
386
242
152
222
286
268
302
190
136
242
298
412
246
238
254
166
116
136
192
364
400
368
252
358
460
572
584
608
612
544
462
586
464
540
472
444
636
632
616
666
606
710
558
482
458
262
244
176
192
174
172
290
166
146
154
286
246
194
224
222
54
6
112
32
114
60
52
108
36
34
120
6
32
148
252
198
360
352
332
444
584
568
482
412
466
506
412
630
538
560
558
530
594
490
450
482
526
268
122
62
142
138
232
106
148
50
162
200
208
224
96
102
12
24
90
74
20
136
396
298
146
74
62
26
62
100
134
146
158
150
34
72
122
118
54
16
66
36
158
96
186
128
46
4
2
58
48
28
22
56
74
120
180
92
128
90
184
256
164
80
70
14
40
154
30
198
540
632
472
352
522
332
310
416
244
80
388
200
256
394
376
380
362
364
252
348
422
454
304
270
302
312
300
160
80
34
136
164
44
16
280
422
330
394
422
124
164
250
550
644
684
638
672
652
598
720
704
620
542
598
552
298
200
116
236
118
110
36
58
10
68
52
10
66
176
130
140
112
12
68
20
132
96
4
98
236
196
236
296
322
232
160
256
162
394
330
294
344
216
88
182
234
306
418
230
434
378
370
462
318
346
132
78
246
360
346
264
240
250
524
630
778
916
840
886
894
780
580
380
354
486
676
714
636
626
466
400
418
510
540
574
596
662
430
438
360
418
344
448
534
590
552
750
754
668
854
808
958
894
962
986
886
878
852
1098
1014
914
784
916
762
806
988
1082
974
896
764
688
514
504
514
462
282
506
462
390
374
212
308
420
518
494
546
686
666
702
808
898
688
640
832
810
750
818
632
676
596
500
402
356
304
152
112
224
228
236
82
180
186
158
264
360
420
258
94
98
68
160
146
108
164
240
70
62
62
48
12
22
182
228
236
370
440
262
250
402
422
414
302
82
122
6
20
102
294
400
500
406
610
630
682
560
524
608
694
796
1036
1080
1036
954
1080
952
1216
1246
1252
1246
1152
1110
1054
1074
1074
1140
1184
1392
1308
1224
1246
1140
1242
1010
1090
944
958
998
1058
948
1082
1096
1060
1128
1158
1242
1360
1564
1450
1504
1484
1438
1392
1316
1276
1352
1482
1596
1494
1492
1360
1226
1218
1000
874
768
828
830
814
896
776
718
886
978
1002
1060
914
996
978
1186
1022
1100
1128
1224
1072
956
846
978
982
872
614
700
810
628
502
402
280
306
316
254
306
380
384
532
390
390
422
384
334
434
570
564
490
570
510
412
408
526
484
308
290
236
194
234
148
180
280
370
442
572
652
538
576
498
606
560
418
244
252
340
422
416
370
576
594
558
590
412
552
544
294
462
572
432
386
380
678
682
854
646
564
244
470
240
300
362
210
124
76
154
198
216
184
50
36
196
56
104
120
218
98
44
98
96
116
122
76
154
308
482
472
412
482
580
490
358
374
472
446
528
456
288
300
272
154
48
94
82
236
496
486
560
514
628
596
572
600
624
636
750
768
634
638
580
642
718
702
904
936
942
916
710
848
916
836
920
872
916
662
630
710
768
634
700
682
718
634
572
700
748
836
1030
1016
950
780
688
594
472
622
606
586
696
722
660
676
636
690
514
388
530
476
514
452
600
588
712
908
848
908
824
718
608
518
576
600
628
408
344
370
454
460
692
786
890
920
860
718
734
630
492
322
206
150
38
154
376
354
458
502
574
646
746
530
386
250
386
174
246
398
364
446
340
442
334
414
500
454
672
646
694
678
618
626
548
442
542
536
370
458
410
378
280
286
300
316
280
162
198
314
412
356
294
356
340
486
306
264
288
232
240
112
300
380
410
346
304
336
272
364
232
24
40
104
32
32
148
114
92
184
258
376
566
650
632
704
694
692
558
402
314
370
448
608
526
598
548
436
376
416
288
318
306
402
360
350
352
476
306
366
484
350
274
80
260
328
326
304
296
264
172
200
72
186
126
20
74
98
24
14
18
32
58
92
22
142
210
168
10
206
304
400
404
556
540
504
478
430
440
360
356
392
364
402
340
306
348
382
422
460
494
648
436
544
440
268
280
356
358
242
212
314
188
178
270
32
50
58
50
104
40
208
208
26
90
212
184
6
24
38
10
22
26
58
6
232
246
310
302
242
452
546
530
440
354
506
472
470
560
534
638
698
718
714
666
734
612
512
458
444
420
406
570
504
368
334
78
58
64
90
60
90
210
230
198
132
42
88
70
114
112
296
396
466
382
284
314
284
172
192
222
284
292
226
216
208
366
372
276
4
82
6
18
134
176
270
244
160
40
148
170
220
236
294
346
278
478
330
368
266
128
146
114
148
34
150
60
134
54
132
182
334
444
348
96
166
2
94
38
60
106
194
300
106
176
244
236
340
404
824
764
728
778
604
612
386
410
456
514
546
334
196
48
12
48
108
150
120
296
374
324
352
250
226
298
306
462
302
362
328
234
206
206
144
186
174
302
380
270
460
424
584
538
310
458
342
266
236
430
462
398
236
396
466
454
598
794
630
668
618
736
666
718
620
768
652
612
714
716
626
554
582
654
488
580
624
524
444
364
218
272
194
