130
104
156
162
208
94
224
208
278
336
252
410
242
296
380
296
128
122
194
250
24
22
40
264
258
190
228
236
196
196
38
6
144
182
178
206
192
260
244
196
244
120
0
112
60
86
64
182
22
52
10
100
214
226
328
284
292
272
262
292
394
456
318
360
346
370
424
168
380
310
346
382
276
278
316
184
138
262
254
90
132
48
22
174
38
22
32
98
268
344
372
286
462
448
460
546
586
614
660
616
448
568
602
632
662
600
444
376
466
532
588
578
496
598
662
620
664
770
762
724
588
518
548
378
400
578
680
654
568
584
624
606
600
454
568
424
374
374
458
434
578
646
568
596
758
596
760
842
1006
960
866
778
644
652
798
954
986
1050
1070
958
940
862
866
878
766
712
840
854
826
792
842
712
656
808
894
958
1030
1112
1054
952
952
952
1036
1062
946
892
886
888
834
836
820
664
672
770
820
734
610
500
398
558
462
530
648
718
598
692
674
626
648
696
730
790
696
740
906
764
790
706
818
554
432
424
354
424
432
284
186
230
274
240
200
286
332
474
564
586
664
654
720
822
778
824
982
864
936
968
1004
1034
1052
980
864
952
732
760
742
982
1016
974
1074
1034
950
990
1026
924
934
974
1164
1340
1374
1344
1232
1260
1052
998
1080
1144
1246
1210
1158
1210
1146
1060
1028
1042
1026
1062
1302
1440
1520
1592
1742
1626
1452
1550
1408
1524
1592
1542
1582
1618
1822
1916
1982
1944
1892
1696
1686
1708
1604
1532
1434
1498
1520
1672
1562
1624
1742
1770
1554
1466
1460
1388
1476
1580
1392
1388
1380
1430
1382
1474
1508
1550
1360
1210
1174
1196
1192
1262
1202
1348
1302
1334
1378
1362
1466
1648
1696
1684
1660
1698
1752
1700
1640
1520
1642
1596
1518
1472
1436
1276
1314
1344
1424
1424
1332
1198
1236
1346
1452
1338
1508
1492
1538
1628
1564
1622
1562
1596
1578
1552
1578
1764
1938
2008
2158
2132
2100
2024
2040
1942
1930
1986
2070
1994
2010
1938
1986
1950
1960
1986
2204
2338
2314
2222
2142
1988
2006
1900
1942
1800
1612
1484
1514
1628
1744
1754
1648
1642
1600
1538
1468
1680
1442
1232
1306
1240
1260
1308
1392
1406
1374
1270
1408
1228
1336
1166
1104
986
998
1126
1006
940
804
742
636
528
548
468
348
450
414
412
392
248
202
212
280
316
216
406
306
334
316
372
230
254
306
302
444
490
464
532
526
390
472
576
594
590
620
754
882
968
1020
920
970
1042
930
940
974
882
1004
1180
1238
1176
1090
986
1176
1084
1012
1188
1244
1134
1116
1144
1252
1180
1278
1264
1278
1404
1264
1286
1174
1314
1312
1264
1202
1236
1214
1198
1140
1278
1178
1070
1202
1222
1260
1304
1486
1532
1550
1624
1522
1534
1516
1556
1384
1440
1390
1462
1464
1588
1398
1478
1438
1642
1750
1812
1720
1832
1856
1814
1850
1860
1618
1638
1676
1516
1704
1630
1446
1456
1390
1530
1652
1482
1458
1310
1356
1370
1350
1470
1392
1410
1320
1238
1142
1070
1120
1160
1066
1040
1136
1198
1006
998
988
1016
1096
1074
1038
1062
908
880
820
844
758
956
890
814
834
772
862
832
900
924
672
628
806
818
816
758
718
604
718
710
622
648
640
772
796
732
868
704
750
730
722
586
748
710
794
738
674
822
818
836
882
952
834
890
1056
1170
1198
1152
1102
992
1184
1172
992
902
752
704
728
792
734
842
788
850
912
772
632
516
490
444
464
434
430
446
334
208
154
226
442
408
302
210
178
286
188
296
286
230
252
8
60
84
68
14
188
122
180
100
112
172
112
66
242
374
424
412
356
388
390
316
324
216
226
452
494
472
608
564
750
572
630
704
682
830
976
854
972
968
1058
976
844
806
796
634
692
714
814
826
864
882
722
624
624
726
722
704
770
712
834
854
686
590
710
838
710
566
692
624
762
904
764
716
642
544
314
196
250
170
214
406
468
488
390
386
322
364
384
408
638
722
882
934
966
1076
1214
1204
1212
1270
1220
1308
1154
1216
1236
1292
1306
1346
1178
1214
1384
1394
1324
1274
1386
1238
1276
1220
1178
1362
1202
1192
1150
1178
1178
988
962
886
832
776
826
856
874
796
880
1068
1106
1166
1106
1148
1090
1056
908
872
756
626
650
618
626
754
936
784
712
588
552
592
654
634
618
792
528
446
568
434
414
372
328
266
334
280
228
220
32
186
308
346
298
254
38
20
22
16
194
62
100
126
264
324
318
266
286
264
330
286
398
208
236
316
236
176
26
92
36
8
52
198
200
228
258
290
296
306
432
372
238
316
290
282
270
292
320
284
252
352
404
412
436
474
378
294
338
520
630
656
582
566
600
600
562
626
616
660
762
772
886
834
690
666
658
514
512
614
596
592
500
442
580
578
686
636
614
744
688
916
824
812
742
772
870
902
866
836
860
950
1106
1146
1162
1134
1252
1112
1182
980
966
938
838
792
762
594
708
588
732
712
552
614
558
642
686
624
694
670
442
432
234
258
222
254
186
300
292
166
298
228
230
346
368
502
542
462
580
500
526
412
444
322
454
352
352
426
468
384
338
400
440
414
588
572
602
434
258
186
14
74
100
18
112
48
108
176
184
28
136
182
162
294
342
240
256
238
282
334
388
538
478
436
482
530
516
480
530
534
694
808
970
780
672
670
746
736
746
778
764
592
464
446
194
196
336
402
434
570
626
614
684
796
958
878
940
880
888
868
956
1000
1028
1028
820
814
792
688
530
584
510
586
444
524
528
526
680
570
652
610
618
666
794
796
872
816
878
894
1162
1200
1212
1238
1206
1182
1174
1066
974
912
892
930
966
1108
1156
1046
910
892
870
874
840
806
834
870
828
844
758
868
880
928
922
888
714
748
882
872
770
836
772
684
630
560
478
652
644
620
700
524
616
528
528
572
576
424
382
290
368
170
200
230
218
246
348
374
378
240
292
264
156
114
74
12
32
24
66
20
40
26
66
40
20
20
46
68
70
18
10
46
68
112
204
228
22
190
110
12
60
204
12
176
210
286
206
288
378
504
500
464
366
470
320
270
208
152
80
206
228
328
284
238
258
304
296
350
382
284
272
168
370
604
598
690
894
862
878
898
986
852
772
952
902
944
812
854
828
738
706
640
560
724
764
656
810
578
444
390
370
360
316
154
254
284
294
190
214
92
12
78
152
2
52
50
56
186
342
386
436
486
520
410
322
364
386
272
190
134
202
268
396
300
200
20
152
134
90
100
142
282
318
292
230
242
156
154
182
116
86
108
60
90
222
440
386
332
216
242
330
286
352
484
562
602
678
786
772
762
828
782
812
864
814
812
854
868
1016
952
832
940
952
864
874
858
694
872
992
1062
1060
1086
1152
1122
1032
980
872
852
770
562
614
520
528
566
472
386
432
382
354
508
558
592
520
404
384
312
206
132
270
396
542
428
556
396
512
538
684
844
1048
1096
1160
1052
1050
1030
1024
1052
1040
1054
1144
1266
1184
1296
1322
1272
1154
1128
1260
1124
1248
1142
1198
1142
1156
1050
1280
1316
1354
1414
1508
1578
1510
1522
1674
1700
1702
1682
1672
1646
1520
1388
1554
1616
1528
1388
1562
1466
1466
1476
1526
1486
1488
1512
1548
1448
1592
1742
1562
1720
1764
1714
1770
1822
1868
2010
1992
2108
2112
2112
2174
2112
2138
2218
2194
2214
2384
2270
2196
2240
2268
2280
2372
2496
2668
2730
2784
2794
2702
2596
2558
2380
2464
2476
2638
2564
2580
2530
2468
2378
2434
2338
2214
2438
2432
2446
2306
2390
2414
2362
2382
2352
2314
2452
2444
2294
2240
2268
2258
2274
2266
2214
2388
2382
2472
2396
2304
2240
2338
2328
2338
2212
2248
2158
2186
2088
2210
2122
1958
1818
1844
1790
1866
1732
1690
1632
1632
1552
1568
1490
1566
1560
1612
1556
1382
1464
1508
1634
1654
1688
1722
1742
1852
1874
1716
1864
1938
1834
1836
1840
1926
1836
1924
2048
1928
2078
1764
1934
1956
1984
2020
1994
1876
1854
1814
1956
1918
1776
1824
1966
1924
1966
1890
1764
1852
1896
1930
1946
2054
2008
1996
2038
1894
1684
1628
1674
1544
1588
1564
1528
1502
1474
1470
1590
1520
1544
1514
1564
1530
1438
1400
1518
1570
1458
1366
1518
1458
1402
1412
1390
1250
1162
1250
1516
1286
1238
1278
1226
1114
1352
1434
1428
1396
1376
1302
1348
1330
1088
1124
1116
908
966
1064
1076
1060
1010
1004
922
1038
1088
1144
1148
1316
1134
1292
1320
1476
1398
1232
1224
1280
1270
1376
1318
1362
1386
1466
1502
1524
1442
1278
1300
1394
1430
1520
1646
1622
1824
1944
1808
1782
1942
1976
2072
1984
1854
1774
1680
1750
1664
1590
1746
1778
2054
1944
1982
1962
2090
2126
2004
2062
1994
2018
2112
2086
2036
1908
1934
1966
1988
2070
2004
2008
1912
1880
2022
1888
1864
1758
1770
1652
1618
1676
1674
1618
1598
1620
1588
1656
1378
1340
1396
1386
1452
1234
1106
1288
1310
1410
1414
1442
1516
1396
1428
1490
1520
1520
1466
1224
1202
1306
1284
1234
1200
1460
1502
1324
1346
1264
1276
1164
1250
1238
1276
1324
1346
1382
1450
1618
1650
1570
1544
1584
1570
1718
1624
1504
1634
1886
1762
1794
1674
1656
1662
1758
1636
1632
1608
1576
1498
1528
1524
1412
1360
1254
1318
1196
1178
1232
1310
1212
1262
1190
1214
1350
1320
1250
1272
1308
1288
1228
1244
1036
1066
1046
1076
986
1030
1194
1222
1088
1002
968
1028
748
868
992
1000
1084
1024
900
950
1026
910
986
892
892
1034
956
1050
960
838
912
672
878
806
964
940
926
850
940
914
1088
1236
1280
1214
1318
1268
1356
1462
1484
1434
1464
1526
1610
1430
1306
1256
1332
1446
1564
1374
1510
1524
1738
1806
1872
1990
1920
2016
1886
1742
1726
1806
2012
1956
1996
2188
2138
2066
2086
2080
2040
1898
2062
2078
1978
1760
1786
1856
2020
1920
2042
1980
1952
2006
2114
2058
2114
2286
2360
2316
2376
2360
2302
2388
2382
2242
2366
2368
2370
2344
2274
2142
2062
2158
2232
2352
2334
2224
2330
2174
2418
2410
2540
2648
2646
2598
2604
2670
2796
2706
2768
2780
2822
2820
2970
2954
2912
3084
2998
2972
2936
3036
3000
3006
2996
2996
3082
3182
3178
3022
3018
3018
3060
2926
3008
3084
3180
3030
3400
3326
3274
3198
3280
3362
3436
3518
3538
3504
3618
3648
3618
3664
3564
3670
3714
3970
4028
4016
4066
3916
3786
3814
3800
3848
