1002
1134
1140
1052
924
974
992
894
770
812
848
826
878
866
972
906
844
760
732
802
716
736
700
714
708
666
744
742
738
780
754
710
766
770
718
708
664
660
612
652
730
778
712
674
654
660
644
754
742
764
788
870
906
986
1058
1002
954
1012
962
986
964
808
786
810
800
868
842
860
1014
1032
1018
1024
1120
1146
1290
1166
1208
1234
1276
1330
1328
1338
1426
1448
1342
1304
1406
1354
1426
1412
1466
1464
1500
1472
1386
1340
1354
1296
1404
1492
1512
1502
1518
1532
1566
1594
1602
1648
1672
1732
1720
1694
1660
1664
1558
1466
1440
1488
1482
1582
1560
1572
1644
1692
1714
1642
1608
1612
1630
1710
1712
1880
1778
1808
1814
1864
1894
1968
2066
2174
2146
2034
2052
2024
1876
1984
2024
2044
2234
2240
2246
2282
2288
2170
2050
2076
2092
2032
2080
2018
1952
1994
1978
2052
2010
2000
1994
1998
2036
1894
1794
1750
1730
1690
1694
1688
1668
1684
1664
1672
1676
1698
1608
1588
1682
1704
1710
1688
1728
1724
1740
1812
1858
1848
1854
1780
1760
1846
1792
1830
1786
1728
1740
1742
1862
1844
1826
1806
1892
1882
1760
1728
1704
1602
1574
1564
1496
1402
1406
1408
1410
1500
1588
1638
1756
1762
1804
1720
1692
1818
1886
1946
1906
1826
1804
1898
1792
1800
1812
1820
1906
1770
1710
1614
1712
1668
1602
1678
1688
1728
1668
1660
1678
1774
1772
1834
1874
1798
1744
1796
1832
1772
1754
1678
1774
1678
1698
1724
1620
1688
1762
1752
1768
1718
1700
1774
1844
1778
1808
1758
1806
1916
1904
1786
1758
1820
1770
1760
1718
1766
1774
1684
1772
1726
1788
1814
1802
1876
1934
1954
1876
2022
2018
2054
2010
2078
2078
1980
2036
1920
1976
1922
1938
1962
2002
1988
1940
1880
1952
1858
1796
1760
1718
1704
1648
1632
1546
1496
1418
1352
1434
1406
1436
1390
1450
1358
1268
1228
1140
1136
1074
1036
1040
1166
1132
1152
1194
1190
1202
1190
1218
1318
1304
1260
1222
1200
1260
1196
1288
1262
1190
1046
968
908
1066
1096
1226
1178
1108
1180
1082
966
938
820
772
792
790
672
680
742
726
604
574
596
706
652
722
710
706
678
772
702
648
604
668
608
650
706
676
674
682
768
736
814
858
878
832
888
930
932
906
958
970
990
1004
1004
1014
996
950
1014
1044
1172
1096
1128
1214
1122
1138
1086
1100
1112
1120
1200
1246
1262
1216
1184
1250
1238
1252
1164
1192
1108
1134
1232
1280
1212
1278
1320
1356
1254
1322
1314
1356
1352
1360
1382
1354
1392
1314
1310
1398
1452
1400
1290
1298
1292
1180
1204
1132
1136
1012
1040
1034
992
1076
1138
1130
1088
1052
974
838
908
930
1076
1080
1050
1088
1096
1094
1008
996
1012
1076
1072
1098
1220
1274
1268
1244
1236
1206
1216
1058
1194
1190
1260
1212
1264
1282
1326
1340
1276
1244
1348
1310
1254
1286
1390
1370
1308
1442
1402
1394
1436
1396
1396
1306
1264
1246
1174
1266
1230
1180
1190
1248
1260
1338
1368
1344
1396
1438
1360
1206
1168
1138
1202
1076
1106
1154
1222
1200
1298
1350
1282
1348
1320
1194
1234
1268
1180
1182
1148
1056
1036
1078
1084
1084
1040
1074
1012
1040
1070
1126
1170
1244
1142
1182
1116
1164
1172
1062
1180
1124
1134
1106
1156
1088
1158
1202
1182
1134
1058
1106
1088
1146
1032
982
1050
936
1004
882
918
994
932
830
828
790
856
848
942
1046
1130
1208
1184
1090
1086
1040
992
840
768
756
804
730
706
716
694
654
634
652
760
676
650
602
674
764
770
748
738
644
676
756
710
850
880
926
932
864
880
948
914
848
782
892
794
784
732
730
728
784
776
716
736
620
602
538
594
592
620
614
626
646
482
440
586
536
490
476
530
628
538
580
656
738
806
866
870
762
700
692
760
726
764
788
728
742
744
670
664
620
654
640
596
642
694
794
762
798
750
752
704
780
654
638
576
576
556
586
634
744
698
688
776
738
698
642
568
618
688
544
488
508
484
412
410
306
290
316
316
258
258
304
442
382
312
270
322
214
182
166
206
242
280
292
248
224
256
266
320
412
360
322
204
194
74
102
84
76
104
256
260
256
340
442
506
492
438
418
316
416
400
486
500
510
622
594
478
520
574
616
576
568
560
564
550
588
692
680
630
610
642
644
676
662
604
768
730
760
794
732
732
760
690
674
572
566
468
488
482
462
480
478
512
568
476
578
502
392
350
416
472
496
508
422
422
396
400
324
368
350
332
446
420
400
506
566
604
622
594
554
684
682
574
632
548
652
610
548
488
570
594
650
602
680
624
628
658
638
688
634
652
694
586
554
566
610
488
526
458
484
444
336
322
388
274
346
430
462
408
318
210
288
362
374
402
470
474
460
544
462
464
460
482
450
486
444
442
398
364
368
426
516
526
436
392
374
484
474
440
580
502
536
616
616
588
516
486
550
572
680
622
594
634
574
594
590
636
614
556
586
564
546
562
530
464
470
482
424
400
326
338
378
450
466
542
528
542
480
616
454
454
456
388
454
420
488
556
618
614
634
566
544
598
736
656
616
578
564
528
494
584
598
506
544
484
486
470
494
580
632
626
644
672
664
646
674
758
726
764
748
774
816
832
902
928
926
938
984
972
1002
922
986
1076
1214
1296
1354
1366
1360
1326
1260
1222
1196
1200
1262
1220
1266
1260
1302
1468
1518
1436
1316
1378
1430
1414
1408
1410
1474
1534
1542
1460
1468
1434
1386
1372
1446
1366
1356
1306
1290
1256
1092
1074
1076
1086
1140
1114
1048
926
1010
1064
1106
1126
1092
1146
1104
1052
1114
1164
1074
1120
1178
1258
1248
1266
1258
1266
1206
1216
1166
1242
1254
1290
1268
1174
1202
1320
1372
1436
1490
1486
1394
1388
1424
1332
1248
1280
1188
1194
1242
1178
1208
1222
1210
1174
1122
984
1098
1022
1080
1046
1022
966
978
1032
1044
1074
1110
1018
1124
1150
1238
1362
1304
1362
1394
1312
1282
1204
1244
1252
1360
1398
1408
1486
1556
1586
1510
1684
1636
1674
1684
1630
1616
1784
1744
1744
1700
1708
1698
1720
1684
1672
1556
1506
1440
1474
1450
1446
1424
1490
1510
1578
1556
1598
1560
1704
1734
1720
1682
1716
1756
1762
1738
1790
1850
1790
1770
1750
1730
1654
1580
1554
1632
1552
1536
1488
1472
1472
1440
1388
1388
1272
1354
1288
1380
1456
1410
1456
1450
1434
1360
1384
1364
1336
1254
1256
1302
1276
1240
1222
1188
1316
1320
1358
1342
1336
1174
1242
1376
1432
1512
1506
1496
1444
1496
1484
1490
1516
1424
1384
1382
1334
1342
1396
1334
1272
1246
1334
1424
1424
1406
1342
1360
1396
1412
1470
1398
1490
1344
1350
1354
1504
1484
1514
1394
1422
1372
1352
1412
1402
1460
1430
1402
1464
1504
1394
1390
1378
1400
1316
1250
1268
1254
1192
1106
1074
1102
1074
1128
1098
1102
1120
1130
1086
1108
1016
1020
1006
1040
1004
1112
1064
1108
1240
1230
1258
1334
1386
1338
1362
1178
1182
1184
1122
1208
1210
1246
1276
1324
1350
1420
1416
1376
1416
1486
1634
1524
1470
1424
1470
1544
1494
1540
1636
1768
1776
1788
1844
1798
1828
1832
1828
1786
1734
1860
1828
1776
1702
1742
1686
1720
1728
1686
1730
1764
1706
1694
1686
1636
1604
1600
1576
1598
1570
1550
1574
1578
1522
1548
1524
1464
1498
1406
1368
1442
1454
1506
1492
1536
1596
1596
1670
1640
1728
1716
1712
1720
1788
1766
1710
1712
1754
1698
1776
1754
1612
1634
1656
1700
1726
1704
1720
1732
1736
1766
1778
1774
1816
1842
1938
1818
1890
1918
1836
1820
1912
1820
1738
1682
1652
1692
1674
1786
1832
1824
1846
1928
1962
2018
1926
1924
1876
1946
1886
1856
1758
1706
1642
1594
1548
1540
1500
1506
1434
1464
1410
1546
1564
1578
1600
1666
1612
1550
1496
1572
1532
1562
1668
1746
1816
1776
1758
1724
1670
1682
1638
1748
1732
1732
1718
1678
1760
1780
1794
1926
2008
1960
1982
2004
2022
2042
2026
2058
2094
2108
2148
2068
2088
2066
2128
2148
2006
2012
2002
1864
1824
1802
1838
1898
1944
1870
1906
1956
2024
2008
2002
2044
2098
2008
2082
2074
1894
1876
1854
1888
1888
2008
2038
1936
1892
1838
1902
1880
1796
1826
1830
1832
1898
1928
1864
1944
1930
1986
1962
2044
2122
2034
2068
2164
2140
2144
2110
2066
2070
2032
2010
2060
2114
2074
2048
1988
2024
1976
1990
2010
1976
1904
1826
1730
1820
1816
1828
1782
1624
1552
1516
1596
1678
1568
1676
1556
1654
1586
1556
1534
1630
1714
1702
1712
1712
1676
1670
1654
1662
1684
1630
1570
1562
1504
1602
1648
1610
1542
1544
1566
1598
1674
1614
1608
1648
1662
1638
1638
1644
1568
1566
1482
1530
1572
1610
1598
1590
1670
1598
1742
1844
1882
1892
1848
1830
1860
1864
1782
1776
1716
1786
1702
1660
1718
1902
1914
1940
1968
2068
2138
2200
2250
2232
2246
2282
2376
2444
2528
2450
2398
2362
2348
2364
2474
2482
2540
2510
2542
2562
2580
2590
2484
2510
2456
2522
2588
2580
2538
2510
2432
2480
2514
2610
2598
2642
2636
2588
2596
2636
2614
2562
2500
2540
2506
2570
2468
2444
2458
2422
2392
2382
2342
2248
2332
2448
2464
2490
2494
2506
2564
2570
2450
2422
2510
2468
2514
2494
2472
2580
2546
2586
2552
2568
2606
2644
2666
2646
2720
2718
2734
2754
2668
2638
2624
2588
2552
2524
2538
2602
2522
2452
2462
2610
2676
2676
2692
2778
2796
2784
2762
2786
2706
2654
2640
2572
2662
2620
2758
2772
2726
2796
2758
2818
2874
2900
2800
2824
2848
2782
2674
2540
2544
2618
2650
2710
2762
2778
2706
2780
2860
2758
2778
2800
2808
2798
2916
2866
2798
2822
2826
2826
2814
2838
2854
2794
2812
2744
2734
2758
2740
2730
2684
2654
2684
2664
2674
2624
2604
2530
2538
2570
2578
2716
2784
2860
2762
2866
2960
2928
2936
3006
3052
3064
3120
3130
3188
3146
3142
3074
2958
3004
2956
2974
2854
2894
2986
3068
3076
3068
3058
3026
3076
3084
3048
3078
3014
3036
2960
3052
3104
3058
3046
3058
3062
3084
3116
3124
3122
3082
3004
2982
2960
2962
2896
2812
2840
2792
2776
2730
2690
2748
2726
2774
2826
2922
2866
2878
2964
2882
2862
2868
2804
2924
2882
2914
2910
2854
2782
2792
2904
2984
2984
2964
2944
3002
2894
2858
2874
2800
2852
2922
2950
3020
2996
2950
2840
2816
2864
2790
2778
2786
2754
2796
2778
2782
2854
2908
2906
2906
2898
2892
2910
2968
2966
3022
2998
3012
3006
2926
2888
2914
2866
2878
2878
2892
2806
2758
2732
2758
2728
2638
2690
2648
2680
2570
2634
2672
2666
2704
2734
2680
2688
2672
2682
2684
2624
2644
2588
2596
2646
2622
2582
2556
2614
2626
2592
2624
2600
2694
2692
2622
2712
2736
2750
2770
2784
2782
2844
2824
2854
2894
2898
2914
2890
2976
2938
3092
2988
2944
2926
2986
3010
3014
3044
3036
3004
2924
2994
3044
3000
2998
3056
3140
3090
3020
2868
2942
2964
3032
3056
3044
2948
2950
2950
2832
2908
2840
2826
2858
2908
2814
2788
2782
2770
2754
