96
124
94
124
138
264
256
268
284
270
296
220
212
376
426
358
332
306
252
274
196
324
350
400
346
374
500
446
392
362
412
424
452
490
426
340
234
190
142
114
282
202
204
284
302
316
264
188
196
142
212
322
408
304
396
522
484
452
506
452
516
476
608
574
484
548
502
404
414
412
550
668
694
632
638
586
624
638
760
788
814
806
764
862
800
840
812
842
864
836
664
704
608
542
598
608
628
634
780
700
810
816
846
698
688
700
696
672
624
646
580
472
542
674
756
744
786
790
778
758
684
602
594
574
556
558
640
640
546
460
422
394
410
442
362
282
94
36
120
264
342
398
304
296
146
58
84
20
48
38
54
40
20
188
174
210
138
146
80
70
188
214
136
92
76
128
138
134
100
98
118
162
162
246
284
268
274
176
146
126
272
254
152
166
122
102
14
34
88
26
48
56
92
42
8
12
28
114
64
34
78
216
184
302
378
358
274
336
376
362
448
404
518
512
462
450
458
476
406
392
422
394
432
424
444
450
436
512
508
584
478
352
378
282
170
184
188
220
170
220
244
122
104
122
186
270
320
296
168
148
154
282
386
270
326
160
56
46
68
78
104
206
214
272
304
294
230
262
412
262
202
162
36
24
54
24
8
44
188
142
272
288
284
258
314
258
90
116
72
72
38
40
28
122
38
22
6
94
8
94
154
182
196
116
26
68
270
226
374
338
318
326
416
322
394
238
174
348
296
258
320
224
258
180
62
64
36
40
16
54
198
160
134
200
70
50
94
30
16
30
32
94
34
52
50
40
2
78
6
32
16
124
66
22
98
126
106
156
102
208
168
66
82
138
138
200
214
154
154
104
200
162
208
244
322
166
168
102
62
274
236
222
220
36
22
62
84
138
74
52
52
52
44
32
218
326
304
322
404
486
544
510
422
432
396
458
530
462
494
328
416
482
448
374
284
350
416
322
216
180
88
182
62
66
6
16
6
66
88
90
170
218
410
494
490
574
474
504
440
496
540
518
450
488
432
312
234
268
230
170
114
252
234
160
224
280
326
452
486
454
406
554
642
592
636
636
524
614
580
548
502
488
414
510
586
530
542
540
496
608
572
552
568
662
662
758
846
858
814
666
612
714
654
584
578
638
546
636
620
632
620
640
728
796
826
788
790
804
700
616
568
472
450
426
422
436
368
396
352
330
400
464
432
454
466
554
568
488
506
448
368
434
320
320
308
196
220
224
270
284
290
320
406
452
476
400
348
286
380
422
440
498
476
460
438
478
468
532
434
538
506
418
354
408
536
566
600
646
568
584
602
564
530
432
438
500
464
380
400
280
360
366
202
188
162
206
248
96
60
112
8
50
120
82
66
150
172
206
286
268
450
462
524
538
488
444
346
312
386
276
340
294
178
138
146
108
88
154
120
66
6
62
172
204
70
136
180
216
198
76
60
68
180
186
110
78
6
18
10
90
12
10
102
108
140
140
204
126
106
178
228
238
268
292
250
324
300
332
364
394
326
444
548
520
310
440
500
564
564
586
676
712
858
914
922
998
1006
996
1064
1110
1166
1166
1186
1192
1284
1122
1110
1090
1066
1166
1026
1024
1014
978
974
900
878
978
1124
1172
1114
1082
928
912
864
984
1022
1106
1160
1150
1110
1054
1136
1012
1064
1034
1042
1004
1010
936
920
962
882
932
1010
1018
1044
1002
1090
1040
1116
966
1048
1092
1280
1238
1278
1362
1424
1490
1518
1512
1516
1512
1400
1260
1218
1240
1246
1220
1094
970
946
984
958
1000
932
980
1020
1034
1128
1214
1276
1260
1344
1410
1298
1260
1270
1192
1222
1200
1196
1186
1134
1106
1278
1336
1436
1416
1408
1420
1374
1342
1396
1432
1386
1414
1346
1400
1162
1224
1202
1160
1140
1186
1128
1176
1252
1238
1234
1154
1184
1286
1314
1380
1334
1274
1252
1120
1248
1314
1210
1320
1194
1182
1316
1282
1268
1264
1270
1198
1170
1116
1146
1230
1114
1288
1328
1248
1352
1250
1280
1254
1202
1172
1148
1210
1284
1126
1184
1086
1126
1058
1170
1232
1280
1342
1234
1108
1244
1280
1418
1462
1356
1358
1358
1434
1476
1590
1638
1622
1630
1548
1600
1630
1528
1466
1466
1480
1510
1504
1420
1394
1474
1348
1206
1180
1186
1098
1120
1090
1078
1092
1090
1106
1054
1034
1074
990
998
976
1120
1102
1214
1266
1322
1290
1290
1174
1190
1172
1126
972
954
846
986
1024
966
960
956
882
888
908
1000
798
764
702
486
516
404
408
462
474
394
294
310
250
256
246
318
178
206
136
0
20
76
10
16
90
128
148
100
108
144
176
172
192
164
192
194
284
348
456
526
534
490
526
406
376
448
432
556
486
406
426
448
504
476
506
418
386
372
376
370
370
378
290
190
132
78
26
30
38
120
24
4
54
226
206
224
262
210
310
362
316
288
290
308
266
254
172
172
214
230
188
234
288
194
140
114
130
194
196
330
230
370
480
530
442
480
396
278
298
376
408
300
250
286
286
296
376
242
226
230
220
140
156
92
138
150
210
252
270
326
234
242
336
302
344
398
320
364
354
326
410
430
410
430
464
420
456
424
290
290
294
428
554
428
452
512
504
424
324
366
304
350
294
330
294
356
348
346
290
206
260
192
82
122
132
60
48
74
64
194
246
260
274
332
300
314
286
374
380
464
568
584
458
532
562
452
414
510
520
566
616
736
734
858
874
832
862
926
904
822
726
720
756
678
666
748
736
858
828
810
850
798
806
824
614
624
588
604
500
624
614
612
484
628
642
608
566
618
678
662
564
724
736
678
610
552
616
622
562
460
424
434
398
472
494
446
324
386
514
570
528
584
636
692
706
750
772
822
908
960
1064
1022
890
848
856
884
864
858
830
814
736
848
752
716
616
696
658
684
688
558
728
656
708
652
580
670
582
546
544
602
550
610
610
660
590
586
458
472
480
430
550
500
542
416
472
468
498
556
690
778
724
610
658
678
738
836
882
786
778
700
834
816
810
858
880
818
836
768
894
894
826
794
908
920
914
1072
1060
1000
950
870
848
740
846
822
880
828
934
878
936
1018
998
958
1112
1242
1198
1088
1038
948
890
950
1070
1060
1030
1034
1060
1206
1086
1124
1166
1080
1190
1118
1054
1078
1146
1208
1170
1060
1082
1114
1104
1098
1154
1044
1032
1024
1028
1120
1208
1440
1462
1496
1450
1426
1420
1466
1480
1476
1496
1518
1588
1556
1586
1538
1532
1576
1542
1584
1678
1656
1584
1468
1514
1480
1430
1408
1526
1434
1388
1444
1436
1358
1372
1204
1126
1090
1114
1000
1008
890
952
938
1034
1036
1026
1064
866
822
854
796
744
732
798
672
734
746
890
888
774
706
792
840
762
778
878
870
828
980
906
1014
928
866
850
876
870
734
864
926
912
942
904
812
854
872
1012
1082
1126
1036
1002
1004
946
982
1000
882
790
758
708
758
844
880
868
836
972
1096
1140
1084
1012
934
1074
1112
1076
1072
1158
982
880
866
792
678
748
778
782
818
846
862
822
834
786
840
774
814
806
842
860
902
898
1010
970
934
896
890
942
986
980
1032
1134
1048
1064
1004
1086
1042
964
1050
1112
1072
1000
988
916
898
930
1094
998
1054
1028
946
940
1008
986
998
1006
1014
1034
1012
966
960
968
962
916
870
848
670
626
746
608
512
490
484
508
472
534
430
396
176
106
260
306
400
410
380
346
296
358
310
220
338
390
384
490
372
448
528
550
500
506
566
532
578
574
648
706
688
690
706
700
654
592
508
430
356
268
204
250
172
344
284
338
226
296
414
450
572
418
462
380
428
514
676
702
656
594
588
694
658
662
742
634
728
776
726
698
686
614
684
718
792
886
910
914
904
866
784
704
550
582
568
470
538
604
548
502
538
534
506
432
432
422
540
570
680
732
736
678
744
866
910
822
764
792
804
728
732
724
786
856
796
852
898
916
866
818
770
898
794
754
726
734
688
636
706
616
602
494
568
516
404
504
508
480
480
418
244
290
210
276
204
178
54
66
78
86
30
14
62
192
164
126
218
284
444
464
514
598
652
618
646
672
620
594
592
576
618
612
642
512
560
490
560
540
476
438
432
566
672
538
568
576
532
644
596
548
602
518
560
510
476
444
386
304
254
298
424
310
232
226
166
290
276
204
290
294
212
248
194
98
126
202
266
162
74
162
232
332
404
496
444
540
522
470
460
432
438
440
462
466
458
416
514
458
290
292
254
252
254
322
274
424
516
532
522
538
532
552
544
458
378
516
508
532
632
688
676
742
838
822
798
670
476
586
600
544
624
502
502
488
658
698
662
604
640
594
580
532
464
348
358
414
354
380
442
504
466
534
528
508
456
466
448
492
460
376
476
464
472
542
626
610
640
604
530
588
486
498
496
562
510
456
332
400
320
276
298
274
296
192
276
310
322
366
404
394
338
260
274
220
314
430
392
324
250
340
320
268
372
292
328
312
350
360
300
252
164
224
264
280
228
178
246
250
358
396
450
404
408
484
620
682
554
516
538
474
390
344
374
354
376
436
380
318
340
428
472
560
552
654
642
622
716
696
782
782
934
908
834
864
826
830
790
766
710
668
686
714
782
902
788
764
754
796
782
788
836
892
918
982
1024
1054
1130
1048
1156
1248
1306
1254
1228
1186
1208
1228
1160
1118
1146
1146
1068
1034
872
960
834
916
896
1022
1024
960
980
1064
1042
954
930
980
950
1016
1086
1012
1090
1090
1032
1050
1094
1204
1234
1264
1302
1362
1380
1394
1312
1356
1254
1240
1314
1282
1260
1330
1236
1166
1252
1204
1176
1216
1202
1194
1176
1054
1008
1012
1006
1034
998
932
942
942
828
758
764
802
760
812
646
602
