806
800
766
778
804
804
804
820
830
848
832
870
858
848
884
926
914
902
902
842
818
842
838
830
850
852
884
898
884
900
882
896
900
902
880
928
902
890
916
894
916
896
906
890
868
876
878
894
888
890
876
888
896
862
888
906
894
854
818
844
870
866
852
822
768
776
754
760
730
756
742
740
722
730
734
702
738
734
736
750
744
712
704
742
740
730
762
788
786
792
768
788
792
776
814
784
742
776
782
770
788
794
780
774
758
790
828
826
826
830
822
814
856
800
768
750
750
764
808
796
824
800
854
880
836
852
824
862
852
838
820
816
808
840
870
858
860
852
862
888
866
850
880
876
846
842
878
908
896
898
918
962
956
910
906
884
872
850
838
808
862
860
864
860
864
882
872
874
840
870
892
900
892
890
892
850
862
874
868
856
860
848
892
888
848
846
868
852
852
866
842
818
830
828
806
800
832
838
824
838
840
814
832
846
900
902
884
920
902
896
900
916
948
946
914
898
912
930
920
902
898
880
846
856
842
892
900
904
920
954
954
942
904
878
892
874
870
902
920
908
896
894
906
896
894
886
902
892
900
896
896
908
872
840
840
834
858
840
852
882
886
906
892
882
900
918
914
890
922
934
934
904
928
914
910
902
898
912
916
888
910
902
924
922
930
940
926
912
866
878
856
872
846
856
840
832
830
828
772
782
814
784
790
784
750
738
722
790
784
806
834
832
854
876
862
848
838
816
860
820
824
834
870
864
860
876
848
844
854
844
874
878
854
886
896
886
894
928
882
864
876
872
884
860
840
864
884
876
878
868
846
778
796
796
804
812
830
856
900
892
886
890
900
914
926
924
906
870
886
878
866
836
852
886
894
886
902
904
882
886
878
924
924
922
914
896
896
912
920
934
930
926
920
900
900
872
860
860
852
818
822
824
810
770
772
754
772
778
748
724
740
754
726
758
760
740
730
792
802
826
824
828
822
826
858
876
902
880
888
872
850
854
828
862
836
842
896
896
904
902
886
900
912
894
914
914
920
898
902
878
856
874
890
898
844
842
808
798
750
768
802
812
800
814
804
820
848
904
906
916
914
866
884
882
904
884
888
914
914
920
904
932
928
890
874
862
850
868
888
846
866
824
852
848
850
852
858
858
866
856
824
866
872
898
876
896
914
826
850
860
856
826
812
844
850
888
876
908
898
910
920
920
924
920
910
906
908
926
940
944
920
902
908
918
916
884
896
880
860
876
872
866
834
810
830
810
784
752
784
786
814
816
868
870
866
874
864
878
896
892
908
922
928
902
906
912
904
890
910
916
916
892
870
864
830
862
870
896
926
932
918
906
898
906
926
940
922
896
890
914
916
918
890
906
892
868
852
836
852
878
904
936
896
900
886
896
864
892
898
916
892
896
876
872
886
918
888
858
842
864
850
900
896
900
878
878
830
828
796
796
814
810
800
810
832
852
842
794
814
820
840
816
802
846
862
874
880
880
906
912
906
892
886
892
908
898
874
858
866
858
872
846
864
882
882
864
862
792
832
852
836
830
860
862
854
838
858
888
882
894
872
878
898
878
888
876
880
898
904
886
888
904
890
858
850
890
830
816
856
838
836
842
812
854
878
898
904
926
930
918
906
886
870
884
848
814
794
834
870
804
820
874
874
874
846
870
872
866
842
882
924
920
914
912
914
914
906
898
880
876
898
880
870
814
846
852
864
882
882
866
874
892
910
894
920
936
892
894
902
912
894
900
888
910
904
908
910
918
880
872
884
908
928
938
934
932
940
924
916
874
834
858
826
842
872
898
902
896
868
868
878
880
868
846
860
870
868
884
892
888
896
912
874
854
844
888
896
882
916
904
904
954
916
898
914
906
938
944
920
938
938
960
926
880
858
842
814
804
800
850
870
840
876
880
878
874
874
858
834
860
862
892
898
916
896
934
948
918
914
896
876
904
904
868
838
842
814
852
874
852
856
868
856
878
824
850
866
880
882
842
854
856
814
814
814
830
830
864
854
860
848
842
808
832
858
792
774
754
760
730
748
778
778
794
782
794
784
756
764
732
730
752
776
776
810
808
836
836
830
844
850
862
890
874
868
886
886
868
858
894
922
928
916
912
882
892
890
906
866
872
888
896
882
918
914
878
912
862
854
878
856
846
878
870
884
894
894
882
894
902
898
916
902
918
918
896
900
902
898
822
808
832
816
834
824
806
824
788
784
810
828
862
874
892
918
910
946
916
878
878
896
880
874
894
888
894
886
890
868
908
912
874
856
856
852
880
876
882
864
826
822
882
890
878
858
886
858
852
842
880
888
900
900
894
872
872
866
844
804
820
820
852
878
892
902
908
880
894
902
892
868
882
860
880
874
822
838
846
842
854
816
784
816
792
790
742
770
796
786
806
800
834
866
884
894
838
824
842
838
808
818
836
838
796
850
820
846
858
858
896
900
886
854
818
848
864
850
840
876
896
890
884
900
908
898
898
916
914
950
946
920
950
952
930
914
902
902
928
922
920
924
914
924
936
926
898
864
844
856
858
886
892
878
852
816
828
824
796
802
786
806
818
812
826
806
818
822
854
850
880
836
860
864
896
878
896
874
890
856
882
918
928
890
894
886
922
928
928
912
906
902
908
874
878
898
884
856
890
850
846
862
848
880
914
926
914
886
874
918
936
932
940
916
872
890
892
878
884
908
880
868
850
886
908
924
922
906
930
904
910
908
904
902
880
876
868
860
864
868
858
842
852
874
844
826
818
798
812
806
858
876
852
818
818
794
788
834
818
822
870
864
872
864
838
882
894
870
886
880
870
838
820
802
816
824
838
818
802
808
860
810
816
768
812
800
782
784
800
818
842
796
808
882
908
902
902
908
860
864
858
846
856
840
826
830
832
804
776
796
754
748
674
680
660
636
616
686
722
714
702
720
708
704
738
772
746
766
778
792
798
804
780
778
804
840
848
832
824
840
832
824
822
816
860
880
854
842
812
844
840
832
828
822
844
870
900
892
888
898
910
894
910
898
870
888
880
870
870
840
864
894
870
852
884
894
904
880
886
888
894
898
868
842
856
866
884
880
876
844
862
854
838
820
798
808
838
848
850
904
906
924
912
906
906
906
888
916
924
916
884
882
904
904
900
882
864
856
890
874
882
860
806
774
756
766
794
784
774
748
776
814
808
858
838
824
824
848
830
830
844
838
880
908
912
888
866
896
876
848
856
858
876
918
924
944
942
966
932
942
938
928
930
926
900
838
848
848
852
864
838
818
808
790
814
818
810
854
846
836
864
892
872
844
892
918
906
894
898
900
896
886
882
878
896
878
904
882
850
864
862
880
882
884
880
888
896
836
820
842
872
872
844
818
826
838
856
858
846
852
860
870
860
866
908
934
928
912
884
844
862
870
872
806
876
872
912
910
890
890
900
908
906
878
866
878
890
896
864
870
872
842
824
858
882
894
878
886
866
834
846
804
776
780
832
864
862
828
826
848
882
856
860
890
882
886
894
858
858
882
880
898
898
884
888
864
832
806
788
798
826
844
870
872
898
888
906
902
894
890
914
882
856
872
870
874
858
846
832
812
782
764
766
776
754
736
740
716
748
736
730
722
700
766
776
752
760
754
738
764
762
744
704
712
688
682
710
764
762
776
774
754
750
762
748
766
752
762
760
806
810
844
842
848
846
846
854
868
858
830
804
792
812
822
830
824
852
822
816
812
786
748
758
780
730
740
760
754
734
738
800
830
826
822
866
848
864
876
896
890
844
836
834
858
830
824
824
842
844
830
834
846
858
826
790
796
820
826
792
792
788
764
746
726
752
786
780
808
832
838
822
792
810
814
828
832
788
778
714
728
722
696
722
758
784
818
822
844
832
882
898
900
888
872
850
868
888
924
904
906
916
872
864
868
874
892
882
884
908
908
920
930
918
896
878
864
910
930
920
894
884
898
888
886
898
902
900
912
890
894
914
892
884
878
870
860
852
854
846
836
878
926
930
922
922
932
924
940
920
892
878
916
924
916
876
882
856
872
886
914
902
900
928
932
914
914
916
924
904
882
920
880
886
872
870
814
844
818
838
806
816
790
776
840
854
864
878
834
872
902
914
892
910
912
892
878
874
836
832
836
858
836
866
858
868
876
892
900
918
924
926
920
896
910
902
898
866
868
856
912
922
910
892
918
898
904
896
864
858
832
880
850
838
784
814
796
880
898
902
886
890
862
850
852
864
850
896
892
892
876
838
830
818
858
876
882
884
870
860
858
856
824
808
808
758
764
758
764
788
804
820
832
860
862
890
910
904
882
886
892
870
902
896
898
910
902
900
894
892
892
880
904
890
904
878
852
820
804
802
806
862
880
832
860
824
844
768
796
826
836
818
826
818
814
828
810
796
850
816
828
842
860
832
844
858
882
892
884
868
844
888
878
870
870
840
846
832
828
818
854
850
844
856
830
850
882
858
868
870
856
886
864
880
870
844
856
842
804
800
818
804
812
812
760
792
798
784
774
766
768
774
772
794
832
848
850
860
834
828
794
770
778
806
768
740
772
776
824
828
838
856
