1784
1774
1838
1830
1762
1688
1708
1698
1748
1670
1652
1634
1586
1532
1548
1508
1452
1516
1418
1478
1456
1440
1432
1402
1320
1320
1224
1212
1180
1200
1184
1164
1192
1268
1340
1420
1428
1398
1420
1310
1422
1486
1418
1542
1418
1348
1248
1344
1380
1306
1352
1300
1298
1286
1380
1254
1340
1408
1326
1184
1328
1372
1430
1332
1338
1400
1456
1484
1444
1454
1460
1532
1642
1694
1566
1588
1660
1582
1648
1678
1720
1714
1824
1810
1784
1838
1850
1864
1838
1746
1766
1736
1780
1834
1822
1826
1800
1876
1820
1828
1856
1938
1958
1882
1930
1954
2040
2110
2094
2036
2076
2076
2018
1964
1994
2068
2148
2124
2090
2022
2054
1992
2016
1978
2034
1962
1972
2000
2024
2082
2126
2090
2030
1998
1934
1848
1814
1774
1774
1812
1808
1786
1778
1860
1840
1964
1920
1936
2016
1962
1910
1988
2014
2026
2106
2168
2082
2090
2152
2128
2184
2258
2254
2288
2218
2232
2170
2098
2156
2140
2110
2118
2160
2116
2208
2200
2174
2192
2186
2236
2242
2276
2210
2182
2286
2254
2214
2058
2096
2032
2028
2038
2104
2184
2070
2042
2088
2108
2044
2102
1992
1990
2098
2114
2064
2022
2030
2068
2056
2114
2162
2234
2136
2116
2074
2034
1962
1912
1930
1956
1982
2032
1992
2086
2018
1954
1960
1886
1958
2004
2102
2118
2006
1978
2044
2048
2120
2150
2106
2110
2182
2232
2218
2260
2294
2304
2344
2276
2282
2254
2226
2194
2218
2300
2288
2428
2404
2446
2446
2460
2466
2478
2478
2516
2468
2400
2404
2438
2382
2442
2474
2550
2504
2532
2678
2660
2662
2554
2482
2496
2456
2336
2222
2228
2270
2248
2276
2212
2334
2430
2474
2548
2438
2402
2430
2470
2436
2504
2522
2500
2612
2658
2596
2594
2620
2640
2604
2634
2614
2558
2506
2578
2506
2422
2494
2470
2558
2546
2526
2514
2570
2526
2444
2462
2484
2428
2472
2640
2608
2596
2668
2614
2548
2474
2582
2628
2660
2714
2722
2784
2842
2772
2848
2836
2876
2876
2934
3002
2900
2878
2876
2806
2830
2742
2694
2636
2690
2702
2720
2562
2676
2618
2692
2690
2764
2784
2714
2594
2576
2496
2516
2478
2546
2572
2582
2646
2618
2626
2642
2560
2612
2626
2684
2610
2508
2488
2484
2464
2496
2404
2522
2510
2516
2680
2724
2720
2700
2720
2712
2614
2626
2666
2682
2676
2584
2520
2538
2538
2588
2526
2418
2380
2314
2280
2318
2288
2176
2204
2166
2174
2198
2292
2236
2232
2228
2280
2278
2144
2182
2188
2234
2310
2244
2248
2312
2416
2300
2322
2312
2338
2404
2420
2394
2468
2436
2464
2494
2500
2580
2546
2580
2548
2510
2512
2478
2368
2330
2374
2434
2426
2472
2532
2526
2606
2606
2644
2690
2640
2596
2562
2472
2456
2434
2372
2394
2372
2332
2358
2358
2344
2376
2372
2450
2436
2416
2510
2546
2576
2568
2484
2574
2662
2614
2678
2590
2616
2636
2568
2464
2480
2408
2498
2568
2494
2574
2462
2406
2458
2442
2522
2544
2602
2506
2460
2538
2530
2442
2484
2432
2402
2458
2366
2414
2570
2666
2714
2784
2778
2766
2828
2842
2880
2860
2830
2814
2784
2788
2840
2674
2728
2754
2684
2786
2710
2690
2762
2812
2774
2822
2750
2710
2702
2730
2688
2604
2620
2722
2710
2742
2798
2794
2728
2720
2734
2760
2828
2832
2830
2748
2902
2872
2966
2960
3002
3028
2988
2966
3016
2994
2964
2984
3014
3018
3002
3124
3148
3122
3064
3008
2984
2986
3006
2948
3024
2950
2892
3046
3082
3110
3106
3124
3076
3080
3052
2940
2982
2962
2914
2964
2858
2922
2922
2926
2888
2916
2882
2888
2892
2856
2770
2740
2762
2838
2870
2814
2794
2772
2732
2768
2668
2616
2732
2692
2624
2596
2586
2530
2428
2430
2516
2556
2486
2456
2450
2386
2392
2408
2362
2408
2496
2466
2480
2452
2432
2490
2516
2478
2490
2514
2396
2450
2478
2484
2480
2512
2464
2410
2450
2406
2478
2472
2368
2430
2402
2256
2258
2226
2264
2270
2320
2278
2304
2324
2416
2412
2410
2424
2404
2402
2454
2388
2324
2360
2170
2110
2100
2132
2170
2186
2174
2080
2056
2102
2110
2106
2102
2056
1956
2004
1956
2084
2150
2116
2146
2140
2174
2286
2322
2266
2252
2154
2178
2130
2248
2160
1984
1980
2080
2076
2170
2098
2084
2010
2044
2072
2124
2132
2184
2146
2182
2332
2350
2316
2430
2402
2380
2422
2388
2442
2474
2600
2580
2644
2724
2800
2788
2876
2866
2810
2864
2840
2884
2906
2942
3002
3028
3086
3032
3030
3034
2994
2928
2966
3016
2904
2954
3024
3054
3004
3086
3040
3142
3160
3172
3088
3058
3044
3004
3012
3044
3098
3184
3132
3058
3038
3020
2964
2966
2926
3020
2992
2952
2952
2948
2922
2974
2914
2966
2880
2916
2898
2864
2814
2804
2860
2936
3068
2916
2990
2926
2980
3006
2994
2998
3002
3094
3070
3080
3074
3072
3096
3080
3142
3038
3094
3206
3156
3138
3198
3132
3104
3136
3084
3094
3116
3088
3064
3070
3042
3072
3024
3056
3036
3000
2998
2908
2946
2970
3018
2964
3020
3136
3176
3200
3132
2990
2982
2992
3068
3052
3010
3012
2982
2988
3018
3016
2962
2974
2888
2956
2978
2966
2964
2980
2910
2876
2862
2772
2800
2826
2788
2706
2764
2810
2804
2856
2792
2808
2716
2672
2724
2868
2898
2816
2836
2896
2862
2802
2802
2812
2842
2798
2760
2634
2564
2482
2416
2526
2600
2634
2670
2702
2740
2734
2710
2716
2658
2616
2676
2658
2644
2628
2662
2626
2688
2586
2644
2602
2594
2630
2628
2612
2594
2668
2618
2738
2684
2636
2626
2652
2662
2670
2658
2632
2582
2520
2546
2524
2620
2494
2554
2578
2536
2566
2554
2534
2468
2426
2458
2476
2464
2420
2484
2588
2608
2656
2646
2606
2570
2642
2740
2718
2708
2670
2618
2668
2712
2736
2710
2670
2690
2756
2746
2750
2694
2716
2728
2670
2722
2802
2752
2770
2776
2760
2798
2894
2912
2910
2982
2968
3030
3078
2952
2864
2802
2876
2880
2820
2812
2824
2862
2874
2856
2872
2836
2938
2878
2860
2810
2826
2658
2604
2622
2662
2736
2734
2736
2708
2682
2718
2760
2742
2722
2708
2712
2718
2736
2796
2878
2828
2858
2866
2806
2696
2778
2830
2750
2742
2810
2862
2862
2808
2842
2896
2856
2840
2882
2884
2896
2822
2754
2720
2706
2710
2722
2732
2716
2788
2820
2816
2898
2854
2902
2890
2854
2800
2798
2786
2768
2826
2906
2942
2990
2990
2996
2964
3058
3070
3064
3042
3046
3052
3012
2880
2898
2942
2930
2796
2724
2812
2632
2614
2632
2652
2634
2686
2634
2662
2538
2586
2530
2480
2482
2528
2614
2608
2668
2586
2654
2680
2708
2712
2718
2750
2760
2720
2810
2782
2798
2812
2778
2732
2762
2654
2534
2650
2684
2730
2710
2784
2758
2730
2688
2576
2592
2594
2534
2554
2532
2552
2476
2512
2468
2484
2514
2468
2556
2504
2542
2556
2620
2494
2544
2494
2474
2404
2384
2352
2284
2308
2214
2298
2324
2304
2306
2322
2266
2342
2392
2458
2510
2436
2456
2396
2486
2436
2476
2418
2418
2426
2378
2412
2398
2412
2440
2412
2376
2408
2412
2436
2420
2470
2494
2498
2406
2404
2398
2336
2280
2236
2302
2302
2316
2252
2254
2214
2238
2262
2236
2200
2266
2270
2298
2234
2314
2312
2304
2422
2394
2390
2366
2356
2354
2368
2374
2346
2404
2482
2498
2512
2544
2532
2476
2460
2418
2476
2450
2444
2454
2444
2466
2450
2382
2448
2414
2390
2436
2556
2534
2610
2568
2572
2484
2564
2660
2556
2584
2566
2578
2584
2556
2654
2712
2678
2676
2726
2776
2766
2782
2804
2774
2748
2740
2706
2708
2652
2602
2702
2620
2624
2624
2654
2742
2598
2512
2632
2696
2724
2634
2692
2662
2604
2510
2528
2586
2538
2608
2592
2656
2672
2602
2604
2622
2648
2680
2730
2742
2792
2640
2672
2650
2702
2744
2716
2718
2760
2764
2704
2736
2804
2772
2858
2832
2836
2854
2884
2984
2956
3062
3112
3108
3086
3016
2994
2992
2982
3006
2926
2908
2896
2954
3012
2906
2938
2914
2944
3006
3094
2996
3040
3062
2988
2942
2952
2958
3042
3068
2936
2850
2822
2878
2802
2870
2826
2774
2798
2800
2714
2800
2814
2806
2894
2884
2866
2896
2944
2930
2896
2942
2950
2924
3006
2996
2924
2882
2922
2840
2890
2806
2776
2720
2740
2732
2690
2686
2716
2802
2844
2844
2790
2842
2782
2828
2820
2788
2728
2754
2682
2756
2772
2786
2758
2718
2722
2662
2634
2588
2460
2412
2380
2490
2518
2408
2532
2514
2528
2444
2528
2544
2564
2558
2566
2562
2580
2590
2656
2688
2774
2744
2632
2624
2630
2618
2644
2688
2616
2638
2680
2680
2672
2712
2690
2604
2634
2578
2672
2770
2738
2750
2774
2724
2680
2662
2630
2628
2600
2538
2582
2482
2556
2582
2684
2736
2632
2646
2682
2678
2654
2686
2696
2728
2712
2606
2634
2644
2706
2688
2718
2692
2562
2580
2528
2530
2526
2550
2532
2568
2540
2528
2466
2380
2414
2408
2404
2442
2418
2398
2426
2448
2462
2390
2492
2500
2506
2488
2492
2494
2474
2476
2334
2256
2318
2210
2220
2196
2132
2100
2170
2198
2102
1936
1924
1884
1852
1882
2004
1956
1918
1904
1948
1966
1980
1930
1986
2002
1986
1994
2018
1934
1928
2018
1966
1998
1972
1998
1982
1992
1962
1972
1962
1950
1854
1838
1834
1838
1904
1942
1942
1948
1920
1916
1892
1924
1990
1902
1978
1900
1796
1830
1794
1842
1844
1986
1952
1964
1898
1906
2026
2060
2042
2032
2068
2090
2052
2090
2166
2138
2146
2134
2182
2140
2102
2184
2254
2310
2330
2388
2342
2238
2210
2168
2174
2174
2068
2026
2042
2062
2118
2108
2108
2106
2126
2138
2160
2158
2104
2000
1976
2026
2066
2064
1980
1916
1966
2080
2054
2040
2048
2098
2080
2002
1944
1908
1898
1996
1956
1954
1988
1998
1944
1908
1948
1946
1966
1964
1946
1966
1964
1984
2020
1950
2020
2004
2022
2018
1974
2090
2066
2056
2038
2020
2112
2106
2080
2096
1950
1990
1960
1984
1994
1876
1940
1900
1826
1830
1840
1952
1952
1840
1832
1882
1872
1982
1960
1990
2004
2014
2036
2146
2078
2120
2128
2204
2236
2248
2312
2372
2332
2396
2412
2446
2454
2390
2434
2538
2590
2582
2554
2576
2548
2444
2420
2454
2520
2604
2616
2606
2638
2602
2682
2726
2690
2728
2808
2774
2750
2780
2900
2866
2956
2970
2924
2902
2916
2842
2840
2844
2792
2800
2810
2822
2900
2936
2948
2946
2942
2934
2914
2888
2922
2962
2984
2988
2936
2908
2884
2886
2842
2880
2826
2722
2734
2718
2656
2600
2648
2718
2668
2614
2672
2640
2636
2576
2560
2488
2448
2546
2534
2462
2594
2598
2638
2552
2490
2402
2392
2380
2388
2446
2448
2494
2452
2472
2518
2500
2614
2636
2678
2684
2762
2796
2848
2844
2902
2754
2786
2760
2724
2702
2614
2720
2624
2694
2770
2748
2664
2666
2622
2604
2578
2680
2588
2648
2708
2756
2806
2878
2840
2904
2848
2824
2802
2754
2706
2690
2686
2692
2652
2580
2636
2640
2660
2700
2616
2638
2642
2640
2590
2678
2706
2680
2704
2750
2742
2734
2630
2678
2676
2766
2682
2716
2646
2654
2696
2626
2604
2590
2572
2610
2690
2774
2724
2702
2686
2740
2768
2826
2870
2844
2820
2840
2826
2792
2820
2822
2828
2886
2900
2822
2768
2680
2686
2614
2686
2752
2698
2590
2694
2698
2666
2750
2598
2602
2684
2814
2824
2696
2626
2634
2642
2538
2630
2698
2688
2632
2488
2410
2296
2282
2284
2266
2214
2328
2300
2268
2242
2196
2250
2364
2480
2466
2450
2542
2612
2698
2656
2648
2686
2590
2592
2598
2538
2608
2496
2472
2554
2518
2538
2524
2440
2424
2384
2390
2388
2394
2304
2282
2290
2300
2296
2232
2194
2116
2142
2140
2058
2014
2024
2048
2082
