628
620
658
606
614
602
580
574
580
562
608
584
614
630
626
610
622
632
642
646
702
692
702
670
618
648
634
612
620
642
620
618
642
644
590
608
640
616
632
632
644
636
634
612
590
580
600
654
596
618
582
594
586
558
546
516
512
516
568
614
578
514
538
522
480
500
542
536
550
516
506
506
474
422
418
402
384
340
316
330
262
214
148
124
188
238
346
334
310
280
280
300
254
230
218
226
232
212
230
234
236
256
264
276
220
286
342
374
344
306
328
350
384
396
388
400
408
438
408
404
402
420
416
408
406
414
402
382
394
428
416
418
416
454
450
414
420
424
422
410
452
414
416
356
394
364
404
378
368
346
396
370
348
342
340
354
376
392
348
334
360
362
342
360
330
368
352
384
380
368
278
310
384
400
374
386
378
346
356
342
348
380
392
418
420
452
424
432
420
428
394
364
398
402
440
436
472
486
478
476
482
550
566
576
554
544
504
490
438
456
492
476
410
436
442
370
370
358
348
356
318
328
318
286
292
334
308
346
370
326
296
332
328
342
380
380
380
344
272
314
334
268
266
296
274
300
256
216
212
222
258
304
326
348
346
294
290
280
350
288
238
214
232
224
272
294
294
288
270
252
244
216
164
120
158
182
260
234
262
282
298
336
350
396
370
352
368
348
380
398
394
428
428
436
430
426
388
388
348
312
314
302
356
406
458
474
476
542
508
560
542
536
510
492
502
534
500
538
544
552
564
596
560
546
534
536
572
572
566
626
586
562
616
616
642
676
664
598
604
576
582
568
576
556
532
546
552
494
530
508
548
510
530
534
546
510
500
496
464
418
446
512
532
518
520
438
456
436
424
418
368
424
406
404
380
356
308
298
256
290
304
358
324
334
368
404
424
448
448
352
328
280
330
348
316
298
274
280
294
284
294
284
320
296
332
346
302
326
356
354
340
330
324
328
366
334
320
356
334
302
312
300
290
276
298
286
280
254
334
348
394
402
420
444
410
448
478
504
474
484
462
478
512
490
532
508
490
496
504
526
504
528
560
612
562
554
584
622
614
624
572
590
544
546
504
556
594
608
642
614
656
654
658
652
664
670
716
622
618
678
710
716
672
690
702
668
682
694
648
656
676
658
656
624
646
660
638
656
704
726
694
704
680
678
656
720
678
700
690
678
626
590
562
570
590
588
544
562
558
580
604
666
640
624
644
606
584
604
608
606
616
612
660
678
684
676
666
668
686
650
652
652
666
636
620
570
520
542
544
582
626
594
554
562
596
634
622
660
612
604
596
566
600
554
576
598
548
574
592
590
566
528
510
514
544
562
558
546
590
554
628
626
628
638
656
626
590
562
546
520
542
488
464
484
522
524
562
604
618
592
584
582
594
632
656
708
714
748
768
764
784
732
740
710
712
674
672
666
666
662
628
604
606
610
632
632
634
668
596
606
544
568
582
524
544
510
522
508
480
532
550
562
558
544
552
516
520
582
620
594
634
580
582
590
530
462
468
472
494
530
570
542
510
496
438
438
426
390
406
352
370
326
314
334
352
392
390
398
396
412
428
400
366
414
416
396
356
348
340
322
332
306
306
284
306
380
412
386
408
422
440
500
504
506
470
454
426
486
448
420
422
428
354
396
410
428
428
446
436
446
460
450
514
524
522
506
488
434
478
484
494
478
486
480
506
472
466
464
480
470
448
446
450
452
378
336
282
338
352
326
286
266
272
286
298
288
282
264
270
306
348
390
400
336
352
370
424
424
374
314
304
302
260
242
278
292
288
246
224
188
200
272
266
236
244
320
286
292
252
248
166
150
228
192
154
178
160
198
246
292
288
302
280
304
258
272
238
222
218
240
226
206
208
202
190
160
174
162
234
268
246
224
156
150
176
114
122
90
82
112
62
76
88
64
40
40
32
24
22
22
66
38
44
54
62
98
70
64
88
70
114
84
34
20
14
4
34
6
26
28
8
20
46
56
38
32
70
78
122
124
152
122
90
76
52
50
44
12
32
36
34
96
120
80
130
126
60
6
56
36
12
4
42
38
30
72
28
46
40
6
2
14
64
18
44
20
26
60
2
14
2
4
28
46
70
100
150
128
118
108
40
94
78
102
82
66
78
120
88
158
200
220
288
264
224
200
200
192
206
198
246
266
266
190
238
238
246
238
228
250
246
220
212
202
160
174
166
200
238
242
210
180
174
158
214
182
174
214
178
142
110
180
192
226
242
276
286
258
314
248
230
208
226
260
272
348
288
266
278
288
286
314
254
268
254
252
240
230
238
216
204
200
178
168
134
90
100
126
104
134
112
90
128
152
92
58
56
58
44
56
38
42
56
84
14
22
64
126
44
48
38
14
38
66
58
76
24
12
18
36
68
38
20
54
60
82
86
80
112
58
102
92
108
86
104
92
86
104
80
18
96
110
82
52
74
12
42
26
26
8
38
64
78
100
90
172
168
96
68
108
116
60
68
24
72
98
106
122
172
114
134
208
238
228
198
184
204
246
238
272
198
180
204
232
294
298
310
288
282
276
276
312
310
330
294
256
200
222
224
216
288
218
248
152
140
158
94
90
80
60
58
46
24
12
32
34
60
22
30
42
56
92
76
106
88
68
144
132
122
172
172
196
286
318
306
258
266
252
278
306
310
288
282
260
280
278
264
196
206
234
200
168
124
110
106
130
208
182
210
156
186
214
234
242
238
252
260
272
252
268
272
288
292
292
294
268
280
288
228
246
268
252
290
204
220
256
276
232
254
272
292
306
308
286
328
320
372
374
380
380
450
418
394
398
360
374
430
384
384
434
502
524
536
512
514
504
484
536
534
502
520
504
520
538
504
490
510
516
532
556
532
498
506
556
580
574
544
556
554
546
546
530
504
492
470
450
446
438
460
496
452
452
444
424
398
356
364
368
334
396
310
344
326
370
364
380
380
378
394
446
462
490
462
488
500
506
542
522
508
560
486
368
402
396
422
390
380
346
408
432
472
488
490
520
532
500
514
542
534
552
584
626
588
560
560
524
490
448
468
522
588
548
556
530
552
538
516
524
520
532
570
580
554
536
554
552
568
596
530
568
576
602
648
674
676
700
706
682
682
670
694
718
738
714
696
650
700
736
746
714
698
698
714
656
688
650
604
642
580
636
614
574
508
554
534
544
584
574
640
604
666
688
664
654
626
648
624
624
642
636
664
684
724
748
754
752
784
792
768
732
726
746
694
726
696
678
666
650
622
636
658
598
550
574
616
646
664
658
652
608
616
592
574
512
516
502
496
520
512
502
492
504
538
576
562
542
546
636
614
602
606
618
632
620
630
648
648
612
628
616
602
600
536
530
530
522
476
514
486
502
556
558
570
560
578
534
540
524
460
470
502
514
498
544
524
542
514
564
566
506
536
556
546
598
610
630
636
644
642
622
682
684
662
680
688
670
644
666
646
654
658
686
712
732
744
746
710
646
632
664
652
652
604
572
544
524
522
504
480
508
454
438
376
368
314
344
276
298
236
250
250
276
298
282
340
324
326
358
332
336
362
366
334
396
414
426
402
364
350
346
280
290
268
288
274
286
264
294
326
292
280
284
336
330
376
312
274
232
186
168
184
144
170
188
186
184
168
132
164
140
92
160
152
126
106
116
162
162
172
196
192
182
218
166
154
150
150
116
86
162
152
132
172
170
154
126
50
112
118
72
120
62
80
136
134
170
212
206
180
158
146
146
132
144
144
132
120
72
54
50
22
26
14
40
20
18
28
64
34
12
36
10
26
12
52
12
6
54
16
20
74
102
18
6
44
34
24
34
14
50
158
198
164
198
186
144
152
122
104
64
82
128
136
204
172
138
148
108
82
42
20
4
26
20
52
82
72
42
46
48
10
42
82
98
80
20
28
12
70
64
82
74
122
128
88
104
94
120
158
102
62
80
72
128
146
180
230
268
266
264
292
272
302
320
262
268
240
232
174
204
206
202
226
220
240
266
262
274
296
346
366
358
340
304
280
292
282
288
240
228
220
196
256
256
262
208
202
174
124
62
68
80
60
24
60
26
36
74
88
110
162
178
176
158
162
200
206
176
134
118
150
172
146
124
166
72
44
12
30
52
0
0
22
54
10
14
50
20
84
4
24
18
30
86
134
162
166
120
172
172
206
178
152
216
188
214
174
178
156
160
146
198
140
192
144
192
168
180
178
156
164
192
180
186
212
232
330
346
372
390
390
342
380
340
320
358
328
276
294
276
282
310
290
264
296
328
288
256
284
310
248
284
324
312
284
298
312
320
368
396
314
294
280
250
298
356
352
370
430
432
430
454
474
436
404
404
398
346
392
424
406
406
370
336
336
358
324
316
328
388
348
370
342
362
286
312
322
330
384
376
366
394
386
402
392
444
446
414
388
422
452
444
434
400
380
422
444
452
422
412
464
488
568
582
638
630
614
634
570
546
566
584
554
524
470
464
470
454
484
460
438
414
422
418
408
442
414
502
526
464
478
496
530
504
476
502
486
554
590
582
588
546
522
534
534
532
540
506
518
488
498
468
478
454
416
462
464
526
552
564
