430
448
464
454
388
436
428
426
436
478
482
460
432
424
390
372
408
402
420
418
444
378
430
420
398
422
424
442
384
364
328
302
380
370
416
398
434
476
488
480
424
390
356
356
326
258
240
254
276
246
254
238
194
244
256
224
208
238
204
294
284
264
240
188
206
238
216
222
274
216
200
234
204
206
210
154
170
244
206
180
176
132
160
144
120
168
238
226
198
160
176
176
176
188
196
210
246
254
224
268
206
220
206
190
182
238
286
306
346
402
424
398
414
374
444
442
422
414
402
346
330
288
320
296
328
310
282
300
338
336
264
300
314
266
280
284
326
360
372
372
406
366
314
322
394
388
428
472
472
478
480
472
508
436
446
430
386
390
408
450
510
524
586
538
518
510
522
520
466
444
412
414
446
472
404
418
422
458
500
512
496
490
496
522
554
530
558
572
568
584
626
646
662
592
626
552
604
562
574
566
556
618
628
646
624
602
654
682
616
662
660
646
662
682
700
714
714
654
632
622
598
602
572
584
528
504
520
542
514
542
532
528
488
492
524
530
540
518
512
534
544
546
514
522
576
504
464
464
426
430
418
444
446
474
458
476
500
516
422
402
392
392
364
418
428
466
480
450
488
542
522
506
500
502
470
448
384
370
372
412
462
454
334
362
352
340
326
358
326
312
280
280
280
250
192
226
288
160
176
176
182
202
246
208
224
210
238
266
210
252
258
264
264
270
260
224
236
190
204
192
254
276
220
250
262
236
206
236
192
238
278
276
256
250
218
194
218
200
222
234
198
214
214
188
166
170
198
162
194
214
130
122
150
130
162
222
248
260
266
272
260
254
204
188
134
124
94
60
30
14
2
8
34
20
2
40
20
78
122
146
166
204
170
156
160
146
150
194
180
160
160
182
198
286
364
338
402
358
312
302
280
248
292
298
292
316
326
300
232
224
200
200
154
116
98
106
114
128
62
88
24
12
8
16
56
44
42
66
126
116
86
86
36
52
68
58
44
36
26
4
2
20
48
24
10
54
70
42
92
146
172
206
196
216
238
208
202
212
212
172
190
150
124
162
156
242
300
354
348
314
348
370
344
340
354
322
298
338
396
420
408
414
434
402
424
414
420
402
428
430
482
412
448
466
464
460
436
440
446
472
500
558
630
624
616
608
604
608
612
578
500
524
546
570
574
554
578
558
534
560
502
492
502
462
448
414
422
470
488
478
472
428
478
474
444
410
400
434
448
428
562
604
608
632
582
628
568
510
460
456
456
510
496
520
496
500
460
462
468
468
502
484
444
440
444
450
428
398
434
420
436
384
390
366
398
340
374
384
400
388
348
324
330
330
310
326
362
398
416
438
434
436
448
500
472
456
464
528
482
476
498
480
492
518
520
462
382
368
382
408
432
440
422
420
392
362
344
344
346
364
368
340
298
292
322
306
246
292
278
234
196
278
314
310
394
384
404
410
452
414
432
414
462
456
452
460
472
522
572
564
544
508
494
518
572
570
596
624
650
642
624
602
550
566
530
518
466
448
386
410
384
370
364
356
352
318
304
264
284
198
216
234
276
306
360
326
338
340
332
376
340
312
370
302
370
392
480
418
412
386
430
442
464
464
444
442
564
536
558
526
482
510
486
496
530
514
498
450
440
422
376
372
386
376
394
410
450
460
470
486
534
532
528
556
556
572
598
622
640
682
720
720
746
792
776
746
756
690
718
686
694
718
718
708
714
758
750
736
728
734
752
668
634
594
618
590
586
590
586
542
550
534
528
552
476
518
526
520
504
510
488
476
528
572
542
526
556
560
578
622
588
598
608
620
578
592
584
552
570
568
510
504
492
542
466
526
528
578
594
564
594
618
644
638
660
668
600
626
620
590
538
496
496
520
526
474
480
502
484
478
486
444
476
496
470
512
470
448
420
384
384
338
400
436
378
378
362
364
314
320
302
302
316
366
382
340
350
388
352
336
322
318
270
328
358
328
356
318
270
300
274
300
310
316
332
352
338
312
286
276
290
284
238
254
276
212
162
166
182
170
120
64
114
126
196
232
208
164
116
116
108
140
162
196
198
188
132
110
98
94
90
88
42
80
84
136
132
168
160
176
152
216
236
228
214
260
246
306
352
356
374
344
392
376
296
266
244
262
296
262
296
312
336
356
336
294
318
280
240
264
270
224
176
140
198
196
176
144
144
176
178
184
166
126
114
180
124
148
162
164
166
182
184
176
168
150
112
112
150
128
144
118
132
128
142
150
208
204
234
194
242
212
204
164
188
140
88
124
136
100
78
12
10
70
48
120
170
212
224
214
198
242
254
218
188
220
198
210
150
142
106
74
90
114
134
176
88
54
40
10
42
94
86
58
110
114
76
2
72
56
0
50
64
82
130
142
116
110
118
122
200
186
194
200
192
146
152
138
154
166
130
140
166
192
200
244
236
254
230
252
274
274
234
222
202
184
194
212
228
212
222
188
234
240
234
182
178
204
186
216
216
202
180
134
152
156
154
146
132
128
138
176
172
178
166
134
100
36
40
40
40
36
58
74
68
128
108
118
146
124
112
54
108
128
136
104
70
74
82
92
92
84
90
86
94
68
84
96
70
88
94
46
34
18
58
88
136
94
90
98
82
70
80
80
88
76
32
16
10
8
44
32
24
40
82
130
110
146
70
28
56
26
70
42
76
76
2
32
44
68
52
0
22
56
48
6
12
44
44
114
112
126
100
86
86
116
134
140
182
180
174
192
126
130
154
198
208
220
202
166
178
158
178
198
218
218
272
248
250
290
350
340
356
342
386
386
410
430
480
496
460
452
414
390
456
516
480
498
494
464
504
516
456
504
470
526
542
554
540
508
508
506
514
488
522
534
532
536
570
588
606
578
580
612
622
596
632
632
666
674
652
626
594
622
650
640
642
648
670
676
648
612
634
616
636
636
600
574
538
524
522
518
534
512
542
570
578
610
570
554
586
662
618
608
548
548
564
536
536
530
526
492
480
540
534
520
476
470
452
468
492
534
550
532
530
530
498
524
488
444
460
494
476
502
580
588
568
562
568
554
598
576
548
582
604
582
584
570
576
588
622
638
604
564
570
566
586
594
598
586
574
584
552
534
524
568
614
624
612
616
618
662
622
630
594
576
574
528
572
576
628
628
632
660
692
714
664
650
646
634
644
640
646
636
668
656
660
668
640
636
610
578
586
596
544
532
558
540
558
544
538
524
552
538
560
584
540
554
572
604
590
576
564
538
566
542
530
490
466
488
500
444
418
426
430
480
460
446
418
380
316
328
294
298
230
292
266
256
234
266
286
272
318
320
272
230
258
246
284
236
270
272
246
308
344
284
274
324
348
336
268
234
206
206
152
196
222
222
168
104
134
138
128
172
164
206
188
162
204
220
262
324
300
238
218
232
236
298
294
298
220
220
220
198
176
208
236
262
294
262
292
322
286
290
298
314
314
292
324
356
316
330
350
374
384
346
314
266
232
254
166
208
180
184
164
190
204
228
198
216
278
266
276
262
236
290
302
224
278
232
230
210
230
296
308
308
316
354
368
330
350
376
406
390
382
362
338
336
300
266
296
258
250
196
164
176
150
106
120
120
164
74
52
26
48
42
44
30
34
50
48
50
88
90
148
164
142
102
132
108
124
64
114
88
48
74
118
158
126
44
72
36
28
22
16
8
18
8
50
12
16
54
44
66
66
124
168
248
174
192
204
232
242
224
238
248
302
322
386
442
394
370
368
366
432
404
372
260
276
294
264
286
286
250
324
372
310
256
306
236
238
200
260
282
336
260
266
278
302
320
348
336
396
440
398
384
354
316
316
330
326
266
252
234
270
276
288
296
314
356
366
324
340
392
352
370
362
362
322
318
270
290
288
324
336
378
366
326
282
264
282
250
310
296
288
336
280
274
288
266
222
268
252
274
298
320
244
248
320
250
268
258
228
220
204
186
222
244
268
240
220
250
224
306
304
286
304
332
350
258
246
256
246
298
282
340
346
354
364
284
296
240
218
204
266
228
264
286
276
220
284
272
172
194
194
188
192
220
230
266
250
246
286
258
242
296
232
274
242
262
268
254
226
236
216
202
232
292
244
286
296
294
300
338
410
434
442
428
418
396
420
408
450
462
470
464
450
456
448
484
512
506
518
544
528
502
492
462
432
402
414
434
430
418
472
520
482
432
374
396
410
420
436
446
466
432
448
422
440
434
422
462
442
408
360
402
412
432
378
306
304
358
348
326
308
300
354
340
332
310
286
252
230
234
192
190
266
226
234
234
142
118
84
68
50
130
114
154
138
136
90
52
108
94
90
40
48
96
150
108
102
56
58
52
12
20
32
44
56
126
130
164
152
202
192
182
180
218
242
290
300
296
290
326
334
288
266
288
210
166
96
152
110
152
170
166
160
136
176
94
66
112
124
80
24
4
10
36
8
2
48
86
72
96
86
12
28
50
40
22
6
16
8
10
100
140
142
194
202
226
208
210
236
282
210
194
196
132
200
156
178
112
106
58
118
42
62
58
14
26
24
4
6
30
10
6
4
2
32
58
