7796
7832
7796
7706
7798
7832
7852
7852
7818
7850
7824
7806
7910
7884
7832
7918
7856
7820
7766
7786
7732
7732
7688
7694
7670
7714
7652
7656
7708
7706
7694
7714
7624
7618
7638
7574
7544
7570
7660
7714
7742
7706
7752
7812
7838
7858
7890
7800
7664
7582
7564
7582
7730
7698
7734
7778
7718
7718
7784
7892
7872
7818
7752
7776
7714
7790
7802
7770
7768
7672
7768
7850
7894
7956
7828
7874
7848
7846
7776
7874
7744
7706
7840
7960
7996
7974
8032
7960
7902
7930
7962
7978
7864
7918
8018
7972
7948
7900
7924
7932
7848
7960
7920
8000
7970
7946
7916
7844
7744
7670
7786
7728
7882
7772
7844
7814
7706
7734
7784
7802
7920
7900
7922
7904
7898
7894
7970
8132
8048
8054
8110
8034
7942
7914
7930
8024
8014
8122
8192
8174
8126
8142
8136
8032
8102
8078
8048
8068
7962
7960
7838
7886
7926
7998
7964
7984
7906
7886
7854
7896
7914
7904
7976
8074
8112
8120
8076
8082
8046
8102
8010
8000
8022
7998
8056
7972
7948
7944
7948
7972
7964
7968
8024
7984
7890
7842
7854
7878
7880
7790
7880
7878
7834
7822
7780
7850
7946
7928
7940
7908
7814
7856
7880
7796
7826
7786
7954
7950
7904
7936
8038
7980
7896
7814
7850
7788
7778
7802
7830
7786
7750
7712
7792
7840
7908
7906
7830
7850
7916
7862
7910
7882
7824
7894
7878
7914
7870
7890
7868
7804
7750
7830
7782
7800
7778
7806
7744
7750
7812
7776
7710
7658
7700
7726
7778
7708
7772
7826
7856
7868
7898
7918
7870
7896
7860
7784
7800
7738
7764
7894
7854
7866
7832
7842
7766
7826
7902
7912
7982
7936
7888
7898
7820
7792
7870
7870
7834
7802
7680
7764
7692
7782
7716
7754
7808
7794
7736
7716
7834
7890
7808
7828
7902
7866
7944
7920
7912
7820
7906
7944
7866
7942
7986
7936
7892
7922
7946
7972
8038
8122
8010
8014
7906
7916
7952
8012
8104
8064
8020
8040
7948
7968
7892
7950
7866
7878
7912
7898
7910
7924
7960
8050
8100
8150
8114
8068
8072
8026
8002
8072
8052
8020
7958
7940
7852
7780
7890
7972
7994
7972
8008
7882
7930
7928
7952
7956
7954
7940
7996
8026
8028
8020
8070
8010
8000
8136
8148
8104
8086
8090
8074
8110
8130
8126
8054
8050
8072
7958
7938
8074
7982
7992
8050
8114
8046
7970
8022
8146
8132
8098
8182
8184
8192
8208
8204
8150
8138
8080
8112
8184
8136
8024
8038
8102
8030
8110
8032
8048
8052
8152
8150
8264
8316
8262
8218
8154
8212
8212
8134
8032
8108
8110
8086
8022
8090
8152
8024
8068
7994
7998
7978
8032
7942
8036
8002
8074
8044
8098
8084
8126
8164
8064
8060
8088
8136
8114
8062
8064
8042
8008
7932
7988
8010
7984
8108
8088
8114
8026
8128
8192
8240
8142
8094
8170
8208
8154
8166
8098
8128
8026
7986
8052
8058
8030
7944
7910
7980
7958
7902
8010
7992
7904
7986
7948
7916
7896
8022
7970
7926
7914
7850
7886
7976
7928
7924
7966
8032
7840
8004
7912
7858
7794
7842
7882
7788
7790
7874
7942
8020
7926
7910
7904
7886
7918
8000
7930
7852
7842
8026
8008
8040
8012
8070
8026
8024
7986
7938
7918
7972
7964
7952
7866
7932
7750
7732
7720
7668
7644
7584
7612
7738
7838
7796
7884
7850
7846
7830
7914
7870
7844
7932
7928
7928
7884
7836
7916
8000
7980
7954
7844
7910
7992
7912
7946
7928
7840
7832
7696
7742
7816
7808
7808
7690
7648
7724
7602
7660
7680
7634
7650
7624
7652
7642
7610
7578
7672
7562
7648
7656
7654
7626
7662
7752
7774
7804
7918
7862
7950
7882
7944
7914
7874
7952
7870
7906
7934
7924
7988
7904
7960
7882
7914
7990
7982
8030
8032
8084
8052
8030
8126
8170
8106
8132
8042
7986
8046
8070
7970
7986
7990
8014
7932
7936
8040
7992
8022
7982
7996
7994
8046
7998
8046
7964
7970
7966
7968
8092
8166
8152
8012
7928
7982
7944
8034
8058
8048
8098
8056
8056
8140
8150
8028
7876
7970
8056
8060
8050
8046
8144
8094
7982
7932
8064
8026
7956
8024
8002
7948
8042
8052
8092
8116
8066
8076
8100
8096
8154
8124
8072
8012
8072
8028
7954
7988
8100
8092
8032
8056
8174
8134
8212
8220
8132
8086
8066
7978
7968
8002
8030
8066
8032
8088
8114
8172
8194
8166
8234
8150
8120
8158
8138
8122
7996
8056
8006
8004
7990
8064
8010
8092
8058
8006
7940
7954
7910
7928
8014
8050
7942
7904
7898
7944
7862
7956
7898
7880
7860
7886
7894
7892
7868
7874
7918
7950
7816
7832
7844
7830
7894
7948
7982
7948
7972
7964
7954
7910
8004
7996
7932
7788
7770
7890
7974
7980
7974
7950
7978
7944
7940
7942
7984
7980
8032
7902
7952
7902
7922
7964
8020
8094
8060
8072
8116
8168
8182
8202
8208
8078
8124
8114
8144
8074
8042
7974
7838
7900
7998
8062
8016
8068
8160
8230
8314
8150
8172
8252
8224
8160
8152
8078
8092
8166
8280
8298
8268
8218
8128
8154
8144
8132
8156
8132
8114
7962
8018
8068
7948
8042
7952
7972
7982
7982
7998
7982
7970
7970
8048
8058
8020
8028
8002
7938
7852
7828
7922
7908
7956
7978
7904
7876
7932
8070
7954
7940
8000
8054
8130
8144
8072
8108
8078
8014
8030
8014
8080
8080
8106
8152
8066
8086
8058
8088
8018
7890
8000
8038
8042
8058
8080
8064
8004
7876
7962
7884
7910
7922
7978
8072
8058
8098
8042
7936
7960
7940
7986
7922
7976
7936
7948
7930
7876
7966
7992
7904
7858
7810
7796
7838
7842
7944
7956
8038
8106
8050
8054
7996
7984
8064
8074
8030
8010
7916
7948
7982
7856
7964
7886
7858
7794
7834
7766
7792
7884
7930
7900
7968
7926
7856
7784
7886
8000
8006
8050
8114
8066
8072
8066
8010
7918
7970
7920
7948
7992
7888
7924
7938
7930
8010
8090
8108
8012
8104
8108
8052
8068
8110
7996
7988
7968
7918
7994
8036
8034
8002
7920
7974
7986
7920
7856
7810
7862
7864
7862
7864
7836
7848
7916
7902
7962
8042
8054
8032
8026
8060
8008
8020
8002
8032
8010
7952
7996
7942
7960
8054
8132
8134
8012
7856
8060
8026
8038
7984
8054
8104
8142
8116
8184
8198
8120
8142
8114
8106
8134
8122
8058
8134
8214
8118
8046
7986
7798
7968
8032
7984
8084
7970
7850
7806
7874
7830
7854
7894
7896
7892
7868
8034
8022
8088
8026
7982
8054
8068
8134
8138
8128
8114
8156
8038
8100
8050
8112
8096
8038
8080
8036
8028
8040
7994
7988
8068
7980
7954
8022
8072
8118
8172
8164
8188
8196
8100
8052
7934
7840
7796
7914
7966
7992
7968
7848
7852
7826
7796
7826
7870
7876
7808
7812
7800
7820
7900
7872
7834
7788
7808
7852
7644
7764
7836
7920
7902
7918
7808
7844
7882
7932
7828
7818
7782
7798
7816
7754
7784
7676
7794
7844
7748
7802
7796
7772
7822
7852
7854
7910
7972
7938
7996
8028
8030
8026
8080
8022
8008
8018
8096
8094
7988
8040
8074
8050
8026
8004
8046
8094
8162
8056
8058
8014
8054
8068
7984
8006
8062
8064
8026
8020
7986
8004
8042
7944
7918
7942
7880
7894
7992
8138
8132
8038
8028
7978
8220
8188
8160
8134
8176
8256
8192
8190
8086
8058
8034
8164
8198
8178
8212
8172
8146
8164
8058
8052
7958
7902
7790
7876
7808
7786
7858
7934
8058
8088
8038
8030
8024
8002
7870
7880
7980
7984
8006
7964
8002
8106
8088
8018
8056
8118
8098
8032
8094
8112
8078
8104
8116
8144
8062
8138
8070
7918
7930
7932
8016
8034
7984
7918
8052
7972
8072
8056
8130
8166
8114
8116
8034
8034
8064
8002
8004
8052
8036
8016
8036
7970
7976
7934
7878
8026
7974
8006
8042
8088
8154
8158
8142
8136
8170
8200
8250
8224
8222
8276
8098
8142
8174
8108
8164
8180
8140
8112
8102
8026
8054
7956
7930
7944
8030
8034
8042
8050
8106
8042
8050
8086
8126
8168
8142
8198
8106
8098
8012
8032
8096
8054
7980
7970
7932
7978
8052
8036
8056
8138
8130
8136
8138
8096
8088
8094
8050
8102
8148
8152
8084
7936
8006
8014
8032
8010
8064
8084
8132
8184
8094
8070
8032
8052
8008
8102
8014
8046
8122
8194
8136
8130
8144
8036
8004
8016
7976
7944
7886
7856
7958
7988
8010
7986
8012
8064
8016
8014
8018
8022
8086
8038
8044
8056
8080
8062
8016
7904
7930
7902
7926
7996
7916
7904
7932
7972
7918
7928
7970
8020
8070
7990
8022
8046
7956
7948
7908
7998
8008
8034
8080
8008
7930
7902
7904
7898
7934
7976
7982
7958
7944
7994
8022
8106
8098
7988
8006
7958
8062
8036
8050
7988
8002
8058
8058
8068
7972
8058
8088
8060
8010
8098
8034
8110
8058
7950
7906
7974
7960
7930
7974
7964
8000
8006
8076
7994
7888
7988
7924
8026
8032
7964
7856
7934
7952
7900
7914
7960
7866
7900
7814
7806
7740
7792
7910
7906
7892
7862
7718
7752
7836
7890
7804
7790
7768
7720
7778
7836
7798
7854
7880
7896
7840
8024
8028
8004
8034
8130
8148
8028
8068
8012
7948
7944
7980
7952
7930
7970
7946
7960
7834
7822
7828
7810
7736
7812
7842
7818
7854
7758
7862
7912
7774
7778
7670
7772
7874
7888
7960
7998
7904
7970
8000
7948
7962
7972
7966
8004
8082
8064
8030
8048
8110
8208
8166
8046
7998
7996
8040
8058
8078
8036
8102
8048
8018
8010
8026
8074
8072
8054
8052
8084
8048
8064
8122
8064
8144
8088
8152
8086
8002
8046
8038
8092
8176
8274
8182
8062
8092
8132
8188
8228
8250
8230
8256
8188
8154
8194
8140
7984
7942
8052
8046
7954
7988
8046
8020
8088
8158
8114
8116
8128
8160
8182
8126
8032
8016
8064
8062
8056
8034
8028
7924
7974
7900
8028
8016
8088
8082
8078
8036
8060
8126
8164
8110
8116
8086
8106
8020
8014
8056
7998
7946
7986
8024
8032
8054
8066
8062
8054
8116
8182
8098
8180
8098
8056
8012
8036
7982
8000
7992
7928
7934
7930
7944
7954
7878
7896
7844
7858
7924
7940
7868
7988
8034
8068
8014
8014
8032
8048
8024
8034
7836
7928
7948
7982
7986
8034
7984
8000
7930
7878
7926
7952
7874
7924
7928
8052
7936
7928
7920
8012
8036
8032
8066
8028
8064
8012
7926
7920
8118
7992
8012
7952
7962
7980
7806
7808
7826
7950
7998
8048
8072
8064
8046
8044
7988
8062
8020
8074
8152
8168
8174
8124
8056
8000
8104
8064
8016
8076
8028
8016
7972
8096
8042
8068
8146
8132
8182
8184
8162
8232
8206
8260
8316
8294
8214
8206
8116
8134
8158
8116
8126
8062
8058
8060
8086
8112
8166
8148
8154
8150
8084
8136
8108
7996
7960
7974
7986
7872
7858
7860
7820
7818
7778
7784
7738
7786
7852
7756
7802
7834
7796
7760
7806
7886
7868
7868
7986
7938
7876
7718
7790
7866
7898
7776
7736
7726
7740
7664
7710
7752
7754
7954
7978
7956
7958
7882
7918
7936
7900
7918
7882
7964
7992
7950
7974
7950
8038
8010
7962
7982
7948
7950
8058
8052
8152
8114
8162
8198
8144
8182
8154
8154
8156
7942
7928
7916
7956
8092
8174
8230
8176
8156
8102
8120
8174
8044
8008
8018
7956
7896
7980
8000
7848
7898
7960
8002
7958
8000
7954
7978
8032
7998
7982
7984
8010
7910
7976
7884
7902
7974
8046
8020
8034
7992
8056
7998
7972
8038
8092
8000
7972
8008
7914
7960
7940
7868
7954
8008
8048
8144
8078
7990
8070
7944
7920
7998
8048
7986
7974
7976
8036
7942
7856
7854
7882
7810
7934
7904
7880
7852
7912
7924
7946
7906
7930
7982
7970
7944
7980
7942
7870
7836
7922
7904
7914
7986
7930
7852
7790
7926
7934
7906
7918
7984
8008
8000
8054
8078
8052
8064
8018
8034
8118
8056
8070
7968
7984
7994
7968
8058
7952
8020
7924
7966
8024
8048
8044
8122
8190
8028
7996
8024
8040
8016
8038
8052
8056
8002
7998
8002
8034
8068
8036
7964
8006
8016
8074
8130
8104
8060
8034
7928
7956
8012
7960
7968
7878
7996
7990
