104
72
94
70
6
34
8
30
140
26
48
50
24
84
34
18
78
22
8
58
84
128
48
24
40
136
166
204
222
154
188
186
24
80
22
94
334
336
216
202
126
96
196
132
110
66
298
364
376
388
410
632
666
656
630
574
456
382
396
226
324
426
398
374
418
344
306
400
320
238
212
70
170
224
332
494
646
634
590
598
530
568
606
592
758
638
522
532
690
792
690
798
852
1014
1128
1092
1018
1264
1346
1430
1454
1302
1374
1198
1330
1246
1154
1122
1196
1094
1122
1210
1306
1164
1094
1100
980
1112
1172
1114
926
936
890
1064
1064
1214
1212
1180
1258
1412
1304
1146
1270
1230
1250
1288
1320
1504
1522
1480
1398
1574
1554
1660
1588
1494
1364
1452
1498
1544
1626
1624
1554
1404
1428
1448
1374
1492
1574
1648
1578
1594
1460
1558
1578
1540
1602
1528
1530
1562
1552
1440
1382
1406
1246
1314
1322
1360
1306
1490
1466
1466
1440
1410
1294
1326
1114
990
948
1038
1028
922
976
884
942
940
970
906
934
1024
1102
1146
1166
1288
1294
1396
1546
1534
1622
1630
1656
1450
1470
1516
1468
1352
1232
1174
1012
982
964
1030
848
820
896
786
806
920
996
880
850
658
644
938
1036
920
836
788
746
512
618
452
304
460
472
538
358
408
406
394
432
388
392
460
434
302
350
440
416
344
370
264
192
194
172
308
182
228
308
300
232
204
342
196
0
60
24
98
28
96
46
84
102
12
210
84
148
126
226
168
96
90
212
78
38
44
88
18
76
312
144
28
180
180
182
346
220
296
268
354
250
322
382
312
424
496
428
192
84
168
242
196
230
208
292
414
546
394
422
354
460
510
612
502
578
560
574
524
290
218
76
22
90
258
20
134
264
304
362
370
268
138
134
66
222
416
506
626
612
470
560
476
446
540
470
336
274
464
524
546
480
590
402
468
534
742
724
748
726
546
534
520
560
578
586
404
294
436
430
282
278
378
430
446
362
292
188
222
286
312
160
80
54
74
18
114
70
26
66
72
14
6
274
202
106
208
306
316
426
580
450
414
408
518
566
536
446
640
640
486
564
558
472
480
440
396
362
360
320
184
118
56
68
70
176
236
162
204
92
22
154
278
330
404
432
518
404
446
576
658
694
786
968
1068
978
982
1000
1042
1074
1184
1168
1128
1242
1164
1164
1260
1304
1230
1146
1004
1050
1114
1238
1392
1406
1348
1366
1372
1484
1572
1588
1450
1464
1582
1714
1748
1774
1798
1770
1878
1824
1912
1772
1704
1722
1742
1880
2034
2022
2064
1944
1968
1998
1872
2014
1924
1768
1602
1538
1512
1528
1360
1228
1074
1022
980
1132
1080
992
1056
1032
1202
1034
1124
1132
942
902
798
812
678
694
644
690
728
704
712
774
786
612
632
650
774
706
526
406
532
584
458
336
342
364
336
536
410
528
524
552
638
678
754
686
936
980
1122
1190
1258
1230
1180
1170
1146
940
764
778
802
786
1032
1010
1040
864
898
888
822
664
560
568
542
604
648
572
538
568
438
736
788
770
832
966
962
1004
1076
1094
1138
988
854
920
822
874
900
878
860
754
718
924
850
902
928
898
878
778
776
800
762
544
626
598
780
818
724
520
494
532
626
688
668
382
460
498
358
304
220
302
434
462
398
266
342
422
416
348
506
508
556
482
362
492
500
536
370
298
154
178
52
76
8
62
38
110
24
40
156
94
36
54
62
94
20
70
136
102
90
210
342
338
474
416
448
506
320
352
310
264
188
82
146
138
90
260
394
450
502
442
428
496
506
522
498
500
484
458
578
558
604
806
918
938
986
1150
1194
1242
1214
1168
1032
898
1108
938
1018
1066
1110
1056
896
1020
866
734
780
866
1016
1084
1052
1132
1158
1260
1112
1064
1036
780
788
738
590
434
410
416
388
434
560
568
586
434
352
500
384
518
338
330
278
102
104
134
84
326
392
290
256
246
176
106
48
56
14
102
94
8
68
202
64
22
92
142
164
286
236
230
340
412
320
314
360
364
412
382
514
548
520
434
350
282
390
654
596
530
450
382
390
584
508
280
366
396
322
280
242
160
84
274
230
326
222
234
294
390
302
290
200
318
340
210
298
246
104
16
92
214
228
442
568
500
582
538
518
624
646
642
886
868
992
1068
992
1128
1024
1062
958
1044
1138
944
940
668
694
688
610
572
668
806
930
982
1080
1128
1064
1128
978
1018
790
802
908
932
922
792
806
692
754
450
430
174
266
272
186
146
126
134
136
130
220
362
332
352
548
482
362
260
166
86
30
70
172
244
150
6
38
72
2
72
366
406
362
292
118
350
428
424
352
208
202
232
254
198
178
96
104
60
4
70
40
126
46
80
84
74
124
284
138
290
268
262
160
154
270
218
242
102
4
150
76
160
212
76
2
26
60
4
122
360
296
228
156
352
366
392
450
384
198
286
302
324
326
408
468
504
578
618
370
262
178
304
380
176
68
176
180
154
120
106
24
4
86
268
250
160
166
210
28
14
8
92
110
10
46
34
52
52
78
16
6
54
160
118
122
292
474
520
392
386
382
218
430
586
700
456
348
370
136
426
490
370
256
124
94
52
168
210
282
280
274
292
370
614
658
818
896
790
554
738
850
892
1090
966
822
564
382
616
666
678
728
528
388
524
510
414
556
514
564
608
666
730
572
578
670
814
912
816
822
704
670
664
592
566
582
558
482
630
682
618
648
590
454
544
450
306
346
76
122
50
96
106
248
254
260
266
368
432
440
628
500
494
340
442
656
670
598
872
776
954
884
994
1140
1020
1070
1072
1016
1112
1090
900
982
734
788
898
856
834
736
978
1072
792
778
874
998
1106
1188
1194
1260
1122
1020
1030
1070
1108
1044
1066
952
1040
972
902
964
910
1024
1138
1068
1186
1166
1208
1156
986
1048
968
1038
956
938
1012
1068
1150
1184
1000
798
536
582
646
604
660
536
442
330
436
448
594
424
346
386
392
548
438
452
528
600
660
644
760
890
814
646
702
610
494
448
314
384
370
528
520
480
588
710
544
672
514
704
696
644
624
724
476
624
498
480
442
500
356
306
200
236
106
94
54
56
24
52
128
122
178
28
30
48
168
190
154
168
134
272
288
384
350
198
210
116
106
38
50
116
98
150
26
60
58
72
104
76
78
30
14
98
28
14
84
134
90
190
96
132
64
56
120
168
284
246
148
226
98
90
112
278
364
260
172
436
348
324
176
166
172
178
178
212
238
262
386
264
188
32
152
94
124
106
156
18
184
216
124
232
158
64
32
66
12
62
186
250
282
420
408
384
342
464
302
364
322
326
278
214
90
40
42
42
94
60
84
104
8
0
112
0
18
36
22
104
154
86
294
380
394
478
514
502
480
540
666
516
428
598
708
624
752
768
760
636
508
684
692
538
696
750
682
788
876
696
696
836
938
900
842
856
816
994
894
782
700
702
722
624
724
678
628
606
564
704
994
1028
1116
1038
962
816
790
854
774
740
746
648
414
486
576
388
446
482
574
584
614
374
344
392
276
310
414
444
344
244
216
294
210
252
254
344
366
444
310
344
492
428
464
350
390
440
456
488
624
738
660
634
728
786
736
880
940
964
842
712
498
464
444
330
300
128
68
100
176
222
166
32
62
0
80
2
40
96
16
150
2
144
52
40
78
108
70
286
382
228
188
110
130
180
172
250
166
434
394
198
146
176
134
248
62
78
142
124
226
450
514
476
536
522
236
116
26
138
118
58
72
112
102
266
226
340
430
414
270
438
608
736
530
544
418
436
530
564
656
826
778
876
1016
940
980
898
936
932
858
898
854
740
814
848
980
838
998
1112
1046
896
826
772
840
698
752
612
802
790
820
758
716
586
368
466
576
592
368
378
438
488
446
602
608
574
422
324
388
318
36
166
136
148
44
178
246
318
358
390
288
184
88
162
128
186
314
298
334
366
282
362
370
362
330
182
140
214
380
418
446
480
476
742
458
430
452
520
664
736
546
480
524
446
480
600
790
742
922
948
1072
1136
1054
902
804
932
638
538
444
312
562
300
266
218
116
226
324
330
300
206
340
462
468
612
624
668
808
814
752
550
610
526
652
642
614
550
748
696
742
732
740
910
850
826
652
610
602
464
378
470
436
418
356
344
394
498
590
584
732
670
648
632
736
680
730
690
634
524
576
420
372
374
392
430
566
268
272
162
114
216
28
32
0
16
154
102
74
282
348
248
336
216
108
226
272
324
332
308
324
368
224
328
240
408
496
798
926
896
762
698
538
396
450
328
120
70
178
26
96
176
130
70
120
112
78
168
274
198
258
270
110
54
144
210
142
338
412
524
452
376
470
370
310
286
246
318
126
60
52
14
70
162
82
326
412
374
460
514
264
260
208
258
304
264
190
244
386
312
308
184
160
254
524
446
296
226
214
464
450
548
578
490
554
584
620
740
742
824
902
902
914
990
816
812
944
1040
1018
1004
1018
1062
1048
840
810
858
926
984
914
994
1112
1056
1124
1240
1458
1480
1532
1438
1356
1376
1410
1378
1380
1468
1334
1452
1418
1260
1186
1196
1304
1250
1366
1444
1468
1492
1352
1422
1236
1068
974
1082
1250
1134
1274
1296
1250
1196
1034
1058
990
1018
970
968
862
906
944
1172
1260
1356
1382
1274
1374
1434
1532
1630
1524
1542
1546
1502
1622
1562
1566
1644
1748
1758
1668
1656
1838
1940
1920
1968
2022
2102
2050
2020
2044
1830
1784
1672
1376
1336
1338
1422
1546
1510
1370
1384
1290
1342
1320
1410
1384
1238
1172
1158
1402
1572
1524
1618
1550
1514
1386
1690
1704
1696
1732
1736
1550
1646
1614
1540
1544
1442
1426
1470
1386
1208
1114
1250
1154
1162
1140
984
1002
944
