488
498
550
582
550
810
828
744
756
738
732
726
770
816
914
748
690
658
714
728
712
588
510
390
330
326
344
276
180
210
160
342
458
522
532
322
406
338
454
378
332
378
456
338
290
388
434
406
414
476
446
484
410
456
448
574
602
432
532
388
372
416
444
470
488
462
542
558
766
850
908
916
948
1060
1004
1068
1018
984
1018
1102
1122
1212
1224
1182
1064
1040
1224
1214
1214
1100
1072
1154
1130
1126
1068
1080
984
900
940
1084
1254
1326
1518
1608
1580
1566
1522
1652
1484
1480
1298
1326
1234
1038
1194
1230
1342
1448
1392
1412
1466
1518
1544
1470
1506
1390
1372
1388
1446
1478
1510
1566
1688
1710
1732
1670
1674
1666
1632
1628
1572
1498
1410
1442
1378
1420
1386
1328
1264
1278
1318
1404
1352
1348
1382
1414
1410
1454
1440
1656
1562
1602
1692
1648
1654
1612
1548
1484
1514
1566
1438
1502
1506
1618
1572
1658
1562
1532
1626
1732
1816
1776
1716
1562
1554
1700
1648
1590
1672
1720
1792
1884
1970
2024
1994
2022
2076
2060
2102
2016
1992
1972
2040
2128
2192
2266
2290
2386
2448
2404
2396
2378
2200
2246
2284
2272
2222
2212
2176
2342
2480
2334
2368
2368
2400
2566
2562
2604
2546
2624
2718
2736
2752
2738
2694
2628
2630
2702
2584
2582
2570
2380
2446
2386
2380
2356
2424
2452
2600
2546
2658
2680
2448
2556
2486
2470
2414
2332
2276
2206
2212
2082
2132
2112
2218
2142
2056
2098
2066
2112
2152
2292
2336
2244
2216
2182
2116
2194
2378
2260
2300
2120
2116
2110
2064
2080
2078
2138
2070
1996
1936
1924
2126
2072
1960
1950
1914
1916
1790
1824
1912
1864
1656
1536
1414
1372
1400
1408
1458
1496
1652
1596
1772
1778
1844
1750
1596
1468
1538
1484
1476
1510
1694
1658
1496
1690
1614
1724
1696
1796
1920
1920
1928
1884
1748
1782
1688
1696
1634
1664
1688
1710
1614
1666
1778
1826
1930
1938
1932
2006
1896
1806
1738
1748
1640
1758
1786
1682
1686
1630
1780
1864
1716
1712
1534
1636
1546
1484
1512
1618
1668
1578
1656
1514
1498
1462
1496
1466
1476
1648
1498
1380
1352
1260
1314
1202
1228
1150
1088
1134
1038
1090
1150
1174
1216
1190
1200
1344
1254
1098
1020
1016
1156
966
944
828
858
768
690
712
628
500
626
596
674
736
776
762
790
846
900
916
938
994
1090
1078
958
1104
1062
1090
1106
1184
1260
1266
1222
1250
1228
1162
1064
1020
1140
1152
1146
1094
1182
1350
1404
1322
1276
1264
1226
1182
1102
1014
1028
1070
1198
1226
1270
1246
1198
1144
1108
1112
1044
974
1044
978
1016
962
1098
1030
1088
1246
1122
1128
1130
1060
1042
988
836
890
868
1008
900
924
826
770
818
756
696
820
788
730
804
824
948
988
1026
884
900
802
924
988
964
896
876
842
862
832
850
726
658
874
1052
1140
1172
1032
1002
1012
990
1062
1132
1166
1024
1210
1220
1274
1364
1426
1366
1368
1508
1546
1568
1538
1304
1490
1406
1414
1464
1410
1450
1450
1430
1538
1484
1544
1624
1570
1614
1590
1636
1648
1654
1546
1408
1550
1552
1456
1404
1424
1286
1334
1420
1378
1324
1298
1326
1266
1314
1330
1300
1442
1556
1492
1378
1324
1236
1262
1270
1230
1120
1200
1194
1136
1094
1090
1100
970
872
870
1042
978
1050
1034
1058
958
848
886
938
1052
1046
1120
886
780
702
824
826
628
644
654
458
498
806
672
656
664
738
744
730
754
936
910
1042
940
778
800
630
644
574
674
700
710
736
834
974
956
986
1012
984
1076
1108
1094
1164
1146
1020
884
786
912
926
862
944
1036
1062
912
754
896
912
1002
948
890
1000
810
946
1010
900
880
956
976
898
898
854
916
980
1006
1116
1150
1232
1120
1224
1246
1200
1286
1308
1158
1194
1164
1248
1294
1350
1270
1088
1278
1364
1288
1362
1426
1204
1232
1216
1202
1252
1390
1356
1276
1296
1206
1306
1406
1346
1360
1250
1184
1384
1350
1388
1356
1280
1286
1252
1230
1250
1294
1240
1256
1378
1492
1610
1548
1412
1558
1402
1346
1210
1256
1238
1348
1282
1386
1574
1488
1290
1488
1390
1456
1494
1554
1688
1616
1654
1534
1480
1424
1412
1308
1262
1204
1098
1012
1002
1140
992
872
980
1018
996
1050
1102
1286
1362
1276
1418
1470
1512
1526
1564
1454
1578
1662
1716
1730
1610
1538
1694
1566
1402
1456
1370
1314
1312
1480
1536
1360
1516
1584
1562
1464
1602
1474
1438
1422
1362
1520
1468
1666
1538
1584
1448
1512
1534
1588
1644
1622
1538
1544
1398
1370
1494
1432
1368
1524
1480
1498
1372
1556
1502
1494
1576
1484
1434
1402
1374
1372
1354
1420
1474
1492
1504
1500
1390
1430
1282
1332
1180
1036
1018
1034
1296
1308
1140
1090
1024
990
850
786
758
600
618
686
580
746
548
530
384
362
376
402
366
484
354
414
326
372
222
140
78
32
70
84
196
242
302
236
274
256
312
242
232
94
6
136
108
180
180
162
76
112
146
116
56
74
160
122
160
252
110
160
312
408
386
432
494
624
600
530
628
524
604
560
566
516
648
362
386
476
600
632
792
826
762
752
702
664
802
860
798
862
994
1024
1094
1044
1236
1254
1344
1252
1224
1250
1206
1044
940
924
882
860
888
970
1036
956
1006
930
716
640
604
636
696
702
716
700
888
940
994
860
866
860
888
874
960
1008
1032
1128
1230
1332
1272
1298
1336
1386
1460
1378
1518
1470
1594
1552
1478
1500
1538
1666
1770
1772
1642
1632
1662
1520
1328
1414
1434
1510
1462
1318
1274
1422
1504
1556
1522
1496
1490
1554
1512
1384
1586
1740
1682
1656
1578
1450
1344
1430
1452
1432
1432
1346
1396
1492
1620
1522
1542
1468
1418
1450
1310
1216
1318
1314
1318
1244
1238
1120
1080
1116
1064
1094
1144
1146
1270
1278
1168
1200
1110
1116
1174
1154
1148
1226
1214
1194
1074
1170
1284
1192
1314
1370
1298
1160
1154
1300
1162
1166
1144
1260
1320
1356
1408
1486
1500
1724
1838
1822
1650
1674
1668
1552
1764
1710
1664
1726
1872
2002
2086
2108
2144
2214
2196
2160
2146
2092
2198
2138
2272
2250
2390
2364
2342
2352
2470
2470
2646
2714
2714
2626
2620
2524
2542
2434
2430
2324
2454
2474
2530
2478
2600
2688
2740
2576
2526
2546
2596
2646
2878
2766
2656
2812
2900
3038
3014
2880
3022
3058
3210
3288
3234
3296
3392
3356
3358
3390
3218
3204
3084
2930
3092
3146
3110
3112
3074
3186
3336
3488
3678
3552
3686
3620
3674
3794
3840
3722
3644
3578
3632
3750
3874
3844
3828
3714
3586
3522
3480
3384
3386
3488
3504
3544
3410
3366
3356
3422
3348
3528
3564
3592
3770
3828
3622
3574
3580
3526
3680
3648
3592
3522
3408
3436
3432
3464
3580
3578
3480
3402
3374
3416
3516
3500
3452
3470
3462
3420
3494
3560
3622
3720
3768
3878
3884
3996
4002
3962
3974
3992
4060
4152
4138
4062
4090
3904
3912
3980
3968
3952
3908
3974
3900
3770
3596
3656
3730
3656
3726
3724
3718
3666
3556
3664
3628
3660
3534
3642
3592
3700
3710
3658
3816
3760
3816
3990
3960
4084
4050
3838
3664
3508
3486
3358
3380
3336
3566
3534
3750
3686
3824
3814
3816
3820
3902
3828
3798
3906
3880
3948
3992
4082
4132
4056
4066
4052
3996
3940
3776
3854
4012
4010
4060
4100
4072
4062
4144
4162
4152
4170
4176
4132
4134
4208
4300
4306
4434
4336
4396
4420
4354
4304
4240
4234
4268
4282
4308
4352
4340
4280
4146
4180
4098
4000
3942
3928
3868
3828
4102
3950
3978
4114
4078
4264
4166
4120
4156
4250
4178
4308
4452
4390
4552
4506
4472
4510
4592
4528
4576
4590
4584
4580
4430
4532
4670
4650
4530
4526
4500
4386
4426
4436
4464
4520
4346
4352
4472
4412
4440
4448
4524
4538
4622
4454
4532
4512
4588
4586
4580
4538
4600
4782
4802
5040
5072
5078
5072
5048
5004
5100
5162
5016
4964
5002
4922
5042
4996
4976
4922
4938
4960
4978
5004
5116
4996
5050
4986
4878
4732
4962
4862
4680
4736
4704
4752
4594
4584
4548
4522
4708
4844
4878
4882
4922
4968
4992
4932
4938
4912
4902
4926
5086
5138
5128
5316
5350
5208
5278
5200
5174
5294
5358
5158
5026
5140
5226
5188
5176
5242
5260
5274
5188
5096
5272
5194
5074
5020
4926
4942
5004
5118
5274
5104
5016
4884
4714
4686
4756
4854
4874
4732
4800
4770
4586
4650
4654
4562
4520
4588
4408
4296
4234
4306
4210
4272
4348
4416
4562
4552
4406
4498
4414
4364
4406
4418
4514
4438
4566
4738
4660
4742
4870
4906
4814
4804
4942
4874
4690
4760
4914
5000
5034
5180
5042
5120
5092
5082
5004
4930
4930
4778
4906
5056
5248
5082
5028
5060
4948
5012
5002
5024
5116
5060
5004
5066
5004
5004
5072
5280
5252
5246
5256
5204
5238
5220
5214
5180
5264
5180
5086
5118
5076
5048
5056
5038
4926
4834
4828
4808
4822
4854
4838
4840
4898
4882
4788
4790
4776
4722
4786
4744
4710
4616
4542
4534
4566
4626
4636
4612
4578
4656
4586
4630
4580
4586
4566
4580
4500
4510
4452
4424
4458
4394
4498
4542
4596
4466
4408
4380
4316
4172
4210
4206
4050
4008
3924
4032
4076
4078
4104
3910
3962
3850
3750
3824
3842
3916
3826
3934
3912
3784
3654
3744
3916
4104
4058
3990
4222
4204
4158
4170
4180
4034
4040
4142
4200
4080
4068
4018
3950
4004
3894
3924
3992
3950
4012
3968
4012
4014
4006
4048
4014
4100
4058
3974
4024
3978
4008
3936
3768
3788
3904
3910
4006
4064
3978
4008
3998
4122
4178
4210
4194
4166
4280
4290
4244
4324
4222
4210
4116
4044
4062
3920
3888
3980
4062
3992
3998
4218
4132
4166
4086
4028
3910
3910
4060
3966
3910
3838
3900
4030
4056
4070
3984
4094
4074
4054
3974
4070
3976
4000
4078
4040
4184
4268
4210
4242
4150
4216
4258
4140
4220
4288
4170
4226
4234
4128
4138
4134
4138
4200
4144
4168
4284
4238
4406
4422
4414
4292
4276
4214
4236
4260
4306
4006
4052
4068
4086
3966
4054
4016
4104
4064
4220
4284
4384
4306
4138
4252
4266
4138
4212
4238
4380
4280
4422
4562
4720
4716
4546
4620
4548
4598
4560
4662
4676
4634
4658
4612
4542
4528
4582
4616
4588
4526
4488
4486
4510
4522
4516
4496
4548
4512
4580
4504
4310
4376
4304
4230
4240
4290
4198
4152
4076
4050
4074
4038
4186
4044
4090
4192
4034
4164
4118
3986
3922
4084
4248
4188
4186
4114
4064
4152
4186
4246
4212
4190
3952
4030
3996
4036
4016
4028
4130
4292
4376
4394
4270
4238
4256
4314
4352
4374
4362
4292
4270
4320
4338
4396
4478
4572
4570
4542
4362
4186
4300
4352
4438
4304
4170
4062
4094
4130
4138
4150
4162
4128
4014
3908
3896
4076
3950
3994
4008
3948
4016
3990
4022
4028
4126
4214
4238
4250
4120
4148
4132
4124
4102
4104
4092
4124
4158
4172
4072
4050
4032
4136
4062
4248
4140
4058
4040
4038
3934
3928
3762
3788
3724
3796
3820
3766
3798
3774
3722
3738
3740
3796
3648
3586
3470
3438
3422
3412
3554
3666
3546
3598
3492
3550
3438
3322
3202
3224
3278
3154
3050
3030
3098
3186
3180
3076
3164
3304
3302
3228
3186
3312
3296
3384
3388
3366
3148
3254
3208
3220
3132
3088
2956
3052
2960
2908
2976
3068
3036
2946
2894
2926
2854
2918
2978
3134
3144
3206
3236
3086
3000
3052
2872
2994
3146
3264
3232
3360
3332
