264
324
304
288
278
288
258
290
282
246
250
180
238
256
236
222
264
254
226
308
340
330
324
410
402
420
414
440
408
436
450
408
416
434
428
406
342
314
352
352
414
420
404
432
400
358
366
392
392
326
420
428
378
386
308
312
328
302
310
332
358
286
244
266
236
232
204
188
154
176
144
166
132
218
164
172
138
144
216
254
240
158
184
188
180
214
202
200
174
230
240
200
216
316
326
248
196
210
140
150
112
118
88
112
114
84
124
136
138
162
132
96
152
164
200
146
138
92
110
186
178
224
222
196
208
178
152
180
170
146
140
140
140
114
136
106
94
78
62
82
114
156
118
92
54
72
60
88
18
8
34
12
28
60
70
122
148
202
176
184
184
158
130
128
122
182
162
188
196
138
154
184
240
246
228
220
200
186
186
138
80
132
116
124
120
124
112
134
142
180
156
114
72
130
186
214
216
260
330
322
306
308
278
308
316
336
360
366
360
344
384
412
418
372
370
368
392
392
440
432
396
376
346
354
374
392
380
372
374
372
316
324
348
350
372
358
366
366
376
436
438
398
434
480
490
448
432
418
416
392
412
468
480
442
438
376
418
362
368
362
348
326
332
378
372
386
438
426
440
410
408
400
384
440
396
366
426
460
452
454
404
422
444
514
492
504
464
492
514
504
490
484
460
440
472
482
452
440
436
458
502
518
528
522
544
572
598
620
664
704
704
690
712
674
644
594
602
594
598
608
570
516
534
486
438
460
418
414
464
440
480
460
470
476
462
456
398
464
420
438
482
470
508
490
426
340
336
346
318
290
326
338
320
252
228
226
224
218
230
270
262
270
244
208
228
150
86
134
200
208
192
180
188
64
62
78
102
80
122
160
114
94
126
140
142
172
154
150
156
162
230
184
226
252
216
234
280
300
324
316
322
308
336
328
366
364
390
368
398
368
362
324
338
296
260
270
310
332
316
372
412
394
410
362
450
488
524
520
436
438
404
380
410
434
442
466
446
378
428
438
412
414
454
484
442
480
446
468
468
484
508
540
534
518
480
454
456
450
458
450
486
472
476
454
438
396
334
340
332
318
350
324
312
340
326
276
266
232
224
218
200
166
194
198
124
58
54
110
86
72
100
106
96
146
86
80
62
76
136
148
96
54
30
42
80
114
134
218
200
210
178
124
134
92
70
88
94
78
70
84
122
120
118
112
60
66
80
90
110
70
80
96
44
98
156
154
142
148
116
182
188
150
172
192
188
98
126
112
124
160
104
92
90
94
114
136
112
58
86
110
166
210
242
242
290
272
254
286
266
292
258
264
284
346
358
336
342
294
250
268
252
296
322
332
340
336
356
404
422
412
448
480
548
528
578
566
554
562
504
522
508
496
534
590
602
624
570
586
592
572
482
456
444
378
368
334
354
340
314
282
266
296
274
296
342
372
336
342
322
302
312
378
362
362
412
400
330
362
320
380
424
382
382
394
376
378
384
418
470
450
410
378
404
418
388
410
420
390
378
360
320
282
270
300
306
322
314
370
300
312
366
338
340
334
326
322
350
338
352
392
422
458
460
424
482
498
516
504
490
464
502
440
408
390
394
394
452
444
502
466
518
512
558
532
492
484
468
494
470
444
466
392
374
388
328
334
304
304
322
260
254
292
310
326
296
292
288
262
260
262
302
310
340
356
348
316
298
278
240
236
226
262
214
198
186
206
226
202
144
154
200
254
264
288
328
300
230
274
182
96
130
136
152
136
174
230
272
288
298
260
288
286
344
348
340
322
304
288
274
294
302
256
266
222
198
138
122
136
150
128
114
120
86
96
134
114
106
118
106
114
124
76
44
38
2
12
46
74
70
84
56
28
44
88
160
106
58
18
10
24
24
2
34
52
96
122
112
114
10
40
88
122
90
96
72
72
122
48
30
22
60
20
58
60
106
82
132
126
142
146
148
142
110
84
88
58
62
126
122
94
60
54
52
10
10
20
52
50
52
70
78
22
32
32
32
66
128
128
112
124
154
114
102
96
116
110
132
196
176
152
174
192
210
168
166
164
96
56
46
44
12
32
102
60
100
136
148
148
172
164
166
134
128
210
196
150
146
96
150
124
88
134
136
140
148
160
94
62
82
58
140
60
42
28
74
102
52
50
114
148
132
118
88
98
74
84
104
56
30
90
116
128
112
46
6
66
2
38
44
84
100
104
118
170
136
84
68
26
12
50
78
98
98
58
100
76
62
80
34
22
12
20
58
76
46
88
20
10
48
104
54
8
36
78
10
30
12
20
52
34
60
56
68
100
122
130
124
124
82
42
20
32
26
14
44
98
72
118
158
196
162
198
158
170
112
108
84
30
30
48
62
22
42
26
74
54
12
34
78
80
90
126
116
50
32
60
140
148
146
162
188
236
210
180
184
204
256
194
154
126
130
116
126
134
158
210
226
176
198
220
184
172
182
170
150
150
144
190
146
160
186
174
174
174
186
156
242
300
310
332
318
390
422
406
424
360
388
370
360
270
316
288
290
330
290
290
336
332
288
306
320
314
254
226
222
168
162
138
170
216
276
256
264
228
240
268
292
334
312
282
254
292
286
308
284
344
334
346
346
330
344
300
298
268
284
270
256
264
290
358
362
382
346
382
392
382
350
392
350
330
324
302
318
264
264
232
224
196
194
234
234
222
270
270
270
218
252
268
280
246
248
294
314
366
350
368
376
396
342
346
344
352
360
338
348
360
346
284
300
310
222
226
256
214
200
212
218
216
216
254
204
172
152
150
240
226
224
248
216
184
228
174
140
114
128
124
148
194
210
200
246
222
202
210
200
190
192
232
216
268
278
262
246
254
200
210
198
180
164
150
100
4
32
98
126
146
166
140
122
192
180
226
264
290
308
256
262
224
234
190
162
170
164
150
146
170
116
176
102
82
24
22
8
24
16
4
12
58
30
4
12
22
30
36
6
34
88
110
106
102
156
148
136
138
120
158
96
132
128
198
214
212
196
162
160
166
208
162
166
190
120
90
154
160
138
116
122
100
102
90
130
114
98
92
34
42
36
56
38
84
138
166
156
104
66
118
118
92
44
132
110
94
68
60
74
118
86
68
38
64
124
188
204
168
144
120
62
60
40
62
36
14
6
6
20
68
82
40
48
58
48
60
28
14
8
14
80
110
116
26
12
52
38
70
2
2
4
40
14
50
18
60
86
72
86
92
96
100
58
88
104
78
94
146
140
132
112
148
148
182
130
72
106
104
98
64
44
38
6
6
44
118
96
62
72
30
32
32
36
44
24
6
74
12
30
70
92
90
136
144
162
200
182
156
136
156
194
160
178
124
106
88
88
62
80
130
126
70
74
6
54
94
146
108
52
44
56
0
10
10
70
86
76
134
132
124
138
142
114
86
18
30
68
44
28
58
30
32
26
16
8
46
48
96
82
90
88
48
52
42
102
80
48
66
92
60
66
62
54
106
114
122
110
92
112
104
92
92
58
22
50
64
6
12
36
64
72
20
0
110
106
116
130
90
86
106
132
160
202
180
196
222
226
260
210
230
206
196
222
232
208
240
264
300
306
294
230
248
280
256
196
142
262
248
216
210
214
186
232
246
218
218
208
232
248
192
142
130
138
216
248
222
218
196
216
194
234
186
208
214
202
160
208
188
186
116
122
154
200
232
250
298
278
284
312
338
286
236
306
274
240
268
300
334
304
262
232
254
296
238
260
320
250
248
272
294
238
244
248
244
188
218
224
250
238
228
182
276
240
232
252
274
262
276
274
302
380
408
442
394
364
410
434
422
454
476
508
466
484
462
440
414
442
500
524
516
576
610
616
662
626
648
646
644
684
640
634
634
614
596
588
604
550
580
602
600
598
622
626
612
584
606
586
592
544
560
610
642
610
630
606
600
628
664
690
700
660
672
652
620
586
550
518
530
488
528
590
580
566
546
514
518
520
554
602
648
670
652
586
572
582
618
590
622
626
628
628
660
648
602
604
662
618
622
598
564
542
518
510
472
508
530
518
480
472
464
422
414
442
440
420
446
448
414
394
416
380
368
326
360
360
354
396
420
482
488
552
496
480
514
502
534
540
510
552
546
548
540
506
498
472
474
508
504
518
492
502
548
564
578
578
632
598
592
552
540
552
540
540
486
504
460
468
378
374
380
366
344
306
258
254
226
198
202
152
124
164
140
146
154
158
140
158
188
154
126
72
34
20
38
36
36
102
160
92
100
134
162
138
188
230
232
184
196
138
128
122
112
86
104
108
122
92
92
180
198
180
194
188
244
144
128
144
92
106
104
138
116
150
142
132
92
136
154
178
140
192
224
232
196
228
242
218
216
202
234
224
202
168
176
210
236
300
312
326
324
318
306
310
320
298
302
262
306
342
332
270
328
320
348
350
350
364
368
368
382
412
352
370
372
424
430
430
410
386
400
424
410
432
380
436
428
448
460
442
422
382
350
348
306
244
242
198
242
202
208
204
242
180
140
146
164
138
94
6
28
28
18
22
48
56
86
116
186
220
244
240
242
214
290
260
278
232
202
238
198
198
208
234
228
