7890
7920
7856
7864
7970
7944
7882
7948
7984
8010
7994
8056
8038
8134
8030
7980
8030
7996
7922
7922
8122
8104
8092
8110
8174
8166
8188
8260
8246
8166
8074
8016
7964
7896
7938
8042
8020
7922
7974
7842
7846
7812
7776
7818
7848
7892
7926
7814
7764
7746
7836
7806
7768
7752
7696
7864
7770
7822
7864
7932
7942
7910
7904
7974
7918
7956
7986
7946
7976
8016
7986
7946
7970
8006
7990
7904
7858
7894
7824
7882
7828
7814
7778
7678
7590
7608
7618
7682
7720
7728
7658
7750
7760
7880
7908
7878
7938
7888
7888
7898
7766
7756
7762
7904
7896
7950
7952
7936
7958
7972
7972
8068
7968
8030
7980
7990
7960
7912
7826
7862
7832
7834
7812
7830
7912
7874
7932
8002
7974
7990
7934
7980
8018
7952
7940
7944
7918
7954
7866
7850
7952
7922
8044
8026
7996
7864
7850
7834
7816
7822
7888
7810
7882
7916
7822
7822
7876
7940
8060
8090
8032
8106
8134
8012
7944
7942
7946
7970
8094
8028
7936
7858
7832
7940
7932
7864
7898
7932
7894
7912
7800
7758
7682
7674
7698
7618
7602
7658
7672
7740
7722
7800
7796
7814
7870
7854
7886
7978
7932
7824
7904
7936
7988
8012
8094
8114
8030
7938
7950
7986
8036
8110
8090
8102
8086
8026
7994
8036
7998
7962
7994
7952
8000
7990
7896
7968
7972
7938
7914
7984
8000
7952
8022
7940
8010
8034
8038
8030
7924
7962
8024
8116
8084
8012
8002
8048
8036
7962
8038
7968
8024
8042
7982
8010
7954
7926
7986
7934
7894
7980
7950
7984
7982
7962
8010
7934
7916
7982
7996
8022
7896
7936
7874
7866
7946
7864
7810
7852
7790
7914
7932
7986
8008
7924
8004
7972
7940
8010
8142
8072
8126
8144
8094
8076
8024
8114
7994
8010
8036
8066
8180
8140
8110
8152
8220
8168
8116
8070
8122
8094
8024
8058
8194
8166
8216
8178
8126
8116
8050
8116
8046
8034
8082
8108
7994
7966
8038
8054
7970
7954
7908
7990
7986
8016
8048
8000
8126
8126
8012
7980
7946
8032
8046
8092
8058
8060
8012
8086
8024
8026
8068
8008
8022
8050
8020
8060
8052
8084
8104
8124
8018
7954
7878
7860
7794
7866
7894
7854
7858
7944
7902
7892
7854
7966
8048
8066
8144
8036
7970
8012
7996
8008
7942
8008
8148
8040
8016
7914
7902
7974
8024
7994
8018
8106
8200
8196
8216
8202
8250
8194
8168
8098
8132
8074
8094
8070
8118
8072
8120
8272
8228
8130
8056
8092
8024
8024
8066
8030
8088
8008
7932
7992
8022
7958
7926
7882
7730
7636
7686
7840
7738
7742
7714
7668
7734
7794
7856
7882
7878
8004
8042
8022
8042
7916
7908
7882
7908
7854
7804
7818
7796
7760
7738
7704
7672
7664
7628
7662
7770
7740
7700
7666
7778
7834
7826
7756
7786
7814
7752
7716
7812
7708
7768
7856
7834
7842
7848
7870
7892
7850
7922
7906
7980
8016
8010
7838
7878
7898
7884
7952
7882
7932
7968
8000
7986
7946
7906
7826
7934
7880
7862
7946
7950
7898
7980
7928
7988
8044
8042
8028
8008
7870
7938
7964
7870
7766
7862
7918
7850
7884
7836
7850
7896
7920
7840
7864
7914
7930
7902
7838
7854
7934
7916
8004
7996
7902
8040
7894
7908
7888
7834
7832
7892
7782
7778
7718
7828
7792
7786
7862
7812
7822
7846
7826
7894
7886
7936
7946
7920
7976
8034
8000
7848
7794
7854
7774
7814
7852
7816
7748
7678
7750
7760
7700
7608
7660
7648
7746
7614
7580
7560
7544
7656
7750
7848
7782
7868
7890
7926
8004
8026
8006
7928
7952
7926
7946
7848
7880
7936
7968
7950
7974
7826
7822
7792
7896
7974
7974
8012
7980
8004
7950
7918
7948
7918
7920
7910
7920
7864
7826
7842
7896
7998
7976
7938
7958
7974
7970
8010
7956
7860
7794
7858
7878
7912
7902
7924
7924
7886
7848
7852
7874
7894
7948
8010
7992
7952
7888
7844
7812
7790
7892
7892
7914
7888
7844
8002
8032
7986
7894
7922
7980
8134
8078
8008
8036
8046
8142
8122
8088
8066
8052
8042
8038
7926
7988
8032
7958
8048
8060
8044
8098
8068
8046
7942
8110
8082
8200
8160
8112
8120
8044
8006
8088
8104
8020
7946
7960
7910
7912
7892
7956
7880
7870
7944
7994
8062
7982
7930
7992
7916
8030
8044
8052
8020
8040
8116
8190
8136
8152
8108
8112
8146
8196
8110
8056
7920
7810
7932
7998
8132
8118
8126
8150
8128
8134
8100
8072
8016
7984
7958
7968
7980
8032
7904
7890
7856
7900
7936
7954
8014
8006
8070
8014
8066
7960
7954
7994
7922
7946
7850
7858
7864
7742
7884
7900
7900
7816
7786
7820
7874
7852
7858
7800
7702
7764
7816
7716
7832
7780
7942
7960
7972
7982
8040
8036
7944
8018
7938
7952
7856
7810
7922
7990
7956
8042
7924
7878
7886
7858
7906
7960
7876
7962
7876
7952
7918
7868
7912
7946
7886
7972
8020
7956
7996
8044
8072
8038
8014
7922
7986
8030
8006
7956
7964
7898
7906
7996
8004
7958
7892
7862
7872
7846
7798
7794
7654
7664
7738
7774
7824
7848
7872
7876
7856
7850
7812
7852
7898
7838
7838
7810
7804
7676
7716
7622
7690
7766
7754
7656
7700
7706
7772
7826
7812
7858
7712
7744
7662
7650
7668
7662
7654
7748
7794
7752
7752
7646
7760
7684
7692
7728
7710
7692
7692
7684
7618
7578
7642
7696
7774
7820
7834
7720
7760
7764
7684
7780
7790
7812
7808
7782
7818
7876
7924
7926
7950
7958
8026
8122
8102
8140
8076
8156
8214
8284
8254
8286
8232
8140
8060
8066
8072
8058
8002
8024
8000
8008
7912
7844
8014
8072
8022
8030
8040
8130
8108
8086
8056
8114
8096
8096
8068
8062
8088
8082
7984
7974
8000
8002
8062
8054
7936
7950
7866
7920
7926
7920
7928
7828
7894
7924
7974
8044
8032
7966
8038
8010
7980
7878
7942
7914
7904
7998
8004
8066
8116
8064
8084
8056
8138
8006
8028
8048
7954
7954
7980
7962
7960
7994
8072
8078
8064
7970
7938
7930
7992
7914
7822
7870
7938
7914
7938
7980
7972
8010
8076
8048
8064
8018
8058
8078
8080
8170
8068
8024
7924
7944
8042
8098
8022
8058
7974
7982
7960
7860
7912
7916
7844
7880
7858
7798
7824
7818
7856
7978
8034
8028
8044
8082
8196
8210
8154
8162
8132
8038
8044
8012
7962
7938
7922
7926
7910
7944
7912
7900
7970
7968
7912
7882
7862
7854
7900
7800
7800
7756
7836
7816
7932
7888
7864
7820
7862
7858
7900
7976
7904
7834
7804
7710
7674
7732
7688
7780
7774
7768
7812
7916
7934
7982
7952
7986
7898
7966
7916
7806
7864
7986
7942
7892
7816
7852
7898
7990
7986
7970
7944
7904
7892
7976
8074
8068
8108
8084
8094
8056
8000
7940
7892
8004
7974
7992
7966
7920
7970
7946
7912
7854
7910
7970
7926
7964
8020
8084
8070
8012
7954
7958
7944
7914
8012
8020
8116
8182
8204
8156
8150
8170
8150
8206
8230
8232
8184
8244
8230
8222
8170
8096
8128
8118
8038
8050
8078
8000
8038
7958
8016
7976
8046
8052
8052
8012
7978
8048
8038
8168
8154
8064
7972
7998
8030
8020
8016
8026
8048
8052
7956
7956
7872
7924
7952
7950
7884
7814
7846
7844
7924
7938
7854
7958
7974
7878
7806
7918
7952
8010
7760
7790
7790
7838
7944
7960
8044
8058
7996
7938
7914
7976
7896
7990
8100
8034
7978
7958
7988
8012
7932
7992
8028
7944
7906
7892
7840
7832
7842
7726
7736
7776
7724
7742
7708
7748
7856
7936
7852
7836
7932
7900
7818
7768
7688
7682
7764
7788
7712
7840
7872
7788
7840
7736
7768
7810
7876
7882
7830
7860
7862
7732
7752
7712
7692
7716
7740
7750
7696
7680
7626
7700
7852
7804
7702
7758
7742
7756
7634
7564
7562
7654
7764
7810
7800
7836
7916
7812
7918
7956
8036
7974
7970
7862
7870
7866
7828
7858
7926
8032
7932
7954
7872
7832
7882
7708
7644
7740
7876
7874
7758
7778
7674
7668
7682
7656
7676
7668
7652
7630
7702
7776
7778
7752
7728
7646
7614
7708
7716
7718
7666
7646
7676
7630
7744
7800
7836
7840
7918
7890
7926
7914
7864
7746
7620
7672
7696
7628
7740
7660
7702
7704
7612
7516
7502
7466
7576
7536
7538
7526
7594
7680
7614
7634
7654
7546
7562
7716
7860
7792
7772
7850
7864
7852
7858
7764
7742
7712
7770
7864
7856
7900
7920
7928
7924
7906
7838
7730
7692
7626
7658
7588
7594
7632
7720
7694
7780
7762
7694
7782
7872
7918
7852
7862
7850
7816
7784
7858
7798
7846
7950
7992
8014
7978
8006
7996
7904
7908
7996
8026
8040
8088
8164
8218
8184
8132
8066
7976
7986
8022
8082
8064
8068
8038
8060
7940
7970
7966
7960
7970
7886
7948
8042
8138
8048
8042
7978
7934
8002
7980
8032
8034
8028
8080
8044
7974
7998
7948
7916
7872
7908
7796
7920
7856
7908
7876
7880
7824
7784
7820
7776
7814
7822
7776
7812
7838
7820
7868
7928
8008
7952
8010
8014
7948
7870
7844
7826
7868
7682
7648
7742
7710
7648
7642
7624
7744
7770
7722
7732
7742
7732
7802
7734
7702
7670
7710
7774
7906
7836
7886
7846
7854
7810
7810
7800
7708
7770
7724
7750
7786
7774
7752
7892
7894
7928
7924
7822
7856
7886
7852
7852
7790
7806
7712
7752
7724
7786
7786
7810
7920
7888
7922
7798
7872
7818
7770
7788
7788
7752
7750
7798
7766
7790
7886
7884
7850
7828
7848
7888
7934
7968
7942
8042
8074
8110
8050
7934
7960
7892
7918
8016
7930
7980
7958
8010
7924
7980
7912
7848
7806
7716
7756
7664
7768
7742
7694
7628
7734
7758
7808
7728
7714
7708
7760
7730
7714
7762
7856
7840
8012
8082
8018
8058
8108
8086
8202
8090
8094
8066
8020
7986
8000
7924
8060
8048
8040
8040
8028
7968
7948
8038
8032
7926
7920
7996
7990
7922
8016
7930
7902
7932
7960
7898
8000
8056
8042
8060
7944
7986
7894
7886
7928
7972
8046
8034
7972
7998
8028
7872
7808
7766
7836
7808
7816
7820
7804
7792
7798
7804
7882
7790
7816
7738
7782
7810
7828
7796
7826
7886
7906
7866
7890
7842
7990
7898
7928
7960
7970
7880
7898
7838
7932
7886
7862
7934
7932
7942
7820
7774
7756
7818
7904
7980
7994
8050
8058
7998
7962
7926
7978
7976
7982
8084
8014
7958
7942
8018
8016
8024
7892
7986
7982
8054
8042
7958
7990
7950
7922
7872
7914
7842
7810
7876
7880
7880
7884
7906
8008
7974
7960
7950
7952
7902
7816
7882
7922
7938
7934
7976
7904
7980
7988
7862
7784
7794
7850
7824
7890
7890
7898
7814
7828
7836
7812
7868
7956
7928
7912
7808
7862
7896
7998
7946
7946
7982
7974
7976
7948
8060
8054
8154
8102
8076
8094
8158
8120
8062
8180
8164
8162
8178
8194
8170
8146
8116
8114
8158
8112
8090
8084
7954
7932
7908
7842
7950
7810
7796
7884
7904
7914
7906
7972
7952
7992
8002
7990
7962
7988
8024
8024
7992
8018
8020
8004
7962
7904
8044
8018
8168
8140
8092
8110
8116
8084
8088
8110
8084
8024
8008
8050
8014
7964
7984
7926
7974
7936
7912
7906
7938
7916
7850
7882
7912
7956
7966
7928
7894
7914
7908
7874
7888
7908
7886
7998
8034
7950
8014
8158
8258
8192
8194
8116
8174
8262
8192
8128
8068
7946
7976
7902
7950
7916
7998
8050
8044
7900
7898
7912
7966
7970
7924
8024
7894
7808
7844
7988
8030
7960
7970
7940
7940
8010
8026
7928
7892
7900
8076
8102
8030
8000
7902
7860
7812
7776
7928
7838
7944
7988
8002
8060
7960
8048
8068
8116
8054
8058
8116
8056
7900
7910
7874
7902
7952
7954
7982
8006
7970
7896
7942
7884
7870
7858
7784
7778
7756
7776
7794
7876
7904
7898
7948
7942
7948
7958
8102
8152
8092
8124
8170
8188
8180
8084
8072
7996
8106
8120
8122
8162
8206
8102
8110
8078
8128
8128
8160
8180
8170
8108
8028
8070
8132
8074
8080
8068
8060
8026
7988
8022
8010
8004
7992
8016
8050
8000
7828
7896
7852
7790
7864
7880
7794
7990
7950
7962
