7872
7874
7860
7850
7808
7864
7750
7710
7720
7772
7752
7746
7818
7880
7784
7910
7988
8056
8070
8074
8018
8012
8074
8006
7902
7928
7884
7816
7844
7898
7872
7752
7734
7676
7612
7662
7760
7718
7680
7632
7634
7678
7704
7716
7702
7666
7680
7622
7670
7634
7640
7736
7638
7626
7676
7604
7526
7514
7574
7496
7578
7628
7576
7624
7662
7572
7586
7716
7716
7656
7706
7698
7762
7768
7772
7760
7832
7840
7814
7862
7728
7722
7764
7750
7722
7730
7726
7638
7692
7646
7684
7608
7592
7588
7650
7796
7680
7758
7666
7658
7614
7676
7660
7624
7596
7602
7606
7580
7634
7650
7800
7784
7726
7782
7796
7794
7696
7654
7750
7770
7890
7870
7898
7944
7924
7876
7858
7804
7838
7832
7832
7846
7742
7824
7732
7802
7820
7780
7768
7698
7706
7628
7698
7662
7708
7694
7576
7570
7480
7398
7468
7504
7462
7626
7524
7502
7474
7622
7530
7488
7524
7500
7508
7590
7606
7604
7736
7754
7778
7726
7756
7586
7614
7746
7708
7754
7762
7834
7850
7838
7858
7772
7786
7738
7628
7680
7730
7692
7798
7714
7742
7820
7812
7756
7732
7740
7864
7888
7828
7716
7782
7808
7868
7972
8046
8034
8052
8040
7994
8040
8050
8082
8070
8026
8070
8004
8020
7998
8098
8016
8106
8096
8120
8230
8208
8202
8202
8204
8092
8020
8016
7860
7840
7874
7860
7886
7872
7948
7906
7854
7852
7846
7922
7944
7982
7972
8048
8032
8062
8070
8078
8060
7998
7932
7982
8100
8052
7990
7870
7890
7832
7870
7828
7848
7872
7820
7838
7680
7706
7616
7630
7662
7620
7608
7716
7656
7666
7646
7740
7716
7712
7774
7794
7712
7628
7588
7750
7700
7692
7744
7622
7626
7786
7802
7840
7892
7910
7886
7864
7908
8098
8154
8146
8136
8038
8004
7974
7944
8042
7976
7992
7994
7874
7780
7796
7844
7820
7768
7784
7638
7668
7636
7630
7640
7648
7534
7540
7534
7498
7466
7474
7408
7410
7340
7392
7442
7456
7432
7492
7570
7628
7644
7616
7672
7628
7682
7810
7790
7840
7866
7794
7808
7892
7934
7944
7904
7884
7860
7892
7964
7902
7892
7862
7844
7972
8000
7972
8016
8006
8000
7870
8012
7918
7888
7934
7926
7860
7878
8010
7944
7858
7920
7930
7812
7780
7756
7830
7746
7718
7756
7768
7746
7738
7738
7788
7690
7700
7704
7772
7812
7820
7788
7754
7716
7606
7588
7584
7642
7722
7678
7698
7720
7752
7734
7734
7718
7734
7712
7840
7890
7884
7894
7844
7770
7784
7878
7882
7802
7662
7656
7716
7730
7714
7674
7714
7738
7758
7762
7678
7640
7542
7580
7582
7584
7700
7760
7806
7862
7896
7922
7856
7828
7768
7798
7746
7748
7730
7854
7852
7848
7840
7952
8124
8086
8018
8096
8150
8114
8092
8096
8046
7932
7912
7908
7854
7910
7914
7970
7986
7954
7932
7914
8054
8016
7948
7872
7868
7850
8006
8022
8008
7972
8028
7954
8002
8030
8110
8068
8144
8046
8036
8004
7964
8014
7994
7884
7976
7984
7974
8004
8042
7994
8050
8078
8064
8106
8034
8006
7864
7930
7910
7948
7950
7942
7874
7866
7914
7926
7912
7906
7878
7860
7784
7792
7854
7890
7846
7872
7786
7820
7746
7766
7732
7882
7886
7906
7950
7886
7882
7802
7880
7854
7900
7862
7814
7806
7832
7810
7774
7784
7842
7942
7936
7944
8026
7990
8026
8012
8010
8008
7990
7984
7962
7902
7794
7774
7776
7730
7872
7882
7898
7960
7856
7802
7776
7842
7826
7850
7902
7902
7852
7936
7884
7864
7816
7776
7846
7812
7896
7964
7914
7884
7960
7880
7978
7992
7966
7930
7930
7884
7926
7984
8080
8140
7986
7902
7956
7956
7924
7938
7872
7880
7926
7888
7910
7922
7908
7834
7768
7836
7766
7834
7888
7804
7850
7936
8070
8084
8008
7924
7868
7940
7996
8046
7940
7886
7992
7924
7954
7958
7990
8016
7968
8046
7984
7922
7976
7840
7914
8006
8006
8030
8076
8030
7932
7928
7828
7768
7824
7866
7890
7820
7916
7834
7884
7976
7928
7882
7914
7912
7844
7864
7852
7918
7914
7874
7942
7884
7884
7888
7890
7962
7894
7882
7684
7694
7768
7810
7766
7774
7782
7750
7800
7886
7830
7904
7940
7878
7840
8010
8024
7978
7980
7948
7870
7936
7928
7844
7836
7738
7756
7790
7764
7724
7618
7658
7718
7878
7842
7900
7896
8008
8020
7996
7994
7932
7908
7952
7928
7914
7986
7976
7958
7942
7830
7726
7712
7922
7976
8060
8036
8014
7998
8138
7988
7946
8090
8140
8156
8074
7958
8016
8030
8104
8156
8034
7994
8020
7960
7872
7906
7854
7814
7744
7746
7864
7824
7808
7850
7894
7886
7854
7816
7798
7862
7854
7808
7780
7776
7858
7826
7840
7752
7862
7862
7964
7990
7936
7912
7934
7904
7998
8056
8078
7970
7996
7838
7784
7798
7844
7850
7910
7966
8004
8044
7894
7898
7862
7834
7944
7910
7818
7806
7712
7740
7892
7916
7912
7976
8022
7924
7834
7752
7790
7818
7812
7840
7924
7912
7872
7854
7876
7846
7878
7980
8006
7936
7914
7786
7822
7778
7798
7776
7750
7712
7742
7832
7808
7670
7684
7774
7730
7744
7812
7822
7806
7794
7706
7682
7754
7818
7784
7760
7794
7784
7750
7742
7874
7792
7866
7896
7890
7894
7928
8008
8058
8030
8048
7988
7980
7942
7998
8022
8014
7978
8014
7988
7962
7982
8004
7994
7948
7982
7960
7926
7818
7806
7862
7976
7914
7912
7870
7932
7940
7910
8026
7940
7900
7736
7736
7612
7690
7650
7650
7698
7634
7654
7744
7770
7794
7732
7724
7794
7688
7734
7822
7882
7872
7842
7808
7834
7820
7800
7596
7656
7698
7652
7754
7818
7740
7744
7714
7634
7724
7756
7838
7848
7822
7768
7756
7640
7740
7714
7764
7574
7526
7590
7612
7512
7620
7590
7722
7726
7700
7742
7652
7578
7582
7586
7588
7538
7606
7692
7688
7668
7626
7608
7648
7600
7514
7582
7492
7502
7524
7562
7434
7544
7540
7636
7700
7704
7750
7716
7644
7610
7576
7584
7622
7668
7590
7608
7528
7630
7766
7726
7732
7732
7830
7826
7826
7828
7746
7776
7774
7798
7764
7676
7758
7750
7814
7634
7688
7728
7704
7772
7804
7848
7776
7754
7794
7820
7822
7762
7852
7910
7806
7720
7702
7742
7738
7810
7816
7840
7762
7782
7820
7828
7962
7974
7936
8026
8012
7908
7970
8008
7936
7930
7912
7820
7890
7958
7950
7928
7986
7964
8010
7974
8008
8010
7942
7904
7906
7898
7892
7874
7886
7832
7894
7834
7878
7836
7898
7850
7800
7822
7926
7826
7816
7746
7710
7774
7840
7918
7792
7842
7900
7914
7834
7816
7798
7814
7794
7770
7778
7776
7680
7626
7706
7730
7672
7744
7712
7718
7684
7688
7706
7666
7738
7772
7790
7744
7722
7774
7734
7718
7740
7844
7706
7828
7792
7656
7678
7644
7678
7706
7758
7704
7682
7698
7726
7740
7804
7802
7804
7786
7712
7734
7780
7848
7842
7766
7802
7820
7866
7752
7730
7774
7656
7798
7872
7936
7996
7994
7972
7924
7924
7898
8020
8042
7940
7882
7900
7796
7684
7598
7568
7638
7768
7836
7908
7830
7856
7974
7872
7820
7878
7856
7852
7900
7856
7840
7826
7800
7718
7842
7832
7750
7754
7700
7692
7740
7736
7744
7732
7738
7766
7742
7806
7916
7872
7840
7884
7922
7888
7874
7848
7936
7920
7976
8016
8100
8020
7956
7972
8020
7966
7938
7936
8044
7944
7902
7944
7834
7906
7916
7798
7814
7810
7832
7778
7802
7854
7790
7794
7768
7822
7818
7760
7738
7802
7810
7810
7804
7784
7830
7910
7954
7956
7982
7916
7948
7950
8076
8000
8038
8054
7962
7946
7952
7856
7984
7898
7924
7960
7934
7986
8050
7938
7932
8008
8038
8024
8084
8040
7964
7896
7936
7866
7804
7808
7854
7754
7756
7674
7686
7770
7744
7648
7740
7704
7774
7936
7944
7968
7904
7850
7780
7788
7804
7784
7706
7712
7738
7768
7808
7848
7848
7734
7774
7682
7646
7750
7780
7762
7722
7772
7804
7864
7942
8048
8094
7984
8012
8108
8108
8054
8054
7980
7918
7952
7890
7878
7930
7946
7964
7990
7978
7934
7880
7858
7776
7818
7670
7760
7822
7818
7748
7734
7880
7944
7954
7890
7948
7986
7940
7984
7978
7942
7962
7998
8016
7976
7876
7962
7954
7992
7968
7966
7958
7940
8022
8044
8068
8018
7998
7964
8044
8012
7980
7960
7896
7964
7894
7954
7984
7970
8022
8014
7922
7990
7952
8074
7974
7912
7910
7818
7718
7664
7706
7710
7742
7762
7698
7644
7714
7638
7624
7722
7682
7676
7684
7720
7804
7876
7916
7834
7842
7824
7772
7792
7784
7766
7784
7780
7796
7786
7724
7732
7612
7648
7638
7672
7756
7692
7698
7708
7760
7636
7718
7808
7702
7782
7824
7870
7796
7600
7622
7740
7744
7726
7686
7760
7858
7894
7900
7816
7752
7718
7772
7718
7664
7696
7662
7570
7568
7688
7770
7756
7738
7724
7686
7688
7726
7688
7662
7750
7780
7678
7770
7744
7792
7694
7728
7678
7698
7788
7930
7942
7986
7894
7948
7978
8064
8014
7998
8040
8114
8054
8090
8118
8156
8166
8138
8076
7984
8040
8086
8046
7902
7912
7898
8002
8026
7984
7966
7908
7840
7896
7966
7990
7892
7886
7990
7984
7924
7988
8026
7996
7898
7834
7922
7836
7904
7920
7964
7916
7992
7892
7898
8032
7990
7856
7894
7980
8008
7936
7940
7942
7898
7886
7924
7854
7888
7956
7990
7902
7880
7834
7882
7874
7964
8020
8002
7934
8006
8028
7908
7962
8084
8248
8168
8086
8154
8062
8090
8072
8022
8066
8014
8074
8020
7976
7950
7940
7980
7940
7992
8008
7992
7958
7910
7892
7890
7802
7782
7784
7742
7738
7842
7804
7864
7922
7926
7910
7864
7996
7976
8012
8018
7930
7910
7818
7868
7670
7832
7846
7864
7742
7750
7718
7780
7768
7774
7832
7874
7958
7922
7872
7910
7992
7904
7820
7864
7798
7826
7908
8048
8124
8140
8178
8084
8034
8030
8012
7962
7952
7956
7938
7852
7912
7966
7970
7976
7984
7994
7980
7852
7874
7842
7850
7836
7782
7814
7722
7758
7734
7768
7866
7900
7858
7914
7934
7944
8018
7946
8016
8018
7898
7880
7832
7826
7832
7834
7888
7878
7798
7828
7882
7888
7848
7848
7800
7744
7800
7710
7716
7762
7684
7582
7678
7754
7746
7674
7606
7570
7552
7514
7434
7400
7392
7362
7322
7428
7460
7442
7492
7476
7454
7398
7354
7388
7468
7468
7472
7474
7484
7530
7548
7520
7546
7500
7598
7512
7450
7474
7394
7434
7480
7488
7466
7408
7430
7384
7522
7624
7618
7632
7654
7620
7568
7512
7536
7674
7658
7616
7606
7664
7630
7606
7608
7506
7508
7392
7386
7374
7322
7402
7480
7484
7500
7364
7282
7338
7436
7532
7478
7452
7450
7532
7542
7574
7668
7700
7664
7604
7652
7624
7662
7574
7484
7514
7442
7468
7424
7410
7448
7430
7412
7426
7512
7442
7454
7500
7442
7500
7538
7566
7646
7636
7496
7450
7444
7442
7500
7658
7580
7624
7602
7570
7702
7642
7680
7578
7592
7612
7592
7724
7818
7950
7920
7822
7838
7970
7882
7756
7822
7892
7828
7888
7924
7934
7886
7950
7910
7996
7958
8000
8018
8014
8132
8044
7998
7950
7928
7886
7848
7792
7762
7814
7856
7822
7794
7776
7908
7912
7962
7944
7868
7908
7866
7880
7860
7846
7860
7822
7848
7786
7776
7734
7782
7822
7760
7626
7708
7734
7854
7888
7882
7988
8052
7988
8004
7896
7852
7870
7904
7910
7848
7862
7904
7928
7886
7912
7996
7904
7920
7922
7880
7898
7972
7888
7892
7948
8018
7986
7894
7912
7970
7902
7958
7862
7820
7832
7862
7920
7864
7874
7928
7916
7970
7868
7838
7928
8034
8096
8054
8054
8056
8012
8046
8036
7984
7994
7980
7904
7866
7790
7790
7802
7810
7854
7848
7940
7962
8002
8038
8088
8050
8016
8112
8132
8084
7984
7970
7880
7800
7826
7908
7942
7962
7900
7836
7806
7746
7784
7706
7666
7728
7736
7642
