592
520
598
574
668
710
666
522
506
368
418
322
360
354
424
374
470
626
564
598
514
464
348
362
166
186
96
28
74
106
178
112
158
238
272
198
226
272
324
268
292
374
390
288
462
502
444
394
424
354
324
342
314
326
292
324
348
298
326
336
364
382
454
442
326
456
440
466
488
384
392
426
468
500
414
458
418
292
302
298
320
378
320
404
384
430
460
498
518
464
478
522
562
634
638
610
534
606
718
786
740
830
818
736
822
914
868
1030
1014
1078
1012
882
866
962
802
748
802
772
602
636
676
572
676
622
578
552
550
438
530
442
356
364
352
246
194
152
208
174
210
150
100
164
172
40
2
58
28
14
156
162
10
14
150
100
68
160
48
122
36
62
8
26
14
110
250
210
202
204
316
412
446
398
348
256
156
118
160
28
66
110
86
168
112
72
126
116
86
116
178
206
190
206
92
58
104
2
22
90
22
16
44
146
202
160
146
338
326
296
256
322
354
346
366
362
346
342
266
204
262
206
206
182
148
82
10
54
0
60
76
26
16
48
92
74
122
126
200
250
324
330
214
210
96
18
30
54
118
56
82
168
76
104
178
190
248
190
314
334
318
224
358
378
416
472
388
386
260
216
286
138
174
198
320
320
318
520
648
580
470
484
338
256
224
130
74
74
34
188
252
290
178
162
42
104
140
156
250
170
326
484
474
546
498
462
532
554
446
470
456
564
564
558
564
544
580
474
548
508
572
566
690
706
686
630
644
686
638
606
650
772
810
742
716
666
614
488
388
386
410
356
388
440
502
466
426
418
368
354
386
436
466
478
492
408
482
588
518
480
408
542
544
562
582
612
526
494
510
542
428
402
396
336
362
334
278
322
404
414
320
316
136
212
224
274
300
296
330
382
292
316
306
280
332
302
274
344
250
302
264
308
302
268
256
306
324
324
218
328
280
238
318
210
216
168
306
280
376
280
248
92
148
210
212
258
374
314
306
336
414
404
376
324
284
296
296
268
232
232
314
304
272
294
272
198
172
218
200
252
238
186
304
286
154
170
240
196
108
208
250
210
182
168
108
182
154
106
194
216
224
252
306
270
218
262
296
280
268
292
294
306
354
264
266
286
260
278
254
200
70
100
194
28
56
70
142
110
158
198
210
124
152
82
14
60
2
18
88
52
14
102
110
56
34
96
86
132
86
82
88
26
64
78
66
16
36
30
96
102
74
2
88
56
22
18
106
2
50
6
48
52
160
66
120
144
260
218
248
376
404
462
460
500
542
430
290
254
358
354
474
474
490
438
640
520
490
424
292
148
70
98
56
52
26
100
74
116
84
128
82
108
32
14
88
38
52
6
66
0
52
38
10
76
46
114
222
310
298
258
286
196
242
310
344
260
382
316
366
302
242
254
204
234
392
462
350
346
462
388
286
362
396
360
378
360
330
306
254
214
190
128
148
96
232
282
376
332
206
252
278
230
154
94
176
192
272
222
180
56
136
160
124
102
92
124
212
294
236
236
232
332
338
406
376
392
478
548
684
674
688
732
754
728
848
882
854
888
796
818
880
884
852
830
792
748
798
894
872
830
918
948
914
986
982
1090
1278
1372
1432
1472
1460
1372
1372
1338
1420
1310
1120
1126
1066
1158
1092
1062
988
890
968
948
926
834
944
920
900
946
974
900
834
844
942
1006
948
896
896
868
714
804
784
674
628
570
684
744
666
580
578
588
602
582
582
584
592
648
764
758
908
1000
972
968
938
908
1050
924
908
806
882
892
710
734
728
748
684
692
704
700
670
638
700
656
658
632
644
708
754
882
924
1014
1006
1070
1026
986
962
930
930
926
926
890
780
784
674
650
698
720
762
876
810
834
742
752
738
736
802
670
702
716
698
718
708
724
736
746
714
588
544
538
552
588
626
594
604
554
588
554
580
598
556
532
498
444
516
434
406
420
416
336
346
352
378
432
280
212
100
128
158
130
180
64
20
12
60
84
66
94
64
60
10
34
92
6
102
114
142
158
28
4
10
28
110
40
100
76
166
148
198
240
182
140
146
116
38
34
6
106
14
54
48
52
154
142
54
66
46
24
28
24
40
62
108
70
100
98
132
138
114
2
72
42
84
158
188
282
340
246
232
122
130
218
164
146
100
168
96
100
62
44
96
24
114
100
122
60
132
120
120
36
26
50
146
114
144
100
54
24
36
46
42
184
74
2
76
36
72
146
150
188
192
190
160
128
162
238
184
170
90
86
122
108
88
108
186
178
104
136
80
20
50
66
134
16
76
88
162
182
160
120
152
182
156
210
186
208
328
320
366
428
446
434
522
608
656
520
468
394
416
352
334
260
252
96
98
186
248
322
290
366
258
342
372
404
260
332
302
358
246
330
370
400
408
402
456
448
518
498
498
526
590
470
586
528
610
598
610
666
516
526
548
472
412
448
440
424
382
400
254
246
220
288
282
270
300
466
378
268
326
120
28
58
158
324
284
268
336
472
486
490
584
598
576
616
724
776
766
754
730
734
702
682
666
734
622
642
738
826
892
924
916
1054
1048
1038
1144
1244
1258
1274
1232
1248
1286
1334
1372
1376
1410
1398
1322
1302
1196
1250
1332
1240
1294
1244
1198
1144
1120
1090
1108
1028
986
1012
1084
1066
1112
1130
1146
1122
1216
1226
1306
1304
1358
1292
1236
1192
1172
1208
1316
1322
1356
1456
1476
1478
1572
1572
1484
1478
1452
1464
1454
1392
1340
1344
1332
1274
1234
1252
1316
1314
1416
1420
1368
1514
1686
1682
1746
1668
1640
1642
1552
1664
1774
1748
1766
1706
1680
1608
1526
1516
1502
1578
1496
1612
1760
1698
1624
1624
1606
1606
1446
1476
1248
1176
1096
1022
1050
1022
1000
938
954
974
942
1048
1114
1100
1190
1164
1250
1332
1416
1314
1422
1404
1440
1410
1528
1606
1570
1550
1514
1518
1494
1390
1384
1358
1236
1368
1394
1398
1432
1444
1650
1750
1722
1694
1602
1662
1634
1674
1690
1622
1618
1624
1632
1670
1574
1572
1690
1568
1606
1456
1490
1582
1596
1470
1380
1394
1322
1302
1334
1304
1256
1348
1350
1416
1362
1342
1350
1470
1504
1498
1528
1460
1460
1378
1428
1596
1658
1668
1654
1500
1458
1502
1516
1532
1436
1382
1238
1244
1224
1274
1248
1158
1162
1126
1110
1024
1230
1284
1194
1240
1210
1262
1236
1150
1216
1286
1300
1272
1336
1450
1422
1366
1376
1288
1254
1328
1222
1122
1116
996
948
968
996
1016
928
930
1020
1054
1090
1062
1100
1138
1224
1376
1404
1396
1444
1380
1330
1274
1126
1200
1128
1234
1284
1230
1184
1154
1186
1248
1178
1100
1104
1076
1026
924
922
974
990
1038
978
982
848
844
776
750
744
714
708
646
502
502
520
496
520
504
588
608
664
678
758
682
692
668
730
680
742
788
714
762
750
694
702
698
650
568
522
536
456
428
464
378
510
620
668
732
816
800
856
888
844
870
1020
860
812
896
894
776
818
810
856
866
892
836
820
766
928
964
946
918
850
966
948
932
884
966
980
1008
1158
1202
1212
1182
1184
1222
1372
1330
1482
1512
1494
1428
1460
1518
1516
1450
1468
1474
1334
1392
1392
1468
1476
1518
1470
1454
1492
1530
1556
1518
1550
1530
1566
1432
1278
1346
1382
1442
1496
1556
1482
1392
1424
1410
1336
1360
1384
1346
1374
1294
1334
1384
1410
1366
1322
1310
1440
1388
1492
1504
1550
1538
1578
1622
1636
1624
1552
1602
1682
1754
1808
1798
1756
1810
1872
1854
1856
1766
1762
1816
1822
1800
1768
1822
1788
1790
1762
1776
1766
1728
1806
1844
1862
1878
1892
1816
1816
1838
1822
1810
1784
1756
1726
1682
1638
1572
1586
1520
1548
1540
1516
1486
1510
1556
1492
1570
1482
1464
1486
1536
1436
1514
1466
1528
1572
1682
1630
1644
1626
1602
1722
1710
1660
1702
1690
1630
1652
1590
1560
1536
1650
1614
1646
1648
1738
1782
1860
1812
1592
1564
1582
1566
1538
1624
1602
1518
1526
1478
1524
1570
1604
1494
1712
1664
1632
1642
1534
1528
1414
1344
1428
1400
1386
1406
1502
1636
1596
1608
1648
1692
1818
1682
1618
1548
1586
1612
1666
1814
1786
1856
1902
1844
1756
1744
1768
1882
1890
1858
1904
1818
1800
1764
1790
1762
1740
1818
1830
1784
1734
1736
1826
1882
1804
1880
1910
1840
1906
1892
1970
1974
1906
1818
1678
1748
1718
1728
1784
1778
1722
1620
1632
1660
1648
1658
1630
1620
1520
1446
1376
1396
1366
1310
1342
1344
1326
1218
1240
1266
1304
1252
1246
1306
1350
1280
1270
1220
1270
1206
1318
1280
1296
1360
1338
1266
1270
1194
1232
1078
1104
1172
1180
1126
1162
1176
1210
1178
1242
1316
1342
1266
1242
1088
1090
1080
1102
1236
1304
1282
1310
1280
1216
1106
1064
1142
1124
1080
1026
1054
1120
1102
1154
1140
1138
1176
1178
1204
1236
1200
1272
1254
1304
1320
1348
1224
1298
1398
1436
1386
1352
1340
1368
1368
1388
1470
1502
1538
1504
1474
1386
1360
1398
1456
1458
1446
1406
1528
1504
1482
1356
1414
1370
1412
1448
1430
1470
1430
1308
1204
1210
1212
1286
1278
1198
1260
1230
1228
1304
1380
1420
1426
1456
1648
1764
1726
1708
1754
1776
1690
1726
1700
1792
1716
1784
1854
1864
1854
1872
1952
2072
2194
2178
2188
2176
2158
2268
2272
2212
2214
2266
2302
2174
2110
2152
2160
2148
2098
1986
2020
1942
1974
1914
1764
1678
1664
1676
1616
1576
1504
1488
1408
1492
1458
1520
1460
1452
1446
1482
1396
1452
1556
1478
1470
1502
1526
1552
1506
1580
1526
1566
1696
1650
1688
1606
1586
1626
1580
1518
1478
1516
1526
1390
1460
1386
1390
1312
1328
1256
1184
1172
1194
1176
1118
1158
1096
1114
988
1024
1170
1196
1192
1240
1270
1206
1158
1228
1226
1302
1214
1178
1062
1140
1148
1108
1058
910
908
838
874
862
824
868
830
880
924
942
962
838
790
766
686
642
608
524
630
672
612
700
714
768
732
670
476
516
588
604
632
694
578
520
530
574
602
716
738
718
714
740
744
658
540
446
538
624
586
554
520
588
706
542
470
468
500
510
504
498
706
716
714
750
680
640
528
580
562
514
458
368
396
406
404
