212
390
404
396
418
622
614
554
500
414
352
198
170
200
392
360
366
378
356
444
546
484
636
678
584
664
568
466
476
434
454
442
286
170
480
432
594
510
546
448
526
548
788
884
1034
908
798
624
744
912
1064
946
816
988
1076
944
950
1118
1150
1212
980
988
914
1008
1028
1030
1064
1068
1262
1202
1182
1208
1278
1404
1456
1548
1388
1338
1252
1042
1062
1254
1208
1250
1230
1188
1092
1076
1082
972
836
1084
1000
1202
1182
1398
1616
1592
1366
1348
1336
1274
1208
1214
1090
1072
1016
910
990
1006
852
794
778
770
832
990
922
1044
1084
1122
1120
1100
1066
974
880
1032
890
920
848
766
766
752
574
694
710
598
634
630
614
494
440
288
410
464
380
408
236
182
164
194
282
440
498
478
330
118
162
348
484
332
390
338
362
398
430
572
508
380
338
162
110
132
152
144
118
178
134
250
212
116
84
132
164
116
40
114
14
6
106
234
250
468
618
542
620
766
768
822
804
800
776
1032
952
1022
1118
1130
1130
942
950
1136
1236
1122
1112
1230
1184
1142
1216
1348
1384
1444
1148
1048
968
942
706
690
638
652
598
636
520
682
696
874
1040
1044
896
898
752
658
506
474
484
338
302
502
564
640
400
532
482
484
508
578
360
96
56
106
100
252
262
254
230
82
172
212
148
100
114
278
248
252
440
472
518
578
636
702
744
446
532
580
570
576
576
316
326
364
258
344
408
608
560
602
390
344
444
478
808
776
796
804
972
910
898
846
868
988
1064
1048
1148
1142
1088
1208
1110
1134
1058
1232
1570
1528
1340
1342
1174
1328
1350
1422
1444
1348
1322
1298
1268
1166
1214
1118
1146
1228
1248
1370
1292
1488
1286
1342
1272
1254
1170
1124
958
798
698
796
824
886
918
844
844
806
888
856
944
918
866
936
974
886
926
890
898
834
772
798
796
762
714
642
550
504
474
540
674
672
808
700
586
606
526
448
618
672
762
778
832
780
790
712
688
722
852
846
984
908
918
792
912
964
1034
884
1002
892
882
722
756
866
946
862
880
864
776
638
678
680
630
578
566
544
542
692
742
600
702
566
576
424
586
472
222
380
242
294
268
252
96
158
106
126
178
356
292
440
560
688
748
644
560
444
504
298
298
372
168
132
124
142
322
278
174
216
270
246
122
188
208
32
198
254
300
298
272
218
330
306
338
326
238
170
156
106
110
124
72
102
50
166
150
428
498
360
448
620
620
538
560
436
428
548
328
278
216
170
254
320
182
164
188
128
250
306
246
118
4
134
52
244
194
178
276
78
90
174
228
170
244
130
80
78
48
128
32
144
154
250
294
340
184
324
196
290
342
212
222
380
450
474
376
304
296
304
328
338
274
84
44
18
48
208
176
26
38
52
100
136
76
146
114
118
214
224
306
506
398
454
472
294
208
168
300
386
458
404
560
528
316
304
260
258
184
304
200
86
50
110
124
236
160
164
186
46
6
36
60
38
16
100
260
222
94
118
330
296
312
70
74
148
378
354
472
612
606
534
558
476
436
414
534
448
454
502
418
344
304
284
252
14
104
328
208
152
350
450
432
408
344
206
76
92
54
46
150
98
94
78
102
94
10
210
88
114
18
74
6
24
6
36
72
180
268
368
602
598
642
492
624
566
640
570
648
644
680
596
636
554
564
598
712
840
742
574
424
360
356
144
148
70
82
132
28
68
102
88
0
26
162
180
334
458
442
550
346
302
420
324
310
278
160
100
66
82
206
272
256
74
70
64
92
38
22
104
58
236
230
366
464
470
480
556
520
372
256
264
360
508
448
546
732
794
802
786
720
680
588
768
606
600
590
716
682
652
636
716
832
812
804
766
818
680
710
636
712
680
730
786
936
902
974
910
1036
998
864
786
804
754
776
584
504
542
594
768
610
484
340
454
322
348
444
486
344
394
382
488
440
234
102
88
96
42
36
22
12
170
118
18
34
272
208
24
122
50
114
210
48
168
100
112
110
8
16
100
50
76
12
44
26
10
100
270
182
220
258
310
456
326
174
314
340
240
246
190
270
284
356
334
286
238
388
338
374
226
304
218
110
112
136
224
18
80
50
28
22
4
30
70
166
256
166
138
170
252
364
110
182
240
226
294
230
274
366
348
106
182
386
342
362
262
220
272
78
186
194
166
164
188
318
484
378
204
330
506
546
564
600
522
604
728
752
706
726
524
610
680
714
944
1068
928
948
1050
898
816
652
734
702
716
604
672
542
602
620
620
312
460
674
662
688
756
782
660
420
334
238
260
218
438
378
466
494
570
550
528
240
128
80
142
106
38
78
64
290
306
218
236
204
10
76
182
260
204
98
246
282
326
422
424
388
476
568
498
558
650
750
798
862
932
888
990
864
992
1098
902
854
840
812
618
592
476
428
544
580
666
522
686
420
280
126
120
44
76
58
100
64
50
70
236
190
96
138
140
440
620
576
542
528
462
298
246
142
48
164
340
284
290
268
346
258
198
230
342
348
236
128
64
170
250
374
366
194
176
228
180
282
376
470
538
526
420
340
462
400
350
294
316
382
336
204
4
50
14
34
98
114
194
242
394
462
540
540
410
412
458
302
398
570
718
654
646
500
406
494
352
268
464
478
482
556
610
536
720
672
698
722
780
842
774
822
1002
974
892
782
836
880
974
1120
1098
1172
1102
1248
1018
1178
1020
1090
1110
1264
1162
1142
1062
1032
1004
1046
1118
1254
1318
1360
1514
1360
1394
1454
1394
1426
1526
1532
1440
1436
1518
1494
1356
1452
1160
1152
1218
1216
1152
1104
932
746
698
692
592
692
490
426
468
584
632
622
612
528
584
516
504
662
670
664
716
618
556
514
594
374
362
342
152
156
160
224
238
202
268
372
408
278
322
340
448
360
330
388
458
466
546
580
614
414
326
548
644
784
874
822
1002
762
650
664
658
696
732
638
794
834
680
614
568
452
502
660
586
752
728
688
742
652
752
956
920
948
882
910
1028
1026
1028
912
914
866
940
768
646
618
438
662
644
546
532
442
286
318
354
334
280
222
278
264
332
392
674
494
536
352
426
564
654
596
546
420
334
94
88
220
92
112
44
68
60
66
76
156
342
194
158
172
236
322
404
434
370
322
440
310
252
98
98
42
144
180
282
338
334
430
498
262
148
264
100
140
0
130
84
100
6
154
162
24
80
48
78
134
30
46
110
90
88
124
92
78
174
180
56
94
98
86
172
216
256
136
132
16
2
44
4
76
112
46
26
18
104
76
52
88
240
50
160
224
46
94
74
182
382
224
214
222
210
186
198
386
560
398
248
272
284
148
188
194
84
54
70
68
192
194
156
312
382
216
308
286
322
248
326
262
262
232
210
170
184
30
38
138
186
102
86
132
186
122
30
72
118
240
168
190
200
132
54
150
388
368
330
570
506
358
444
756
682
490
712
716
790
854
976
922
942
842
770
712
438
466
248
398
376
584
582
658
510
506
636
496
346
434
578
522
266
292
296
298
194
82
30
36
62
156
248
82
38
76
2
6
84
190
178
260
274
198
258
368
252
38
214
362
268
194
44
4
158
188
192
276
296
300
386
460
328
366
230
262
324
290
222
206
58
70
94
66
140
152
172
46
2
64
60
50
212
228
226
200
572
636
494
604
612
554
566
706
616
748
706
604
626
682
758
900
836
916
1042
978
1062
1164
1312
1464
1542
1570
1454
1374
1292
1348
1378
1412
1546
1614
1640
1536
1444
1454
1642
1660
1684
1622
1636
1720
1610
1610
1570
1700
1442
1410
1410
1172
1272
1128
1212
1212
1226
1230
1092
880
734
796
824
814
932
850
736
814
740
674
708
680
508
514
346
568
456
356
328
482
286
570
428
378
390
460
406
268
272
242
202
106
198
196
186
14
8
32
112
196
188
156
54
130
298
186
40
36
60
20
8
132
156
72
160
138
140
134
250
206
164
298
356
320
284
532
488
462
484
328
418
412
510
336
474
566
634
640
678
696
636
710
498
348
370
516
736
792
896
724
716
684
610
632
342
370
460
282
254
140
194
166
194
216
286
256
270
218
310
318
466
380
258
288
350
554
668
616
334
318
358
328
132
242
64
16
96
4
58
212
154
72
10
126
4
14
128
120
220
328
518
398
678
636
758
828
794
710
564
670
506
374
232
284
302
304
414
450
706
648
654
492
600
690
808
874
830
958
882
884
760
820
954
918
1082
1080
1138
1058
1014
892
1056
1240
1034
1098
1062
1040
1108
1188
1224
1256
1144
1174
1338
1364
1252
1134
1358
1252
1184
1282
1322
1430
1156
972
1140
1178
1174
1120
1244
1190
1158
1264
1290
1398
1452
1486
1240
1272
1168
1140
1174
1242
1308
1268
1298
1222
1244
1250
1492
1480
1394
1292
1412
1246
1322
1328
1212
1154
972
856
870
758
800
946
1098
948
774
970
784
890
956
1102
1150
1218
1178
1142
1066
1050
1074
982
988
832
872
800
898
938
874
856
776
854
874
840
884
968
1090
1172
1164
1304
1298
1214
1150
1210
1180
1146
1114
1028
1024
896
850
704
560
638
412
428
350
448
510
608
522
744
716
784
1020
1150
1222
1116
1288
1258
1236
1318
1270
1252
1246
1206
1302
1260
1356
1394
1348
1236
1236
1254
1270
1252
1144
1284
1240
1332
1218
1136
1308
1232
1252
1344
1438
1460
1368
1350
1174
1346
1452
1416
1470
1466
1592
1610
1546
1714
1702
1664
1668
1714
1612
1674
1676
1622
1498
1662
1700
1754
1600
1710
1544
1628
1712
1498
1224
1246
1120
1026
992
906
932
1094
1212
1152
1090
1176
1094
940
1114
1188
1212
1050
1142
1082
988
1170
1058
1026
1088
1182
1344
1412
1344
1326
1260
1310
1120
958
996
790
596
