2838
2864
2936
3020
3010
3004
2918
2962
2942
3016
3084
3048
3060
3020
3016
3038
3076
3138
3140
3156
3156
3120
3072
2986
3024
2952
2978
2928
2908
2910
2916
2876
2996
3070
3068
2972
2956
2992
2894
2904
2930
2968
2972
2908
2890
2916
2828
2862
2918
2930
2988
2852
2860
2884
2780
2794
2724
2694
2562
2622
2618
2598
2596
2596
2476
2468
2446
2498
2512
2486
2520
2554
2502
2560
2590
2574
2596
2670
2730
2764
2742
2714
2722
2690
2602
2602
2576
2562
2490
2556
2520
2494
2408
2418
2440
2504
2472
2432
2550
2582
2542
2546
2544
2522
2504
2406
2444
2442
2386
2404
2546
2556
2574
2534
2580
2578
2534
2532
2556
2624
2654
2580
2592
2648
2666
2608
2550
2518
2552
2596
2628
2578
2638
2596
2614
2624
2640
2682
2612
2506
2502
2506
2530
2468
2412
2362
2458
2514
2496
2502
2408
2418
2472
2386
2442
2460
2402
2416
2478
2450
2438
2406
2346
2458
2454
2440
2332
2294
2394
2388
2420
2394
2338
2238
2270
2300
2176
2194
2172
2184
2224
2198
2194
2176
2210
2292
2266
2270
2238
2230
2210
2180
2136
2178
2212
2266
2274
2360
2410
2382
2388
2396
2350
2434
2354
2354
2354
2312
2318
2324
2278
2236
2220
2220
2172
2116
2182
2156
2152
2168
2196
2178
2160
2232
2210
2138
2186
2162
2156
2212
2286
2322
2232
2292
2228
2192
2232
2174
2192
2130
2164
2168
2254
2274
2192
2132
2130
2086
2022
2080
1968
1948
2008
2056
2020
2114
2046
1980
1902
1950
2038
2042
2102
2048
2092
2160
2140
2090
2090
2032
2046
2094
2108
2056
2142
2158
2172
2172
2194
2140
2076
2130
2140
2174
2186
2198
2160
2212
2294
2328
2300
2250
2278
2308
2288
2234
2268
2172
2156
2092
2014
2008
2048
2068
2034
2132
2146
2196
2154
2214
2278
2270
2242
2292
2362
2254
2290
2334
2260
2238
2184
2232
2314
2302
2282
2354
2282
2358
2366
2304
2242
2202
2224
2324
2342
2344
2316
2328
2356
2314
2366
2446
2476
2428
2408
2358
2426
2394
2462
2436
2372
2426
2354
2412
2316
2280
2272
2290
2302
2254
2260
2238
2262
2310
2262
2270
2450
2430
2546
2594
2662
2552
2556
2498
2560
2558
2482
2440
2416
2452
2368
2394
2430
2394
2372
2394
2368
2502
2488
2588
2526
2612
2644
2594
2682
2692
2710
2698
2664
2578
2594
2604
2654
2676
2706
2710
2692
2666
2710
2640
2670
2680
2616
2572
2578
2658
2756
2698
2630
2644
2650
2694
2668
2720
2778
2774
2706
2670
2772
2798
2816
2756
2782
2820
2860
2948
2974
3002
3078
3104
3098
3064
3136
3144
3168
3106
3088
2990
2964
2950
3010
3000
2964
3014
2954
2968
3014
3022
3092
3104
3064
2978
3006
3060
3090
3158
3136
3098
3156
3162
3186
3096
3018
2992
2988
3044
3070
3124
3110
3086
3130
3106
3052
3034
3000
3000
2998
2946
3022
3012
3020
3010
2968
2932
2898
2996
2972
2960
2960
2996
3084
3048
3054
3062
3076
3008
3118
3164
3212
3228
3184
3122
3090
3084
3028
3016
2930
2988
3024
3024
3048
3022
3054
3034
2968
2950
2902
2962
2990
3104
3106
3114
3078
3148
3188
3134
3196
3176
3166
3210
3202
3192
3220
3252
3364
3290
3244
3266
3328
3240
3146
3102
3106
3090
3172
3182
3200
3232
3116
3110
3058
3002
3028
3044
3062
3048
3048
3004
2964
2948
2946
2910
2856
2884
2888
2924
2900
2892
3054
3080
3072
3092
3106
3146
3088
3056
3058
3074
3076
3028
3038
2998
3024
3082
3062
3044
3056
3004
3048
2992
3022
3026
3024
2928
2918
2982
3062
3098
3104
3072
3142
3164
3102
3150
3116
3118
3120
3132
3092
3166
3194
3198
3186
3156
3130
3090
3024
2862
2982
2918
3000
3102
3078
3054
3008
2980
2968
2936
2924
2882
2886
2792
2818
2826
2798
2752
2754
2872
2890
2834
2846
2842
2844
2820
2746
2654
2718
2802
2774
2732
2772
2896
2886
2858
2872
2890
2894
2846
2890
2842
2842
2848
2942
2964
2958
2978
3100
3092
3048
3048
3114
3088
3078
3058
3008
2980
2976
2996
2870
2942
2908
2868
2888
2756
2734
2762
2722
2614
2632
2642
2592
2694
2634
2668
2648
2654
2666
2736
2686
2650
2610
2540
2564
2602
2576
2460
2422
2420
2416
2360
2380
2484
2520
2568
2610
2616
2612
2632
2550
2556
2700
2654
2578
2646
2656
2636
2640
2696
2706
2804
2822
2782
2648
2610
2628
2674
2620
2552
2536
2592
2574
2524
2572
2690
2656
2628
2674
2694
2672
2674
2590
2476
2550
2586
2526
2482
2460
2546
2606
2660
2606
2538
2508
2592
2642
2634
2656
2680
2688
2656
2686
2644
2592
2502
2496
2474
2524
2586
2504
2504
2436
2556
2570
2464
2492
2486
2508
2518
2508
2592
2476
2388
2380
2414
2392
2406
2414
2424
2426
2464
2516
2492
2504
2494
2476
2346
2414
2418
2422
2452
2374
2342
2312
2268
2310
2314
2268
2304
2340
2468
2480
2450
2338
2404
2398
2480
2440
2446
2394
2426
2406
2518
2510
2540
2452
2426
2326
2330
2254
2136
2174
2188
2246
2256
2302
2402
2490
2486
2428
2440
2356
2302
2360
2458
2446
2418
2356
2282
2354
2312
2346
2262
2264
2236
2180
2288
2246
2250
2268
2306
2342
2318
2266
2206
2276
2298
2408
2476
2386
2412
2408
2370
2454
2452
2408
2468
2460
2360
2172
2094
2062
2132
2124
2134
2182
2182
2076
2186
2212
2286
2338
2330
2322
2402
2382
2394
2362
2376
2314
2346
2432
2382
2336
2338
2358
2444
2492
2482
2324
2388
2426
2472
2528
2530
2522
2484
2408
2406
2464
2450
2484
2490
2488
2544
2624
2616
2630
2656
2580
2520
2506
2578
2562
2564
2696
2692
2606
2580
2628
2662
2762
2730
2804
2894
2892
2960
2946
2978
2906
2882
2922
2856
2846
2818
2838
2868
2884
2948
2960
2984
3010
2998
3008
2958
3040
3018
3034
3026
3048
3036
3016
2954
2894
2890
2826
2826
2832
2866
2790
2810
2942
2924
2910
2846
2836
2866
2802
2800
2862
2806
2770
2780
2792
2796
2766
2764
2778
2790
2802
2834
2880
2882
2928
2876
2918
3004
2896
2944
2890
2894
2914
2900
2848
2986
2980
2982
2938
2874
2856
2916
2858
2832
2824
2826
2806
2820
2838
2850
2756
2756
2700
2700
2708
2718
2762
2772
2788
2800
2792
2788
2776
2804
2822
2854
2898
2944
2956
2912
2882
2844
2920
2900
2898
2928
2942
2986
3018
2992
3010
3008
2984
3024
2968
2968
2968
2884
2982
2982
2978
2970
2956
2988
2984
2952
2960
2926
2958
2898
3012
3024
3028
2958
2918
2964
2994
2976
2954
2968
2984
2940
2964
2866
2710
2748
2798
2806
2756
2774
2762
2742
2794
2754
2882
2868
2758
2728
2666
2660
2760
2832
2742
2740
2610
2628
2582
2514
2616
2610
2494
2564
2572
2546
2510
2596
2608
2646
2600
2598
2600
2522
2460
2418
2508
2424
2436
2456
2546
2578
2562
2476
2490
2390
2490
2376
2460
2458
2544
2554
2650
2750
2730
2788
2780
2736
2716
2774
2818
2856
2834
2868
2908
2870
2876
2914
2908
2894
2922
2960
2894
2826
2854
2888
2960
2940
2976
3018
2908
2900
2906
2928
2964
3000
2938
2976
2958
2946
2950
2926
2972
3034
3028
3114
3070
3098
3158
3158
3156
3150
3204
3198
3252
3254
3164
3170
3218
3150
3078
3192
3268
3202
3158
3198
3206
3200
3230
3224
3272
3258
3324
3304
3284
3276
3296
3254
3202
3164
3132
3128
3106
3154
3208
3184
3166
3134
3168
3252
3288
3276
3298
3324
3268
3258
3258
3196
3150
3072
3042
3060
3038
3058
3088
3132
3102
3034
3066
3038
3116
3098
3074
3044
2976
2988
2988
2930
2952
2944
2980
2916
2914
2950
2974
2882
2948
3066
3036
2972
2980
2968
2962
2962
2904
2946
3010
3000
3008
3028
3052
3128
3094
3066
3058
3056
3138
3136
3152
3116
3138
3124
3174
3104
3062
3014
2980
2968
2984
3032
3012
3024
3016
2982
2988
2998
2988
3008
2998
2978
2998
2954
2956
2990
2902
2922
3012
3008
3062
3044
3116
3126
3120
3076
3102
3116
3174
3092
3070
3114
3082
3102
3116
3106
3084
2990
3000
2900
2924
2962
2956
2960
2944
2930
3060
3070
3088
3054
3088
2954
2950
2920
2852
2908
2904
2932
2982
2976
2936
2932
2958
2946
2968
3052
3076
3144
3132
3088
3098
3058
3026
3106
3184
3202
3224
3156
3228
3074
3066
3104
3044
3012
3032
3038
3040
3050
3112
3140
3110
3040
3070
3102
3086
3102
3154
3228
3308
3342
3318
3368
3412
3376
3376
3362
3438
3428
3426
3344
3336
3410
3408
3294
3390
3374
3342
3370
3326
3326
3278
3308
3352
3354
3354
3300
3264
3266
3290
3284
3344
3378
3304
3234
3236
3232
3176
3184
3132
3108
3242
3276
3278
3294
3214
3180
3114
3152
3124
3092
3144
3102
3152
3144
3110
3142
3186
3150
3116
3138
3188
3182
3128
3126
3018
3006
3040
2998
3076
3076
3078
2984
2914
2916
2918
2996
3002
3030
3054
3034
3106
3112
3106
3176
3100
3076
3060
3150
3140
3220
3216
3318
3358
3388
3420
3410
3432
3348
3296
3256
3192
3166
3178
3180
3250
3302
3304
3374
3362
3302
3318
3310
3278
3266
3256
3236
3248
3222
3136
3134
3056
3112
3138
3146
3150
3146
3068
3034
2972
2948
2930
2852
2842
2942
2902
2900
2874
2938
2976
2936
2916
2964
2952
2836
2848
2846
2894
2824
2866
2830
2830
2916
2930
2890
2924
2968
3114
3150
3100
3030
3066
3112
3028
2932
2880
2930
2974
3024
3088
3070
2968
2928
2874
2964
2948
2962
2972
2856
2806
2844
2950
2922
2966
3004
2882
2808
2736
2726
2694
2666
2652
2628
2626
2582
2644
2672
2704
2786
2804
2804
2762
2796
2734
2796
2730
2682
2666
2680
2612
2596
2588
2512
2572
2476
2416
2426
2446
2504
2512
2626
2618
2672
2696
2718
2726
2710
2782
2772
2760
2798
2730
2734
2684
2658
2788
2748
2704
2674
2624
2568
2628
2644
2566
2500
2506
2506
2492
2416
2436
2404
2460
2432
2392
2342
2292
2304
2284
2200
2260
2308
2326
2320
2254
2228
2352
2392
2432
2422
2442
2470
2490
2560
2624
2628
2572
2534
2548
2480
2490
2448
2432
2442
2460
2360
2298
2362
2366
2388
2374
2432
2510
2472
2500
2494
2516
2486
2394
2412
2428
2500
2506
2482
2400
2460
2412
2490
2544
2518
2526
2514
2532
2484
2408
2448
2524
2444
2462
2464
2568
2646
2716
2760
2800
2804
2786
2812
2802
2894
2944
2970
2938
2898
2836
2800
2818
2774
2734
2764
2768
2832
2728
2694
2670
2696
2650
2632
2612
2516
2592
2556
2532
2598
2642
2600
2584
2574
2524
2546
2654
2648
2604
2652
2646
2622
2610
2664
2650
2756
2750
2848
2866
2820
2812
2704
2714
2736
2662
2508
2562
2502
2494
2522
2500
2460
2488
2560
2614
2686
2632
2636
2670
2682
2722
2776
2754
2690
2746
2814
2820
2774
2728
2680
2712
2732
2720
2746
2736
2738
2696
2684
2782
2824
2844
2754
2818
2756
2762
2780
2834
2918
2882
2894
2924
2936
2914
2970
3004
3014
3042
3026
3062
3122
3134
3044
3016
3014
2994
2930
2952
2902
3020
3100
3164
3204
3224
3138
3042
3036
3024
3006
3028
3072
3094
3016
3016
3100
3036
3050
3130
3178
3126
3104
3088
3042
3016
3036
2974
3048
3044
3078
3114
3110
3146
3162
3158
3132
3194
3136
3140
3046
3080
3094
3064
3132
3132
3070
3070
3028
2968
3008
3002
3056
3090
3182
3236
3196
3224
3244
3210
3200
3114
3060
3072
3108
3084
3052
3044
3100
3164
3146
3146
3208
3238
3340
3336
3282
3240
3286
3332
3318
3256
3284
3296
3370
3350
3332
3370
3352
3362
3388
3356
3366
3336
3306
3302
3278
3200
3172
3162
3194
3274
3262
3216
3160
3206
3264
3288
3336
3296
3242
3252
3254
3212
3122
3064
3084
3130
3102
3150
3158
3156
3100
3130
3072
2962
3044
2964
2940
2996
3048
3110
3046
3100
3082
3058
3124
