2990
2960
3006
3076
3084
3176
3216
3206
3140
3136
3140
3148
3154
3086
3116
3064
3088
3036
3008
3094
3142
3056
3050
3100
3066
3030
2984
3022
3134
3160
3158
3198
3206
3266
3272
3180
3172
3102
3098
3164
3210
3184
3164
3146
3114
3132
3176
3210
3266
3244
3222
3276
3184
3208
3210
3200
3212
3238
3212
3248
3176
3222
3190
3212
3324
3262
3196
3136
3124
3108
3196
3278
3298
3298
3280
3246
3200
3176
3236
3216
3152
3150
3200
3190
3134
3080
3114
3104
3122
3136
3186
3186
3168
3156
3204
3234
3200
3124
3078
3132
3130
3196
3134
3192
3234
3182
3100
3178
3294
3294
3274
3246
3204
3206
3266
3200
3168
3214
3200
3136
3154
3138
3050
3090
3000
2962
2942
2922
2898
2864
2892
2836
2804
2876
2890
2986
2966
2918
2914
2942
2904
2944
2898
2894
2940
2850
2866
2852
2824
2678
2680
2720
2714
2642
2696
2576
2594
2508
2610
2612
2622
2582
2590
2618
2702
2722
2798
2684
2742
2602
2740
2722
2714
2796
2744
2806
2848
2852
2922
2866
2854
2944
2900
2906
2852
2810
2714
2672
2660
2626
2722
2794
2778
2778
2774
2852
2778
2786
2802
2844
2938
2854
2816
2752
2766
2722
2762
2810
2812
2860
2840
2840
2792
2820
2846
2836
2790
2812
2812
2822
2820
2940
2944
2932
2894
2858
2908
2982
2990
3078
3032
3074
3080
3132
3214
3188
3186
3198
3094
3144
3116
3118
3128
3070
3054
3070
3166
3154
3214
3268
3218
3234
3216
3186
3256
3308
3244
3276
3296
3294
3220
3192
3230
3264
3228
3248
3224
3130
3114
3108
3138
3140
3086
3126
3114
3122
3102
3030
3090
3068
3022
3042
3006
3066
2978
3014
2974
3012
3054
3044
3064
3124
3094
3076
3032
2998
3054
2966
2958
2948
2978
3076
2982
2996
2914
2928
2900
2862
2786
2846
2868
2814
2848
2858
2890
2798
2810
2796
2746
2782
2818
2790
2902
2858
2874
2892
2926
2962
2948
3064
3052
3098
3100
3132
3162
3172
3184
3116
3106
3180
3200
3168
3202
3226
3194
3128
3052
3080
3078
3058
2986
2900
2922
2886
2880
2872
2838
2826
2790
2818
2804
2796
2784
2808
2734
2606
2658
2574
2686
2744
2802
2758
2804
2770
2726
2736
2788
2758
2806
2812
2890
2876
2900
2878
2964
2950
2916
2986
3024
2970
2972
2972
2946
2942
3014
2904
2834
2936
2980
2902
2772
2776
2856
2812
2836
2766
2774
2776
2818
2816
2782
2758
2684
2650
2720
2802
2804
2820
2882
2790
2752
2694
2760
2700
2704
2716
2692
2664
2686
2746
2652
2664
2662
2696
2702
2676
2672
2660
2648
2600
2658
2664
2750
2882
2910
2890
2876
2912
2894
2910
2890
2876
2876
2964
2980
3048
3058
3050
3104
3076
3014
3040
3082
3176
3284
3228
3292
3246
3262
3384
3386
3286
3342
3384
3372
3350
3326
3292
3322
3290
3274
3210
3142
3132
3134
3114
3120
3222
3278
3216
3240
3130
3226
3144
3114
3132
3116
3112
3160
3146
3132
3128
3066
3012
3036
2984
2984
3016
3004
3022
2970
3040
3134
3142
3136
3160
3154
3154
3222
3270
3300
3340
3330
3358
3322
3284
3262
3310
3278
3292
3414
3398
3352
3358
3308
3306
3224
3224
3292
3302
3280
3310
3348
3312
3238
3194
3126
3064
3142
3162
3190
3096
3052
3196
3146
3078
3132
3162
3076
3120
3076
3106
3086
3136
3170
3182
3242
3230
3178
3248
3246
3232
3258
3200
3190
3222
3116
3104
3020
2964
3042
3118
3082
3048
3016
3004
2914
2960
3046
2968
2878
2984
2938
2932
2958
3034
3054
3032
3030
3068
3130
3170
3100
3120
3114
3074
3050
2996
3040
3066
3048
3046
3014
3066
3042
3130
3086
3098
3010
3052
3004
3022
2936
2972
2936
2882
2964
2982
2964
2906
2910
2934
2916
2908
3024
3028
3026
3118
3128
3122
3154
3116
3164
3138
3072
3040
3010
2966
2964
2982
2920
2916
2974
2920
2872
2964
3052
2956
2914
2946
2970
2980
2940
2896
3012
3078
3036
2968
3024
2944
2880
2964
2956
2938
2910
2928
2950
2902
2880
2852
2844
2904
2940
2966
2996
3058
3004
2932
2902
2950
2932
2952
3028
2982
2936
2894
2942
2882
2942
3014
2872
2898
2922
3010
2966
2930
2924
2902
2968
2934
2876
2890
2898
2994
2924
2928
2898
2922
2986
2952
2890
2824
2816
2710
2716
2678
2604
2630
2600
2526
2514
2586
2650
2682
2728
2772
2902
2910
3016
3058
3084
3052
3026
2950
3042
3066
3068
2990
2858
2788
2832
2792
2924
2872
2828
2916
2928
3016
2938
2974
2976
2954
3014
3028
2998
3044
3036
2998
2962
3008
2982
2876
2864
2854
2858
2906
2990
2910
2978
3060
3114
3084
3074
3044
2964
2912
2888
2804
2860
2766
2776
2756
2734
2806
2852
2836
2788
2852
2792
2824
2820
2862
2716
2768
2784
2766
2790
2868
2892
2854
2866
2826
2800
2886
2910
2800
2796
2768
2918
3006
3084
3026
2932
2956
3006
3040
3040
2980
2918
2986
2998
3028
3066
2980
2924
2886
2860
2858
2928
3006
3020
3032
3128
3024
3082
3100
3092
3062
2992
2986
2930
2898
2984
3000
2998
3042
2930
2976
3046
3028
3014
2980
2920
2870
2836
2856
2824
2804
2862
2820
2824
2808
2796
2910
2938
3042
3014
2936
2974
2912
2942
2968
3066
3008
2956
2940
3032
3026
3074
3008
2994
3114
3086
3090
3050
3096
3024
3120
3126
3092
3148
3054
3006
2986
2944
3022
3088
3090
3002
3028
3002
3036
3128
3170
3214
3208
3236
3230
3158
3100
3090
3214
3176
3184
3206
3236
3174
3130
3124
3128
3106
3182
3154
3220
3146
3126
3100
3110
3058
3058
2976
3036
3028
3006
3042
3084
3180
3238
3254
3304
3270
3220
3216
3150
3104
3114
3190
3176
3248
3222
3250
3318
3382
3286
3228
3226
3262
3234
3304
3244
3260
3272
3264
3292
3260
3216
3154
3170
3164
3126
3092
3078
3124
3182
3150
3156
3084
3150
3170
3166
3062
3138
3168
3086
3002
3026
3040
3016
2962
2986
2996
2896
2870
2960
2938
2888
2892
2818
2878
2912
3010
2976
3012
3014
3084
2948
2998
2956
2934
2944
2968
2970
3072
3108
3004
2992
2934
2920
2936
2960
2958
2958
2986
2972
3020
2928
2902
2948
2990
3150
3058
3096
3036
3034
3080
3008
3070
2980
3024
3026
3028
2994
2914
2856
2854
2980
2974
2952
2970
2974
2912
2834
2950
2982
2922
3008
3044
2964
2936
2958
3020
3072
3084
3112
3130
3054
3114
3224
3282
3294
3226
3252
3174
3166
3188
3278
3240
3208
3224
3224
3222
3186
3162
3220
3166
3148
3168
3148
3222
3196
3148
3086
3082
3110
3060
3050
3030
3004
2908
2792
2768
2692
2712
2716
2842
2796
2840
2828
2902
2878
2904
2932
2970
3012
3062
3096
3132
3140
3064
2966
2984
3000
2964
2918
2872
2950
2980
3000
3010
2918
3016
3030
3036
3118
3128
3132
3146
3120
3128
3190
3136
3064
3042
2984
3006
3056
3054
3052
3086
3096
3030
3052
2976
2902
2976
3014
3030
3082
3022
3050
2996
2992
3082
3060
3018
2980
2966
3006
2998
2978
3006
3072
3068
3154
3098
3162
3216
3230
3330
3296
3138
3150
3212
3154
3156
3106
3118
3002
3052
3130
3144
3158
3240
3202
3318
3370
3340
3234
3256
3332
3374
3346
3380
3372
3376
3454
3442
3424
3372
3382
3414
3356
3324
3342
3356
3308
3418
3340
3344
3218
3250
3268
3284
3300
3280
3276
3244
3234
3216
3240
3274
3280
3330
3350
3350
3346
3330
3246
3216
3244
3256
3270
3288
3298
3284
3332
3320
3288
3292
3264
3268
3328
3286
3294
3254
3288
3370
3344
3324
3288
3360
3268
3240
3232
3240
3164
3060
3104
3026
2972
3020
3056
2966
2882
2986
2854
2874
2944
3016
2978
2950
2888
2846
2920
2888
2868
2874
2874
2908
2994
2982
3004
3024
2990
3044
3108
3166
3236
3210
3292
3286
3216
3252
3246
3274
3302
3244
3160
3128
3212
3210
3128
3178
3116
3180
3188
3102
3060
3094
3080
3072
3114
3144
3154
3180
3200
3188
3208
3102
3038
2924
2920
2974
2946
2972
2978
2894
2934
2868
2782
2742
2902
2916
2954
2838
2818
2810
2788
2772
2752
2768
2796
2766
2832
2874
2980
3030
3048
3088
3130
3218
3190
3174
3118
3068
3144
3120
3132
3172
3142
3226
3266
3292
3312
3256
3284
3386
3344
3352
3356
3344
3352
3292
3266
3278
3278
3248
3228
3178
3192
3182
3216
3232
3130
3010
3000
3046
3060
3094
3074
3082
3042
2972
2952
2940
2914
2896
3054
3070
3118
3252
3204
3284
3264
3196
3212
3196
3138
3102
3166
3206
3140
3162
3116
3162
3228
3270
3228
3198
3262
3232
3268
3302
3330
3226
3142
3184
3106
3248
3190
3196
3154
3058
3100
3168
3132
3188
3218
3182
3224
3180
3174
3190
3216
3172
3186
3204
3232
3208
3256
3224
3170
3134
3134
3198
3204
3286
3336
3294
3296
3300
3322
3294
3250
3198
3246
3324
3292
3294
3254
3348
3370
3306
3242
3284
3218
3202
3260
3228
3238
3218
3218
3250
3246
3310
3312
3428
3380
3322
3310
3360
3338
3326
3368
3354
3372
3352
3364
3360
3292
3330
3296
3200
3164
3174
3108
3134
3154
3254
3258
3288
3252
3284
3222
3230
3176
3218
3218
3238
3194
3236
3288
3292
3230
3298
3280
3364
3336
3302
3296
3302
3252
3272
3168
3158
3108
3096
3152
3074
3202
3176
3130
3126
3166
3194
3176
3174
3120
3058
3008
2948
3024
3008
3004
2960
2932
2948
2916
2842
2946
2976
3064
3026
3004
3024
3000
2964
2972
2986
3022
3074
3032
3050
3108
3052
3088
3068
3028
3100
3128
3078
3086
3052
2948
2918
2958
2854
2866
2986
2984
3026
2900
2952
3042
3116
3172
3176
3178
3218
3182
3172
3150
3174
3136
3052
3072
3000
3036
3030
2990
2962
2900
2838
2806
2788
2838
2844
2780
2854
2842
2932
2876
2806
2816
2786
2688
2716
2742
2728
2808
2746
2822
2866
2942
3022
3014
3006
2934
2916
2930
2948
2898
2890
2886
2848
2844
2806
2758
2676
2706
2638
2710
2718
2742
2764
2728
2764
2748
2780
2868
2890
2942
2888
2828
2838
2804
2822
2814
2890
2930
2978
3030
3074
3060
3064
3098
3024
3012
3116
3090
3110
3074
3004
2942
2990
2960
2876
2914
2892
2958
2910
2884
2848
2818
2700
2670
2720
2600
2712
2704
2718
2784
2744
2810
2950
2908
2952
2950
3008
2964
2972
2974
3010
2942
2890
2872
2902
2836
2810
2842
2836
2848
2848
2878
2880
2922
2892
2896
2854
2826
2814
2778
2854
2922
2982
3020
2976
3050
3040
3006
3010
3068
2984
2990
3010
3058
2960
2838
2980
3006
3060
3080
3178
3080
3098
3112
3026
3092
3108
3120
3128
3122
3066
3006
2998
2954
2964
3018
3008
2880
2912
3002
2960
2916
2880
2864
2858
2870
2802
2714
2756
2766
2840
2810
2740
2722
2676
2792
2802
2824
2818
2876
2762
2740
2752
2722
2770
2738
2872
2920
2964
2926
2880
2846
2888
2864
2804
2818
2790
2768
2768
2734
2622
2672
2734
2640
2568
2482
2378
2398
2532
2516
2386
2474
2534
2584
2562
2546
2508
2622
2606
2628
2574
2576
2530
2478
2562
2614
2598
2562
2514
2552
2522
2548
2520
2558
2536
2508
2444
2442
2524
2554
2436
2496
2412
2508
2556
2534
2442
2484
2418
2416
2414
2490
2452
2450
2428
2392
2360
2344
2432
2460
2514
2466
2456
2544
2632
2610
2600
2596
2588
2520
2504
2478
2416
2334
2332
2290
2202
2206
2262
2318
2296
2392
2466
2468
2532
2514
2492
2470
2440
2416
2464
2392
2328
2398
2346
2468
2424
2484
2422
2514
2514
2440
2468
2484
2494
2514
2492
2350
2382
2442
2350
2248
2140
2236
2184
2202
2230
2224
2228
2222
2322
2380
2354
2364
2402
2282
2208
2166
2246
2182
2148
2124
2144
2126
2154
2100
2094
2004
1960
2010
2016
1956
1986
2074
2170
2170
2220
2286
2228
2264
2282
2314
2242
2162
2236
2308
2272
2246
2260
2246
2214
2114
2112
2156
2086
2172
2122
2110
