7756
7796
7674
7812
7758
7786
7864
7926
7942
7848
7848
7822
7828
7788
7748
7686
7786
7756
7798
7868
7892
7934
8030
7974
7962
8038
7990
8024
8092
8044
7968
7902
7970
8004
7934
7934
7902
7874
7914
7792
7928
7980
8044
8050
8106
8112
8198
8250
8162
8152
8072
8052
8044
8080
8084
7988
7972
7872
7990
8028
8064
7980
7896
7964
7992
8038
8006
7992
7970
8010
8034
8008
8034
8016
7992
7964
7948
7902
7894
7960
7976
7998
8040
7974
7984
7898
7892
8006
7918
7962
7990
7936
7994
7982
8060
8034
7998
7960
7890
7860
7794
7786
7754
7926
7808
7860
7816
7770
7726
7614
7630
7730
7768
7830
7860
7902
7856
7712
7762
7754
7840
7920
7788
7790
7666
7582
7684
7678
7632
7656
7632
7620
7678
7786
7742
7770
7766
7772
7694
7806
7948
7948
8012
7934
7924
7932
7954
7974
7992
7988
7848
7774
7856
7768
7846
7882
7840
7810
7856
7790
7840
7800
7780
7686
7664
7720
7702
7798
7800
7838
7886
7886
7808
7886
7902
7776
7874
8068
8022
8086
8028
8074
8136
8036
8042
8078
8116
8116
8130
8102
7986
8058
8064
8030
7994
8064
8006
8034
7978
7976
7952
7892
7870
7852
7776
7672
7616
7620
7592
7684
7636
7626
7640
7712
7794
7828
7806
7664
7706
7836
7800
7796
7838
7870
7932
7946
7860
7796
7782
7874
7904
7860
7752
7686
7714
7662
7776
7740
7696
7754
7696
7706
7748
7710
7716
7780
7882
7854
7876
7878
7826
7902
7820
7836
7758
7778
7826
7848
7832
7868
8018
7906
7832
7834
7890
7754
7628
7736
7714
7786
7894
8050
7992
7972
8030
7964
7990
7942
7884
7930
7954
7978
7976
8024
8030
7916
7986
7954
7918
7976
7950
7962
7972
8052
8068
8022
7948
8030
7976
8048
8004
8020
8070
8016
8008
7930
7900
7876
7896
7822
7802
7836
7852
7886
7786
7916
7880
7936
7972
8028
7996
8032
7980
7896
7818
7896
7892
7746
7818
7900
7812
7850
7824
7862
7798
7842
7954
8002
7914
7968
7878
7784
7788
7826
7872
8004
7978
7920
7914
7956
8048
8010
7904
7856
7866
7942
7956
7948
7890
7860
7808
7776
7860
7886
7910
7954
8016
7978
7988
8036
7958
8002
7908
7934
7864
7826
7726
7788
7742
7782
7798
7820
7722
7676
7690
7820
7836
7864
7832
7822
7744
7850
7868
7948
7932
7938
7904
7844
7876
7776
7862
7926
7866
7878
7904
7866
7820
7748
7726
7736
7724
7724
7686
7718
7828
7834
7786
7838
7768
7762
7810
7950
8016
8000
7976
7890
7976
8000
7936
8062
8140
8122
8142
8158
8100
8148
8158
8084
8080
8062
7980
7972
7980
7954
7976
7870
7932
7954
7996
7962
7894
7932
8016
8046
8064
8022
8018
7916
7886
7968
7936
8010
8020
8020
8020
7910
7874
7942
7958
7874
7900
7886
7960
7986
8050
7948
7944
7986
8028
8004
8050
7986
7886
7888
7926
7838
7898
7938
8008
7922
7878
7926
7826
7870
7892
7908
7832
7838
7858
7934
7814
7742
7700
7648
7712
7676
7750
7750
7864
7966
8012
7986
7964
7892
7908
7846
7910
7948
7848
7710
7776
7760
7776
7640
7638
7602
7652
7556
7570
7536
7582
7596
7584
7532
7650
7732
7762
7788
7764
7788
7804
7854
7808
7720
7844
7814
7822
7810
7800
7686
7668
7718
7660
7708
7614
7606
7576
7660
7562
7654
7648
7630
7652
7626
7596
7600
7696
7650
7732
7776
7690
7624
7696
7740
7760
7778
7858
7750
7790
7820
7784
7808
7840
7948
7934
7980
8042
7960
7976
7866
7830
7878
7948
7910
7910
7868
7904
7948
7840
7926
7940
7918
7926
7830
7942
7982
7988
7986
8056
8020
8100
8068
8124
8164
8090
7990
8006
8058
8124
8014
7984
7890
7920
7900
7892
7944
7784
7864
7892
7878
7854
7870
7766
7642
7560
7624
7664
7726
7778
7802
7846
7738
7646
7604
7556
7502
7548
7544
7590
7554
7504
7456
7450
7570
7526
7538
7538
7662
7650
7628
7634
7654
7752
7794
7822
7814
7824
7934
7994
7892
7918
7954
7980
7972
7878
7894
7872
7868
7882
7882
7782
7940
7936
7930
7910
7852
7834
7808
7800
7832
7810
7812
7920
7900
7924
7890
7880
7876
7892
7956
7960
8024
7968
7882
7748
7896
7942
7906
7794
7700
7626
7734
7778
7866
7880
7856
7922
7950
7972
7958
7952
8062
8138
8142
8012
7954
7932
7948
7926
7922
7908
7804
7890
7836
7772
7730
7876
7974
7964
7966
7930
8016
8012
7984
7980
7942
7960
7872
7862
7928
8028
8012
7954
7874
7932
7918
7962
7960
7952
7988
7826
7912
7922
7916
7814
7800
7764
7758
7874
7854
7886
7978
7918
8000
7970
7930
7912
7968
7908
7914
7972
8094
7988
7932
7970
7992
8068
8130
8066
7942
7914
7928
7950
7974
7942
8016
8098
8132
8202
8128
8136
8074
8068
8084
8130
8108
8006
7898
7960
8020
7956
7880
7846
7848
7880
7860
7802
7782
7816
7758
7824
7676
7634
7654
7594
7628
7706
7792
7834
7846
7912
7874
7872
7788
7826
7864
7804
7908
7932
7878
7720
7682
7710
7750
7814
7804
7836
7770
7742
7826
7800
7956
8018
7920
7886
7854
7884
7786
7846
7878
7786
7822
7814
7744
7818
7780
7736
7698
7774
7744
7752
7756
7734
7704
7770
7768
7814
7846
7796
7772
7856
7838
7774
7774
7792
7720
7760
7814
7818
7828
7868
7972
8036
7954
7898
7970
7926
7880
7778
7724
7774
7728
7734
7656
7660
7638
7502
7592
7576
7508
7516
7572
7668
7744
7852
7772
7768
7622
7678
7664
7598
7694
7604
7684
7716
7730
7790
7842
7694
7660
7736
7898
7954
7970
7928
7992
8046
8028
8066
8002
7930
7958
7942
7888
7870
7860
7796
7940
7852
7942
7954
7868
7832
7816
7806
7712
7796
7832
7862
7842
7820
7812
7884
7870
7908
7826
7804
7846
7836
7872
7868
7942
7900
7900
7928
7854
7876
7816
7764
7762
7728
7806
7804
7672
7758
7656
7630
7714
7714
7680
7612
7586
7692
7590
7428
7526
7548
7648
7674
7734
7796
7696
7648
7678
7686
7648
7630
7622
7714
7682
7692
7718
7764
7752
7690
7624
7524
7546
7572
7666
7680
7674
7726
7712
7664
7634
7732
7868
7860
7786
7850
7824
7796
7834
7734
7820
7758
7902
7934
7974
7966
7944
7842
7876
7768
7806
7712
7784
7764
7722
7784
7770
7754
7854
7882
7900
7868
7914
7988
7982
7900
7960
7916
7874
7876
7866
7882
7850
7802
7802
7776
7786
7896
7794
7790
7756
7726
7800
7854
7904
7902
7906
7896
7978
7968
8028
7990
8022
8002
8014
7918
7882
7966
7894
7848
7772
7882
7876
7912
7772
7856
7914
8006
7996
7978
7938
7970
7880
7838
7932
7944
7986
7926
7944
7852
7892
7966
8086
8138
8090
8082
7998
7860
7830
7864
7808
7882
7910
7810
7950
7924
7904
7934
7872
7894
7862
7728
7562
7598
7484
7618
7640
7662
7720
7700
7796
7738
7668
7716
7756
7694
7698
7714
7584
7648
7690
7796
7770
7828
7902
7854
7818
7784
7700
7680
7696
7642
7662
7722
7766
7680
7644
7546
7572
7550
7546
7554
7636
7716
7744
7688
7712
7718
7712
7666
7628
7636
7630
7656
7630
7622
7648
7634
7624
7704
7682
7682
7692
7792
7744
7670
7678
7702
7666
7666
7626
7662
7586
7480
7466
7526
7546
7620
7620
7644
7672
7624
7684
7682
7668
7654
7664
7726
7706
7808
7758
7710
7748
7798
7888
7884
7854
7780
7776
7796
7788
7828
7918
7892
7758
7844
7868
7824
7750
7718
7770
7694
7616
7746
7800
7746
7700
7720
7676
7730
7698
7746
7694
7702
7790
7740
7708
7710
7770
7780
7734
7680
7690
7696
7702
7718
7666
7710
7772
7772
7850
7824
7744
7732
7740
7648
7644
7618
7788
7730
7668
7664
7600
7594
7682
7662
7740
7762
7646
7574
7554
7466
7496
7528
7510
7620
7530
7628
7566
7536
7610
7606
7580
7574
7472
7528
7398
7386
7348
7406
7428
7430
7442
7558
7568
7568
7656
7692
7636
7650
7578
7568
7556
7562
7580
7558
7656
7630
7720
7706
7632
7664
7630
7626
7620
7578
7698
7656
7654
7738
7750
7686
7804
7730
7666
7700
7654
7638
7662
7694
7798
7760
7760
7738
7770
7754
7782
7790
7756
7710
7770
7802
7788
7820
7692
7750
7816
7870
7818
7802
7734
7712
7718
7722
7698
7644
7726
7638
7650
7646
7622
7676
7776
7776
7708
7720
7756
7738
7700
7610
7636
7546
7516
7510
7560
7554
7554
7672
7644
7646
7640
7676
7694
7636
7678
7718
7738
7840
7868
7808
7766
7844
7864
7736
7776
7862
7842
7738
7704
7638
7642
7662
7614
7656
7596
7612
7660
7664
7750
7676
7696
7650
7780
7800
7784
7852
7798
7754
7882
7902
7974
7940
7928
7910
7978
7952
8030
8072
8012
7914
7904
7810
7866
7864
7864
7874
7856
7782
7756
7738
7686
7796
7780
7736
7804
7740
7664
7678
7616
7690
7582
7630
7742
7744
7732
7732
7718
7774
7840
7804
7862
7846
7786
7762
7740
7782
7812
7876
8002
8006
8048
7990
7938
8012
8044
7996
7972
8042
8028
8052
7970
7996
7958
7936
7984
7962
7964
7898
7846
7806
7836
7944
7952
7944
7982
7892
7952
7960
7988
7992
7932
7926
7884
7892
7838
7914
8008
8056
8124
8092
8060
8078
8044
8150
8060
8034
8026
8044
7932
7954
7950
7878
7790
7784
7744
7614
7728
7810
7844
7902
7872
7892
7834
7886
7868
7832
7750
7736
7676
7692
7786
7906
7866
7958
7998
8028
7934
7980
8000
7926
7908
7862
7896
7886
7952
7924
7936
7906
7902
7966
8010
7974
7956
7966
7870
7882
7822
7848
7902
7896
7852
7904
7920
7970
7774
7904
8136
8116
8100
8088
8108
8150
8118
8110
7984
7956
8078
8094
8088
8012
8024
7850
7880
7892
7818
7874
7878
7978
7946
7984
7932
7996
7952
7982
7914
7880
7964
7870
7834
7860
7970
7958
8034
8008
7966
7912
8012
8008
7944
7976
7910
7890
7864
7882
7908
7956
7982
7902
7918
7874
7924
7956
7922
7878
7994
7980
8112
8188
8208
8208
8138
8190
8128
8160
8148
8036
8132
8138
8084
8114
8186
8104
8134
8118
8084
8042
8074
8092
8074
8074
8084
8068
8048
8006
8006
7932
7806
7920
7876
7880
7878
7836
7866
7898
7814
7862
7910
7904
7938
7956
7900
7810
7768
7732
7640
7642
7644
7688
7606
7558
7612
7592
7684
7618
7494
7388
7388
7442
7538
7532
7516
7590
7680
7682
7724
7644
7644
7690
7688
7590
7598
7652
7624
7538
7540
7550
7652
7696
7768
7746
7618
7582
7664
7756
7674
7726
7732
7790
7766
7820
7764
7784
7828
7868
7772
7882
7780
7754
7684
7734
7740
7820
7712
7690
7748
7852
7868
7796
7806
7762
7682
7608
7600
7660
7772
7726
7756
7774
7856
7784
7772
7710
7682
7758
7788
7836
7846
7740
7794
7816
7806
7858
7838
7804
7666
7590
7668
7670
7678
7668
7730
7700
7686
7734
7630
7680
7694
7714
7626
7720
7708
7710
7752
7706
7626
7656
7578
7540
7520
7560
7536
7614
7574
7472
7482
7522
7430
7550
7526
7554
7630
7558
7522
7610
7714
7686
7542
7558
7626
7660
7624
7668
7482
7566
7584
7614
7696
7624
7632
7576
7554
7532
7524
7552
7590
7604
7574
7556
7574
7592
7644
7642
7542
7594
7602
7564
7616
7670
7852
7832
7846
7774
7750
7754
7842
7816
7808
7872
7850
7822
7852
7790
7830
7766
7760
7694
7640
7616
7594
7678
7550
7552
7548
7636
7692
7704
7704
7658
7678
7774
7744
7842
7774
7810
7762
7756
7690
7734
7706
7682
7652
7730
7692
7606
7630
7670
7628
7482
7500
7464
7490
7426
7470
7582
7594
7568
7472
7600
7698
7708
7724
7734
7702
7742
7702
7678
7686
7784
7788
7840
7696
7698
7658
7702
7618
7644
7632
7604
7572
7610
7552
7638
7738
7614
7600
7440
7456
7458
7572
7688
7796
7772
7722
7696
7684
7726
7766
7752
7746
7758
7780
7810
7836
7856
7878
7874
7832
7848
7844
7948
7934
7874
7882
7808
7868
7842
7820
7794
7866
7954
7924
7862
7904
7898
7866
