894
898
908
892
890
874
916
902
928
920
928
934
932
922
928
928
890
886
892
894
880
872
838
878
840
872
860
870
838
802
844
820
868
884
888
910
870
892
868
890
854
854
860
838
820
796
794
820
840
812
806
806
762
750
748
760
768
776
784
800
828
828
864
862
822
784
804
776
750
760
764
768
782
780
838
786
824
832
836
854
876
888
886
902
896
892
876
872
870
876
876
876
864
834
884
876
888
862
872
870
896
912
936
952
922
906
908
922
910
920
936
946
906
898
876
880
914
872
872
872
896
890
892
922
916
926
952
930
936
956
946
922
924
932
912
910
872
874
820
890
896
882
874
874
888
898
888
886
888
872
866
894
894
926
942
918
898
908
892
890
842
824
844
850
890
882
894
884
898
916
912
894
906
924
916
876
854
880
920
908
940
910
924
914
920
892
904
912
896
904
918
932
908
914
930
922
898
870
854
866
886
848
846
868
836
850
872
908
878
884
888
848
846
850
822
804
822
814
882
902
904
888
862
848
822
844
840
814
816
802
780
804
802
810
826
858
856
820
836
836
850
846
852
826
806
804
822
848
862
874
878
904
906
920
920
920
904
928
908
900
910
910
876
890
914
864
884
890
894
908
900
862
872
870
894
896
876
846
824
816
854
866
864
904
918
916
912
902
908
896
900
908
914
894
866
876
850
868
860
888
876
908
890
898
918
918
902
930
940
952
950
920
902
890
888
916
934
922
870
880
830
850
840
852
860
848
854
876
848
826
866
876
894
884
852
858
844
866
848
866
840
846
850
868
890
890
902
890
890
886
870
854
822
826
838
804
790
818
826
806
782
818
794
848
882
888
892
900
916
922
894
902
902
880
882
854
798
796
784
800
818
828
870
916
932
926
918
912
926
924
958
970
950
908
920
910
886
880
874
806
820
806
816
804
804
842
840
844
856
838
848
824
810
818
808
804
820
824
818
834
852
826
826
828
816
782
828
876
866
850
874
856
854
868
890
894
878
884
894
878
880
884
856
884
896
892
870
858
844
810
822
834
854
858
886
884
900
910
914
892
874
878
864
852
830
838
804
808
792
792
830
816
812
830
826
838
842
840
812
808
798
814
832
836
814
786
812
820
818
828
768
714
724
730
748
754
758
736
706
704
668
678
704
702
746
780
764
792
766
798
766
770
778
778
768
756
782
776
784
796
758
750
792
790
772
780
768
762
758
746
722
760
748
724
720
714
720
752
780
790
804
826
790
792
832
866
892
876
852
838
844
854
872
866
828
834
848
878
904
906
918
898
876
862
868
860
848
826
810
822
838
806
856
882
888
896
868
888
840
848
824
808
830
788
790
796
830
832
834
844
816
842
834
872
860
878
892
926
928
902
896
916
904
908
908
898
892
896
916
922
910
880
872
852
820
858
874
870
864
878
880
892
872
854
814
876
844
836
866
878
894
862
906
906
924
902
932
926
908
896
904
912
910
878
916
896
916
904
918
896
878
866
870
882
882
900
862
888
894
902
902
858
864
866
858
846
856
842
838
822
844
828
838
834
810
858
854
862
836
822
812
816
850
868
880
876
856
868
904
908
914
920
914
910
910
928
930
920
916
930
898
902
898
900
866
904
926
916
912
924
884
850
838
822
814
814
804
802
784
824
818
844
856
832
812
818
796
824
824
844
866
832
836
828
826
816
810
806
784
824
834
776
768
784
754
774
806
770
792
818
810
820
788
794
824
866
882
900
890
838
800
844
868
920
938
956
936
928
936
888
864
868
858
866
874
840
888
882
888
858
834
842
816
844
858
858
876
898
874
876
860
880
876
886
858
868
866
854
850
852
818
784
796
800
800
794
742
742
716
718
718
760
762
692
672
646
670
692
632
602
600
626
594
636
642
634
622
648
604
600
604
634
600
616
594
584
602
610
612
618
614
632
642
674
680
678
660
672
674
666
672
608
652
668
698
676
716
722
718
696
718
692
666
658
670
704
758
784
782
814
800
854
846
844
822
840
848
850
872
888
882
876
894
906
876
894
876
878
898
896
898
892
884
860
892
880
890
904
902
936
924
942
962
938
916
910
912
898
914
910
880
894
872
864
874
884
892
878
886
874
846
846
858
868
872
872
876
846
808
838
830
846
858
810
808
746
758
758
770
814
788
808
794
790
820
826
804
826
818
808
834
844
878
872
888
894
854
880
898
906
892
930
914
908
920
936
890
892
884
868
840
858
868
882
868
890
898
866
884
890
896
874
880
876
890
886
924
928
922
876
852
880
890
874
894
894
902
888
894
878
848
870
878
864
878
856
848
850
824
856
870
860
824
842
882
844
898
870
828
766
762
784
784
768
796
818
844
844
828
808
844
844
854
828
840
826
806
784
788
750
750
764
770
834
862
910
920
900
890
890
870
862
866
862
912
926
898
896
870
862
848
832
824
838
856
894
910
894
898
868
920
898
908
884
886
876
874
872
884
900
906
888
890
868
864
876
850
840
854
832
888
884
872
884
872
890
880
888
860
868
874
864
868
820
816
822
810
850
814
820
832
854
832
828
830
872
872
874
884
890
874
860
904
902
906
884
868
854
834
842
808
804
810
794
778
748
760
752
780
808
796
812
798
810
788
792
794
784
804
822
810
826
848
882
856
852
858
842
858
834
810
810
824
814
824
836
814
816
808
856
864
820
816
810
820
842
838
866
838
866
860
844
826
830
838
816
820
812
814
844
856
858
816
818
814
786
824
798
784
756
788
816
840
838
820
838
908
906
898
916
904
900
862
864
890
888
828
842
810
822
816
812
818
792
766
768
792
782
750
770
766
790
778
766
798
800
830
840
828
782
830
836
824
828
844
798
822
870
836
830
860
884
906
914
928
930
934
942
940
912
946
948
942
948
940
924
908
896
850
882
890
858
892
906
910
872
872
884
866
882
852
840
846
846
870
876
886
902
910
872
882
904
912
878
864
830
830
820
810
826
852
864
868
834
836
852
872
868
882
868
818
820
818
830
860
876
866
886
898
904
906
900
884
886
910
894
904
900
906
932
972
956
954
946
946
944
900
878
886
888
870
878
860
846
852
850
822
876
884
916
918
926
926
942
942
912
884
900
892
868
898
904
900
918
910
938
930
904
902
906
916
948
910
880
890
912
924
906
906
894
868
882
888
856
902
894
884
908
884
878
866
868
874
862
852
848
838
854
862
896
894
900
928
942
920
888
876
886
902
890
898
902
894
876
910
902
920
920
916
910
866
892
872
850
870
882
876
904
934
906
892
856
874
858
880
884
878
876
888
870
872
868
870
856
834
878
868
880
886
872
854
868
866
882
918
902
924
950
934
952
942
920
940
896
880
910
936
932
926
916
914
882
890
872
846
846
808
782
812
816
814
844
854
848
818
828
830
806
822
796
850
834
834
864
872
818
814
824
828
856
858
860
816
820
790
818
784
762
768
758
800
844
856
872
870
872
888
890
884
876
858
858
860
832
806
814
778
790
778
820
818
824
804
844
868
890
904
888
876
860
860
842
834
782
818
794
814
802
800
818
814
868
872
880
866
848
832
822
840
846
852
826
846
828
866
902
892
866
856
864
890
898
896
864
878
862
882
894
866
846
870
830
840
842
838
860
860
850
880
898
896
860
892
858
866
866
882
860
860
850
842
828
826
820
808
804
774
784
790
816
838
898
886
898
920
944
900
904
912
920
904
908
924
930
900
892
892
912
908
882
882
890
882
872
884
886
872
854
886
882
862
872
848
852
844
834
850
848
860
864
902
882
902
910
922
912
878
860
890
890
864
856
846
826
844
832
816
812
824
806
822
814
822
852
880
860
872
874
896
860
854
870
818
794
780
792
824
818
806
856
876
858
852
894
894
900
896
922
898
894
888
878
868
838
810
830
818
804
764
792
770
806
828
844
856
862
840
810
850
858
840
820
842
870
860
884
872
880
892
888
882
874
886
856
842
854
866
870
876
908
904
908
868
808
750
760
784
752
720
720
776
798
812
872
876
886
868
864
858
858
856
860
840
870
862
854
830
872
904
900
856
854
882
878
894
868
852
866
848
860
860
870
844
838
830
804
816
822
850
862
812
780
806
834
814
814
774
772
758
766
732
794
792
812
802
794
772
740
688
712
716
742
724
770
774
778
774
750
794
802
782
788
808
798
818
838
876
862
884
894
912
908
896
850
870
826
842
892
852
876
866
862
892
896
912
900
878
890
886
828
814
804
872
886
868
894
866
862
854
878
866
864
900
906
906
884
898
880
888
870
888
880
852
868
846
856
814
798
824
804
838
828
856
848
826
814
830
806
826
838
846
862
866
858
856
828
844
834
832
838
802
768
782
802
748
746
782
796
822
832
894
912
900
852
858
818
854
876
856
908
894
860
832
858
846
842
848
832
820
826
838
812
776
796
814
814
802
786
842
794
808
816
800
824
830
840
828
870
858
872
888
878
878
904
882
874
900
860
878
834
842
864
866
856
852
880
882
858
870
886
836
828
832
812
868
872
906
910
902
874
886
854
850
868
900
892
882
836
792
794
816
826
838
852
890
888
836
834
842
824
