238
234
238
214
224
256
260
300
288
362
350
394
400
366
334
320
332
310
302
272
246
278
274
290
270
262
246
278
282
306
334
344
336
306
320
282
278
284
266
330
354
290
282
292
314
314
334
326
316
344
306
322
340
334
344
326
388
376
356
352
334
304
378
450
478
492
486
516
480
466
430
414
446
484
506
500
502
506
478
504
478
502
488
476
488
442
468
520
472
452
502
480
462
472
506
532
558
572
592
558
558
570
566
580
566
532
554
568
572
522
514
536
576
576
628
684
646
620
574
580
620
624
602
606
596
552
552
528
594
610
598
532
560
536
508
548
604
586
588
592
616
654
646
630
634
658
642
582
566
578
634
622
662
660
686
732
738
760
700
676
708
694
756
792
786
756
698
708
712
702
686
640
662
612
570
562
582
602
604
586
556
512
476
412
422
392
392
460
418
432
418
400
376
442
438
470
504
522
550
478
480
446
454
520
512
470
490
496
516
528
560
600
576
604
616
616
578
590
532
514
516
522
532
538
494
484
480
522
524
510
516
488
516
492
520
426
410
408
394
396
356
346
360
356
416
428
458
438
460
462
428
450
478
452
420
394
432
444
410
368
368
394
398
408
382
412
406
386
350
314
302
302
260
304
252
224
268
250
182
152
160
196
200
128
104
96
126
122
140
128
100
30
16
32
4
18
14
52
8
30
52
92
80
70
78
22
34
28
14
26
2
12
40
60
82
34
44
34
26
6
4
4
6
16
14
12
48
28
42
62
94
44
40
4
4
10
20
16
0
12
6
16
44
76
40
18
44
4
4
14
40
16
6
52
54
48
46
54
72
72
102
88
100
88
86
92
66
126
110
80
72
88
28
42
40
8
16
4
26
70
44
64
78
108
48
106
110
128
110
92
40
60
58
24
0
12
36
56
106
138
120
162
160
148
66
146
168
198
180
150
218
206
206
248
266
288
250
258
258
306
320
292
308
376
390
378
298
348
404
402
404
458
440
400
418
410
404
408
388
404
420
476
456
490
486
506
526
590
576
532
582
588
572
526
534
512
482
518
526
540
542
554
510
506
478
454
434
484
504
488
486
460
448
454
466
486
410
392
326
282
292
294
250
240
256
244
270
214
244
252
280
310
362
370
374
402
370
394
406
414
386
356
398
372
350
320
370
364
412
380
402
384
394
422
426
416
444
434
444
424
462
408
436
430
492
508
518
478
500
464
472
452
370
360
396
374
400
364
422
428
452
460
496
428
492
514
464
458
442
430
386
400
370
376
372
412
402
408
428
360
304
262
270
258
228
232
196
220
276
228
262
248
234
240
248
256
262
262
306
306
324
318
314
360
348
370
358
326
358
328
288
290
288
268
286
264
262
198
202
212
284
314
310
282
276
330
326
324
310
358
378
390
418
472
474
478
488
474
490
488
476
528
514
468
556
558
542
560
550
482
440
484
496
514
556
582
580
572
584
550
506
488
484
530
586
580
622
656
668
622
660
672
660
662
694
720
662
660
676
736
724
732
716
762
778
810
798
796
784
760
790
826
864
850
864
864
812
814
792
800
778
754
752
788
758
718
726
716
698
708
644
596
634
642
648
664
654
650
656
606
582
530
482
496
434
512
484
510
542
508
458
488
486
466
482
472
454
492
454
426
432
380
362
406
370
366
364
322
320
306
310
290
264
302
312
336
322
344
368
282
318
324
268
252
254
248
296
352
384
370
368
370
378
394
396
376
374
376
420
352
348
338
332
286
402
418
378
336
344
298
302
224
220
198
216
212
176
194
246
192
222
202
192
160
162
222
220
186
210
228
188
184
170
168
200
210
248
208
204
194
220
218
212
236
250
230
258
234
188
188
176
202
216
210
250
256
254
264
256
282
318
310
302
296
272
276
268
226
212
218
244
280
300
310
262
246
220
256
248
230
294
330
322
312
302
266
278
266
298
296
322
344
374
388
394
406
480
502
474
420
382
410
426
446
418
410
404
366
362
348
374
418
424
488
516
520
562
594
568
588
636
656
680
698
706
694
702
694
644
598
590
540
602
584
562
602
610
598
646
652
628
612
638
654
658
640
608
614
618
622
572
602
578
556
510
524
554
566
626
620
640
600
556
514
496
500
528
566
502
448
434
452
416
408
456
520
492
438
406
408
420
452
426
426
454
396
442
452
418
432
438
400
400
374
364
380
424
402
400
388
418
412
488
518
422
406
398
342
350
362
308
310
332
418
442
416
414
408
382
362
386
400
348
356
446
454
434
496
498
492
514
520
476
482
466
470
470
436
412
428
468
452
478
500
492
478
508
468
492
482
474
450
438
436
422
434
472
392
322
306
274
316
300
294
318
300
296
274
362
340
352
328
370
456
464
478
470
518
492
482
496
482
474
400
408
342
350
390
398
376
386
378
382
374
340
356
390
454
446
434
438
502
522
482
470
478
502
534
502
494
520
602
636
614
662
568
574
644
674
666
676
658
694
696
686
712
692
702
726
740
732
724
708
700
680
706
698
704
684
686
658
712
702
700
680
666
630
606
568
566
538
548
552
544
550
578
556
528
572
572
588
586
578
568
552
602
608
632
614
560
540
524
496
508
480
474
498
484
434
408
428
410
388
376
360
340
308
262
266
254
310
296
300
286
320
274
344
346
264
238
194
202
174
206
220
184
164
154
118
94
68
100
130
174
176
218
224
202
204
206
230
176
156
196
198
184
156
172
166
116
134
98
102
94
76
28
34
48
108
174
222
234
308
332
248
290
306
380
398
394
358
346
386
354
430
386
422
426
454
428
416
420
400
394
460
434
516
510
496
480
476
492
470
486
458
440
350
304
278
268
262
222
232
252
252
308
252
274
268
256
276
284
306
304
336
322
260
232
256
262
270
302
286
238
238
264
280
250
240
234
186
196
190
184
218
214
214
216
262
286
270
302
314
336
332
328
358
406
378
360
342
336
316
300
252
238
194
212
164
178
210
202
174
152
166
186
208
212
234
216
156
190
180
170
136
136
140
116
122
138
122
130
162
174
148
152
190
168
128
152
120
134
104
98
124
160
232
230
222
254
234
176
90
84
88
76
64
44
46
2
16
28
62
78
100
124
80
36
124
74
44
6
26
2
20
14
52
100
68
80
60
86
126
150
134
172
252
222
186
154
150
108
122
56
96
100
76
52
18
4
10
6
46
14
78
52
44
72
142
150
150
82
98
126
126
138
150
164
150
162
140
148
122
80
96
108
152
188
254
256
302
256
278
260
226
230
224
202
260
270
206
204
174
178
142
96
114
102
68
76
94
130
116
108
64
56
74
94
84
86
58
64
28
22
2
30
8
14
2
18
38
34
20
4
50
78
66
58
38
58
54
60
112
124
120
112
168
156
144
166
124
122
130
84
82
78
92
76
78
66
60
4
2
58
12
18
6
16
34
24
0
92
80
66
30
6
20
8
6
22
28
18
48
66
4
30
36
72
6
10
28
6
36
48
14
94
110
80
78
26
32
44
6
38
72
110
110
148
158
118
156
142
174
156
172
220
210
196
156
166
112
110
98
118
102
70
20
22
24
32
32
74
128
128
122
104
134
200
188
186
186
198
154
172
180
146
172
166
214
134
74
90
148
134
104
132
148
194
186
140
198
226
226
262
240
224
188
192
150
172
162
194
186
188
252
210
228
254
312
318
342
304
302
354
356
358
326
324
326
382
398
388
374
424
444
438
430
452
450
462
408
404
410
382
400
478
436
464
412
372
348
316
322
344
284
306
318
322
352
324
324
346
386
376
406
394
416
438
392
324
320
344
372
458
454
428
410
410
364
302
252
212
204
242
208
282
284
328
306
324
310
292
314
262
288
246
270
280
312
390
396
362
402
372
380
390
400
382
350
326
384
388
430
376
364
346
380
406
362
386
374
376
348
362
354
372
346
366
388
368
322
314
314
306
278
240
258
232
210
272
316
336
356
352
346
366
350
294
212
214
234
224
222
272
290
252
186
164
178
124
146
180
140
220
178
144
112
124
148
162
162
180
216
172
162
100
84
108
100
106
88
34
44
36
8
18
38
76
34
8
34
30
8
26
18
62
16
6
54
40
8
2
36
52
44
14
64
76
94
110
112
118
128
88
36
18
6
22
64
110
78
60
58
42
2
16
2
48
24
44
44
78
0
18
6
14
36
38
8
2
8
2
64
90
106
124
118
134
214
144
110
134
198
218
232
188
102
74
44
64
60
144
158
188
220
228
240
258
214
252
306
268
282
300
294
286
244
294
320
366
362
294
260
286
296
304
340
326
314
298
324
310
368
346
346
378
340
402
326
306
352
428
472
452
488
532
562
572
548
502
510
470
450
486
486
498
508
478
518
484
458
468
430
474
462
462
466
498
510
494
558
552
598
532
526
532
476
510
564
558
476
468
462
492
440
514
552
544
516
502
512
482
526
550
534
526
504
504
532
518
470
512
520
488
482
462
474
510
470
478
494
394
354
352
338
382
456
440
434
420
404
394
370
364
360
380
412
326
376
398
296
302
326
252
278
292
262
260
248
282
220
208
258
216
220
230
204
186
202
202
