716
754
794
762
776
780
806
812
830
832
858
858
848
866
864
882
844
880
894
888
856
860
868
856
862
850
878
854
858
828
828
842
858
832
832
824
834
840
836
844
810
836
836
864
802
784
742
736
728
706
686
688
708
750
772
736
730
728
758
750
766
766
796
798
778
744
712
708
720
744
772
780
808
818
820
868
850
818
794
778
762
796
820
818
808
778
760
772
754
752
708
706
704
716
718
718
700
758
764
766
770
766
790
794
786
834
838
878
880
872
836
856
868
840
832
820
842
794
824
864
860
870
892
878
884
870
894
898
894
900
902
838
826
814
836
854
848
846
840
858
872
848
844
830
826
852
850
814
808
848
836
836
882
866
898
886
884
888
878
894
886
896
874
838
832
830
836
820
846
872
890
896
906
910
898
902
892
902
916
916
878
848
828
848
870
882
870
856
824
810
810
840
842
830
860
862
842
862
856
870
878
868
896
870
894
858
872
898
874
892
896
888
874
880
888
902
874
894
852
852
830
832
852
842
818
802
810
816
828
822
788
832
832
808
846
832
844
798
766
754
744
728
734
750
716
732
710
688
692
692
688
728
720
738
736
752
770
764
788
776
804
762
822
834
856
852
854
866
880
882
870
872
872
844
854
858
868
894
882
832
812
822
834
824
870
876
888
888
884
898
908
884
876
884
882
888
896
882
888
894
882
898
888
872
892
902
906
926
912
876
884
850
864
840
856
820
810
772
766
784
748
766
798
792
838
834
826
816
862
862
852
888
868
870
876
870
816
842
848
838
844
862
872
880
870
854
796
804
806
794
812
816
806
806
802
784
752
742
732
776
804
764
760
772
814
836
816
810
786
786
848
804
816
854
780
786
814
752
742
736
786
802
796
806
800
784
764
760
764
762
776
770
760
798
790
774
716
714
724
722
754
728
710
744
786
770
786
762
786
830
878
886
888
862
792
738
758
780
786
776
760
772
802
818
828
848
878
852
798
794
810
824
794
766
778
816
852
866
822
824
812
814
802
794
838
842
824
828
822
802
802
808
858
876
870
888
884
882
894
912
908
906
944
952
942
936
924
900
912
926
924
932
918
904
888
906
882
840
842
848
862
868
870
886
904
878
866
852
902
882
844
874
844
846
826
850
844
828
804
776
756
784
782
782
774
770
762
786
764
740
762
708
696
720
746
758
726
772
770
770
794
812
806
820
808
792
792
782
806
758
754
752
772
768
784
796
810
812
792
770
792
806
812
778
778
768
772
800
798
782
762
748
744
740
748
756
750
722
714
706
718
700
704
706
734
716
704
680
684
660
630
624
594
626
628
688
670
696
696
684
758
802
808
798
838
840
830
806
798
784
826
796
794
810
786
796
836
828
838
866
834
842
812
806
806
806
844
894
912
898
904
916
908
924
910
892
898
914
886
860
882
888
846
854
850
838
862
880
908
908
894
860
828
798
774
762
780
780
792
836
888
854
872
882
910
876
870
832
842
824
782
756
788
768
780
786
764
770
762
792
802
802
818
794
728
744
710
730
768
794
794
718
722
730
740
762
808
834
826
824
848
860
848
826
860
834
824
838
822
818
838
800
778
774
752
794
794
768
746
740
738
742
792
782
784
778
776
784
756
794
822
866
846
832
836
800
804
806
736
680
690
688
672
662
628
648
652
636
624
624
654
642
656
642
668
678
690
664
704
692
714
720
756
788
782
772
788
778
764
758
732
740
740
762
782
812
812
822
812
830
866
876
834
840
824
828
804
758
754
796
804
804
824
814
812
778
802
776
782
786
796
806
782
834
834
856
854
836
772
776
754
770
744
712
714
708
708
716
728
716
732
748
764
754
746
758
764
746
794
794
766
742
752
756
734
744
760
760
734
792
768
772
764
788
824
820
838
836
826
856
832
820
804
802
766
782
750
732
748
726
740
732
738
732
774
792
852
852
810
854
846
834
858
806
834
878
852
892
898
888
864
888
834
864
838
846
866
864
876
890
858
832
840
824
844
842
886
894
876
854
846
844
826
840
860
884
894
860
830
832
806
768
762
732
734
740
766
748
754
772
784
784
754
790
812
830
850
812
804
796
806
794
788
744
736
736
762
762
802
766
744
764
754
786
780
780
788
796
814
848
804
798
794
790
850
844
826
830
820
840
866
886
910
880
878
860
852
848
828
826
826
798
798
826
804
774
808
800
796
762
722
702
716
680
646
658
680
672
654
600
596
618
610
546
564
556
568
594
640
618
670
696
720
700
688
702
696
720
714
710
672
698
742
698
746
734
744
714
706
698
690
724
726
694
702
688
688
698
686
736
752
792
786
828
818
882
864
852
844
842
850
852
870
852
818
800
812
804
772
760
762
740
776
762
744
768
738
748
740
716
744
798
778
786
764
772
802
782
754
750
758
772
738
664
662
658
676
642
634
632
634
668
660
630
732
756
734
740
746
748
746
712
710
710
746
772
836
826
832
838
836
836
860
858
822
846
838
810
822
818
842
844
846
854
848
848
846
864
880
904
872
848
842
858
836
844
856
862
886
890
856
848
878
876
826
824
818
854
850
818
834
816
834
850
866
878
824
856
848
854
854
872
876
888
900
908
904
882
894
850
882
852
836
842
852
862
844
832
840
838
842
836
852
850
864
868
872
872
870
858
874
852
852
864
866
870
894
898
892
882
844
826
862
900
912
888
892
894
896
858
848
886
900
894
854
844
850
882
882
874
896
890
886
896
882
900
920
912
910
876
860
874
864
844
794
832
794
760
808
808
802
766
756
732
744
766
772
756
790
808
774
724
740
726
734
792
788
822
796
782
824
814
820
760
792
760
748
770
754
744
728
704
700
698
692
658
650
662
684
668
670
670
698
680
704
664
644
640
648
616
682
710
712
670
676
732
730
700
740
766
778
776
772
810
840
822
818
860
852
828
800
788
806
788
758
748
778
748
766
792
782
760
764
726
744
754
714
660
654
644
686
682
678
676
702
704
714
766
786
778
746
726
762
782
772
726
704
690
726
734
774
800
766
750
734
742
718
704
720
722
722
768
804
754
772
760
730
698
692
682
694
748
744
782
782
774
800
818
824
788
790
834
850
866
850
810
832
832
852
832
794
830
836
832
790
814
802
808
824
852
836
832
790
796
832
798
790
822
774
794
814
826
832
842
832
802
764
758
808
830
808
796
836
806
822
816
796
818
852
860
854
868
864
826
790
738
728
736
754
742
740
764
712
710
712
730
764
808
812
832
834
866
872
854
868
868
888
922
900
916
896
856
824
826
810
832
854
866
846
890
864
850
834
858
834
848
848
834
804
826
800
810
826
796
806
760
728
764
760
796
826
858
832
846
790
792
796
778
790
768
792
818
842
872
852
844
808
796
842
824
818
812
814
742
732
734
766
760
746
740
774
746
744
710
716
734
666
720
726
720
708
706
702
674
706
686
662
686
660
656
658
684
686
668
662
698
690
686
672
660
674
670
680
706
664
658
658
694
658
646
656
644
706
682
712
692
712
704
696
702
726
730
738
758
794
788
806
814
804
780
772
770
768
802
804
796
802
770
778
780
756
742
718
752
770
760
760
766
766
768
802
802
804
808
794
770
738
794
778
736
720
680
688
708
748
794
836
852
874
890
862
868
852
890
878
898
916
910
912
902
898
880
854
834
822
840
808
798
808
798
790
802
756
740
754
834
828
838
810
810
798
810
806
798
832
886
914
896
890
858
848
820
826
792
832
788
808
828
804
786
808
822
840
810
814
816
818
798
814
814
846
822
794
786
738
734
744
780
772
782
796
772
770
770
772
778
812
808
840
836
852
814
812
796
808
830
856
824
830
810
812
806
780
776
774
792
744
768
786
802
754
742
742
726
728
764
758
774
780
772
714
674
666
724
744
772
766
738
768
748
766
726
766
748
746
756
770
762
792
776
766
754
762
804
794
772
814
790
760
766
796
818
804
800
752
724
750
732
656
724
714
784
728
762
790
784
804
776
810
806
790
848
866
890
850
862
842
830
832
870
852
866
864
878
886
886
884
892
862
886
888
880
876
826
810
836
850
844
814
832
782
802
784
816
790
792
794
778
768
760
744
738
782
788
778
804
786
760
782
778
800
844
828
786
788
798
798
768
774
750
790
810
858
852
848
838
812
860
850
834
802
830
856
858
826
854
842
826
790
804
788
790
810
756
704
760
726
718
678
662
692
684
728
736
740
786
774
804
830
836
828
834
838
830
822
824
848
826
802
746
746
740
784
792
818
802
810
798
778
762
784
774
792
812
814
850
870
852
868
842
852
872
858
860
838
828
808
784
810
804
786
788
796
832
806
854
846
834
854
880
888
880
838
860
846
858
834
812
824
826
838
840
840
848
856
860
856
854
856
848
840
834
786
782
814
834
788
724
734
756
738
726
728
702
730
792
810
818
796
806
786
804
804
830
816
852
876
906
892
852
864
872
852
832
828
878
850
854
894
882
830
834
840
854
836
822
844
832
822
804
790
792
800
802
846
812
846
854
876
844
864
874
866
806
846
858
834
846
828
814
750
724
742
750
706
658
654
658
630
630
