462
482
382
386
528
514
502
562
532
614
460
432
448
406
420
624
592
678
608
548
560
654
698
670
712
826
692
448
550
638
480
502
598
502
514
628
620
716
862
868
824
918
932
1124
1102
1070
1292
1428
1522
1388
1440
1152
1350
1322
1320
1338
1424
1478
1486
1566
1536
1466
1424
1588
1620
1564
1546
1426
1556
1404
1390
1416
1458
1366
1418
1550
1464
1418
1276
1102
1118
1106
1056
976
776
798
740
630
678
736
854
902
912
802
904
998
924
888
978
828
890
1060
1050
816
882
768
666
580
622
502
420
430
428
374
326
286
292
300
316
390
506
598
616
694
728
566
432
468
400
264
12
68
136
12
158
24
44
28
8
72
48
54
116
114
136
48
180
208
244
226
142
348
286
266
356
324
280
398
320
282
324
62
84
26
66
186
226
284
332
208
250
138
142
276
192
364
504
352
286
158
128
56
96
28
72
22
196
180
0
86
120
104
36
42
96
44
2
4
142
252
394
490
514
488
630
572
486
552
556
628
400
232
212
202
388
370
478
572
408
444
548
536
586
488
364
276
242
388
274
282
280
302
340
446
388
424
520
406
372
514
652
742
782
968
882
836
906
1064
1216
1088
1164
1248
1044
1060
1100
1228
1212
1306
1364
1490
1494
1474
1690
1770
1612
1802
1810
1658
1772
1704
1620
1520
1492
1622
1802
1788
1768
1776
1864
1854
1780
1702
1674
1594
1672
1636
1416
1384
1450
1430
1428
1514
1566
1530
1558
1448
1508
1392
1304
1276
1284
1030
1066
1144
1136
982
1004
890
872
992
984
888
834
808
754
652
828
764
658
664
690
638
502
628
656
556
568
526
444
552
600
694
768
800
794
742
694
718
662
488
458
432
468
434
408
442
536
476
438
364
284
390
504
552
546
792
744
904
890
900
1018
970
1028
1044
948
1054
982
1062
936
788
752
598
540
596
726
854
824
826
712
586
630
642
626
614
760
908
1020
998
1086
1108
1062
1144
1166
1354
1422
1350
1440
1512
1574
1706
1748
1650
1518
1536
1694
1822
1682
1532
1672
1652
1600
1582
1478
1508
1394
1310
1246
1246
1216
1058
1196
1260
1110
890
1020
838
856
876
624
602
492
600
604
660
596
452
286
374
100
136
106
140
218
270
344
394
264
262
352
220
70
82
0
18
116
26
18
78
70
152
98
90
134
174
292
322
384
538
548
500
420
484
396
414
340
516
582
602
382
334
68
136
180
208
184
274
318
496
512
424
418
454
542
610
688
616
550
370
422
566
652
586
652
700
814
774
688
658
602
486
444
500
396
494
454
372
402
402
352
452
362
228
228
42
56
44
14
52
116
86
50
106
50
232
420
488
240
456
420
260
210
176
138
60
42
0
12
90
22
52
152
276
298
358
412
370
288
264
32
126
342
390
282
98
6
86
104
14
24
60
56
132
42
18
48
164
272
348
322
204
172
116
114
106
76
32
38
114
162
230
204
368
306
120
80
232
138
8
120
108
90
124
184
416
414
506
620
510
426
394
394
714
722
680
630
494
500
480
328
300
240
354
282
150
358
366
416
218
280
334
458
500
436
224
236
168
54
6
132
166
46
80
164
108
62
60
16
190
244
102
82
138
38
110
56
28
72
96
196
204
248
252
320
304
410
522
440
526
446
292
334
342
352
280
214
330
408
504
572
648
652
678
638
602
586
638
552
558
412
556
546
474
364
250
284
178
214
78
40
26
112
148
300
456
364
416
398
578
560
730
730
796
954
826
884
940
1020
820
740
686
768
754
878
836
860
988
970
974
1100
1228
1338
1348
1384
1304
1270
1294
1388
1516
1592
1508
1374
1484
1490
1440
1424
1210
1280
1222
1292
1216
1280
1318
1460
1498
1504
1354
1552
1692
1818
1732
1634
1696
1810
1972
1882
1620
1754
1492
1514
1502
1432
1550
1356
1370
1300
1472
1594
1692
1680
1838
1830
1880
1840
1726
1636
1778
1652
1608
1724
1598
1618
1698
1540
1428
1256
1316
1226
1202
1096
1098
1206
1146
988
784
866
980
924
788
756
796
840
672
642
800
900
1030
1118
1202
1170
1062
1080
1160
1244
1206
1078
1064
1102
1106
1074
1046
1040
944
906
860
886
832
824
956
1002
1020
1186
1106
1286
1292
1294
1296
1432
1434
1450
1334
1336
1584
1654
1526
1616
1508
1464
1426
1330
1186
1100
1200
1442
1458
1364
1570
1810
1816
1788
1858
1768
1910
1864
1988
1984
1962
1968
1906
2010
2048
2042
2018
2204
1980
2004
2042
2084
2122
2228
2306
2118
2184
2128
2162
2152
2228
2062
2088
2002
2148
2092
2036
1940
1920
1810
1800
1658
1680
1690
1458
1530
1568
1446
1362
1284
1306
1440
1468
1572
1664
1550
1676
1722
1814
1680
1568
1538
1394
1408
1520
1648
1588
1700
1568
1556
1464
1504
1430
1424
1606
1490
1408
1350
1258
1416
1340
1322
1144
1088
1122
1224
1218
1172
1142
1050
1206
1412
1450
1490
1622
1648
1598
1598
1418
1560
1472
1486
1556
1484
1540
1488
1418
1374
1614
1634
1684
1716
1636
1724
1688
1638
1512
1378
1404
1422
1516
1432
1330
1364
1468
1358
1290
1328
1194
1092
1332
1394
1372
1420
1350
1464
1386
1424
1388
1398
1512
1336
1368
1366
1316
1182
1046
1026
952
1194
1422
1274
1218
1436
1384
1390
1366
1360
1308
1308
1370
1430
1470
1542
1596
1576
1694
1804
1862
1866
1908
1976
2030
1984
1956
1826
1886
2008
1964
2010
2110
2154
2078
2126
2052
2082
2080
2034
2208
2172
2286
2346
2226
2320
2340
2362
2206
2168
2284
2230
2310
2236
2114
2138
2090
2046
1928
1998
2024
1928
1976
1948
1822
1800
1602
1616
1562
1548
1480
1668
1720
1636
1606
1590
1574
1644
1516
1520
1426
1246
1168
1238
1216
1370
1650
1676
1700
1536
1470
1408
1402
1316
1220
1074
998
1120
982
938
954
1018
1112
1140
1110
1098
1170
1388
1406
1060
1118
1270
1138
1012
1104
1218
1146
1022
964
856
1002
910
808
772
768
930
850
798
958
972
966
906
926
908
884
766
952
874
882
630
640
802
818
794
800
864
922
1026
1028
1090
1128
1088
1034
992
816
844
846
752
614
666
676
818
762
768
722
744
834
818
814
752
850
746
760
752
718
790
776
776
842
790
620
688
710
838
762
1018
904
982
1070
878
790
648
818
812
788
898
712
688
442
312
296
384
542
484
442
354
566
528
456
324
384
252
306
266
230
308
504
634
590
642
700
632
772
650
700
776
1028
1052
896
848
846
648
664
622
648
690
648
796
680
754
694
552
530
502
344
478
530
486
370
340
562
622
810
656
460
418
484
498
622
520
472
286
296
264
54
102
10
108
82
156
198
74
32
34
138
98
114
36
24
2
112
52
68
230
212
118
100
226
180
20
44
162
88
292
164
68
244
290
304
190
62
54
46
90
152
254
116
280
506
556
710
576
490
562
490
384
414
416
462
610
500
414
238
352
446
364
450
398
560
570
580
560
408
434
408
364
438
470
488
470
414
476
398
442
296
354
404
74
78
56
108
204
220
152
252
228
340
388
330
418
468
402
348
334
270
320
316
284
206
124
138
104
10
30
74
116
186
194
140
62
138
210
170
204
310
354
320
336
500
730
712
618
574
494
424
546
746
712
802
748
808
860
824
798
866
942
1136
1268
1284
1262
1100
1012
1036
898
832
752
936
856
918
1008
1050
880
840
880
980
1104
978
1010
932
840
826
942
954
1070
1204
1238
1202
1142
1056
934
942
1128
1050
1204
1234
1208
1096
1014
894
854
666
492
322
186
164
176
314
368
306
372
338
402
520
556
616
654
618
488
458
514
540
540
558
532
394
360
366
506
482
482
390
560
614
564
574
722
960
904
930
960
984
1080
1026
1192
1044
826
820
878
864
924
964
1014
1044
948
764
1032
908
988
1142
1314
1330
1266
1214
1208
966
978
1014
1012
1084
1072
1116
996
876
966
1004
1026
1044
1004
1038
962
866
896
902
1046
1220
1246
1312
1398
1416
1168
1064
928
1034
994
1020
996
994
1084
1100
1374
1420
1446
1202
1166
1094
1044
1258
1312
1284
1440
1324
1206
1044
1040
910
908
828
780
708
990
1102
1086
894
1180
1070
1038
948
818
532
354
522
388
416
558
630
542
576
592
430
594
608
686
742
596
622
694
556
510
622
538
518
278
192
218
254
290
366
470
458
334
436
524
556
624
478
536
426
470
750
718
560
614
542
688
764
878
856
906
996
1066
1030
864
638
520
628
466
540
496
642
574
696
640
508
630
534
354
158
60
6
64
52
20
18
22
30
64
176
440
388
442
658
674
464
462
592
544
586
720
804
628
274
436
454
390
340
250
252
358
272
546
314
358
338
324
70
156
314
400
234
226
220
138
112
238
66
32
112
88
116
88
92
142
124
2
144
106
54
28
304
342
344
532
494
416
412
506
392
464
482
476
502
460
418
464
494
460
622
726
726
750
608
680
508
438
488
756
898
850
898
958
870
884
958
1092
982
1012
972
1090
1062
1088
934
910
934
1104
1042
1010
940
1014
1010
778
802
936
1040
922
976
1030
1152
1386
1534
1346
1498
1516
1472
1576
1412
1366
1298
1268
1242
1226
1002
920
842
820
730
760
616
562
338
262
430
578
706
842
972
1038
1112
1020
996
1056
1192
1240
1128
1076
1018
1056
1268
1248
1216
1128
1106
1188
1180
1034
984
814
796
912
1056
948
958
1028
852
694
660
606
524
692
548
592
590
630
552
456
378
176
194
106
16
158
116
248
156
148
52
194
62
32
22
28
110
260
242
278
278
138
36
40
96
22
136
112
58
80
218
142
236
158
252
334
290
210
190
162
174
146
218
262
122
298
472
430
496
432
276
230
350
412
496
436
386
518
450
296
326
226
276
38
168
42
36
250
316
186
386
590
532
750
678
568
566
478
620
562
664
518
408
614
616
626
730
696
770
802
736
664
704
592
564
408
436
406
308
252
352
364
290
438
460
328
404
474
504
366
400
388
346
320
526
686
624
582
678
816
496
270
534
538
556
532
582
602
368
374
292
208
388
632
504
436
486
470
316
232
112
244
170
112
88
104
200
120
92
114
282
342
432
