1978
1946
1872
1798
1798
1784
1688
1692
1624
1568
1570
1578
1560
1588
1640
1606
1608
1664
1510
1570
1614
1642
1654
1736
1760
1814
1802
1834
1764
1736
1840
1856
1832
1892
1928
2012
2134
2114
2110
2038
2016
1950
1974
1920
1920
1868
1812
1892
1988
1962
1926
2010
2042
1990
2080
2054
2038
1988
2004
1976
2010
1946
1948
1806
1810
1936
2020
2028
1942
1948
1998
2064
2088
2052
1970
2054
2008
2072
2090
1996
1936
1934
1910
1934
1892
1928
1872
1846
1820
1908
1818
1840
1774
1788
1726
1756
1778
1874
1832
1808
1750
1852
1948
2002
1996
1966
1968
2066
2026
2092
2038
2070
2000
1948
1934
1976
1970
1920
1822
1950
1936
1992
1974
1940
1882
1966
1924
1944
1988
1990
1976
2030
2088
2138
2096
1984
1998
2052
1944
1976
1980
2064
1976
2084
2228
2262
2186
2182
2060
2120
2142
2126
2196
2184
2234
2248
2304
2262
2246
2320
2218
2252
2242
2264
2144
2134
2094
2070
2032
1988
2036
1870
1824
1812
1826
1656
1506
1544
1514
1510
1504
1474
1496
1456
1412
1320
1270
1436
1416
1372
1334
1392
1514
1580
1612
1582
1500
1530
1440
1352
1322
1312
1272
1316
1348
1304
1296
1248
1184
1066
1108
1096
1078
1050
996
1012
1022
1006
980
1044
1076
1030
1056
962
896
846
800
844
848
822
736
800
826
900
954
900
902
780
862
832
898
908
1016
896
918
930
1002
956
884
918
944
922
758
780
778
858
842
810
742
812
800
792
742
782
742
712
736
692
686
714
754
754
844
838
742
616
680
738
738
796
814
760
808
734
794
866
890
912
866
918
850
888
808
834
890
872
718
782
708
752
754
720
818
920
926
844
750
730
794
690
750
744
740
874
838
914
968
1016
1044
1138
1132
948
958
912
858
918
692
724
678
712
766
760
756
734
692
784
760
684
714
660
638
620
608
600
636
578
592
580
494
390
450
364
386
288
250
238
266
172
224
206
100
180
24
100
84
198
202
164
164
110
158
144
204
230
144
162
110
90
76
162
214
210
212
186
100
26
10
14
70
28
20
40
104
100
82
6
30
16
32
38
8
8
30
10
4
2
56
68
4
44
48
30
58
80
104
60
76
126
184
170
116
86
90
156
94
142
40
136
272
272
382
380
418
418
482
556
638
632
588
574
512
562
484
434
382
302
204
152
78
188
186
182
232
266
398
382
384
342
274
258
332
308
226
214
240
228
322
358
314
390
484
464
396
324
342
452
392
396
432
448
572
600
536
524
510
514
526
526
474
358
386
328
304
332
256
268
220
262
314
346
370
412
424
496
514
506
402
412
472
462
468
410
420
410
572
472
516
482
454
480
440
378
472
450
406
364
344
316
394
418
406
420
438
412
348
390
498
588
520
524
512
486
464
472
462
432
390
472
516
498
470
456
482
474
430
390
288
254
294
400
436
294
338
346
426
298
310
300
388
400
408
412
480
600
534
434
446
402
378
384
360
400
380
378
478
552
490
568
522
494
470
490
488
512
394
324
344
354
436
460
464
442
480
366
286
268
274
304
270
282
310
244
296
282
326
382
400
418
452
460
472
404
338
356
256
190
120
118
116
128
168
180
158
246
166
172
274
250
146
8
36
26
2
84
120
124
108
236
234
222
142
138
204
178
226
210
156
136
200
300
244
182
124
148
146
142
160
154
184
208
188
242
262
236
180
158
200
222
194
182
182
180
156
84
156
164
82
26
18
32
92
102
158
132
174
244
208
184
188
204
198
202
200
220
198
152
152
116
166
180
180
156
88
198
282
302
260
254
222
264
312
394
408
402
338
278
256
212
180
254
170
214
268
336
434
430
362
314
398
328
310
352
484
584
594
550
576
532
570
626
650
650
636
772
872
900
866
774
794
742
688
714
734
732
716
844
804
754
722
604
586
584
584
538
574
524
496
558
526
440
412
364
368
314
326
212
320
282
236
326
390
352
270
166
128
116
112
6
24
10
48
102
100
176
250
374
410
448
364
366
286
306
386
410
360
374
322
388
420
370
280
226
174
150
310
282
182
158
150
156
104
36
28
54
160
144
176
246
252
206
166
126
152
132
146
144
160
144
142
76
126
128
136
200
192
186
120
154
42
72
42
22
58
72
140
152
176
144
194
126
228
202
132
110
152
214
148
212
120
76
16
52
12
58
20
10
4
152
246
168
180
106
156
306
250
276
166
108
66
46
42
56
34
62
92
104
102
58
104
60
70
40
12
48
6
122
88
110
122
68
46
64
16
80
38
44
2
102
60
34
46
116
66
40
146
208
188
126
142
184
78
6
26
16
42
70
142
126
106
42
16
46
50
24
74
14
2
100
58
158
148
128
264
280
254
318
300
310
320
284
314
304
310
264
258
328
482
442
372
368
318
338
366
314
196
198
198
218
208
164
192
184
204
188
204
86
90
172
216
192
184
124
152
124
122
76
34
62
0
104
146
272
228
166
222
296
252
250
208
66
36
68
72
8
28
20
68
132
186
108
120
58
54
66
104
10
96
112
148
56
128
92
156
52
178
206
198
324
398
326
316
356
300
274
252
292
218
272
264
228
254
258
244
406
388
364
436
354
342
420
344
340
328
334
296
202
168
100
88
150
208
176
232
182
274
348
364
362
238
112
172
118
64
36
10
98
78
204
172
202
164
200
194
146
118
158
180
112
18
6
66
48
60
136
162
72
22
12
72
30
2
12
28
10
66
48
92
24
44
44
92
98
72
78
170
218
354
392
380
324
366
332
466
534
542
586
586
538
536
600
600
602
492
374
416
410
350
284
310
380
466
446
458
566
564
482
454
362
450
414
430
354
316
234
278
300
374
364
430
358
294
332
324
334
388
408
358
470
386
450
478
552
498
608
670
694
730
734
690
686
712
620
536
392
380
388
432
542
556
554
476
402
472
510
452
414
382
422
422
318
274
234
308
250
276
302
276
250
262
264
302
294
358
340
308
286
210
142
64
44
20
28
74
176
166
120
38
22
98
126
148
98
78
26
4
94
144
164
82
182
238
304
340
370
350
284
360
440
492
572
538
432
546
652
596
540
476
456
536
454
442
398
404
350
282
276
300
334
320
316
306
314
354
302
328
276
322
392
364
368
344
452
534
510
560
582
598
692
718
750
844
866
824
786
770
892
882
882
908
956
964
896
788
764
688
758
754
788
774
798
762
808
782
784
736
708
690
806
770
770
826
794
766
820
872
848
720
732
792
740
724
782
780
732
624
560
534
574
582
540
582
670
634
700
708
764
738
668
658
592
560
642
688
654
588
556
652
698
638
658
724
774
730
668
666
574
532
624
600
524
396
322
466
428
388
214
228
240
176
234
238
186
148
148
38
26
90
176
214
268
228
168
154
218
190
182
268
242
38
12
6
88
126
98
180
174
326
368
414
534
654
568
512
496
520
504
550
450
458
432
386
332
332
300
292
230
170
248
240
250
140
222
214
212
212
134
96
130
130
214
124
234
230
252
226
246
272
238
252
184
222
188
216
296
310
370
340
316
252
294
260
296
262
326
314
332
382
344
426
436
534
542
528
540
520
486
370
358
398
286
192
288
220
288
254
248
284
378
348
258
334
388
486
412
450
414
414
480
542
450
534
404
442
356
348
298
406
430
462
518
610
464
562
572
594
564
486
418
370
328
244
212
134
152
98
258
324
360
436
568
606
580
524
426
344
208
206
228
348
246
266
372
426
406
448
528
504
470
498
490
552
544
564
586
566
518
588
502
552
624
530
586
552
474
498
404
434
470
474
524
494
404
338
442
484
508
478
474
488
498
550
516
486
512
602
612
632
632
730
876
834
842
842
962
886
808
758
766
726
622
558
660
720
644
662
756
666
554
590
624
566
588
586
622
576
550
628
644
542
516
524
514
516
582
604
614
516
570
518
458
488
472
456
422
392
248
206
368
480
572
598
520
520
464
408
392
462
460
542
576
554
526
578
610
564
516
394
300
378
338
280
352
334
368
476
380
360
350
374
436
392
374
358
388
260
132
164
216
210
266
268
288
228
256
312
244
244
272
214
174
106
126
174
94
208
194
278
298
386
310
228
176
122
164
132
104
156
192
142
110
78
104
120
146
122
42
8
28
20
68
56
62
130
138
86
156
92
54
16
82
112
114
150
120
198
166
160
136
142
158
198
184
186
204
182
204
246
176
132
228
222
246
310
328
408
442
368
356
320
312
312
322
372
260
306
292
332
254
242
154
182
214
226
306
334
316
358
382
336
332
374
460
462
470
398
424
432
386
440
414
424
364
348
444
320
362
384
304
294
424
472
486
412
386
402
404
462
432
428
402
340
274
298
342
348
400
508
506
504
524
550
480
596
454
336
246
198
256
156
100
126
120
120
168
192
230
120
112
194
222
270
268
238
76
136
192
208
188
184
156
182
218
204
200
338
330
194
264
302
316
364
326
240
220
150
126
94
114
164
202
210
230
270
264
248
310
444
416
330
372
274
150
144
136
112
86
278
266
342
312
276
204
246
288
312
272
256
238
380
372
424
500
602
586
506
540
502
482
476
620
552
472
434
478
462
386
392
386
418
526
478
540
464
476
484
392
440
454
382
502
540
554
604
600
556
630
636
600
634
730
798
730
840
834
790
748
698
720
694
644
594
486
392
370
378
438
434
382
308
388
490
480
392
376
232
228
250
196
294
300
366
324
270
322
298
264
156
126
206
170
