2052
2092
2228
2182
2072
2106
2116
1988
1926
1964
1964
1968
2144
2076
2218
2196
2176
2100
2324
2208
2260
2234
2334
2232
2218
2186
2194
2116
2220
2082
2032
2056
2032
2082
1886
1820
1778
1852
1944
1906
1750
1776
1834
1838
1820
1860
1526
1534
1672
1528
1584
1482
1480
1452
1452
1580
1530
1620
1482
1366
1360
1272
1264
1158
1080
1190
1180
940
1002
944
882
770
848
752
750
852
994
968
850
834
1042
876
768
990
1006
996
996
1190
1212
1086
1134
1114
1132
1094
1178
1066
888
802
768
862
998
1188
1142
1182
1012
1106
1210
1298
1196
1230
1182
1498
1620
1696
1728
1730
1636
1786
2062
1876
1910
1920
1832
1716
1584
1630
1494
1404
1526
1456
1508
1660
1638
1530
1452
1348
1380
1366
1348
1322
1418
1446
1446
1482
1612
1566
1590
1720
1534
1628
1690
1722
1732
1732
1856
1580
1672
1818
1792
1658
1866
1704
1756
1886
1896
1946
1956
2008
1928
1724
1782
1880
2094
2126
2042
2074
2022
2044
2084
2106
2092
2050
2018
2126
2112
2156
2068
2122
2480
2426
2390
2592
2580
2690
2842
2996
2990
2896
2906
3018
2902
2872
2822
2840
2928
3036
3108
3112
3018
2954
3098
2980
2870
2964
2774
2700
2612
2632
2666
2634
2558
2480
2468
2468
2402
2492
2426
2412
2482
2306
2324
2154
2402
2382
2320
2432
2380
2362
2432
2454
2370
2344
2310
2224
2026
2162
2120
2002
1896
2006
2114
2190
2094
2008
2050
2070
1978
2162
2144
2210
2264
2336
2410
2424
2578
2512
2572
2500
2494
2562
2512
2632
2850
2960
3032
2940
2904
3042
3034
3124
3076
3004
2986
3038
3014
3110
3172
3178
3154
3166
3002
3008
3070
2932
2806
2802
2814
2906
2832
2884
2898
2882
2792
2770
2722
2610
2680
2704
2648
2490
2576
2522
2668
2730
2846
2750
2692
2652
2764
2820
2860
2922
2872
2786
2900
3060
3094
3018
2948
2932
2932
2944
2812
2754
2930
2804
2832
2846
2812
2836
2906
2982
3062
3038
3052
2968
3034
3014
2792
2732
2690
2782
2614
2594
2480
2464
2484
2532
2622
2508
2400
2498
2202
2244
2300
2280
2356
2280
2306
2222
2300
2398
2288
2234
2296
2204
2092
2240
2192
2210
2278
2308
2398
2364
2562
2618
2614
2548
2616
2536
2618
2532
2564
2632
2644
2620
2648
2650
2592
2480
2476
2434
2500
2562
2460
2540
2540
2594
2550
2500
2458
2596
2600
2682
2626
2558
2660
2688
2448
2636
2700
2590
2568
2602
2546
2540
2346
2390
2414
2244
2180
2218
2036
2082
2116
2274
1972
2092
1982
2086
1970
2102
2184
2156
2160
2048
1912
1752
1728
1786
1690
1774
1638
1570
1546
1526
1732
1780
1704
1744
1736
1800
1790
1972
1914
1918
2070
2036
2110
1956
1858
1618
1380
1348
1364
1478
1324
1350
1312
1288
1252
1250
1232
1364
1390
1300
1380
1234
1228
1480
1364
1414
1148
1012
754
962
980
890
838
850
890
802
756
756
704
756
624
556
380
644
774
784
926
982
1052
1018
1204
1264
1518
1558
1598
1630
1712
1790
1716
1820
1824
1876
1884
2016
2016
2216
2354
2334
2320
2428
2296
2262
2168
2178
2226
2268
2342
2390
2446
2356
2314
2490
2574
2484
2362
2372
2240
2298
2260
2050
1978
2018
2184
2336
2366
2352
2370
2442
2718
2700
2690
2688
2652
2608
2534
2440
2468
2430
2388
2468
2406
2540
2704
2588
2384
2374
2382
2552
2616
2570
2570
2538
2626
2814
2976
3056
2898
2928
2936
2872
2938
2898
2824
2782
2670
2576
2480
2418
2444
2636
2702
2762
2782
2792
2792
2900
2806
2798
2840
2770
2808
2788
2768
2810
3028
2938
2898
2822
2780
2772
2740
2742
2824
2962
2874
2984
2720
2712
2760
2582
2762
2896
2720
2662
2752
2716
2846
2878
2910
2794
2854
2768
2788
2862
2856
2682
2700
2766
2754
2686
2714
2770
2730
2680
2730
2710
2510
2412
2438
2388
2560
2492
2620
2720
2796
2658
2874
2914
2940
2790
2832
2750
2560
2772
2812
2884
2836
2802
2748
2874
2880
2820
2634
2574
2448
2516
2452
2576
2560
2528
2400
2520
2594
2526
2518
2458
2484
2596
2772
2904
3030
3042
3128
3108
2890
2906
2976
2924
2982
2956
3080
3118
3008
3082
3054
3124
3216
2980
2934
2976
3000
3056
3170
3170
3246
3354
3404
3226
3130
3034
3092
3184
3138
3040
2768
2750
2744
2848
2796
2558
2508
2518
2450
2486
2400
2292
2344
2324
2204
2126
2132
1936
1908
2100
2292
2232
2138
2230
2122
2194
2136
2132
2296
2208
2222
2140
2068
1946
1812
1890
1772
1668
1834
1718
1810
1806
1842
1928
1852
1856
1834
1860
1994
1982
1986
1810
1924
2124
2010
1856
1768
1590
1456
1508
1636
1590
1580
1574
1618
1606
1620
1800
1764
1688
1698
1708
1894
1878
1702
1770
1830
1980
1886
1760
1828
1978
2030
1888
2046
2050
1920
1940
1934
1904
1716
1606
1452
1362
1304
1208
1204
1218
1214
1236
1234
1278
1240
1086
1030
856
834
948
868
694
686
594
700
720
824
808
778
532
548
618
700
588
530
534
452
468
382
312
372
374
482
442
438
470
362
318
314
80
122
30
130
52
202
222
190
318
426
472
584
468
250
260
188
278
218
224
130
2
58
90
98
190
384
278
300
444
450
460
380
478
548
510
440
414
620
742
696
586
370
326
512
408
572
354
494
430
550
510
408
372
428
390
354
448
488
384
322
288
178
2
68
16
16
128
106
88
28
118
382
388
440
556
638
666
478
536
576
544
462
388
266
166
126
190
12
106
40
220
230
270
208
152
216
190
274
216
250
172
156
260
334
362
592
590
606
504
568
658
472
586
744
884
770
632
566
722
848
804
844
932
996
1098
1072
1036
700
754
758
608
490
474
674
668
770
750
806
832
644
778
812
888
1140
1154
1240
1204
1194
1198
1132
1086
1140
970
866
916
940
946
916
872
988
896
828
566
526
706
804
862
916
1084
1162
1150
1104
1098
1128
1208
1122
1314
1376
1324
1462
1570
1476
1618
1650
1500
1402
1534
1564
1584
1566
1584
1640
1730
1708
1630
1592
1370
1470
1452
1436
1586
1630
1652
1710
1672
1694
1670
1594
1492
1288
1416
1374
1392
1398
1328
1264
1348
1242
1334
1396
1372
1344
1402
1354
1284
1308
1228
1328
1398
1390
1426
1316
1230
1426
1472
1458
1376
1378
1370
1214
1252
1310
1356
1314
1324
1240
1264
1350
1496
1414
1358
1304
1344
1258
1254
1266
1150
1128
958
814
1006
1064
1142
1382
1432
1372
1240
1000
942
1036
1036
1078
1196
1274
1328
1216
1196
1398
1476
1598
1572
1432
1396
1270
1262
1264
1426
1304
1154
1214
1374
1284
1210
1274
1248
1220
1244
1256
1420
1234
1070
1108
1116
1170
1194
1120
1190
1070
1094
1002
848
1068
1178
1144
1152
1194
1266
1362
1276
1390
1220
1270
1320
1368
1380
1524
1484
1574
1594
1562
1666
1642
1542
1474
1400
1308
1402
1304
1310
1214
1158
1188
1126
1042
1136
1228
1244
1086
1122
1108
1210
1248
1074
1164
1360
1434
1396
1370
1174
1214
1114
1040
1070
1034
1006
972
924
910
966
1004
1056
1058
946
864
846
804
836
824
928
1004
828
840
788
766
668
604
416
356
328
436
400
532
488
482
572
600
654
800
1052
962
942
740
744
612
720
842
914
920
926
904
880
762
826
874
704
740
592
440
282
394
540
758
852
882
734
866
744
662
664
542
492
390
362
236
384
316
340
396
530
532
468
280
224
508
478
330
388
264
244
100
194
142
28
172
226
202
322
264
322
286
380
406
192
300
304
380
366
168
210
272
268
386
410
372
302
312
258
250
256
278
224
370
366
358
476
372
308
444
618
624
524
666
640
664
568
510
340
68
228
462
476
548
478
378
396
500
494
224
334
288
370
550
552
506
546
416
332
236
240
274
264
132
178
364
320
284
250
330
308
462
532
356
406
452
362
300
200
248
232
344
312
240
238
268
294
226
288
460
438
372
294
454
480
576
672
768
748
690
660
616
708
610
742
754
812
790
692
588
604
560
552
634
644
648
682
696
658
642
752
774
790
946
864
768
664
792
896
878
784
756
806
704
740
592
398
596
594
626
590
704
708
608
632
724
850
656
572
590
644
644
618
564
630
632
624
508
448
416
430
460
692
514
548
534
380
348
282
404
486
536
646
546
716
930
1130
968
922
952
1004
1098
1002
1090
1266
1260
1278
1256
1214
1276
1282
1236
1206
1138
1232
1134
980
994
1020
926
864
574
302
158
170
156
248
356
400
444
342
366
290
410
492
392
358
118
76
36
50
16
64
122
176
396
428
492
468
524
368
312
210
232
276
346
386
432
340
530
556
536
572
456
412
416
506
504
506
524
610
646
786
770
730
706
658
648
580
582
680
696
682
632
590
678
638
598
586
584
740
758
778
658
718
696
732
740
660
702
698
836
870
808
814
878
812
748
724
754
966
880
836
886
902
984
970
1010
954
980
796
752
778
696
752
830
672
640
712
856
998
1092
1022
1056
950
934
854
918
868
962
842
942
996
984
848
824
830
792
904
892
1012
1018
1108
1042
1118
1038
1108
1100
1060
1110
1152
1316
1328
1414
1382
1402
1278
1352
1358
1154
1174
1062
1144
1130
1292
1408
1444
1514
1536
1474
1562
1644
1596
1606
1462
1494
1536
1616
1576
1558
1444
1510
1446
1542
1468
1478
1388
1342
1322
1268
1168
1170
1000
1008
974
942
974
852
982
1038
1036
990
1100
1188
1194
1246
1376
1262
1510
1504
1402
1458
1314
1244
1208
1070
998
984
850
934
964
976
1074
1038
1026
1124
1114
1008
1186
1120
1170
1044
976
906
754
714
902
842
934
858
852
842
782
772
838
798
672
600
490
602
706
764
754
580
382
402
350
306
306
220
250
390
222
130
128
122
90
144
274
196
82
14
164
110
98
216
96
78
38
78
18
42
136
60
40
12
166
236
52
42
2
20
98
194
384
278
230
288
414
406
508
718
934
1020
940
934
1028
910
906
846
868
692
592
420
474
532
362
396
346
336
430
506
604
726
696
648
584
594
392
518
478
498
412
556
488
484
784
870
840
696
618
650
638
658
772
718
660
540
434
236
374
462
446
316
86
4
50
178
156
90
170
212
124
238
246
196
342
238
108
260
194
58
122
140
26
52
208
360
492
372
346
360
312
224
110
116
286
196
324
344
220
188
336
344
348
326
400
460
580
454
480
550
584
620
744
756
816
926
736
798
754
808
952
892
758
868
862
866
766
716
804
750
748
656
710
822
876
882
918
1062
1072
1042
962
832
762
668
574
620
370
452
484
566
448
514
424
478
582
702
532
610
616
642
552
660
650
566
466
628
778
726
720
668
476
458
394
338
178
212
232
246
342
322
390
376
414
