410
418
240
328
338
430
528
454
350
436
560
528
474
614
598
570
498
488
514
422
366
462
326
380
192
92
74
216
348
164
354
336
446
502
464
510
556
486
564
606
586
508
570
610
496
330
374
370
366
532
468
582
594
710
668
690
536
512
774
776
620
574
674
710
526
522
446
480
424
270
288
236
230
304
232
236
76
140
144
16
182
280
126
40
32
2
64
84
90
174
258
220
182
322
330
334
236
230
380
472
460
602
464
334
372
392
322
182
342
224
104
62
96
102
166
162
44
172
274
192
196
414
296
282
208
4
6
186
188
6
124
364
454
480
452
412
456
584
610
616
676
656
618
584
630
496
466
612
670
614
636
838
934
874
1062
1164
1038
1074
1092
1076
958
798
954
980
828
846
896
822
842
800
870
900
982
948
878
964
880
790
848
824
826
678
972
954
906
1026
964
854
982
1014
912
1020
1016
1004
900
702
658
648
810
1084
986
892
992
1174
1162
1074
1014
1032
1276
1162
1494
1396
1326
1176
1112
1310
1138
1296
1180
1064
864
892
794
714
848
876
776
614
608
532
482
632
564
436
380
434
524
552
586
526
688
868
596
568
608
384
328
388
370
98
60
36
94
74
180
224
296
274
156
48
52
28
112
118
200
54
152
70
60
198
298
414
368
344
184
288
360
530
552
400
498
450
472
328
560
556
694
706
802
750
954
940
876
876
700
794
924
900
948
932
922
904
842
900
942
882
1028
828
714
712
830
782
924
1010
1258
1300
1208
1174
1176
1044
914
854
878
902
778
792
932
740
742
746
796
666
730
846
938
984
890
730
802
626
770
800
668
686
600
568
554
510
544
390
414
354
328
498
380
246
220
232
96
14
66
14
120
138
58
4
80
122
138
116
102
222
226
234
142
174
248
224
140
66
178
182
144
86
10
260
180
270
342
404
484
320
288
286
74
138
140
332
432
478
378
284
140
198
308
400
302
254
346
224
232
364
100
74
36
76
252
268
236
178
308
338
260
202
246
468
484
476
402
206
202
218
126
224
210
188
176
170
68
342
366
388
326
84
132
0
152
6
56
86
86
124
224
224
472
352
420
430
540
484
692
724
638
736
690
956
1008
1098
856
894
1036
1088
1208
1122
1172
1080
1210
1028
874
858
824
768
694
924
778
880
884
754
724
474
480
562
604
810
828
968
868
762
846
928
892
928
990
932
974
722
586
410
478
412
438
360
394
346
226
176
20
44
82
70
260
334
218
282
384
272
340
384
408
332
126
96
24
14
88
220
130
120
230
56
76
106
178
172
28
234
328
356
298
264
96
26
46
32
70
206
126
162
60
32
218
228
258
294
424
272
132
240
218
272
252
300
294
296
184
122
166
228
88
30
28
134
134
160
156
90
120
206
202
48
186
192
274
192
214
116
260
298
318
312
268
262
202
126
20
72
36
6
98
22
174
240
122
42
76
258
180
214
274
302
286
226
414
422
378
252
84
62
16
144
256
166
80
112
194
330
408
364
448
450
442
346
472
418
548
602
536
482
622
586
594
750
688
824
740
666
790
894
922
1008
944
832
908
1008
824
894
916
1018
990
888
672
748
710
714
676
810
536
528
598
586
630
734
596
600
472
546
654
676
704
638
658
648
604
600
646
562
506
502
402
142
268
264
300
232
134
256
144
54
24
18
292
312
150
94
64
116
212
376
408
464
482
424
456
472
308
262
186
130
176
232
214
270
494
536
456
602
812
754
624
608
536
462
392
366
356
236
106
38
106
272
132
82
164
196
126
222
170
124
226
148
44
90
90
72
6
104
230
96
56
190
154
168
164
246
184
356
370
256
254
356
402
432
300
342
454
270
332
372
450
462
444
340
360
544
370
370
360
416
414
480
362
342
388
340
272
264
244
58
12
8
4
52
80
14
60
186
310
170
318
360
208
176
216
166
12
76
70
24
92
146
136
56
104
188
166
256
202
120
46
224
158
208
390
386
540
526
578
552
414
398
310
236
364
388
320
234
230
208
224
324
402
476
518
720
672
822
858
804
638
482
400
422
302
250
208
42
74
84
118
26
20
4
72
16
198
86
28
304
200
102
62
120
6
6
22
164
176
372
402
186
178
202
94
74
68
214
94
152
72
54
22
170
328
344
408
140
130
122
168
168
54
92
62
38
88
58
34
178
122
122
228
228
100
20
44
92
28
258
166
212
278
198
366
174
242
252
294
352
278
400
344
454
262
120
320
368
392
452
552
564
626
632
502
622
642
630
548
820
842
928
936
1008
950
1054
1048
950
860
876
842
900
890
1030
1030
1072
1100
994
1022
1110
1368
1270
1168
1238
1062
1210
1276
1058
882
846
1080
1226
1318
1174
1300
1354
1544
1628
1824
1868
1538
1490
1478
1288
1202
1048
1162
904
738
808
800
794
876
860
1042
970
928
1098
1056
1204
1098
980
1012
1028
1020
942
828
910
978
1072
944
902
990
796
838
870
676
782
816
992
1044
932
1020
1116
1086
1074
1214
1212
1202
1270
1068
906
910
860
878
804
892
930
900
1038
926
882
706
782
786
1036
980
910
1002
1056
1046
1170
1314
1402
1266
1400
1476
1336
1386
1330
1286
1476
1514
1528
1664
1686
1800
1928
1936
1910
1884
1862
1956
1924
1908
1934
2112
2064
1896
1994
2010
1858
1736
1792
1736
1868
2034
2092
2032
2212
2230
2412
2496
2394
2344
2376
2434
2362
2322
2360
2386
2336
2486
2428
2242
2166
2102
2086
1996
1940
1914
2018
1882
1702
1640
1436
1382
1306
1202
1162
1348
1330
1460
1404
1356
1290
1438
1516
1488
1532
1684
1686
1792
1956
1966
1726
1700
1616
1648
1652
1718
1648
1526
1508
1692
1704
1732
1926
1958
2048
2030
2216
2240
2252
2042
2042
1946
1956
1874
1964
1868
1840
1734
1726
1762
1882
1868
1872
1810
1860
1790
1818
1834
1896
1852
1846
1768
1724
1716
1620
1654
1622
1726
1608
1814
1928
1856
1990
2146
2224
2370
2302
2452
2578
2788
2772
2762
2934
3022
2824
2824
2892
2790
2726
2726
2828
2794
2732
2756
2644
2634
2504
2462
2462
2380
2206
2142
2118
2278
2206
2060
1878
1896
1858
1832
1846
1924
1850
1796
1854
2010
1988
1960
1974
1924
1888
1716
1552
1524
1540
1624
1524
1584
1668
1752
1486
1470
1374
1520
1580
1560
1458
1314
1202
1204
1164
1104
1024
942
946
876
980
800
672
628
528
400
406
352
424
278
330
230
274
186
212
244
160
118
76
44
128
134
194
28
120
42
106
16
34
132
184
188
176
216
168
176
128
286
310
414
388
378
278
316
270
412
514
602
722
666
640
692
518
548
422
304
494
490
450
310
244
324
246
244
236
208
124
112
28
128
4
50
16
68
158
374
256
282
416
428
440
660
718
616
588
752
914
918
968
948
992
1120
1084
1202
1184
1160
1146
1122
1024
976
828
1000
964
952
950
922
912
910
884
774
872
882
796
940
1036
1180
1178
1282
1112
1088
1064
1028
908
1002
920
898
844
852
902
998
866
764
770
912
878
1092
1064
1148
966
1172
1192
1234
1320
1272
1104
1128
1004
1094
1402
1334
1312
1192
1278
1340
1284
1194
1102
1042
972
1074
1110
1198
1318
1352
1212
1276
1446
1258
1210
1256
1370
1248
1288
1194
1134
890
918
960
886
794
826
826
886
950
714
770
804
708
774
702
462
604
610
640
520
490
496
552
436
460
524
616
694
742
636
786
674
596
602
752
708
706
558
396
486
468
628
570
546
500
282
196
132
168
88
180
266
176
40
42
112
78
150
190
272
344
108
296
294
386
396
458
344
462
360
302
164
48
28
30
112
34
84
220
86
22
106
4
14
82
76
156
14
0
50
46
322
204
362
182
112
194
150
190
318
324
482
338
324
450
314
342
304
184
288
134
230
46
158
344
510
400
566
764
698
624
602
642
668
676
614
680
574
586
608
762
774
780
854
810
808
658
656
656
580
462
576
504
460
452
416
306
170
272
194
40
10
64
106
28
48
176
298
258
360
662
652
568
636
648
308
550
406
502
470
510
320
420
464
522
754
792
810
608
682
586
758
850
1050
862
918
956
748
642
424
280
360
224
310
238
170
280
442
270
428
484
480
436
398
378
288
184
122
236
228
290
334
306
202
140
64
4
100
112
268
412
266
110
90
48
84
140
62
70
88
108
76
92
142
176
188
34
82
156
176
146
206
220
306
506
522
638
606
710
610
782
816
788
596
496
542
774
730
770
782
690
608
500
730
602
436
642
498
414
632
494
576
670
720
698
612
676
572
308
432
582
542
438
550
444
308
396
430
422
418
360
594
580
514
556
726
658
584
512
486
420
428
514
618
604
670
756
760
780
846
784
612
628
450
498
316
300
242
226
192
116
12
122
148
270
82
266
258
242
426
604
650
452
460
632
598
504
548
458
444
492
340
290
392
344
264
230
126
128
236
242
218
222
246
134
72
106
2
74
190
140
66
50
110
220
238
396
370
264
236
188
216
250
204
146
66
48
72
46
42
136
144
250
48
130
102
94
120
188
362
454
322
412
204
322
298
476
326
254
274
400
520
552
440
410
478
582
482
552
576
588
734
744
1064
892
918
818
612
728
892
1026
920
988
1190
972
940
1008
924
886
838
1066
1112
1020
1130
1210
1190
1162
1276
1354
1386
1478
1568
1638
1524
1566
1674
1688
1556
1498
1536
1506
1714
1502
1560
1548
1558
1710
1544
1544
1520
1552
1478
1342
1280
1136
1178
1280
1270
1204
990
890
998
1124
1002
810
916
658
560
446
386
372
496
456
486
564
546
576
568
488
458
448
538
502
404
494
616
628
456
472
582
552
356
302
354
380
182
292
174
186
118
278
138
104
216
256
414
326
364
418
390
394
592
588
326
190
218
228
240
408
410
364
448
592
618
664
708
