7896
8014
8020
8092
8084
8064
8062
7936
7968
8022
7912
7892
7934
7816
7786
7788
7858
7884
7884
7950
7956
7958
7846
7728
7844
7948
7872
7908
7952
7810
7792
7740
7820
7830
7806
7796
7866
7792
7712
7622
7656
7734
7804
7728
7690
7686
7722
7724
7804
7770
7680
7648
7638
7676
7738
7726
7594
7630
7642
7684
7754
7868
7880
7930
7882
7808
7890
7902
7910
7906
7860
7784
7778
7700
7706
7712
7732
7714
7740
7718
7578
7652
7670
7536
7672
7760
7584
7578
7524
7504
7446
7516
7556
7508
7504
7420
7566
7582
7592
7552
7502
7482
7460
7472
7508
7704
7678
7766
7690
7696
7648
7636
7556
7472
7522
7594
7590
7642
7766
7742
7666
7634
7672
7626
7642
7616
7592
7528
7520
7592
7682
7678
7630
7608
7640
7750
7850
7896
7930
7822
7890
7838
7866
7978
8000
7960
7966
7918
7884
7986
7882
7872
7934
7876
7816
7716
7710
7654
7710
7596
7558
7560
7546
7556
7504
7508
7496
7464
7546
7494
7588
7610
7558
7510
7546
7660
7676
7630
7698
7846
7758
7712
7742
7716
7640
7714
7668
7674
7700
7634
7602
7656
7624
7638
7576
7528
7526
7534
7664
7556
7534
7566
7524
7488
7412
7464
7514
7608
7668
7716
7758
7708
7638
7716
7682
7628
7630
7644
7758
7608
7554
7626
7566
7552
7616
7714
7740
7662
7642
7730
7724
7774
7760
7844
7756
7740
7704
7584
7586
7618
7612
7730
7644
7638
7694
7708
7648
7724
7792
7734
7736
7812
7878
7864
7870
7812
7872
7920
7966
7880
7744
7686
7668
7594
7730
7768
7698
7688
7648
7762
7784
7792
7802
7640
7554
7540
7624
7650
7638
7646
7634
7606
7576
7594
7546
7598
7554
7516
7498
7468
7492
7538
7564
7590
7540
7626
7596
7560
7692
7596
7794
7862
7812
7824
7812
7798
7720
7844
7844
7774
7542
7546
7590
7640
7744
7740
7724
7746
7652
7820
7820
7884
7930
7986
7942
8038
7998
7910
7874
7942
7808
7944
7926
7982
7954
7868
7900
7948
7978
7958
7984
8050
8002
7934
7794
7712
7820
7896
7880
7888
7810
7734
7814
7846
7862
7676
7636
7570
7604
7696
7698
7678
7656
7732
7754
7780
7842
7824
7802
7766
7800
7896
7778
7788
7572
7668
7604
7648
7592
7610
7672
7656
7692
7760
7750
7836
7826
7774
7876
7942
7830
7880
7942
7896
7882
7888
7820
7826
7784
7892
7858
7880
7858
7886
7870
7950
7962
7970
8062
8024
8054
8046
8102
8100
8120
8036
8060
7986
7982
8060
7940
7808
7774
7772
7882
7886
7890
7874
7748
7708
7732
7754
7798
7802
7774
7718
7614
7698
7748
7818
7742
7638
7684
7672
7772
7682
7578
7542
7514
7490
7524
7548
7638
7504
7604
7574
7644
7664
7596
7652
7710
7740
7794
7842
7748
7804
7844
7758
7796
7740
7760
7838
7852
7784
7720
7810
7788
7808
7670
7672
7732
7744
7746
7770
7824
7918
7914
7898
7894
7846
7834
7966
8012
7998
7940
7936
7884
7852
7810
8000
7932
7858
8014
7994
7956
8032
8126
8024
8084
8006
7970
8000
7932
7902
7898
7928
7934
7884
7930
7882
7886
7916
7934
7836
7762
7810
7776
7794
7708
7662
7760
7684
7688
7724
7638
7630
7574
7684
7636
7630
7638
7590
7678
7676
7714
7604
7538
7574
7642
7648
7706
7702
7654
7584
7658
7618
7730
7716
7632
7742
7848
7884
7846
7858
7858
7894
7842
7826
7862
7908
7952
7896
7788
7754
7766
7774
7870
7862
7820
7750
7824
7820
7924
7998
7936
7990
7884
7832
7802
7738
7666
7694
7720
7722
7646
7622
7626
7578
7586
7588
7488
7456
7432
7368
7424
7332
7416
7358
7390
7458
7448
7400
7386
7454
7442
7384
7352
7258
7306
7320
7316
7312
7290
7402
7454
7448
7522
7594
7542
7488
7564
7568
7604
7540
7620
7520
7606
7674
7622
7610
7646
7660
7546
7450
7406
7358
7474
7546
7562
7450
7480
7364
7352
7452
7434
7452
7514
7584
7546
7572
7558
7526
7666
7658
7596
7610
7560
7570
7544
7592
7588
7556
7588
7552
7516
7604
7706
7734
7812
7792
7704
7656
7780
7832
7876
7850
7800
7738
7626
7806
7858
7910
7830
7718
7718
7848
7814
7844
7926
7914
7880
8006
7998
7886
7950
7904
7926
7906
7802
7852
7810
7832
7830
7770
7804
7814
7834
7844
7774
7592
7650
7650
7602
7584
7584
7576
7660
7620
7714
7752
7746
7762
7796
7780
7832
7786
7924
7972
7916
7914
7992
7882
7840
7874
7832
7784
7790
7770
7826
7768
7840
7812
7836
7792
7790
7650
7764
7808
7776
7730
7772
7708
7698
7562
7650
7704
7770
7690
7616
7708
7720
7808
7872
7894
7928
7962
7938
7858
7868
7870
7820
7764
7766
7716
7722
7750
7802
7988
7972
7974
7956
7966
7914
7860
7852
7846
7882
7848
7884
7856
7788
7704
7732
7690
7606
7566
7638
7676
7504
7538
7530
7732
7708
7700
7670
7714
7680
7638
7666
7676
7710
7752
7762
7692
7660
7638
7722
7614
7692
7606
7620
7638
7662
7700
7598
7614
7644
7744
7710
7718
7650
7632
7582
7568
7580
7540
7564
7530
7616
7480
7480
7508
7598
7616
7592
7704
7726
7542
7612
7614
7532
7512
7642
7628
7692
7736
7730
7738
7638
7616
7614
7644
7774
7642
7662
7654
7748
7716
7686
7580
7578
7470
7420
7426
7398
7380
7456
7334
7306
7236
7226
7262
7278
7380
7350
7412
7438
7418
7406
7332
7402
7452
7346
7328
7282
7358
7288
7432
7388
7420
7414
7358
7368
7372
7432
7442
7548
7468
7434
7568
7592
7468
7420
7362
7472
7466
7544
7564
7634
7714
7688
7708
7702
7698
7670
7648
7656
7642
7622
7562
7564
7564
7526
7618
7546
7602
7674
7716
7866
7802
7782
7848
7870
7788
7736
7870
7804
7834
7868
7842
7894
7756
7798
7880
7876
7794
7822
7734
7880
7804
7746
7792
7780
7908
7954
8046
8010
7958
7892
7944
7906
7978
8018
7954
7990
8078
8032
8042
7952
7912
7976
8076
7976
8000
7978
7896
7892
7874
7958
7906
7820
7844
7966
7896
7930
7878
7860
7874
7954
7888
7844
7878
7830
7828
7848
7870
7752
7712
7686
7786
7724
7742
7772
7792
7804
7878
7862
7766
7852
7900
7920
7958
7910
7956
7944
7944
7900
7960
7978
7938
7968
7908
7956
7876
7784
7788
7854
7846
7742
7734
7858
7812
7868
7822
7708
7638
7620
7632
7712
7708
7638
7528
7588
7708
7572
7484
7480
7440
7576
7554
7534
7586
7554
7500
7460
7428
7398
7382
7382
7300
7246
7320
7346
7350
7374
7494
7498
7344
7422
7420
7430
7562
7548
7438
7436
7304
7342
7280
7344
7486
7434
7520
7522
7592
7580
7534
7536
7514
7550
7486
7456
7530
7452
7442
7528
7502
7614
7596
7610
7604
7604
7594
7592
7554
7484
7430
7382
7370
7382
7366
7472
7476
7572
7566
7620
7578
7522
7554
7538
7504
7606
7568
7624
7648
7608
7548
7578
7546
7586
7716
7602
7590
7608
7628
7624
7676
7572
7504
7522
7578
7620
7616
7642
7552
7536
7450
7532
7522
7614
7644
7656
7778
7798
7868
7762
7736
7764
7698
7842
7804
7874
7878
7974
7860
7806
7770
7662
7702
7768
7804
7806
7804
7778
7844
7878
7858
7854
7928
7852
7832
7830
7870
7878
7994
7950
7880
7854
7760
7732
7816
7786
7836
7790
7844
7870
7900
7932
7952
8040
8042
8008
7966
7882
7834
7878
7864
7792
7760
7842
7762
7830
7856
7986
8020
7984
7926
7934
7852
7822
7850
7916
7966
7936
7822
7774
7788
7764
7788
7868
7904
7798
7800
7782
7724
7650
7562
7542
7574
7600
7690
7636
7574
7578
7522
7548
7582
7586
7528
7514
7576
7648
7634
7652
7612
7600
7608
7686
7696
7576
7594
7478
7530
7546
7548
7586
7618
7514
7350
7374
7378
7368
7432
7470
7480
7502
7482
7568
7556
7576
7590
7578
7596
7612
7632
7674
7800
7746
7800
7750
7840
7864
7888
7962
7946
7908
7958
7972
7976
7908
7944
7928
7906
8014
7890
8056
7982
7920
7850
7906
7748
7704
7688
7676
7838
7774
7756
7812
7918
7926
7822
7816
7850
7852
7768
7734
7712
7750
7878
7726
7762
7846
7844
7844
7894
7950
7998
7926
7790
7808
7804
7820
7884
7852
7872
7856
7762
7812
7812
7894
7970
7978
7968
8002
8082
8074
8076
8094
8140
8066
7976
7890
7912
7952
7964
7962
7950
7990
7922
7956
7930
7936
7816
7808
7890
7868
8046
8146
8120
8034
7888
7888
7770
7794
7828
7784
7818
7846
7792
7948
7912
7892
7892
7938
8008
7934
7842
7698
7684
7702
7668
7654
7534
7570
7650
7682
7744
7722
7680
7754
7770
7684
7634
7648
7736
7678
7718
7694
7678
7710
7728
7792
7854
7784
7720
7848
7896
8000
8066
8086
8042
7994
7938
7930
7964
7950
7948
8060
7976
7964
7996
7930
7946
7940
8092
8116
8018
7978
7996
8006
7982
7916
7994
7866
7798
7834
7916
7858
7874
7796
7724
7652
7748
7752
7808
7912
7908
7882
7896
7860
7836
7920
8002
7998
7974
8034
8014
8036
7992
7976
7982
7884
7930
7948
7958
7890
7930
7882
7906
7806
7782
7786
7846
7862
7840
7876
7924
7994
7846
7716
7658
7724
7756
7816
7864
7934
7928
8084
8036
8144
8182
8208
8268
8200
8052
8046
7898
7884
7912
7878
7876
7912
8030
8030
8094
8060
7918
7938
7890
7976
7926
7872
7870
7900
7886
7966
7944
8026
8008
7946
7988
7978
7962
7922
7854
7850
7770
7916
7880
7866
7842
7686
7656
7664
7766
7954
8002
8038
8028
8006
7996
8018
7958
7876
7910
7902
7858
7830
7874
7910
7882
7812
7840
7898
7946
7836
7900
7870
7838
7890
7890
7860
7888
7954
7890
7824
7888
7834
7862
8008
7918
7846
7896
7876
7850
7740
7922
7766
7646
7628
7522
7468
7490
7448
7402
7402
7490
7620
7538
7686
7738
7774
7834
7782
7792
7772
7728
7658
7606
7682
7658
7618
7638
7622
7630
7634
7748
7790
7942
7924
7888
7886
7880
7862
7862
7852
7880
7856
7768
7830
7998
7972
8014
7934
7894
7858
7820
7810
7806
7736
7874
7946
7856
7850
7792
7718
7698
7690
7698
7772
7906
7906
7974
7944
7896
7838
7862
7824
7748
7718
7720
7760
7764
7756
7692
7732
7668
7648
7672
7692
7806
7828
7912
7988
8074
8110
8036
7982
7926
7968
7938
7946
7954
7902
7956
8020
7950
7968
7890
7924
7968
7986
7992
8034
7924
7960
8066
8010
8028
8080
8014
7950
8056
8006
7920
7990
7956
7906
7908
7884
7892
7930
7988
8014
7960
7926
7910
7782
7816
7828
7744
7884
7904
7964
7924
7864
7932
7958
7980
7892
7888
7876
7810
7812
7902
7822
7832
7792
7744
7796
7808
7772
7672
7784
7746
7738
7754
7814
7834
7780
7782
7700
7738
7684
7698
7736
7622
7588
7602
7658
7764
7770
7750
7788
7878
7948
7912
7984
7922
7780
7756
7788
7734
7652
7654
7734
7766
7776
7732
7782
7674
7700
7692
7680
7654
7722
7776
7764
7732
7646
7640
7700
7602
7620
7686
7662
7650
7570
7592
7612
7708
7780
7802
7800
7824
7810
7772
7664
7622
7640
7638
7648
7576
7570
7676
7750
7728
7786
7762
7740
7648
7544
7566
7454
7478
7520
7394
7376
7306
7400
7568
7494
7550
7666
7620
7680
7764
7706
7728
7758
7678
7742
7652
7720
7814
7896
7842
7832
7838
7850
7848
7920
7890
7878
7952
7980
7954
7882
7808
7890
7846
7782
7862
7878
7880
7758
7734
7782
7806
7794
7788
7748
7760
7744
7754
7732
7758
7796
7680
7648
7646
7722
7704
7572
7608
7736
7744
7748
7700
7752
7832
7864
7846
7914
7872
7912
7980
8034
7964
7892
8014
8116
8048
8044
7918
7974
7948
8040
8096
8092
8050
7986
7990
7904
7952
7964
7850
7752
7746
7804
7796
7834
7848
7900
7942
7884
7882
7992
7974
7926
8004
7906
7878
7916
7978
7890
7884
7906
7912
7814
7802
7824
7854
7758
7776
7744
7798
7816
7864
7774
7858
7910
7796
7710
7694
7758
7856
7874
7856
7908
7986
7984
7868
7990
8070
8042
7992
8012
7972
8034
7876
