3370
3432
3382
3384
3324
3372
3372
3422
3400
3430
3452
3458
3496
3484
3518
3514
3484
3470
3464
3356
3356
3378
3388
3378
3420
3482
3452
3488
3452
3380
3406
3360
3382
3378
3434
3424
3364
3380
3402
3424
3456
3468
3438
3404
3374
3340
3324
3368
3376
3336
3312
3328
3294
3352
3402
3374
3372
3392
3362
3322
3342
3422
3362
3360
3322
3366
3320
3316
3224
3284
3306
3362
3332
3264
3330
3386
3424
3426
3368
3362
3310
3292
3310
3344
3440
3466
3492
3512
3482
3494
3510
3516
3514
3500
3452
3430
3378
3366
3304
3364
3370
3268
3314
3276
3338
3338
3322
3260
3256
3284
3262
3168
3236
3242
3268
3300
3254
3272
3224
3224
3240
3212
3234
3180
3178
3196
3228
3256
3196
3258
3208
3238
3346
3386
3398
3426
3392
3352
3438
3364
3318
3232
3262
3306
3342
3314
3334
3344
3380
3358
3400
3398
3464
3476
3430
3448
3504
3508
3538
3548
3494
3578
3576
3534
3560
3568
3594
3598
3674
3628
3624
3586
3522
3542
3588
3552
3584
3570
3508
3526
3524
3480
3516
3484
3498
3540
3554
3528
3510
3540
3480
3430
3452
3424
3452
3442
3412
3394
3380
3330
3358
3428
3502
3600
3554
3550
3534
3574
3516
3450
3408
3422
3372
3436
3490
3516
3500
3426
3374
3320
3300
3268
3278
3306
3364
3324
3416
3436
3412
3374
3398
3374
3398
3384
3328
3322
3366
3382
3408
3394
3368
3448
3394
3362
3370
3344
3392
3434
3466
3466
3440
3436
3478
3470
3488
3400
3416
3338
3376
3320
3358
3302
3270
3206
3160
3206
3268
3290
3270
3236
3204
3128
3168
3174
3228
3234
3270
3300
3258
3274
3274
3212
3284
3266
3228
3184
3180
3236
3190
3214
3270
3274
3228
3168
3156
3146
3100
3046
3268
3306
3348
3332
3324
3320
3338
3318
3310
3276
3318
3284
3298
3310
3304
3240
3234
3246
3228
3170
3238
3298
3222
3222
3242
3184
3192
3166
3148
3198
3164
3244
3178
3220
3228
3246
3198
3230
3330
3244
3238
3292
3236
3168
3126
3130
3122
3170
3176
3168
3140
3134
3130
3146
3186
3212
3214
3222
3188
3200
3172
3168
3146
3142
3236
3212
3258
3218
3190
3124
3162
3116
3080
3096
3184
3186
3294
3292
3292
3222
3220
3212
3202
3102
3096
3156
3104
3252
3248
3288
3268
3140
3210
3224
3236
3322
3258
3224
3262
3296
3286
3270
3240
3216
3172
3256
3298
3378
3428
3408
3442
3418
3392
3410
3374
3378
3378
3380
3392
3374
3358
3460
3522
3592
3554
3546
3526
3514
3480
3454
3422
3430
3438
3512
3500
3470
3472
3504
3454
3428
3398
3406
3348
3388
3380
3294
3360
3326
3344
3352
3322
3296
3262
3234
3234
3210
3246
3228
3214
3284
3342
3396
3354
3342
3270
3306
3324
3224
3266
3214
3338
3304
3310
3350
3316
3296
3216
3224
3242
3160
3188
3082
3112
3160
3292
3238
3234
3244
3242
3216
3164
3222
3196
3296
3324
3388
3420
3430
3426
3406
3358
3342
3294
3318
3362
3456
3384
3362
3332
3306
3342
3306
3246
3242
3166
3218
3278
3252
3208
3252
3256
3208
3226
3260
3310
3290
3284
3350
3292
3348
3364
3382
3358
3358
3324
3280
3290
3280
3174
3214
3188
3184
3254
3248
3246
3210
3224
3244
3198
3244
3234
3206
3218
3266
3260
3212
3200
3212
3154
3146
3088
3144
3068
3142
3064
3090
3042
3034
2972
2988
2888
2872
2796
2888
2914
2894
2898
2846
2772
2794
2826
2962
2880
2946
2956
3070
3096
3170
3286
3292
3380
3444
3434
3382
3398
3378
3366
3392
3264
3218
3204
3242
3126
3150
3198
3226
3158
3132
3178
3122
3090
2978
3004
2976
3020
3068
2952
3006
3080
3128
3046
2982
3036
3044
3076
3102
3084
3166
3156
3160
3138
3120
3194
3194
3170
3218
3170
3252
3282
3324
3366
3324
3286
3334
3290
3230
3218
3294
3286
3166
3176
3158
3136
3132
3202
3264
3248
3236
3276
3310
3296
3230
3190
3224
3238
3246
3238
3238
3222
3278
3246
3208
3314
3322
3304
3252
3228
3202
3238
3308
3348
3322
3272
3276
3260
3290
3336
3262
3316
3296
3260
3280
3274
3304
3270
3196
3132
3158
3142
3182
3128
3134
3178
3150
3142
3160
3154
3168
3176
3118
3112
3070
3060
3074
3070
3104
3120
3082
3134
3096
3078
2998
2978
2958
2956
2906
2980
2984
3016
2974
2946
3036
2960
2992
2950
3022
3088
3078
3076
3170
3040
3088
3122
3174
3116
3120
3148
3160
3098
3044
3016
3006
3002
3046
3024
3062
3160
3120
3204
3266
3322
3230
3196
3106
3122
3058
3092
3100
3132
3126
3176
3128
3090
3066
3124
3040
3074
3200
3166
3184
3218
3180
3158
3124
3100
3158
3228
3246
3234
3216
3190
3190
3234
3194
3128
3148
3206
3194
3146
3224
3184
3088
2984
3024
3038
3086
3150
3154
3182
3236
3268
3214
3258
3248
3222
3236
3238
3230
3272
3248
3294
3238
3190
3160
3152
3070
3160
3124
3162
3186
3240
3258
3240
3286
3248
3324
3322
3412
3400
3342
3286
3284
3298
3320
3268
3250
3240
3208
3276
3232
3310
3336
3340
3354
3414
3406
3430
3430
3382
3382
3332
3372
3400
3368
3390
3326
3280
3308
3354
3332
3324
3356
3320
3298
3340
3278
3348
3388
3340
3290
3350
3348
3368
3316
3296
3286
3286
3282
3212
3168
3114
3100
3120
3114
3078
3120
3104
3132
3156
3160
3160
3196
3206
3184
3142
3150
3254
3240
3188
3234
3248
3204
3226
3310
3252
3274
3306
3274
3274
3296
3208
3314
3298
3374
3404
3384
3374
3374
3350
3366
3324
3322
3378
3302
3288
3306
3384
3336
3290
3328
3330
3272
3284
3326
3354
3370
3360
3424
3482
3440
3444
3354
3370
3386
3424
3422
3368
3350
3348
3324
3310
3306
3320
3340
3304
3346
3330
3374
3274
3222
3186
3226
3226
3148
3140
3168
3270
3340
3372
3406
3408
3454
3486
3406
3432
3434
3502
3360
3292
3336
3408
3410
3456
3430
3416
3304
3268
3286
3234
3244
3210
3254
3244
3312
3388
3368
3376
3390
3400
3394
3404
3428
3350
3310
3312
3282
3236
3260
3256
3274
3314
3298
3332
3386
3374
3370
3372
3370
3312
3376
3356
3296
3302
3328
3348
3312
3310
3324
3208
3242
3392
3372
3404
3452
3446
3420
3460
3474
3442
3496
3396
3404
3442
3418
3386
3344
3362
3320
3318
3310
3296
3292
3286
3304
3260
3322
3304
3298
3250
3274
3290
3254
3176
3172
3236
3260
3226
3248
3284
3302
3298
3286
3276
3316
3352
3284
3294
3282
3224
3228
3172
3144
3144
3102
3034
3124
3040
3088
3116
3172
3122
3202
3268
3222
3234
3186
3174
3188
3224
3156
3220
3226
3296
3254
3274
3298
3308
3332
3326
3336
3298
3278
3268
3318
3310
3364
3344
3388
3260
3252
3302
3310
3298
3344
3366
3374
3404
3410
3362
3432
3428
3336
3380
3376
3380
3306
3252
3178
3170
3246
3194
3098
3144
3280
3314
3380
3426
3376
3442
3376
3364
3346
3358
3340
3314
3298
3326
3302
3300
3298
3304
3246
3234
3302
3216
3222
3124
3178
3270
3380
3338
3404
3508
3460
3424
3402
3366
3342
3306
3242
3256
3220
3272
3306
3298
3410
3318
3374
3444
3476
3512
3454
3486
3450
3464
3412
3468
3524
3524
3504
3494
3438
3452
3494
3484
3418
3422
3416
3398
3320
3342
3322
3248
3302
3288
3268
3256
3260
3182
3204
3202
3190
3194
3218
3178
3210
3156
3120
3176
3244
3378
3346
3300
3304
3250
3342
3340
3310
3320
3356
3264
3258
3232
3158
3102
3162
3148
3130
3078
3108
3072
3076
3078
3070
3018
2958
2902
2994
3006
3098
3098
3094
3100
3162
3200
3250
3212
3118
3118
3118
3162
3192
3198
3282
3380
3410
3468
3432
3410
3370
3382
3302
3266
3268
3334
3398
3396
3250
3258
3220
3382
3414
3402
3366
3292
3190
3202
3258
3270
3272
3274
3240
3246
3234
3278
3382
3346
3374
3358
3350
3388
3360
3332
3288
3248
3286
3256
3240
3194
3250
3292
3360
3340
3262
3224
3326
3246
3240
3344
3324
3310
3266
3328
3314
3392
3372
3340
3362
3436
3424
3404
3444
3384
3382
3416
3382
3358
3302
3392
3410
3418
3378
3364
3422
3366
3308
3288
3170
3174
3208
3176
3170
3202
3236
3256
3268
3176
3214
3228
3270
3296
3264
3226
3182
3176
3190
3208
3172
3158
3186
3258
3244
3182
3136
3128
3132
3134
3114
3072
3084
3114
3164
3190
3150
3148
3232
3216
3228
3166
3148
3128
3154
3142
3086
3064
3138
3138
3188
3202
3166
3114
3118
3136
3182
3200
3230
3314
3308
3330
3336
3370
3366
3398
3428
3416
3468
3500
3522
3514
3466
3504
3526
3490
3488
3376
3406
3470
3558
3540
3560
3608
3578
3494
3484
3514
3450
3522
3536
3556
3550
3512
3502
3416
3390
3430
3386
3370
3392
3416
3422
3316
3274
3288
3296
3404
3364
3370
3338
3286
3200
3238
3256
3198
3226
3226
3220
3200
3264
3296
3222
3276
3158
3254
3256
3214
3208
3170
3262
3320
3348
3320
3346
3312
3276
3164
3142
3156
3114
3120
3098
3158
3198
3222
3234
3200
3280
3294
3278
3212
3256
3282
3314
3292
3270
3336
3302
3264
3190
3254
3266
3272
3278
3266
3166
3172
3220
3282
3316
3262
3200
3164
3080
3076
3154
3246
3244
3334
3354
3356
3280
3304
3324
3320
3344
3350
3364
3430
3392
3428
3364
3324
3310
3304
3306
3264
3284
3284
3190
3272
3202
3236
3222
3148
3090
3056
3016
3056
3034
3012
3050
2952
3002
3018
3002
3068
3124
3054
2990
3064
2988
2986
3058
3114
3116
3160
3106
3064
3062
3126
3166
3234
3238
3246
3204
3164
3240
3152
3182
3248
3250
3282
3294
3294
3320
3306
3278
3340
3354
3376
3312
3292
3360
3456
3398
3346
3402
3390
3444
3460
3514
3462
3464
3468
3454
3422
3408
3386
3402
3424
3418
3386
3422
3416
3480
3486
3422
3468
3474
3458
3500
3486
3512
3464
3436
3456
3432
3442
3344
3424
3332
3352
3418
3346
3312
3438
3378
3396
3380
3356
3358
3352
3364
3388
3374
3314
3236
3274
3206
3192
3172
3244
3284
3280
3288
3280
3310
3294
3260
3276
3244
3170
3110
3068
3112
3140
3190
3174
3164
3204
3164
3134
3160
3204
3180
3224
3248
3284
3296
3264
3192
3188
3224
3210
3244
3254
3256
3238
3224
3204
3250
3220
3316
3288
3266
3272
3338
3404
3302
3324
3344
3394
3322
3346
3308
3350
3314
3328
3302
3340
3322
3320
3296
3272
3278
3254
3242
3256
3268
3204
3268
3236
3240
3348
3366
3366
3412
3360
3354
3416
3420
3360
3346
3342
3364
3338
3364
3338
3452
3434
3402
3344
3398
3420
3408
3384
3320
3268
3398
3426
3428
3424
3464
3486
3506
3482
3408
3394
3374
3366
3374
3368
3310
3340
3302
3358
3374
3428
3396
3288
3268
3308
3284
3198
3252
3250
3222
3250
3304
3338
3404
3428
3378
3440
3454
3448
3428
3484
3460
3432
3374
3332
3394
3412
3394
3340
3334
3338
3398
3326
3364
3352
3372
3400
3382
3452
3452
3430
3398
3386
3414
3510
3456
3402
3380
3376
3358
3300
3282
3326
3360
3326
3328
3300
3330
3254
3246
3296
3356
3398
3448
3414
3402
3314
3296
3190
3126
3148
3264
3234
3344
3334
3338
3292
3318
3400
3444
3398
3344
3242
3326
3324
3330
3272
3354
3268
3250
3286
3308
3392
3352
3346
3310
3240
3260
3230
3230
3348
3370
3344
3282
3282
3202
3200
3276
3322
3392
3408
3324
3358
3312
3350
3320
3266
3354
3340
3376
3372
3428
3460
3432
3332
3304
3294
3314
3292
3298
3386
3386
3352
3310
3376
3338
3380
3388
3284
3370
3364
3270
3190
3234
3286
3296
3390
3402
3392
3408
3474
3390
3374
3376
3420
3378
3380
3338
3370
3410
3348
3438
3342
3360
3396
3422
3368
3316
3294
3392
3376
3394
3432
3420
3438
3458
3418
3362
3386
3492
3504
3498
3500
3474
3442
3404
3422
3402
3374
3380
3374
3366
3358
3328
3386
3430
3452
3418
3396
3460
3466
3486
3504
3458
3454
3342
