3306
3330
3346
3338
3338
3290
3338
3296
3376
3430
3360
3352
3344
3232
3234
3286
3274
3318
3352
3348
3436
3418
3390
3404
3370
3286
3240
3322
3396
3360
3258
3166
3186
3200
3212
3182
3172
3202
3124
3088
3148
3142
3074
3072
3080
3124
3160
3136
3166
3250
3228
3224
3218
3220
3204
3226
3284
3304
3440
3422
3414
3354
3340
3360
3446
3450
3492
3518
3540
3484
3444
3520
3482
3478
3418
3346
3390
3356
3406
3412
3442
3544
3538
3500
3492
3582
3528
3568
3604
3606
3602
3568
3556
3570
3532
3560
3518
3502
3542
3540
3564
3532
3494
3450
3402
3454
3430
3448
3494
3442
3380
3378
3442
3408
3370
3408
3430
3470
3436
3410
3424
3438
3450
3514
3426
3400
3318
3428
3472
3400
3414
3394
3420
3484
3502
3486
3512
3456
3494
3510
3438
3514
3532
3516
3630
3592
3614
3600
3564
3608
3606
3512
3606
3616
3592
3554
3496
3532
3514
3506
3534
3574
3582
3564
3532
3566
3452
3458
3424
3436
3484
3516
3428
3470
3504
3534
3438
3480
3440
3494
3474
3452
3466
3466
3514
3474
3438
3400
3440
3514
3432
3460
3400
3374
3394
3396
3484
3450
3548
3542
3618
3628
3636
3584
3550
3528
3516
3488
3504
3498
3476
3446
3430
3420
3468
3418
3358
3272
3338
3366
3424
3392
3368
3378
3366
3416
3370
3366
3386
3410
3396
3362
3396
3328
3370
3382
3352
3364
3452
3384
3460
3408
3316
3332
3372
3366
3412
3322
3360
3392
3390
3350
3330
3266
3316
3314
3300
3332
3280
3328
3332
3258
3282
3238
3270
3270
3272
3180
3166
3204
3238
3300
3312
3376
3404
3404
3460
3402
3380
3416
3352
3330
3268
3220
3276
3228
3256
3234
3250
3288
3292
3366
3244
3280
3364
3332
3286
3304
3256
3266
3252
3212
3244
3308
3298
3312
3268
3290
3296
3238
3312
3306
3296
3208
3268
3280
3248
3264
3246
3256
3280
3258
3320
3300
3248
3330
3406
3434
3418
3420
3428
3398
3406
3388
3408
3434
3454
3444
3418
3542
3514
3542
3562
3472
3544
3558
3552
3532
3594
3584
3576
3518
3580
3572
3550
3580
3560
3574
3592
3584
3574
3556
3574
3586
3584
3606
3598
3558
3568
3594
3566
3550
3572
3476
3354
3338
3356
3378
3340
3298
3260
3340
3356
3312
3336
3444
3434
3408
3434
3420
3360
3384
3420
3452
3530
3498
3486
3454
3440
3538
3498
3450
3428
3470
3490
3466
3536
3546
3530
3530
3462
3484
3464
3484
3520
3540
3540
3534
3528
3566
3546
3536
3416
3474
3452
3466
3440
3448
3430
3460
3460
3482
3470
3526
3560
3498
3532
3486
3486
3490
3500
3582
3580
3576
3562
3544
3548
3518
3490
3494
3496
3466
3468
3544
3494
3540
3534
3474
3490
3528
3564
3462
3436
3372
3398
3374
3432
3426
3468
3510
3500
3484
3486
3530
3554
3528
3566
3528
3528
3550
3578
3566
3574
3562
3572
3574
3604
3626
3576
3616
3606
3500
3492
3502
3498
3526
3514
3506
3552
3586
3626
3650
3602
3632
3574
3532
3514
3494
3496
3440
3510
3470
3478
3470
3522
3448
3502
3444
3480
3510
3506
3462
3446
3464
3456
3378
3412
3310
3340
3344
3378
3334
3318
3318
3312
3358
3300
3276
3196
3248
3324
3264
3290
3312
3196
3156
3242
3262
3236
3176
3162
3224
3274
3318
3340
3318
3408
3360
3364
3376
3382
3428
3368
3440
3486
3432
3418
3378
3422
3452
3504
3426
3476
3446
3492
3514
3548
3524
3546
3520
3464
3396
3430
3440
3424
3406
3336
3338
3350
3340
3320
3370
3306
3302
3370
3352
3350
3326
3340
3366
3430
3466
3510
3472
3470
3414
3406
3382
3434
3490
3530
3498
3544
3526
3476
3544
3506
3440
3446
3422
3474
3450
3478
3530
3514
3472
3528
3414
3434
3440
3406
3466
3480
3422
3506
3534
3500
3544
3518
3522
3540
3480
3506
3522
3452
3430
3456
3496
3516
3562
3512
3546
3522
3538
3548
3496
3454
3458
3450
3432
3464
3542
3534
3456
3518
3534
3546
3536
3494
3536
3556
3544
3584
3538
3488
3480
3486
3520
3530
3482
3516
3532
3514
3502
3540
3544
3500
3472
3506
3496
3566
3500
3516
3512
3464
3476
3436
3492
3478
3520
3518
3422
3432
3420
3446
3368
3410
3384
3414
3478
3468
3522
3482
3466
3516
3524
3528
3486
3432
3468
3426
3554
3576
3512
3532
3510
3466
3460
3416
3472
3422
3452
3484
3462
3462
3560
3592
3508
3488
3470
3502
3476
3458
3476
3506
3514
3448
3442
3432
3452
3500
3556
3582
3558
3546
3572
3630
3598
3596
3578
3524
3484
3424
3408
3364
3348
3386
3400
3346
3364
3424
3426
3440
3426
3392
3404
3410
3360
3312
3312
3436
3388
3400
3428
3434
3420
3444
3482
3540
3512
3546
3558
3586
3648
3662
3598
3572
3590
3612
3636
3594
3584
3566
3542
3564
3582
3622
3558
3566
3580
3578
3610
3588
3536
3528
3572
3568
3524
3564
3620
3612
3576
3530
3616
3550
3582
3554
3560
3544
3484
3528
3474
3478
3430
3440
3380
3440
3402
3430
3498
3454
3480
3508
3556
3560
3542
3494
3448
3426
3466
3546
3550
3542
3574
3572
3594
3558
3520
3532
3542
3492
3490
3498
3512
3442
3416
3386
3344
3388
3378
3368
3398
3422
3430
3464
3540
3586
3592
3542
3616
3558
3482
3448
3490
3490
3470
3412
3484
3432
3422
3530
3472
3496
3476
3464
3462
3428
3426
3356
3352
3428
3398
3422
3436
3482
3460
3456
3518
3474
3502
3542
3496
3408
3430
3478
3476
3484
3520
3590
3602
3598
3590
3514
3494
3540
3502
3498
3488
3460
3470
3478
3500
3514
3598
3630
3648
3562
3592
3592
3588
3564
3542
3518
3494
3536
3538
3496
3442
3470
3500
3600
3616
3684
3630
3544
3622
3610
3604
3580
3572
3526
3486
3470
3434
3454
3486
3500
3540
3522
3558
3546
3572
3582
3604
3586
3576
3598
3600
3590
3580
3548
3498
3564
3582
3614
3628
3638
3614
3610
3594
3476
3534
3536
3518
3498
3498
3568
3536
3540
3548
3506
3560
3576
3612
3516
3490
3496
3522
3456
3454
3446
3412
3496
3480
3494
3438
3446
3388
3316
3358
3364
3408
3348
3334
3374
3350
3324
3332
3324
3334
3338
3354
3426
3442
3336
3324
3364
3280
3184
3226
3228
3300
3256
3242
3284
3280
3252
3304
3270
3358
3344
3334
3302
3192
3212
3212
3200
3230
3304
3338
3296
3374
3414
3374
3342
3302
3396
3438
3498
3452
3476
3502
3484
3504
3480
3470
3388
3434
3406
3378
3420
3404
3380
3398
3380
3438
3434
3438
3466
3492
3526
3576
3598
3592
3586
3570
3588
3578
3626
3616
3616
3622
3598
3592
3566
3606
3652
3606
3596
3610
3620
3548
3540
3578
3542
3496
3478
3532
3468
3528
3452
3508
3438
3444
3482
3578
3528
3496
3464
3414
3358
3450
3442
3492
3494
3510
3508
3490
3546
3506
3496
3466
3404
3474
3492
3596
3564
3560
3498
3524
3536
3472
3502
3432
3502
3452
3476
3488
3416
3366
3376
3404
3468
3502
3528
3516
3502
3518
3534
3522
3514
3480
3468
3492
3458
3450
3384
3426
3450
3400
3458
3416
3394
3366
3372
3280
3210
3298
3378
3314
3302
3308
3344
3340
3348
3300
3354
3374
3278
3306
3304
3360
3382
3436
3440
3442
3452
3402
3390
3374
3324
3300
3376
3390
3362
3320
3340
3304
3328
3332
3330
3302
3290
3272
3204
3268
3376
3384
3396
3438
3408
3360
3350
3322
3370
3380
3298
3314
3250
3338
3318
3450
3402
3476
3476
3512
3574
3622
3578
3536
3592
3572
3600
3580
3540
3518
3554
3534
3534
3508
3488
3520
3512
3564
3550
3536
3538
3574
3646
3654
3638
3608
3568
3592
3604
3638
3586
3528
3538
3438
3396
3354
3328
3328
3320
3344
3416
3416
3370
3326
3344
3354
3292
3354
3428
3362
3418
3348
3372
3406
3382
3376
3374
3346
3342
3430
3390
3452
3420
3412
3452
3466
3462
3534
3542
3512
3542
3508
3476
3508
3514
3460
3410
3446
3476
3434
3398
3408
3422
3412
3466
3474
3434
3390
3462
3378
3322
3342
3276
3294
3346
3374
3436
3460
3396
3364
3276
3282
3248
3318
3334
3408
3400
3402
3420
3416
3384
3450
3400
3482
3510
3518
3570
3590
3600
3508
3484
3458
3422
3430
3410
3436
3438
3422
3442
3530
3538
3484
3504
3504
3552
3552
3502
3464
3500
3510
3482
3512
3458
3500
3512
3510
3490
3514
3538
3500
3518
3504
3508
3500
3488
3470
3398
3308
3386
3392
3370
3428
3486
3472
3430
3416
3430
3334
3324
3352
3396
3492
3456
3468
3518
3522
3502
3516
3550
3508
3492
3494
3522
3502
3596
3592
3662
3584
3558
3566
3606
3594
3602
3588
3660
3652
3602
3626
3656
3660
3630
3670
3656
3652
3664
3640
3608
3570
3496
3452
3456
3458
3482
3488
3444
3470
3526
3540
3566
3558
3584
3570
3598
3592
3596
3558
3564
3504
3500
3492
3426
3392
3472
3476
3476
3418
3440
3418
3430
3396
3432
3468
3418
3396
3428
3450
3464
3524
3504
3498
3518
3466
3494
3498
3494
3530
3600
3610
3592
3560
3632
3636
3558
3580
3604
3604
3616
3574
3590
3584
3610
3594
3594
3544
3472
3430
3462
3482
3362
3306
3364
3356
3412
3414
3456
3470
3450
3356
3340
3398
3426
3458
3410
3462
3496
3538
3526
3562
3564
3552
3550
3540
3544
3502
3492
3478
3506
3470
3534
3442
3398
3408
3352
3386
3318
3326
3318
3402
3384
3380
3432
3514
3574
3586
3550
3500
3498
3522
3546
3472
3462
3478
3518
3452
3388
3378
3324
3268
3228
3302
3276
3280
3346
3372
3354
3308
3406
3452
3406
3436
3472
3464
3406
3406
3450
3338
3430
3414
3408
3432
3330
3266
3260
3238
3208
3218
3252
3256
3238
3250
3282
3362
3322
3330
3386
3368
3386
3394
3356
3354
3348
3380
3362
3438
3408
3390
3342
3296
3306
3352
3300
3378
3366
3368
3396
3398
3388
3388
3470
3494
3496
3480
3496
3504
3428
3432
3494
3468
3408
3460
3450
3492
3458
3458
3392
3402
3454
3384
3358
3346
3276
3314
3294
3154
3160
3118
3124
3150
3178
3224
3256
3280
3252
3308
3314
3252
3302
3266
3298
3296
3350
3406
3416
3356
3374
3386
3344
3306
3334
3350
3310
3338
3344
3322
3400
3398
3440
3400
3418
3414
3364
3368
3298
3316
3322
3322
3284
3324
3370
3412
3380
3404
3382
3400
3438
3398
3372
3446
3446
3484
3478
3370
3358
3446
3472
3504
3456
3570
3542
3516
3488
3512
3506
3538
3512
3520
3524
3612
3644
3652
3620
3530
3550
3480
3510
3508
3486
3478
3450
3490
3478
3502
3546
3552
3572
3602
3542
3574
3532
3574
3548
3562
3488
3458
3490
3522
3556
3556
3538
3486
3526
3580
3572
3520
3566
3566
3544
3560
3556
3538
3538
3582
3530
3556
3498
3482
3564
3552
3530
3540
3544
3546
3494
3500
3484
3482
3472
3472
3498
3416
3442
3414
3402
3386
3408
3350
3354
3306
3328
3346
3370
3290
3382
3410
3474
3452
3476
3408
3408
3456
3430
3452
3476
3412
3464
3460
3508
3468
3490
3494
3426
3408
3488
3472
3428
3494
3504
3466
3452
3424
3470
3380
3324
3318
3306
3370
3428
3432
3342
3362
3342
3334
3388
3492
3502
3520
3486
3498
3480
3448
3464
3500
3512
3530
3586
3624
3582
3548
3578
3648
3678
3674
3590
3616
3628
3638
3598
3584
3572
3506
3480
3466
3400
3492
3492
3506
3568
3514
3476
3516
3510
3454
3490
3470
3496
3478
3504
3532
3526
3400
3358
3358
3354
3344
3438
3534
3518
3474
3470
3550
3516
3520
3578
3576
3582
3606
3528
3556
3580
3532
3566
3556
3510
3486
3418
3396
3414
3336
3410
3390
3372
3332
3324
3284
3254
3282
3268
3264
3210
3198
3148
3200
3218
3160
3226
3272
3328
3282
3316
3308
3354
3396
3408
3356
3264
3254
3200
3262
3338
3354
3360
3386
3418
3412
3442
3382
3410
3450
3522
3496
3536
3536
3560
3576
3610
3598
3558
3526
3534
3520
3522
3472
3448
3362
3370
3348
3350
3328
3302
3360
3308
3286
3264
3234
