634
702
616
638
632
544
576
548
464
470
468
500
572
588
630
518
384
368
362
304
432
398
616
720
698
696
702
818
984
948
822
752
768
744
694
758
682
612
656
578
494
650
704
700
730
746
924
1148
1086
1046
970
984
1104
1044
1088
794
766
806
798
728
754
658
740
854
838
926
1056
1008
1204
1094
1200
1242
1328
1408
1448
1424
1376
1476
1534
1320
1256
1326
1342
1330
1288
1448
1262
1132
1174
1260
1276
1186
1238
1378
1382
1400
1456
1582
1706
1688
1620
1558
1656
1774
1718
1572
1592
1552
1544
1474
1598
1632
1660
1584
1588
1634
1564
1416
1200
1240
1076
996
1030
1102
1166
1146
1178
1300
1532
1576
1604
1556
1550
1582
1642
1556
1400
1232
1204
1074
980
904
1002
1108
972
950
960
906
866
892
938
932
900
736
624
576
524
468
500
538
504
480
476
606
622
708
858
764
796
740
576
482
532
412
328
276
312
208
136
110
144
324
384
464
394
586
404
326
370
240
226
582
490
446
400
422
558
630
538
370
386
270
158
52
102
376
244
258
312
258
276
298
338
478
468
494
470
606
722
786
704
850
692
748
456
550
628
528
660
658
590
574
582
678
816
854
712
716
814
1010
998
1082
1124
1160
1160
1302
1334
1222
1314
1328
1526
1684
1666
1600
1624
1682
1670
1834
1764
1650
1696
1720
1962
1876
1764
1816
1780
1918
2088
1894
1884
2046
1998
1936
2080
2060
2078
2026
2198
2048
2130
2048
2084
2194
2212
2356
2322
2386
2228
2288
2194
2204
2196
2286
2318
2310
2262
1982
1898
2016
1890
1836
2000
2140
2098
1944
2028
1970
1994
2078
2236
2222
2396
2252
2312
2308
2342
2308
2102
2138
2408
2502
2392
2582
2492
2490
2424
2450
2368
2466
2292
2314
2308
2174
2308
2310
2296
2134
2230
2162
2186
2218
2212
2060
1994
2054
1960
2040
2172
2058
2158
1994
1802
1766
1744
1704
1602
1760
1888
1798
1824
1714
1634
1880
1772
1732
1834
1792
1850
2080
1946
1926
1830
1830
1782
1710
1682
1720
1678
1584
1354
1432
1354
1270
1154
1282
1180
1170
1058
994
892
1110
1098
1068
978
798
934
908
1060
1174
1152
1202
1180
1264
1358
1394
1518
1596
1634
1700
1448
1414
1294
1338
1352
1514
1628
1574
1614
1492
1468
1490
1408
1348
1348
1350
1232
1208
1016
988
1138
978
1088
1002
862
960
980
928
956
1022
1176
1330
1382
1342
1352
1166
1080
1206
1228
1280
1238
1404
1338
1214
1174
1262
1344
1218
1360
1144
1188
1254
1274
1286
1268
1266
1206
1230
1224
1186
1274
1224
1330
1340
1264
1166
1170
1164
1234
1384
1602
1638
1566
1742
1722
1850
1916
1974
1964
1992
2184
2122
2156
2038
1942
1772
1804
1842
1834
1768
1750
1734
1752
1780
1688
1642
1750
1758
1700
1454
1392
1462
1416
1448
1390
1188
1132
1012
936
970
932
1134
1048
946
916
1150
1290
1314
1334
1280
1502
1464
1498
1544
1610
1666
1486
1192
1068
1156
1254
1282
1476
1480
1296
1272
1290
1174
1266
1190
1226
1144
1398
1214
1174
1188
1298
1366
1372
1562
1508
1554
1612
1544
1410
1458
1252
1110
1096
1032
1226
1440
1616
1550
1620
1548
1638
1670
1644
1568
1642
1662
1712
1502
1490
1558
1580
1628
1658
1440
1268
1422
1412
1268
1338
1250
1204
1150
1074
900
850
726
658
614
532
512
512
356
492
610
624
780
780
894
786
1100
1020
1008
902
852
892
964
928
852
842
770
718
672
822
680
666
722
898
868
870
776
668
702
614
724
810
918
770
830
892
750
664
782
834
740
824
716
662
650
630
654
562
546
464
450
544
464
510
298
168
206
594
368
460
448
394
292
274
100
234
304
172
188
228
296
304
390
554
610
616
526
498
514
474
440
448
588
550
546
522
656
528
612
486
368
526
562
518
526
460
456
454
532
346
102
134
270
354
322
386
350
118
108
22
80
136
134
240
312
408
308
212
66
112
86
142
206
102
36
48
66
150
202
128
32
18
70
142
64
32
28
16
58
4
230
172
202
318
220
470
764
830
832
874
940
1018
1010
1116
1030
1082
1168
1034
1082
946
762
780
892
830
824
926
832
816
966
954
1012
1044
1152
1248
1242
1178
1280
1378
1038
1022
884
744
842
868
880
814
606
684
720
700
602
824
762
644
716
692
728
614
500
340
394
362
352
482
660
786
790
836
864
868
682
844
944
918
968
930
786
820
770
592
594
512
462
482
298
310
272
278
170
140
6
86
82
34
98
20
62
46
142
288
296
406
298
210
198
148
150
102
206
286
300
244
134
368
454
502
404
542
542
310
302
378
510
272
394
432
522
532
490
474
610
554
598
736
778
680
494
452
450
524
424
348
444
468
444
364
526
524
626
508
506
484
506
452
586
540
588
586
580
586
608
452
626
626
646
618
426
490
444
548
456
234
264
138
264
236
140
26
54
62
2
48
70
96
142
204
76
72
6
98
190
266
218
70
148
270
168
206
214
372
344
358
372
218
342
536
600
610
550
328
360
384
528
716
788
806
856
794
850
802
870
862
916
852
1050
1044
1004
1056
1090
1086
1008
704
670
636
896
830
696
622
468
442
342
430
496
572
370
480
622
404
142
120
184
104
128
18
28
104
86
46
4
94
30
214
162
78
34
4
80
84
148
148
174
154
254
174
138
148
200
174
52
150
142
266
404
462
308
306
474
514
218
256
74
108
40
204
36
6
108
40
160
202
360
330
248
306
244
182
184
102
130
236
292
238
168
44
38
90
14
50
140
14
132
204
254
524
494
674
674
604
492
566
418
464
552
622
546
530
568
350
294
330
190
34
162
120
108
46
72
246
106
252
122
134
28
146
238
152
204
230
80
242
222
106
38
160
150
208
176
92
226
226
274
106
200
96
66
60
114
92
34
64
294
206
124
62
96
284
164
90
16
118
96
12
238
16
98
116
190
282
322
428
530
612
644
666
668
718
658
772
690
768
614
566
572
634
720
466
224
32
102
90
166
202
194
206
182
200
274
222
178
358
286
244
198
294
130
200
68
120
64
76
38
44
52
64
214
218
68
40
74
6
50
24
58
54
48
4
42
56
24
148
46
348
222
238
342
224
204
24
162
60
20
70
158
280
244
276
228
324
368
252
254
182
264
516
536
544
442
472
470
488
512
420
752
758
660
520
484
404
316
332
452
350
432
268
246
182
162
78
104
204
138
154
140
82
182
132
124
158
238
302
262
166
94
154
112
60
138
18
42
112
128
44
90
78
136
154
40
108
14
8
110
106
64
88
162
304
288
304
336
448
338
400
428
496
440
232
152
150
78
114
124
46
96
278
196
6
68
94
260
388
368
330
282
14
112
206
90
42
68
108
128
22
54
48
48
40
42
12
20
250
352
570
574
662
728
698
764
706
698
690
674
504
406
390
562
658
586
476
518
466
566
544
680
540
576
756
750
846
762
772
734
774
796
908
946
1016
874
896
850
648
652
620
662
364
408
250
284
656
484
688
616
534
492
412
324
406
510
410
296
384
356
374
400
750
840
814
684
784
984
746
804
898
828
778
632
656
814
848
1090
1072
1022
824
730
688
704
614
658
668
618
656
880
974
876
928
858
948
892
998
882
892
768
698
746
734
818
884
888
912
1068
1104
1116
1134
1114
1100
1128
1232
1220
1176
1158
1232
1156
1114
1086
1192
1238
1232
932
1014
964
874
846
866
1000
950
948
908
906
1024
1114
1224
1296
1142
1378
1290
1420
1678
1712
1634
1444
1548
1360
1388
1442
1404
1430
1386
1300
1302
1190
1224
1306
1180
1236
1202
1220
1190
896
974
1026
1166
1146
1158
1036
1094
990
964
1030
1096
1096
1176
1130
1184
1368
1174
1186
1306
1368
1260
1400
1644
1702
1710
1742
1678
1806
1738
1716
1788
1682
1702
1782
1780
1766
1720
1670
1688
1766
1848
1864
1866
1766
1740
1628
1582
1908
1912
1756
1822
1864
1740
1888
1678
1676
1712
1794
1894
1896
1784
1870
1920
1966
1990
2078
2134
2124
2124
2228
2168
2196
2184
2052
2014
1974
1928
1840
1680
1556
1576
1622
1598
1802
1520
1562
1776
1848
1706
1582
1584
1642
1584
1490
1492
1524
1630
1490
1546
1654
1672
1458
1434
1430
1346
1530
1476
1484
1482
1610
1716
1672
1762
1760
1754
1970
1946
1786
1826
1870
1948
2062
1948
1998
1894
2018
2038
2150
2102
2198
2138
2124
2204
2258
2422
2442
2260
2208
2134
2208
2216
2098
1982
2218
2136
2196
2066
2006
2036
1964
1856
1704
1690
1478
1564
1664
1684
1600
1790
1664
1684
1762
1782
1608
1532
1446
1554
1672
1714
1772
1816
1798
1852
1864
1900
2086
2044
1832
1844
1800
1812
1724
1804
1806
1658
1598
1596
1524
1462
1298
1288
1298
1204
1244
1362
1324
1308
1286
1292
1422
1358
1408
1364
1232
1300
1268
1318
1472
1314
1380
1498
1482
1436
1330
1270
1294
1252
1166
1240
1170
948
926
1054
1010
994
1004
1138
1060
1066
1086
1206
1334
1182
1104
1178
1304
1360
1524
1632
1554
1498
1398
1396
1310
1266
1214
1184
1156
1242
1120
1042
1108
1254
1232
1224
1282
1474
1478
1344
1338
1188
1114
1154
1070
1022
1006
1026
892
910
1000
1024
968
1002
928
838
726
756
826
854
870
1024
846
954
932
874
906
974
882
962
1026
1070
1092
1474
1368
1250
1284
1430
1366
1444
1562
1548
1612
1530
1588
1584
1750
1660
1572
1684
1624
1654
1684
1656
1756
1684
1638
1524
1714
1582
1678
1650
1688
1718
1500
1648
1672
1540
1550
1438
1374
1362
1454
1458
1556
1582
1566
1664
1634
1686
1770
1806
1838
1820
1808
1838
1702
1586
1482
1532
1612
1588
1684
1634
1684
1778
1922
1802
1776
1806
1884
1856
1928
1972
1786
1688
1604
1528
1544
1616
1550
1704
1720
1630
1624
1504
1380
1246
1114
1132
1124
1058
944
1050
1008
926
910
734
702
758
792
774
716
952
872
798
816
640
784
716
750
620
702
654
738
896
836
978
1144
1134
962
882
974
1086
910
802
708
712
718
680
764
774
816
806
800
854
928
1052
1096
1034
1104
1208
932
1060
1000
940
1026
1088
1076
986
882
998
1030
1238
1170
1324
1278
1420
1462
1398
1226
1326
1374
1308
1334
1432
1362
1352
1298
1306
1270
1160
1122
1206
1208
1374
1222
1102
1210
1258
1082
1102
1102
1220
1292
1222
1220
1276
1370
1424
1460
1352
1326
1302
1430
1274
1122
962
1194
1238
1212
1190
1030
934
888
