2244
2290
2304
2206
2178
2180
2148
2118
2136
2148
2214
2166
2230
2202
2144
2122
2224
2248
2264
2200
2178
2162
2296
2274
2218
2240
2266
2284
2294
2276
2240
2290
2310
2340
2158
2150
2138
2178
2204
2240
2286
2374
2410
2398
2378
2302
2298
2332
2394
2340
2346
2424
2420
2418
2394
2478
2468
2534
2478
2436
2422
2352
2314
2204
2294
2190
2204
2130
2140
2198
2208
2194
2248
2266
2324
2278
2226
2252
2258
2270
2274
2270
2292
2244
2264
2292
2252
2254
2270
2358
2364
2554
2490
2426
2430
2508
2492
2562
2548
2586
2486
2510
2426
2340
2280
2312
2328
2330
2340
2344
2396
2396
2312
2346
2402
2354
2336
2350
2386
2338
2362
2418
2470
2480
2514
2446
2478
2436
2494
2424
2400
2474
2464
2514
2532
2592
2564
2610
2534
2632
2604
2538
2506
2422
2402
2508
2444
2408
2406
2400
2478
2448
2476
2506
2484
2458
2358
2342
2300
2340
2378
2458
2504
2520
2600
2560
2550
2460
2418
2382
2396
2426
2442
2548
2574
2716
2694
2802
2772
2760
2716
2758
2728
2652
2658
2732
2768
2660
2658
2626
2616
2668
2732
2752
2756
2750
2722
2738
2758
2768
2796
2728
2694
2730
2734
2796
2830
2792
2794
2784
2726
2660
2634
2642
2640
2680
2684
2688
2708
2716
2734
2784
2870
2872
2882
2884
2878
2940
2932
2908
2836
2778
2756
2710
2720
2722
2674
2698
2670
2614
2602
2600
2660
2640
2556
2534
2542
2478
2412
2308
2342
2302
2434
2422
2418
2500
2496
2554
2590
2544
2484
2422
2506
2570
2594
2542
2498
2496
2478
2408
2456
2508
2650
2654
2626
2648
2614
2682
2754
2770
2752
2806
2848
2670
2620
2614
2626
2656
2672
2688
2742
2628
2678
2612
2642
2578
2660
2660
2664
2692
2660
2662
2658
2634
2714
2722
2782
2800
2680
2692
2724
2710
2650
2650
2734
2764
2822
2848
2828
2754
2718
2784
2818
2802
2810
2830
2894
2862
2872
2896
2962
2976
2948
2962
2854
2776
2838
2858
2958
2902
2962
2972
2950
2932
2858
2924
2868
2930
2904
2912
2886
2964
2834
2756
2824
2778
2614
2666
2664
2708
2658
2724
2676
2746
2810
2846
2802
2768
2756
2740
2748
2768
2784
2796
2804
2744
2756
2768
2786
2936
2910
2838
2868
2876
2864
2792
2846
2790
2828
2792
2720
2698
2778
2770
2802
2774
2782
2798
2824
2872
2800
2916
2852
2982
2930
2850
2750
2738
2814
2816
2798
2776
2820
2812
2790
2826
2780
2702
2654
2682
2624
2666
2692
2644
2656
2618
2696
2698
2778
2784
2750
2736
2770
2844
2818
2836
2818
2730
2850
2838
2838
2866
2820
2708
2752
2774
2812
2824
2830
2780
2766
2722
2672
2702
2702
2688
2742
2720
2734
2724
2722
2682
2672
2776
2842
2736
2724
2636
2602
2582
2734
2736
2716
2742
2774
2862
2920
2890
2834
2948
2966
2866
2854
2872
2910
2946
2888
2876
2954
2950
2998
3018
3044
3128
3148
3158
3166
3174
3260
3226
3232
3240
3226
3270
3384
3414
3426
3340
3250
3272
3320
3282
3278
3258
3290
3246
3226
3214
3144
3168
3158
3146
3228
3304
3280
3234
3248
3178
3164
3218
3150
3124
3130
3090
3054
3102
3144
3082
3026
2964
2986
2932
2964
2874
2840
2756
2786
2756
2780
2746
2748
2808
2816
2804
2810
2692
2736
2724
2760
2726
2784
2708
2680
2714
2794
2876
2874
2846
2836
2870
2784
2740
2684
2718
2792
2806
2846
2838
2904
2948
2866
2814
2856
2824
2904
2952
2916
2958
2858
2836
2734
2796
2798
2876
2860
2888
2820
2842
2814
2874
2896
2852
2906
2988
2942
2912
2980
2894
2910
2922
2888
2848
2936
3032
3066
3072
3102
3056
3052
3030
2942
2938
2914
2850
2868
2930
2978
2956
2932
2948
2978
3002
3116
3086
3118
3090
3056
3004
3006
3008
3002
3060
3114
3088
3110
3052
3090
3064
2994
2950
2992
2990
3066
3020
2992
2986
2958
2910
2958
2906
2926
2778
2782
2808
2710
2688
2744
2742
2802
2764
2780
2822
2802
2802
2778
2798
2844
2840
2942
2974
3022
3014
3078
3186
3168
3152
3174
3072
3124
3092
3084
3090
3152
3230
3194
3188
3106
3066
3106
3090
3016
2952
2980
2988
3012
2974
3026
2990
2992
2950
2994
2990
3052
3116
3140
3198
3144
3182
3124
3128
3114
3108
3180
3228
3160
3062
3086
3064
3042
3076
3040
3066
3064
2990
2972
2950
2944
2906
2974
2990
2958
2954
2932
2952
2962
2874
2870
2868
2826
2810
2840
2802
2876
2878
2866
2876
2886
2882
2746
2784
2716
2736
2790
2712
2704
2736
2732
2754
2658
2604
2628
2606
2624
2732
2652
2620
2660
2658
2732
2624
2570
2596
2602
2614
2640
2592
2522
2542
2550
2642
2594
2660
2704
2634
2612
2558
2590
2620
2538
2466
2570
2572
2538
2466
2520
2524
2538
2510
2432
2474
2504
2442
2368
2488
2516
2476
2532
2448
2476
2452
2418
2498
2526
2580
2652
2618
2676
2622
2598
2600
2612
2518
2480
2542
2540
2568
2618
2620
2686
2686
2692
2752
2742
2752
2732
2518
2614
2602
2548
2494
2550
2498
2496
2468
2506
2532
2444
2422
2404
2348
2414
2394
2354
2336
2396
2410
2428
2364
2356
2430
2362
2382
2384
2340
2314
2462
2432
2486
2442
2448
2336
2370
2360
2408
2398
2416
2418
2382
2346
2396
2376
2316
2284
2356
2358
2376
2372
2436
2450
2396
2530
2564
2538
2514
2430
2304
2340
2322
2284
2210
2204
2242
2154
2128
2156
2204
2242
2274
2326
2378
2406
2490
2470
2458
2526
2502
2516
2506
2470
2398
2366
2378
2342
2430
2372
2286
2352
2398
2360
2376
2308
2320
2244
2296
2270
2298
2350
2286
2274
2306
2360
2394
2368
2350
2368
2520
2518
2532
2502
2424
2492
2472
2370
2406
2354
2394
2462
2422
2404
2430
2434
2444
2498
2476
2438
2480
2436
2476
2436
2478
2530
2514
2482
2426
2464
2434
2462
2490
2540
2500
2496
2496
2376
2286
2334
2374
2394
2394
2442
2416
2370
2342
2338
2426
2358
2348
2266
2180
2146
2128
2164
2060
2030
2086
2056
2100
2068
2128
2148
2144
2110
2158
2116
2112
2142
2144
2100
2068
2146
2120
2162
2162
2176
2136
2122
2118
2126
2060
2086
2102
2138
2192
2020
2070
2232
2248
2214
2206
2272
2204
2182
2132
2170
2160
2200
2248
2400
2372
2458
2484
2400
2456
2438
2380
2378
2422
2482
2410
2436
2440
2510
2474
2414
2364
2398
2448
2388
2328
2354
2428
2438
2332
2286
2208
2138
2080
2016
2072
2014
2124
2116
2186
2112
2076
2074
2136
2158
2172
2286
2220
2176
2108
2102
2130
2098
2096
2010
2172
2202
2172
2194
2140
2084
2062
2014
2096
2114
2128
2100
2126
2128
2084
2068
2062
2176
2210
2192
2064
2072
1958
1890
1974
1906
1974
1912
1914
1886
1860
1882
1844
1748
1738
1694
1656
1654
1726
1628
1632
1648
1614
1648
1584
1590
1604
1526
1510
1530
1490
1508
1474
1566
1568
1600
1676
1694
1764
1716
1800
1792
1768
1734
1710
1690
1614
1566
1670
1620
1692
1712
1616
1594
1634
1620
1650
1648
1674
1650
1782
1778
1824
1966
1936
1974
2012
1970
2032
2064
2082
1994
1956
1980
2028
2080
2066
2034
2006
1902
1850
1856
1840
1894
1932
1992
2004
1976
1990
2020
2006
1992
2000
1998
1932
1920
1898
1812
1726
1796
1776
1682
1748
1732
1820
1754
1826
1816
1830
1794
1792
1896
1864
1746
1704
1642
1598
1524
1498
1452
1452
1446
1438
1508
1520
1468
1510
1448
1512
1558
1618
1690
1758
1818
1906
1922
1834
1750
1770
1776
1774
1764
1762
1706
1758
1712
1710
1706
1786
1726
1850
1836
1850
1910
1876
1874
1882
1862
1888
1848
1876
1856
1850
1862
1848
1802
1848
1938
1920
1816
1884
1812
1858
1854
1864
1878
1762
1652
1642
1642
1704
1710
1758
1664
1666
1596
1684
1652
1630
1632
1736
1776
1728
1836
1860
1836
1792
1730
1746
1668
1650
1624
1596
1550
1572
1570
1538
1516
1528
1506
1530
1578
1526
1488
1520
1542
1502
1486
1486
1400
1386
1422
1410
1390
1532
1480
1428
1348
1374
1476
1408
1414
1480
1614
1614
1486
1460
1420
1386
1370
1310
1268
1308
1260
1324
1360
1418
1302
1338
1280
1188
1110
1110
1050
1064
1080
1080
1184
1134
1174
1222
1200
1146
1072
1146
1010
958
908
952
994
966
1058
1112
1136
1010
1010
880
884
948
854
778
924
966
1032
1016
1020
1070
1158
1246
1326
1212
1210
1210
1240
1214
1204
1146
1256
1296
1356
1366
1372
1316
1408
1324
1288
1302
1214
1282
1308
1222
1190
1280
1346
1360
1430
1432
1462
1436
1386
1396
1380
1316
1376
1436
1390
1436
1346
1324
1312
1250
1292
1300
1370
1244
1250
1264
1258
1254
1296
1246
1304
1270
1260
1364
1272
1316
1196
1198
1192
1098
1020
1054
1140
1222
1272
1282
1382
1328
1278
1300
1284
1314
1402
1358
1386
1338
1242
1252
1188
1146
1124
1166
1078
934
968
968
982
872
832
828
908
902
924
966
982
976
946
968
988
900
870
880
894
924
1014
1032
1052
1060
1040
1020
942
902
906
792
856
908
994
996
926
870
844
746
908
896
828
802
664
638
720
730
716
756
778
884
834
728
748
724
692
674
652
682
630
606
492
554
460
614
682
658
784
746
824
832
728
662
646
570
588
562
426
424
504
536
538
522
486
470
532
418
372
478
484
488
388
300
298
358
316
286
220
256
252
338
384
426
522
606
632
582
510
526
546
476
460
360
438
378
466
310
322
378
360
354
434
458
484
408
504
484
572
600
640
710
762
806
862
894
924
860
772
712
654
480
492
556
596
580
624
540
650
660
554
544
598
542
666
580
536
612
682
696
676
710
678
614
546
606
670
644
628
580
610
546
508
458
610
560
516
474
444
456
528
602
622
650
706
732
734
700
596
590
622
608
636
522
572
544
466
532
610
676
574
558
414
338
294
324
462
454
312
392
432
438
518
596
624
670
678
650
716
732
744
660
666
782
806
860
892
930
946
954
980
1028
982
1000
994
970
872
866
934
992
886
936
948
1012
1042
1098
1142
1090
990
960
894
1044
980
958
1000
1006
938
942
1024
934
838
916
884
954
980
922
862
936
876
916
990
844
762
866
858
850
856
836
894
792
890
934
948
980
810
774
690
756
780
886
882
992
1014
962
844
934
1080
1038
1056
1054
1040
1066
1170
1160
1142
1160
1104
1104
1236
1210
1158
1202
1162
1182
1202
1212
1274
1206
1206
1182
1162
1188
1096
1054
984
956
920
966
950
950
848
716
654
568
648
682
610
672
690
680
714
718
750
778
792
874
834
808
898
890
842
968
992
934
890
930
962
1028
1112
1030
930
1120
1068
1026
916
932
858
754
804
686
686
700
760
744
814
836
734
808
814
790
830
786
832
774
734
732
702
700
656
672
688
690
708
798
744
842
828
860
900
868
870
944
932
980
974
886
1000
1034
964
856
802
878
816
790
782
834
882
1036
1142
1170
1232
1286
1206
1280
1280
1298
1232
1310
1332
1348
1396
1496
1482
1460
1452
1428
1510
1514
1464
1456
1532
1568
1520
1596
1620
1590
1670
1758
1834
1810
1826
1748
1716
1614
1512
1554
1484
1388
1362
1320
1260
1276
1226
1276
1296
1314
1330
1364
1278
1284
1244
1222
1236
1338
1352
1346
1288
1306
1448
1452
1394
1386
1502
1460
1432
1420
1508
1490
1532
1498
1430
1446
1450
1426
1338
1278
1206
1108
1204
1330
