530
520
542
568
574
514
550
580
588
598
586
620
630
594
600
610
648
670
652
636
628
590
612
616
628
636
638
690
686
694
716
674
702
730
744
728
734
758
730
732
714
674
708
700
648
620
644
556
556
592
604
572
584
610
592
564
542
492
500
502
544
562
592
598
556
496
478
526
524
522
538
564
524
430
458
406
446
434
480
462
496
504
488
496
484
516
548
546
564
540
554
580
554
552
506
554
574
566
576
612
606
630
588
596
602
578
582
528
512
500
532
544
502
560
568
502
488
496
428
382
422
434
416
418
388
420
412
444
422
404
382
388
374
356
382
386
370
318
320
322
340
374
426
440
444
438
472
464
470
506
468
520
524
558
576
628
644
638
662
628
618
626
654
654
696
700
688
696
706
704
686
666
678
682
712
640
612
624
594
614
614
662
640
592
574
576
574
604
568
588
600
612
574
582
542
552
492
492
486
546
494
486
492
442
480
426
428
410
376
372
386
356
350
358
360
354
382
368
382
376
400
410
344
326
294
296
294
346
326
296
244
284
242
238
236
180
138
184
216
232
220
206
216
222
234
234
264
254
268
248
262
254
278
226
186
164
164
134
120
116
112
130
142
146
164
122
118
106
72
52
150
172
142
158
162
176
164
200
194
202
206
190
218
256
280
314
262
230
274
242
214
220
196
200
166
238
244
260
304
328
292
256
314
402
390
424
434
388
400
384
408
448
428
442
406
374
328
304
304
262
292
286
312
316
388
376
398
440
398
438
426
474
488
454
494
508
522
474
482
492
498
500
512
560
514
492
518
484
434
436
436
442
472
530
518
486
460
448
482
484
474
494
470
430
426
426
402
406
336
324
320
338
316
300
330
306
248
272
328
322
332
362
352
400
394
380
336
358
374
388
384
354
340
316
300
330
384
410
416
466
450
406
416
404
362
376
358
364
410
418
440
476
474
392
368
372
422
436
448
494
426
456
428
430
484
530
512
500
522
508
528
516
536
538
560
558
562
550
534
536
552
568
558
624
650
670
656
660
676
662
604
608
516
534
538
468
526
512
534
520
556
516
548
544
558
524
568
592
624
606
594
630
642
658
680
650
630
614
634
554
504
490
518
478
446
420
444
486
516
526
540
536
512
504
514
540
506
534
492
474
486
474
468
512
526
528
452
448
402
390
420
424
352
358
376
402
364
416
422
442
432
394
422
438
428
422
404
404
380
336
348
362
318
358
358
354
334
316
324
300
282
268
238
214
204
260
304
314
306
312
272
282
292
316
284
332
356
362
332
318
308
344
408
384
430
378
328
252
274
246
242
242
234
182
120
108
132
126
110
226
260
252
240
266
266
236
276
250
294
348
334
322
364
382
430
382
334
360
338
376
324
330
328
314
340
340
330
306
288
262
224
250
322
342
306
316
282
242
174
186
188
168
176
212
186
150
90
152
164
182
162
114
86
50
70
96
82
58
54
76
36
6
38
4
6
40
28
12
46
34
80
64
58
72
66
78
128
138
184
206
224
172
190
216
238
254
226
278
270
232
182
154
152
164
196
120
90
112
118
112
164
152
84
142
156
186
134
156
122
218
226
198
180
212
216
214
200
192
138
144
196
228
274
298
274
254
220
186
180
204
240
292
260
214
236
218
182
204
152
180
220
234
226
198
190
186
194
206
162
154
162
130
96
60
24
44
78
100
62
14
58
2
38
44
2
30
64
78
72
32
68
82
78
68
90
90
104
116
96
100
38
96
86
76
78
50
74
66
76
6
80
86
90
102
156
138
118
84
42
52
56
86
68
102
28
66
64
104
54
80
60
82
96
118
110
108
110
132
172
172
132
82
104
116
114
96
114
88
62
86
148
152
154
206
252
226
220
228
240
270
260
198
188
168
184
136
236
192
224
156
156
130
112
68
54
132
164
108
76
138
148
112
72
22
24
44
42
30
52
8
66
52
144
110
120
122
90
100
72
24
64
6
4
26
22
64
102
98
52
44
68
32
10
16
18
62
28
40
18
42
48
24
20
12
12
6
10
42
8
22
24
8
6
4
18
58
28
20
102
84
114
90
92
88
110
100
108
116
160
112
128
88
70
78
90
84
88
62
20
36
32
34
8
14
22
68
94
96
58
6
24
76
20
22
16
4
44
116
144
26
0
62
80
8
50
30
28
48
14
16
12
40
72
48
60
96
86
56
64
92
76
72
56
56
102
146
106
76
80
78
110
86
112
98
90
90
86
110
102
86
96
80
42
34
10
30
80
96
116
124
134
156
64
48
26
38
62
84
54
84
24
24
8
70
68
36
8
12
14
14
14
12
28
22
6
22
42
26
74
88
94
58
126
144
172
224
234
264
228
238
254
268
282
228
282
242
282
312
294
240
216
188
166
192
184
158
134
100
70
68
132
142
114
112
112
114
122
168
166
146
84
126
110
168
162
208
216
224
250
208
236
234
200
204
220
170
146
100
130
82
58
44
16
6
18
8
30
4
28
10
76
22
56
48
24
58
60
12
36
4
32
12
20
10
22
28
22
30
2
60
72
62
116
104
90
88
64
46
116
128
132
138
112
132
142
224
260
264
332
304
318
332
330
306
346
372
386
406
428
442
472
474
456
474
484
538
518
562
564
586
562
550
528
542
526
530
502
476
524
498
550
604
632
612
608
572
546
590
606
626
594
608
572
556
552
590
562
564
564
578
548
544
526
512
524
560
594
602
574
600
664
694
680
670
658
650
660
628
584
602
594
608
662
658
670
686
672
690
686
682
698
696
654
682
626
596
572
544
574
600
604
602
566
548
592
574
582
542
504
514
502
522
496
498
470
496
470
506
480
558
506
540
586
520
536
522
504
512
506
462
468
486
544
540
548
542
574
606
622
620
610
598
648
640
654
656
626
632
596
608
618
594
662
632
598
606
564
560
556
566
592
550
544
514
454
406
412
434
434
450
424
412
416
364
444
464
456
480
506
486
484
472
486
492
532
500
506
512
446
490
490
496
480
446
444
518
522
492
498
506
508
548
528
532
512
468
408
392
436
424
440
444
472
520
522
522
546
536
546
572
546
568
632
570
558
556
562
518
526
514
568
550
538
526
504
550
522
522
512
532
554
596
640
638
646
602
626
680
638
660
624
608
588
564
570
642
638
700
700
720
722
736
734
726
780
766
742
744
778
778
804
830
804
850
848
896
864
884
866
872
846
832
808
832
830
842
840
836
836
798
766
764
800
752
722
744
744
830
844
848
812
806
838
818
822
820
774
760
756
756
750
686
724
712
732
680
668
702
734
736
782
758
738
732
736
748
758
808
778
810
768
750
776
744
770
770
774
808
782
736
748
780
778
716
724
692
700
768
748
750
792
758
810
830
852
866
892
886
854
844
848
834
800
794
788
752
756
744
762
722
758
740
748
760
798
828
848
816
810
780
746
710
712
694
676
670
722
756
770
750
740
764
786
798
760
752
742
740
740
758
752
786
780
780
808
770
736
804
808
852
834
818
802
784
744
710
700
694
696
728
772
762
754
762
748
714
636
610
608
626
550
524
506
494
504
448
452
434
442
416
464
476
476
488
480
454
450
498
476
498
526
508
538
584
576
584
670
688
670
692
672
688
682
672
614
570
584
582
578
612
604
642
584
590
602
612
616
646
642
662
684
640
636
676
660
640
642
582
572
520
550
542
496
492
466
484
486
506
528
544
508
506
470
490
556
570
560
576
590
576
578
596
596
646
606
574
574
588
554
562
504
480
452
462
392
404
430
466
448
442
406
432
446
400
372
382
384
390
376
354
302
286
294
292
272
258
300
272
202
184
158
128
90
88
140
130
134
138
180
230
196
240
274
312
296
306
310
362
378
404
374
312
270
250
262
288
266
288
252
242
228
246
246
286
248
200
176
160
166
136
158
184
144
160
166
192
176
186
212
216
216
224
142
154
210
186
160
174
98
32
26
16
10
34
78
70
86
78
44
42
24
24
18
70
26
46
16
72
36
64
44
72
54
58
64
68
102
86
42
32
24
2
36
0
50
90
48
4
4
30
34
22
2
26
8
0
14
6
20
6
14
14
8
4
34
16
30
82
34
20
8
22
6
20
74
14
2
32
16
4
8
22
16
22
50
116
100
20
38
2
20
0
12
30
66
38
12
44
30
40
30
8
24
36
0
46
14
26
40
8
80
44
48
70
92
114
82
48
16
16
40
20
46
50
40
38
52
54
52
40
52
4
26
48
58
36
42
86
10
44
18
8
38
4
2
32
52
4
2
24
10
2
44
48
76
56
70
54
86
126
108
80
52
54
70
152
182
182
184
168
170
176
208
236
238
210
218
192
198
190
196
236
252
296
268
242
214
212
234
256
234
226
186
152
144
144
178
190
186
218
236
208
238
294
322
324
310
304
304
268
276
322
372
350
348
314
336
338
346
350
324
298
270
340
344
410
408
368
412
358
398
358
364
346
338
358
344
344
312
310
332
340
390
422
410
418
422
410
442
482
474
460
488
476
492
502
482
484
462
456
488
442
456
486
466
478
464
442
422
424
392
362
352
360
354
298
268
224
288
250
