894
890
904
904
900
872
900
880
878
888
904
906
926
906
904
896
894
896
910
896
880
876
886
930
922
880
926
914
854
866
830
880
846
896
898
912
906
892
934
912
886
910
924
922
948
928
894
922
908
900
872
888
874
884
908
902
906
926
942
934
928
920
892
876
864
848
882
888
878
880
910
954
936
940
914
906
928
938
930
908
906
908
916
932
918
912
904
888
872
908
910
908
924
908
926
912
886
898
924
930
920
900
886
888
900
918
918
890
874
868
856
882
876
900
878
870
900
892
918
934
936
930
920
908
894
900
902
882
892
888
878
902
900
918
906
878
894
902
892
868
854
848
866
860
858
896
904
892
870
888
904
906
914
942
938
928
908
868
876
894
862
850
870
920
950
942
900
894
904
886
906
910
916
928
918
918
926
900
898
918
870
866
894
880
882
896
892
864
868
872
906
918
918
928
882
882
880
868
860
888
894
856
848
844
882
864
862
868
852
822
824
828
840
842
830
844
834
902
904
866
894
904
896
886
890
910
892
902
870
900
928
914
940
910
904
872
860
888
872
882
864
828
814
838
816
826
828
798
810
790
814
808
868
876
904
902
900
910
912
892
914
910
906
828
840
838
828
840
832
874
898
916
918
922
904
906
908
900
904
918
912
926
930
894
916
916
906
890
908
898
890
850
834
874
848
860
884
870
888
888
920
928
942
970
938
944
904
938
908
926
898
900
894
856
878
896
930
928
924
922
886
904
902
902
908
904
882
924
892
884
890
888
848
870
878
886
854
828
822
814
814
836
882
880
854
896
882
862
850
862
878
912
896
904
906
908
882
910
910
904
890
840
794
798
824
842
826
826
848
856
874
906
890
882
900
898
884
880
902
902
880
864
882
930
922
938
934
932
926
910
906
896
908
904
902
902
880
916
910
908
892
898
880
892
872
874
844
834
876
860
850
834
862
896
876
856
896
886
898
872
866
876
894
888
894
900
926
928
916
938
918
912
924
916
928
940
934
930
912
910
900
906
864
838
848
834
782
818
792
810
792
784
824
832
844
854
842
834
868
880
882
882
912
896
898
902
928
928
920
898
894
866
908
888
870
882
910
920
906
890
862
848
858
882
866
880
892
920
914
872
880
874
852
834
846
818
832
846
838
816
802
826
830
816
816
836
830
836
818
826
848
856
858
878
872
840
844
842
830
836
826
850
866
868
868
852
814
790
820
826
848
834
824
794
786
784
764
766
824
840
860
870
870
886
880
854
832
810
772
780
866
884
860
874
848
810
840
860
886
900
882
896
858
842
864
866
846
862
886
878
908
918
924
928
902
892
894
908
892
910
898
914
898
896
900
904
916
904
874
882
922
920
926
898
880
900
892
866
862
814
790
848
840
794
850
836
860
864
876
876
850
852
864
852
856
844
840
840
840
844
840
860
868
888
894
876
870
832
832
794
814
838
804
814
832
862
898
898
882
874
850
850
882
836
820
822
804
834
832
866
814
822
824
812
828
840
834
848
876
854
830
804
816
800
846
828
824
850
868
822
842
848
880
868
884
866
866
876
888
894
908
878
860
882
890
906
900
874
878
890
858
876
890
908
896
898
864
914
916
904
922
920
884
890
886
866
900
870
876
912
922
896
898
910
898
890
904
926
900
874
864
914
898
876
874
888
886
908
926
886
902
856
854
842
856
832
846
838
844
830
874
884
908
910
864
874
834
874
888
886
882
856
826
826
794
816
846
824
806
810
818
830
822
798
846
862
880
874
860
882
866
886
896
868
858
796
844
866
908
918
886
834
868
834
810
802
798
812
796
790
792
838
836
810
822
800
794
760
762
812
796
818
840
838
826
814
844
854
820
814
810
820
838
832
836
792
778
780
808
810
864
892
914
898
888
922
890
884
860
842
850
890
912
908
902
904
864
886
878
890
912
908
928
930
932
882
918
938
948
924
894
886
908
932
930
900
904
882
838
840
838
874
818
808
830
812
808
858
880
840
864
856
844
864
832
872
870
842
840
870
886
886
904
882
896
886
902
926
908
894
878
886
916
936
912
918
926
908
908
894
892
896
922
924
906
924
914
900
906
930
876
878
886
898
902
896
870
846
792
782
798
828
864
882
856
822
822
818
828
856
842
832
854
820
802
796
762
742
776
808
832
824
776
786
764
768
816
830
852
808
782
792
848
828
818
830
872
846
846
864
870
868
842
834
830
842
822
852
850
846
846
830
870
904
920
890
890
894
912
922
884
902
894
888
900
918
898
858
912
872
858
842
832
838
866
880
866
850
854
856
876
880
864
860
828
850
832
866
882
886
852
836
850
878
914
892
896
848
850
854
866
876
864
850
834
850
832
842
824
870
852
852
868
902
920
890
868
880
898
908
880
912
906
916
930
902
904
882
888
884
894
892
886
938
954
942
922
892
910
954
930
912
888
890
864
842
826
818
828
822
830
780
750
772
762
782
808
792
808
804
764
772
814
872
866
830
824
808
794
824
816
844
850
814
818
820
790
836
896
902
874
908
890
876
882
892
890
916
920
914
920
934
910
916
920
926
908
878
866
866
872
878
824
840
840
830
808
820
794
802
766
772
780
804
788
796
806
828
812
812
786
778
774
780
762
804
800
796
786
806
820
806
770
782
808
822
772
782
774
750
786
800
828
820
836
820
830
828
856
800
782
780
792
790
774
820
822
842
826
804
812
802
814
828
868
878
874
876
892
918
922
922
906
864
868
874
874
874
880
832
812
850
834
828
834
856
852
854
832
830
848
856
836
830
820
826
816
804
804
842
854
886
890
900
888
872
882
870
894
886
882
898
882
886
882
904
924
934
916
904
890
880
882
888
874
870
860
864
852
852
832
852
888
876
898
888
896
924
884
878
918
930
934
942
928
900
926
932
932
918
914
906
890
860
872
896
924
858
830
854
820
828
852
874
880
880
864
822
842
868
870
852
832
842
882
908
904
898
892
900
916
918
878
876
868
862
836
858
858
870
872
882
880
828
842
852
876
880
858
830
846
838
832
840
808
804
826
778
770
786
724
762
740
774
758
772
774
786
828
798
764
754
728
736
750
716
696
656
640
624
640
634
656
722
722
746
736
740
732
732
732
732
742
784
790
772
756
744
712
724
716
674
678
700
704
700
726
720
724
722
702
720
728
748
748
708
706
710
730
786
806
828
830
830
808
812
852
876
864
872
894
906
888
892
896
906
902
898
896
878
866
822
852
842
836
808
808
776
778
768
796
810
820
814
840
842
830
832
820
838
820
808
848
856
862
870
834
842
828
850
896
890
884
862
844
872
840
858
870
850
848
876
876
860
860
876
846
852
856
850
870
880
870
828
822
828
824
856
884
870
870
872
870
896
868
874
864
868
886
834
866
858
866
896
908
908
910
912
880
838
858
886
894
884
894
908
924
918
934
936
932
932
908
862
864
870
872
878
880
884
832
834
842
838
858
886
864
840
846
840
850
862
860
858
854
838
836
848
838
868
816
794
772
748
750
708
774
766
752
746
776
782
810
786
770
784
792
808
806
830
804
814
808
804
772
794
818
828
816
846
828
836
830
822
792
804
780
738
752
746
762
720
730
714
700
708
728
716
754
696
684
636
620
606
670
666
686
678
726
700
708
678
748
734
768
754
770
798
792
818
826
838
812
822
856
848
896
920
902
884
884
846
842
864
876
910
858
900
918
882
856
834
832
862
886
900
920
926
912
888
864
860
868
892
882
858
886
908
924
906
872
850
834
824
844
846
858
876
858
852
872
866
872
858
864
854
864
904
906
952
944
960
944
876
868
878
854
878
860
878
910
918
902
864
854
840
850
832
848
876
880
886
854
864
874
896
888
870
882
884
902
900
894
922
900
896
888
892
900
896
874
860
890
894
912
924
910
946
932
918
906
900
902
922
944
940
896
888
914
924
898
904
908
900
872
866
840
840
830
860
888
876
846
872
914
906
916
912
916
902
904
908
908
894
894
920
900
880
896
898
920
912
942
920
906
888
868
880
908
906
912
900
896
918
918
924
908
912
916
874
854
844
858
858
870
894
876
866
918
872
848
844
858
892
888
884
880
892
908
896
884
862
874
860
866
886
878
862
884
854
860
868
876
874
818
816
814
812
800
800
768
754
776
820
812
826
820
820
844
830
792
824
850
852
846
868
864
860
862
846
852
836
864
898
910
930
916
898
878
880
890
910
892
880
882
880
874
876
906
920
902
898
900
920
920
938
930
938
898
914
916
936
938
908
912
914
936
924
916
908
910
890
884
874
920
912
904
920
870
872
832
866
838
798
818
788
802
760
774
808
860
860
878
876
850
856
846
872
856
854
838
818
830
824
778
780
824
822
852
852
860
854
866
804
836
830
880
908
910
894
856
860
892
880
842
870
840
806
774
824
828
850
894
902
924
900
902
896
890
876
870
866
892
886
890
902
924
936
900
914
912
918
884
894
888
918
884
896
910
888
870
858
864
892
862
828
850
850
856
894
906
896
880
890
888
896
908
896
918
900
890
898
908
912
912
910
904
890
902
916
922
880
862
858
868
848
852
870
860
896
