268
212
208
354
370
352
378
428
544
616
696
608
684
598
500
524
500
446
536
476
316
336
186
250
238
144
190
204
218
194
134
298
256
186
160
186
170
136
130
2
6
122
110
150
82
130
22
18
50
6
28
30
42
26
86
22
140
84
74
106
2
12
68
196
100
92
80
66
40
22
38
72
100
56
48
30
100
120
44
20
72
34
166
376
360
324
298
88
70
36
10
30
48
54
110
42
20
54
52
96
72
210
248
258
254
422
418
398
360
430
394
310
310
310
308
244
198
158
304
384
328
228
214
256
226
322
368
320
406
426
444
408
440
408
518
476
408
524
454
616
504
592
632
676
694
662
548
542
498
486
386
388
236
284
294
320
244
198
332
212
276
240
200
176
152
98
150
150
138
196
250
180
148
44
14
60
34
26
30
20
112
56
168
126
202
272
266
218
162
210
258
376
322
290
284
318
402
474
388
344
396
272
110
34
72
166
186
96
100
114
188
314
300
502
502
434
502
492
440
384
344
336
394
276
250
192
196
148
212
144
122
168
114
108
82
70
60
72
136
154
110
110
198
132
134
110
150
148
144
8
106
58
8
98
16
44
36
56
80
50
22
48
66
160
306
226
356
338
302
218
70
132
160
106
52
34
20
56
100
14
12
56
42
44
106
90
40
132
28
52
96
18
52
154
164
266
212
170
32
22
52
34
36
90
66
4
14
44
16
154
84
152
242
200
272
314
338
370
230
254
404
382
212
346
278
418
414
522
568
580
436
356
238
236
264
356
268
158
166
204
340
428
454
426
336
240
164
144
206
78
86
58
104
88
20
40
90
106
96
86
60
18
38
8
70
6
4
46
20
74
54
36
20
92
102
124
172
120
134
212
300
224
210
138
200
184
226
134
172
308
312
264
300
242
214
274
220
268
158
262
252
286
348
334
318
222
210
202
120
178
226
190
136
196
100
82
80
154
210
168
206
202
188
284
246
340
308
280
214
244
228
206
158
244
278
242
346
288
338
346
298
310
428
458
514
452
448
494
590
484
464
548
500
536
422
344
368
372
270
234
302
286
322
334
394
414
412
418
282
244
168
260
184
18
2
40
18
80
42
126
96
48
128
120
64
120
208
242
170
68
78
24
52
22
2
56
56
102
20
70
58
28
14
36
24
48
106
168
264
280
336
438
490
524
666
688
578
682
812
818
708
714
680
762
808
752
700
758
724
762
716
758
760
700
720
668
792
768
748
686
620
638
732
750
772
756
638
696
630
718
660
500
508
482
564
640
722
662
764
744
704
746
682
722
638
646
702
594
498
526
390
462
426
478
510
484
622
600
512
472
468
428
472
452
460
382
334
436
316
336
186
214
178
248
146
202
382
432
410
294
324
376
334
306
308
278
238
222
258
224
274
156
138
88
100
216
220
160
244
176
254
250
270
210
300
196
206
156
190
210
300
272
378
406
494
576
568
662
646
714
670
586
494
536
550
528
552
528
572
702
718
734
768
816
838
840
748
726
752
734
698
766
848
870
782
726
932
930
922
896
872
918
968
868
970
892
900
876
920
940
968
898
800
692
634
570
608
592
532
312
262
214
202
368
322
400
374
452
500
540
416
460
568
640
584
486
578
606
586
592
708
696
724
720
736
778
782
760
662
572
578
574
466
324
412
406
412
454
526
574
602
684
756
698
646
726
614
618
550
578
658
780
846
834
862
896
950
882
822
944
882
826
814
768
750
702
780
846
826
908
850
800
710
802
800
728
734
724
684
580
492
510
514
526
498
526
504
532
584
580
618
646
764
802
790
776
874
732
718
726
658
642
610
610
620
672
594
598
544
482
478
518
608
662
658
616
584
516
406
350
390
336
326
272
294
342
410
454
442
422
336
334
442
524
462
482
542
598
572
524
522
568
548
462
394
460
404
528
542
544
540
604
620
590
592
558
512
566
528
400
328
336
346
330
298
298
258
414
404
400
374
268
334
282
294
228
162
72
50
68
68
156
52
88
58
34
30
40
96
28
52
104
108
40
36
32
50
8
82
138
186
244
216
298
330
442
320
288
290
216
166
158
140
210
190
228
104
150
184
2
50
30
84
112
232
336
300
354
302
200
96
138
138
8
46
118
58
102
44
64
40
100
148
134
62
152
194
98
120
172
284
356
474
504
488
490
438
492
548
624
628
522
554
526
498
434
380
334
346
398
484
544
546
466
438
350
478
440
380
304
208
172
120
78
64
96
92
198
172
136
194
202
78
160
226
264
142
216
250
226
196
162
142
196
46
82
172
214
130
28
42
6
2
64
36
48
114
146
58
48
6
82
128
186
248
228
360
342
310
370
316
348
434
418
474
494
428
482
434
364
312
296
306
290
278
208
230
256
172
232
326
354
316
444
416
422
418
386
338
348
374
400
428
432
404
362
404
288
238
320
298
312
236
270
208
272
294
296
302
312
318
398
414
368
420
462
386
500
496
502
490
540
592
612
526
590
542
476
368
392
424
524
500
554
584
596
632
706
664
714
622
724
906
1016
990
1014
910
1000
974
978
1016
1042
994
1044
1082
1020
922
974
962
970
1004
1024
946
1034
1024
1060
1118
1134
1120
992
1070
1076
964
994
980
848
850
884
884
896
976
978
848
764
766
780
864
918
862
954
818
900
938
996
954
992
920
890
860
844
766
794
774
686
612
706
768
766
836
846
808
814
914
932
912
952
812
758
814
824
760
786
790
824
846
716
758
898
868
970
1004
1010
1004
984
928
928
1000
904
804
732
698
658
656
698
606
608
562
636
646
572
532
480
466
358
280
222
258
260
306
266
460
400
478
486
466
420
420
242
374
444
390
282
202
348
302
368
372
310
274
242
274
242
254
346
438
438
376
308
232
298
328
406
386
396
392
408
542
562
486
598
568
534
574
514
576
640
642
596
588
584
630
638
702
684
694
698
688
726
770
902
920
864
994
1130
1128
1154
1098
1162
1188
1070
1154
1142
1182
1252
1196
1208
1178
1102
1116
1140
1112
1104
1062
932
872
938
1042
1044
1018
1042
1024
1100
1026
950
1022
1162
1064
1030
920
914
728
690
792
800
676
564
544
622
528
534
444
450
556
654
624
784
758
752
788
724
786
838
880
926
924
870
946
910
812
722
696
584
684
742
760
750
654
658
606
686
716
554
678
712
866
926
820
924
986
1066
1056
1054
1080
1120
1014
974
1066
1144
1040
1138
1244
1284
1328
1284
1242
1248
1198
1246
1106
1058
1082
952
932
888
982
1102
1026
940
980
1058
1194
1164
1106
1016
998
1042
986
906
912
910
768
794
854
848
856
712
714
692
642
512
528
422
430
498
472
388
308
358
426
480
404
380
378
400
244
292
256
130
142
74
132
96
56
20
120
148
278
320
312
350
462
452
486
562
442
414
324
324
294
352
466
516
376
466
432
448
434
458
462
478
418
478
510
506
516
564
610
538
494
424
402
422
500
486
426
462
434
320
218
268
208
292
268
348
506
534
564
458
412
478
522
512
456
524
484
506
478
446
404
322
362
404
450
402
402
404
452
468
538
594
596
638
616
526
462
382
412
338
240
360
376
462
458
538
528
520
528
530
512
612
640
670
674
686
670
608
558
586
528
534
486
484
424
446
566
560
572
544
514
556
430
364
336
390
394
500
424
376
432
388
474
522
596
502
532
502
432
440
500
622
634
620
616
640
586
520
546
452
426
436
452
398
382
372
442
394
470
420
268
324
396
288
454
392
372
556
578
450
388
280
338
284
206
224
152
150
154
188
282
314
364
360
372
478
622
668
594
664
606
642
544
562
670
586
614
628
644
564
482
412
410
506
468
570
610
608
520
382
504
556
544
522
690
628
580
626
586
574
476
620
500
508
430
438
386
448
396
432
570
618
654
632
750
792
762
690
738
774
748
872
862
854
820
798
824
834
776
668
572
540
536
568
568
522
478
456
580
534
534
520
552
520
572
512
540
570
622
704
570
610
654
662
702
566
566
586
554
508
624
552
526
568
626
604
608
594
644
478
522
444
444
488
366
440
444
412
394
316
258
378
330
320
316
294
136
104
82
224
258
296
280
252
288
254
302
278
214
176
234
250
110
132
40
66
130
150
18
34
58
36
6
96
140
212
338
356
334
268
104
82
216
170
80
90
8
30
16
66
88
20
46
98
128
88
84
60
118
144
104
204
242
184
172
194
96
70
20
36
44
62
20
70
60
26
56
32
84
112
156
186
176
226
238
260
248
168
148
102
116
164
224
214
258
214
180
264
286
312
270
348
336
328
430
478
388
450
538
488
498
476
454
390
260
82
228
220
146
220
158
238
204
116
110
146
64
156
168
128
10
68
98
6
14
28
70
112
66
72
12
66
30
82
84
8
58
14
102
46
146
230
272
274
210
238
172
204
180
224
192
238
336
474
350
312
372
362
394
370
500
492
400
332
212
142
36
126
100
144
162
112
176
154
68
128
100
26
80
28
8
22
12
18
10
86
228
174
104
66
108
112
58
30
94
70
156
220
150
70
64
32
12
52
52
6
88
80
100
152
24
120
134
124
54
78
32
70
58
22
30
68
200
284
190
178
116
130
202
244
220
250
322
320
300
352
376
372
248
280
216
148
76
104
108
186
212
276
328
294
422
408
