2534
2512
2524
2610
2600
2570
2550
2492
2510
2508
2396
2472
2460
2412
2400
2368
2372
2444
2406
2404
2370
2340
2330
2196
2038
2110
2112
2128
2176
2166
2204
2186
2128
2144
2186
2086
2022
1964
2038
2064
2052
1988
2028
2020
1942
2042
2014
2058
2118
2122
1998
2036
2040
2036
2046
2092
2028
1974
1974
1922
1962
2026
2058
1992
1960
1916
1918
1918
1944
1926
1944
1876
1920
1874
1922
1980
2088
2148
2192
2184
2198
2170
2200
2282
2260
2328
2256
2332
2414
2492
2504
2504
2528
2606
2632
2728
2632
2690
2704
2674
2720
2710
2720
2774
2770
2772
2782
2840
2864
2972
2978
2912
2870
2896
2942
2852
2794
2812
2894
2762
2788
2766
2722
2640
2584
2716
2588
2568
2690
2744
2780
2874
2886
2772
2762
2790
2854
2870
2866
2858
2806
2752
2758
2854
2848
2848
2848
2814
2846
2902
2950
2960
3002
3020
2990
2968
2920
2934
2936
2972
2892
2872
2870
2912
2908
2864
2848
2756
2748
2822
2804
2860
2870
2882
2864
2814
2726
2794
2718
2782
2842
2804
2784
2766
2788
2780
2758
2822
2880
2884
2756
2732
2654
2746
2682
2672
2752
2814
2858
2902
2954
2924
2910
3008
3078
3078
3152
3210
3176
3068
3046
3048
3052
3078
3078
3110
3122
2986
2904
2858
2904
2862
2934
2908
2800
2756
2750
2700
2702
2732
2672
2700
2780
2662
2680
2710
2772
2746
2662
2590
2510
2524
2560
2586
2696
2642
2596
2664
2630
2628
2468
2498
2546
2514
2568
2538
2574
2572
2588
2570
2570
2576
2646
2652
2616
2684
2568
2556
2532
2602
2534
2448
2470
2536
2544
2648
2576
2570
2588
2592
2644
2518
2510
2504
2554
2566
2544
2612
2630
2606
2650
2594
2588
2612
2640
2674
2684
2770
2828
2858
2926
2828
2924
2948
2976
2990
3008
2954
2960
2950
3044
3062
3112
3100
3160
3186
3094
3096
3108
3068
2976
3010
2980
2944
2900
2852
2920
2826
2790
2732
2764
2710
2784
2712
2752
2792
2684
2674
2682
2594
2574
2552
2514
2512
2428
2416
2332
2298
2358
2348
2294
2400
2370
2392
2540
2568
2618
2600
2562
2558
2516
2534
2554
2518
2536
2540
2512
2548
2370
2394
2376
2340
2318
2272
2238
2268
2282
2322
2244
2264
2264
2328
2340
2274
2348
2356
2452
2444
2536
2556
2576
2528
2650
2624
2614
2594
2632
2698
2610
2544
2680
2652
2604
2642
2644
2534
2556
2582
2600
2506
2572
2628
2648
2626
2612
2598
2568
2540
2612
2598
2542
2432
2544
2484
2604
2510
2522
2430
2394
2430
2418
2422
2346
2264
2342
2358
2402
2472
2512
2568
2658
2732
2714
2682
2658
2576
2568
2560
2576
2628
2664
2586
2504
2518
2570
2690
2718
2698
2728
2732
2686
2568
2550
2530
2598
2604
2522
2564
2598
2662
2586
2578
2600
2672
2704
2696
2652
2732
2676
2628
2630
2598
2638
2612
2566
2664
2668
2644
2644
2568
2634
2622
2732
2762
2812
2814
2852
2814
2762
2810
2726
2694
2702
2574
2590
2528
2568
2646
2762
2748
2662
2690
2612
2590
2640
2600
2538
2452
2354
2364
2396
2394
2400
2384
2404
2388
2308
2352
2340
2452
2512
2522
2562
2530
2426
2418
2410
2350
2304
2320
2306
2296
2400
2368
2286
2234
2328
2228
2192
2218
2202
2196
2198
2176
2202
2300
2252
2268
2292
2282
2314
2274
2266
2356
2370
2320
2250
2308
2408
2418
2486
2478
2432
2450
2450
2558
2500
2484
2576
2626
2618
2608
2704
2638
2688
2658
2572
2594
2532
2576
2544
2580
2586
2602
2682
2690
2700
2678
2726
2726
2670
2686
2680
2658
2690
2718
2712
2712
2648
2648
2556
2558
2604
2640
2774
2784
2810
2826
2850
2878
2942
2880
2976
3042
2944
2980
2990
2984
2910
2914
2932
2960
2890
2866
2934
2886
2872
2868
2940
2928
2902
2872
2866
2892
2872
2868
2890
2884
2938
2948
2992
2892
2896
2876
2894
2870
2876
2888
2840
2856
2742
2790
2722
2598
2734
2716
2734
2792
2738
2722
2652
2774
2792
2884
2926
2874
2940
2964
2890
2858
2824
2806
2830
2778
2782
2730
2770
2794
2720
2806
2884
2830
2814
2738
2658
2604
2716
2758
2744
2790
2840
2796
2860
2784
2710
2728
2710
2644
2714
2678
2628
2634
2608
2636
2642
2730
2756
2812
2856
2820
2796
2812
2850
2826
2728
2676
2696
2740
2680
2656
2728
2832
2826
2778
2872
2832
2832
2802
2826
2802
2798
2832
2852
2828
2854
2846
2794
2814
2774
2826
2894
2874
2826
2782
2714
2792
2820
2772
2756
2664
2714
2694
2734
2764
2894
2920
2924
2882
2788
2768
2752
2700
2674
2602
2654
2618
2642
2620
2698
2696
2766
2766
2806
2818
2768
2760
2788
2868
2888
2928
2938
2936
2952
2976
2968
3054
3072
2978
2944
2980
2966
2910
2912
2960
2930
2980
3102
3144
3164
3102
3076
3092
3114
3164
3164
3154
3106
3074
3066
3054
3028
2976
3008
2994
2920
2948
2896
2862
2852
2836
2820
2754
2792
2808
2818
2904
2892
2904
2894
2896
2958
2948
2912
2884
2874
2884
2878
2822
2788
2874
2912
3042
3038
2924
2904
2846
2916
2968
3010
3056
2994
3030
3056
2998
3006
3080
3048
3082
3038
3120
3144
3110
3060
3010
2990
3090
3082
3080
3084
3128
3100
3138
3094
3090
3050
3064
3040
3072
3110
3102
3074
3144
3210
3208
3244
3224
3212
3124
3106
3034
3078
3078
3122
3104
3142
3132
3238
3220
3190
3226
3222
3224
3256
3190
3116
3042
3052
3078
3104
3026
2974
2990
2988
2946
3024
2984
3022
3010
2996
3052
3000
2966
3002
2958
2944
2992
2940
2988
3050
3064
2970
2992
2958
2968
2976
3012
3024
2944
2988
2922
2928
2976
2978
2996
3116
3062
3102
3124
3198
3126
3154
3082
3152
3102
3038
3010
3062
3120
3112
3100
3154
3162
3166
3146
3006
3026
2998
2936
3062
3166
3136
3076
3034
3024
3062
3030
3060
3076
3008
2904
2898
2838
2888
2842
2756
2754
2750
2738
2716
2694
2632
2624
2660
2714
2674
2758
2704
2644
2604
2470
2580
2678
2808
2728
2772
2768
2720
2710
2720
2688
2666
2688
2652
2664
2622
2624
2588
2592
2534
2530
2534
2562
2624
2642
2800
2856
2890
2816
2822
2752
2712
2694
2646
2654
2586
2604
2662
2578
2582
2490
2444
2464
2420
2390
2368
2412
2374
2312
2316
2268
2238
2286
2358
2382
2282
2250
2428
2496
2498
2454
2476
2468
2446
2342
2240
2290
2350
2274
2206
2168
2244
2296
2308
2374
2340
2310
2300
2238
2326
2396
2360
2326
2302
2354
2380
2384
2360
2298
2320
2368
2360
2288
2386
2326
2362
2342
2360
2360
2334
2254
2236
2246
2226
2348
2360
2312
2290
2374
2494
2372
2422
2424
2466
2434
2456
2522
2558
2576
2552
2572
2540
2580
2602
2614
2568
2528
2606
2622
2586
2724
2698
2708
2748
2684
2618
2568
2596
2604
2690
2716
2700
2744
2804
2780
2726
2702
2650
2732
2640
2614
2716
2778
2742
2844
2948
2970
2924
2856
2926
2880
2914
2856
2890
2942
2948
2902
2906
2860
3016
3052
2982
3020
3036
3082
2936
2892
2928
2834
2808
2884
2906
2850
2818
2810
2830
2864
2746
2656
2732
2774
2728
2702
2710
2680
2544
2562
2504
2582
2462
2494
2414
2410
2402
2442
2488
2532
2584
2622
2596
2630
2546
2470
2432
2456
2506
2506
2562
2652
2638
2636
2664
2696
2682
2716
2674
2666
2694
2682
2664
2630
2664
2592
2582
2574
2582
2530
2502
2532
2508
2436
2366
2458
2486
2516
2534
2548
2476
2484
2426
2430
2338
2422
2420
2442
2366
2440
2426
2396
2342
2280
2188
2226
2240
2284
2348
2232
2270
2332
2342
2364
2390
2446
2296
2302
2222
2210
2160
2110
2034
2140
2200
2140
2128
2106
2100
2086
2074
2096
2054
2004
1978
1940
1886
1880
1944
2012
1912
2018
1960
2056
2136
2202
2118
2116
2182
2176
2204
2312
2314
2296
2324
2482
2416
2506
2484
2500
2552
2558
2468
2476
2490
2504
2556
2526
2584
2574
2614
2582
2648
2694
2704
2732
2724
2672
2714
2744
2724
2622
2582
2570
2530
2604
2676
2642
2558
2594
2624
2642
2584
2592
2674
2726
2678
2742
2790
2808
2880
2904
2866
2832
2810
2826
2814
2910
2926
2874
2888
2934
2966
2944
3020
2966
2908
2862
2792
2768
2808
2824
2844
2862
2876
2934
2808
2798
2728
2644
2600
2634
2652
2668
2680
2668
2636
2632
2720
2702
2720
2696
2770
2658
2652
2692
2814
2810
2716
2732
2692
2702
2640
2714
2658
2596
2598
2618
2582
2558
2604
2574
2624
2624
2722
2732
2738
2656
2648
2602
2568
2674
2720
2756
2750
2768
2714
2702
2638
2652
2610
2616
2566
2520
2554
2612
2662
2634
2714
2716
2728
2760
2844
2756
2706
2738
2752
2728
2744
2768
2796
2828
2782
2760
2790
2782
2806
2830
2842
2808
2878
2930
2866
2902
2974
2940
2978
2958
2968
2974
2966
2980
2970
3044
3012
3042
3050
3024
3162
3122
3154
3224
3232
3140
3152
3062
3138
3162
3108
3054
2966
2986
3030
3082
3080
3044
3020
3058
2996
2962
2908
2884
2868
2898
2944
2932
2936
2908
2760
2856
2832
2874
2806
2706
2740
2748
2674
2664
2654
2774
2864
2890
2974
3010
2984
3022
2962
2958
2986
3052
3020
2996
2910
2916
2948
2944
2920
2868
2894
2896
2926
2900
2858
2806
2800
2854
2788
2634
2690
2652
2626
2680
2640
2606
2544
2584
2654
2664
2664
2566
2462
2544
2562
2614
2610
2630
2528
2528
2498
2558
2544
2640
2564
2560
2660
2762
2748
2718
2758
2712
2760
2808
2758
2678
2656
2718
2726
2714
2676
2696
2770
2716
2700
2786
2860
2810
2824
2860
2814
2766
2716
2810
2742
2786
2788
2802
2826
2794
2844
2894
3056
3016
3042
3028
2898
2884
2830
2790
2804
2840
2750
2790
2798
2840
2786
2844
2888
2816
2772
2846
2890
2914
2958
2914
2916
2942
2860
2882
2920
3036
2994
2940
2988
2978
2980
3030
3088
3116
3058
3052
3108
3128
3132
3186
3036
3054
3078
3034
2996
2996
3068
3066
3120
3144
3008
2976
3006
2890
2922
2954
2908
2848
2846
2802
2880
2984
3018
3066
3088
3084
3034
2982
2944
3090
3124
3186
3222
3230
3218
3262
3210
3160
3180
3138
3208
3172
3222
3164
3128
3124
3094
3110
3086
3064
2956
2918
2846
2964
2990
3034
3024
3060
3056
3054
2930
2980
3018
3072
3092
3042
3050
2964
3046
3114
3036
3052
3200
3186
3208
3156
3152
3120
3110
3098
3146
3090
3116
3090
3062
3030
3096
3148
3122
3124
3038
3158
3166
3198
3064
3096
3068
3066
3078
3154
3114
3086
3076
3016
2938
2972
3006
2998
2982
3012
3036
3128
3148
3082
3042
3066
3176
3180
3124
3050
3094
3092
3046
3048
3144
3084
3090
3126
3138
3150
3142
3066
3100
3088
3108
3098
3102
3104
3042
3096
3112
3058
3126
2988
3014
3086
3060
3098
3148
3148
3090
3058
3072
3122
3044
3024
3076
3098
3098
3102
3148
3126
3166
3136
3200
3274
3246
3172
3192
3276
3294
3310
3262
3226
3214
3168
3076
3034
2954
2932
2988
3052
3076
3020
3008
3052
2976
3022
3078
3152
3070
3052
3058
3080
3164
3190
3232
3244
3222
3234
3150
3182
3222
3206
3100
3176
3228
3204
3188
3148
3108
3092
3150
3094
3060
3034
3076
3086
3132
3058
3170
2982
2994
2962
2950
2960
2920
2966
2980
3026
3054
3042
3072
3002
3020
2978
3008
3046
3062
3028
3048
3064
3024
2956
2904
2880
2886
2962
3012
3028
3038
2996
2978
2976
2900
2920
2960
2900
2870
2718
2654
2682
2656
2726
2578
2480
2384
2438
2472
2424
2518
2488
2496
2532
2516
2466
2560
2494
2498
2452
2492
2536
2568
2446
2452
2482
2440
2528
2566
2640
2642
2700
2722
2748
2668
2678
2768
2804
2770
2752
2760
2780
2884
2950
2844
2912
2856
2900
2868
2822
2810
2884
2936
2856
2836
2754
2792
2848
2792
2778
2740
2720
2778
2814
2846
2788
2808
2802
2756
2780
