178
134
126
120
74
98
190
128
2
26
8
32
24
78
164
56
24
72
146
136
162
148
160
188
12
88
68
12
24
46
60
184
162
190
276
300
342
348
328
366
336
286
312
388
474
488
444
510
490
538
440
478
384
426
428
266
352
300
338
446
534
704
720
580
550
558
630
582
646
648
662
660
596
630
618
612
516
586
500
450
408
400
318
150
16
32
2
48
50
8
2
28
58
112
110
152
192
180
320
378
376
438
428
456
450
434
520
478
408
430
512
560
550
606
628
624
644
620
616
708
746
800
728
678
644
548
566
700
740
722
662
732
720
782
646
676
590
584
556
454
438
428
548
578
500
578
562
520
502
546
410
448
510
512
384
368
332
370
350
376
448
470
362
352
392
458
584
480
494
408
426
504
408
492
502
512
672
708
764
580
606
578
742
762
720
786
886
812
780
850
854
808
800
832
962
926
898
930
878
924
952
898
912
862
952
992
966
952
880
810
800
840
758
692
610
658
606
644
624
652
690
628
602
558
674
794
920
880
862
1016
1048
1036
992
910
896
980
936
926
844
826
862
908
776
732
662
688
710
688
774
796
744
576
632
592
558
482
444
522
538
492
470
538
572
652
670
710
748
784
780
762
868
812
746
722
758
860
918
904
912
956
820
868
872
866
918
836
908
896
922
884
824
718
712
718
788
878
924
820
784
834
924
890
918
954
894
964
920
1008
920
1056
1058
1104
1016
960
1020
1102
1100
1176
1130
1112
1112
1030
1024
1018
1006
1072
1156
1214
1196
1080
1096
1000
1028
918
908
926
870
898
1012
928
944
894
1032
1028
1066
1086
1080
1040
1100
1090
1022
1202
1252
1230
1186
1188
1148
1060
1050
962
1118
1232
1142
1130
1200
1162
1004
1110
1090
1138
1132
972
934
982
958
982
1062
1146
1226
1268
1252
1210
1292
1240
1120
974
824
846
724
746
732
738
672
752
724
702
742
716
684
678
732
730
752
818
766
712
808
684
680
792
790
806
688
708
648
522
568
592
626
684
716
742
760
794
838
934
960
854
898
982
1000
858
886
880
796
786
714
538
530
474
472
478
574
452
368
428
304
346
448
572
602
500
516
492
452
454
458
620
476
314
276
362
404
312
216
198
266
214
266
162
152
314
268
258
280
306
364
454
534
656
624
664
588
578
454
530
524
546
506
558
514
598
506
540
450
580
592
618
656
578
624
496
404
348
346
428
524
644
620
690
688
658
648
718
840
778
856
866
946
974
900
892
912
998
964
892
888
834
814
848
908
842
896
826
848
932
808
878
902
842
784
800
864
1004
1132
1046
1046
1024
978
996
954
998
1000
960
1074
1042
1090
1144
1076
1174
1150
1310
1244
1238
1172
1284
1250
1222
1142
1160
1156
1222
1266
1220
1174
1132
1156
1142
1152
1064
1192
1146
1036
1080
1032
842
1042
1042
1016
1060
1142
998
1094
1094
1108
1008
1074
920
900
844
692
578
634
568
510
516
516
572
616
550
616
682
726
726
668
676
676
666
610
526
376
372
368
268
232
128
132
88
88
80
92
28
62
50
154
172
124
164
120
34
62
58
118
110
56
150
150
150
166
152
96
84
112
62
10
20
8
58
44
118
70
206
204
226
268
224
192
230
292
266
330
182
98
170
214
182
56
74
180
126
74
92
40
44
8
56
40
142
166
106
160
214
242
178
286
336
310
336
312
498
554
510
590
706
650
604
626
674
682
762
734
714
742
774
744
738
718
766
754
794
814
832
972
1034
1068
1064
1148
1200
1108
1026
1012
1044
1000
952
904
952
940
1120
1018
986
970
1008
1010
998
976
962
960
1024
1060
1054
1042
1136
1026
1074
1258
1200
1104
1226
1218
1220
1110
1104
1216
1086
1058
1148
1084
976
934
992
988
956
964
832
816
780
842
862
856
818
854
982
958
916
996
1008
876
882
840
830
854
758
816
756
734
762
828
860
892
992
910
910
918
826
812
680
836
694
762
708
816
826
808
870
890
902
960
1012
918
854
946
988
950
854
804
894
824
832
894
1034
1082
1110
1190
1274
1180
1136
1162
1224
1168
1172
1220
1204
1114
1070
990
1090
956
884
918
1020
1030
1180
1112
1092
1066
1008
1012
940
918
1004
1052
1018
946
938
968
790
646
582
528
518
444
524
614
410
408
408
548
498
562
602
728
810
722
666
654
576
664
732
674
498
446
434
458
384
318
490
544
432
476
408
462
354
274
20
100
6
52
52
50
40
58
118
186
274
286
362
450
384
364
316
270
224
270
150
76
74
128
74
34
40
80
254
492
440
478
504
466
444
440
466
546
562
538
670
610
742
614
586
508
516
488
488
638
734
880
876
972
880
910
850
836
880
874
940
854
732
708
692
638
634
696
650
616
562
526
584
554
508
532
412
536
536
632
524
520
558
532
458
450
442
408
482
506
448
516
472
452
480
350
340
286
256
220
240
150
274
346
298
352
394
430
418
416
406
424
288
240
246
226
218
316
192
170
70
78
76
56
70
166
130
66
84
134
122
16
6
24
38
156
226
192
202
338
342
388
438
330
398
364
416
514
464
510
534
416
262
298
312
412
482
480
472
404
440
368
300
340
314
398
510
520
518
474
550
526
470
414
336
302
140
40
72
50
12
8
34
126
124
90
168
166
196
168
184
224
230
288
234
278
346
384
490
556
548
510
578
688
760
678
830
770
928
854
778
884
806
874
768
898
894
944
1004
932
942
964
942
958
1028
1002
916
810
810
826
828
840
802
850
888
888
844
898
896
918
980
892
880
858
908
1018
1084
1108
986
1044
972
992
1088
938
972
990
996
1032
1000
1030
798
622
532
568
646
760
770
762
760
978
1034
996
994
912
894
1036
1090
1070
1060
1110
1108
1086
1098
1120
1004
1080
994
984
1016
1070
990
962
918
770
750
778
774
874
838
854
840
856
766
730
694
680
730
740
632
552
554
492
544
572
454
482
466
432
430
510
438
626
636
692
588
440
514
396
554
604
544
540
648
668
772
760
634
676
620
600
624
574
522
506
484
506
444
518
484
446
392
306
250
310
296
132
102
80
124
112
78
84
70
166
100
128
84
32
58
86
122
22
82
112
140
274
248
174
196
202
188
68
22
54
14
62
32
32
18
60
190
296
352
134
44
122
120
52
8
62
32
46
76
60
8
6
84
12
132
180
42
22
28
38
60
4
50
158
214
270
258
334
306
358
306
402
520
506
386
416
330
356
300
390
362
356
378
396
352
254
332
228
396
392
512
552
498
584
606
622
642
698
652
672
708
764
714
548
604
616
654
580
670
666
692
768
780
698
796
728
672
618
582
714
686
634
568
620
640
612
712
750
666
670
752
764
684
738
770
716
760
714
652
672
610
616
680
664
580
736
804
882
934
936
880
868
954
918
878
822
984
916
914
1002
954
874
900
966
868
924
956
888
840
916
884
830
798
742
778
866
812
830
800
940
936
916
842
902
774
764
768
564
596
650
728
664
576
666
728
804
880
858
790
628
602
572
690
704
632
640
612
664
738
770
680
736
690
752
760
612
694
728
724
696
692
680
624
572
550
534
546
740
778
834
888
886
926
894
942
898
1034
1046
1108
996
1038
980
860
768
702
608
712
752
634
714
752
726
642
654
724
808
1032
1040
1054
984
982
1062
1056
1116
1056
1002
954
1034
1092
1148
1136
1086
1126
1162
1280
1332
1352
1350
1368
1382
1432
1422
1444
1502
1450
1496
1468
1596
1652
1610
1612
1574
1572
1586
1550
1574
1442
1450
1418
1440
1386
1266
1342
1392
1360
1286
1320
1372
1234
1200
1142
1112
1234
1348
1474
1350
1420
1430
1386
1372
1434
1418
1442
1476
1476
1414
1520
1534
1472
1494
1512
1488
1394
1380
1374
1338
1502
1588
1636
1692
1640
1664
1632
1480
1488
1472
1456
1498
1544
1594
1672
1660
1578
1594
1604
1608
1686
1652
1656
1572
1532
1508
1434
1516
1458
1588
1508
1578
1546
1408
1438
1560
1656
1660
1560
1564
1492
1484
1550
1484
1496
1414
1378
1278
1326
1314
1334
1420
1466
1488
1552
1586
1614
1632
1534
1486
1494
1506
1316
1278
1300
1294
1308
1398
1396
1380
1420
1490
1474
1446
1554
1536
1494
1522
1582
1636
1736
1870
1818
1848
1758
1670
1760
1702
1752
1674
1578
1582
1520
1606
1630
1614
1532
1526
1466
1336
1432
1400
1418
1378
1382
1480
1464
1426
1422
1504
1458
1474
1392
1466
1404
1470
1434
1358
1250
1282
1308
1310
1230
1332
1332
1304
1362
1244
1256
1232
1214
1358
1390
1370
1364
1296
1324
1390
1302
1348
1296
1176
1254
1268
1284
1298
1286
1254
1254
1186
1164
1266
1286
1308
1302
1454
1428
1390
1362
1384
1326
1130
1040
1162
1288
1316
1174
1116
1198
1194
1292
1278
1198
1194
1212
1256
1296
1172
1168
1188
1120
1072
1050
1032
1152
1220
1250
1168
1180
1332
1292
1236
1210
1126
1136
1154
1172
1052
994
860
884
818
912
900
998
1018
992
1032
1040
1188
1092
1020
1018
1094
1168
1210
1174
1024
1128
1184
1320
1154
1096
1150
1108
1146
1050
964
948
862
792
960
888
670
666
612
594
676
648
606
558
554
490
412
456
458
434
454
378
396
336
214
194
182
150
184
64
86
2
68
44
54
78
14
42
8
88
92
30
126
76
72
36
126
196
126
100
144
114
84
156
128
192
272
200
236
238
250
230
234
154
90
86
84
116
184
122
128
40
114
176
226
322
146
34
2
86
70
78
50
66
96
24
36
76
134
34
128
102
90
58
96
150
206
202
30
170
170
260
316
366
290
250
196
308
256
204
366
370
288
264
332
328
356
348
408
446
474
456
318
462
430
412
400
434
390
388
360
358
452
356
318
406
476
408
298
304
346
396
360
406
438
286
308
324
274
174
26
154
250
264
186
132
120
18
28
82
186
48
138
224
94
158
180
60
110
208
148
116
110
96
100
68
28
50
60
42
