1268
1478
1502
1548
1506
1434
1426
1464
1334
1320
1308
1072
1078
1038
1066
1210
1254
1186
1058
940
1048
946
946
930
638
554
558
480
548
410
448
514
396
514
488
394
494
546
606
640
668
700
662
676
642
748
860
726
834
836
766
636
726
678
678
648
662
678
630
682
576
710
708
730
780
640
548
622
452
486
438
194
284
308
482
500
548
730
530
542
620
664
618
400
300
212
66
74
88
184
186
28
84
14
30
158
150
44
32
6
154
92
30
142
240
450
548
590
556
788
670
514
346
274
166
0
62
12
24
10
82
182
32
6
142
144
74
332
448
518
578
400
414
386
410
474
302
280
324
228
224
294
300
340
216
304
416
450
620
508
650
750
790
552
532
492
488
470
646
558
418
522
422
462
620
646
646
708
664
554
632
804
720
802
782
788
768
748
698
740
746
760
796
708
736
708
724
550
544
474
492
366
314
174
106
108
50
20
28
70
222
112
208
282
464
436
458
490
402
416
376
328
364
332
318
262
314
296
392
398
374
448
420
340
286
266
282
194
284
204
132
98
84
86
70
96
8
0
92
12
102
180
22
20
32
40
142
84
86
102
172
180
188
206
222
180
392
106
178
196
358
536
422
398
526
480
374
322
394
432
344
360
404
466
456
492
300
248
216
304
302
270
250
140
84
48
164
96
6
110
166
172
276
468
510
492
494
506
540
556
534
492
678
592
712
586
566
642
642
672
638
484
342
332
334
298
244
224
244
86
218
190
128
212
452
382
328
156
188
252
54
2
94
56
40
58
22
154
230
188
244
190
110
76
6
68
52
62
122
30
210
236
186
344
474
398
410
504
492
710
866
980
970
976
1062
942
1016
1120
990
1154
1106
1174
1098
984
908
846
910
902
848
934
962
820
886
924
884
946
868
984
1154
1196
1128
1066
936
916
876
876
802
802
730
782
816
846
962
1012
1140
1160
1090
1056
1048
996
942
1060
1102
1212
1370
1370
1442
1338
1542
1656
1562
1442
1290
1298
1408
1502
1530
1278
1276
1376
1488
1556
1654
1648
1672
1762
1692
1770
1874
1868
1930
1904
2014
1990
1830
1964
1974
1784
1760
1836
1694
1748
1706
1832
1852
1822
1820
1802
1872
1890
1976
1868
1736
1726
1802
1682
1688
1584
1498
1556
1452
1558
1440
1374
1322
1244
1236
1310
1322
1374
1386
1230
1166
1006
1050
1224
1226
1176
1050
982
972
966
892
808
808
968
898
986
1068
1054
1012
1124
1214
1168
1038
1190
1166
1054
1018
1080
1036
974
980
990
1004
1030
1004
1072
1210
1182
1212
1062
1144
1054
1094
1106
1090
1042
1188
1244
1154
1246
1192
1222
1172
1290
1172
1168
908
746
650
516
668
712
656
652
494
424
398
330
342
520
642
780
762
594
650
808
826
930
796
844
676
854
738
720
684
718
650
618
716
534
406
380
240
218
322
354
410
320
436
400
464
490
546
582
498
554
660
670
870
966
836
880
960
930
988
962
1022
1184
1152
1354
1258
1072
992
926
1048
1048
1050
1200
1118
1102
1040
1026
1130
1172
1162
1146
1270
1460
1546
1618
1540
1502
1338
1404
1188
1160
1112
1204
1272
1338
1132
1280
1404
1490
1414
1418
1290
1484
1468
1344
1350
1482
1492
1316
1220
1314
1276
1286
1352
1242
1192
1306
1310
1386
1382
1508
1522
1556
1588
1548
1654
1572
1518
1518
1630
1714
1688
1728
1732
1742
1668
1690
1850
1852
2070
2156
2022
2024
2008
1902
1704
1810
1976
1878
1662
1762
1694
1680
1790
1692
1594
1524
1522
1484
1524
1618
1512
1512
1432
1374
1394
1380
1320
1370
1392
1242
1200
1268
1214
1278
1324
1474
1352
1316
1318
1284
1450
1554
1494
1582
1696
1704
1820
1728
1540
1434
1352
1310
1228
1252
1172
1102
920
782
900
828
892
920
1024
1052
992
1010
904
1012
896
1038
1002
1080
1142
1084
1030
1124
1278
1236
1126
1208
1144
944
960
948
936
788
660
670
618
444
466
468
376
422
380
436
520
704
558
644
716
736
672
934
1016
1030
902
926
1170
1306
1508
1650
1478
1430
1604
1626
1682
1836
1986
1944
2016
1978
2026
1872
1792
1674
1686
1662
1490
1476
1216
1098
1032
980
1076
1068
996
1128
934
684
666
706
780
796
674
604
608
370
368
544
460
454
304
148
270
206
194
100
16
72
126
164
222
354
292
346
148
12
10
296
354
462
450
404
432
572
638
524
508
402
576
492
438
430
518
550
396
338
296
336
442
332
470
364
476
446
430
270
160
12
54
62
4
26
126
86
208
24
98
44
120
194
4
30
48
78
134
182
242
208
300
412
284
404
478
436
534
556
428
256
154
62
52
142
154
156
72
66
60
192
128
332
452
472
592
746
626
608
538
426
398
338
348
306
208
146
84
180
76
40
140
194
358
378
578
758
736
570
746
660
748
920
902
834
798
626
706
500
418
570
562
470
586
642
488
518
650
800
708
844
940
808
694
740
782
806
842
912
950
976
984
980
1078
1168
1208
1238
1148
1156
1256
978
1102
1206
1198
1312
1238
1402
1382
1354
1340
1372
1400
1308
1250
1206
982
1010
1040
914
1048
1058
1166
1188
1192
1100
1086
1140
1090
1030
1030
1004
844
852
772
754
642
570
560
586
666
680
730
682
684
652
786
688
710
890
834
724
536
502
592
328
210
178
184
66
300
470
444
376
340
250
206
24
116
222
232
292
334
232
364
270
340
320
260
296
290
218
338
386
276
250
248
236
2
96
152
102
146
238
306
506
520
482
542
596
720
640
762
604
648
574
502
564
628
586
606
446
528
594
590
608
608
774
780
778
918
1008
1052
1162
1086
1198
1256
1440
1546
1552
1558
1388
1444
1458
1478
1634
1636
1686
1684
1774
1652
1644
1434
1272
1236
1410
1548
1612
1718
1866
2010
1904
1884
1738
1762
1748
1652
1540
1540
1470
1598
1600
1534
1618
1694
1734
1646
1458
1616
1598
1494
1548
1440
1392
1432
1288
1214
1158
1092
1084
1014
906
1076
1124
1018
1136
1156
1088
1332
1310
1286
1392
1480
1428
1392
1256
1222
1290
1302
1334
1232
1382
1292
1250
1182
1316
1474
1290
1202
1196
1048
1054
1098
1046
1020
966
890
798
690
744
956
1114
1110
952
1018
952
1032
1192
1422
1676
1660
1632
1696
1604
1616
1758
1888
1856
1856
1758
1878
1940
1790
1790
1632
1642
1582
1552
1444
1312
1118
1154
1136
1118
1178
1290
1136
1122
1002
1296
1276
1440
1394
1360
1242
1538
1424
1358
1318
1358
1278
1298
1232
1124
950
908
794
810
974
814
978
1000
912
980
1060
1114
1174
1330
1324
1376
1410
1284
1344
1388
1234
1230
1292
1290
1270
1182
1046
916
916
1034
1074
1044
1056
1142
1110
1148
1178
1232
1296
1326
1230
1236
1294
1402
1422
1332
1440
1424
1372
1342
1414
1392
1434
1526
1446
1382
1382
1344
1342
1536
1532
1666
1860
1858
1956
1936
1958
2046
2072
2036
2038
1958
1794
1768
1764
1682
1670
1590
1462
1492
1630
1596
1520
1594
1502
1574
1738
1864
1968
1816
1856
1780
1862
1988
1982
2018
1988
1850
1802
1804
1712
1738
1804
1846
1882
1814
1894
1846
1856
1776
1838
1802
1766
1740
1812
1612
1614
1804
1898
1866
1986
2150
2178
2286
2582
2710
2716
2530
2500
2620
2524
2482
2538
2608
2740
2744
2598
2614
2594
2678
2728
2500
2358
2358
2422
2344
2386
2338
2438
2546
2530
2560
2624
2468
2614
2602
2630
2536
2600
2440
2336
2538
2512
2644
2748
2720
2710
2694
2806
2778
2700
2774
2736
2672
2690
2572
2512
2552
2534
2504
2436
2382
2416
2400
2426
2364
2376
2262
2162
2166
2244
2332
2286
2326
2396
2294
2308
2358
2384
2284
2318
2118
2096
2124
2318
2372
2394
2456
2346
2270
2242
2148
2188
2272
2146
2134
2052
2286
2322
2182
2294
2252
2352
2316
2206
2234
2334
2402
2492
2662
2576
2500
2512
2570
2576
2538
2450
2420
2382
2234
2168
2136
2104
2156
2120
2168
2262
2280
2392
2434
2360
2464
2520
2492
2582
2490
2536
2638
2550
2608
2536
2498
2384
2380
2424
2428
2426
2434
2628
2698
2758
2832
2844
3002
2962
3024
3028
2972
3226
3094
3110
3138
3198
3104
3108
2838
2810
2846
2878
2764
2874
3072
3096
3084
3108
3048
3052
3034
2848
2868
2798
2808
2680
2780
2836
2792
2758
2770
2574
2682
2772
2912
2836
2822
2926
2980
2780
2684
2610
2622
2674
2822
2826
2808
2910
2824
2824
2624
2602
2584
2666
2620
2652
2712
2798
2750
2698
2670
2712
2754
2584
2672
2696
2820
3052
3174
3198
3110
3040
3044
3086
3102
3126
2958
2804
2716
2946
3050
2966
2922
2816
2852
2914
2814
2826
2776
2816
2850
2898
2896
2988
3128
3244
3284
3418
3336
3222
3300
3296
3220
3184
3164
3194
3342
3578
3518
3426
3508
3504
3278
3348
3332
3452
3586
3364
3334
3232
3264
3308
3352
3242
3216
3306
3380
3482
3446
3526
3520
3426
3436
3368
3290
3406
3610
3572
3426
3414
3286
3226
3262
3392
3452
3472
3450
3414
3624
3786
3770
3700
3756
3726
3898
3758
3722
3754
3736
3692
3486
3292
3396
3400
3296
3186
3184
3224
3372
3422
3378
3422
3608
3606
3464
3556
3674
3660
3634
3706
3882
3818
3804
3794
3868
3940
3980
3926
3742
3852
3924
3888
3820
3754
3726
3656
3676
3682
3658
3718
3784
3820
3674
3730
3650
3660
3808
3798
3866
3732
3732
3798
3626
3630
3852
3828
3878
4018
3922
3878
3736
3832
3722
3782
3792
3768
3664
3678
3688
3596
3452
3466
3398
3330
3412
3400
3560
3590
3796
3768
3750
3742
3618
3738
3792
3674
3520
3394
3428
3504
3456
3410
3370
3336
3290
3058
3086
3190
3226
3282
3364
3248
3220
3206
3070
3136
3074
3124
3118
2992
2982
2906
2806
2774
2790
2762
2638
2604
2592
2754
2696
2640
2622
2710
2650
2738
2704
2648
2678
2634
2642
2640
2524
2688
2672
2804
2836
2796
2614
2728
2652
2692
2558
2628
2710
2606
2518
2372
2408
2498
2548
2492
2472
2478
2584
2566
2562
2544
2624
2362
2436
2344
2276
2428
2418
2298
2232
2168
2102
2066
1976
1886
1896
2022
2022
2036
2130
2080
2110
2212
2090
2174
2218
2250
2178
2254
2134
2148
2172
1940
2008
2010
2022
1972
2010
2076
2076
2122
2258
2224
2216
2220
2212
2388
2312
2320
2346
2390
2248
2268
2040
2244
2236
2164
2024
1808
1724
1744
1776
1686
1670
1664
1630
1624
1646
1752
1696
1790
1710
1672
1680
1708
1960
1788
1786
1824
1906
1762
1772
1774
1832
1808
1864
1850
1906
1784
1768
1848
1792
1674
1756
1650
1600
1632
1518
1488
1420
1344
1356
1242
1162
1132
1146
1122
1096
1006
980
994
928
950
1064
1082
1280
1274
1148
1338
1330
1376
1316
1284
1232
1166
1198
1272
1394
1378
1394
1390
1402
1406
1264
1250
1398
1328
1468
1484
1416
1366
1434
1564
1532
1610
1490
