726
714
696
692
688
730
854
928
936
890
884
874
812
898
882
908
940
828
672
690
592
546
578
708
518
574
566
618
674
738
678
708
734
762
754
812
710
642
676
644
676
708
832
824
668
752
738
666
516
632
672
652
766
748
744
600
402
482
514
480
540
730
866
878
814
836
780
860
818
840
902
796
736
776
848
792
632
632
690
648
770
886
954
842
896
780
798
802
652
540
514
566
482
534
564
682
552
720
694
586
644
650
682
674
716
750
906
916
826
798
872
784
852
858
842
838
892
742
804
772
720
666
604
478
456
432
330
278
146
184
254
216
168
112
100
84
130
214
292
308
306
346
386
330
242
126
136
208
48
60
114
74
74
58
24
6
82
32
68
176
60
68
64
166
108
180
302
336
324
486
446
500
512
532
456
478
470
554
514
572
572
614
632
472
554
608
500
560
684
632
704
654
586
610
682
686
624
694
718
694
498
528
512
488
600
624
456
462
468
444
354
282
314
576
534
544
412
410
414
418
518
444
410
364
504
462
504
444
246
88
62
24
42
26
214
212
226
216
108
160
68
78
146
122
10
12
50
24
16
50
122
2
92
10
86
158
114
184
176
160
172
284
302
382
386
506
558
356
266
240
168
212
218
318
190
232
170
162
176
20
136
130
96
46
74
104
74
126
154
122
240
234
300
182
92
50
142
214
318
366
306
380
420
424
562
574
574
556
470
442
336
208
180
154
86
140
128
90
86
64
44
10
4
112
194
86
92
20
42
0
58
20
138
78
166
242
306
380
418
462
628
564
416
324
366
308
302
326
414
506
392
472
474
476
390
354
298
196
114
198
246
214
164
288
340
398
290
136
158
114
272
140
174
126
194
296
240
348
342
388
408
376
370
470
358
214
164
108
24
14
118
142
94
86
50
74
158
44
62
158
172
226
318
406
374
446
458
422
422
358
226
282
340
388
466
412
404
392
554
362
222
116
166
208
200
224
202
166
156
30
76
146
196
224
236
146
152
178
166
224
144
42
34
10
64
78
120
162
206
126
66
6
4
28
108
50
70
54
76
56
28
14
58
94
118
80
92
76
102
226
244
206
222
302
340
302
112
120
70
40
74
166
210
76
40
60
114
138
200
74
170
202
324
300
282
320
392
394
426
364
368
354
414
500
534
686
588
560
662
602
672
846
886
776
722
762
802
900
880
822
926
986
894
816
854
746
754
740
770
778
718
788
890
886
932
942
900
982
942
910
876
836
1066
1208
1142
1138
1156
1050
1116
1188
1244
1104
1166
1144
1170
1278
1266
1182
1186
1072
1132
1150
1078
998
1036
1048
1030
994
916
898
962
988
928
854
884
916
968
950
972
964
998
926
878
944
996
1038
978
914
928
824
794
896
928
864
722
764
626
600
580
564
588
860
890
952
1070
964
984
976
892
940
914
948
920
1004
1030
1088
1098
1030
1064
1096
1056
998
1128
1198
1152
1156
1114
988
984
1014
1066
1124
1106
960
960
958
962
990
1038
1090
1018
924
962
1034
1060
1112
1064
1100
1050
1062
996
954
984
942
952
946
984
1076
1098
1052
984
940
750
706
682
712
676
598
514
548
486
418
510
368
338
380
416
402
416
452
470
496
434
422
380
358
258
280
284
196
138
198
242
274
238
318
334
386
386
312
298
438
396
380
620
416
446
404
314
204
244
358
294
282
286
248
240
268
306
440
356
466
432
334
380
218
162
150
214
244
252
238
174
258
294
292
302
396
388
412
390
304
386
450
452
446
436
412
406
530
540
448
354
358
294
326
424
418
560
516
616
510
462
506
444
356
334
392
322
278
244
262
204
300
310
278
208
352
356
234
192
88
232
290
266
332
388
470
542
566
506
542
494
490
530
532
546
498
444
454
610
542
470
522
558
632
632
574
576
456
420
406
438
350
294
248
218
230
72
62
116
134
114
116
14
146
290
304
216
276
180
174
144
150
28
26
8
12
94
90
90
252
244
332
332
222
366
360
364
442
432
324
176
226
266
336
396
394
378
520
458
456
488
512
516
462
426
460
428
360
470
612
656
798
856
834
904
848
866
754
824
956
1012
1062
1096
1110
1104
1006
910
930
920
836
876
900
1020
1106
1048
1230
1180
1192
1094
1106
1154
1132
1196
1172
1274
1280
1244
1330
1304
1192
1054
1064
984
986
1084
1132
1116
1138
1066
1114
1116
1062
1068
990
988
904
824
938
920
934
956
930
936
836
894
970
1024
1010
956
900
936
904
848
676
668
724
656
602
538
516
492
576
638
598
642
642
646
630
594
482
540
458
418
334
368
252
156
138
168
220
208
172
130
132
138
22
58
66
32
126
76
44
110
228
270
312
300
310
284
284
230
336
492
484
444
362
388
432
408
492
426
500
454
462
458
436
378
450
362
430
470
386
376
412
362
310
174
146
130
54
26
42
6
16
18
58
4
76
116
128
20
12
2
40
144
258
428
376
280
282
292
280
302
254
66
180
254
230
374
318
330
348
448
472
488
426
502
568
412
426
422
540
538
504
570
542
550
546
456
322
216
298
316
312
340
294
356
380
460
394
306
312
414
472
518
538
630
732
630
742
776
838
914
858
886
846
858
844
816
718
696
866
812
912
958
854
836
870
758
734
730
612
618
656
644
654
666
652
686
686
696
746
714
780
750
794
872
806
776
836
798
762
858
826
902
984
970
908
830
836
752
674
674
684
622
578
584
564
674
486
580
580
452
420
420
434
318
248
330
274
222
302
346
414
368
388
356
340
336
452
422
440
394
478
536
612
616
652
640
688
602
540
556
550
544
530
402
268
262
214
158
238
66
82
152
148
130
152
258
340
372
290
312
320
370
384
274
252
160
170
14
100
124
214
78
46
56
106
178
266
170
76
54
152
116
154
116
260
278
214
122
6
50
92
52
20
90
18
130
120
26
124
102
68
38
104
204
166
50
14
50
56
46
138
240
202
310
298
316
332
334
334
262
262
440
650
520
622
608
644
558
520
496
558
678
668
520
530
448
484
416
398
318
366
412
476
498
606
536
538
456
446
498
476
462
382
382
436
446
548
438
436
376
354
316
278
270
244
208
226
266
344
430
392
374
414
372
390
478
534
566
594
702
672
680
718
706
654
572
466
630
700
652
708
752
716
780
712
658
564
640
624
798
722
660
656
556
600
500
384
404
418
416
494
588
494
522
480
452
474
454
408
426
444
358
426
450
436
460
544
484
640
596
730
716
702
656
638
666
698
664
620
576
492
526
396
434
428
384
464
416
380
400
322
286
262
234
172
146
90
48
172
166
272
248
278
234
164
242
292
484
562
444
548
502
600
704
740
760
758
826
760
732
822
862
762
806
798
754
810
826
798
828
772
826
770
736
658
656
628
484
450
490
664
572
464
500
462
360
336
352
344
418
298
374
274
342
156
110
100
102
52
28
12
26
18
76
12
104
86
48
62
26
104
40
174
326
364
326
410
356
414
298
406
386
408
296
396
420
482
496
518
680
666
590
606
546
630
474
454
438
388
400
476
438
408
262
302
282
504
548
572
666
642
670
686
796
864
876
828
870
846
724
728
662
682
662
646
754
812
742
658
738
788
812
748
714
608
536
540
474
492
466
514
528
548
472
422
482
438
460
382
354
366
380
396
336
326
382
350
300
294
346
302
228
222
172
248
144
218
124
96
186
212
236
84
106
36
160
194
174
164
40
40
8
146
204
312
452
368
186
144
196
6
60
14
14
92
156
234
188
194
182
68
12
20
114
214
192
164
4
106
148
154
124
76
82
78
30
22
190
238
208
220
260
266
246
250
236
244
242
382
286
354
340
474
460
506
448
472
342
330
306
216
148
180
88
24
84
140
146
154
130
212
162
246
326
436
432
420
412
410
418
556
666
756
870
862
904
848
726
694
750
690
774
850
730
738
782
722
794
806
800
848
842
858
834
928
888
880
854
790
868
862
816
800
744
606
662
830
816
878
866
942
926
874
880
892
912
880
954
968
996
1034
986
888
902
880
836
748
778
774
754
786
802
764
812
806
808
888
962
994
974
950
938
956
976
1050
888
704
786
826
794
894
932
1068
1054
934
930
1000
1004
838
868
850
768
814
862
954
974
958
1086
1188
1200
1100
1116
1126
1102
1038
1122
1176
1246
1362
1396
1374
1392
1476
1382
1376
1448
1308
1310
1346
1340
1412
1480
1414
1482
1506
1502
1518
1496
1406
1484
1410
1358
1268
1268
1186
1204
1054
1032
1066
1062
1062
1100
1204
1254
1192
1212
1242
1290
1260
1206
1150
1240
1256
1228
1076
1106
1158
1198
1340
1432
1394
1378
1328
1300
1232
1232
1260
1180
1204
1256
1256
1098
1046
1158
1044
976
976
960
966
952
998
1026
1056
998
978
1022
942
830
816
946
986
1024
1020
1002
1006
948
856
784
774
858
752
682
748
800
806
894
948
982
916
986
958
804
632
606
564
614
542
468
460
572
740
758
698
640
716
566
482
294
336
326
200
232
346
400
484
398
470
538
522
554
576
572
544
552
488
546
642
718
686
790
820
954
982
1022
1114
1104
1124
1232
1362
1314
1334
1242
1384
1414
1394
1354
1282
1360
1300
1340
1338
1472
1432
1436
1436
1466
1446
1266
1292
1266
1210
1206
1156
1136
1186
1354
1488
1528
1506
1458
1436
1510
1486
1436
1422
1374
1418
1368
1274
1392
1284
1440
1384
1390
1292
1198
1334
1266
1278
1282
1188
1000
1182
1074
1054
944
882
818
772
700
594
546
464
496
522
450
434
496
526
454
438
512
512
536
540
