1378
1198
1046
1180
1148
1108
1092
1060
1086
1112
970
1064
1044
1202
1080
1150
1048
976
994
1094
1154
1158
1296
1240
1290
1428
1574
1558
1632
1478
1424
1384
1380
1332
1334
1256
1350
1462
1332
1328
1248
1396
1442
1296
1302
1306
1124
1192
1298
1152
966
950
1092
1032
1072
1078
954
892
764
594
430
562
754
776
726
530
346
348
278
250
326
386
458
680
700
612
776
680
712
654
756
926
898
1004
994
1136
1224
1080
1086
992
958
880
830
874
632
674
614
678
570
624
698
678
812
666
688
642
660
746
726
776
790
776
816
1044
1054
1130
1124
1140
1126
1104
988
918
1008
1046
1178
1250
1336
1384
1472
1448
1466
1598
1606
1644
1440
1600
1674
1662
1626
1518
1518
1558
1488
1520
1380
1554
1566
1442
1550
1534
1648
1690
1610
1642
1578
1384
1464
1318
1258
1194
1074
1088
1022
1160
1160
1054
1122
1120
954
872
808
700
698
914
1022
1040
1012
1022
922
1010
1014
1020
792
698
704
608
542
594
698
602
668
710
904
904
752
610
530
532
402
424
348
414
418
308
258
366
292
328
412
346
338
138
242
212
360
290
258
80
66
78
170
218
298
358
146
56
42
126
184
98
214
448
426
480
644
430
498
368
440
384
320
356
298
310
426
342
344
340
396
502
542
414
260
312
272
238
306
332
340
242
346
288
428
384
454
476
442
358
380
346
334
234
100
264
224
352
280
102
70
98
46
136
258
114
106
130
30
14
12
110
216
42
42
48
200
246
236
54
20
8
120
176
354
444
416
520
432
324
196
114
18
2
12
154
344
402
404
402
448
396
326
304
332
420
316
294
472
412
498
368
482
506
646
720
590
464
564
590
520
568
522
508
460
520
334
260
10
10
104
92
206
308
480
566
576
500
506
474
542
714
680
584
510
698
692
556
360
222
136
20
68
66
148
142
170
230
200
48
130
20
68
10
34
188
210
308
350
450
424
352
288
354
168
236
154
168
140
88
182
288
324
238
44
100
68
8
20
18
22
22
14
54
92
14
180
224
206
244
174
282
72
132
196
292
260
140
84
54
92
334
344
318
324
438
444
522
510
438
566
488
504
756
676
530
700
562
544
518
696
728
780
794
896
760
984
960
1098
932
1006
1018
1026
1076
1212
1362
1416
1296
1386
1492
1386
1356
1400
1436
1542
1614
1586
1636
1600
1456
1208
1180
1200
1154
1136
1136
1068
1096
1214
1432
1304
1446
1356
1576
1456
1456
1504
1738
1700
1766
1798
1808
1918
1950
2066
1988
2008
2012
2104
2120
2008
1862
1954
1942
1764
1790
1794
1752
1860
1840
1644
1662
1710
1654
1660
1800
1716
1746
1896
1970
1978
1950
2094
2028
2128
2168
2124
1908
2000
1928
1938
1746
1530
1532
1504
1390
1544
1540
1404
1420
1380
1328
1430
1318
1512
1420
1534
1606
1738
1902
1880
1978
1960
2044
1886
1796
1648
1652
1680
1566
1584
1602
1718
1674
1704
1738
1734
1564
1532
1524
1678
1678
1678
1802
1674
1592
1632
1578
1580
1428
1286
1314
1294
1220
1242
1188
1038
1102
1018
1096
1078
1082
1062
896
1004
1016
962
860
770
926
1082
1104
1118
1100
1080
1048
896
792
678
872
768
714
572
470
436
500
432
462
482
480
518
700
778
836
798
694
626
728
676
684
588
678
602
516
590
592
636
526
578
628
622
418
432
440
426
482
574
530
546
646
558
596
428
482
394
564
674
522
580
590
572
496
438
458
430
404
500
412
398
278
324
420
286
152
196
244
212
240
384
272
344
532
574
672
666
664
620
816
732
592
588
570
480
400
378
394
508
424
324
290
428
300
476
496
508
644
700
666
744
700
740
820
686
562
592
510
472
546
580
440
248
312
212
184
174
164
82
88
42
64
90
32
2
94
116
112
304
180
80
116
138
228
138
196
306
236
328
90
10
76
22
186
282
310
140
20
18
44
22
54
178
402
278
166
162
42
72
52
128
256
94
90
254
402
344
292
392
412
386
382
394
606
616
564
592
602
518
370
418
326
334
356
462
406
454
496
568
782
860
832
596
710
474
334
418
466
546
400
464
420
540
514
406
358
524
432
444
506
566
534
514
584
536
352
260
40
108
296
242
150
24
26
132
300
472
454
352
424
474
506
620
760
732
904
898
820
944
948
778
816
882
906
676
694
544
482
554
430
342
376
446
378
280
40
88
102
142
178
182
228
190
464
466
538
536
550
474
400
448
412
314
344
278
286
400
442
380
330
338
464
382
380
354
398
324
238
254
240
234
264
190
130
82
214
388
376
354
58
14
58
14
20
64
40
200
56
112
304
480
494
400
378
346
340
370
316
228
186
276
360
342
170
80
150
126
216
214
278
250
396
242
214
2
70
94
6
120
32
188
82
44
98
50
46
10
26
212
296
168
136
86
50
6
154
176
298
376
292
352
430
440
390
536
416
324
172
158
276
284
162
100
198
296
500
494
696
728
858
986
832
678
614
596
674
578
566
668
752
792
762
670
726
638
680
676
640
616
526
606
726
660
658
480
614
616
542
504
444
506
324
404
340
122
48
12
80
12
56
220
110
124
232
150
236
218
246
420
378
400
318
360
266
344
360
426
424
410
474
380
310
506
366
222
254
170
192
214
250
196
252
218
224
228
368
426
426
524
648
756
702
730
830
750
844
704
664
630
572
570
554
546
470
526
310
306
370
570
492
478
524
580
614
598
440
502
354
252
252
98
148
38
32
106
54
126
86
76
64
64
26
110
26
96
88
140
224
154
214
230
162
118
288
152
328
480
500
616
668
486
542
748
522
218
146
290
246
252
172
186
106
202
132
214
224
304
264
574
514
542
608
578
502
418
466
380
342
258
390
396
300
530
432
456
426
618
550
488
566
594
642
602
694
768
578
654
738
578
618
474
506
656
520
584
578
526
412
446
326
500
334
222
122
32
28
156
104
62
108
170
218
162
132
126
116
24
66
32
28
160
110
170
184
236
102
42
138
178
224
104
172
128
56
64
170
248
164
168
54
46
30
244
258
178
228
180
196
282
300
350
174
216
178
32
116
306
288
264
250
376
302
300
352
334
252
426
256
284
126
48
2
138
164
192
310
258
178
206
202
22
56
36
132
18
40
168
160
72
104
138
52
182
148
110
294
264
504
550
534
466
460
420
270
266
294
200
90
296
140
24
80
196
98
76
122
104
8
42
94
22
58
42
4
78
190
110
18
88
4
0
188
160
42
86
166
310
408
292
172
28
48
104
0
4
14
108
42
58
52
42
18
128
294
192
134
182
414
368
204
244
238
216
82
118
220
234
228
264
190
68
54
78
10
120
168
114
128
234
184
136
150
192
88
190
214
68
162
52
44
74
426
394
368
474
406
442
416
414
426
402
418
466
378
456
268
242
316
184
62
124
210
128
62
4
30
100
48
90
204
152
330
388
428
496
456
440
464
338
178
176
172
144
162
82
48
110
40
72
46
120
46
48
108
100
166
96
126
176
180
280
170
52
44
146
246
246
160
286
202
306
324
400
386
360
244
196
64
22
98
72
26
30
98
98
32
138
22
46
94
156
200
320
292
302
206
198
194
176
124
64
20
138
80
288
458
328
368
496
506
550
466
286
370
336
380
418
374
388
380
320
240
144
354
104
26
100
366
332
436
470
312
324
244
196
182
170
194
28
104
148
66
6
156
72
56
46
54
8
46
36
82
44
118
80
92
74
152
310
258
336
292
414
438
616
548
702
670
650
722
638
616
584
660
434
426
480
532
406
416
448
476
406
222
274
210
178
112
262
522
490
330
346
406
448
366
292
172
94
44
58
118
156
102
46
180
140
34
120
108
220
400
342
348
520
510
418
514
440
430
312
288
250
192
170
124
96
10
194
192
178
138
154
132
108
192
216
316
296
206
206
172
2
204
246
436
440
516
454
348
280
380
416
286
292
260
314
282
326
414
482
344
376
282
326
282
228
362
458
376
662
764
872
1032
1060
1072
1048
1118
1232
1240
1182
962
942
842
818
746
734
760
812
762
812
740
890
894
920
988
1046
1176
1186
988
956
1004
1126
1084
1032
962
986
1104
1142
1096
998
1084
982
1070
996
1136
1144
1158
1118
1076
1128
1132
1204
1182
1250
1462
1488
1530
1370
1534
1448
1506
1376
1286
1380
1218
1324
1288
1358
1378
1320
1432
1410
1334
1318
1376
1284
1268
1214
1260
1414
1310
1376
1284
1334
1340
1462
1628
1600
1670
1598
1468
1408
1392
1438
1276
1304
1208
1224
1028
1088
924
912
1096
1018
966
994
992
948
870
974
1054
1158
1082
992
1040
1112
1172
960
932
846
964
1052
1084
1070
996
880
796
762
788
1026
1066
900
812
924
1114
1134
1136
994
824
856
972
732
902
852
750
802
806
706
734
644
804
816
756
628
414
376
396
420
572
424
426
290
292
312
326
286
240
202
412
328
244
44
226
242
176
192
188
240
60
24
78
12
4
144
308
418
320
202
148
2
44
252
212
190
248
332
304
260
92
388
206
330
402
316
456
438
502
418
460
514
424
456
422
322
298
324
460
316
352
288
554
566
710
744
696
668
728
678
728
640
642
596
650
698
764
890
884
918
864
948
928
966
1088
1010
1090
1080
1098
1144
1022
984
926
912
948
952
1008
1072
1022
1210
1144
1122
1204
1048
958
970
1052
1184
1050
966
854
756
828
864
868
844
674
816
878
942
816
914
1054
1198
1036
1174
1116
1212
1114
932
912
946
954
880
762
476
308
304
420
526
558
662
560
604
424
348
318
340
426
472
592
706
842
804
1034
1096
990
1038
818
862
728
648
522
556
560
726
574
630
558
470
482
518
402
512
546
436
310
296
276
206
158
182
148
26
30
