176
150
282
266
158
298
252
274
280
226
172
138
40
80
62
226
132
282
218
348
332
328
510
412
412
284
182
94
24
158
94
32
30
16
22
140
144
40
58
96
48
86
76
102
42
10
42
104
104
30
64
162
182
138
284
350
370
262
378
250
350
432
414
412
502
518
648
450
666
646
786
874
842
984
784
636
784
856
888
826
866
834
782
880
952
1010
1062
1076
852
882
1032
1064
928
1112
1128
1078
1132
1100
1224
1172
1232
1318
1402
1478
1252
1328
1202
1080
972
846
768
788
714
694
594
512
524
372
340
280
120
160
146
42
52
58
74
210
316
180
154
186
340
68
290
412
412
436
386
322
428
408
408
402
456
530
520
596
384
308
292
426
524
598
610
472
664
848
980
736
722
796
686
790
882
724
552
666
610
596
614
570
636
626
720
846
800
880
1018
1058
1070
1092
948
908
760
834
864
802
652
522
358
364
480
324
452
510
490
448
396
532
446
444
478
592
630
644
696
834
954
960
940
914
992
834
766
666
674
678
566
588
580
514
526
658
628
682
826
862
782
830
992
1028
1062
1098
1162
1236
1132
1072
1014
966
1072
950
922
744
638
532
610
538
530
482
458
378
286
310
370
442
470
364
440
532
512
524
592
486
458
308
328
344
254
254
332
224
74
270
240
324
416
462
460
458
394
478
416
438
268
434
320
384
294
288
178
58
138
158
296
388
508
432
578
644
548
668
738
596
566
654
770
808
874
854
740
774
796
782
724
692
736
838
844
906
762
698
730
742
758
690
554
528
604
686
536
384
330
294
332
424
480
418
472
490
492
656
944
920
920
746
786
836
842
790
756
786
716
682
682
732
936
976
944
844
646
744
556
594
612
688
770
918
956
1072
996
996
1086
996
1162
1350
1264
1188
1294
1326
1376
1288
1224
1192
1056
1222
1264
1132
1180
1164
1278
1332
1586
1696
1776
1876
1870
1760
1698
1520
1468
1332
1260
1340
1410
1342
1232
1268
1348
1474
1494
1426
1372
1414
1450
1390
1344
1314
1356
1328
1196
1300
1148
1042
1026
932
960
920
1026
1024
906
718
528
650
812
960
956
918
712
672
732
678
570
406
324
254
234
270
160
264
284
428
218
228
296
326
260
204
292
110
38
108
266
270
264
296
248
50
80
222
390
430
396
272
248
312
298
238
212
208
206
354
372
212
150
20
74
38
82
106
138
154
156
142
272
312
330
386
350
350
346
368
468
618
630
672
834
774
850
1012
1076
1136
1176
1206
1320
1250
1294
1402
1394
1310
1450
1234
1324
1300
1464
1466
1350
1316
1342
1506
1476
1478
1392
1234
1268
1342
1374
1430
1246
1382
1152
1148
1164
1418
1472
1406
1544
1350
1418
1246
1406
1284
1288
1324
1244
1364
1456
1482
1598
1422
1430
1482
1528
1610
1732
1530
1568
1524
1578
1580
1584
1616
1646
1738
1594
1542
1552
1528
1508
1500
1530
1510
1502
1462
1500
1314
1214
1220
1158
1160
1184
1150
1088
1040
1024
1066
1026
1126
1174
1268
1448
1422
1264
1276
1320
1288
1254
1190
1304
1240
1248
1246
1112
864
836
792
914
848
872
882
892
1074
1090
1046
970
980
1094
1104
1066
996
846
924
996
956
768
798
834
628
682
492
446
590
528
462
582
700
594
786
738
778
902
946
948
1022
1074
966
1128
1254
1136
1144
1096
1038
1018
852
934
994
874
852
750
772
964
904
906
1018
1190
1252
1374
1386
1412
1452
1384
1446
1412
1450
1582
1614
1458
1352
1228
1256
1338
1430
1376
1238
1240
1318
1324
1356
1352
1460
1492
1536
1490
1334
1330
1248
1040
978
798
784
982
1024
1024
1102
1140
1260
1392
1506
1484
1474
1410
1494
1482
1544
1438
1406
1430
1422
1384
1338
1224
1358
1230
1208
1218
1272
1386
1474
1484
1682
1784
1610
1554
1548
1376
1426
1510
1626
1634
1572
1612
1728
1768
1584
1508
1468
1410
1358
1484
1356
1422
1338
1196
1288
1482
1410
1432
1346
1390
1492
1410
1400
1270
1306
1228
1228
1294
1286
1312
1324
1486
1518
1540
1576
1510
1522
1468
1356
1396
1390
1440
1296
1212
1256
1190
1130
972
978
1250
1196
1168
1062
1124
1140
964
1152
1274
1324
1280
1282
1274
1244
1150
1200
1286
1206
1186
1354
1406
1404
1356
1344
1348
1390
1410
1512
1584
1470
1484
1468
1452
1566
1500
1426
1538
1626
1574
1444
1412
1372
1392
1396
1298
1286
1406
1426
1290
1322
1316
1302
1374
1282
1286
1210
1082
1016
1102
1066
1064
1080
1126
1196
1216
1178
1134
1112
1270
1222
1236
1306
1506
1594
1426
1538
1566
1526
1588
1580
1640
1442
1416
1340
1428
1472
1510
1550
1410
1326
1238
1248
1180
1176
1360
1274
1240
1214
1082
1132
1210
1032
920
1006
1024
1108
1118
1204
1188
1054
1126
1064
908
904
830
850
632
684
632
604
716
844
894
1006
1054
1040
870
836
792
774
696
634
586
600
650
644
738
792
824
786
844
944
864
848
1016
930
758
900
990
934
804
962
1052
1100
1150
1114
1314
1396
1486
1536
1576
1502
1570
1466
1484
1590
1506
1414
1500
1582
1668
1612
1520
1638
1700
1726
1752
1686
1816
1810
1960
1866
1952
1892
2000
2066
2142
2196
2180
2212
2280
2128
2072
2152
1986
1950
1986
2190
2202
2236
2130
2008
2002
2198
2380
2230
2256
2308
2300
2212
2228
2218
2260
2182
2056
2114
2176
2140
2002
2052
2002
1886
1884
1760
1712
1740
1772
1674
1778
1740
1746
1736
1650
1756
1818
2008
1848
1992
2000
1978
2076
1938
1894
1970
1896
2010
1892
1978
1990
1938
2134
2086
2128
2128
2170
2178
2244
2250
2294
2186
2146
2210
2434
2548
2470
2410
2412
2560
2674
2646
2458
2410
2412
2396
2484
2442
2370
2394
2450
2388
2356
2324
2268
2266
2472
2592
2562
2536
2610
2518
2388
2398
2340
2240
2292
2264
2282
2258
2216
1980
1906
1928
1822
1818
1804
1920
2038
1852
1952
1936
1836
1764
1820
1656
1674
1550
1754
1694
1706
1732
1874
1678
1704
1568
1564
1430
1324
1116
1266
1122
1198
1242
1290
1174
1150
1152
1382
1370
1354
1288
1312
1202
1262
1408
1634
1688
1674
1624
1668
1642
1716
1780
1800
1650
1774
1748
1820
1924
1992
1866
1844
1836
1882
1716
1630
1592
1580
1536
1626
1546
1534
1660
1716
1704
1674
1804
1806
1912
1976
2010
1844
1908
1894
1874
1918
1934
1864
1952
1936
1772
1674
1676
1680
1550
1662
1618
1450
1500
1446
1566
1472
1410
1498
1570
1414
1460
1740
1692
1908
2002
2248
2198
2204
2100
1984
2024
2000
2028
1948
1874
2082
1972
1982
1934
1924
1938
1982
1716
1784
1738
1614
1612
1614
1756
1650
1682
1660
1728
1658
1690
1668
1624
1718
1842
1934
2046
1948
1936
1916
1980
1964
2006
1908
1924
2028
1896
1894
1744
1714
1694
1756
1878
1934
1892
1946
2026
1942
2044
2014
1828
1720
1480
1480
1448
1428
1342
1408
1256
1286
1220
1104
1098
1098
1158
1082
1214
1218
1344
1260
1246
1380
1414
1402
1458
1548
1600
1514
1538
1476
1538
1582
1436
1548
1564
1768
1678
1686
1576
1586
1610
1540
1666
1782
1854
1884
1938
1746
1844
1826
1914
1886
1918
1904
1722
1650
1522
1552
1504
1478
1542
1492
1412
1402
1434
1604
1576
1380
1326
1398
1520
1568
1420
1172
1160
1156
1286
1290
1182
1190
1064
1070
1108
1064
1102
1258
1296
1246
1226
1196
1266
1260
1304
1380
1306
1274
1192
1146
1094
1136
1296
1246
1172
1076
1288
1126
1040
1188
1346
1410
1352
1246
1208
1172
1168
1078
1022
952
1016
918
784
708
696
662
698
880
932
766
792
954
898
886
1024
1090
962
1030
908
1058
1126
972
1020
1092
1266
1332
1214
1354
1356
1474
1398
1384
1334
1346
1274
1158
1282
1314
1326
1322
1048
1144
1084
1122
1148
1264
1134
946
848
860
818
962
866
888
922
954
1056
1270
1380
1280
1200
1244
1206
1128
1112
1162
1372
1196
1238
1202
1348
1380
1148
1088
1130
1238
1380
1288
1294
1282
1196
1140
1194
1192
968
830
920
832
814
918
818
838
928
814
804
1000
988
904
1040
1094
1022
1120
988
968
1058
1124
1070
1226
1288
1308
1320
1338
1378
1310
1418
1376
1358
1476
1558
1440
1426
1560
1472
1476
1584
1546
1606
1594
1730
1812
1780
1868
1774
1810
1650
1804
1842
1862
1858
1956
1956
2010
2056
1872
1992
2046
1958
1804
1610
1532
1562
1466
1574
1492
1566
1526
1456
1562
1682
1658
1692
1644
1480
1490
1564
1670
1762
1628
1642
1662
1714
1704
1666
1522
1594
1636
1612
1470
1364
1430
1490
1396
1364
1276
1346
1374
1510
1526
1562
1584
1730
1828
1880
1920
1926
1972
2084
2006
1928
1844
1816
1928
1976
1934
1814
1712
1676
1650
1530
1358
1394
1462
1342
1404
1334
1394
1418
1446
1478
1424
1532
1748
1694
1856
1870
1978
2094
1964
2112
2092
2126
2356
2270
2304
2196
2248
2200
2270
2344
2302
2326
2334
2374
2318
2294
2104
2228
2360
2372
2388
2442
2574
2686
2720
2758
2910
2848
2896
2964
3056
2968
2892
2956
3006
2978
3036
3078
3038
3092
3308
3248
3282
3216
3190
3166
3212
3134
3070
2906
2996
2818
2768
2802
2796
2752
2788
2948
3068
3006
2950
2824
2850
2970
2956
2780
2780
2878
2764
2778
2926
2856
2734
2808
2896
2956
2852
2860
2886
3044
3048
3116
3086
3118
3224
3236
3272
3270
3376
3286
3292
3188
3172
3140
3182
3024
3056
3098
3090
3102
3270
3168
3246
3304
3170
3272
3348
3372
3290
3198
3366
3472
3346
3410
3318
3212
3168
3284
3436
3392
3330
3200
3266
3114
3138
3106
3078
3144
3104
3140
3042
3014
3206
3204
3180
3266
3266
3282
3154
3082
3132
3088
3074
2870
2846
2788
2922
2950
3132
3156
3054
3162
3198
3300
3192
2944
2962
3058
2926
3036
3102
3090
3208
3268
3206
3160
3132
3144
3280
3222
3202
3256
3256
3360
3520
3490
3406
3362
3462
3480
3462
3290
3276
3292
3340
3416
3376
3398
3490
3450
3502
3596
3490
3444
3296
3350
3292
3212
3346
3346
3284
3414
3362
3478
3582
3508
3572
3448
3372
3424
3184
3090
3208
3048
2988
3016
2846
2778
2774
2888
2910
2796
2770
2588
2782
2788
2854
2682
2744
2640
2622
2500
2470
2540
2600
2484
2380
2484
2604
2566
2408
2444
2584
2698
2730
2730
2660
2600
2766
2818
2760
2604
2550
2516
2520
2498
2374
2412
2468
2424
2302
2306
2104
1994
2082
2312
2300
2328
2278
2178
2192
2276
2324
2252
2332
2222
2152
2090
2192
2176
2148
2120
2094
1980
2032
2118
2140
2202
1984
2012
1990
1944
1928
1878
1726
1784
1784
1688
1806
1738
1666
1864
1898
1888
1762
1672
1716
1596
1728
1810
1782
1870
2018
1842
1794
1702
1568
1508
1454
1350
1400
1386
1262
1398
1222
1204
1272
1404
1324
1222
1368
1336
1314
1342
1318
1254
1352
1332
1266
1330
1326
1346
1252
1190
1074
1214
1448
1398
1428
1402
1328
1300
1268
1154
1058
1052
1198
1086
990
1118
1232
1112
946
928
898
874
886
982
888
870
818
790
936
954
990
1118
1322
1146
1160
1238
1186
1096
1080
1084
1092
1230
