3012
3102
2938
2974
2988
2900
2928
2782
2820
3008
3112
3210
3312
3266
3122
3094
3120
3072
3102
3146
3042
3246
3320
3148
3272
3390
3444
3470
3548
3534
3512
3526
3414
3422
3458
3362
3324
3396
3554
3610
3524
3384
3402
3128
3090
3014
2978
2922
2910
2950
2892
3058
2930
2902
2892
2718
2722
2570
2790
2702
2730
2800
2746
2740
2738
2526
2532
2436
2440
2520
2592
2564
2696
2590
2490
2482
2344
2404
2390
2376
2308
2306
2264
2388
2290
2286
2310
2278
2288
2476
2622
2586
2500
2614
2474
2488
2418
2420
2442
2384
2362
2320
2224
2204
2200
2160
2072
2022
2066
2058
1974
1718
1718
1642
1780
1876
1876
2008
1918
1972
1920
1814
1630
1522
1470
1636
1416
1476
1504
1436
1508
1346
1258
1068
994
1066
904
878
984
948
1052
1062
1010
1098
1098
842
856
652
674
662
612
538
492
452
530
452
536
554
574
404
310
426
320
418
432
420
538
472
524
624
716
800
712
772
770
658
684
696
798
640
610
656
534
516
422
394
224
206
234
122
108
116
6
16
12
10
58
132
24
80
26
170
78
6
44
122
42
118
60
42
46
150
308
352
260
296
416
430
452
548
474
492
580
554
634
716
662
604
532
508
414
426
328
328
166
210
344
296
250
306
218
272
242
78
4
2
86
18
56
80
164
54
26
228
282
218
312
288
288
346
358
264
268
254
406
546
652
784
738
736
712
1008
1204
1242
1084
1158
1236
1234
1246
1172
980
1088
1168
1272
1256
1258
1378
1402
1420
1404
1378
1208
1234
1318
1406
1386
1398
1452
1242
1396
1330
1448
1298
1266
1346
1368
1386
1384
1256
1240
1212
1172
1120
1158
1048
1188
974
1034
1070
1062
842
746
790
828
690
830
926
920
878
916
722
888
970
1020
1116
1084
1104
1038
1098
1290
1230
1316
1404
1310
1314
1234
1176
1126
954
878
930
1012
1000
984
888
848
946
910
972
964
1000
1002
1218
1106
1002
904
912
654
616
526
388
582
700
736
646
588
578
560
462
508
430
556
510
330
338
370
366
336
498
514
422
532
588
736
830
746
674
646
930
900
976
1042
894
920
1006
1074
1026
926
926
1012
946
1058
1070
1040
1124
1070
930
840
784
966
946
1036
1116
1092
1216
1164
1166
1162
1454
1470
1518
1502
1432
1482
1608
1656
1600
1366
1348
1328
1342
1534
1494
1504
1582
1606
1490
1454
1564
1660
1538
1410
1260
1232
1218
1262
1306
1068
1134
1020
1038
890
844
984
840
698
780
720
958
886
870
920
918
908
1044
1134
1038
982
838
838
872
968
1016
974
798
834
804
846
684
740
760
768
762
706
806
864
792
700
642
620
648
594
578
594
610
586
592
642
544
408
446
396
378
332
312
222
320
314
290
350
474
556
460
466
318
452
356
368
462
560
450
374
250
204
240
104
180
278
328
408
424
316
230
224
262
12
18
16
36
160
164
224
154
212
42
56
102
16
80
54
74
154
16
96
70
156
66
142
62
34
10
18
64
82
212
258
188
268
452
634
584
614
500
474
446
366
418
378
262
322
236
344
328
270
178
310
168
338
236
428
410
472
342
528
650
716
734
924
1010
1016
1298
1292
1088
1084
1112
1180
1250
1200
1220
1194
1156
1250
1374
1418
1270
1308
1308
1122
1226
1330
1346
1212
1196
1154
1230
1108
1126
1096
1074
1046
1048
852
714
830
666
820
830
746
814
948
894
846
964
1032
976
936
966
898
866
840
938
810
652
586
416
512
446
582
686
724
630
834
794
884
838
938
782
662
494
200
246
312
422
272
264
312
220
40
4
92
254
210
104
104
124
292
400
366
250
132
196
202
256
166
6
108
236
200
92
10
130
304
370
522
550
462
592
564
714
632
658
664
694
766
744
742
714
790
900
962
1102
1168
1098
988
1076
1024
1030
948
964
908
886
924
862
764
720
860
782
888
912
914
906
982
1018
1160
1106
1032
1068
1230
1264
1184
1300
1388
1478
1502
1424
1400
1374
1474
1464
1590
1724
1674
1762
1720
1612
1678
1636
1588
1664
1634
1606
1436
1598
1496
1422
1548
1508
1280
1400
1432
1536
1498
1526
1582
1726
1826
1796
1658
1806
1832
1846
1896
1968
1972
2044
2102
1996
1996
1938
2008
1994
2038
1976
1872
1836
1842
1744
1650
1722
1532
1618
1442
1286
1268
1308
1244
1242
1396
1378
1430
1254
1350
1408
1356
1226
1204
1264
1100
1054
1058
1096
1010
962
1004
1068
1030
1142
1242
1396
1482
1400
1582
1438
1420
1580
1392
1166
1076
934
862
828
748
910
926
992
1074
1046
996
982
878
998
1104
1038
1102
1072
1052
1228
992
732
782
868
976
914
970
1042
1108
1152
1306
1270
1348
1404
1284
1432
1578
1440
1546
1590
1556
1602
1630
1734
1768
1648
1776
1846
1788
1844
1690
1450
1528
1404
1304
1218
1240
1260
1264
1362
1522
1518
1522
1522
1684
1592
1624
1564
1640
1728
1952
2130
2134
2112
1996
2082
2088
2000
1970
2072
2090
2016
1928
2000
1742
1824
2018
1774
1766
1660
1654
1796
1684
1730
1730
1804
1894
1980
2006
1980
1928
2014
1980
1790
1732
1622
1620
1500
1668
1812
1866
1946
1934
1824
1830
1894
1946
1948
1832
1854
1992
1952
2094
2128
1902
1880
2022
2166
2116
2128
2210
2128
2108
2130
2152
2188
2204
2272
2292
2168
2218
2160
2092
2198
2216
2294
2200
2174
2056
2060
2076
2202
2200
2232
2072
2050
1974
2034
2124
2186
2090
2134
2086
2272
2104
2190
2174
2292
2308
2208
2210
2276
2382
2514
2512
2460
2458
2388
2404
2478
2368
2242
2318
2490
2376
2424
2400
2380
2312
2232
2190
2236
2148
2072
2034
1926
1866
1788
1824
1854
1920
1778
1644
1504
1594
1500
1416
1260
1258
1282
1226
1098
924
928
966
986
930
802
864
990
966
902
1052
1128
1148
1322
1224
1248
1204
1096
1002
922
934
994
804
816
712
566
630
708
934
902
1046
1206
1118
1096
1010
1008
968
922
952
984
1044
834
800
824
986
926
1050
1140
1108
1152
1156
966
928
1048
1026
1034
1174
974
968
904
1024
1108
1106
1318
1360
1374
1308
1252
1054
1336
1282
1330
1408
1314
1254
1266
1268
1124
1210
1418
1586
1620
1632
1502
1668
1748
1744
1520
1520
1610
1720
1694
1776
1728
1822
2020
2062
1922
2034
2132
2202
2238
2336
2192
2086
2074
1960
1860
1936
1724
1750
1686
1634
1632
1656
1614
1546
1514
1552
1396
1442
1312
1414
1302
1314
1380
1348
1452
1406
1392
1500
1650
1556
1490
1336
1244
1384
1488
1378
1350
1264
1292
1350
1252
1406
1260
1220
1362
1218
1376
1254
1466
1548
1264
1172
1172
1242
1148
1178
1114
1044
950
1000
1044
968
1206
1238
1366
1282
1390
1372
1498
1466
1472
1468
1386
1268
1242
1338
1366
1598
1614
1616
1488
1570
1644
1572
1578
1418
1562
1514
1504
1442
1488
1496
1574
1626
1520
1318
1444
1410
1342
1162
1014
1054
1102
934
858
778
800
758
828
894
816
730
632
530
594
550
374
600
722
632
660
580
382
438
556
536
626
676
612
834
818
1040
1058
886
842
868
834
734
836
716
760
858
810
856
862
998
1058
950
968
870
1044
1000
1126
1214
1270
1338
1330
1404
1454
1596
1572
1472
1592
1492
1538
1648
1544
1454
1546
1604
1670
1934
1866
1832
1712
1572
1484
1548
1604
1502
1512
1590
1648
1542
1666
1680
1730
1800
1762
1882
2010
2328
2396
2406
2314
2432
2314
2454
2270
2266
2306
2324
2410
2528
2596
2552
2486
2348
2182
2188
2152
2068
2134
2060
2024
1878
1862
1856
1878
1726
1792
1906
1820
1528
1578
1648
1738
1730
1602
1546
1560
1562
1534
1478
1446
1210
1272
1380
1366
1392
1572
1466
1530
1562
1594
1656
1642
1512
1472
1380
1370
1340
1626
1770
1856
1886
1848
1648
1708
1598
1606
1460
1486
1542
1674
1714
1480
1628
1686
1642
1652
1378
1432
1272
1168
1002
928
812
792
844
778
692
700
684
562
488
650
554
432
436
434
566
506
242
212
140
56
94
142
344
328
344
332
498
474
558
518
508
704
572
748
760
720
638
572
620
676
848
906
1060
986
1174
1268
1168
1260
1320
1406
1492
1438
1562
1622
1684
1654
1592
1822
1858
1718
1704
1796
1796
1746
1572
1606
1690
1760
1808
1836
2030
1960
1900
1948
2010
2116
2120
2234
2292
2208
2168
2196
2126
2260
2156
2122
2052
1980
1966
1916
1806
1896
2044
2082
1996
2108
2032
2110
2150
2178
2240
2406
2088
2080
2120
2158
2216
2342
2270
2232
2258
2058
1978
2082
2076
2174
2340
2268
2188
2422
2598
2586
2562
2500
2498
2586
2706
2694
2484
2380
2384
2394
2440
2406
2434
2346
2392
2406
2378
2392
2490
2446
2470
2330
2332
2346
2482
2422
2256
2284
2248
2110
2202
2220
2172
2166
2092
2178
2254
2154
2386
2352
2322
2456
2544
2598
2554
2430
2472
2464
2286
2100
2298
2268
2236
2202
2252
2184
2178
2260
2342
2406
2414
2436
2470
2350
2452
2494
2694
2608
2462
2368
2370
2506
2550
2484
2578
2514
2372
2266
2184
2084
2264
2258
2332
2402
2382
2520
2640
2618
2564
2558
2668
2612
2512
2548
2592
2730
2776
2676
2758
2660
2654
2744
2736
2678
2630
2656
2704
2642
2634
2700
2744
2736
2736
2842
2770
2702
2728
2684
2682
2776
2838
2782
2722
2746
2776
2744
2638
2624
2596
2566
2758
2662
2556
2538
2448
2462
2328
2312
2266
2174
2240
2298
2404
2352
2382
2510
2474
2414
2370
2208
2204
2120
2098
2142
2240
2234
2328
2392
2506
2628
2534
2538
2552
2392
2268
2330
2290
2336
2474
2344
2378
2456
2340
2326
2258
2284
2244
2270
2164
2254
2346
2284
2268
2322
2208
2348
2254
2358
2270
2390
2508
2390
2330
2418
2444
2574
2684
2694
2754
2706
2724
2848
2796
2930
2932
3146
3184
3252
3252
3074
3076
3082
3018
3134
3330
3250
3236
3264
3278
3276
3310
3282
3444
3390
3400
3414
3384
3398
3326
3342
3316
3486
3446
3462
3360
3358
3304
3278
3266
3302
3326
3214
3110
3166
3236
3074
3092
2944
2952
2884
2942
2882
2868
3076
3004
2904
2872
2822
2776
2704
2730
2572
2678
2752
2814
2772
2914
2930
2860
2920
2906
2732
2790
2702
2822
2654
2612
2598
2560
2464
2526
2360
2306
2558
2606
2786
2868
2892
2760
2672
2690
2748
2862
2712
2684
2692
2622
2640
2578
2550
2410
2288
2364
2206
2220
2266
2152
2170
2146
2198
2084
2178
1994
1992
2242
2258
2170
2100
2144
2322
2268
2376
2278
2332
2374
2326
2218
2344
2134
2178
2092
1984
2014
2030
2036
1980
2038
1920
1824
1842
1736
1712
1754
1844
1924
2030
1994
2008
2008
1970
1840
1986
2060
2222
2344
2456
2552
2642
2556
2620
2562
2366
2342
2268
2336
2454
2472
2498
2574
2606
2422
2410
2454
2460
2338
2518
2352
2156
2182
2286
2256
2336
2264
2198
1948
1886
1862
1884
1844
1758
1870
1868
2066
1906
1730
1732
1804
1924
1876
1768
1688
1732
1834
1668
1660
1610
1582
1444
1304
1368
1352
1448
1278
1348
1314
1098
1038
1064
1038
1086
1160
1266
1160
1202
992
1048
1076
1162
1238
