774
732
718
694
716
734
724
748
780
802
796
808
798
788
770
782
790
844
812
842
860
848
840
820
824
814
794
806
770
758
736
738
756
776
764
808
792
808
836
822
786
808
760
750
730
728
696
674
658
668
668
624
630
662
674
708
704
734
766
792
786
790
782
828
848
812
782
784
784
800
816
846
846
852
844
836
818
832
822
800
800
772
762
794
792
788
804
792
756
766
772
770
714
688
748
778
738
754
730
750
726
700
694
710
646
694
732
722
678
680
692
686
682
644
620
608
658
660
728
698
722
750
760
768
766
764
742
752
754
738
732
722
684
680
688
682
688
688
696
738
710
668
644
652
634
634
580
572
574
576
578
584
638
652
672
662
650
626
668
670
660
668
706
724
704
688
694
710
750
730
734
738
752
716
754
740
768
756
780
778
756
748
742
718
742
774
730
742
752
732
714
762
764
780
848
832
802
784
812
814
798
836
794
780
770
796
766
782
804
814
832
852
868
890
906
888
892
862
874
870
874
846
814
816
810
836
832
826
784
782
754
736
740
748
760
776
778
798
798
788
806
764
714
722
746
708
750
748
728
732
776
802
806
770
748
760
696
718
692
772
758
776
760
746
778
770
758
728
742
742
754
730
696
668
650
626
656
668
708
702
722
718
680
708
708
728
694
664
656
632
656
666
694
658
646
672
666
702
692
656
622
632
668
634
578
576
558
568
588
584
604
628
626
618
586
592
580
626
614
606
594
586
596
604
604
606
608
648
622
672
642
622
638
658
674
688
704
666
644
636
616
616
608
598
586
608
558
558
610
656
670
680
724
684
682
750
764
786
782
774
748
730
730
782
756
758
780
728
748
738
768
786
822
818
824
836
824
804
828
806
784
816
806
828
828
812
836
818
858
858
874
874
870
868
832
848
824
838
820
802
776
804
772
790
828
814
796
772
778
778
750
776
764
754
720
738
708
708
722
686
692
670
660
670
662
624
640
640
612
574
578
618
666
642
690
690
694
650
654
618
596
560
520
526
566
598
552
548
560
540
568
586
538
518
520
560
536
554
516
542
582
576
594
620
570
588
576
550
542
504
512
548
550
506
592
604
626
620
600
570
574
610
576
584
534
502
492
536
516
458
504
492
476
492
510
534
556
600
580
586
586
584
620
624
628
626
626
628
624
638
660
690
662
666
718
750
762
748
772
788
804
762
716
736
738
696
690
710
726
740
744
708
650
638
628
666
658
710
742
732
696
664
706
686
716
682
702
714
664
658
684
704
754
750
702
710
804
824
846
830
876
830
818
778
780
770
774
750
730
690
700
728
730
716
722
712
722
692
682
690
718
746
726
716
722
730
746
724
746
668
716
714
704
728
724
716
740
728
678
678
692
682
672
704
730
730
736
766
774
738
720
674
642
634
624
620
660
672
630
646
630
638
638
608
650
638
624
666
636
630
640
656
674
662
654
630
624
626
626
626
638
700
720
780
770
794
794
794
782
774
806
822
794
792
812
736
734
698
678
656
708
712
724
714
700
740
704
726
728
718
748
734
742
776
788
802
796
826
792
796
790
778
756
760
722
754
704
730
700
724
740
788
788
760
742
758
720
712
702
728
724
776
758
756
748
780
754
758
778
762
774
820
846
832
808
826
830
824
830
842
828
838
832
850
898
896
904
904
876
878
870
852
848
800
800
812
812
868
872
876
842
850
872
848
808
844
842
832
858
834
796
824
838
838
864
880
878
878
876
884
874
876
866
854
872
830
842
836
868
884
896
890
882
892
884
836
786
812
802
816
806
786
790
808
818
824
800
822
854
898
868
880
856
822
862
878
860
860
862
822
814
836
850
862
834
792
778
832
828
836
836
834
812
764
728
716
718
738
764
744
818
814
816
850
828
836
814
784
782
770
748
706
728
752
800
782
766
714
712
708
698
740
688
724
720
704
724
744
700
716
700
686
656
670
648
650
648
668
634
668
704
694
690
720
700
688
710
708
726
716
720
692
702
686
686
670
638
590
608
654
634
666
674
694
712
722
722
720
698
684
650
612
564
586
512
488
470
480
426
440
406
408
338
404
410
388
432
466
412
414
416
396
412
414
390
436
462
512
570
566
560
604
592
532
538
538
486
474
456
414
442
456
516
556
564
634
638
666
700
672
668
634
636
650
652
654
658
694
668
706
674
694
738
704
672
708
698
740
748
770
752
818
862
858
854
824
826
808
812
754
762
812
796
754
712
718
704
702
704
720
752
758
726
660
664
662
650
700
670
692
684
708
720
714
710
702
712
652
654
652
680
728
726
746
780
774
758
752
770
778
764
760
792
808
786
792
790
782
782
746
736
744
750
768
730
740
730
766
748
740
740
724
734
732
762
798
784
786
808
838
828
818
816
810
834
832
830
816
814
808
828
804
820
824
880
864
858
838
828
814
816
780
772
818
822
862
876
868
878
882
892
892
866
882
878
886
878
882
860
880
864
850
826
852
878
882
900
882
870
872
876
878
862
860
830
874
874
870
846
856
846
800
788
828
840
860
868
854
860
870
892
882
878
868
866
832
806
806
800
800
812
836
800
824
852
844
878
854
874
862
880
892
842
832
824
820
818
814
824
852
856
840
868
886
870
882
892
876
882
886
874
894
904
876
846
842
848
816
818
826
834
858
874
852
804
812
788
804
784
754
776
694
770
744
706
672
666
698
710
732
764
756
742
776
772
764
784
804
778
816
830
788
768
774
768
794
808
852
820
830
850
828
824
810
792
784
788
802
836
868
890
894
872
874
866
838
822
826
794
784
760
760
762
734
726
686
704
692
696
710
676
678
666
688
680
654
640
640
662
690
732
726
728
774
792
734
740
784
800
786
776
812
844
830
840
828
792
864
856
830
866
890
858
838
826
816
826
834
786
760
742
748
738
748
752
796
808
782
782
832
808
806
788
804
784
774
786
776
778
724
780
744
756
720
742
732
748
746
760
760
780
762
776
812
846
826
796
762
754
714
700
650
598
572
566
568
594
616
592
624
626
626
612
664
704
682
664
674
662
606
596
610
568
568
642
588
648
662
692
676
726
734
754
750
758
776
820
834
828
832
818
794
796
834
836
830
864
836
838
844
820
876
872
876
856
864
874
852
862
882
864
848
858
884
846
822
800
808
796
762
796
788
726
728
756
698
710
732
768
794
768
790
772
758
784
782
800
780
802
780
806
772
734
748
744
750
720
686
706
684
706
722
732
798
808
788
806
850
816
826
800
796
806
806
814
830
820
788
768
796
778
784
800
796
812
802
794
778
814
800
808
760
762
764
734
780
726
732
760
746
752
734
772
768
764
758
732
770
776
726
768
784
806
824
824
830
860
802
778
748
758
788
742
768
722
706
706
734
762
738
716
766
706
684
660
614
604
678
686
690
654
644
688
740
758
776
790
790
778
760
780
754
800
758
734
748
720
684
662
688
720
728
740
738
714
714
724
758
786
766
752
752
764
794
744
738
706
706
736
696
726
746
718
694
648
622
658
672
678
716
686
722
756
758
732
770
754
738
718
748
776
760
776
752
750
758
744
720
754
770
774
780
776
820
850
838
770
816
792
798
798
816
788
784
758
764
798
786
826
838
820
798
810
814
854
830
876
868
822
830
854
852
876
894
898
868
848
876
900
890
924
912
892
864
850
852
822
792
798
836
794
810
812
800
802
810
798
802
762
728
702
734
798
768
768
772
782
790
790
790
788
738
788
800
772
770
802
794
800
770
778
782
780
760
772
786
780
760
744
768
776
796
752
754
742
762
756
752
782
772
786
762
754
706
698
646
654
658
676
696
728
678
646
616
638
632
638
650
650
626
598
610
604
580
572
558
590
586
586
580
578
584
602
660
682
738
732
730
726
750
804
814
786
768
800
796
798
836
842
854
834
802
770
792
796
792
782
758
770
758
718
730
702
690
682
670
680
734
778
808
792
790
790
798
750
746
762
716
732
712
656
612
654
694
674
708
632
646
642
672
646
650
612
668
728
730
706
698
714
688
690
738
748
760
754
778
806
788
786
782
774
734
768
800
816
836
846
834
798
776
742
714
690
704
730
746
762
718
724
732
732
738
776
796
772
810
834
812
800
792
790
782
780
786
774
742
760
802
800
826
804
778
772
734
706
656
652
670
692
700
724
724
712
714
738
718
744
802
828
848
812
796
802
762
722
710
656
656
654
658
628
628
584
560
572
550
526
498
514
516
564
622
608
636
630
630
622
596
590
588
608
572
584
612
618
576
568
574
592
580
632
642
638
648
648
662
662
676
680
668
692
696
712
724
720
728
732
692
656
632
590
580
620
626
638
646
598
588
558
582
550
506
464
414
510
436
440
426
400
372
350
310
344
342
374
348
306
256
274
242
222
212
170
210
206
204
188
108
106
94
122
80
44
20
12
2
34
26
64
70
40
20
46
82
126
124
130
120
126
108
198
188
144
152
150
128
112
120
132
140
70
50
50
10
16
22
18
42
32
30
4
26
8
8
2
4
6
36
10
38
130
168
190
206
178
222
220
244
272
310
296
298
326
276
318
362
388
346
356
348
