612
564
512
532
562
584
610
576
580
522
506
454
420
448
410
424
428
464
478
484
522
512
506
542
546
508
514
526
554
538
534
534
534
542
562
594
506
464
442
464
410
402
432
460
482
440
412
362
412
382
378
404
430
460
438
450
450
416
454
432
420
424
376
400
366
330
364
350
290
316
298
300
282
228
236
154
106
112
158
152
112
76
124
124
134
160
134
92
132
132
136
154
154
86
48
98
76
122
134
112
128
76
72
126
106
94
86
20
102
86
40
8
34
36
30
30
58
34
16
42
48
114
148
158
114
132
146
148
108
156
166
166
198
156
170
194
190
180
188
222
254
214
142
168
108
116
154
120
118
88
98
120
152
144
152
168
132
140
138
130
150
154
188
180
166
128
92
114
158
198
182
156
156
176
106
68
80
78
88
64
56
82
102
108
152
120
116
126
116
130
190
200
184
130
86
138
154
142
146
166
154
152
126
170
178
212
200
194
202
252
266
286
212
280
278
282
276
250
294
300
322
284
296
272
330
332
252
276
272
250
262
306
294
244
212
196
192
214
196
216
162
156
154
154
132
194
220
248
242
164
210
236
192
186
220
226
220
264
236
244
268
266
250
272
242
242
192
166
172
158
138
126
140
134
84
86
84
14
40
36
62
128
168
176
144
188
164
146
160
130
162
110
132
158
140
102
60
60
116
54
32
70
138
118
132
210
258
298
304
288
286
276
284
272
284
296
358
374
390
406
374
432
430
404
436
436
408
424
432
438
470
482
494
488
474
502
514
526
530
562
538
508
504
498
490
530
532
552
526
534
524
532
544
554
606
614
590
606
642
684
698
696
726
720
726
722
694
640
656
614
618
644
666
650
656
646
598
626
624
584
578
578
568
570
540
532
514
492
482
492
532
458
474
476
458
484
468
482
438
434
474
450
452
438
484
428
410
402
388
426
454
444
356
374
354
338
304
288
284
334
322
314
290
352
364
316
280
320
292
328
344
350
322
326
326
338
368
368
384
380
332
384
400
440
386
358
350
314
318
314
252
306
320
360
382
296
384
382
378
362
354
310
296
326
322
310
286
288
306
322
316
306
352
358
328
346
310
304
322
276
308
322
314
332
324
346
328
322
358
330
306
236
198
178
128
108
44
34
92
114
98
112
222
220
230
234
280
280
304
296
306
286
266
310
336
362
360
382
400
388
384
456
480
498
476
466
472
520
512
486
512
436
468
406
388
376
360
374
354
362
346
346
314
368
436
492
480
488
516
538
536
504
520
506
544
500
506
474
494
474
498
494
504
550
546
572
542
528
576
558
568
526
508
478
488
448
464
458
424
478
476
484
536
556
522
530
540
546
546
542
632
626
652
686
674
686
664
646
694
668
666
700
642
650
680
706
642
646
668
704
710
694
742
754
750
758
758
746
770
770
762
766
750
750
784
790
798
830
836
828
808
814
764
732
736
686
634
650
726
714
700
700
722
724
720
730
696
728
772
736
670
656
690
732
708
692
732
722
692
698
720
740
750
740
750
768
772
754
712
726
716
704
744
820
796
784
762
796
788
790
772
764
752
756
724
744
732
710
696
700
768
778
764
786
794
758
730
752
766
712
696
686
704
740
780
788
764
724
758
734
708
678
702
666
652
674
670
712
710
742
756
718
720
744
714
702
744
704
668
670
626
588
566
610
602
624
612
582
594
646
622
580
618
618
580
588
628
634
582
554
556
594
586
618
612
584
584
602
554
564
558
592
554
576
596
568
540
580
618
638
654
668
688
708
702
660
656
662
650
658
656
654
674
632
642
620
608
586
586
538
568
566
584
564
556
556
600
588
600
560
522
516
554
564
468
448
442
404
356
376
352
324
264
258
276
308
340
378
366
366
320
314
268
272
234
242
274
276
242
236
234
216
196
180
178
116
70
74
92
126
136
150
178
208
188
142
150
180
154
204
270
258
256
224
240
206
232
212
254
254
250
142
138
90
94
56
46
50
8
6
18
68
60
50
88
90
104
148
160
162
164
154
198
224
194
144
136
134
170
196
206
282
272
228
262
304
264
180
232
244
204
298
236
230
198
208
182
162
182
164
166
190
174
226
244
320
362
352
368
340
328
376
376
408
410
378
368
334
330
380
344
412
398
410
466
470
474
496
494
480
490
526
492
544
570
560
600
608
640
640
624
572
518
536
528
536
548
528
530
506
558
592
558
522
438
456
480
460
438
446
414
420
392
348
382
280
314
302
222
240
218
258
268
240
222
240
256
246
204
212
212
204
272
274
252
300
302
286
232
258
298
300
300
266
288
294
334
322
318
342
334
384
426
454
492
444
464
460
406
416
396
364
374
344
346
332
316
350
338
342
382
398
366
384
348
362
376
380
398
362
342
336
336
338
286
290
280
262
274
304
320
318
390
404
426
370
362
364
378
374
364
340
328
344
358
430
430
408
478
428
386
382
434
428
444
450
478
434
386
402
378
372
364
334
368
330
342
344
342
354
396
414
374
382
386
398
382
372
432
438
442
474
492
456
432
448
380
374
388
366
410
468
498
454
432
412
450
478
504
492
444
462
508
560
566
564
548
598
582
580
568
590
604
576
550
554
512
434
442
402
450
424
436
412
402
374
414
354
324
302
226
220
270
228
198
132
170
148
148
116
74
114
150
182
174
106
82
114
110
160
196
142
196
168
132
116
104
124
180
142
124
186
190
180
180
176
164
180
210
202
194
150
124
94
100
72
84
74
48
60
34
78
78
100
116
118
120
134
110
120
118
132
132
200
196
244
264
284
226
182
144
120
128
60
82
142
94
104
120
154
134
154
182
190
220
212
238
218
230
252
262
284
268
232
246
244
268
284
328
300
294
238
232
270
274
260
188
108
46
38
46
70
74
56
70
16
44
52
72
90
78
70
92
104
120
160
138
226
284
286
300
292
308
316
304
304
260
248
260
302
328
364
356
274
324
300
356
384
376
390
384
376
360
352
346
362
408
422
408
402
372
396
378
428
442
456
440
452
448
434
424
448
428
402
402
386
394
372
356
342
328
324
352
324
312
314
288
256
298
336
346
326
258
212
262
294
306
292
306
346
348
288
332
334
320
294
290
324
364
322
354
338
360
354
282
280
270
268
256
284
304
304
222
256
184
222
140
124
174
196
140
90
80
70
12
86
60
6
0
74
98
102
82
58
76
118
124
124
158
100
74
110
92
86
70
94
150
124
146
212
236
206
202
270
270
280
256
242
218
182
176
102
122
100
102
84
76
98
102
86
58
8
16
18
34
16
12
26
2
72
12
0
24
16
22
144
142
110
100
126
70
38
34
54
60
110
148
184
130
200
284
334
318
286
284
328
350
346
342
322
278
300
322
314
310
330
288
280
278
302
328
316
306
292
322
282
304
364
366
380
408
406
364
388
416
406
442
442
422
372
366
368
372
372
366
350
322
358
332
304
276
318
308
302
292
318
328
318
386
384
418
440
406
378
338
328
268
280
256
278
278
302
362
308
298
286
348
340
370
380
380
390
342
360
398
388
426
470
500
488
408
392
400
398
352
332
340
358
370
338
308
330
374
374
408
438
394
404
410
416
412
418
382
456
428
406
424
404
390
430
404
426
466
444
502
534
536
502
494
454
444
446
442
428
390
420
434
436
418
406
368
390
440
448
452
498
486
422
424
430
390
406
406
440
458
466
484
532
532
576
562
576
592
580
582
590
612
628
616
626
662
652
650
678
656
668
684
722
738
766
766
786
828
832
802
784
730
706
676
658
696
678
710
694
738
746
762
780
760
774
846
896
826
870
844
852
840
836
854
830
846
822
844
840
840
836
826
830
846
828
838
844
804
800
810
818
798
788
788
766
784
790
776
786
818
780
758
746
746
712
700
658
638
636
618
610
618
626
654
662
644
654
670
644
624
622
628
672
692
614
644
602
552
530
558
548
522
540
528
476
456
424
408
470
492
526
488
538
522
532
560
570
592
632
648
626
590
568
614
576
540
512
514
512
484
472
410
406
372
406
444
392
418
416
464
470
430
430
392
376
322
346
376
396
414
426
422
462
414
408
376
430
408
428
434
382
404
408
466
452
434
440
478
464
490
498
462
448
476
440
464
506
528
498
558
520
560
562
484
504
488
506
540
576
578
594
650
602
642
596
632
658
634
618
558
616
620
602
616
646
668
714
710
670
754
734
734
724
666
672
660
744
726
716
694
696
660
714
728
728
722
752
742
716
716
742
748
760
762
702
716
734
724
748
768
752
750
770
718
756
718
724
674
714
708
672
668
644
694
682
688
700
678
680
676
684
674
706
716
738
736
686
704
676
668
660
586
580
548
588
634
670
674
698
660
598
612
590
524
552
532
520
532
476
528
560
568
562
542
580
596
654
656
630
618
592
646
630
636
646
512
516
532
572
536
562
518
540
506
522
542
496
494
426
448
484
508
462
468
488
426
450
490
498
500
496
468
508
524
484
548
580
564
544
514
544
550
522
518
528
484
508
512
424
422
408
390
360
368
312
316
244
222
262
262
272
264
262
252
288
342
370
396
372
318
312
272
262
256
286
