198
226
202
124
150
132
106
118
154
176
166
134
120
116
106
180
188
176
150
188
196
230
256
272
304
254
294
318
276
278
310
298
298
308
292
346
342
340
348
352
384
404
436
476
532
484
474
448
458
434
434
440
426
430
412
430
436
464
488
516
506
530
546
594
614
566
578
592
646
682
688
662
710
712
696
698
694
718
700
700
730
720
690
672
670
698
644
656
692
716
664
654
678
618
592
598
626
652
650
642
624
640
644
654
640
612
634
576
552
562
540
536
538
532
532
450
482
488
500
474
506
516
558
536
518
526
466
454
490
542
516
500
530
520
534
566
606
612
642
596
584
576
576
554
590
548
518
518
528
562
514
524
560
554
548
508
486
512
564
614
600
536
496
538
488
508
558
606
558
560
566
586
578
576
566
580
574
598
610
644
684
676
682
680
726
722
764
780
722
762
754
732
676
676
670
694
690
714
730
770
824
818
842
846
824
772
780
774
718
696
682
718
740
718
666
662
680
668
670
700
708
706
696
704
720
722
760
758
734
748
760
730
762
718
720
684
676
690
704
658
692
702
704
704
682
728
676
702
714
724
694
712
772
792
726
704
708
704
694
672
680
680
696
700
644
596
560
558
522
508
504
526
548
592
606
644
650
628
640
634
664
694
728
748
758
722
756
766
754
710
710
690
684
700
712
726
732
728
780
780
782
786
830
840
862
860
818
810
838
836
864
870
870
830
862
812
820
828
800
788
782
852
838
826
738
788
806
780
788
768
756
748
740
758
808
830
804
814
806
798
810
814
816
810
756
728
726
700
708
668
684
750
732
734
752
766
728
742
742
686
678
624
592
600
646
640
678
628
638
648
610
622
576
596
604
640
666
668
682
710
696
658
666
654
610
598
620
596
642
656
648
628
600
612
592
590
618
616
596
598
538
554
546
536
510
534
568
556
596
612
662
664
706
720
710
672
638
634
626
644
676
696
702
724
678
688
732
736
722
728
694
682
700
686
644
630
556
576
592
578
526
522
546
566
546
552
508
508
560
512
508
536
542
520
532
494
526
520
526
502
472
478
418
452
440
446
430
434
426
466
440
414
418
430
432
354
394
424
418
408
422
416
448
430
430
396
338
316
330
322
354
342
312
330
330
340
392
406
420
420
442
464
428
434
418
402
412
384
404
400
402
410
388
368
388
364
348
330
340
370
368
388
350
332
310
328
340
352
384
398
386
400
358
404
458
452
426
454
446
442
434
430
436
494
458
438
396
396
404
408
406
410
430
408
448
484
456
420
366
390
354
364
380
368
342
310
278
326
368
334
328
284
296
308
334
348
350
380
406
410
430
454
458
464
420
402
376
416
420
420
444
446
456
498
488
488
448
442
418
360
342
300
302
312
282
274
278
312
278
230
238
278
274
280
280
284
274
274
278
294
266
248
186
144
112
102
130
78
36
72
76
62
122
158
186
172
180
144
140
68
88
92
122
166
208
196
184
208
170
184
220
230
222
252
276
280
278
250
272
356
336
410
406
496
490
530
538
566
586
624
646
634
640
672
672
684
708
676
710
694
688
660
662
680
602
594
558
602
610
662
660
692
702
692
664
636
620
612
602
616
584
586
586
590
552
564
580
576
636
608
676
682
678
664
698
694
698
670
700
712
664
704
728
752
728
676
658
652
676
704
714
730
746
754
792
786
758
760
800
806
802
816
732
770
732
710
672
698
728
714
734
730
712
726
680
680
726
752
758
734
710
766
780
808
828
828
876
864
858
856
826
820
832
840
848
880
868
806
826
842
846
816
784
792
766
782
794
762
786
802
796
798
826
798
796
806
756
740
780
798
764
778
756
742
730
762
762
774
752
750
716
716
784
764
776
778
750
762
730
756
778
814
834
830
840
808
748
744
778
804
764
768
776
798
816
802
802
828
836
822
822
856
846
830
834
800
802
760
740
758
792
786
762
768
752
714
714
706
704
734
734
700
710
732
714
726
746
738
750
744
770
762
720
718
764
746
712
774
794
820
828
836
806
744
726
714
734
738
708
724
698
738
754
744
748
798
774
768
804
842
810
764
790
782
792
800
806
840
858
886
882
862
838
848
844
824
810
834
892
906
892
872
886
884
860
842
828
816
836
826
836
844
864
844
862
816
808
840
822
818
814
804
776
752
732
766
736
766
732
724
720
706
714
754
738
736
778
778
814
802
812
802
772
764
786
762
784
784
812
820
808
764
752
762
778
778
748
720
692
694
702
698
696
662
664
670
700
668
680
618
644
588
652
652
658
714
732
746
782
754
728
712
726
700
690
664
686
724
702
706
720
728
698
696
698
680
672
714
700
706
784
764
764
786
794
808
800
810
790
760
792
788
780
722
748
774
784
776
766
758
738
698
712
708
710
696
710
696
668
684
694
664
702
710
714
740
712
646
632
642
630
630
648
678
658
706
750
796
802
804
792
798
752
758
788
798
814
766
744
740
740
760
752
764
796
804
738
816
826
844
798
796
836
802
766
792
782
798
842
844
830
814
814
790
798
788
748
744
720
692
646
648
624
622
634
658
666
724
700
700
666
676
698
680
712
730
708
684
642
648
652
640
652
674
636
610
584
556
620
670
694
672
668
688
708
674
726
744
792
768
822
848
860
840
894
880
872
878
858
814
828
840
828
784
768
784
770
784
776
758
804
784
778
768
764
784
758
754
794
824
820
794
828
816
836
796
766
744
710
748
810
764
752
760
792
786
798
794
808
796
802
766
778
766
744
748
726
714
700
704
684
746
756
754
718
706
670
676
688
720
712
688
664
668
672
640
628
588
590
616
628
678
686
684
626
646
624
594
600
580
558
502
492
512
530
592
606
630
648
658
586
624
590
642
646
636
698
700
698
704
730
710
670
644
630
642
644
646
656
706
704
726
702
668
680
702
694
710
692
684
666
666
696
624
608
598
624
630
586
608
560
554
590
608
580
608
614
612
644
576
632
638
636
642
658
662
654
698
670
690
690
672
692
718
692
742
736
730
736
714
704
712
764
754
740
752
780
790
772
774
768
758
792
768
786
800
800
780
756
756
748
742
788
750
706
754
720
726
734
758
750
806
792
806
812
798
818
790
828
828
822
822
824
826
822
798
804
802
776
758
742
706
700
730
730
744
758
758
728
750
746
748
714
758
746
722
732
722
724
716
696
706
712
740
750
750
752
742
734
732
766
726
680
720
712
702
714
716
734
734
740
752
754
734
706
666
650
662
672
660
640
648
678
680
656
658
654
644
688
680
708
700
616
644
686
646
672
704
710
700
694
656
670
684
666
688
676
682
694
716
702
692
706
724
698
716
690
708
728
722
728
690
672
668
690
690
738
724
762
742
778
730
720
716
674
700
706
738
774
754
750
696
678
712
722
694
764
814
814
792
792
772
792
754
750
720
770
726
722
726
760
796
798
802
766
708
666
696
730
710
742
798
804
806
770
776
768
758
750
746
768
764
772
776
806
780
778
810
810
822
796
812
798
840
840
824
832
818
834
856
814
820
822
812
814
796
816
828
784
794
784
754
778
768
780
794
782
764
802
790
824
856
806
852
826
848
804
816
798
852
862
844
866
840
876
864
880
898
844
870
894
866
856
850
842
854
828
848
860
876
898
884
862
836
850
770
792
772
790
818
800
712
694
710
628
586
580
574
586
584
588
588
604
626
652
634
652
694
710
714
710
658
648
674
666
632
640
684
620
632
636
598
608
598
630
580
592
584
618
614
586
602
590
602
616
652
638
646
650
696
656
688
710
746
766
748
768
774
802
758
768
768
788
788
774
780
786
832
824
820
828
864
890
868
862
850
836
870
884
858
834
824
808
798
782
780
786
780
744
786
804
792
794
808
822
846
826
814
838
814
774
774
752
714
778
796
792
750
760
798
774
810
812
818
828
826
802
818
850
854
868
842
806
808
786
826
794
824
860
838
856
832
828
876
868
844
828
790
770
772
782
752
748
730
740
714
692
738
796
818
816
792
794
782
770
768
768
752
766
832
830
848
798
806
802
830
824
814
788
780
764
752
748
768
754
766
824
808
830
828
860
870
862
824
766
764
756
784
752
734
724
740
728
744
714
670
644
608
696
716
738
720
650
586
618
618
620
600
626
674
662
742
740
758
714
766
754
730
710
694
740
714
698
700
698
684
740
686
648
668
702
674
686
692
690
680
672
660
650
632
612
604
588
546
564
542
618
650
652
640
640
644
676
710
688
672
744
712
680
678
748
768
756
768
800
798
814
776
780
742
716
746
760
728
692
702
700
740
772
832
826
798
816
812
766
778
830
838
850
828
860
830
804
810
790
774
768
778
768
748
754
754
776
796
814
812
814
816
808
850
852
854
860
830
794
796
812
832
864
820
806
802
730
722
684
674
666
730
746
670
672
658
696
690
702
744
766
780
768
750
740
758
740
748
788
794
800
814
822
806
752
730
690
752
768
752
758
762
746
766
782
838
808
798
804
786
750
706
696
766
788
788
810
848
834
850
848
866
842
826
826
830
832
814
780
698
692
662
668
648
664
694
694
714
720
720
722
762
736
734
