7228
7174
7272
7364
7296
7342
7406
7388
7296
7222
7284
7266
7248
7110
7130
7134
7120
7042
7088
7120
7172
7076
7154
7076
7062
7040
7160
7232
7244
7292
7376
7336
7354
7348
7330
7300
7390
7292
7236
7242
7310
7366
7342
7364
7350
7348
7320
7350
7334
7298
7258
7294
7340
7330
7444
7416
7456
7416
7436
7406
7376
7452
7472
7400
7526
7656
7584
7486
7428
7584
7532
7472
7424
7384
7408
7384
7370
7268
7272
7330
7342
7302
7276
7298
7302
7388
7416
7394
7390
7382
7422
7438
7416
7354
7310
7434
7424
7368
7454
7392
7434
7620
7576
7618
7626
7498
7558
7486
7544
7644
7592
7510
7442
7524
7480
7546
7604
7570
7458
7392
7416
7420
7440
7378
7426
7362
7400
7352
7338
7398
7450
7540
7510
7484
7478
7490
7380
7326
7210
7166
7106
7198
7106
7258
7268
7284
7366
7238
7258
7254
7354
7412
7402
7360
7278
7318
7356
7374
7222
7234
7308
7286
7164
7280
7352
7470
7546
7476
7428
7454
7578
7526
7326
7322
7336
7254
7256
7272
7148
7126
7230
7198
7108
7182
7146
7032
7032
6910
6860
6862
6832
6966
7004
6930
6922
6972
6840
6854
6784
6884
6966
6932
7068
6980
6976
7022
6966
7108
7194
7282
7230
7272
7334
7344
7258
7252
7292
7202
7320
7336
7340
7318
7416
7360
7394
7392
7396
7248
7274
7240
7250
7388
7350
7266
7244
7208
7134
7184
7156
7172
7096
7222
7258
7186
7110
7162
7280
7262
7276
7272
7230
7300
7396
7270
7298
7214
7082
7086
7066
7056
7068
7108
7220
7070
7070
7144
7140
7294
7268
7258
7248
7314
7208
7160
7076
6910
6944
7042
7070
7038
7164
7204
7212
7160
7136
7060
7070
7060
6940
7114
7124
7184
7126
7080
7058
7072
7110
7068
7074
7128
7106
7138
7260
7180
7194
7212
7236
7210
7156
7060
7024
7118
7160
7172
7260
7332
7360
7396
7402
7458
7532
7576
7418
7360
7256
7066
7102
7170
7218
7278
7258
7284
7260
7274
7262
7346
7284
7172
7206
7256
7284
7288
7312
7262
7272
7234
7248
7218
7274
7390
7266
7216
7252
7194
7110
7142
7042
7044
7022
7012
6992
6998
7008
7024
7164
7060
7184
7224
7206
7212
7278
7250
7248
7318
7332
7234
7326
7386
7340
7284
7324
7458
7498
7536
7558
7566
7624
7558
7648
7546
7522
7536
7424
7416
7314
7322
7408
7366
7246
7224
7296
7376
7438
7410
7380
7352
7344
7368
7276
7240
7288
7308
7350
7366
7436
7386
7330
7374
7430
7448
7438
7414
7428
7332
7278
7338
7426
7452
7442
7450
7374
7368
7280
7326
7180
7296
7286
7330
7380
7332
7358
7442
7480
7426
7322
7372
7346
7268
7220
7274
7362
7372
7266
7386
7394
7376
7226
7264
7256
7260
7182
7260
7168
7268
7152
7270
7268
7230
7168
7212
7306
7256
7362
7252
7246
7328
7384
7354
7288
7216
7324
7378
7418
7426
7434
7532
7482
7460
7378
7436
7386
7396
7366
7466
7458
7402
7366
7418
7430
7444
7408
7220
7318
7228
7140
7286
7346
7328
7350
7340
7372
7218
7292
7216
7068
7014
6946
7048
7068
7034
7074
6996
7114
7202
7114
7070
6980
6894
6988
6886
6918
6930
6980
6942
7072
7236
7144
7062
6994
6992
7006
6936
7062
7082
7034
7018
7058
7218
7170
7052
7136
7176
7240
7272
7364
7416
7448
7400
7302
7366
7302
7306
7266
7264
7164
7302
7366
7336
7298
7290
7296
7348
7370
7490
7426
7394
7390
7352
7272
7334
7208
7216
7152
7014
6988
7074
7104
7088
7006
7026
7222
7162
7120
7086
7180
7246
7280
7298
7338
7264
7254
7278
7222
7206
7238
7100
7150
7146
7260
7256
7262
7350
7356
7266
7266
7344
7394
7492
7458
7416
7426
7688
7588
7658
7630
7642
7636
7624
7490
7584
7624
7628
7662
7634
7714
7684
7670
7612
7656
7698
7650
7516
7364
7344
7366
7330
7284
7384
7334
7354
7420
7446
7402
7324
7272
7316
7180
7136
7226
7212
7186
7216
7272
7210
7240
7144
7164
7144
7160
7128
7038
6980
7050
7134
7216
7120
7102
7046
6988
6900
7008
7080
7154
7216
7198
7096
7106
7022
7186
7230
7104
7136
7114
7126
7032
6948
6996
7010
6828
6768
6694
6846
6882
6880
6894
6902
7000
7130
7090
7164
7104
7246
7270
7192
7238
7290
7200
7280
7316
7236
7266
7232
7250
7336
7274
7318
7212
7248
7286
7326
7400
7374
7280
7348
7208
7158
7118
7076
7068
6994
7076
7032
6972
7042
7166
7242
7232
7266
7208
7356
7388
7536
7494
7392
7440
7410
7274
7364
7234
7190
7264
7278
7302
7294
7244
7190
7172
7094
7056
7070
7054
6978
7016
6904
6854
6986
7024
7052
7038
7018
6966
6934
6808
6856
6950
6994
6956
6936
7074
6932
6942
7078
7094
7134
7094
7034
6860
6894
6994
7016
7010
7048
6952
7006
6884
6902
6852
6908
6970
7042
7028
7104
7166
7146
7112
7156
7036
6934
6832
6818
6942
6898
6970
7030
7098
7038
7032
7028
6952
7038
7064
6970
7056
7020
7040
7156
7206
7258
7352
7380
7394
7416
7406
7358
7350
7326
7152
7166
7252
7204
7118
7228
7284
7254
7270
7168
7194
7106
7120
6920
6872
7104
7112
7154
7092
7134
7178
7294
7178
7218
7174
7240
7258
7298
7268
7260
7156
7240
7236
7276
7238
7248
7272
7232
7336
7318
7330
7342
7402
7314
7368
7306
7402
7416
7500
7520
7522
7484
7456
7516
7496
7528
7540
7490
7370
7460
7416
7422
7378
7320
7386
7366
7436
7372
7386
7474
7460
7472
7530
7476
7504
7474
7464
7410
7510
7482
7452
7376
7364
7272
7312
7180
7208
7178
7134
7164
7190
7238
7390
7356
7408
7404
7494
7448
7514
7376
7332
7382
7364
7342
7270
7270
7362
7384
7398
7530
7538
7448
7414
7394
7294
7262
7176
7272
7348
7344
7302
7306
7350
7368
7400
7252
7224
7298
7264
7274
7254
7160
7166
7180
7110
7070
7220
7078
7140
7052
7100
7112
7118
7030
6968
6868
6908
6866
7090
7104
7186
7308
7286
7320
7322
7426
7348
7346
7238
7224
7306
7308
7358
7274
7344
7298
7308
7370
7356
7390
7424
7392
7370
7348
7242
7356
7310
7242
7358
7298
7322
7290
7230
7312
7238
7340
7230
7176
7202
7228
7288
7244
7152
7246
7282
7346
7328
7256
7206
7114
7120
7124
7216
7250
7142
7254
7278
7198
7254
7264
7394
7316
7314
7448
7494
7418
7424
7322
7274
7382
7408
7388
7472
7490
7520
7496
7362
7414
7394
7314
7300
7276
7304
7274
7258
7194
7164
7236
7148
7176
7204
7144
7088
7160
7120
7098
7072
7216
7162
7084
7130
7058
7092
7092
7108
7092
7136
7182
7188
7178
7168
7130
7048
7080
7028
6958
7084
7002
6882
7024
7050
7204
7166
7162
7082
7172
7150
7240
7178
7054
7070
7104
7162
7072
7152
7202
7176
7070
7112
7196
7230
7140
7160
7262
7210
7250
7220
7192
7154
7162
7176
7232
7226
7134
7176
7188
7206
7202
7104
7130
7224
7182
7400
7332
7438
7292
7252
7280
7222
7318
7242
7204
7266
7218
7294
7190
7396
7486
7462
7404
7348
7342
7404
7408
7372
7524
7466
7432
7480
7512
7418
7306
7358
7338
7420
7306
7238
7230
7298
7304
7496
7488
7646
7614
7620
7682
7572
7504
7436
7476
7584
7514
7416
7396
7310
7478
7374
7432
7338
7364
7428
7410
7272
7258
7326
7402
7416
7420
7430
7462
7534
7508
7508
7454
7452
7454
7360
7328
7368
7250
7250
7202
7142
7170
7224
7246
7222
7156
7220
7150
7246
7276
7296
7250
7128
7232
7268
7298
7306
7314
7366
7392
7426
7316
7356
7320
7268
7240
7430
7486
7370
7256
7308
7326
7346
7344
7366
7304
7400
7486
7424
7300
7224
7280
7308
7324
7356
7330
7166
7256
7352
7456
7536
7536
7644
7634
7758
7674
7698
7616
7574
7470
7446
7454
7502
7476
7402
7440
7498
7290
7460
7414
7570
7472
7496
7380
7398
7412
7494
7618
7694
7708
7714
7726
7700
7498
7550
7506
7506
7516
7418
7342
7258
7266
7266
7316
7332
7264
7290
7254
7262
7288
7288
7286
7298
7340
7352
7334
7330
7370
7340
7344
7328
7272
7218
7324
7318
7366
7322
7338
7496
7524
7526
7518
7516
7414
7354
7280
7236
7316
7344
7298
7274
7278
7416
7412
7344
7402
7264
7214
7050
7052
7080
7062
7072
6962
6986
7026
6936
6920
6912
6842
6904
6790
6886
6856
6892
6876
6868
6882
6928
7010
6976
7086
6966
7030
7024
7094
7038
6954
7064
6980
6990
6970
6884
6946
7054
7034
7082
6950
6968
7008
6996
7064
7002
7032
6842
6916
6856
6840
6826
6842
6828
6904
6978
7000
6928
6942
6984
7014
7228
7108
7236
7206
7150
6994
7004
6966
6932
7010
7046
7014
6920
6920
6970
6810
6820
6974
6890
6838
6976
7054
6908
6986
6952
7050
7016
7178
7166
7166
7150
7204
7340
7274
7144
7022
7038
7060
7084
7004
6888
6960
7004
6880
6914
6904
6970
7060
7120
7024
7122
7198
7148
7100
7222
7242
7246
7214
7144
7136
7120
7118
7050
7096
7072
7166
7058
7106
7104
7102
7138
7238
7250
7314
7364
7430
7398
7408
7374
7262
7198
7258
7170
7280
7298
7328
7356
7298
7366
7296
7294
7234
7226
7332
7204
7242
7172
7128
7186
7200
7186
7172
7254
7196
7240
7260
7234
7216
7294
7262
7332
7398
7378
7480
7360
7432
7438
7382
7312
7424
7426
7362
7346
7418
7466
7368
7368
7392
7382
7404
7410
7464
7522
7500
7538
7436
7470
7448
7336
7372
7178
7358
7396
7300
7350
7348
7378
7450
7370
7360
7408
7492
7464
7458
7476
7494
7402
7378
7544
7576
7604
7534
7526
7412
7414
7420
7354
7360
7338
7280
7284
7192
7044
7066
7122
7046
7004
6910
6936
7014
6950
7016
7022
7072
7270
7192
7272
7282
7260
7162
7198
7064
7070
7066
7144
7148
7078
7126
7128
7176
7106
7020
6966
6954
7028
7160
7076
7072
7056
6938
7026
7092
7044
7092
7164
7244
7196
7200
7174
7130
7186
7198
7244
7340
7288
7238
7204
7222
7108
7198
6990
7100
7138
7088
7030
7036
7034
6976
7024
7108
7128
7104
7202
7186
7078
7242
7166
7238
7282
7368
7272
7256
7150
7170
7236
7268
7256
7236
7258
7252
7250
7212
7106
7026
6906
6926
7058
7140
7008
6992
7112
7028
7050
6954
6744
6746
6790
6764
6784
6912
6848
6814
6802
6746
6672
6764
6742
6716
6626
6604
6652
6488
6516
6670
6866
6874
6930
6970
6986
6892
6976
6956
6906
6986
6998
7060
7084
7092
7214
7222
7212
7190
7196
7214
7166
7176
7236
7166
7136
6958
6988
6982
6978
6834
6706
6824
6776
6934
6882
6884
6974
6880
6852
6830
6808
6892
7006
7048
7066
7050
7086
7176
7248
7252
7220
7068
7134
7088
7086
7118
7114
7194
7134
7036
7218
7074
7072
7084
7058
6932
7022
6982
6988
7014
7066
7216
7120
7078
7078
7010
6964
6912
6960
6914
7036
7158
7212
7140
7202
7156
7176
7182
7172
7242
7148
7062
7118
7032
7120
7102
7150
7050
6976
6960
7046
7114
7254
7316
7304
7186
7152
7144
7196
7226
7092
7182
7146
7074
7134
7178
7088
7076
7094
7076
7062
7032
7052
7094
7234
7160
7094
7076
7088
6970
6944
7014
7032
7078
7050
7086
7104
7114
7152
7112
7054
6996
6948
6952
6958
6956
6946
7046
7074
7020
7064
6994
7120
7168
7228
7258
7354
7314
7282
7272
7392
7414
7436
7466
7406
7440
7488
7374
7310
7456
7546
7594
7506
7376
7332
7356
7316
7198
7322
7340
7340
7278
7188
7260
7244
7170
7102
7206
7196
7336
7376
7382
7354
7278
7260
7432
7308
7272
7308
7280
7166
7042
7140
7122
7160
7206
7256
7254
7276
7286
7376
7472
7434
7396
7392
7302
7220
7280
7250
7172
7216
7200
7154
7210
7114
7162
7190
7074
7084
7128
7166
7154
7154
7160
7232
7224
7260
7202
7146
7170
7242
7294
7246
7346
7314
7312
7370
7352
7338
7356
7352
7384
7408
7418
7446
7352
7294
7338
7258
7236
7266
7302
7184
7058
7056
7222
7252
7198
7072
7158
