7072
7064
7132
7134
7114
7114
6946
6910
6944
6912
6916
6962
6894
6970
6994
7048
7098
7038
7058
7028
6986
7008
7020
7088
7144
7216
7116
7242
7264
7242
7324
7300
7374
7278
7312
7296
7236
7310
7344
7368
7222
7162
7166
7310
7456
7458
7296
7310
7274
7334
7274
7206
7204
7116
7072
7066
7082
7092
7248
7190
7256
7160
7130
7130
7256
7242
7290
7222
7246
7204
7282
7314
7322
7380
7440
7476
7426
7474
7450
7472
7356
7452
7580
7492
7402
7418
7400
7334
7240
7214
7226
7250
7320
7342
7322
7388
7374
7330
7304
7360
7334
7244
7154
7180
7166
7234
7264
7298
7314
7294
7412
7424
7324
7442
7508
7430
7328
7382
7344
7436
7378
7390
7504
7538
7544
7468
7388
7398
7484
7448
7440
7430
7448
7562
7588
7554
7588
7688
7664
7584
7570
7568
7572
7404
7396
7384
7376
7268
7338
7372
7356
7368
7400
7470
7454
7406
7488
7654
7644
7682
7712
7686
7596
7620
7552
7660
7570
7584
7426
7420
7294
7356
7402
7604
7590
7682
7692
7676
7622
7610
7728
7696
7714
7592
7598
7712
7670
7716
7672
7750
7730
7628
7586
7656
7728
7676
7638
7562
7542
7480
7598
7604
7716
7702
7684
7658
7750
7710
7698
7696
7740
7772
7742
7822
7894
7810
7708
7714
7612
7532
7526
7440
7466
7530
7548
7540
7460
7550
7548
7506
7536
7476
7506
7528
7418
7424
7538
7494
7490
7494
7586
7618
7534
7534
7540
7564
7468
7516
7576
7540
7564
7524
7546
7656
7596
7744
7728
7664
7664
7626
7600
7666
7622
7662
7712
7698
7464
7550
7474
7420
7406
7472
7592
7566
7732
7614
7608
7704
7712
7658
7672
7692
7650
7680
7696
7700
7564
7648
7698
7672
7648
7588
7648
7696
7580
7478
7510
7576
7594
7682
7710
7694
7764
7608
7738
7754
7778
7750
7672
7702
7636
7728
7698
7652
7580
7502
7524
7542
7432
7436
7340
7276
7426
7448
7356
7376
7340
7446
7332
7300
7346
7406
7410
7482
7414
7532
7502
7410
7410
7486
7480
7338
7392
7310
7344
7462
7498
7478
7426
7422
7528
7462
7572
7488
7516
7480
7556
7544
7556
7504
7514
7600
7688
7678
7592
7668
7680
7608
7684
7636
7528
7516
7462
7426
7496
7610
7572
7620
7518
7420
7510
7632
7674
7560
7642
7576
7650
7596
7598
7632
7670
7512
7480
7422
7516
7474
7438
7434
7376
7484
7542
7572
7482
7470
7458
7420
7470
7444
7472
7450
7458
7498
7578
7578
7514
7466
7488
7478
7450
7364
7258
7156
7224
7322
7196
7358
7282
7208
7146
7084
6998
7000
6954
6954
7092
7180
7198
7280
7234
7304
7258
7302
7356
7496
7552
7576
7428
7570
7584
7554
7522
7438
7228
7222
7188
7266
7296
7374
7394
7520
7426
7422
7376
7424
7452
7404
7320
7330
7340
7292
7304
7328
7372
7502
7466
7498
7274
7274
7266
7338
7398
7396
7426
7424
7390
7388
7324
7308
7346
7258
7406
7442
7456
7442
7374
7418
7358
7342
7344
7272
7354
7412
7456
7386
7462
7402
7382
7316
7228
7228
7228
7198
7306
7276
7294
7228
7346
7484
7474
7452
7378
7258
7240
7250
7228
7150
7060
7034
7098
7040
7188
7232
7300
7292
7224
7210
7182
7116
7034
7018
6962
6950
6938
6922
6864
6914
6976
7110
7064
7084
7016
7044
6922
6986
7002
7106
7210
7252
7348
7236
7220
7214
7124
7132
7028
7028
7122
7174
7132
7210
7112
7012
7014
7072
7116
7116
7114
7048
7026
7122
7124
7126
7028
7028
6928
6962
6938
6892
6954
6918
6910
6924
6882
6852
6904
6828
6838
7014
6984
6900
6926
6930
6948
7020
7018
7008
6966
7016
7036
6948
6930
6872
6884
6910
6926
6978
6814
6886
6882
6956
7018
7032
7044
7096
7070
7094
7170
7178
7094
7078
7170
7174
7164
7102
7048
7260
7270
7306
7330
7382
7480
7468
7468
7512
7478
7528
7632
7700
7618
7530
7482
7512
7534
7624
7666
7670
7638
7670
7608
7642
7696
7600
7650
7538
7584
7602
7592
7518
7408
7466
7436
7454
7298
7200
7180
7164
7152
7172
7052
7080
7178
7114
7122
7130
7152
7218
7290
7300
7214
7324
7342
7412
7416
7388
7336
7418
7418
7442
7446
7460
7474
7492
7470
7494
7568
7530
7486
7474
7458
7538
7458
7436
7510
7408
7544
7498
7428
7274
7352
7398
7408
7402
7374
7318
7280
7310
7362
7252
7280
7252
7206
7248
7168
7180
7098
7122
7176
7176
7222
7372
7360
7480
7414
7414
7332
7402
7464
7432
7380
7344
7468
7448
7476
7404
7452
7500
7602
7634
7724
7608
7440
7404
7470
7584
7632
7636
7656
7666
7594
7636
7564
7434
7422
7348
7236
7214
7224
7232
7178
7130
7174
7122
7116
7144
7170
7098
7152
7108
7072
7136
7236
7390
7436
7316
7294
7352
7446
7486
7412
7434
7418
7326
7354
7330
7276
7244
7176
7154
7238
7324
7258
7300
7206
7218
7150
7232
7156
7138
7270
7260
7298
7320
7298
7228
7184
7246
7188
7208
7276
7394
7374
7346
7384
7198
7228
7348
7478
7642
7652
7726
7644
7752
7766
7730
7676
7732
7622
7574
7374
7474
7550
7524
7474
7520
7506
7482
7592
7518
7510
7578
7590
7632
7538
7592
7598
7556
7564
7496
7548
7528
7440
7402
7484
7372
7478
7466
7472
7420
7488
7556
7504
7552
7506
7472
7464
7518
7478
7358
7452
7490
7536
7506
7604
7490
7532
7584
7538
7468
7420
7410
7494
7526
7508
7504
7558
7632
7576
7644
7542
7502
7592
7564
7706
7664
7530
7582
7510
7412
7434
7432
7518
7528
7536
7504
7434
7414
7406
7436
7556
7566
7602
7674
7676
7528
7446
7382
7364
7378
7394
7338
7400
7414
7348
7402
7372
7456
7466
7458
7512
7460
7492
7442
7472
7422
7410
7522
7446
7482
7530
7650
7632
7616
7636
7662
7590
7628
7572
7576
7688
7708
7642
7530
7544
7566
7590
7696
7648
7658
7618
7596
7648
7718
7772
7686
7804
7750
7706
7620
7560
7566
7682
7604
7600
7702
7754
7686
7714
7660
7744
7702
7554
7586
7532
7606
7504
7650
7578
7632
7584
7578
7732
7674
7660
7656
7602
7658
7608
7602
7628
7604
7672
7646
7650
7596
7584
7606
7600
7596
7464
7536
7494
7500
7502
7514
7480
7414
7318
7326
7316
7288
7412
7460
7470
7380
7350
7526
7560
7552
7592
7592
7508
7540
7644
7644
7582
7612
7644
7610
7572
7640
7514
7654
7612
7626
7666
7692
7584
7554
7494
7524
7514
7396
7346
7338
7328
7310
7358
7336
7410
7508
7430
7430
7492
7466
7584
7492
7350
7360
7414
7436
7498
7362
7426
7448
7426
7452
7408
7408
7546
7570
7578
7524
7568
7530
7520
7540
7474
7490
7542
7536
7554
7474
7488
7452
7468
7510
7486
7374
7446
7478
7598
7666
7658
7570
7620
7612
7584
7594
7596
7580
7406
7464
7568
7584
7620
7688
7600
7564
7552
7604
7632
7634
7704
7664
7738
7700
7666
7574
7606
7682
7666
7554
7560
7674
7628
7604
7598
7560
7718
7694
7802
7646
7656
7748
7846
7830
7782
7738
7664
7586
7664
7588
7652
7700
7636
7768
7762
7726
7776
7848
7788
7812
7894
7916
7896
7794
7744
7712
7662
7634
7700
7604
7728
7690
7630
7616
7556
7452
7502
7364
7328
7294
7284
7358
7304
7158
7154
7158
7152
7056
7154
7112
7158
7250
7276
7184
7146
7088
7076
7156
7232
7218
7254
7248
7324
7378
7438
7396
7504
7386
7316
7296
7338
7310
7414
7336
7338
7186
7108
7140
7022
6990
7092
7130
6988
7012
6964
7038
7014
6922
6988
7004
6994
6968
6896
7000
7038
6998
7104
7038
6914
6874
6934
6922
6896
6844
6798
6870
6856
6804
6654
6800
6864
6792
6792
6730
6836
6818
6744
6748
6762
6672
6758
6714
6604
6668
6598
6530
6672
6624
6568
6388
6364
6268
6288
6354
6288
6256
6356
6300
6364
6350
6456
6356
6298
6254
6178
6162
6320
6378
6456
6420
6346
6470
6488
6534
6518
6468
6452
6564
6474
6470
6452
6444
6530
6530
6448
6358
6304
6242
6352
6414
6454
6512
6596
6636
6586
6556
6562
6580
6700
6812
6788
6874
6902
6908
6962
6894
6870
7010
7146
7182
7154
7150
7176
7208
7234
7206
7160
7190
7246
7166
7086
7106
7174
7202
7192
7154
7196
7192
7120
7086
7148
7082
7070
7068
7064
7030
6994
6992
6938
6980
7016
6982
6964
7056
7096
7222
7078
7144
7136
7218
7336
7366
7346
7290
7340
7260
7170
7168
7180
7168
7108
7038
7104
7042
7148
7240
7106
7114
7010
7024
7012
6984
7016
7096
7144
6992
6954
7006
6958
7008
7104
7150
7236
7222
7268
7080
7172
7178
7170
7172
7344
7384
7300
7318
7278
7278
7332
7376
7424
7386
7368
7452
7480
7448
7404
7416
7550
7500
7514
7658
7612
7668
7696
7754
7724
7812
7658
7576
7614
7688
7680
7688
7656
7694
7726
7790
7638
7588
7676
7642
7584
7598
7604
7536
7628
7634
7656
7552
7408
7406
7484
7410
7486
7516
7496
7624
7610
7700
7688
7628
7572
7626
7590
7536
7602
7648
7698
7806
7838
7660
7660
7644
7622
7838
7776
7732
7810
7746
7730
7612
7688
7700
7700
7638
7724
7718
7704
7686
7726
7736
7738
7700
7778
7682
7666
7676
7766
7648
7654
7604
7506
7490
7468
7386
7364
7266
7232
7232
7274
7202
7186
7128
7124
7150
7100
7062
6986
7080
7050
7022
6952
7030
7052
6998
7128
7210
7146
7068
7164
7224
7204
7290
7290
7244
7338
7242
7270
7276
7302
7210
7234
7208
7200
7290
7342
7292
7406
7548
7536
7582
7640
7610
7636
7576
7682
7602
7610
7598
7594
7520
7546
7648
7542
7550
7574
7644
7726
7726
7726
7698
7768
7780
7790
7760
7772
7724
7698
7624
7558
7516
7462
7352
7462
7530
7574
7528
7376
7472
7490
7718
7696
7556
7506
7562
7562
7706
7636
7490
7520
7512
7514
7418
7610
7432
7436
7496
7478
7480
7376
7330
7360
7464
7404
7438
7452
7474
7492
7518
7474
7498
7392
7450
7492
7426
7496
7514
7522
7560
7582
7552
7608
7764
7728
7708
7786
7590
7626
7708
7618
7630
7634
7628
7542
7448
7442
7466
7476
7584
7548
7636
7686
7568
7608
7658
7528
7634
7662
7636
7546
7552
7518
7424
7376
7352
7332
7372
7260
7402
7450
7652
7584
7552
7518
7490
7394
7366
7288
7282
7280
7330
7386
7342
7310
7410
7368
7436
7430
7506
7498
7478
7336
7274
7342
7396
7390
7366
7482
7494
7604
7524
7614
7610
7498
7516
7454
7382
7606
7526
7536
7622
7636
7560
7560
7532
7532
7586
7586
7590
7530
7462
7438
7558
7500
7542
7558
7502
7470
7480
7512
7592
7600
7554
7492
7460
7466
7396
7382
7364
7262
7094
7014
7144
7194
7186
7252
7298
7376
7316
7238
7232
7204
7148
7152
7064
7002
6940
6910
6816
6828
6854
6888
6934
6906
6934
6952
6958
7008
7016
6996
6994
6948
6984
6968
7002
7020
7052
7212
7174
7238
7200
7138
7254
7286
7306
7316
7316
7354
7244
7166
7212
7042
7076
6976
7110
7226
7200
7088
7150
7228
7272
7372
7128
7058
7100
7196
7190
7286
7292
7264
7256
7302
7264
7242
7252
7316
7318
7410
7484
7496
7412
7420
7336
7316
7274
7284
7252
7310
7352
7344
7364
7456
7490
7454
7446
7470
7428
7400
7408
7446
7542
7536
7442
7598
7648
7704
7742
7590
7486
7504
7478
7418
7390
7380
7370
7488
7474
7456
7450
7354
7416
7388
7376
7370
7330
7294
7272
7290
7386
7376
7334
7292
7302
7368
7464
7504
7486
7526
7444
7412
7424
7386
7306
7286
7204
7268
7318
7286
7244
7168
7152
7176
7080
7114
7154
7130
7238
7224
7328
7278
7318
7280
7314
7306
7196
7230
7270
7268
7240
7194
7256
7120
7172
7244
7254
7310
7370
7422
7406
7288
7326
7296
7240
7322
7224
7222
7156
7140
7204
7366
7480
7494
7478
7492
7402
7346
7286
7262
7360
7348
7388
7364
7474
7348
7394
7488
7488
7598
7612
7542
7674
7618
7614
7720
7718
7768
7624
7728
7784
7742
7602
7476
7600
7586
7604
7524
7434
7530
7418
