2194
2226
2206
2210
2248
2268
2256
2252
2290
2360
2310
2334
2346
2306
2264
2254
2164
2174
2246
2234
2228
2192
2216
2114
2152
2172
2308
2306
2388
2448
2390
2320
2412
2350
2312
2324
2284
2390
2426
2448
2518
2572
2592
2596
2586
2576
2580
2598
2616
2672
2590
2598
2572
2592
2666
2542
2552
2616
2624
2724
2752
2776
2712
2686
2652
2618
2562
2538
2484
2466
2396
2296
2306
2392
2410
2468
2546
2466
2414
2514
2688
2698
2714
2684
2650
2612
2568
2612
2614
2614
2496
2544
2532
2590
2594
2618
2546
2496
2470
2410
2390
2460
2356
2346
2342
2436
2348
2286
2330
2296
2378
2356
2358
2308
2338
2352
2364
2346
2328
2302
2236
2214
2188
2222
2346
2332
2328
2352
2428
2356
2380
2350
2356
2354
2408
2458
2464
2430
2488
2574
2536
2458
2400
2396
2396
2472
2660
2624
2682
2676
2718
2714
2748
2800
2778
2836
2848
2770
2704
2782
2816
2816
2818
2802
2834
2798
2840
2872
2852
2868
2786
2750
2728
2742
2668
2638
2618
2620
2580
2526
2510
2466
2562
2586
2572
2592
2640
2704
2702
2726
2698
2704
2686
2744
2814
2784
2814
2784
2832
2864
2954
2840
2812
2896
2860
2804
2818
2854
2886
2892
2778
2740
2736
2786
2792
2880
2870
2904
2762
2738
2688
2596
2648
2586
2606
2494
2458
2414
2484
2394
2426
2428
2398
2356
2344
2290
2244
2352
2414
2322
2344
2386
2406
2464
2422
2424
2496
2494
2522
2556
2590
2496
2632
2530
2536
2460
2490
2468
2474
2456
2484
2486
2392
2384
2476
2528
2512
2596
2520
2522
2508
2486
2508
2518
2538
2544
2596
2508
2436
2472
2514
2484
2450
2348
2392
2366
2434
2440
2488
2448
2416
2372
2484
2464
2470
2396
2370
2428
2478
2556
2520
2588
2442
2418
2410
2350
2264
2228
2334
2376
2406
2286
2328
2366
2320
2338
2248
2242
2194
2218
2198
2144
2130
2100
2094
2030
1970
1868
1986
2054
2114
2034
2152
2130
2136
2036
2096
2126
2148
2072
2014
2002
1994
2042
1998
2040
2008
2058
2132
2184
2208
2110
2144
2222
2248
2354
2250
2272
2256
2260
2260
2188
2184
2164
2096
2088
2100
2066
2102
2118
2164
2136
2112
2164
2252
2236
2240
2242
2218
2250
2162
2154
2176
2260
2190
2148
2136
2128
2090
2086
2048
2082
2074
2128
2032
1916
2038
2040
1912
1968
1916
1966
2028
2134
2088
2126
2122
2252
2240
2194
2176
2184
2224
2146
2154
2240
2108
2098
2062
2012
2008
2064
2000
1970
1958
1854
1850
1856
1756
1686
1674
1554
1610
1630
1710
1788
1908
1928
1842
1878
1828
1890
1882
1908
1878
1920
1894
1886
1784
1826
1762
1782
1708
1760
1734
1628
1556
1674
1666
1694
1690
1770
1660
1636
1622
1686
1674
1700
1652
1632
1548
1594
1686
1694
1682
1626
1728
1788
1832
1810
1748
1746
1856
1952
1896
1848
1862
1834
1814
1742
1794
1738
1770
1786
1736
1732
1684
1706
1760
1696
1710
1744
1724
1774
1844
1812
1804
1960
1980
1984
1934
1872
1804
1858
1816
1772
1820
1812
1912
1804
1750
1770
1812
1772
1740
1822
1890
1856
1860
1862
1910
1820
1882
1836
1858
1900
1916
1884
1792
1802
1918
1952
1986
2046
2146
2104
2104
1990
2070
2134
2146
2094
2186
2194
2178
2198
2230
2230
2208
2152
2178
2138
2096
2104
2020
2084
2032
2030
1994
1952
1970
1872
1806
1776
1770
1820
1804
1832
1830
1922
2014
2200
2256
2272
2330
2274
2280
2352
2478
2442
2438
2458
2442
2456
2428
2370
2360
2224
2260
2272
2280
2324
2286
2318
2296
2244
2262
2202
2154
2192
2202
2190
2162
2116
2148
2166
2172
2122
2148
2242
2158
2312
2344
2296
2308
2302
2354
2392
2378
2374
2396
2426
2496
2418
2400
2314
2376
2392
2354
2328
2268
2358
2376
2394
2406
2462
2420
2314
2182
2178
2160
2174
2184
2198
2252
2214
2204
2238
2212
2076
2094
2144
2272
2224
2196
2208
2204
2366
2396
2386
2420
2472
2454
2468
2398
2418
2446
2394
2416
2416
2532
2510
2504
2500
2470
2402
2478
2466
2436
2420
2388
2390
2410
2310
2376
2274
2272
2310
2248
2266
2272
2256
2272
2254
2210
2258
2160
2194
2204
2088
2142
2070
2000
1936
1866
1846
1926
1922
1820
1772
1860
1888
1950
1888
1910
1872
1840
1940
1912
1874
1860
1908
1830
1784
1832
1864
1906
1942
1896
2022
1940
1960
2066
2178
2166
2210
2102
2130
2080
2052
2026
2014
2008
2000
1998
1960
1952
1936
1894
1820
1904
1902
1912
2022
1932
1808
1854
1904
1886
1838
1848
1854
1938
1888
1812
1778
1778
1644
1596
1500
1506
1534
1540
1570
1696
1680
1642
1598
1640
1688
1616
1646
1592
1638
1618
1732
1804
1748
1786
1766
1748
1650
1714
1728
1690
1774
1772
1746
1758
1680
1774
1806
1894
1830
1816
1960
1998
1960
1986
1918
1942
1918
1978
2028
2108
2132
2140
2164
2132
2142
2194
2126
2148
2236
2292
2310
2360
2316
2194
2192
2080
2046
2008
1998
2082
2128
2108
2130
2128
2020
2060
2092
2138
2204
2220
2246
2242
2198
2236
2300
2310
2352
2380
2370
2342
2386
2416
2468
2472
2498
2558
2466
2422
2340
2336
2268
2328
2416
2340
2256
2358
2408
2296
2276
2292
2238
2226
2146
2264
2302
2212
2290
2270
2200
2132
2092
2092
2132
2218
2246
2112
2106
2168
2138
2080
2076
1992
2150
2088
2088
2208
2208
2250
2248
2150
2088
2054
2064
2058
2078
2048
2068
2190
2214
2202
2214
2048
2002
2060
2098
2178
2236
2296
2308
2378
2430
2428
2388
2452
2444
2466
2524
2540
2508
2564
2548
2476
2532
2556
2548
2558
2580
2554
2494
2564
2546
2512
2446
2458
2428
2478
2580
2600
2704
2692
2568
2590
2578
2610
2636
2576
2592
2586
2666
2576
2486
2586
2498
2520
2616
2594
2626
2712
2660
2614
2532
2580
2582
2686
2736
2758
2832
2914
2850
2798
2822
2778
2816
2816
2782
2718
2738
2736
2736
2718
2792
2780
2866
2740
2722
2722
2630
2608
2576
2636
2616
2580
2558
2572
2630
2562
2444
2442
2390
2446
2422
2492
2432
2416
2482
2430
2462
2422
2442
2392
2410
2444
2474
2478
2524
2464
2380
2330
2334
2342
2458
2340
2316
2342
2282
2344
2358
2432
2378
2358
2412
2416
2402
2354
2462
2376
2444
2396
2518
2486
2464
2526
2568
2494
2454
2502
2518
2494
2384
2422
2352
2352
2366
2320
2350
2362
2478
2420
2472
2472
2490
2538
2570
2464
2412
2396
2342
2250
2184
2112
2078
2066
2014
2028
2116
2026
2042
2040
2052
2110
2130
2150
2152
2120
2088
2022
1994
2042
2024
2030
2018
2102
2016
2050
2246
2320
2390
2338
2324
2276
2272
2372
2440
2416
2396
2374
2428
2366
2402
2422
2398
2410
2364
2432
2408
2352
2350
2320
2324
2286
2308
2238
2260
2274
2314
2274
2284
2280
2290
2354
2242
2202
2200
2108
2064
2034
2036
2060
2002
1964
1900
1920
1994
2104
2038
2078
2134
2044
2116
2014
1996
2038
1958
2080
2014
2130
2186
1990
2038
2062
2110
2094
2066
2120
2094
2104
2058
2112
2048
2102
2134
2178
2202
2208
2220
2256
2166
2214
2302
2304
2238
2258
2184
2104
2156
2126
2204
2300
2352
2338
2336
2276
2168
2222
2186
2172
2210
2310
2334
2364
2358
2262
2276
2166
2112
2122
2122
2192
2184
2196
2256
2222
2262
2262
2244
2304
2352
2342
2374
2298
2340
2362
2342
2330
2240
2296
2234
2218
2262
2254
2212
2210
2200
2136
2098
2122
2138
2138
2128
2092
2002
2032
2078
2100
2200
2194
2236
2346
2258
2418
2436
2494
2398
2462
2468
2418
2468
2386
2372
2438
2442
2480
2426
2438
2548
2638
2638
2536
2576
2532
2448
2422
2436
2432
2366
2398
2428
2394
2244
2274
2344
2300
2244
2184
2214
2232
2262
2306
2174
2206
2190
2138
2114
2176
2198
2224
2234
2172
2226
2150
2012
2020
1996
2084
2154
2196
2128
2004
1936
1966
1920
1966
1986
1994
2028
2040
2120
2190
2210
2212
2216
2156
2178
2208
2144
2184
2142
2206
2304
2332
2332
2342
2458
2552
2476
2408
2400
2272
2302
2244
2342
2456
2450
2478
2402
2402
2360
2422
2498
2486
2448
2412
2438
2522
2506
2432
2372
2442
2428
2466
2484
2456
2450
2418
2380
2488
2480
2502
2520
2452
2484
2500
2462
2558
2574
2520
2512
2612
2620
2638
2636
2590
2562
2460
2526
2490
2476
2532
2474
2512
2586
2550
2506
2588
2646
2770
2730
2706
2656
2724
2642
2670
2674
2662
2692
2692
2732
2776
2812
2894
2918
2868
2828
2848
2822
2852
2998
2996
3052
3078
3004
3002
2936
2868
2946
3008
2992
2922
2906
2850
2768
2792
2786
2826
2872
2956
2922
2938
2936
2860
2856
2900
2978
2996
3000
2902
2846
2902
2852
2908
2914
3004
2996
2952
2982
2954
2958
2956
2946
2966
2944
2840
2844
2828
2844
2876
2942
2926
2868
2864
2906
2904
2942
2930
2962
2924
2922
2888
2898
2868
2928
2930
2906
2940
2864
2856
2868
2812
2882
2822
2762
2810
2792
2760
2786
2654
2626
2690
2668
2786
2738
2660
2700
2732
2736
2722
2760
2776
2744
2728
2728
2692
2724
2796
2864
2834
2694
2730
2694
2664
2658
2562
2604
2580
2558
2588
2504
2502
2508
2504
2502
2402
2370
2262
2208
2292
2288
2238
2282
2388
2350
2336
2290
2294
2360
2392
2360
2350
2394
2400
2330
2346
2430
2448
2500
2532
2430
2400
2460
2438
2384
2376
2406
2406
2530
2568
2522
2452
2502
2556
2560
2504
2526
2518
2440
2478
2510
2424
2462
2460
2468
2384
2284
2220
2268
2278
2352
2282
2344
2470
2496
2470
2456
2466
2394
2440
2484
2534
2530
2566
2552
2540
2492
2492
2468
2406
2466
2454
2430
2494
2454
2426
2528
2508
2574
2554
2538
2492
2554
2544
2596
2622
2588
2690
2750
2640
2502
2518
2620
2716
2648
2712
2720
2772
2846
2840
2832
2780
2748
2724
2820
2790
2796
2740
2726
2714
2692
2734
2734
2730
2734
2648
2586
2562
2630
2714
2792
2718
2816
2846
2796
2720
2670
2634
2634
2590
2672
2638
2552
2550
2616
2588
2604
2586
2532
2590
2628
2660
2720
2676
2626
2586
2562
2474
2476
2496
2480
2392
2352
2374
2366
2354
2320
2300
2340
2400
2364
2456
2376
2382
2442
2476
2506
2548
2602
2502
2598
2622
2594
2636
2604
2668
2762
2774
2836
2808
2820
2862
2880
2930
2952
2972
2898
2896
2958
3022
3020
2882
2732
2772
2698
2700
2698
2650
2730
2712
2670
2696
2570
2562
2520
2458
2390
2352
2288
2418
2502
2536
2504
2490
2524
2470
2436
2464
2504
2424
2410
2316
2320
2380
2422
2374
2528
2590
2534
2522
2460
2438
2410
2462
2354
2284
2288
2264
2242
2290
2200
2240
2136
2212
2098
2126
2064
2112
2200
2222
2144
2078
2048
1992
1882
1866
1946
1828
1762
1744
1720
1682
1650
1616
1602
1700
1742
1772
1764
1774
1808
1764
1762
1748
1708
1704
1762
1736
1682
1622
1638
1544
1600
1548
1590
1558
1528
1654
1616
1546
1594
1580
1626
1636
1654
1606
1628
1678
1594
1560
1560
1494
1594
1558
1632
1692
1702
1612
1640
1638
1692
1636
1592
1650
1714
1808
1712
1784
1924
1890
1916
1896
1828
1826
1888
1928
1896
1864
1820
1742
1672
1728
1800
1800
1764
1782
1722
1704
1696
1678
1726
1716
1824
1912
1808
1790
1772
1748
1738
1718
1744
1658
1654
1640
1672
1714
1604
1510
1454
1564
1600
1630
1638
1636
1672
1736
1754
1764
1778
1752
1726
1770
1670
1716
1738
1796
1810
1756
1762
1720
1702
1708
1634
1618
1596
1538
1568
1554
1572
1556
1614
1662
1712
1744
1712
1688
1660
1648
1626
1636
1626
1636
1644
1560
1576
1630
1656
1576
1634
1688
1680
1728
1644
1676
1784
1880
1808
1832
1912
1920
1880
1838
1912
1806
1894
1962
1984
2028
1976
1976
1992
1968
1936
1906
1794
1876
1904
1878
1962
