106
158
150
180
108
72
162
204
252
282
362
362
336
248
212
264
236
164
116
276
254
354
378
324
318
322
352
366
506
514
472
480
436
364
312
306
260
210
276
202
96
42
114
4
16
32
16
70
22
100
66
42
52
80
114
180
156
110
150
82
2
20
10
8
62
70
164
152
154
170
82
102
10
6
4
134
306
292
294
318
376
366
344
292
342
238
246
274
380
240
288
256
358
408
492
502
550
456
446
464
534
494
464
500
552
488
496
466
468
450
490
430
418
398
388
362
420
454
470
450
478
454
544
584
474
460
524
560
572
650
710
710
720
792
802
756
802
866
828
754
740
702
736
714
694
622
614
524
508
518
404
394
398
352
402
508
566
622
698
596
586
496
586
626
686
648
622
678
704
754
690
728
784
798
748
720
810
650
718
740
716
734
674
696
640
628
684
730
780
716
722
660
772
758
708
558
446
346
368
342
332
530
620
602
632
642
656
592
530
534
572
572
514
482
544
602
650
642
578
550
580
558
586
510
496
504
520
530
558
556
610
680
702
706
650
664
738
842
868
868
788
780
758
698
744
758
768
784
730
784
708
702
648
652
658
684
478
470
310
418
376
340
336
374
382
480
482
522
580
714
726
734
794
866
966
1016
966
944
948
1022
1032
1056
1072
1002
960
926
1036
1008
1034
1078
1018
940
1084
1052
1060
1068
1014
970
988
994
1026
984
958
906
932
944
968
888
1044
1010
1068
1004
1046
1096
1132
1102
1152
1216
1192
1080
1078
1160
1090
1058
1058
1110
1190
1168
1116
1194
1248
1240
1200
1202
1072
1008
1084
1104
1106
1060
974
1008
1088
1068
1066
1132
1046
1082
1050
1012
980
956
840
910
846
790
814
728
696
828
892
780
868
880
862
916
968
942
1012
992
990
1022
962
1010
1002
1056
1100
1042
996
994
874
838
842
860
812
876
800
880
982
888
790
886
894
924
910
856
882
852
830
742
668
672
650
692
712
678
716
686
744
742
758
736
650
624
624
584
552
660
572
458
350
386
376
370
358
340
356
304
324
300
300
282
240
224
260
234
184
178
84
168
198
220
190
288
196
134
210
112
156
84
46
126
46
22
142
166
100
144
242
298
190
178
194
284
308
314
318
370
474
436
452
462
464
518
590
538
552
518
394
366
418
428
392
382
524
430
470
418
420
472
512
498
558
562
492
400
426
456
408
368
310
290
324
394
506
582
652
684
764
820
850
746
812
900
900
946
910
860
860
892
938
922
972
894
852
824
816
854
834
834
810
798
770
770
774
726
732
822
780
752
806
776
798
828
882
762
786
758
692
754
888
870
828
846
774
816
870
814
866
784
810
860
950
972
1014
954
960
884
952
884
818
648
648
732
730
736
792
798
820
842
842
778
830
860
838
824
824
808
744
774
694
726
760
808
788
756
696
578
684
696
800
774
678
676
676
590
584
564
432
398
282
320
200
218
186
262
354
344
424
466
480
428
356
260
106
94
136
160
162
166
136
168
262
226
258
322
270
312
378
362
330
268
192
292
332
364
322
288
368
380
416
416
420
338
316
206
280
230
250
374
388
392
324
314
334
386
402
366
444
408
440
474
512
454
430
416
494
552
564
528
528
446
418
406
380
248
306
350
384
276
268
206
350
350
412
290
314
292
342
322
230
340
316
298
302
354
404
412
440
432
496
404
400
344
286
390
382
396
406
380
304
446
364
414
446
460
398
418
418
374
392
540
636
662
632
610
656
628
620
590
682
780
766
862
860
790
836
854
816
778
662
732
814
836
840
872
834
854
856
860
832
896
920
914
1020
950
776
936
1034
1118
1058
1014
1020
1028
1094
1234
1234
1212
1036
1096
1078
1160
1102
1188
1200
1316
1376
1396
1368
1412
1362
1350
1358
1348
1262
1146
1060
1040
918
888
940
802
726
772
716
652
590
578
530
480
558
552
498
648
652
642
604
598
548
506
556
646
646
760
720
706
702
724
688
686
648
546
536
650
614
614
668
714
720
716
618
532
540
532
494
494
432
316
302
314
264
238
290
214
198
244
356
334
238
262
292
264
260
268
310
358
310
314
336
396
444
496
592
638
658
578
616
586
552
500
476
476
520
502
426
564
538
518
464
520
388
390
322
450
512
364
382
400
482
464
384
342
282
356
360
376
368
430
364
330
300
326
420
484
518
528
680
636
648
684
806
808
874
788
832
824
772
890
844
778
798
844
926
956
934
970
924
876
896
872
778
754
748
768
614
560
574
446
484
424
504
570
564
568
604
592
554
582
424
440
470
428
310
362
370
364
356
330
368
314
368
372
300
252
264
208
148
152
150
168
188
172
58
116
206
258
332
324
438
432
390
342
396
470
428
492
536
540
512
510
524
466
484
488
460
498
616
534
586
638
624
680
722
758
748
734
778
732
698
594
648
618
644
618
614
618
512
520
648
580
670
650
500
566
528
548
414
318
316
348
362
312
356
364
370
420
398
410
414
512
472
528
498
442
446
486
348
264
314
384
292
182
176
96
96
84
82
50
88
168
154
38
102
102
114
166
184
242
230
162
230
164
26
238
286
312
306
466
524
586
560
514
482
554
624
646
688
668
636
648
692
620
638
700
738
764
772
666
646
682
752
702
732
802
782
840
834
878
902
954
958
1034
1030
1022
984
1036
1118
1204
1180
1120
1212
1220
1228
1242
1268
1402
1336
1260
1182
1234
1146
1216
1174
1158
1160
1186
1244
1346
1254
1274
1332
1314
1276
1424
1408
1350
1330
1374
1328
1286
1336
1352
1324
1308
1274
1190
1152
1152
1252
1208
1168
1110
1018
1072
1060
1072
1022
988
986
962
900
896
968
1052
972
1002
982
918
896
918
918
786
778
760
786
600
568
538
540
606
512
496
552
456
386
370
376
412
328
324
324
384
446
440
432
524
590
650
548
480
386
276
238
210
200
194
150
132
72
74
58
42
104
112
246
280
300
198
112
150
116
88
56
8
10
60
20
14
52
8
46
52
10
50
42
14
106
68
172
222
178
120
38
6
10
16
10
144
122
24
22
88
74
70
136
264
260
240
118
226
234
270
380
470
510
614
646
678
620
632
666
656
642
588
636
592
546
592
764
740
752
688
674
676
764
910
848
736
786
746
716
692
720
692
852
850
824
856
934
998
972
868
856
870
892
830
850
864
838
842
788
716
688
754
800
774
888
936
866
832
812
884
886
830
822
858
796
816
836
810
824
810
912
942
968
1008
978
958
996
920
962
906
1018
1002
992
956
898
838
922
1002
958
942
956
1018
1038
932
974
982
936
914
888
892
862
816
682
746
832
752
844
896
904
1044
938
1012
976
1004
980
1066
1100
1092
1014
940
928
932
994
1038
1150
1026
950
930
940
980
1040
1042
1074
1076
1010
988
1020
1158
1216
1200
1196
1154
1096
926
970
990
998
966
888
906
948
1040
1088
1070
1080
1078
1018
952
988
1052
1052
964
980
932
880
864
894
874
802
706
740
714
784
810
932
914
934
972
912
922
898
980
1000
1034
944
880
916
898
902
900
914
796
822
888
818
826
838
904
800
806
888
860
888
886
914
880
882
870
916
960
926
988
1018
970
978
980
988
928
980
1018
870
890
902
854
814
772
742
716
706
658
862
912
808
708
748
826
882
862
914
930
1040
1018
1078
1072
1068
1080
1062
970
1058
1146
1112
1206
1168
1060
1018
1170
1254
1248
1182
1158
1136
1220
1136
1078
1142
1230
1296
1260
1152
1212
1248
1206
1226
1272
1314
1282
1346
1292
1274
1318
1420
1434
1384
1316
1322
1246
1198
1168
1104
1052
990
920
942
948
902
850
904
870
934
946
900
880
980
952
1060
992
1018
996
890
844
782
886
878
892
896
962
924
1064
1068
1016
1056
1018
1016
1000
1000
1022
970
972
852
804
748
620
528
626
674
666
688
628
614
700
772
780
832
788
782
682
610
638
602
682
648
636
664
690
784
770
784
784
816
854
866
792
844
780
908
974
876
946
866
972
1018
962
1068
1058
1004
1150
1068
1020
946
1058
1200
1142
1158
1200
1192
1120
1152
1222
1324
1244
1304
1264
1270
1144
1130
1164
1178
1156
1330
1384
1404
1442
1500
1484
1406
1470
1486
1442
1454
1500
1512
1408
1316
1358
1388
1368
1364
1332
1374
1286
1266
1182
1102
1132
1194
1176
1060
934
1032
1056
994
890
952
978
988
1066
1200
1170
1132
1038
986
1014
998
1014
990
950
976
990
1080
1158
1134
1150
1196
1314
1198
1214
1240
1234
1178
1234
1264
1306
1408
1318
1330
1392
1366
1354
1368
1346
1334
1386
1454
1524
1544
1574
1536
1514
1420
1374
1276
1242
1336
1284
1292
1258
1268
1220
1206
1094
1108
1250
1230
1330
1292
1346
1378
1324
1252
1304
1310
1270
1400
1392
1324
1258
1226
1278
1260
1284
1224
1118
1220
1136
1104
1242
1294
1266
1250
1290
1284
1364
1440
1512
1524
1472
1396
1384
1290
1312
1370
1442
1460
1418
1358
1400
1368
1372
1406
1426
1512
1468
1378
1398
1398
1396
1324
1380
1330
1290
1336
1284
1264
1258
1316
1232
1200
1156
1104
1102
1016
1074
1172
1182
1100
1114
1118
1224
1274
1240
1178
1214
1182
1246
1280
1224
1212
1156
1144
1100
1044
1114
1068
1110
1040
1066
1218
1054
1000
926
994
1026
1028
1044
1068
1094
1098
1134
1196
1282
1244
1264
1298
1330
1350
1326
1246
1228
1202
1342
1270
1226
1188
1156
1066
1104
1028
1104
988
968
1006
1056
1038
1056
1040
996
1032
1066
954
864
934
1004
954
1132
1064
1058
1068
1118
1152
1124
1114
1126
1174
1250
1216
1244
1182
1214
1346
1300
1364
1304
1292
1276
1342
1304
1360
1304
1216
1240
1192
1156
1152
1140
1210
1242
1242
1218
1324
1308
1386
1462
1510
1538
1592
1572
1630
1624
1688
1668
1684
1714
1668
1672
1750
1834
1834
1816
1668
1724
1580
1630
1562
1542
1394
1288
1266
1286
1274
1272
1268
1236
1226
1174
1250
1290
1364
1362
1316
1364
1384
1334
1282
1272
1288
1288
1270
1270
