1058
1150
1198
1100
1020
1154
1176
1224
1184
1218
1414
1532
1566
1548
1570
1620
1580
1500
1414
1326
1370
1298
1156
1232
1388
1292
1216
1220
1328
1540
1498
1466
1502
1334
1316
1120
1328
1334
1470
1432
1276
1226
1248
1314
1232
1340
1116
1182
1240
1352
1456
1540
1618
1556
1516
1602
1866
1792
1954
1834
1792
1902
1990
1990
2172
2064
2110
2356
2370
2428
2340
2336
2430
2440
2322
2446
2426
2544
2506
2410
2436
2474
2502
2472
2456
2432
2428
2398
2412
2590
2724
2806
2728
2656
2584
2602
2740
2710
2680
2520
2486
2574
2684
2820
2874
2816
2900
2770
2650
2494
2498
2474
2672
2446
2336
2272
2188
2260
2334
2356
2404
2396
2380
2268
2380
2356
2350
2428
2374
2256
2256
2134
2188
2090
2272
2264
2360
2314
2362
2452
2630
2606
2584
2348
2430
2518
2498
2478
2386
2452
2360
2280
2346
2388
2460
2466
2492
2452
2352
2256
2318
2338
2506
2552
2398
2420
2254
2114
1990
2040
2060
2184
2142
2216
2400
2378
2232
2174
2204
2244
2156
2142
2298
2340
2202
2342
2362
2104
2290
2132
2142
2022
1966
1890
1988
1922
1832
1704
1856
1798
1684
1728
1728
1748
1794
1772
1742
1812
1880
1754
1744
1782
1818
1872
1796
1828
1962
1884
1910
1792
1742
1864
1894
1940
1938
1776
1844
1776
1702
1558
1562
1422
1552
1622
1602
1622
1472
1408
1452
1460
1362
1484
1506
1568
1554
1610
1576
1660
1642
1624
1618
1592
1716
1826
1826
1708
1798
1850
1814
1848
1816
1716
1758
1804
1848
1808
1708
1774
1696
1738
1646
1678
1532
1432
1524
1504
1516
1430
1356
1302
1446
1516
1598
1656
1666
1800
1876
1832
1690
1698
1854
1818
1820
1784
1630
1674
1812
1714
1732
1656
1630
1602
1572
1608
1656
1830
1774
1742
1812
1746
1824
1840
1776
1900
1994
2106
2126
2150
2106
2060
2062
2022
1978
1928
1914
1864
1906
1930
1912
1764
1858
1994
2086
2134
2252
2250
2214
2234
2316
2392
2362
2408
2392
2498
2560
2496
2516
2512
2496
2352
2246
2362
2390
2536
2402
2496
2534
2450
2524
2350
2434
2506
2458
2450
2396
2560
2440
2380
2402
2558
2790
2678
2780
2638
2584
2464
2562
2630
2602
2582
2740
2716
2690
2724
2696
2646
2578
2592
2662
2724
2576
2628
2724
2604
2514
2514
2488
2350
2450
2478
2576
2700
2870
2888
2812
2724
2656
2750
2824
2816
2844
2756
2848
2680
2700
2544
2428
2304
2312
2372
2506
2510
2522
2546
2590
2704
2860
2906
2834
2884
2986
3012
3084
3010
2894
2780
2810
2976
3124
3276
3270
3170
3226
3390
3080
3098
3040
3014
2938
3048
3064
3214
3200
3124
3002
2936
2956
2864
3026
2782
2776
2890
2838
2826
2914
2934
2866
2786
2808
2838
2824
2800
2608
2642
2516
2662
2816
2930
2920
2896
2826
2998
2884
2908
2864
2998
2808
2880
2930
2894
2926
2864
2962
2924
3010
2970
2876
2878
2976
2982
2864
2748
2786
2782
2856
2654
2604
2596
2582
2742
2718
2648
2692
2738
2780
2722
2624
2550
2656
2646
2722
2670
2698
2634
2630
2644
2440
2514
2456
2610
2608
2530
2676
2618
2782
2762
2850
2780
2700
2700
2582
2552
2446
2556
2536
2608
2648
2756
2620
2450
2426
2544
2588
2574
2622
2514
2534
2520
2488
2390
2374
2500
2350
2422
2516
2672
2628
2600
2614
2646
2684
2686
2662
2654
2748
2788
2714
2722
2678
2634
2702
2632
2468
2498
2444
2566
2538
2506
2540
2592
2606
2572
2700
2826
2604
2674
2594
2512
2522
2526
2546
2644
2484
2356
2316
2334
2372
2268
2346
2408
2386
2444
2322
2416
2412
2340
2154
2156
2032
2046
1894
2040
1956
1846
1724
1738
1838
1668
1736
1738
1762
1804
1824
1670
1696
1558
1718
1858
1832
1726
1784
1862
2058
1838
1794
1754
1718
1916
1946
2058
2066
2048
1938
1894
1918
1876
1826
1792
1892
1976
1974
1958
1962
1864
2022
1986
2118
2084
2054
2116
2240
2092
1986
1938
1964
1838
1824
1620
1516
1356
1356
1360
1510
1522
1452
1452
1380
1358
1072
1114
1108
1060
1164
1122
1008
1144
1150
1082
854
814
936
1020
1042
872
672
776
802
914
782
760
708
702
844
970
988
844
744
806
994
1026
1170
1096
1138
1010
1148
1272
1324
1424
1446
1572
1606
1554
1634
1710
1624
1494
1446
1514
1392
1512
1588
1532
1770
1872
1732
1636
1800
1722
1742
1846
1756
1910
1780
1814
1858
1866
1814
1706
1846
1772
1890
1912
1744
1662
1638
1468
1400
1448
1536
1610
1748
1766
1654
1646
1612
1554
1552
1388
1362
1314
1434
1368
1542
1528
1584
1406
1264
1286
1330
1340
1200
1058
1016
998
1084
1190
1198
1234
1258
1240
1348
1296
1350
1288
1260
1134
1160
1058
1160
1170
994
1110
994
990
1172
1076
1072
1064
1260
1266
1314
1374
1392
1410
1420
1304
1280
1294
1296
1306
1292
1322
1380
1382
1506
1400
1484
1424
1372
1318
1328
1248
1428
1444
1584
1510
1454
1574
1534
1424
1524
1472
1558
1438
1322
1300
1210
1226
970
1016
1078
1036
984
1008
1228
1264
1334
1560
1738
1698
1446
1574
1616
1436
1458
1690
1680
1584
1562
1488
1398
1460
1526
1454
1564
1398
1212
988
942
920
896
1012
992
976
960
1066
978
920
902
966
916
966
1082
1190
1214
1178
994
1024
1144
1214
1048
1042
908
896
768
738
544
676
634
526
606
498
386
658
600
640
602
646
646
614
696
798
936
836
892
940
894
940
980
948
868
798
828
888
974
982
1062
1038
924
768
720
864
1068
860
956
912
1018
958
914
952
970
1096
1066
1042
1124
1154
1168
1262
1370
1386
1422
1378
1462
1452
1454
1550
1626
1758
1794
1774
1434
1468
1442
1432
1572
1582
1462
1308
1150
1232
1314
1294
1312
1266
1170
1126
1136
1062
876
724
702
800
970
1042
1074
1116
1064
1020
1002
872
734
862
936
1128
1148
1162
942
902
828
810
816
798
764
780
902
810
748
728
572
484
404
588
486
394
360
506
550
634
654
782
864
794
932
974
924
730
804
780
752
724
700
794
664
704
660
930
802
940
832
816
878
1144
1240
1216
1064
1068
1376
1514
1640
1672
1654
1584
1498
1492
1602
1598
1548
1494
1332
1272
1312
1246
1074
998
946
920
1008
1078
978
912
852
720
630
534
528
512
722
788
834
720
612
592
702
774
798
752
738
720
586
664
470
396
386
412
452
478
414
328
258
196
132
94
202
120
64
14
32
34
8
52
42
54
36
60
30
50
108
224
274
374
362
374
346
478
482
466
274
286
394
470
456
112
66
90
82
70
100
148
244
390
454
404
400
302
188
176
114
172
334
444
462
466
380
242
264
246
274
218
122
0
114
46
40
28
32
138
234
150
104
162
292
396
352
330
332
418
224
108
30
78
172
250
212
178
102
48
8
40
210
170
10
18
48
140
188
256
298
240
270
292
372
458
562
604
466
316
186
130
16
52
38
2
18
62
160
270
280
284
290
316
222
112
60
102
92
284
166
180
184
126
100
324
254
310
312
192
280
370
424
328
352
436
482
618
784
860
850
734
598
654
736
800
730
718
644
670
616
504
612
756
668
752
754
606
718
644
696
678
674
844
976
1092
1046
888
902
834
760
678
726
752
718
668
760
734
652
476
454
448
662
724
760
874
872
792
670
706
772
876
806
760
912
946
904
924
966
968
988
948
972
992
940
918
948
982
982
1020
1106
1212
1400
1258
1146
1190
1114
1104
1262
1226
1120
1242
1248
1104
1170
1058
1260
1160
1132
1192
1126
1082
978
902
776
864
854
860
800
788
814
732
852
832
1006
1008
1052
1194
1254
1224
1210
1338
1170
1244
1122
1202
1284
1344
1308
1480
1456
1514
1678
1702
1760
1860
1878
1760
1740
1736
1640
1688
1600
1516
1384
1372
1496
1446
1302
1404
1522
1634
1688
1612
1588
1826
1782
1836
1856
1814
1742
1872
1774
1620
1746
1718
1620
1688
1616
1680
1684
1642
1524
1626
1654
1780
1768
1812
1762
1790
1746
1792
1692
1590
1564
1538
1644
1486
1570
1586
1770
1664
1756
1680
1654
1830
1854
1744
1576
1448
1562
1534
1418
1404
1292
1148
1114
952
886
912
834
940
886
844
744
690
742
678
578
562
484
438
406
534
616
718
708
722
758
608
576
644
530
514
510
472
384
492
592
550
552
600
572
520
690
802
926
746
710
652
694
730
674
624
466
412
300
302
280
218
158
194
46
40
118
60
184
76
64
190
118
174
198
206
382
516
570
444
464
476
536
582
562
562
642
626
562
604
686
674
830
894
788
762
814
878
888
978
916
820
724
348
306
244
414
414
376
288
224
366
340
200
88
74
182
124
76
70
56
82
148
150
116
14
40
14
86
36
40
2
238
260
334
304
364
424
522
480
486
574
574
542
628
494
406
352
364
484
392
426
394
192
214
144
106
154
80
124
150
258
218
274
322
226
244
170
174
244
172
260
338
318
182
196
142
224
288
368
450
364
326
274
454
542
470
450
382
358
398
360
330
364
320
250
356
448
530
574
622
714
574
402
406
334
314
444
338
298
258
278
356
314
406
226
62
214
432
392
290
298
352
364
220
286
260
152
46
44
2
100
92
54
10
120
98
52
118
74
94
48
26
6
74
156
114
154
168
226
158
122
216
248
366
332
380
482
394
488
364
490
432
538
412
582
530
468
566
378
442
486
396
522
634
588
630
650
734
662
586
536
540
584
788
824
830
604
566
678
620
650
704
614
630
718
674
866
898
884
762
774
840
760
632
658
626
682
840
684
776
732
724
630
610
538
568
506
456
556
402
340
496
334
310
306
372
306
472
512
582
526
650
768
792
716
572
534
616
634
556
656
592
606
632
638
540
540
428
570
424
408
376
384
442
348
298
228
220
184
270
318
370
402
320
336
514
614
576
468
442
426
574
462
608
516
660
660
684
778
1012
970
978
1034
1048
898
990
1140
1226
1138
1022
984
1032
1200
1140
1116
1086
1120
1030
990
926
990
908
856
976
938
1010
818
736
652
804
810
780
1012
856
858
956
930
974
1070
1116
1032
1010
1000
1126
1256
1346
1366
1440
1618
1452
1404
1370
1348
1312
1326
1296
1390
1368
1452
1342
1386
1396
1204
1274
1222
1072
1134
1168
1218
1172
1272
1284
1344
1274
1258
1318
1252
1128
962
976
900
944
938
1034
1094
980
858
766
848
956
1004
1000
1044
1020
1088
1200
1190
1118
1060
936
958
828
770
702
822
866
860
860
842
702
910
910
1010
792
1030
1000
1010
1026
996
1026
916
974
1286
1346
1448
1464
1600
1478
1376
1440
1490
1564
1602
1594
1682
1482
1618
1630
1590
1462
1422
1402
1488
1402
1398
1386
1288
1170
1156
1072
1100
1186
1084
1124
1150
1008
1002
1024
1018
1094
1106
998
1176
1046
970
