1238
1002
924
880
824
1038
970
920
852
886
1032
1138
1270
1226
1264
1160
1082
1106
1042
974
924
934
668
606
582
558
482
642
686
740
738
598
534
616
512
372
262
420
400
458
500
596
424
352
234
182
58
242
154
188
48
92
170
230
220
284
306
294
366
482
476
356
312
248
406
358
426
566
832
692
618
606
670
696
804
966
876
886
784
942
1110
1052
1028
1102
1042
876
708
654
732
702
756
792
664
748
766
628
818
816
796
780
634
664
642
466
284
340
356
450
386
454
698
548
510
636
578
572
584
516
570
580
518
308
130
40
124
80
86
96
316
214
218
74
24
174
66
54
170
16
82
60
164
194
200
212
14
40
46
138
116
8
24
160
32
84
98
182
262
406
554
624
494
420
458
422
478
380
348
336
322
460
422
496
544
576
430
396
218
256
504
502
576
526
548
500
680
664
522
492
536
480
412
390
274
284
192
4
82
114
86
196
106
162
224
196
204
278
362
380
532
396
348
428
394
308
232
304
424
460
530
420
678
634
568
400
570
662
372
318
604
820
824
848
866
792
754
824
846
924
1156
1138
1156
1050
874
974
978
934
700
622
610
504
446
556
626
668
532
626
686
372
382
374
412
508
484
366
426
418
338
242
280
200
370
564
636
626
606
576
572
486
524
512
394
342
346
302
284
472
630
682
760
560
386
220
298
382
176
194
120
28
182
326
374
390
422
338
480
736
668
612
604
730
872
846
948
772
732
688
682
592
582
488
406
452
268
276
288
160
140
154
26
50
126
102
176
162
252
234
254
164
174
220
240
156
132
36
28
50
2
70
348
316
292
260
190
254
292
396
400
338
290
370
246
38
160
270
370
642
568
456
76
136
258
354
366
354
172
272
154
104
46
66
116
20
42
24
132
332
392
462
478
606
628
562
508
502
492
514
512
542
630
508
582
720
696
676
728
812
668
754
702
636
560
416
564
736
722
546
694
766
784
736
586
560
676
556
632
884
806
736
798
796
772
872
842
888
680
710
656
644
718
536
542
280
206
322
188
172
84
106
56
76
192
278
374
230
6
112
198
318
344
420
418
432
488
452
408
478
480
344
272
358
412
668
562
596
500
558
666
588
462
478
408
198
156
194
196
246
82
240
164
288
518
420
408
316
426
712
594
578
744
794
734
846
958
966
936
1076
1044
974
1024
926
980
1030
1118
1212
1042
1074
1026
1102
1112
1224
1134
1270
1362
1310
1268
1278
1254
1222
1144
1228
1402
1182
1164
1178
1148
1046
966
964
894
968
878
846
808
860
930
878
1036
852
840
814
654
676
576
318
420
488
674
736
650
526
426
686
534
570
714
710
900
878
918
898
806
892
918
906
1196
1348
1300
1308
1224
1166
1160
1140
1302
1376
1282
1382
1398
1210
1328
1174
1150
1082
1052
1054
1000
964
1082
1176
1114
1254
1188
1016
960
816
762
754
772
758
638
562
620
764
840
1168
1072
974
1122
1184
1206
1154
964
998
1056
1168
1234
1186
1206
1192
1078
1018
1022
834
970
788
858
938
1094
942
1118
1058
1040
1188
1154
1060
842
784
822
668
638
614
560
434
448
376
392
494
544
210
278
86
184
354
268
220
248
158
54
176
152
78
96
136
148
230
170
206
162
206
164
322
288
128
72
108
140
126
78
116
48
66
152
98
236
162
16
30
128
82
68
14
38
76
84
12
56
98
60
160
298
204
318
220
156
204
218
340
360
318
206
242
214
370
320
248
270
194
204
386
308
196
186
140
112
216
198
176
176
278
230
284
96
42
54
122
96
132
8
192
192
134
94
96
30
154
322
470
332
430
522
572
778
848
894
842
714
588
448
338
428
282
344
272
282
110
86
26
50
66
102
50
204
138
50
144
54
144
60
24
130
16
0
2
12
38
214
304
374
298
354
160
152
162
156
254
230
20
128
186
252
322
310
126
54
8
96
100
416
478
442
398
344
118
156
20
70
40
58
100
18
30
62
38
50
156
112
184
122
26
106
144
142
98
182
352
338
284
184
244
248
204
152
228
220
316
200
218
44
200
224
200
210
112
78
54
56
20
130
54
230
96
36
140
220
126
80
132
84
152
338
190
192
52
96
136
156
242
198
254
344
394
388
292
232
436
374
420
562
500
678
630
634
622
422
414
368
340
250
112
108
62
28
40
132
246
314
344
232
86
128
152
448
348
456
422
390
456
400
368
224
190
48
98
46
60
204
18
130
254
298
72
232
120
28
178
50
4
114
6
2
122
174
126
254
174
192
164
132
112
188
298
14
90
6
18
244
274
230
224
122
110
40
154
158
366
524
308
394
280
316
466
310
232
278
230
318
392
408
488
432
302
352
304
362
264
212
316
296
18
2
124
214
270
408
530
570
588
382
586
646
728
594
562
452
498
574
638
840
722
952
858
906
840
972
1070
1236
1380
1432
1284
1332
1356
1322
1336
1218
1116
1206
1142
1138
1060
812
928
900
822
886
604
680
690
554
434
258
250
176
256
300
82
72
200
302
436
458
656
698
788
722
796
888
874
796
848
864
1078
1082
1086
1094
1134
1140
1090
1208
1262
1230
1180
1218
1192
1222
1110
1078
1078
974
880
936
918
978
922
900
848
936
1070
1238
1140
1290
1266
1186
1236
1140
1076
1150
1002
1022
1038
1046
978
1120
1174
934
1072
1018
1098
1256
1138
1106
1160
1106
1224
1252
1366
1396
1208
1220
1158
1034
860
836
760
772
720
884
826
906
908
742
712
752
732
716
566
586
584
292
108
86
30
40
8
44
42
212
270
260
338
188
112
168
128
158
240
330
134
118
244
330
272
318
114
180
190
466
534
530
580
656
676
592
672
534
592
576
714
668
776
916
1080
1024
958
1050
1058
1048
926
1132
960
670
646
596
498
490
424
514
542
488
504
420
344
258
86
70
20
28
190
368
412
498
552
416
384
246
260
172
34
76
212
254
204
86
6
34
296
290
242
152
214
182
186
26
30
72
56
66
34
34
218
256
316
210
142
110
58
86
10
26
12
32
154
166
194
172
70
148
178
4
32
132
74
60
132
94
104
130
138
146
376
350
316
234
114
48
144
210
16
160
500
206
248
120
230
236
310
286
304
500
534
548
608
576
518
294
254
346
298
326
440
430
500
368
454
542
340
356
218
188
262
120
10
36
64
18
46
132
212
180
208
206
300
386
518
580
738
674
666
792
818
1006
858
918
932
816
780
812
754
818
808
780
672
604
636
844
682
690
748
762
778
778
608
610
826
800
768
838
908
1038
814
778
782
776
688
670
588
628
650
664
674
814
656
780
754
646
440
336
314
294
516
562
716
612
522
496
456
594
706
596
448
470
516
506
530
592
610
520
474
324
376
488
440
450
526
588
620
612
584
510
348
102
236
246
348
340
222
266
242
192
156
164
234
122
42
118
104
262
214
94
212
174
254
328
432
538
446
330
372
322
554
444
310
292
212
126
2
18
50
40
92
234
118
204
238
334
488
460
364
370
432
668
710
740
738
588
658
568
744
824
808
614
502
428
494
554
580
466
344
418
404
560
556
466
448
332
212
74
104
118
190
54
102
290
156
150
26
134
130
132
368
452
426
492
636
616
588
634
536
596
584
622
854
830
848
760
942
1000
1124
1022
1010
1030
994
948
920
876
904
804
808
796
980
1036
1000
1036
896
850
878
814
846
796
966
1188
1288
1410
1426
1402
1470
1488
1492
1286
1286
1166
1418
1330
1310
1348
1548
1504
1370
1370
1268
1472
1428
1644
1490
1402
1200
1200
1214
1244
1158
1044
1234
1052
1076
1144
996
1074
1096
1102
1058
814
796
866
908
864
588
520
346
462
384
468
348
306
268
462
416
362
334
350
262
84
90
174
216
308
74
254
236
26
34
224
272
362
494
596
642
524
486
544
588
500
566
566
506
562
494
518
658
728
736
646
424
468
434
492
434
568
590
768
788
668
628
644
624
582
844
1098
1056
1048
862
904
788
742
662
642
556
792
814
1000
1046
1140
1182
1116
1100
1062
914
808
878
1162
1262
1258
1204
1116
1234
1206
1294
1228
1116
1136
1428
1572
1798
1766
1732
1624
1528
1474
1402
1470
1432
1322
1384
1456
1586
1660
1574
1636
1590
1656
1478
1550
1424
1554
1388
1484
1350
1410
1400
1330
1120
1240
1224
1038
1148
1170
1318
1236
1120
1086
1134
1184
1016
834
902
770
760
524
544
794
916
808
614
846
826
816
872
770
746
906
972
900
876
838
760
800
844
726
762
844
872
688
646
492
582
590
656
636
518
662
624
608
554
688
750
630
636
498
536
400
412
710
728
778
778
798
914
882
872
904
818
702
628
698
594
538
544
758
698
600
586
600
522
332
268
256
362
382
486
470
278
418
112
10
40
122
254
342
402
316
294
182
40
158
144
26
104
164
350
340
576
518
562
766
684
786
848
890
750
702
800
722
780
930
940
1124
1190
1256
1196
1286
1380
1322
1196
1346
1362
1266
1282
1270
1332
1262
1328
1262
1216
1070
1040
1150
1268
1208
1038
1118
1132
1132
1136
1024
1124
1028
982
954
1046
1058
1044
1094
934
986
896
886
958
1204
1278
1454
1414
1326
1410
1264
1278
1422
1530
1404
1508
1610
1520
1414
1498
1450
1316
1292
1418
1456
1160
1286
1398
1468
1556
1492
1372
1292
1218
1216
1206
1230
1330
1156
1178
1156
918
1098
1050
850
810
858
918
814
762
740
942
1048
1102
1030
1160
1084
966
1096
1078
960
918
890
868
896
920
998
898
798
860
840
968
1146
1230
1120
1314
1370
1250
1350
1286
1440
1448
1494
1398
1528
1492
1528
1430
1274
1214
1354
1444
1634
1438
1544
1472
1514
1520
1440
1466
1506
1368
1424
1330
1336
1412
1328
1048
1064
1156
1180
1058
868
890
822
920
1032
954
942
972
