2474
2384
2292
2324
2262
2220
2280
2270
2264
2294
2286
2312
2240
2196
2238
2280
2236
2294
2422
2366
2300
2314
2370
2418
2474
2500
2494
2452
2430
2478
2524
2492
2478
2530
2542
2670
2668
2670
2708
2618
2660
2650
2636
2594
2518
2536
2528
2652
2640
2642
2692
2802
2774
2864
2958
2956
2910
2972
2884
2840
2750
2704
2776
2860
2842
2694
2682
2630
2594
2618
2670
2694
2618
2588
2576
2628
2582
2552
2520
2658
2634
2644
2696
2662
2700
2678
2712
2766
2778
2768
2742
2834
2846
2728
2712
2722
2692
2660
2552
2600
2602
2672
2670
2654
2700
2676
2624
2548
2542
2610
2596
2574
2556
2586
2544
2576
2598
2716
2670
2652
2632
2668
2632
2560
2590
2624
2592
2592
2590
2636
2598
2562
2602
2698
2638
2668
2624
2512
2480
2450
2456
2472
2494
2458
2428
2408
2412
2460
2516
2560
2530
2532
2448
2460
2534
2586
2676
2676
2734
2740
2738
2698
2734
2806
2722
2752
2750
2802
2800
2826
2854
2802
2768
2804
2834
2764
2812
2814
2792
2724
2792
2770
2788
2814
2870
2928
2886
2810
2814
2898
2862
2840
2826
2814
2832
2792
2932
2860
2786
2802
2862
2806
2832
2804
2818
2744
2872
2788
2914
3000
2888
2886
2798
2756
2734
2692
2748
2716
2646
2714
2696
2720
2790
2784
2842
2752
2782
2748
2810
2832
2862
2862
2898
2884
2896
2880
2822
2896
2894
2818
2782
2668
2610
2682
2574
2666
2712
2810
2800
2826
2910
2820
2820
2828
2860
2920
2916
2914
2890
2898
2884
2930
2978
3010
3032
3030
2950
2940
2948
2976
2988
3074
2994
3078
3012
3014
2954
2898
2818
2882
2852
2866
2864
2906
2942
3054
3054
3044
2980
2910
2886
2838
2828
2926
2932
2940
2932
2974
2918
2920
2934
2902
2810
2796
2844
2738
2764
2804
2862
2886
2820
2830
2924
2856
2826
2818
2890
2898
2942
2904
2938
2904
2820
2846
2828
2810
2740
2792
2784
2832
2858
2898
2938
2924
2906
2856
2930
2826
2816
2816
2800
2820
2858
2822
2834
2894
2904
2978
2962
2864
2858
2850
2770
2858
2884
2870
2920
2898
2902
2906
2938
2882
2884
2896
2826
2846
2884
2914
2914
2944
2968
2958
2984
2950
2980
2948
2854
2974
2854
2902
2938
2910
2966
2918
2918
2992
2950
2978
3034
2970
2900
2912
2872
2796
2760
2856
2894
2950
2898
2884
2868
2900
2786
2906
2806
2766
2796
2840
2836
2892
2846
2810
2748
2670
2816
2814
2910
2918
2838
2934
2910
2912
2818
2762
2812
2836
2772
2744
2830
2776
2864
2868
2948
2990
2972
2976
2970
2966
2854
2782
2808
2824
2784
2764
2792
2882
2906
2916
2874
2840
2888
2928
2812
2732
2740
2720
2760
2830
2808
2756
2768
2724
2792
2834
2850
2836
2868
2878
2920
2978
2978
3020
2986
2966
2930
2958
2918
2846
2910
3000
2930
3026
3100
3076
3080
3078
3056
3084
3006
3036
2960
2978
2884
2916
2904
2868
2978
2942
2936
2964
3030
2896
2810
2890
2900
2896
2876
3020
2896
2926
2822
2838
2852
2822
2838
2860
2808
2678
2636
2640
2590
2560
2510
2560
2558
2488
2508
2498
2482
2472
2536
2466
2468
2480
2582
2620
2686
2652
2598
2582
2558
2622
2690
2696
2676
2680
2644
2628
2676
2742
2700
2682
2668
2664
2664
2656
2638
2580
2632
2574
2678
2540
2482
2446
2516
2542
2514
2484
2552
2506
2576
2546
2644
2616
2618
2580
2516
2438
2360
2426
2422
2422
2468
2416
2514
2458
2556
2532
2512
2562
2590
2640
2664
2746
2826
2900
2848
2846
2820
2816
2876
2912
2998
2924
2912
3022
3072
3118
3022
3008
3036
2982
2998
2916
2946
2978
3012
3124
3120
3096
3052
3052
3110
3110
3114
3086
3136
3076
3130
3102
3212
3164
3222
3254
3202
3158
3106
3060
3060
3084
3092
3072
3018
3108
3066
3104
3034
2938
3028
3034
3118
3192
3180
3158
3066
3086
3072
3054
3074
3144
3118
3118
3022
3072
3032
3064
3088
2970
2944
2880
2850
2956
2882
2910
2944
2922
2938
2984
2988
3022
2904
2794
2758
2752
2770
2810
2842
2884
2814
2706
2620
2662
2714
2776
2736
2896
2866
2894
2876
2726
2826
2888
2888
2844
2756
2728
2720
2756
2808
2772
2820
2784
2846
2782
2796
2854
2844
2862
2880
2826
2906
2916
2940
2960
2932
3000
2980
3000
3078
3092
3030
3010
2950
2918
2822
2770
2750
2770
2810
2746
2884
2942
2958
2928
2878
2884
2866
2834
2796
2842
2930
2888
2928
3004
3032
2980
2910
2914
2946
2920
2918
2956
2918
2856
2794
2844
2848
2918
2840
2848
2792
2846
2822
2818
2854
2906
2808
2846
2830
2844
2852
2852
2830
2814
2846
2722
2708
2826
2880
2882
2822
2808
2812
2782
2778
2754
2778
2746
2772
2860
2882
2892
2834
2892
2880
2770
2802
2752
2832
2804
2882
2952
2878
2910
2890
2786
2788
2850
2868
2828
2804
2730
2708
2724
2762
2680
2650
2668
2644
2722
2728
2716
2756
2802
2774
2796
2806
2816
2786
2844
2952
2916
2824
2872
2870
2894
2908
2864
2862
2752
2738
2700
2658
2676
2634
2610
2670
2752
2716
2848
2906
2820
2788
2940
2962
3018
3060
3060
3044
2936
2894
2808
2816
2822
2786
2828
2822
2794
2902
2976
3012
2988
2942
2966
2932
2912
2924
2974
3060
3020
2986
3080
2994
3018
3046
3018
3066
3054
3010
3008
2950
3006
3028
3026
2964
2990
3062
3030
3000
3044
2950
2942
2966
2930
2894
2900
2816
2832
2828
2836
2866
2940
3038
2986
3020
2982
2962
2996
3054
3018
2998
3042
3066
3034
3116
3152
3070
3008
2992
2938
2958
3024
3074
2998
3020
3038
3014
2966
2946
2958
2918
2912
2916
2908
3034
3006
2954
3032
3028
3096
3000
3056
2960
3004
3058
2962
2988
2876
2874
2888
2886
2964
2974
2936
2892
2850
2932
3008
2998
2998
3000
2904
2938
2922
2920
2912
3012
2994
2996
2988
2954
2966
2938
2960
2896
2878
2890
2904
2932
3000
2994
2918
2866
2846
2736
2666
2662
2688
2768
2804
2836
2880
2944
2910
2910
2898
2940
2954
2960
3010
3048
3044
3008
3066
3138
3154
3124
3046
3012
3116
3078
3100
3088
3108
3104
3022
3030
3022
3136
3060
3066
3044
3054
3076
3132
3152
3264
3228
3196
3206
3194
3294
3348
3306
3250
3256
3226
3190
3244
3228
3208
3202
3154
3116
3110
3026
3064
3092
3016
2964
2996
3120
3052
3002
2908
2908
2828
2870
2892
2810
2808
2792
2928
2958
2848
2958
2956
2950
2866
2844
2816
2862
2768
2784
2870
2908
2876
2840
2766
2802
2758
2842
2904
2894
2866
2872
2976
2998
3020
2972
2958
2958
2914
2886
2888
2856
2920
2904
2850
2862
2872
2890
2924
2886
2838
2874
2878
2914
2952
2854
2778
2782
2762
2728
2692
2696
2688
2670
2682
2714
2760
2718
2704
2612
2588
2672
2714
2666
2710
2550
2564
2558
2552
2530
2630
2672
2580
2626
2710
2696
2696
2714
2766
2748
2818
2834
2798
2868
2896
2926
2796
2742
2850
2776
2796
2780
2804
2796
2808
2822
2838
2778
2716
2696
2680
2644
2628
2624
2568
2646
2640
2648
2696
2802
2814
2894
2882
2898
2856
2794
2780
2692
2724
2644
2542
2416
2364
2316
2476
2474
2516
2524
2576
2562
2526
2562
2548
2580
2538
2638
2556
2688
2650
2660
2708
2708
2756
2718
2806
2784
2760
2682
2642
2632
2694
2602
2646
2576
2564
2568
2564
2530
2496
2526
2518
2452
2550
2536
2472
2478
2494
2544
2544
2554
2528
2532
2504
2496
2442
2416
2406
2378
2480
2524
2436
2496
2542
2552
2498
2532
2456
2390
2420
2332
2328
2320
2254
2302
2282
2270
2260
2320
2322
2308
2378
2426
2384
2398
2460
2480
2428
2378
2386
2460
2394
2238
2306
2218
2224
2138
2202
2222
2250
2212
2162
2108
2094
2012
2068
2110
2056
2036
2116
2098
2072
2022
2048
1988
2054
2034
2108
2082
1976
2090
2136
2234
2308
2428
2516
2546
2590
2628
2534
2452
2462
2526
2572
2588
2548
2540
2626
2562
2562
2560
2424
2324
2338
2362
2428
2398
2402
2424
2404
2484
2484
2436
2470
2454
2424
2408
2446
2516
2508
2550
2512
2520
2566
2502
2480
2524
2586
2610
2644
2610
2664
2652
2600
2532
2548
2602
2586
2510
2584
2524
2420
2408
2422
2452
2432
2466
2514
2402
2530
2448
2462
2480
2532
2592
2610
2696
2548
2628
2586
2480
2534
2462
2554
2464
2474
2546
2622
2710
2684
2620
2574
2570
2616
2634
2576
2626
2458
2402
2368
2444
2476
2458
2376
2408
2364
2418
2314
2250
2230
2304
2260
2260
2304
2302
2276
2234
2238
2250
2292
2304
2308
2278
2272
2380
2424
2498
2440
2468
2490
2476
2560
2530
2450
2428
2408
2414
2486
2384
2310
2346
2300
2368
2364
2446
2438
2482
2452
2530
2490
2454
2490
2444
2416
2450
2530
2572
2614
2480
2444
2492
2454
2414
2386
2402
2412
2424
2402
2350
2184
2034
1954
1980
1892
1806
1820
1766
1906
1880
1888
1926
2006
1988
2018
2014
1992
1946
1948
1982
1882
1840
1814
1818
1760
1768
1826
1776
1666
1656
1690
1716
1654
1704
1742
1724
1648
1652
1580
1510
1514
1486
1434
1370
1340
1398
1408
1450
1432
1520
1450
1458
1486
1498
1506
1532
1548
1586
1496
1566
1698
1712
1668
1726
1750
1716
1736
1772
1826
1696
1730
1690
1774
1792
1808
1814
1744
1682
1650
1688
1716
1734
1774
1694
1696
1752
1704
1700
1720
1796
1892
1818
1842
1720
1694
1570
1522
1580
1630
1532
1574
1606
1580
1628
1624
1606
1582
1558
1536
1440
1412
1344
1288
1298
1406
1352
1422
1516
1532
1514
1540
1548
1492
1488
1530
1460
1514
1472
1448
1444
1408
1308
1310
1274
1288
1308
1270
1196
1146
1152
1198
1220
1150
1216
1210
1258
1206
1230
1188
1190
1192
1204
1256
1352
1358
1424
1442
1458
1476
1464
1388
1364
1330
1366
1364
1298
1308
1326
1472
1560
1562
1536
1504
1498
1440
1364
1446
1380
1366
1300
1328
1424
1544
1560
1604
1520
1554
1668
1554
1586
1562
1598
1616
1528
1484
1400
1474
1376
1338
1258
1228
1180
1238
1302
1388
1402
1364
1356
1326
1254
1308
1340
1272
1338
1460
1524
1450
1430
1378
1466
1426
1412
1382
1350
1356
1338
1366
1362
1322
1220
1230
1402
1338
1306
1354
1330
1314
1354
1380
1382
1420
1524
1476
1438
1468
1446
1506
1444
1466
1564
1500
1510
1426
1462
1428
1446
1452
1458
1436
1594
1500
1356
1364
1358
1308
1248
1238
1214
1250
1172
1090
1144
1208
1102
1114
1112
1054
1170
1278
1272
1238
1190
1220
1330
1314
1344
1392
1532
1562
1490
1486
1434
1384
1334
1414
1364
1462
1526
1508
1368
1382
1392
1450
1482
1486
1500
1432
1484
1496
1502
1496
1482
1500
1548
1524
1520
1500
1492
1400
1406
1570
1542
1596
1580
1542
1470
1512
1446
1446
1462
1516
1468
1370
1350
1328
1330
1380
1402
1388
1442
1496
1554
1620
1610
1616
1718
1686
1676
1580
1508
1470
1494
1524
1484
1476
1472
1454
1398
1496
1436
1538
1536
1566
1456
1524
1550
1498
1440
1360
1272
1268
1256
1368
1430
1438
1406
1350
1414
1468
1392
1416
1532
1530
1484
1430
1508
1492
1652
1618
1504
1366
1310
1250
1250
1238
1262
1304
1238
1262
1210
1310
1242
1198
1266
1232
1176
1104
1128
1010
1064
1110
1156
1308
1278
1294
1292
1292
1208
1238
1338
1304
1174
1130
1202
1150
1190
1292
1296
1342
1264
1290
1356
1374
1394
1352
1274
1232
1126
1182
1122
1188
1174
1142
1144
1052
1028
1032
1158
1166
1044
944
966
980
1076
1004
954
970
994
978
1002
974
940
958
1028
1060
1090
1174
1342
1258
1168
1062
1116
1032
1136
1062
1044
1002
1008
1030
934
984
916
874
874
656
580
580
566
582
556
574
600
592
592
496
470
428
378
468
388
366
384
416
330
258
222
190
176
