328
316
350
366
316
310
280
260
238
242
218
240
242
264
248
264
192
172
164
238
246
224
318
334
342
364
360
350
326
384
448
440
492
446
460
478
492
496
466
486
428
392
354
322
314
340
320
306
304
320
344
348
392
338
272
260
276
302
310
332
296
346
344
350
386
438
460
444
458
474
470
472
484
502
522
480
512
520
502
474
458
430
432
474
454
458
490
514
532
546
538
602
528
522
534
532
468
506
516
510
506
512
570
582
598
582
604
618
626
612
604
616
622
608
608
660
664
646
634
570
590
594
538
546
560
576
582
602
588
590
626
622
596
602
602
656
704
668
700
736
708
670
688
716
720
742
680
696
702
706
728
718
740
780
744
732
770
798
806
844
790
770
786
750
756
728
774
806
836
814
830
788
778
822
802
870
886
904
906
906
874
818
848
826
794
796
806
838
850
808
806
726
728
730
700
738
664
708
702
670
730
692
750
702
746
694
700
736
708
666
644
672
674
672
648
632
614
572
530
506
530
538
550
528
492
520
526
508
538
528
512
552
528
574
518
500
510
550
528
584
570
554
558
572
538
538
576
618
608
594
570
512
516
522
522
504
488
496
504
488
516
556
556
516
532
548
542
542
546
526
476
514
524
522
478
452
498
496
488
556
534
574
574
578
582
536
558
550
524
502
488
530
542
528
568
560
554
586
558
576
588
620
588
570
564
568
576
600
596
638
652
666
638
642
682
680
692
690
656
630
674
660
708
706
670
670
660
674
720
754
762
744
752
746
742
754
778
746
758
768
756
724
726
700
728
762
758
778
786
806
836
842
836
842
818
806
804
808
802
762
734
738
718
756
776
824
814
818
786
808
820
842
818
802
826
828
808
798
772
776
836
786
772
772
780
802
824
808
786
810
828
822
808
802
852
832
810
806
850
802
798
812
824
808
802
798
780
796
796
836
826
804
836
830
822
810
800
792
792
772
756
706
694
698
668
706
752
764
750
778
742
772
776
816
800
808
848
848
860
890
872
880
882
888
874
848
824
812
852
888
872
912
882
920
906
846
794
814
776
798
812
848
854
850
842
814
828
874
824
844
858
792
740
702
706
694
724
684
670
706
650
670
648
644
632
616
620
672
688
646
672
652
682
682
684
676
710
704
690
720
718
766
754
782
826
794
836
840
864
868
868
868
864
820
838
792
758
742
744
814
764
786
790
780
798
804
840
818
776
760
750
754
762
776
782
778
738
772
750
710
696
678
624
656
634
630
642
676
662
678
658
628
648
638
666
642
642
654
666
630
618
626
640
622
588
592
620
632
648
646
650
634
676
678
640
648
616
530
542
600
600
612
586
576
574
568
538
492
450
420
406
410
388
372
370
388
376
398
418
420
382
398
400
412
402
470
406
452
468
436
430
444
446
464
488
490
494
472
526
488
510
500
516
550
548
530
512
496
506
510
494
518
530
598
626
644
612
592
576
582
590
584
566
572
630
680
708
654
652
662
636
672
648
668
672
656
698
724
746
708
704
714
724
728
744
728
732
708
710
716
740
688
690
700
672
710
686
738
750
758
724
724
746
702
726
718
714
696
710
722
754
768
714
742
730
752
738
708
700
708
684
690
714
710
768
744
788
766
772
776
768
768
796
778
816
806
792
776
754
768
758
804
794
810
806
780
786
780
748
808
812
794
822
830
806
784
752
714
786
862
858
844
846
884
852
838
818
824
784
732
700
728
740
718
730
714
692
690
706
676
704
708
738
780
752
732
732
712
718
700
742
718
740
750
780
782
746
772
754
708
786
838
822
816
788
750
702
732
678
718
754
768
792
802
794
772
758
780
792
796
782
824
766
784
812
808
792
796
766
722
766
724
772
768
738
694
726
728
698
720
716
694
698
722
790
790
756
746
722
674
658
650
634
636
616
586
586
592
548
566
604
636
660
666
664
648
632
622
606
598
568
558
588
572
514
508
528
514
482
496
522
556
570
556
530
508
518
528
504
524
576
560
504
524
532
540
572
534
510
478
476
498
550
532
544
570
512
528
564
594
642
636
650
624
652
618
602
592
584
574
582
576
602
588
618
650
662
608
604
616
602
606
576
572
638
616
590
578
568
592
572
564
600
614
612
590
572
550
566
570
568
562
558
550
546
586
552
548
604
556
580
614
620
590
574
606
608
636
664
684
678
676
686
638
596
574
614
598
644
670
688
706
708
706
700
708
726
714
742
796
774
784
780
810
816
796
832
842
836
832
848
840
860
834
848
820
864
878
868
812
814
772
792
768
782
752
716
696
682
698
700
686
756
756
766
784
756
758
726
732
712
722
748
728
738
788
748
660
690
724
728
768
748
734
712
726
712
672
702
712
732
734
734
722
726
738
730
754
814
830
832
856
878
832
828
792
778
768
792
760
754
776
750
754
740
706
688
628
622
608
632
624
594
502
572
532
530
544
534
510
544
538
498
492
470
458
410
394
344
290
308
298
286
298
270
234
260
314
308
292
308
384
408
416
398
404
414
488
484
456
436
424
434
414
424
428
450
374
374
308
250
238
182
172
198
156
150
168
184
212
246
248
240
250
262
276
272
314
300
332
364
382
392
376
350
292
318
276
292
326
320
292
336
352
340
314
318
300
272
296
302
280
250
262
296
344
326
368
364
376
350
380
386
366
410
420
422
398
282
284
280
258
290
288
302
286
336
384
388
364
358
380
364
376
406
356
356
352
340
360
312
340
352
348
348
354
372
312
290
252
258
274
256
288
334
344
386
420
372
426
448
448
474
466
468
484
490
484
450
462
442
398
428
450
476
488
484
458
454
452
420
446
454
508
522
524
550
552
534
534
520
502
510
462
446
464
466
454
422
426
496
446
400
372
460
410
450
414
420
418
398
454
490
544
534
570
518
518
512
474
516
536
578
570
574
590
600
582
584
596
582
606
590
584
608
606
588
600
542
546
528
512
500
546
494
512
488
512
502
518
522
532
486
464
456
490
500
518
526
526
594
596
610
628
592
608
614
588
548
604
552
518
518
506
494
518
534
558
544
516
428
418
370
342
356
382
402
382
418
428
386
330
288
300
300
290
270
254
322
366
396
376
338
366
382
356
342
340
314
282
328
358
350
322
330
334
350
308
274
254
266
262
248
204
212
228
246
174
184
194
168
170
146
138
146
168
118
172
168
176
164
126
146
152
176
154
156
144
162
166
128
126
104
100
68
48
80
78
120
84
104
82
62
74
48
58
82
58
4
22
48
38
38
36
54
112
134
98
48
34
72
110
74
60
30
16
20
18
22
46
52
72
84
86
102
96
114
146
138
144
88
118
78
106
88
126
114
118
120
98
84
64
48
118
100
64
116
110
140
166
182
148
170
140
134
106
68
50
54
82
76
56
40
4
2
12
54
16
30
36
68
94
76
110
56
42
74
118
150
146
136
172
128
180
152
190
124
146
224
180
180
202
206
150
148
192
206
206
190
154
180
162
164
188
204
268
292
338
310
320
326
302
290
276
284
258
272
342
344
306
334
320
266
226
250
252
234
188
156
202
164
186
142
154
112
86
62
82
48
102
118
82
192
194
212
228
248
220
222
186
168
148
116
110
110
74
50
62
70
60
132
142
152
142
158
136
134
90
92
42
80
104
78
92
84
100
106
74
74
64
74
116
96
132
118
140
178
158
172
126
108
150
132
182
166
194
186
184
188
168
198
182
158
158
126
180
166
184
192
240
250
270
254
230
216
226
212
204
234
248
310
298
302
300
340
350
344
298
262
266
264
276
246
268
250
252
226
260
250
248
202
182
176
178
180
174
192
148
208
220
148
82
60
68
68
96
46
24
38
66
90
26
8
2
6
38
34
40
14
0
42
82
2
8
56
32
8
4
14
14
2
6
10
8
8
2
18
14
30
14
20
20
54
74
94
76
74
108
78
100
102
152
202
208
188
218
174
130
102
148
154
252
318
374
376
314
314
310
302
272
290
268
310
284
314
332
290
224
256
280
246
300
312
348
384
374
372
410
416
426
468
508
508
540
498
458
484
462
438
414
398
366
352
338
350
350
412
390
364
350
346
310
300
290
300
274
266
228
244
256
226
238
244
262
242
232
252
188
162
214
216
226
214
226
234
212
200
208
184
188
140
198
196
158
124
150
172
148
184
144
58
108
84
122
108
106
110
152
140
144
150
100
86
50
98
54
64
78
62
92
98
66
92
40
14
40
60
74
112
154
134
118
100
102
112
80
126
96
114
90
92
96
30
32
20
76
150
180
246
224
222
192
206
222
256
266
250
276
276
308
310
312
300
338
360
346
358
374
366
322
332
316
310
272
236
198
222
262
234
240
254
250
234
260
280
258
272
234
194
238
252
256
268
242
240
214
196
218
234
208
212
212
218
254
246
236
228
148
108
164
178
224
230
230
262
272
232
228
214
170
186
160
150
132
120
118
140
172
166
176
146
198
190
194
226
246
304
350
320
246
224
184
188
170
176
174
164
158
122
122
146
196
246
258
264
272
266
258
278
322
330
346
336
308
286
266
248
220
246
258
274
306
290
266
280
264
222
214
232
242
