7696
7744
7680
7742
7680
7656
7760
7812
7850
7782
7810
7816
7630
7600
7682
7760
7828
7850
7894
7926
7806
7808
7686
7702
7718
7796
7870
7848
7884
7874
7822
7882
7850
7800
7778
7662
7694
7762
7758
7728
7724
7696
7794
7814
7780
7776
7698
7674
7740
7684
7558
7618
7600
7624
7552
7524
7486
7496
7488
7500
7616
7716
7748
7862
7806
7880
7752
7824
7806
7752
7736
7736
7716
7738
7698
7662
7728
7808
7774
7830
7852
7852
7846
7868
7914
7742
7744
7690
7712
7666
7658
7598
7604
7696
7632
7560
7476
7478
7520
7468
7326
7380
7384
7404
7542
7528
7520
7590
7524
7574
7470
7526
7492
7404
7460
7410
7468
7382
7412
7470
7510
7480
7426
7324
7306
7282
7190
7250
7154
7182
7264
7184
7284
7374
7464
7504
7472
7426
7426
7410
7424
7452
7342
7340
7352
7372
7396
7368
7252
7288
7312
7284
7354
7248
7312
7428
7506
7550
7554
7652
7622
7602
7538
7644
7680
7740
7700
7700
7624
7612
7680
7570
7596
7616
7556
7636
7738
7648
7734
7700
7622
7728
7628
7668
7650
7678
7644
7736
7746
7722
7664
7672
7680
7738
7800
7834
7986
7972
7864
7934
7922
7906
7960
7952
7816
7790
7758
7732
7848
7928
7896
7898
7820
7844
7776
7638
7696
7820
7682
7702
7762
7724
7772
7786
7672
7644
7702
7622
7630
7736
7674
7758
7716
7680
7572
7588
7500
7444
7506
7456
7422
7404
7476
7500
7488
7490
7628
7626
7642
7576
7600
7578
7492
7502
7486
7562
7442
7390
7366
7484
7448
7410
7428
7358
7400
7478
7506
7444
7516
7560
7456
7536
7496
7634
7530
7480
7538
7528
7612
7546
7416
7402
7434
7360
7370
7344
7286
7244
7276
7360
7364
7432
7458
7334
7366
7348
7422
7498
7430
7344
7208
7272
7312
7316
7272
7274
7420
7358
7568
7580
7622
7642
7608
7550
7496
7524
7480
7440
7482
7470
7472
7448
7608
7700
7714
7680
7804
7832
7774
7684
7650
7712
7814
7780
7822
7842
7686
7634
7536
7514
7462
7340
7354
7432
7334
7432
7304
7394
7464
7348
7350
7340
7390
7524
7516
7526
7600
7558
7660
7590
7510
7500
7524
7480
7486
7488
7458
7482
7528
7474
7558
7468
7416
7390
7400
7410
7374
7384
7414
7384
7416
7520
7588
7592
7506
7586
7514
7512
7402
7444
7404
7458
7486
7440
7448
7418
7530
7626
7682
7700
7810
7732
7682
7706
7656
7688
7728
7730
7574
7494
7594
7562
7578
7584
7554
7498
7644
7688
7636
7526
7606
7558
7520
7558
7570
7546
7648
7614
7628
7622
7478
7522
7642
7556
7690
7624
7544
7648
7620
7730
7670
7636
7738
7736
7738
7700
7722
7728
7586
7704
7632
7628
7582
7664
7636
7494
7486
7532
7600
7578
7574
7532
7532
7532
7554
7478
7454
7462
7436
7392
7454
7296
7384
7420
7508
7562
7498
7440
7666
7606
7546
7498
7492
7470
7444
7386
7278
7424
7414
7342
7356
7528
7608
7666
7576
7522
7510
7512
7552
7492
7434
7462
7560
7412
7476
7428
7408
7430
7434
7462
7442
7528
7606
7434
7212
7250
7290
7390
7328
7340
7156
7202
7192
7120
7074
7134
7192
7202
7342
7272
7344
7272
7378
7386
7414
7466
7518
7618
7598
7606
7718
7752
7718
7824
7838
7794
7826
7722
7740
7696
7610
7666
7646
7632
7646
7544
7518
7552
7592
7564
7436
7448
7474
7420
7364
7378
7322
7316
7300
7440
7438
7424
7470
7356
7322
7428
7370
7450
7484
7438
7404
7480
7534
7468
7512
7566
7600
7630
7720
7764
7644
7664
7666
7778
7766
7778
7854
7820
7800
7724
7784
7876
7804
7778
7770
7696
7610
7602
7586
7512
7560
7526
7614
7506
7534
7418
7512
7626
7598
7598
7586
7510
7520
7496
7492
7526
7596
7578
7620
7592
7652
7668
7662
7640
7720
7626
7538
7632
7572
7614
7574
7540
7600
7616
7592
7672
7728
7722
7720
7752
7698
7600
7636
7558
7684
7720
7590
7584
7572
7636
7544
7630
7574
7546
7622
7530
7520
7534
7480
7608
7606
7548
7602
7552
7518
7416
7440
7354
7468
7446
7546
7566
7504
7526
7642
7742
7714
7686
7660
7806
7814
7882
7886
7916
7922
7842
7838
7700
7670
7720
7640
7658
7608
7694
7586
7566
7660
7646
7628
7652
7654
7686
7772
7762
7638
7662
7538
7542
7608
7610
7668
7604
7674
7678
7752
7660
7584
7660
7614
7512
7558
7670
7718
7710
7750
7726
7686
7724
7690
7708
7666
7652
7636
7530
7578
7610
7590
7672
7632
7582
7614
7576
7686
7770
7698
7650
7662
7674
7692
7646
7586
7570
7608
7538
7592
7588
7632
7504
7534
7622
7638
7572
7614
7646
7596
7664
7694
7722
7602
7566
7574
7574
7512
7496
7502
7628
7696
7630
7662
7654
7542
7534
7550
7600
7614
7606
7602
7486
7574
7698
7674
7524
7556
7678
7762
7868
7784
7818
7808
7870
7774
7782
7694
7630
7558
7428
7452
7318
7408
7338
7356
7404
7406
7476
7584
7518
7532
7492
7652
7668
7730
7750
7744
7832
7836
7810
7844
7744
7732
7644
7690
7668
7644
7750
7836
7882
7792
7698
7598
7584
7506
7502
7538
7708
7690
7620
7632
7678
7776
7782
7870
7832
7830
7786
7656
7568
7602
7624
7752
7734
7728
7718
7658
7672
7546
7550
7508
7410
7418
7510
7538
7582
7664
7692
7596
7524
7542
7574
7660
7684
7610
7642
7738
7758
7712
7604
7710
7692
7688
7636
7636
7768
7668
7670
7570
7524
7504
7506
7524
7544
7524
7488
7532
7630
7702
7772
7702
7794
7828
7746
7798
7824
7834
7778
7756
7750
7764
7738
7634
7600
7578
7552
7556
7616
7660
7626
7568
7594
7622
7570
7532
7380
7358
7408
7392
7358
7488
7554
7488
7548
7554
7510
7532
7520
7474
7450
7502
7512
7392
7452
7544
7556
7466
7414
7382
7396
7354
7454
7492
7388
7518
7624
7610
7538
7584
7522
7500
7506
7536
7602
7588
7624
7622
7588
7514
7566
7486
7518
7684
7610
7664
7694
7650
7718
7676
7620
7552
7650
7612
7510
7608
7590
7688
7656
7668
7670
7656
7756
7788
7826
7776
7704
7654
7526
7550
7516
7554
7512
7468
7552
7552
7536
7566
7548
7546
7532
7536
7564
7662
7688
7686
7694
7736
7734
7774
7778
7756
7728
7592
7532
7494
7548
7592
7682
7662
7672
7784
7632
7600
7576
7574
7462
7562
7544
7580
7546
7612
7554
7458
7564
7438
7414
7364
7222
7268
7376
7458
7484
7560
7452
7546
7624
7624
7614
7674
7730
7684
7752
7702
7636
7542
7474
7404
7524
7498
7420
7406
7480
7546
7580
7578
7604
7586
7638
7722
7708
7762
7776
7678
7660
7746
7694
7648
7606
7650
7586
7590
7562
7582
7568
7578
7454
7474
7584
7678
7760
7826
7768
7630
7744
7728
7682
7738
7654
7706
7694
7624
7604
7526
7484
7604
7548
7602
7532
7476
7462
7454
7496
7482
7506
7410
7424
7396
7396
7354
7462
7444
7340
7422
7432
7464
7390
7298
7280
7276
7336
7360
7372
7362
7384
7460
7338
7280
7346
7256
7278
7314
7344
7362
7324
7334
7296
7348
7472
7450
7426
7416
7374
7408
7382
7344
7288
7458
7438
7412
7396
7468
7490
7468
7472
7388
7316
7356
7310
7290
7188
7154
7162
7028
7060
7118
7178
7258
7254
7280
7264
7324
7344
7328
7302
7212
7228
7208
7210
7330
7254
7274
7354
7428
7386
7350
7286
7358
7476
7448
7482
7456
7426
7278
7328
7298
7482
7528
7592
7542
7508
7494
7518
7530
7416
7370
7394
7394
7408
7292
7352
7342
7372
7408
7354
7266
7236
7378
7318
7258
7338
7302
7354
7312
7284
7282
7350
7334
7378
7462
7382
7442
7366
7388
7298
7268
7202
7194
7236
7346
7308
7354
7396
7326
7330
7132
7206
7178
7190
7166
7166
7110
7008
6994
6952
6868
7014
7138
7104
7186
7212
7314
7286
7332
7354
7412
7408
7376
7314
7400
7426
7376
7280
7432
7442
7380
7354
7312
7196
7154
7188
7122
7104
7106
7150
7170
7140
7208
7224
7228
7238
7324
7254
7232
7180
7176
7272
7296
7256
7302
7304
7264
7264
7314
7280
7248
7306
7214
7204
7218
7320
7284
7330
7438
7288
7240
7316
7380
7288
7298
7280
7288
7300
7376
7378
7372
7386
7330
7308
7326
7368
7342
7306
7304
7306
7224
7392
7476
7484
7360
7326
7376
7260
7348
7362
7426
7342
7334
7442
7506
7574
7590
7596
7586
7664
7622
7620
7642
7700
7720
7752
7798
7738
7776
7816
7832
7914
7874
8044
8024
7932
7978
7824
7690
7750
7680
7642
7618
7704
7634
7740
7728
7702
7748
7738
7758
7710
7802
7708
7674
7684
7766
7774
7758
7682
7740
7830
7778
7812
7770
7782
7734
7716
7672
7772
7642
7620
7566
7740
7724
7754
7696
7624
7604
7570
7586
7592
7584
7532
7548
7644
7660
7674
7740
7716
7690
7692
7696
7568
7524
7560
7560
7544
7590
7534
7672
7664
7548
7586
7556
7562
7514
7542
7460
7560
7692
7688
7758
7740
7648
7626
7618
7504
7448
7362
7482
7446
7484
7654
7656
7596
7642
7624
7518
7488
7514
7640
7688
7776
7682
7704
7562
7516
7616
7488
7528
7538
7634
7602
7634
7684
7726
7782
7696
7634
7680
7734
7706
7714
7734
7766
7708
7596
7624
7642
7722
7668
7608
7684
7726
7694
7788
7772
7736
7672
7696
7794
7812
7804
7760
7632
7578
7472
7558
7730
7664
7576
7582
7560
7618
7740
7742
7804
7764
7714
7610
7678
7620
7720
7620
7592
7570
7666
7698
7706
7794
7722
7758
7678
7636
7682
7744
7716
7750
7774
7704
7612
7624
7634
7612
7560
7524
7502
7544
7540
7546
7610
7636
7584
7698
7808
7770
7636
7646
7684
7658
7554
7494
7580
7448
7434
7422
7506
7598
7684
7738
7714
7656
7672
7696
7756
7684
7530
7598
7576
7574
7546
7618
7586
7610
7564
7520
7522
7638
7652
7686
7670
7708
7676
7676
7548
7596
7500
7466
7526
7504
7362
7406
7376
7442
7504
7580
7622
7510
7480
7592
7686
7712
7698
7580
7594
7542
7544
7510
7634
7704
7630
7696
7828
7854
7970
7828
7862
7934
7960
7914
7936
7918
7890
7956
7900
7850
7830
7806
7776
7638
7630
7650
7590
7652
7684
7562
7524
7600
7632
7630
7690
7708
7712
7766
7880
7858
7858
7876
7878
7916
7980
7932
7948
7984
8008
7942
7902
7890
7892
7928
7944
7846
7784
7710
7840
7854
7876
7920
7904
7854
7894
7844
7844
7916
7776
7776
7776
7912
7958
7868
7842
7814
7820
7742
7750
7720
7740
7734
7758
7658
7598
7748
7722
7704
7600
7620
7732
7742
7698
7668
7788
7806
7818
7810
7734
7716
7596
7682
7738
7784
7794
7852
7832
7810
7822
7866
7790
7772
7842
7904
7816
7838
7810
7636
7768
7746
7852
7854
7794
7714
7664
7676
7650
7728
7588
7614
7582
7464
7488
7400
7386
7468
7444
7456
7372
7444
7326
7340
7374
7374
7278
7308
7264
7246
7162
7208
7230
7144
7216
7130
7080
7136
7192
7198
7202
7216
7108
7132
7160
7184
7168
7230
7300
7244
7174
7252
7232
7312
7274
7126
7148
7180
7126
7082
7084
7160
7278
7328
7382
7374
7360
7294
7260
7250
7156
7134
7022
7186
7158
7026
7088
7130
7118
7150
7116
7188
7198
7080
7266
7172
7194
7242
7354
7434
7416
7264
7264
7314
7486
7476
7538
7508
7462
7450
7428
7470
7608
7540
7640
7610
7678
7832
7822
7896
7858
7980
7980
7842
7834
7778
7754
7704
7682
7678
7670
7678
7712
7696
7616
7516
7444
7412
7344
7392
7232
7272
7236
7228
7200
7264
7328
7326
7364
7394
7344
7320
7290
7298
7376
7320
7324
7230
7302
7400
7420
7414
7312
7350
7356
7332
7330
7380
7384
7404
7362
7536
7532
7516
7488
7518
7542
7652
7654
7666
7674
7562
7558
7510
7556
7540
7448
7404
7560
7504
7560
7556
7576
7524
7494
7486
7438
7422
7362
7434
7466
7384
7350
7328
7244
7318
7422
7284
7224
7142
7100
7094
7078
7222
7222
7192
7242
7324
7444
7526
7514
7426
7426
7502
7500
7468
7424
7514
7488
7454
7444
7468
7700
7590
7730
