176
156
76
22
50
62
188
116
82
2
0
86
194
242
324
354
326
294
342
366
306
92
90
178
112
42
82
14
90
146
124
158
216
202
160
224
246
306
252
294
302
282
352
344
280
368
326
250
242
236
310
368
374
284
384
294
354
524
522
494
456
490
482
592
558
576
542
472
508
462
374
200
226
268
304
238
244
202
160
208
250
260
192
196
284
162
128
108
80
56
172
144
194
78
2
10
64
50
74
8
2
48
42
10
46
22
54
38
42
16
34
0
28
80
148
106
72
52
64
20
78
12
6
20
46
68
8
16
14
6
104
64
62
14
72
52
80
222
240
296
244
266
148
146
134
228
270
202
308
346
350
304
264
264
216
204
140
108
48
12
2
12
28
12
64
32
60
56
172
210
272
172
42
90
158
174
194
182
20
70
52
50
28
142
192
148
182
176
172
176
204
214
270
224
296
296
156
136
220
144
148
138
162
184
200
262
120
194
254
300
320
262
264
160
118
80
0
12
2
90
180
242
218
360
320
380
442
370
226
248
256
268
332
324
478
454
486
492
412
482
522
472
522
540
502
530
522
650
716
646
640
604
712
650
554
548
600
516
366
448
502
510
534
520
498
548
492
462
520
478
390
414
378
442
402
372
408
504
438
512
518
526
564
558
532
618
588
468
392
314
306
276
280
256
318
302
242
306
336
292
344
290
288
262
350
402
504
452
506
530
478
472
452
516
518
624
502
472
478
580
670
692
568
570
532
476
410
534
512
484
398
348
324
366
242
248
278
252
304
302
360
346
402
336
424
424
402
374
362
408
510
470
482
414
400
408
418
438
376
432
458
364
452
538
578
502
442
414
352
430
506
578
644
746
724
676
664
732
780
804
788
710
642
632
650
718
634
680
672
628
526
534
580
576
700
688
636
592
610
634
654
600
516
656
664
622
624
548
578
624
624
602
574
632
630
650
664
616
580
622
714
750
756
738
614
634
636
688
718
808
770
850
790
700
684
566
488
536
420
392
370
498
550
546
514
448
502
450
482
506
522
458
504
522
534
584
606
486
548
624
632
680
626
604
636
810
844
910
854
780
732
786
772
712
766
718
740
770
792
828
880
822
794
782
928
982
976
912
1040
950
884
916
940
1006
1038
1026
952
856
980
946
978
1082
1152
1112
1130
1150
1156
1074
1004
1130
1074
1076
866
844
866
868
790
846
726
742
802
854
806
808
718
664
570
598
596
668
690
674
542
456
418
418
454
414
398
484
384
436
444
372
454
462
528
496
432
426
426
492
336
380
516
562
484
424
446
460
560
626
588
532
466
478
388
330
374
400
388
454
538
574
590
532
476
474
422
428
496
524
530
572
604
554
464
390
334
392
476
428
452
494
520
476
406
386
302
338
308
260
210
168
196
252
274
270
268
270
258
214
198
234
148
244
314
352
314
322
324
354
362
430
402
428
498
406
454
540
544
524
470
496
466
472
516
568
584
618
598
606
560
600
594
550
452
386
296
384
400
564
496
474
506
552
520
698
694
736
768
712
788
710
648
686
702
720
758
746
798
706
710
694
658
738
726
698
674
736
734
736
690
614
538
610
720
718
798
784
768
798
784
772
710
700
768
732
714
692
778
796
776
778
758
736
706
654
704
652
664
684
590
616
720
720
820
874
828
834
808
892
888
838
902
1004
1040
962
870
868
804
836
844
708
672
770
700
808
864
824
872
934
976
880
906
870
816
832
792
794
744
784
638
596
752
644
610
612
552
544
532
586
530
524
556
678
596
598
550
598
546
592
502
430
432
354
276
252
218
166
244
272
260
280
246
168
222
290
272
348
348
404
424
420
352
392
352
286
304
224
128
74
156
24
6
52
66
4
20
48
10
124
164
300
296
380
352
212
236
282
280
264
182
212
144
216
234
250
256
298
326
292
282
154
102
76
106
112
222
180
268
342
308
346
314
246
248
298
208
224
276
256
264
272
220
100
128
180
212
246
216
114
146
148
134
204
168
220
188
208
194
212
194
186
260
212
174
172
112
148
216
266
284
196
274
248
332
358
326
306
344
378
334
150
72
0
32
86
64
56
116
138
102
96
190
172
136
114
118
124
54
76
122
0
2
36
128
198
194
106
96
202
140
116
98
146
206
160
186
302
244
218
274
242
244
268
264
256
204
104
106
118
78
52
6
86
36
26
46
88
22
6
108
110
66
90
100
204
210
222
136
106
194
292
248
170
182
240
248
192
258
246
320
372
428
424
332
288
266
332
300
370
380
498
530
504
486
504
440
448
382
266
322
258
228
236
242
192
292
286
284
192
136
164
186
164
154
166
244
282
308
320
332
356
432
362
366
328
414
380
318
336
348
300
386
380
362
308
282
324
346
366
382
362
298
224
370
476
578
542
632
562
620
726
662
684
692
654
816
814
734
878
824
812
688
602
644
642
620
526
500
508
568
630
594
600
596
490
570
630
640
702
686
658
686
738
726
638
688
718
662
700
670
714
698
776
790
824
798
732
686
714
678
610
638
608
668
636
656
658
670
560
476
510
468
468
480
440
420
354
410
484
474
364
392
416
350
276
228
306
340
324
286
240
114
140
112
126
134
310
368
328
394
424
370
400
358
368
348
380
378
370
366
262
250
212
160
162
138
84
154
198
252
270
320
370
464
466
564
616
610
632
614
638
602
594
652
620
554
614
546
464
380
510
444
420
386
398
384
338
382
418
374
384
466
506
532
404
464
592
642
730
756
784
856
820
892
922
928
898
960
960
998
918
880
960
1134
1094
1070
1022
1066
1152
1048
1052
1014
1060
960
1012
880
872
804
844
794
862
858
970
906
866
896
906
890
848
908
972
1008
946
824
790
788
692
728
766
748
762
752
708
714
848
952
934
1052
1056
1052
1072
1024
1008
954
970
934
1004
928
866
842
736
664
718
770
866
902
986
970
956
1042
1058
1140
1120
1084
1254
1276
1266
1254
1192
1108
1196
1198
1182
1104
1246
1220
1180
1132
1138
1072
1046
988
1018
1092
1276
1398
1396
1418
1360
1338
1310
1292
1302
1332
1364
1416
1494
1610
1678
1650
1658
1568
1608
1716
1714
1678
1684
1712
1718
1720
1696
1574
1546
1500
1526
1538
1590
1526
1572
1620
1612
1588
1602
1658
1644
1564
1504
1586
1636
1580
1532
1576
1648
1588
1564
1676
1680
1700
1656
1644
1748
1664
1674
1600
1610
1576
1670
1694
1684
1632
1616
1584
1598
1582
1608
1536
1614
1622
1770
1732
1736
1700
1616
1582
1602
1634
1596
1542
1504
1624
1650
1692
1792
1732
1808
1762
1766
1760
1736
1668
1632
1622
1680
1760
1588
1524
1614
1634
1568
1440
1440
1488
1508
1460
1434
1458
1580
1660
1642
1624
1582
1612
1560
1594
1514
1518
1506
1486
1582
1522
1542
1636
1648
1714
1850
1848
1922
1804
1712
1656
1650
1638
1572
1552
1486
1508
1476
1382
1318
1248
1370
1346
1400
1418
1456
1446
1476
1476
1492
1460
1504
1592
1516
1598
1468
1506
1542
1512
1504
1414
1444
1418
1506
1510
1544
1464
1486
1504
1538
1422
1488
1464
1410
1498
1502
1518
1460
1424
1396
1380
1410
1388
1440
1366
1368
1342
1416
1484
1424
1486
1544
1664
1620
1696
1746
1752
1728
1750
1780
1746
1820
1928
1904
1846
1736
1772
1870
1910
1882
1898
1778
1736
1648
1588
1542
1414
1346
1374
1438
1416
1398
1370
1388
1292
1234
1338
1264
1262
1176
1164
1082
1110
1212
1244
1182
1140
1180
1228
1210
1188
1220
1184
1156
1234
1258
1286
1220
1182
1226
1404
1332
1292
1302
1304
1292
1300
1274
1284
1234
1242
1228
1258
1306
1368
1370
1420
1478
1464
1468
1486
1536
1488
1534
1518
1538
1668
1588
1604
1552
1428
1450
1504
1586
1644
1644
1684
1530
1530
1482
1460
1392
1454
1412
1352
1284
1394
1276
1262
1268
1340
1262
1240
1276
1220
1326
1204
1166
1242
1262
1246
1230
1202
1170
1158
1052
946
918
976
992
1058
1050
1050
1068
916
958
836
894
878
896
972
988
932
970
834
840
842
872
774
800
740
750
706
700
770
822
888
938
1002
1006
1018
982
962
1018
976
958
1020
946
970
938
900
874
898
916
876
780
782
746
726
728
774
852
844
868
966
980
1014
1002
1024
1052
1096
1042
988
1080
1152
1106
1214
1312
1336
1280
1342
1310
1334
1246
1334
1322
1370
1328
1272
1230
1292
1366
1298
1318
1354
1340
1332
1300
1318
1304
1336
1382
1304
1320
1322
1312
1328
1254
1282
1280
1278
1372
1222
1284
1216
1234
1202
1202
1292
1274
1134
1108
1132
1218
1116
1140
1150
1206
1222
1166
1128
1072
1036
1044
1066
1088
1054
1046
1032
968
844
808
880
898
820
818
906
874
872
792
888
834
738
762
794
722
736
778
848
900
816
782
700
738
776
882
828
872
808
818
834
812
732
754
808
816
852
892
866
826
744
722
658
512
408
398
372
420
462
476
466
416
290
358
426
476
468
414
320
260
188
234
164
126
212
228
280
276
104
38
116
68
114
112
78
74
40
98
148
240
216
184
194
116
40
42
102
132
160
238
294
292
316
304
232
284
248
202
218
316
348
332
318
264
312
306
302
274
288
346
356
364
388
360
344
270
194
174
116
120
140
214
294
380
506
500
552
580
664
648
670
654
678
714
686
590
580
604
598
578
518
530
524
574
638
630
650
622
636
574
546
542
600
632
598
658
552
588
594
568
528
554
498
480
528
546
590
640
632
552
520
486
502
524
474
610
700
756
794
810
760
778
750
736
736
712
708
718
656
664
692
684
738
804
684
756
680
648
700
660
646
540
576
392
382
366
366
378
398
332
418
360
214
142
154
86
98
204
158
208
352
372
430
450
384
370
344
298
242
330
240
278
256
248
276
362
384
500
478
436
458
498
586
644
794
794
876
796
