728
742
722
708
746
752
740
774
768
806
780
794
768
778
760
748
768
806
816
788
762
766
764
748
774
758
776
790
818
852
882
856
844
836
840
818
818
818
844
874
872
838
888
898
900
866
868
890
914
898
890
908
888
900
900
942
920
908
890
900
886
920
928
866
884
896
862
856
906
878
876
864
872
870
890
894
896
864
828
806
812
810
814
794
834
822
782
822
782
770
786
784
804
792
764
750
762
798
784
790
744
758
756
772
742
760
704
686
692
682
696
704
716
716
712
738
752
772
802
792
788
814
854
850
866
882
858
808
852
850
852
828
812
824
830
802
816
812
848
890
912
904
890
902
940
926
920
904
912
910
906
906
846
832
786
824
844
826
812
820
818
866
880
872
850
874
858
852
870
840
840
870
882
894
940
918
920
922
928
924
876
850
840
848
862
856
830
828
828
850
822
832
852
838
818
830
840
822
838
838
862
850
808
834
844
878
864
876
840
844
880
866
856
840
830
876
880
872
886
858
886
878
898
892
894
906
914
898
918
922
910
872
898
898
892
870
890
850
836
804
812
808
800
828
828
866
846
828
810
834
784
804
804
818
828
860
850
822
822
804
828
788
796
768
788
776
788
816
824
834
826
870
866
794
808
798
814
848
846
854
862
864
866
848
766
754
770
796
802
834
830
844
820
804
838
808
798
800
794
804
814
796
800
780
752
706
784
738
770
776
780
774
760
808
834
824
798
794
804
776
852
884
858
852
816
758
726
738
702
694
734
720
694
718
694
718
760
742
782
772
792
766
760
754
688
672
690
736
740
734
800
828
852
878
862
872
864
876
872
844
878
834
856
878
868
822
786
774
830
836
828
808
820
798
810
790
808
848
836
836
838
870
868
884
890
850
838
828
800
802
794
812
758
736
750
712
690
712
728
742
744
760
724
760
752
794
796
790
756
752
706
766
732
746
738
732
778
750
752
804
838
868
872
894
874
848
820
812
826
850
876
890
848
836
806
820
802
804
826
850
844
836
842
838
818
794
774
766
778
784
792
788
776
742
782
766
776
768
736
794
822
840
838
870
872
868
840
832
820
782
770
770
766
754
756
740
776
780
788
816
828
818
816
790
818
784
830
794
790
812
818
854
876
852
846
828
830
824
834
880
858
862
826
820
832
822
806
814
810
808
746
768
748
770
734
736
752
742
724
792
794
752
720
742
734
738
768
772
758
742
724
730
744
776
796
798
762
728
756
770
780
810
796
814
834
824
778
806
760
758
780
796
812
812
856
844
814
802
850
868
874
878
850
828
858
854
848
824
802
782
782
808
808
786
810
794
798
770
758
774
786
816
846
858
850
884
874
894
900
924
906
900
894
898
880
884
860
844
822
824
814
826
828
858
852
886
916
908
922
944
920
884
878
858
846
834
848
836
836
838
822
802
834
860
846
846
842
806
788
754
728
772
750
788
772
714
754
710
700
738
706
742
730
682
666
672
640
678
674
706
738
744
736
732
742
742
734
742
780
816
856
880
854
856
854
860
868
908
890
912
884
918
906
876
866
846
834
828
812
792
844
834
856
888
920
916
936
928
920
902
872
876
896
896
888
904
868
870
846
834
840
824
818
812
854
870
862
838
800
790
836
832
842
876
802
786
814
824
814
810
832
844
824
816
818
834
818
804
846
816
782
820
824
828
852
810
826
816
808
796
834
850
854
850
808
816
786
778
784
782
760
738
696
722
722
754
750
728
738
766
770
752
760
730
752
756
778
780
776
750
802
834
810
866
876
882
896
874
878
864
860
874
870
850
864
852
846
846
836
802
784
804
828
804
794
804
804
804
814
804
810
820
822
838
828
860
882
906
914
896
900
874
872
874
890
840
798
804
856
852
864
870
888
864
866
842
852
856
888
922
930
906
856
836
808
820
844
876
880
886
862
858
874
894
880
900
912
910
886
906
938
888
872
854
822
842
834
838
836
844
840
844
852
848
836
818
824
810
778
790
776
768
764
728
728
724
718
764
790
798
804
772
784
800
770
766
758
736
734
754
736
806
778
738
740
716
692
690
694
654
668
616
632
616
630
596
582
590
604
580
558
570
566
564
592
556
616
644
686
694
652
678
656
690
678
672
646
626
630
674
694
672
658
680
674
688
714
716
722
744
768
748
800
774
754
758
734
724
678
714
716
694
750
744
800
820
772
796
798
804
802
794
794
812
794
772
768
806
796
830
830
846
846
806
780
782
768
786
806
816
832
858
876
870
856
860
852
874
854
900
894
874
864
840
838
870
910
914
898
876
854
826
822
800
812
848
826
834
840
868
822
838
850
838
840
856
866
910
854
854
830
828
822
828
844
820
814
820
828
868
844
804
794
810
794
816
850
888
888
882
890
906
918
924
936
936
920
928
908
906
898
900
900
900
900
898
906
896
896
898
900
914
914
908
872
880
890
892
898
862
870
852
904
872
892
914
888
898
896
916
912
912
924
938
886
862
896
898
890
872
906
884
888
902
882
900
890
912
912
888
860
860
838
848
820
790
780
798
764
728
728
742
710
776
778
758
746
746
788
840
862
850
846
876
868
846
840
826
818
792
792
838
886
910
908
918
914
904
874
862
858
898
906
926
918
926
928
922
936
908
894
890
886
888
898
894
872
842
830
816
724
730
784
774
792
780
822
822
820
834
790
776
764
766
764
722
756
764
796
786
822
812
750
744
710
706
672
666
648
642
672
672
680
688
636
648
642
654
702
700
634
626
614
646
648
636
614
618
644
658
628
644
640
626
650
676
708
726
684
624
602
616
574
570
590
588
624
646
624
610
636
628
618
624
636
672
676
646
606
644
666
680
686
688
672
736
708
724
736
758
768
754
740
776
762
714
700
726
706
722
710
710
702
736
742
742
718
744
726
712
660
648
634
626
570
580
588
590
590
606
596
624
626
612
562
570
624
636
624
542
538
556
564
560
522
508
482
438
430
434
456
536
552
560
530
538
546
556
550
602
610
558
598
594
622
636
680
722
744
740
744
732
734
728
732
762
740
746
752
736
736
760
754
742
756
734
754
808
852
848
864
876
872
882
862
892
856
844
830
844
828
874
852
894
870
900
910
894
846
816
778
834
804
800
840
852
896
888
898
900
908
892
892
880
904
862
884
850
842
874
910
936
936
914
902
918
920
918
886
870
870
878
896
902
880
890
896
910
882
856
836
840
842
830
848
866
878
884
890
856
830
818
796
826
810
764
780
754
778
808
810
776
782
788
798
750
766
770
770
782
742
758
756
762
774
814
824
892
904
892
872
888
878
882
866
856
842
838
852
832
826
824
830
816
826
838
836
814
778
770
818
820
858
866
808
812
826
864
864
832
856
824
846
904
896
886
894
878
886
836
818
814
808
826
798
812
810
808
814
800
782
770
748
726
716
776
762
794
822
822
844
814
832
830
826
770
786
772
764
756
740
720
704
724
784
770
766
758
830
806
818
840
846
864
884
882
886
892
844
852
816
832
842
870
870
862
854
854
844
874
844
832
824
816
824
858
846
820
852
870
840
876
900
888
886
884
870
812
796
800
818
808
784
812
804
798
852
866
898
916
928
902
884
914
928
898
928
910
914
930
908
896
880
856
858
880
880
880
880
906
918
874
884
884
896
888
928
914
910
888
866
862
864
864
870
876
880
874
850
866
856
818
810
832
838
822
804
774
800
824
818
794
790
824
838
866
854
850
856
834
810
848
860
864
874
846
842
824
816
862
870
878
890
884
882
866
876
850
804
802
814
800
798
804
742
762
766
796
752
742
740
742
776
746
794
808
762
766
768
804
770
782
756
802
826
836
796
792
856
858
870
902
910
886
892
882
884
870
896
912
866
838
808
840
862
878
866
906
918
882
896
890
900
900
862
856
872
876
856
876
886
878
894
850
802
830
860
882
820
810
810
802
768
742
754
746
752
794
808
848
834
842
854
814
892
886
896
898
884
894
884
870
880
878
856
842
860
832
800
814
822
850
850
856
842
840
812
768
768
756
768
778
772
774
756
744
772
808
802
818
810
812
822
868
838
886
880
888
904
924
902
876
880
896
886
914
892
876
898
906
894
870
904
916
904
906
910
914
900
882
876
874
912
886
926
906
890
898
892
892
848
854
834
856
842
864
852
862
878
866
828
830
812
780
806
820
808
802
800
806
778
790
772
792
788
770
812
824
790
788
776
750
736
710
700
636
634
620
660
686
704
650
614
584
612
600
592
648
648
686
708
708
688
668
632
560
606
574
616
606
622
628
616
652
672
690
682
668
686
718
700
674
640
694
650
652
602
594
572
590
566
550
530
498
504
490
480
502
474
442
436
448
446
432
488
492
500
526
542
544
576
588
602
634
660
674
658
646
608
578
582
602
602
612
648
692
690
678
654
612
614
660
726
696
674
696
724
726
714
716
716
684
676
690
690
742
744
720
672
698
764
744
730
760
736
728
704
698
728
702
670
638
656
652
690
696
710
722
734
778
780
796
800
792
780
826
796
776
796
816
814
832
810
828
808
826
838
840
846
874
866
876
840
858
832
866
880
862
872
852
