778
802
764
732
720
690
780
788
802
766
744
722
758
778
764
764
762
750
720
736
752
806
778
740
750
772
786
792
780
790
798
790
810
834
810
818
796
810
816
806
818
802
824
834
816
868
874
890
906
896
864
874
894
912
898
900
876
898
890
892
856
836
858
852
870
858
866
872
906
896
922
938
934
940
934
938
912
918
940
942
940
914
930
914
906
898
908
910
914
898
902
870
894
914
896
896
870
892
934
922
926
896
876
858
844
818
854
844
850
854
906
880
878
912
870
850
868
880
880
852
870
860
880
890
866
882
868
900
916
932
924
926
918
872
940
936
896
896
878
842
854
862
866
872
886
882
864
856
888
890
882
904
904
896
898
920
954
944
904
922
912
928
928
932
938
908
920
902
894
850
860
830
784
840
854
834
856
844
852
860
880
906
928
928
928
946
944
950
948
932
906
906
924
894
886
890
866
882
900
874
876
900
896
900
926
894
910
908
922
908
898
876
846
870
810
798
818
858
856
856
838
810
834
850
896
906
908
870
894
890
896
916
906
900
876
876
894
860
866
870
866
858
866
890
900
884
900
892
888
894
876
880
888
884
894
904
872
874
874
880
890
912
902
876
858
868
870
888
884
914
924
898
910
914
906
886
868
884
872
866
880
844
820
820
802
810
812
812
782
780
736
730
750
814
816
790
760
746
750
740
760
772
724
730
684
652
652
656
638
654
652
654
674
708
748
750
762
770
744
744
712
704
680
666
700
666
650
654
690
686
670
646
690
734
714
720
734
738
774
784
790
802
836
828
808
858
814
816
832
814
868
868
848
858
862
856
900
884
886
854
854
880
854
824
874
902
900
894
878
862
870
852
858
860
890
878
858
844
828
848
838
860
846
834
812
802
816
848
866
904
864
864
882
876
898
906
920
920
958
950
936
926
916
912
916
928
884
894
902
898
882
902
904
912
914
926
908
928
896
914
916
966
946
944
934
930
906
918
926
908
904
916
932
932
922
900
872
848
830
860
874
860
812
800
808
830
830
794
784
786
768
754
730
772
738
754
738
718
748
740
758
802
786
816
844
800
806
810
790
744
752
756
752
724
694
724
768
790
752
712
738
768
770
788
768
734
708
700
690
684
672
644
606
634
606
626
648
664
688
682
662
618
618
632
702
712
684
662
692
678
688
708
742
726
728
744
726
676
694
712
718
700
710
688
680
708
732
708
720
744
760
744
744
760
768
776
794
812
834
800
782
718
644
668
648
648
690
684
730
704
732
716
730
722
724
744
736
716
710
702
710
680
686
656
682
678
670
648
650
674
678
668
664
692
694
698
704
706
724
740
754
726
718
692
672
630
628
612
620
612
622
658
662
648
654
650
634
576
554
616
608
644
624
658
630
602
608
642
654
644
660
636
644
662
686
692
700
748
788
776
732
694
690
712
688
688
684
668
632
642
652
632
634
628
592
588
592
636
618
614
634
620
648
596
610
590
568
570
588
534
564
582
594
650
666
644
648
604
550
558
564
570
560
550
516
530
512
572
560
566
562
542
552
548
526
532
536
554
538
598
584
610
594
614
634
670
664
624
638
672
676
712
724
706
724
752
744
692
732
742
726
694
660
674
674
676
742
754
718
724
740
726
720
720
668
690
670
698
700
720
688
700
724
746
788
772
800
852
868
816
824
830
836
834
824
828
790
824
822
854
892
864
826
818
826
862
910
874
814
850
844
878
860
872
840
812
818
820
816
850
868
868
866
866
892
868
858
856
870
856
864
852
868
860
840
854
842
886
888
860
870
850
830
816
818
816
822
810
822
824
822
862
870
860
866
892
894
878
872
904
920
916
894
886
886
852
880
852
872
878
856
876
878
884
858
860
860
854
864
856
856
894
866
870
874
874
854
852
832
858
852
792
782
778
778
800
812
804
828
804
826
804
820
804
774
788
782
776
800
818
804
814
838
840
820
828
820
828
836
812
836
844
864
892
882
874
846
890
876
900
856
866
864
894
904
906
872
852
856
834
822
832
838
894
932
938
880
894
876
874
856
910
910
850
850
846
878
902
914
916
926
928
928
908
914
914
868
860
886
880
886
842
828
808
826
858
832
850
856
880
892
878
862
868
894
894
896
920
914
914
920
918
906
900
912
880
918
932
920
910
932
926
942
928
896
890
882
856
894
866
854
856
854
872
850
866
848
874
832
830
840
860
842
784
776
832
850
818
868
888
918
926
900
886
914
932
892
894
888
878
850
814
852
860
870
888
900
898
888
884
908
896
860
852
868
866
896
888
900
894
892
892
896
892
914
904
904
896
906
886
882
864
848
848
864
862
838
836
852
890
890
856
860
874
858
798
774
766
772
814
794
776
772
790
800
826
820
794
824
824
828
826
816
798
796
798
762
748
754
792
794
800
810
810
852
836
834
880
850
820
810
826
862
828
830
866
858
906
912
930
924
904
924
896
884
896
928
890
894
884
870
876
878
894
886
894
916
872
870
882
882
912
908
926
950
916
908
906
908
884
866
894
886
870
876
882
886
904
894
878
894
896
884
886
876
878
836
824
770
754
778
794
818
826
828
828
810
844
852
874
852
876
836
836
864
878
884
874
882
854
870
858
842
890
884
888
876
894
912
898
868
886
882
874
846
806
750
726
746
750
778
778
776
822
828
842
848
862
862
836
858
864
854
870
880
882
828
858
866
840
822
822
814
842
830
838
838
838
834
854
884
908
932
902
916
930
876
858
874
862
858
894
908
910
902
886
906
874
888
886
888
870
878
904
884
846
826
858
822
822
860
836
824
830
820
822
852
888
852
858
878
860
904
882
856
894
880
854
870
904
872
880
872
884
888
880
886
892
886
868
824
860
858
896
892
880
874
872
898
918
894
888
868
882
880
840
806
818
888
918
914
892
882
894
892
884
848
876
864
886
876
868
852
834
840
804
822
862
834
868
892
892
928
920
916
922
914
888
868
882
858
880
880
868
838
810
852
826
844
862
894
872
892
914
920
902
892
906
910
898
884
860
862
862
860
848
868
834
854
836
808
804
822
792
792
778
784
738
740
730
692
706
698
720
740
766
776
796
830
808
774
718
752
796
832
866
900
924
902
870
884
886
898
912
904
894
884
900
910
920
916
884
894
846
844
848
906
928
936
942
940
930
934
932
908
926
934
928
904
886
902
918
918
920
922
942
948
948
954
932
924
936
908
906
870
872
920
906
906
894
878
896
898
862
862
854
884
894
868
874
858
876
898
888
862
866
872
874
892
886
890
896
886
872
860
884
872
898
894
896
850
838
856
846
810
828
820
844
876
920
882
878
894
874
876
910
926
926
912
900
902
872
880
876
838
838
830
866
846
846
812
830
854
860
860
854
840
822
838
848
870
836
806
844
846
828
876
876
868
872
918
890
842
836
834
842
860
868
812
816
838
836
796
774
776
726
722
760
762
764
764
772
802
814
774
828
832
836
826
802
820
842
848
864
844
844
894
856
864
868
846
822
826
838
804
834
806
822
780
782
782
798
770
788
794
814
828
822
836
852
854
830
842
876
886
890
920
912
882
848
838
850
826
868
872
884
884
878
870
872
892
908
912
920
902
928
912
888
870
890
898
894
888
914
900
914
908
908
902
890
910
914
934
910
870
870
874
882
880
852
844
862
850
852
886
926
886
864
842
862
866
860
842
826
830
832
846
840
846
840
842
844
848
822
838
846
842
864
892
910
870
866
886
852
876
860
868
876
908
898
892
908
916
920
896
916
894
880
874
880
884
876
864
886
866
900
886
882
900
876
888
892
854
884
876
900
882
834
834
862
862
844
868
890
866
864
886
894
876
848
860
852
858
828
852
844
846
832
812
822
818
836
862
850
876
864
868
862
846
842
834
858
824
846
838
860
864
852
858
810
820
786
786
764
818
794
788
768
748
752
766
770
786
818
840
794
754
762
772
810
820
808
792
820
790
782
790
798
776
766
784
758
756
750
742
758
756
790
794
780
810
816
830
822
816
804
798
806
826
856
866
862
844
876
874
900
892
860
812
800
818
818
810
810
808
850
832
880
834
844
846
822
822
816
822
828
846
828
828
860
898
838
828
820
812
752
744
806
836
848
852
878
890
900
882
904
910
932
934
926
904
882
890
882
880
886
896
902
910
882
870
866
868
888
878
854
864
868
900
912
864
862
868
852
814
846
880
872
860
872
878
890
832
850
824
836
870
886
900
898
860
896
898
900
896
888
890
892
888
890
852
838
854
864
880
858
874
862
880
900
902
882
914
924
912
898
898
916
888
904
884
896
890
910
848
850
882
894
898
900
888
892
896
896
880
908
922
924
926
950
932
932
952
920
934
934
922
906
868
886
914
880
882
910
864
882
896
920
916
906
924
914
878
848
832
824
812
836
842
832
842
834
826
788
822
774
786
840
812
852
828
866
836
842
840
864
888
884
908
906
892
898
888
930
916
924
922
906
896
876
862
860
830
818
854
858
864
886
912
876
818
824
818
830
828
800
810
838
858
882
860
818
802
802
810
776
800
848
882
862
896
914
860
854
852
846
834
848
868
872
