224
144
118
160
314
378
386
168
112
190
164
36
64
36
4
42
44
114
86
64
2
134
118
190
164
114
56
228
390
188
62
164
110
276
2
108
58
76
148
204
188
60
90
102
180
2
24
192
248
316
192
102
78
86
154
170
404
370
328
242
396
272
242
168
14
28
44
118
48
2
182
294
368
322
176
260
228
300
164
98
46
168
360
270
348
322
270
318
220
214
430
272
360
680
674
764
802
860
660
618
606
620
638
596
580
672
702
834
854
872
862
782
666
660
622
718
796
772
808
706
694
650
938
844
898
1018
1232
1294
1220
1362
1288
1032
1086
1162
1064
1082
1090
1190
1200
1160
1106
1092
948
1154
1146
1100
832
778
800
724
620
566
486
468
384
220
208
120
116
38
142
308
258
238
338
158
220
256
304
228
120
88
108
252
230
348
326
172
196
68
130
240
246
236
102
8
182
46
20
10
56
206
190
26
18
130
188
152
110
2
86
84
226
30
96
184
270
260
350
216
250
124
154
112
112
148
190
24
136
220
366
558
520
644
782
634
718
730
640
408
558
652
578
508
518
548
474
440
330
204
172
48
2
136
144
4
32
232
246
190
186
28
78
40
70
112
34
40
30
2
226
342
286
260
288
406
444
248
248
150
276
276
258
170
100
126
296
338
448
502
542
694
774
924
944
1038
982
1040
1010
1122
964
998
868
812
704
808
590
658
522
674
668
600
410
314
310
240
156
156
36
88
164
188
228
388
428
364
280
210
64
40
168
244
234
102
92
304
272
320
354
472
544
618
726
628
940
902
898
696
988
978
966
940
1006
976
916
798
886
714
532
712
720
674
832
766
814
882
902
960
1132
1272
1122
1138
1188
1242
1520
1518
1700
1714
1776
1632
1572
1448
1354
1554
1704
1726
1704
1750
1730
1616
1628
1668
1532
1684
1964
1950
1890
1734
1672
1572
1646
1652
1744
1718
1580
1554
1542
1524
1526
1520
1542
1634
1674
1736
1654
1688
1628
1534
1486
1548
1566
1580
1576
1636
1630
1624
1490
1486
1376
1468
1382
1346
1418
1386
1266
1208
1166
1048
928
744
888
840
924
962
848
692
626
490
738
616
550
558
572
706
812
766
626
826
828
706
614
742
594
556
474
462
388
486
468
364
332
310
370
358
420
310
346
280
266
448
462
426
348
530
414
430
322
208
198
16
30
62
0
98
126
138
168
62
32
4
30
146
322
346
362
222
226
198
156
334
390
420
252
54
112
128
188
206
36
120
172
100
150
142
242
204
134
60
190
138
112
10
50
206
202
226
180
136
14
56
10
14
50
0
74
62
130
254
308
4
152
164
48
172
218
82
218
174
296
368
132
42
104
164
68
142
144
126
120
118
24
104
160
172
140
116
396
438
436
520
450
502
482
726
626
542
712
656
528
518
504
596
562
550
454
662
508
574
384
236
452
444
316
314
438
262
62
108
26
42
98
114
24
148
236
384
392
416
332
548
784
716
684
642
812
832
786
614
538
628
656
486
520
348
204
296
254
206
102
84
36
64
102
134
66
16
86
184
162
120
204
236
206
372
456
312
332
550
542
560
544
550
500
472
550
666
752
790
766
776
644
554
772
648
614
664
766
866
836
868
784
870
728
716
792
566
678
592
596
470
508
456
628
600
696
584
738
634
600
600
652
696
538
686
688
308
96
124
364
140
76
162
20
170
186
310
172
278
232
158
280
256
190
74
120
110
212
328
400
312
286
286
264
168
128
88
86
204
194
8
66
44
118
164
156
168
166
152
66
14
128
46
26
280
340
470
338
154
80
104
126
44
174
180
308
222
336
520
720
538
412
478
438
326
410
366
560
504
556
558
454
228
296
246
240
414
390
16
48
138
224
106
2
36
136
130
138
60
50
56
236
460
514
326
242
370
296
162
102
240
186
380
350
230
254
140
248
406
446
286
200
204
118
236
272
300
134
216
38
18
26
122
168
174
240
168
136
150
230
362
564
538
414
272
460
580
558
656
636
692
688
704
588
478
528
366
122
124
80
186
74
98
32
28
152
160
222
218
224
148
86
54
218
268
128
186
244
320
342
636
634
660
830
926
732
626
488
502
342
326
320
494
514
554
578
534
426
442
160
400
512
442
540
296
296
406
404
256
190
358
496
510
492
560
466
602
592
556
552
554
572
542
460
274
90
52
64
246
60
48
40
0
142
292
292
316
328
338
332
126
196
150
74
16
60
58
76
68
118
252
312
122
320
218
128
204
172
16
18
22
4
58
18
220
306
218
240
376
448
262
288
294
396
454
594
650
834
742
622
404
488
588
580
522
420
364
310
376
410
166
138
22
48
16
150
50
332
134
88
48
92
170
226
64
80
138
140
4
176
370
320
394
624
700
868
824
790
686
734
646
792
928
718
802
784
808
800
758
572
578
528
692
650
582
596
532
450
476
494
578
676
568
434
352
226
250
248
240
398
474
486
358
246
178
254
270
192
256
82
36
22
96
52
12
102
32
24
124
144
142
46
4
24
6
98
22
4
52
130
164
260
446
594
650
778
658
556
592
584
622
624
550
460
382
378
274
330
246
330
512
572
516
500
524
496
402
520
468
388
334
184
276
232
200
94
188
126
292
312
164
132
278
170
188
312
434
316
310
522
614
686
612
590
430
582
588
676
588
502
308
422
266
390
260
152
380
342
182
416
260
156
6
6
24
10
228
352
294
208
262
298
228
322
116
176
76
26
86
8
140
108
240
248
332
556
578
618
562
674
810
802
978
964
1012
1090
1304
1272
1180
1180
1116
1118
1096
810
734
804
980
738
764
670
684
564
610
696
684
822
934
974
980
986
1062
1038
904
1020
1222
1252
1040
984
972
948
880
910
832
746
632
670
548
632
660
756
684
422
254
162
256
260
252
150
194
128
316
352
370
486
416
404
416
468
512
612
686
898
682
724
708
736
872
800
818
994
1004
1156
1220
1220
1062
1024
994
1124
1152
1290
1268
1226
1200
1280
1054
910
1010
1000
1058
1304
1208
1114
946
832
746
764
798
862
952
912
872
756
908
1072
1210
1346
1224
1148
1020
990
1042
1086
1116
1104
1192
1052
1024
1036
900
762
796
720
650
534
662
630
736
632
676
586
458
488
404
542
362
450
348
236
264
282
354
572
608
422
320
316
324
406
260
320
190
132
174
240
262
218
354
432
328
334
412
448
526
466
440
522
614
588
666
780
628
654
682
680
668
530
350
456
482
440
468
604
670
664
480
448
362
208
66
62
78
112
230
282
228
336
356
376
444
322
320
410
172
282
254
36
32
38
22
56
90
30
176
10
38
14
28
126
32
12
24
64
12
170
258
312
420
492
518
586
514
442
558
510
718
734
912
1100
1170
1138
1162
1082
1098
1102
998
1030
1306
1350
1338
1252
1230
1236
1190
1444
1552
1566
1624
1496
1484
1458
1246
1210
1198
1156
1260
1304
1120
1122
1184
1130
1096
1022
1060
1088
1154
1034
1108
1156
1088
1044
1010
1112
1296
1122
1078
1078
1070
1050
954
928
792
954
1092
934
1042
1080
948
940
950
1034
702
720
678
618
602
614
638
802
804
834
1050
1058
1078
976
886
754
830
710
728
630
602
714
550
436
374
382
308
264
358
316
434
508
240
230
372
414
378
410
394
272
460
550
628
630
700
712
706
772
676
458
390
414
330
326
200
374
170
42
122
58
48
2
16
82
98
182
178
18
34
50
172
272
274
482
574
478
326
376
386
592
692
500
410
326
350
358
344
416
356
338
118
178
234
152
106
194
212
198
186
320
350
450
492
540
578
498
622
534
610
442
570
526
598
638
568
464
538
612
560
688
642
690
632
540
418
468
478
582
604
546
646
808
772
928
966
880
982
890
862
910
784
716
742
534
544
498
442
550
756
568
364
448
406
440
562
726
758
684
490
446
274
234
12
218
540
324
416
394
370
260
278
320
452
512
534
676
700
704
736
778
708
562
608
590
702
650
608
720
666
740
824
938
968
966
1012
1004
1060
1064
1078
1152
1178
1222
1016
824
736
742
810
782
828
782
622
768
794
788
780
724
702
698
728
584
396
290
70
166
232
304
312
312
116
50
196
292
188
140
72
14
130
78
32
40
218
262
166
182
116
166
42
278
254
172
176
244
438
492
260
478
586
560
452
456
326
238
170
254
434
438
508
452
506
296
2
12
20
6
46
114
224
238
118
48
136
52
18
32
8
20
48
76
32
152
108
154
162
306
156
232
38
2
156
298
500
328
452
356
490
408
336
456
470
440
476
578
340
512
550
528
376
278
384
368
422
322
326
286
248
146
258
194
0
132
34
122
50
104
88
122
124
48
196
264
388
398
276
240
210
324
544
546
522
672
582
624
420
546
626
534
634
442
614
602
588
614
738
610
522
232
158
164
392
422
564
514
390
420
412
308
536
640
504
454
552
588
646
618
710
520
630
516
634
616
604
562
710
518
614
798
608
582
650
834
860
646
532
616
734
792
844
692
718
782
638
656
770
692
742
552
760
724
784
804
848
1022
1106
1204
1094
838
666
662
444
364
352
378
368
348
530
552
520
512
610
784
920
858
818
882
888
892
912
896
1014
894
734
700
610
424
618
604
546
414
202
226
32
88
52
86
52
64
134
124
180
242
262
124
372
458
234
378
314
150
174
264
306
418
620
506
498
522
634
620
560
726
596
626
488
414
474
558
650
524
532
738
944
992
1128
1150
1182
1220
1076
998
1244
1146
1306
1272
1200
1258
1346
1336
1268
1076
1036
1104
1080
