810
716
612
716
626
598
580
634
674
654
632
668
722
704
642
550
726
684
574
648
732
590
488
560
580
636
678
628
650
618
648
600
700
668
586
538
528
532
496
454
580
576
582
550
670
746
698
698
664
554
420
488
446
382
406
378
358
330
398
498
458
454
502
592
526
592
558
560
484
436
460
494
506
456
458
390
454
314
334
276
320
420
440
450
484
468
360
274
348
252
222
178
152
128
92
104
76
80
40
34
130
96
158
154
146
198
296
432
318
316
334
240
284
338
296
284
220
334
374
438
406
376
360
388
430
508
530
560
612
502
482
578
676
654
762
724
764
744
774
810
778
680
682
726
782
788
790
898
880
912
872
792
782
758
688
586
546
506
448
356
380
388
468
500
592
596
556
746
634
648
602
578
574
522
572
552
588
648
676
550
510
486
564
656
568
494
484
508
502
526
662
664
642
712
694
674
754
756
736
788
766
830
846
782
826
750
716
748
780
846
754
702
644
608
670
830
822
782
782
894
774
806
694
724
640
586
430
496
454
508
490
466
450
526
524
626
638
680
602
630
552
594
674
756
702
750
758
710
762
792
862
848
772
812
828
894
854
912
824
856
772
854
792
762
624
682
722
690
804
806
766
784
756
812
836
800
750
724
692
788
712
776
906
908
866
876
892
888
854
864
810
656
676
612
640
678
656
602
644
664
710
686
682
732
662
766
722
688
688
766
764
728
730
798
718
640
648
616
654
640
596
504
556
592
520
706
642
682
668
628
602
668
620
662
794
822
1038
840
906
918
986
960
950
942
982
1022
870
782
754
682
624
594
532
518
576
678
712
820
922
868
828
762
746
804
794
804
770
742
826
976
954
904
940
818
860
814
854
862
874
820
878
850
908
952
866
938
992
954
862
952
868
912
962
1052
1108
1190
1242
1216
1254
1278
1184
1258
1214
1140
1192
1192
1220
1154
1174
1196
1292
1328
1382
1416
1432
1398
1492
1568
1488
1386
1346
1352
1326
1326
1398
1342
1248
1230
1132
1178
1172
1100
1126
1144
1160
1232
1146
1166
1028
940
978
1058
1154
1154
1156
1156
1110
1168
1222
1144
1022
1062
1174
1186
1122
1062
986
916
900
912
990
1048
1072
1106
1208
1170
1208
1106
1110
1200
1266
1174
1288
1212
1328
1362
1446
1394
1334
1384
1286
1258
1266
1278
1318
1282
1262
1234
1252
1194
1254
1176
1158
1130
1092
1102
1094
1126
1302
1278
1308
1438
1484
1412
1322
1286
1338
1320
1334
1336
1338
1326
1362
1390
1422
1344
1400
1376
1370
1322
1262
1268
1182
1158
1146
1182
1226
1128
1114
1152
1082
1044
1070
1088
1064
996
1014
976
956
896
882
882
1000
952
922
906
874
968
942
778
770
844
844
876
864
834
824
874
918
948
998
1038
1098
1154
1242
1304
1270
1328
1336
1368
1292
1276
1286
1298
1272
1272
1182
1190
1270
1256
1280
1322
1220
1214
1118
1170
1270
1228
1330
1226
1274
1318
1306
1216
1206
1190
1224
1110
1104
1040
1006
1054
1006
1002
982
972
1052
1100
1212
1236
1370
1358
1476
1566
1464
1444
1424
1404
1302
1270
1310
1408
1408
1414
1342
1332
1388
1500
1552
1538
1522
1576
1544
1438
1476
1318
1376
1286
1272
1150
1146
1172
1118
1014
1052
1052
976
902
950
974
1034
936
972
1004
918
906
930
922
1004
886
1022
1062
1018
1076
1114
1260
1098
1032
1046
1058
1160
1038
1060
952
920
858
778
808
734
806
916
984
954
1010
862
858
770
790
812
734
656
758
752
712
748
722
816
864
992
952
840
758
708
646
704
620
698
702
842
810
806
858
882
834
852
850
852
804
786
748
798
796
838
962
1038
1072
1050
1022
1056
994
958
834
934
940
1014
1118
1056
1066
1030
956
908
992
992
990
1098
1118
1024
972
1008
984
1026
1076
1118
1168
1270
1280
1246
1212
1218
1228
1286
1298
1370
1256
1302
1176
1208
1366
1450
1314
1296
1346
1304
1274
1194
1132
1108
1178
1278
1244
1082
1036
964
1000
942
890
894
854
808
854
842
894
918
962
864
830
860
838
826
838
828
714
744
758
712
790
750
748
716
632
628
634
498
522
574
520
548
640
586
580
658
784
724
676
690
610
726
674
632
698
698
628
580
600
578
616
654
718
686
706
758
826
818
698
678
588
508
546
566
538
430
454
358
452
406
458
444
452
326
330
490
496
524
534
530
446
468
492
436
480
480
404
392
422
554
464
406
322
452
422
476
492
450
430
412
478
408
354
406
452
444
436
428
432
500
502
454
412
380
392
394
290
218
144
144
316
254
292
292
304
182
266
226
228
328
340
320
322
310
244
254
240
272
310
198
186
178
186
220
172
206
362
358
390
536
498
482
468
504
488
422
424
338
346
396
416
434
402
436
348
544
576
588
560
722
708
720
794
794
866
912
896
848
824
876
818
744
744
710
678
660
658
746
668
636
776
776
736
788
830
856
840
966
982
912
910
852
864
824
804
818
746
732
750
770
778
730
760
754
696
692
720
754
622
580
714
686
800
740
716
602
616
548
634
636
760
636
714
690
552
546
632
554
396
370
356
330
468
538
598
490
522
572
576
498
520
618
626
706
664
648
574
602
582
446
512
508
538
494
432
430
568
570
560
540
430
466
490
492
458
470
558
462
620
654
682
728
688
774
856
928
946
1018
972
1080
1138
1150
1188
1074
1014
986
1024
994
1008
1104
1102
1004
842
810
836
810
786
946
960
1022
994
1030
1086
1188
1222
1228
1202
1188
1288
1322
1242
1190
1262
1302
1222
1170
1156
1198
1202
1226
1286
1204
1162
1134
1078
1006
982
948
906
832
960
918
942
904
966
1072
1092
1106
1038
1102
1124
1124
1214
1220
1182
1190
1172
1114
1142
1080
1140
1116
912
928
982
924
974
848
930
1000
1110
1086
1080
1020
942
854
950
1008
964
1036
986
952
934
886
870
968
952
972
1012
1082
1118
1138
1146
1150
1254
1352
1408
1466
1466
1500
1586
1612
1604
1642
1632
1688
1610
1574
1556
1648
1632
1720
1618
1584
1586
1598
1590
1588
1578
1504
1354
1384
1398
1360
1290
1276
1376
1324
1372
1364
1428
1510
1568
1512
1476
1428
1438
1402
1418
1306
1370
1340
1278
1168
1158
1262
1372
1376
1288
1254
1282
1348
1226
1102
1202
1326
1226
1244
1276
1220
1248
1350
1336
1352
1320
1272
1274
1318
1270
1338
1216
1266
1342
1224
1154
1254
1166
1186
1202
1288
1230
1192
1340
1362
1368
1442
1406
1380
1460
1450
1428
1372
1248
1262
1212
1296
1306
1358
1418
1444
1424
1458
1424
1284
1156
1122
1162
1194
1226
1340
1276
1226
1164
1224
1232
1262
1174
1220
1130
1162
1144
1156
1062
1034
950
1014
998
962
1030
1082
1166
1132
1214
1178
1202
1218
1208
1294
1312
1318
1262
1216
1246
1180
1214
1210
1196
1208
1198
1208
1220
1172
1074
922
870
850
908
752
736
810
832
862
808
788
836
764
838
814
754
702
660
748
646
704
838
842
834
828
814
918
940
904
938
900
848
892
816
836
802
784
948
962
992
782
898
902
756
746
632
630
506
564
636
634
550
492
476
398
448
524
550
534
548
476
500
518
616
556
642
622
544
434
530
546
570
608
590
666
758
718
766
694
692
550
528
534
586
596
570
580
596
576
670
534
540
500
436
374
374
338
454
358
494
532
456
474
372
460
480
524
346
414
544
520
462
506
598
630
602
618
696
706
786
738
766
830
802
842
774
734
820
700
864
886
714
640
532
452
518
552
468
508
454
540
502
404
382
374
298
370
336
280
324
400
470
442
498
554
684
754
668
736
864
1040
1050
968
1060
1030
944
968
882
832
884
822
868
866
972
936
934
926
914
890
828
838
758
624
552
634
698
718
718
740
734
678
820
720
772
764
720
768
674
746
676
646
714
810
792
708
716
640
652
598
630
714
636
636
720
746
738
630
748
858
826
730
738
686
574
652
646
622
676
722
690
662
648
634
560
574
494
478
544
536
484
436
396
444
580
598
534
616
622
594
686
716
712
664
586
490
510
474
538
404
350
268
408
570
566
474
378
344
344
502
464
430
334
284
304
402
442
418
436
412
406
468
444
456
394
454
382
384
274
378
376
362
410
452
482
556
498
432
410
456
526
508
412
472
388
328
334
194
164
174
268
236
274
322
340
302
352
380
292
256
388
458
398
338
354
486
436
422
396
484
544
452
448
534
416
382
260
266
140
190
244
240
192
234
200
236
212
188
220
322
290
308
314
304
292
248
344
374
352
312
184
160
190
90
170
78
118
108
96
98
42
2
44
42
6
102
216
168
162
88
130
160
104
82
34
80
48
52
70
136
150
140
68
32
58
20
116
144
256
346
338
360
358
410
364
362
330
408
478
418
402
428
348
360
432
434
516
630
612
594
700
674
680
592
500
606
674
620
568
440
478
500
604
462
412
432
466
620
596
754
672
670
630
704
744
838
788
780
782
852
774
754
816
848
782
818
776
664
636
632
570
524
518
556
480
484
528
560
542
628
682
620
622
652
646
620
650
764
780
782
736
612
602
500
360
348
304
298
214
162
120
230
360
364
366
414
370
362
318
312
322
314
402
320
470
432
522
530
522
542
552
560
520
468
554
604
550
576
546
528
500
476
354
320
378
332
306
266
254
248
240
206
182
98
20
104
232
192
112
42
28
186
278
194
140
270
326
330
452
440
434
440
428
430
426
358
366
306
334
364
314
394
354
398
460
494
392
340
288
314
234
332
324
284
368
306
230
224
262
184
310
324
160
108
120
80
64
10
50
82
114
126
176
14
58
100
48
60
120
130
114
82
64
142
154
144
136
12
116
184
234
156
202
160
104
110
152
92
14
46
22
56
88
114
82
4
28
36
50
40
26
22
86
104
92
96
174
40
36
70
86
176
238
142
38
54
18
60
74
94
64
4
100
92
122
46
8
74
8
12
18
84
122
