636
610
612
588
600
556
566
366
516
484
626
334
228
112
98
60
98
164
254
338
328
336
212
182
360
402
474
566
664
530
660
728
664
640
554
596
646
714
828
864
772
840
784
608
558
564
500
560
578
678
578
594
760
760
784
744
726
514
574
572
662
700
804
634
512
472
548
498
414
542
674
714
662
738
896
960
878
1022
986
1000
1120
1084
1078
1046
1032
892
818
686
594
510
446
390
396
398
502
416
430
438
548
518
638
580
596
678
602
562
486
350
408
444
436
488
450
258
222
302
156
198
76
148
28
20
98
154
138
82
180
228
210
218
320
210
92
110
218
228
294
174
82
14
208
200
250
414
350
390
326
172
178
44
102
104
34
74
88
24
70
122
84
72
134
92
24
34
88
44
16
26
60
30
70
114
152
100
200
144
160
56
88
42
8
54
16
114
152
272
358
494
322
158
228
294
98
26
50
74
8
130
200
312
204
332
360
228
46
134
2
114
60
20
108
164
316
312
306
490
506
668
668
564
468
402
410
432
494
430
792
854
810
916
1014
880
894
976
886
920
1014
988
950
928
988
1188
1242
1196
1174
1112
1142
1080
1208
1188
1250
1470
1510
1408
1428
1490
1546
1552
1406
1468
1526
1524
1268
1418
1382
1382
1198
1254
1268
1198
1092
1100
1172
1268
1200
1170
1074
976
1046
936
882
950
930
942
982
902
936
862
904
946
1022
986
1012
1096
1092
1206
1180
1120
1204
1206
1262
1296
1342
1362
1462
1398
1444
1456
1658
1712
1664
1840
2058
2102
2142
2164
2372
2252
2196
2124
2196
2206
2104
2216
2230
2216
2220
2328
2476
2484
2482
2522
2524
2540
2542
2558
2648
2530
2494
2562
2392
2200
2194
2372
2348
2404
2448
2570
2508
2642
2562
2630
2826
2782
2742
2832
2796
2854
2808
2750
2838
2918
2940
2910
2998
2980
2964
3048
3118
2934
2904
2832
2718
2702
2566
2656
2696
2686
2700
2702
2746
2716
2674
2680
2662
2534
2542
2572
2560
2434
2642
2682
2798
2774
2808
2754
2876
3020
3052
2910
2884
2876
2712
2826
2968
3006
3042
2946
3036
3332
3284
3140
3140
3324
3196
3158
3234
3348
3528
3562
3666
3588
3718
3710
3652
3578
3598
3570
3442
3548
3504
3468
3414
3558
3660
3528
3638
3680
3612
3690
3622
3610
3532
3574
3446
3560
3500
3678
3580
3688
3612
3568
3598
3708
3714
3636
3646
3510
3570
3632
3570
3478
3468
3544
3432
3508
3508
3550
3502
3620
3722
3946
3874
3906
3976
3926
3914
4060
3956
4040
3930
3786
3830
3828
3852
3722
3756
3946
3856
3802
3868
3898
3872
3696
3632
3612
3564
3496
3690
3590
3606
3598
3460
3574
3628
3632
3532
3472
3430
3344
3404
3412
3570
3454
3468
3356
3250
3322
3340
3370
3408
3362
3236
3098
3120
2998
2938
2942
3018
3012
3058
2940
2868
2924
2936
3072
3138
3064
3022
2848
2924
2920
2988
3094
3092
2894
2946
3024
3000
3022
2950
2810
2948
2886
2732
2730
2772
2588
2662
2612
2612
2684
2704
2718
2684
2618
2676
2614
2602
2564
2606
2652
2480
2528
2580
2578
2782
3004
2972
2764
2598
2564
2480
2442
2442
2116
2080
1946
1952
1952
1938
1980
1906
1942
1880
1834
1818
1820
1654
1782
1834
1846
1854
1874
1766
1882
2238
2132
2212
2274
2340
2216
2206
2168
2134
2086
2264
2228
2116
2094
2354
2288
2316
2352
2380
2298
2210
2324
2474
2592
2672
2466
2372
2354
2372
2594
2580
2582
2672
2658
2874
2750
2748
2680
2744
2616
2590
2650
2450
2408
2600
2668
2654
2704
2652
2736
2768
2582
2610
2638
2642
2662
2764
2624
2620
2730
2804
2682
2702
2740
2850
2724
2708
2740
2742
2666
2592
2522
2456
2434
2330
2380
2476
2428
2650
2428
2282
2418
2364
2442
2452
2516
2434
2460
2338
2266
2268
2246
2204
2072
1928
1896
1950
1830
1642
1624
1670
1758
1770
1698
1610
1784
1664
1732
1624
1768
1760
1680
1728
1612
1570
1636
1748
1632
1796
1858
2080
1860
1784
1972
1928
1950
1938
2044
1900
1866
1830
1770
1820
1908
1984
2088
1938
1976
2018
1880
1992
2032
2034
2050
2040
2144
2232
2274
2220
2264
2284
2448
2568
2616
2664
2644
2654
2460
2496
2434
2400
2284
2154
2138
2288
2360
2314
2230
2214
2158
2044
1864
1846
1894
1760
1810
1762
1746
1764
1792
1780
1686
1710
1706
1730
1708
1542
1564
1716
1840
1924
1888
1954
1984
2094
2032
1984
1972
1952
2230
2032
2066
2118
2064
1994
2082
2148
2090
2210
2174
2200
2140
2082
2078
2134
2020
1848
1874
1912
1886
1818
1890
2026
1954
1924
1948
1810
1766
1904
2074
2158
2090
2164
2184
2280
2330
2378
2420
2456
2396
2342
2276
2234
2360
2312
2212
2304
2264
2388
2264
2134
2158
2212
2028
2210
2234
2152
2120
2200
2074
2004
1858
1866
1726
1670
1632
1552
1478
1606
1592
1522
1576
1674
1762
1786
1642
1658
1596
1616
1534
1710
1684
1650
1686
1674
1586
1526
1516
1562
1572
1602
1774
1628
1640
1666
1696
1502
1584
1522
1432
1404
1302
1380
1412
1510
1484
1548
1500
1476
1466
1456
1558
1394
1526
1618
1688
1608
1792
1722
1776
1710
1516
1608
1410
1436
1480
1522
1586
1502
1552
1416
1552
1600
1676
1788
1600
1656
1642
1532
1610
1432
1380
1376
1372
1438
1150
900
858
760
830
774
1000
772
716
698
862
874
998
1062
822
836
788
934
914
900
664
662
826
754
690
870
1018
940
850
918
1094
1004
1028
1062
1018
1106
948
940
940
934
800
890
980
1044
968
882
936
902
912
840
896
832
800
706
652
514
482
468
376
198
260
332
326
270
242
196
50
76
246
266
228
184
170
254
344
340
342
286
346
242
388
468
314
242
290
422
410
390
436
444
428
490
464
508
472
484
474
686
564
436
656
618
522
512
346
268
194
238
328
460
434
408
514
426
426
542
492
452
374
286
230
304
414
472
576
622
674
794
712
700
738
632
714
728
802
766
800
998
840
858
848
990
1150
1100
1208
1124
1132
1274
1310
1352
1344
1226
1182
1168
1152
1094
1210
1222
1312
1320
1270
1274
1238
1138
1130
1150
1228
1194
1208
1254
1228
1152
1218
1296
1282
1288
1236
1270
1144
1110
1122
1224
1098
1008
1156
1088
1266
1260
1000
1150
1126
1178
1246
1074
1126
1090
972
1076
1102
1104
1196
1050
928
856
890
966
1048
1032
1078
1118
1254
1236
1086
1108
1168
1140
1198
1168
1186
1312
1256
1046
1038
948
846
984
890
676
662
612
740
760
738
746
876
846
750
906
928
932
910
1138
1198
1272
1224
1166
958
722
712
964
772
808
880
822
910
908
826
804
724
608
754
796
782
880
956
1092
938
934
992
966
934
888
752
768
706
738
800
758
682
778
802
800
776
784
884
846
886
954
1052
988
1086
1266
1128
1166
1096
1238
1254
1162
1110
1012
1086
1126
1184
1158
1168
1280
1264
1200
1070
1074
1084
1154
1140
1052
1100
1022
968
1128
1316
1154
1010
988
1032
844
764
624
518
408
484
706
666
768
890
894
920
860
896
1042
938
966
978
962
1024
962
820
796
824
698
624
546
426
328
450
496
526
614
628
558
536
570
510
404
462
558
562
642
376
374
320
404
336
524
512
358
400
246
200
194
244
108
264
472
430
404
324
310
280
408
420
578
258
174
110
158
146
134
90
186
74
64
62
224
232
248
310
166
138
70
102
14
160
62
174
212
212
236
260
292
74
178
172
270
20
36
22
56
50
24
40
62
80
70
14
168
316
290
274
450
690
652
752
760
696
564
614
652
682
742
690
882
710
780
682
686
720
776
884
794
844
758
612
618
590
624
702
764
776
762
844
994
904
922
1038
862
702
728
602
680
814
694
446
522
382
324
306
396
486
340
438
274
246
306
318
408
402
482
548
686
628
502
428
242
228
124
6
194
244
334
402
434
412
372
304
344
380
146
58
14
58
56
104
16
68
26
118
196
214
100
30
50
70
126
148
106
66
132
102
60
16
142
118
88
92
138
50
58
116
64
148
392
342
322
372
322
474
466
468
522
654
636
538
368
280
298
186
336
534
742
660
600
620
808
816
924
970
1052
1002
984
938
970
1162
1258
1174
1260
1228
1318
1328
1242
1234
1214
1322
1276
1102
912
944
1132
1162
1108
1316
1388
1190
1088
1198
1226
1262
1168
1102
1096
1064
892
1016
1018
1236
1242
1134
1106
1026
786
890
888
724
596
664
724
742
782
746
786
878
854
828
978
842
720
808
710
816
816
900
824
716
666
514
492
484
392
384
376
520
378
582
506
446
440
430
486
556
720
584
730
618
538
570
592
580
600
558
524
344
380
506
420
446
414
352
370
450
418
286
444
546
610
560
600
546
546
482
454
446
378
572
516
502
300
462
302
288
178
146
138
258
112
54
340
420
194
254
368
330
494
510
620
668
570
622
630
452
434
302
66
210
306
222
318
458
350
386
302
328
290
270
296
278
18
84
24
26
114
154
56
18
58
82
10
86
146
106
240
292
342
354
280
378
456
448
412
346
450
468
368
358
338
310
452
398
500
660
580
806
764
680
838
584
566
656
698
718
808
790
808
910
988
980
780
1002
822
610
690
766
820
876
680
776
754
846
852
864
884
850
760
624
528
486
610
534
558
558
606
710
642
640
766
888
844
598
802
686
568
550
328
270
336
372
350
484
706
746
660
718
838
720
636
736
778
798
898
792
776
714
770
700
702
684
798
910
978
832
862
892
902
1172
1072
1006
976
1158
1066
964
968
730
792
930
980
942
978
890
896
910
850
718
722
678
670
550
532
568
532
494
674
766
762
670
516
640
580
594
650
642
632
582
512
496
512
608
638
402
454
480
478
298
134
84
80
22
8
94
6
50
56
40
150
112
28
88
44
26
10
218
300
366
464
290
346
382
480
346
426
580
556
440
330
280
462
418
350
248
340
316
332
336
282
296
248
112
246
230
138
62
238
314
290
270
356
160
142
84
216
202
152
30
62
142
92
2
68
2
190
70
14
90
182
30
8
158
200
196
186
202
218
250
358
412
314
228
206
12
172
280
152
74
44
104
224
18
38
236
274
200
254
400
338
314
260
182
62
40
62
74
78
44
32
46
60
38
92
104
206
48
88
208
72
24
84
116
40
30
138
126
118
218
120
34
68
98
54
130
202
232
122
194
296
408
378
290
402
378
344
326
436
548
