1766
1690
1720
1776
1742
1770
1920
1966
2022
2008
1872
1856
1816
1788
1728
1782
1872
1722
1710
1660
1660
1692
1704
1832
1806
1852
1866
1842
1858
1902
1890
1936
1982
2016
1964
1904
1860
1730
1784
1794
1850
1880
1802
1848
1770
1750
1654
1550
1544
1518
1660
1624
1576
1666
1700
1812
1782
1830
1778
1810
1828
1794
1798
1892
1810
1778
1730
1674
1650
1656
1674
1716
1638
1626
1692
1690
1674
1744
1740
1834
1754
1764
1860
1796
1806
1764
1772
1638
1806
1864
1870
1858
1854
1878
1848
1834
1930
1894
1934
1862
1954
1982
2032
1978
1876
1958
2026
2056
2174
2178
2232
2154
2164
2142
2162
2244
2212
2142
2138
2118
2168
2134
2222
2272
2272
2182
2192
2194
2184
2116
2058
2154
2118
2064
2146
2180
2140
2052
1934
1978
1912
1852
1868
1924
1860
1864
1932
1974
1930
1848
1860
1840
1858
1806
1844
1886
2006
2022
2138
2044
2012
2012
2048
2108
2154
2230
2184
2124
2096
2048
2032
2092
2048
2058
2040
2068
2094
2104
2120
2034
1972
1974
1994
1962
2002
2050
1980
2038
2022
2064
2028
2144
1976
1924
1860
1780
1828
1774
1816
1880
1826
1628
1610
1568
1494
1558
1528
1594
1626
1490
1440
1402
1478
1424
1432
1362
1478
1496
1508
1422
1448
1522
1580
1630
1672
1700
1700
1652
1608
1550
1574
1380
1320
1372
1286
1318
1282
1246
1266
1440
1410
1454
1448
1472
1502
1562
1638
1510
1648
1594
1548
1518
1496
1430
1502
1600
1734
1862
1722
1758
1718
1758
1710
1636
1578
1502
1564
1652
1624
1690
1636
1588
1508
1438
1412
1390
1374
1446
1532
1500
1616
1642
1706
1726
1816
1838
1820
1862
1954
1880
1838
1858
1844
1884
1934
1956
2000
1948
1924
1954
1948
1950
1918
1902
1960
1948
1966
1824
1776
1798
1776
1748
1728
1698
1750
1664
1602
1630
1570
1532
1492
1394
1416
1550
1584
1560
1534
1576
1564
1574
1500
1568
1496
1556
1604
1544
1514
1552
1510
1444
1416
1412
1478
1510
1504
1462
1400
1386
1304
1412
1396
1448
1264
1312
1350
1354
1302
1426
1306
1344
1336
1412
1400
1582
1542
1534
1614
1476
1688
1660
1652
1664
1724
1664
1606
1578
1510
1636
1588
1512
1600
1490
1472
1548
1532
1518
1534
1574
1598
1650
1550
1524
1436
1392
1296
1322
1392
1392
1338
1312
1330
1280
1310
1226
1302
1246
1332
1396
1368
1242
1188
1110
1150
1176
1052
1110
1006
1024
1152
1066
1100
1066
948
906
964
900
932
1000
908
770
886
946
940
956
882
802
822
734
744
756
746
686
566
578
612
666
752
882
800
966
1008
1044
1074
1074
1062
1060
986
964
1070
1016
1000
946
992
1082
998
902
930
806
852
850
768
804
772
786
964
1002
1060
986
916
934
996
998
928
922
954
1056
1126
1132
1208
1186
1150
1192
1226
1202
1174
1160
1046
952
1036
1056
1034
1076
1120
1140
1172
1190
1216
1300
1340
1410
1494
1392
1410
1570
1590
1676
1718
1714
1676
1800
1756
1820
1812
1838
1824
1822
1842
1744
1836
1706
1746
1714
1656
1566
1524
1556
1576
1434
1430
1500
1492
1540
1512
1512
1544
1484
1450
1558
1460
1434
1412
1250
1176
1164
1226
1180
1134
1094
1120
1066
1104
1062
1038
944
1076
1028
890
992
960
874
900
684
704
662
614
562
506
456
474
570
584
594
540
444
384
354
408
358
364
360
462
502
520
528
556
458
408
312
224
198
328
376
360
352
354
534
452
554
640
504
556
732
614
548
502
568
586
554
504
502
434
520
510
430
436
474
490
484
508
568
634
690
712
634
644
766
608
658
722
768
788
724
646
578
528
584
580
606
612
650
546
488
430
404
370
420
420
376
310
236
252
194
166
90
92
78
26
40
16
80
116
162
180
218
196
172
202
310
238
164
226
188
294
288
304
452
416
412
532
558
568
616
668
772
684
674
718
762
734
680
580
682
682
752
812
866
858
816
806
752
726
696
766
804
786
834
754
782
738
710
770
800
876
826
970
792
742
840
740
552
716
612
640
598
540
646
652
634
680
616
712
736
754
716
634
698
732
636
622
736
720
622
600
590
662
688
780
796
686
696
662
740
792
886
698
724
668
730
666
664
616
598
604
460
556
586
664
658
680
682
542
592
658
720
724
786
726
730
644
692
784
780
772
824
818
728
688
608
708
678
796
812
868
966
990
1014
992
1044
1062
1116
1124
1078
1048
1052
972
840
856
828
890
974
1014
894
906
848
852
894
814
870
800
932
922
766
794
834
852
780
836
838
942
960
912
982
1068
1118
1060
992
982
976
956
990
1056
1092
1100
1076
1120
1158
1178
1330
1416
1292
1270
1380
1374
1494
1422
1484
1570
1628
1628
1732
1772
1820
1760
1638
1668
1586
1602
1708
1718
1800
1742
1810
1822
1834
1832
1760
1770
1780
1774
1704
1692
1696
1792
1744
1856
1860
1932
1986
2036
2102
2004
2004
1830
1846
1860
1854
1804
1772
1756
1598
1522
1470
1402
1338
1380
1398
1340
1304
1234
1232
1194
1230
1382
1424
1354
1308
1354
1298
1348
1330
1420
1410
1472
1422
1408
1396
1358
1438
1540
1486
1444
1502
1426
1426
1422
1398
1286
1282
1278
1246
1278
1224
1174
1118
1092
1142
1192
1322
1320
1204
1290
1238
1160
1190
1196
1088
1104
1152
1238
1260
1324
1232
1182
1142
1122
1188
1130
1136
1204
1202
1236
1140
1070
1094
1128
1146
1260
1238
1164
1108
1136
1212
1202
1116
1130
1144
1130
986
866
898
908
866
944
990
1034
1164
1104
1084
1088
1106
1192
1220
1240
1234
1040
988
916
890
854
922
902
814
844
948
908
996
866
952
916
826
724
678
582
566
604
550
514
510
488
398
398
434
406
344
424
468
480
528
500
474
482
436
324
260
304
276
396
462
490
590
648
726
722
804
686
636
768
856
942
1008
1038
970
1000
968
980
966
1030
1036
1020
1018
1098
1104
1056
1114
1098
960
932
950
1040
1022
1080
1092
1116
1132
1060
1040
1064
1090
1184
1172
1142
1134
1090
1162
1116
1050
1004
1038
1158
1148
1056
944
1084
1034
998
954
864
794
800
798
764
776
876
826
874
828
796
756
812
672
592
578
524
500
374
330
362
418
384
302
170
158
256
160
102
160
146
162
224
90
82
26
90
80
46
6
74
150
162
206
198
170
204
184
134
194
66
68
108
50
164
174
112
198
304
262
326
392
386
368
304
348
282
284
328
302
164
266
216
208
268
338
428
370
340
374
356
326
256
256
472
460
546
446
328
322
270
308
182
248
342
226
194
218
108
70
146
216
242
232
302
276
342
268
160
116
142
104
78
72
122
84
128
88
26
30
48
124
124
20
32
146
88
84
110
158
208
268
314
296
296
246
304
378
298
258
206
182
202
230
142
180
194
136
116
136
168
206
86
124
82
24
56
12
24
66
118
88
82
74
26
2
186
208
252
220
216
192
314
156
154
142
138
80
52
84
86
146
184
224
286
264
254
430
282
112
26
44
26
22
38
118
140
314
378
356
422
488
506
442
512
462
522
622
752
760
704
818
774
728
714
734
832
854
962
844
746
744
834
850
796
838
852
836
848
946
936
962
768
832
818
710
754
636
540
576
480
502
488
562
454
524
502
512
532
486
548
532
576
568
610
582
544
496
588
504
526
548
468
492
558
600
686
650
560
628
476
526
602
674
660
550
548
562
608
522
438
370
460
488
684
844
834
822
734
890
898
844
870
842
836
898
904
1046
1240
1266
1346
1368
1424
1490
1396
1390
1426
1438
1360
1334
1360
1428
1474
1374
1336
1384
1420
1402
1388
1216
1218
1216
1248
1278
1402
1440
1474
1452
1520
1568
1622
1674
1658
1670
1666
1620
1574
1626
1516
1522
1440
1344
1336
1310
1352
1416
1416
1460
1466
1528
1466
1542
1562
1556
1472
1502
1444
1468
1562
1538
1508
1516
1582
1592
1566
1564
1524
1584
1554
1460
1474
1562
1484
1436
1364
1400
1468
1554
1454
1452
1474
1504
1516
1446
1314
1308
1218
1174
1224
1298
1294
1240
1242
1212
1252
1200
1168
1170
1152
1234
1286
1210
1126
1050
1026
1066
1002
990
1158
1098
984
1024
1110
1154
1144
1112
1098
1110
1202
1150
1180
1208
1330
1228
1246
1338
1280
1260
1174
1258
1242
1374
1334
1312
1314
1388
1390
1376
1424
1462
1520
1492
1426
1532
1530
1584
1466
1468
1572
1584
1584
1588
1566
1532
1494
1548
1498
1456
1366
1344
1346
1454
1478
1424
1292
1168
1180
1206
1120
1120
1236
1182
1214
1172
1118
1044
1042
1152
1088
1034
886
908
904
832
910
948
1020
1102
974
1014
964
926
876
768
724
768
792
820
816
742
692
750
720
762
850
820
978
1040
1056
1026
1040
1054
1050
1036
1038
1024
980
1060
1068
1062
982
940
886
960
1002
1014
1002
974
770
778
878
988
980
892
892
826
894
936
960
1000
1038
1004
1022
1114
1100
1140
1266
1158
1026
1022
982
956
942
994
1006
1026
1038
1176
1150
1146
1080
1102
1192
1124
1142
1176
1268
1286
1250
1268
1370
1382
1464
1442
1442
1414
1494
1506
1468
1406
1390
1360
1282
1276
1278
1252
1154
1092
1190
1192
1220
1094
1128
1174
1178
1264
1132
1056
984
1048
1028
1008
1064
1178
1138
1122
1214
1216
1210
1172
1250
1334
1246
1302
1290
1322
1208
1250
1334
1314
1310
1356
1412
1324
1246
1298
1352
1334
1350
1444
1560
1584
1582
1594
1624
1666
1588
1540
1556
1740
1780
1720
1784
1718
1606
1560
1478
1390
1304
1380
1420
1484
1542
1542
1640
1622
1600
1446
1510
1462
1458
1352
1460
1422
1392
1424
1432
1356
1372
1288
1208
1170
1362
1396
1358
1336
1360
1314
1250
1284
1278
1250
1140
1160
1082
1074
1062
1002
952
962
928
916
904
922
954
954
920
1080
1008
832
916
870
818
860
814
722
604
554
550
530
596
594
660
716
718
818
698
638
760
672
628
474
432
530
444
474
450
446
372
346
356
328
268
240
342
310
358
288
410
440
466
456
388
408
426
468
480
510
454
498
388
458
358
356
344
528
522
484
474
520
442
380
288
232
150
226
104
104
106
28
14
32
14
34
42
122
142
106
90
84
210
212
194
78
24
8
52
102
50
80
148
140
94
42
100
148
138
136
238
236
172
212
250
174
338
288
212
220
272
302
336
376
398
366
492
504
562
600
732
648
780
878
924
918
790
822
744
822
842
756
658
652
540
478
484
490
480
492
448
374
384
412
340
362
372
314
246
214
224
306
322
264
280
266
300
400
412
352
358
236
250
338
328
316
358
380
394
404
488
564
448
428
534
574
496
522
532
528
596
520
546
652
698
740
