2686
2670
2648
2690
2688
2682
2654
2746
2768
2774
2872
2876
2828
2838
2782
2758
2740
2736
2832
2844
2898
3028
2968
2998
2932
2886
2932
2942
3010
2886
2952
2992
3002
3026
2998
2990
3048
3030
2966
2914
2870
2858
2850
2840
2790
2834
2862
2940
2958
3034
3058
3000
3046
3088
3100
3002
3036
3048
3074
3042
2968
2974
2902
2956
2910
2958
2966
2906
2972
3066
2958
2894
3020
3020
3004
3062
3102
3140
3162
3132
3070
3080
3072
3114
3052
3094
3118
3138
3172
3194
3172
3234
3186
3140
3108
3048
3064
3064
3026
3032
3020
3040
3042
3076
3060
3094
3200
3232
3088
3196
3144
3160
3152
3198
3140
3144
3140
3170
3072
3064
2998
2940
2932
2826
2900
2888
2808
2894
2976
3054
3100
3128
3164
3212
3182
3166
3030
2948
2944
2858
2822
2792
2798
2798
2864
2846
2890
2992
2994
3072
3082
3076
3038
3012
3046
3064
3116
3102
3130
3098
3068
3110
3184
3184
3152
3202
3262
3334
3264
3212
3046
3056
3050
2968
3046
3120
3170
3144
3174
3166
3204
3182
3168
3140
3264
3302
3264
3300
3282
3230
3172
3110
3096
3086
3044
3026
3100
3080
3046
3014
3046
3086
3096
3074
3042
3038
3070
3036
3042
3040
2966
2978
2912
2920
2898
2824
2904
2814
2852
2838
2784
2738
2778
2778
2628
2614
2664
2706
2676
2660
2560
2504
2510
2504
2460
2520
2508
2506
2600
2502
2448
2438
2418
2374
2422
2304
2358
2376
2322
2314
2260
2262
2330
2358
2296
2226
2354
2432
2416
2436
2438
2408
2442
2382
2372
2426
2424
2326
2456
2482
2520
2560
2542
2540
2530
2576
2544
2530
2502
2438
2464
2590
2572
2522
2600
2672
2644
2646
2720
2812
2772
2710
2598
2692
2716
2688
2650
2790
2814
2894
2866
2882
2836
2712
2746
2744
2748
2702
2772
2794
2794
2828
2824
2816
2836
2838
2772
2778
2852
2922
2888
2890
2910
2962
2998
2994
3030
3166
3234
3168
3100
3138
3126
3082
3086
3012
3056
3056
3114
3138
3068
3014
3070
3016
2954
2870
2900
2926
2922
2894
2890
2840
2882
2856
2918
2956
3018
3060
3036
3036
3016
2954
2892
2858
2802
2866
2882
2868
2862
2900
2862
2772
2792
2790
2814
2876
2900
2944
2916
2964
2886
2908
2890
2834
2772
2766
2738
2772
2738
2784
2684
2682
2680
2700
2640
2616
2596
2702
2688
2642
2588
2672
2642
2688
2686
2636
2654
2756
2786
2896
2938
2950
2930
2886
2814
2878
2938
2888
2960
2922
2936
2976
2968
2932
2832
2864
2904
2916
2836
2848
2786
2784
2860
2764
2746
2656
2606
2594
2544
2546
2542
2574
2540
2466
2450
2442
2480
2496
2454
2462
2486
2546
2650
2602
2502
2516
2492
2504
2444
2516
2510
2478
2384
2370
2330
2344
2314
2352
2280
2306
2232
2254
2272
2248
2150
2150
2060
2034
2014
2012
1990
1972
2072
2096
2112
2148
2208
2158
2102
2040
2122
2076
2064
2136
2178
2236
2312
2252
2248
2282
2216
2230
2334
2350
2296
2180
2300
2264
2316
2362
2354
2338
2322
2346
2426
2494
2500
2560
2568
2662
2640
2594
2644
2650
2636
2664
2670
2714
2626
2564
2514
2590
2580
2642
2706
2594
2650
2770
2946
2928
2956
2928
2980
3034
2996
2930
2940
2974
2988
2958
2986
2896
2902
2888
2864
2868
2932
2914
2888
2844
2802
2780
2800
2806
2876
2814
2774
2774
2734
2780
2808
2808
2786
2788
2758
2804
2814
2758
2866
2808
2834
2824
2850
2886
2860
2794
2828
2794
2772
2796
2730
2774
2786
2882
2860
2788
2744
2818
2854
2816
2764
2774
2736
2744
2714
2718
2728
2636
2674
2688
2624
2724
2656
2626
2570
2628
2644
2520
2678
2672
2756
2724
2654
2594
2584
2560
2526
2426
2392
2206
2230
2274
2312
2330
2336
2322
2374
2422
2410
2418
2378
2312
2312
2346
2302
2202
2164
2256
2234
2218
2182
2234
2262
2296
2304
2332
2326
2312
2372
2444
2404
2440
2428
2380
2328
2312
2368
2396
2372
2460
2478
2586
2506
2424
2398
2296
2368
2346
2324
2398
2490
2510
2560
2558
2638
2592
2708
2752
2726
2682
2692
2668
2682
2588
2560
2600
2696
2684
2678
2694
2758
2816
2888
2994
3006
3068
3058
3102
3028
3102
3028
2964
2984
2920
2906
2898
2962
2942
2968
2920
2936
2904
2856
2946
2926
2962
2882
2822
2776
2880
2798
2826
2880
2874
2818
2880
2860
2834
2832
2852
2846
2808
2866
2820
2810
2868
2890
2926
2960
2942
2876
2938
2950
2968
2926
2928
2920
2948
2916
2928
2950
2954
2914
2982
3068
3070
2982
2876
2752
2752
2724
2638
2624
2650
2616
2696
2706
2716
2744
2684
2698
2678
2786
2746
2704
2726
2656
2668
2710
2680
2656
2660
2656
2658
2616
2672
2788
2790
2834
2904
2920
2890
2918
2962
2886
2940
2928
2918
2834
2836
2884
2892
2862
2854
2856
2812
2784
2792
2802
2788
2826
2832
2872
2848
2850
2862
2768
2866
2850
2872
2910
2886
2834
2838
2770
2730
2730
2748
2820
2746
2836
2822
2832
2908
2946
2960
2980
3004
3090
2980
3010
3032
3064
3032
3042
3004
3026
2920
2960
2982
3058
3082
3066
2944
2996
2992
2998
2940
2966
2888
3002
2992
2948
2912
2924
2906
2916
2836
2884
2800
2836
2886
2888
2874
2760
2792
2824
2758
2698
2744
2750
2766
2736
2760
2702
2704
2728
2694
2774
2792
2838
2812
2814
2832
2746
2872
2880
2820
2752
2750
2790
2740
2838
2840
2850
2780
2830
2864
2894
2848
2854
2868
2858
2818
2822
2788
2794
2828
2724
2768
2718
2752
2704
2634
2624
2574
2622
2650
2648
2660
2570
2550
2578
2644
2730
2722
2670
2612
2416
2354
2364
2350
2348
2446
2442
2472
2394
2460
2364
2428
2424
2454
2510
2458
2460
2368
2310
2334
2280
2330
2400
2346
2340
2364
2352
2420
2468
2374
2402
2462
2438
2412
2482
2412
2302
2392
2384
2326
2358
2448
2440
2430
2490
2602
2494
2384
2468
2490
2490
2436
2520
2490
2446
2360
2448
2540
2408
2414
2542
2514
2504
2486
2564
2578
2594
2590
2524
2434
2410
2426
2408
2368
2314
2458
2530
2480
2442
2510
2406
2420
2552
2496
2598
2522
2562
2596
2718
2608
2684
2706
2688
2748
2718
2648
2656
2610
2588
2662
2706
2624
2602
2642
2710
2680
2672
2696
2694
2720
2850
2862
2778
2828
2898
2898
2882
2840
2744
2782
2832
2832
2864
2766
2758
2790
2652
2610
2588
2562
2626
2608
2594
2586
2512
2548
2534
2506
2646
2630
2578
2606
2674
2686
2640
2694
2688
2654
2674
2774
2854
2864
2766
2798
2794
2832
2796
2828
2828
2778
2788
2852
2884
2968
2872
2910
3012
2990
2920
2958
2940
2912
2922
2846
2904
2908
2964
2900
2896
2804
2764
2792
2740
2776
2822
2858
2898
2918
2954
2906
3000
2902
2946
2954
2992
2996
3070
3072
3102
3134
3132
3092
3086
3100
2982
3066
3048
3014
3070
3032
2974
3006
2958
3044
3016
2926
2964
2922
2836
2774
2770
2798
2826
2794
2762
2704
2794
2766
2778
2678
2694
2696
2774
2784
2800
2756
2680
2706
2674
2760
2700
2694
2770
2874
2868
2844
2862
2878
2938
2940
2908
2896
2928
2886
2756
2752
2692
2686
2698
2658
2740
2700
2672
2586
2566
2664
2712
2668
2604
2644
2744
2778
2812
2848
2856
2856
2840
2774
2790
2872
2836
2870
2862
2836
2868
2854
2846
2854
2898
2876
2806
2920
2978
2950
2960
2956
2882
2836
2862
2940
2884
2890
2848
2764
2778
2800
2814
2792
2836
2834
2838
2828
2836
2908
2866
2764
2688
2486
2494
2542
2596
2496
2522
2494
2472
2482
2550
2626
2668
2594
2562
2568
2548
2614
2714
2740
2630
2636
2670
2724
2724
2628
2602
2600
2678
2696
2698
2652
2610
2620
2524
2518
2512
2630
2590
2544
2604
2472
2546
2502
2490
2396
2502
2480
2530
2464
2426
2476
2358
2354
2304
2344
2326
2316
2194
2276
2328
2378
2500
2508
2630
2570
2698
2622
2604
2638
2676
2652
2698
2646
2656
2716
2774
2756
2724
2788
2870
2902
2802
2784
2804
2772
2746
2806
2770
2774
2762
2758
2738
2814
2808
2756
2696
2650
2692
2674
2708
2756
2720
2688
2650
2724
2778
2680
2686
2630
2556
2654
2688
2626
2602
2620
2618
2622
2600
2586
2556
2534
2476
2574
2676
2672
2704
2744
2616
2520
2540
2562
2510
2488
2598
2538
2494
2530
2532
2602
2702
2772
2650
2604
2546
2458
2374
2416
2444
2488
2446
2412
2440
2464
2524
2478
2482
2584
2626
2722
2608
2566
2612
2644
2538
2482
2414
2418
2460
2482
2518
2424
2426
2436
2404
2398
2496
2406
2402
2442
2508
2486
2492
2386
2422
2428
2378
2424
2438
2458
2630
2648
2648
2684
2632
2670
2722
2782
2764
2764
2680
2636
2572
2676
2722
2850
2864
2958
2950
2920
2858
2860
2848
2724
2678
2654
2754
2672
2732
2702
2668
2668
2620
2638
2610
2606
2704
2702
2696
2766
2740
2756
2800
2822
2810
2750
2824
2848
2782
2822
2836
2834
2826
2776
2746
2802
2788
2894
2888
2850
2870
2818
2872
2922
2874
2886
2918
2952
2886
2902
2786
2834
2862
2876
2850
2792
2856
2886
2930
2966
2990
2956
2856
2902
2980
2944
2962
2962
2998
2996
3014
3040
3020
2960
2948
2984
2996
3066
3042
2950
3022
3060
2986
3028
3044
2974
2976
3008
3024
3004
2944
2954
2814
2854
2746
2746
2774
2782
2814
2730
2722
2616
2612
2592
2522
2450
2478
2550
2558
2540
2506
2628
2560
2554
2538
2588
2576
2572
2654
2700
2682
2726
2700
2668
2596
2632
2616
2562
2632
2600
2578
2630
2668
2634
2666
2660
2676
2712
2724
2656
2662
2678
2736
2636
2702
2708
2636
2628
2568
2556
2518
2406
2416
2538
2566
2590
2642
2604
2632
2662
2674
2670
2628
2622
2636
2618
2542
2518
2522
2534
2512
2564
2600
2556
2634
2632
2620
2674
2680
2690
2686
2714
2744
2754
2738
2748
2754
2768
2684
2720
2734
2606
2606
2658
2630
2582
2526
2536
2530
2504
2476
2404
2526
2490
2420
2532
2540
2582
2438
2522
2484
2526
2540
2568
2586
2570
2594
2530
2458
2382
2508
2486
2442
2388
2484
2402
2336
2322
2312
2226
2262
2252
2256
2244
2312
2340
2268
2188
2212
2222
2276
2230
2190
2162
2154
2062
2158
2070
2052
1940
1972
1948
2010
2118
2140
2042
2004
2172
2136
2298
2410
2318
2456
2498
2412
2418
2420
2462
2446
2404
2468
2518
2516
2508
2630
2664
2706
2708
2708
2766
2670
2752
2670
2694
2846
2920
2940
2956
2930
2888
2804
2868
2940
2966
2824
2816
2684
2672
2620
2570
2592
2624
2522
2504
2500
2560
2508
2546
2616
2692
2758
2726
2788
2768
2796
2784
2756
2632
2612
2716
2662
2752
2794
2790
2722
2694
2632
2642
2652
2710
2694
2628
2666
2756
2796
2844
2840
2746
2732
2786
2772
2764
2784
2714
2728
2700
2660
2654
2632
2654
2688
2658
2676
2708
2706
2842
2838
2900
2832
2926
2840
2760
2818
2790
2758
2732
2714
2618
2684
2652
2684
2702
2632
2726
2742
2638
2742
2706
2656
2738
2588
2564
2590
2616
2728
2694
2594
2620
2518
2590
2662
2628
2690
2710
2696
2750
2864
2952
2896
2830
2796
2974
2992
2944
2908
2948
2908
2834
2874
2926
2862
2804
2816
2904
2860
2794
2778
2744
2782
2766
2736
2740
2776
2834
2918
2922
2856
2828
2844
2892
2856
2860
2880
2956
2954
2992
2902
2922
2930
2992
2994
2984
3028
3048
3014
2984
2936
2884
2874
2794
2798
2840
2798
2910
2934
2902
2868
2856
2834
2900
2938
2910
2858
2922
2836
2792
2712
2672
2672
2576
2594
2630
2598
2678
2670
2732
2786
2820
2754
2726
2788
2746
2720
2726
2742
2810
2804
2702
2798
2740
2760
2882
2980
2948
3050
3072
3088
3048
3106
3096
3084
3050
3006
3004
3032
3018
2978
3014
3056
3092
3112
3152
3104
3128
3108
3094
3096
2994
3026
3062
3074
3014
3004
3080
3038
3088
