1042
882
992
1174
1166
1132
1038
1092
964
886
790
888
938
688
702
684
514
648
584
768
688
600
512
460
344
430
400
430
524
690
722
792
682
796
746
610
820
932
974
924
878
812
654
702
830
912
970
892
916
894
968
1012
962
956
1090
1006
928
958
934
866
716
702
664
570
690
730
692
726
692
578
668
524
540
652
532
306
390
442
476
612
442
374
498
470
674
664
624
638
566
534
556
494
472
544
578
698
646
592
660
728
836
678
660
534
616
616
616
530
608
556
616
496
564
558
512
668
698
624
678
652
618
542
534
522
552
552
666
578
412
470
540
524
568
462
606
580
694
572
540
386
360
148
296
386
440
444
456
462
454
410
338
316
318
280
254
248
134
152
136
274
120
54
42
150
196
132
8
46
168
82
36
80
44
130
120
234
140
252
160
256
308
180
34
14
22
224
264
476
364
482
642
666
848
1124
1110
1090
1024
1208
1154
1314
1112
994
1050
1070
1030
1034
926
910
1026
1086
1018
1206
1120
1120
1178
1258
1234
1226
1132
1244
1156
1074
1060
1106
892
1056
1000
1106
1188
1274
1472
1526
1498
1234
1254
1226
1264
1150
1090
1044
952
1006
1042
1098
1054
866
786
712
596
486
562
538
654
638
628
598
322
452
284
146
206
382
364
374
436
304
280
370
406
428
296
356
424
314
342
266
364
396
452
440
292
250
184
298
264
186
318
508
510
446
422
370
408
488
622
454
412
410
272
196
336
254
184
176
228
254
148
242
140
338
298
228
18
24
176
128
44
60
30
186
180
66
24
88
68
76
16
68
40
20
178
118
22
74
92
78
24
46
40
130
164
470
548
492
514
546
544
514
472
362
236
98
364
324
426
530
374
230
228
226
242
40
74
184
340
452
556
648
676
816
884
780
734
840
898
872
894
1000
1116
1164
1220
1128
1372
1228
1384
1312
1292
1404
1444
1190
1128
1146
1100
846
926
942
1016
950
844
832
890
748
878
730
746
832
744
792
852
800
766
696
688
710
876
1006
990
972
922
1040
1042
1054
918
944
1026
930
898
960
1194
1362
1422
1364
1378
1458
1678
1734
1694
1550
1460
1376
1434
1414
1436
1500
1428
1498
1472
1502
1556
1480
1624
1596
1538
1480
1598
1568
1600
1468
1626
1522
1472
1562
1672
1782
1846
1968
2082
2236
2262
2300
2288
2284
2378
2286
2378
2374
2376
2212
2156
2144
2130
2090
1852
2010
1940
2002
2150
2162
2024
1974
1914
1890
1662
1732
1762
1738
1826
1736
1592
1616
1746
1970
1970
1900
1994
1896
2054
2028
1880
1890
2054
2052
2028
2240
2164
2030
1956
1752
1782
1722
1540
1398
1388
1276
1220
1104
1144
1342
1384
1258
1312
1234
1246
1192
1158
1180
1068
1344
1488
1456
1420
1348
1152
1276
1170
1068
950
980
930
854
942
968
798
792
970
798
716
648
846
596
600
512
510
526
516
416
532
638
496
558
406
496
500
578
506
484
568
476
640
478
458
232
298
244
276
120
20
34
40
228
272
298
386
444
576
560
552
410
406
410
196
118
42
202
16
58
16
130
104
138
186
196
190
64
162
62
4
16
76
64
4
88
112
136
120
74
54
108
24
172
116
14
96
128
132
64
174
358
392
426
406
496
476
410
544
484
530
498
580
660
760
878
1052
918
894
882
770
744
674
734
696
472
410
364
186
298
260
328
340
292
302
374
202
222
86
150
44
28
90
8
38
36
192
222
200
196
74
150
106
244
226
140
214
306
354
516
504
396
346
624
636
628
624
588
568
542
560
606
776
844
910
920
1000
1008
1010
904
988
960
956
1000
1066
950
812
644
742
732
762
934
870
862
996
1026
980
948
1010
878
844
760
602
546
578
540
588
838
780
924
878
1074
934
878
642
804
818
860
898
784
750
822
752
818
950
1028
1120
1202
1290
1240
1208
1160
1270
1114
1040
1086
1090
1022
1054
914
810
900
918
1120
992
970
958
922
982
962
746
866
896
810
800
744
662
630
626
734
752
506
548
618
758
762
514
574
642
676
686
876
918
1026
1050
1298
1214
1172
1282
1224
1244
1240
1280
1304
1272
1382
1502
1402
1370
1496
1572
1338
1414
1306
1150
1292
1194
1234
1530
1474
1594
1642
1506
1522
1450
1532
1540
1386
1458
1584
1432
1436
1464
1572
1496
1354
1420
1354
1370
1342
1352
1462
1464
1248
1324
1268
1220
1094
1092
1308
1466
1522
1510
1422
1450
1412
1306
1346
1432
1416
1370
1428
1504
1342
1252
1330
1126
1102
962
864
836
926
1004
766
702
798
826
850
598
504
404
532
434
448
388
224
156
122
94
286
546
492
530
546
600
522
636
586
560
628
590
728
920
958
1120
1120
1108
1222
1176
1070
1088
1262
1336
1276
1152
996
1002
966
1010
982
876
992
1004
914
858
786
686
644
568
598
584
548
642
668
612
750
760
940
968
1186
1218
1102
1182
1242
1160
1058
764
926
932
956
948
994
956
946
934
996
1018
864
906
998
1132
1194
1194
1234
1262
1300
1484
1504
1550
1620
1564
1472
1510
1508
1382
1516
1476
1368
1466
1606
1580
1592
1624
1658
1810
1884
1970
2028
2086
2038
2076
2212
2298
2338
2396
2314
2228
2130
2044
2078
1998
2084
1990
1898
1864
1800
1708
1718
1584
1534
1578
1732
1654
1640
1748
1812
1812
1880
1720
1728
1690
1734
1614
1556
1618
1564
1644
1450
1482
1544
1422
1350
1532
1492
1538
1534
1434
1468
1402
1550
1548
1714
1646
1574
1516
1476
1302
1226
1100
1122
998
1058
1210
1192
1120
1222
1318
1214
1266
1164
1302
1282
1142
1030
1034
976
1060
1184
1182
1278
1318
1480
1464
1432
1508
1420
1506
1436
1410
1492
1584
1366
1400
1398
1378
1446
1434
1416
1336
1408
1530
1400
1368
1514
1578
1552
1612
1624
1518
1496
1584
1464
1368
1456
1460
1528
1652
1790
1688
1660
1732
1686
1966
2162
2152
2084
2172
2310
2230
2162
2290
2156
2220
2228
2242
2196
2208
2164
2198
2188
2192
2270
2236
2200
2224
2092
2112
2170
2164
2208
2166
2056
2082
1972
1932
1942
1920
1856
1982
1814
1732
1646
1680
1708
1804
1768
1698
1646
1580
1776
1770
1702
1594
1534
1568
1588
1558
1518
1552
1582
1634
1514
1636
1500
1420
1534
1568
1730
1694
1680
1540
1472
1438
1460
1666
1538
1522
1430
1302
1274
1326
1368
1312
1232
1242
1366
1416
1408
1280
1224
1260
1200
1146
1098
1160
1094
1212
1258
1424
1424
1490
1596
1540
1604
1656
1748
1842
1894
1890
1800
1990
1854
1878
1688
1858
2020
2016
1968
1806
1650
1550
1586
1506
1344
1366
1382
1284
1432
1376
1408
1312
1238
1092
1270
1236
968
922
824
740
724
814
700
832
698
688
822
638
624
556
522
616
376
604
580
576
728
684
820
868
684
720
708
654
428
498
444
418
560
446
564
704
668
804
586
722
678
602
644
730
828
1088
1130
1260
1200
1284
1190
1104
1100
958
912
846
938
846
954
940
978
914
1050
926
968
778
730
822
768
752
662
758
566
580
394
416
412
330
338
410
472
618
762
718
694
542
614
692
830
818
822
808
794
772
872
912
1024
844
840
832
866
924
888
888
824
866
930
844
664
650
758
758
804
672
370
364
506
528
570
594
634
702
734
610
658
684
844
920
790
758
780
878
986
996
920
1016
1126
1288
1260
1128
988
928
892
892
904
1016
894
946
1166
1100
982
1014
934
812
814
734
744
734
736
640
610
572
540
520
598
432
634
530
438
334
328
340
288
398
358
354
532
550
674
746
710
660
650
676
720
726
736
796
810
878
856
566
370
434
486
506
532
468
404
384
366
402
252
148
96
174
156
228
218
180
252
138
102
236
48
174
214
268
94
188
152
326
410
666
650
678
708
766
464
550
426
398
460
230
184
210
330
258
206
38
26
72
250
258
310
140
152
236
4
28
70
220
136
46
88
154
18
84
122
54
168
196
100
28
54
36
36
20
46
64
118
200
198
230
66
94
78
50
164
6
222
214
112
196
282
262
230
254
246
252
234
162
140
30
98
92
48
198
226
2
142
332
262
260
526
518
522
492
460
444
532
580
470
410
332
108
124
12
112
106
72
24
212
220
362
326
162
46
20
22
114
102
230
204
170
258
346
330
310
254
228
232
376
446
530
478
684
572
400
382
498
308
438
444
382
376
570
550
576
720
798
960
1166
1104
1120
1170
1010
1046
1066
1004
1016
1034
1100
1124
1074
1038
1014
1026
986
1084
812
834
782
798
876
838
752
908
942
1048
898
962
1032
1090
1236
1272
1390
1326
1308
1106
1086
1002
966
1084
994
1016
1054
888
894
648
532
536
580
632
648
620
534
560
572
590
690
532
506
280
184
316
448
586
576
540
394
434
638
434
458
472
300
304
242
162
56
72
64
80
156
154
104
54
112
162
148
294
120
186
88
122
188
236
228
262
474
528
488
418
290
252
152
56
172
272
328
396
298
304
428
542
494
564
470
444
506
776
662
566
468
394
266
406
266
312
134
304
288
292
328
240
260
378
564
588
512
424
600
504
606
548
674
760
724
750
758
746
874
942
914
878
862
1036
1096
968
1014
1008
1066
1002
1010
1076
890
828
802
768
818
978
952
940
1008
1054
994
1008
1050
918
838
630
774
876
982
952
1094
1032
1046
1206
1204
1452
1428
1480
1544
1428
1306
1366
1292
1238
1474
1672
1588
1498
1588
1754
1710
1594
1612
1732
1786
1882
1930
1890
1580
1592
1768
1716
1678
1824
1736
1704
1706
1586
1604
1600
1546
1548
1530
1478
1468
1616
1706
1700
1702
1810
1712
1680
1440
1432
1428
1460
1630
1676
1806
1774
1686
1734
1668
1666
1642
1624
1676
1582
1594
1616
1680
1606
1544
1454
1380
1492
1222
1420
1224
1190
1160
1250
1354
1372
1380
1380
1398
1486
1482
1336
1220
1178
1162
1208
1326
1202
1202
1324
1372
1518
1498
1426
1478
1488
1616
1606
1508
1540
1618
1548
1648
1662
1568
1512
1476
1532
1530
1634
1688
1692
1760
1778
1756
1816
1706
1802
1822
1946
1750
1640
1754
1482
1328
1246
1254
1194
1182
1068
1070
1132
1104
1084
996
1164
1200
1146
1144
1376
1328
1298
1296
1324
1354
1298
1232
1154
1098
1156
1140
1194
1066
1010
992
976
982
942
874
968
946
866
1024
1124
1196
1226
1094
1162
1196
1222
1218
1054
950
1010
972
986
1022
914
870
1062
1054
1106
1116
984
1078
