724
718
732
778
780
798
816
810
808
802
782
772
788
786
810
834
864
892
860
880
928
892
886
880
880
872
834
854
876
886
868
854
860
848
860
826
818
778
740
760
752
798
812
816
826
816
788
750
760
778
820
824
804
798
810
796
754
706
730
736
726
714
702
652
666
660
680
686
660
678
684
694
716
762
738
718
790
776
770
760
712
710
670
664
672
698
738
736
746
732
752
744
724
690
700
680
680
710
714
696
736
730
750
780
750
790
796
770
766
774
772
734
738
734
742
770
754
768
774
778
776
804
822
802
832
814
834
896
884
836
816
814
854
856
872
888
864
828
864
834
782
850
850
864
876
874
896
918
864
856
834
828
794
812
830
832
866
878
858
896
892
860
844
826
834
842
824
830
872
890
840
824
886
884
860
864
872
878
884
888
846
844
836
824
818
788
772
746
740
746
782
778
802
802
804
776
750
790
830
814
800
828
808
750
730
752
752
768
740
736
786
758
776
736
766
794
806
828
796
826
886
874
854
916
908
896
882
900
910
930
924
890
896
870
848
864
848
862
868
868
876
838
822
810
868
860
820
864
858
866
912
894
856
888
890
884
880
864
868
836
858
858
846
826
846
814
816
826
842
792
794
826
828
858
836
840
830
818
828
830
860
842
826
848
868
846
844
814
812
818
808
776
760
744
746
790
778
738
734
768
768
776
770
760
728
702
684
700
696
710
706
704
674
624
602
606
628
656
624
680
720
726
754
726
740
788
824
838
824
840
844
826
808
856
846
874
846
828
858
818
822
838
836
818
834
812
776
788
748
732
718
732
742
736
734
742
696
684
642
622
654
706
668
680
706
714
782
810
802
832
820
802
766
762
760
764
740
760
780
746
746
802
780
772
736
720
726
754
728
760
752
810
784
796
814
866
860
826
832
874
880
878
852
836
820
838
824
804
786
770
778
796
808
786
808
802
818
806
806
820
824
830
826
820
772
802
794
764
736
728
772
762
758
776
784
754
734
748
766
802
794
780
782
746
748
756
746
800
782
780
782
780
746
712
710
750
778
764
730
672
670
690
712
704
726
732
746
736
730
706
694
664
636
682
704
708
672
664
612
652
646
628
576
590
586
580
582
572
564
594
584
540
546
556
506
456
462
466
464
470
448
440
454
410
426
392
380
420
394
402
414
444
460
444
472
514
520
524
532
528
512
490
488
506
520
478
462
452
442
424
450
452
456
410
404
440
450
502
580
552
560
566
528
584
568
602
602
612
588
558
606
598
580
532
518
506
490
472
454
460
500
526
498
532
510
536
538
518
538
514
506
524
594
616
588
608
602
586
576
580
616
658
722
730
800
832
826
824
842
842
840
836
800
830
848
850
842
818
778
750
784
744
724
732
736
710
710
692
712
744
740
788
790
788
794
800
756
776
788
774
768
798
808
816
794
814
768
776
768
764
734
760
770
792
806
784
794
788
776
752
744
766
786
788
822
836
806
804
810
762
776
750
754
778
844
842
832
814
812
824
834
828
814
846
832
834
822
820
832
850
858
802
812
812
796
824
838
824
832
818
826
834
840
826
826
848
856
840
848
860
834
858
872
874
840
794
840
828
822
824
796
790
760
764
784
778
766
784
780
796
758
752
770
814
826
806
810
798
790
802
794
802
812
804
832
822
840
822
832
792
836
798
828
840
834
824
802
812
816
802
798
798
816
820
830
790
786
736
746
790
758
726
712
714
718
748
728
710
720
720
728
732
774
770
776
754
712
732
740
696
688
708
732
760
754
758
734
762
764
758
742
736
718
712
706
716
702
720
716
690
718
770
756
772
792
798
806
782
782
764
766
776
758
772
792
802
804
830
836
860
862
874
868
844
852
864
890
892
876
866
872
870
872
876
870
842
832
812
800
822
812
806
792
788
784
798
818
776
754
766
766
748
750
708
676
682
696
666
648
686
728
752
700
678
638
634
650
640
600
638
636
684
668
666
622
610
624
710
732
726
728
738
682
644
670
628
644
654
626
640
664
708
672
722
760
734
736
706
740
764
804
810
812
778
752
788
754
736
730
744
746
750
772
782
762
776
776
812
824
842
852
874
852
886
848
842
844
856
838
802
766
772
800
822
850
836
828
804
820
792
774
780
716
722
674
692
708
690
724
702
692
702
724
706
740
734
744
756
764
754
712
696
698
690
730
770
750
728
686
700
712
696
688
692
710
700
670
648
606
642
654
676
638
638
654
680
664
640
644
654
634
622
662
670
670
638
658
654
676
676
626
652
714
706
760
770
758
720
698
662
734
672
672
630
640
648
666
632
636
606
604
602
604
582
602
646
656
660
660
698
704
706
696
704
750
722
716
726
736
764
760
728
756
742
772
750
678
618
588
608
630
636
706
700
620
660
676
666
654
624
616
640
604
574
608
578
544
564
574
624
622
610
578
586
540
552
496
488
508
552
570
574
542
514
556
502
494
508
526
514
504
474
502
474
462
542
604
598
588
556
610
626
708
718
728
710
708
688
692
720
712
718
732
778
752
722
730
716
728
706
716
760
748
780
760
728
756
792
824
838
846
858
884
906
900
908
888
858
826
844
860
824
802
796
788
834
850
860
892
902
892
862
880
874
882
888
870
882
878
846
862
852
830
852
864
826
828
806
798
808
788
792
804
846
856
864
878
866
856
852
832
834
840
876
862
856
836
860
896
882
860
858
878
902
928
940
904
896
920
858
872
868
866
852
828
854
854
846
844
820
792
770
722
734
726
780
778
770
808
826
812
832
798
826
866
870
902
882
852
878
820
800
798
790
808
736
746
784
752
784
778
798
746
748
750
742
740
742
730
702
774
736
758
766
754
794
804
802
790
824
814
830
828
832
818
760
702
692
668
630
620
664
624
636
624
602
530
464
406
346
318
272
290
240
244
226
242
236
288
272
282
318
358
432
424
438
440
488
522
514
500
522
486
460
474
458
448
456
490
488
452
482
506
496
540
586
578
580
574
558
568
582
592
620
614
562
538
562
576
574
546
564
560
568
568
532
510
478
468
520
554
588
594
566
598
646
654
592
598
582
572
608
680
656
706
700
716
730
736
758
768
764
788
784
794
780
760
774
812
814
790
822
864
870
868
866
822
818
804
806
786
766
794
826
796
804
816
836
856
804
802
814
788
812
778
800
808
760
726
714
750
716
760
798
774
828
800
832
840
824
830
806
822
844
814
798
776
822
830
836
816
802
802
800
820
844
872
848
826
814
826
822
814
816
822
808
794
780
766
788
774
712
738
734
714
720
754
754
736
708
716
760
782
798
768
782
810
798
836
814
794
756
758
806
842
840
866
888
858
852
884
902
890
884
892
882
858
858
856
886
836
802
836
874
892
888
892
884
908
912
868
882
890
896
868
870
888
838
802
856
846
844
840
876
890
878
860
872
834
846
836
844
842
840
870
868
868
878
872
854
840
888
856
822
824
832
814
794
756
802
746
746
754
776
790
760
794
820
828
824
792
796
800
788
784
834
802
776
744
792
810
804
812
824
846
894
858
844
848
856
854
846
846
844
844
812
834
824
808
764
782
788
810
824
808
806
808
820
814
804
814
756
792
812
842
806
830
816
776
782
788
762
734
800
838
858
822
838
840
820
826
806
804
814
790
782
800
850
858
848
860
872
830
840
848
894
892
860
844
774
774
734
710
678
730
674
704
690
694
674
678
674
688
712
756
792
796
790
746
778
834
872
872
804
790
768
820
814
816
796
790
746
756
780
754
790
836
826
804
760
750
724
704
742
738
748
752
726
712
708
710
706
720
724
728
750
776
750
678
676
712
726
766
808
872
874
844
848
858
820
838
854
854
794
818
818
836
852
858
822
848
892
880
898
904
906
874
894
892
882
836
864
834
850
840
846
832
838
850
854
828
830
832
794
800
798
786
808
840
816
774
764
772
814
826
876
844
826
824
858
874
840
844
858
868
826
812
808
804
836
816
816
770
708
678
714
726
702
714
748
768
786
786
826
816
776
792
772
784
778
806
778
796
818
772
786
770
752
806
844
856
852
870
878
872
910
862
896
878
830
832
856
864
854
828
796
836
856
842
824
882
892
894
870
834
804
828
844
818
770
762
728
736
718
746
748
706
736
744
774
770
746
750
756
724
744
738
748
732
752
764
750
740
698
684
720
712
718
726
736
748
766
750
750
748
788
776
748
748
762
772
792
740
744
754
732
734
770
766
758
720
732
706
740
760
750
774
774
768
796
746
774
806
810
792
816
846
846
816
790
828
840
864
888
882
880
880
870
838
846
848
868
850
852
860
870
886
912
912
908
902
912
932
916
922
900
890
872
832
816
816
820
850
860
822
802
828
848
852
828
848
860
874
854
870
866
860
868
840
808
820
844
824
848
840
874
878
890
866
886
866
848
808
818
778
760
790
828
810
822
828
824
828
810
806
808
798
784
822
772
816
792
772
734
740
722
758
754
730
748
744
778
768
802
782
790
802
808
870
872
858
872
910
920
918
912
930
906
898
874
852
874
828
806
818
782
728
762
766
784
810
828
812
804
798
790
790
788
768
776
