7998
7974
7950
7942
7880
7968
7898
7982
7974
7966
8048
7970
7864
7802
7676
7642
7634
7626
7614
7590
7598
7706
7782
7860
7878
7872
7782
7790
7752
7664
7754
7728
7668
7652
7612
7538
7626
7690
7826
7836
7862
7884
7876
7870
7878
7822
7770
7862
7918
7936
8012
8014
7928
7858
7856
7764
7760
7718
7678
7690
7628
7618
7600
7602
7514
7522
7510
7588
7724
7810
7772
7760
7740
7668
7698
7696
7692
7698
7642
7676
7682
7674
7672
7746
7838
7818
7896
7850
7910
7948
7946
7940
7902
7844
7848
7774
7858
7808
7850
7906
7964
7824
7762
7690
7648
7702
7778
7830
7778
7682
7752
7732
7724
7666
7688
7728
7694
7742
7708
7794
7772
7684
7638
7566
7512
7492
7492
7504
7520
7464
7498
7556
7656
7582
7626
7600
7680
7692
7682
7546
7612
7696
7702
7728
7790
7770
7752
7740
7724
7730
7642
7640
7656
7706
7696
7764
7760
7884
7824
7862
7816
7724
7752
7778
7734
7632
7476
7534
7506
7566
7592
7578
7498
7522
7544
7558
7504
7506
7548
7542
7574
7722
7676
7752
7716
7828
7824
7786
7802
7888
7860
7798
7784
7782
7748
7752
7822
7852
7828
7718
7716
7672
7718
7812
7826
7880
7948
7794
7734
7736
7848
7900
7886
7852
7856
7916
7928
7830
7780
7796
7870
7878
7872
7906
7758
7732
7760
7842
7946
7918
7934
7908
7894
7814
7784
7868
7896
7952
7824
7876
7796
7798
7688
7700
7642
7710
7644
7700
7778
7786
7742
7670
7606
7628
7650
7802
7732
7718
7716
7758
7794
7792
7642
7622
7588
7540
7566
7566
7552
7558
7534
7544
7486
7540
7580
7604
7652
7740
7630
7702
7798
7734
7780
7726
7860
7846
7824
7848
7916
7848
7866
7816
7724
7754
7656
7644
7754
7786
7724
7676
7658
7694
7750
7682
7682
7674
7754
7720
7646
7682
7668
7694
7608
7534
7544
7566
7606
7572
7638
7662
7730
7672
7638
7662
7654
7628
7556
7628
7624
7676
7770
7758
7760
7780
7722
7798
7822
7692
7668
7654
7658
7748
7686
7704
7740
7762
7818
7816
7760
7920
7920
7978
7866
7852
7856
7778
7762
7682
7658
7704
7656
7654
7634
7708
7714
7652
7698
7796
7798
7894
7850
7910
7848
7872
7822
7864
7896
7884
7956
7896
7988
7904
7810
7804
7860
7906
7894
7858
7778
7756
7806
7796
7730
7796
7726
7726
7686
7572
7654
7772
7774
7682
7630
7612
7626
7448
7410
7406
7462
7428
7442
7502
7558
7504
7612
7652
7648
7528
7526
7570
7592
7624
7632
7584
7472
7448
7424
7480
7514
7504
7474
7576
7484
7466
7462
7448
7466
7444
7366
7384
7512
7414
7490
7392
7252
7394
7436
7466
7492
7496
7566
7704
7510
7534
7532
7498
7496
7414
7362
7398
7388
7432
7588
7682
7762
7754
7736
7642
7658
7638
7610
7670
7592
7494
7418
7492
7516
7518
7498
7548
7596
7536
7552
7618
7566
7640
7654
7578
7630
7714
7832
7830
7816
7740
7696
7562
7650
7656
7662
7534
7502
7462
7446
7332
7398
7306
7216
7124
7104
7246
7208
7328
7280
7322
7278
7380
7306
7316
7454
7312
7206
7222
7290
7378
7454
7552
7514
7550
7506
7536
7582
7696
7596
7586
7606
7626
7612
7570
7548
7592
7690
7694
7812
7640
7740
7564
7666
7572
7572
7674
7654
7684
7684
7620
7680
7784
7850
7790
7690
7582
7562
7676
7798
7774
7766
7800
7826
7780
7884
7908
7830
7908
7842
7896
7968
8066
8030
7998
8078
8024
8024
8014
7868
7848
7876
7940
7968
7964
7964
7980
7880
7914
7796
7882
7922
7780
7770
7708
7596
7636
7626
7552
7514
7540
7624
7528
7510
7600
7634
7592
7602
7552
7610
7578
7612
7660
7658
7624
7688
7658
7590
7572
7698
7612
7670
7552
7596
7534
7484
7484
7486
7552
7534
7546
7584
7464
7416
7410
7458
7490
7446
7444
7458
7476
7548
7502
7506
7544
7534
7550
7480
7658
7688
7604
7588
7612
7624
7566
7552
7572
7472
7522
7480
7556
7538
7492
7538
7500
7456
7538
7462
7532
7582
7588
7656
7728
7622
7574
7630
7726
7606
7648
7626
7734
7590
7546
7486
7450
7488
7406
7400
7498
7580
7576
7620
7586
7578
7632
7614
7650
7706
7590
7630
7638
7654
7602
7530
7676
7618
7576
7648
7626
7646
7604
7686
7692
7744
7830
7854
7866
7940
7878
7792
7750
7746
7656
7802
7782
7772
7796
7714
7678
7732
7618
7600
7666
7640
7708
7676
7762
7798
7870
7806
7838
7840
7764
7782
7820
7912
7956
7942
7872
7956
7932
7922
7884
7848
7828
7884
7810
7794
7802
7766
7736
7688
7672
7570
7580
7526
7468
7538
7524
7598
7488
7632
7556
7648
7504
7624
7696
7652
7638
7706
7686
7632
7598
7548
7544
7504
7504
7518
7474
7436
7344
7304
7360
7580
7616
7562
7572
7400
7470
7372
7464
7400
7390
7418
7462
7434
7422
7556
7630
7688
7720
7720
7570
7524
7586
7612
7606
7656
7724
7726
7784
7700
7600
7630
7532
7556
7468
7548
7498
7438
7478
7432
7420
7418
7446
7484
7492
7468
7584
7588
7654
7642
7612
7596
7628
7652
7516
7490
7594
7486
7498
7400
7430
7470
7456
7494
7566
7628
7584
7598
7572
7586
7512
7404
7460
7472
7512
7610
7594
7602
7524
7506
7508
7582
7552
7536
7550
7532
7516
7574
7534
7538
7368
7418
7428
7536
7492
7486
7402
7494
7478
7492
7476
7504
7366
7264
7226
7270
7276
7222
7248
7440
7458
7338
7372
7268
7296
7292
7356
7278
7356
7390
7430
7408
7356
7360
7486
7422
7472
7630
7624
7490
7432
7498
7538
7588
7646
7614
7566
7540
7518
7554
7516
7568
7542
7648
7620
7570
7568
7512
7428
7530
7488
7494
7522
7626
7660
7630
7622
7634
7662
7754
7812
7732
7736
7668
7684
7828
7852
7730
7758
7826
7834
7882
7874
7830
7802
7756
7764
7804
7878
7744
7846
7796
7786
7746
7696
7678
7654
7700
7770
7754
7722
7768
7720
7708
7700
7722
7588
7716
7634
7630
7594
7822
7782
7832
7858
7824
7680
7670
7648
7758
7770
7782
7664
7576
7494
7596
7618
7612
7674
7566
7514
7480
7702
7818
7846
7998
7862
7832
7842
7922
7934
7910
7924
7906
7936
7922
7910
7878
7970
7980
7958
7976
8014
7960
7906
7918
7866
7794
7810
7782
7774
7624
7556
7544
7552
7626
7656
7612
7526
7484
7590
7644
7674
7612
7596
7588
7498
7466
7546
7478
7454
7548
7574
7552
7612
7658
7686
7576
7596
7634
7648
7504
7560
7466
7542
7530
7396
7426
7456
7410
7406
7420
7414
7432
7422
7506
7664
7608
7612
7622
7520
7628
7638
7714
7616
7600
7614
7694
7674
7606
7644
7734
7710
7576
7710
7646
7662
7568
7532
7576
7596
7512
7628
7670
7680
7712
7746
7740
7612
7606
7492
7480
7584
7640
7572
7668
7608
7674
7614
7592
7580
7566
7626
7634
7682
7712
7836
7676
7636
7640
7760
7858
7726
7564
7632
7712
7762
7760
7820
7834
7792
7710
7832
7846
7832
7858
7854
7732
7686
7674
7680
7636
7562
7478
7488
7486
7434
7450
7534
7532
7480
7526
7554
7596
7570
7504
7470
7596
7628
7592
7608
7646
7594
7520
7560
7476
7516
7528
7514
7562
7658
7712
7638
7584
7618
7676
7704
7676
7562
7574
7556
7612
7612
7496
7468
7428
7558
7514
7544
7582
7574
7620
7602
7654
7708
7756
7866
7828
7830
7812
7832
7790
7772
7786
7770
7882
7782
7750
7852
7832
7824
7794
7730
7774
7738
7804
7824
7794
7770
7830
7914
7882
8032
8016
8048
7998
8022
8010
7928
7978
7988
7928
7954
7984
7984
7982
7956
8020
7974
8000
7974
7938
7924
7858
7880
7866
7982
7912
7918
7920
7780
7730
7744
7742
7708
7714
7766
7712
7786
7746
7796
7820
7814
7862
7822
7820
7780
7768
7668
7778
7744
7728
7660
7660
7702
7592
7544
7618
7562
7488
7552
7544
7586
7676
7692
7688
7776
7796
7728
7730
7768
7730
7696
7668
7622
7586
7696
7740
7702
7656
7508
7562
7714
7626
7614
7630
7664
7616
7664
7624
7702
7736
7704
7642
7722
7670
7696
7750
7798
7762
7702
7612
7716
7796
7708
7624
7584
7542
7642
7670
7722
7848
7674
7600
7702
7708
7846
7778
7780
7664
7800
7894
7868
7880
7782
7838
7924
7956
8054
8096
8100
8032
7960
7952
7984
7904
7706
7808
7780
7736
7726
7722
7786
7790
7760
7752
7678
7704
7642
7638
7672
7796
7856
7846
7872
7826
7738
7750
7836
7844
7728
7870
7808
7772
7738
7726
7664
7686
7696
7842
7820
7798
7804
7838
7806
7760
7666
7672
7822
7824
7840
7820
7810
7820
7836
7858
7896
7880
7842
7862
7920
7880
7782
7860
7844
7864
7790
7850
7774
7752
7666
7740
7724
7758
7892
7918
7934
7986
8042
8022
8016
8004
7912
7932
7832
7816
7940
7984
8046
7962
7948
7938
8002
7952
7918
7922
7834
7912
7862
7940
7944
7852
7946
7988
7846
7780
7766
7766
7774
7778
7782
7914
7914
7894
7860
7780
7740
7756
7716
7714
7710
7770
7776
7814
7800
7744
7812
7788
7736
7782
7756
7754
7702
7706
7666
7664
7724
7786
7708
7738
7758
7832
7730
7830
7916
7908
7810
7796
7710
7752
7794
7776
7766
7724
7770
7796
7850
7952
8086
8062
8038
8016
7976
7922
7956
7958
7990
7954
7950
7814
7852
7886
7868
7932
7866
7850
7876
7788
7762
7734
7734
7640
7636
7702
7752
7778
7750
7876
7766
7750
7754
7744
7746
7722
7756
7704
7698
7660
7730
7728
7686
7696
7762
7732
7772
7812
7774
7886
7792
7824
7914
7856
7896
7920
7910
7934
7898
7906
7816
7772
7796
7748
7748
7772
7770
7834
7794
7798
7766
7764
7762
7874
7844
7814
7756
7776
7878
7808
7752
7736
7718
7742
7826
7878
7944
7918
7946
7990
7930
7814
7878
7942
7912
7840
7846
7926
7888
7924
7928
7884
7694
7822
7780
7744
7662
7758
7754
7748
7748
7730
7838
7824
7846
7834
7842
7920
7948
7976
7990
8058
8030
7946
7948
7766
7782
7698
7678
7664
7716
7786
7808
7756
7698
7740
7854
7784
7702
7700
7660
7652
7678
7644
7630
7652
7618
7626
7782
7752
7774
7830
7774
7844
7716
7778
7814
7816
7862
7766
7816
7858
7878
7902
8004
7972
7900
7842
7820
7862
7726
7764
7816
7830
7828
7814
7874
7920
7860
7820
7896
7912
7876
7964
7842
7870
7900
7832
7866
7886
7806
7678
7658
7586
7564
7574
7560
7544
7474
7526
7570
7644
7660
7630
7678
7670
7730
7772
7726
7732
7660
7688
7620
7598
7740
7710
7706
7734
7644
7676
7624
7644
7688
7652
7548
7514
7496
7470
7552
7440
7442
7472
7398
7424
7432
7444
7528
7554
7588
7556
7550
7598
7572
7506
7572
7650
7688
7762
7744
7716
7842
7860
7724
7802
7774
7740
7730
7688
7676
7694
7728
7678
7706
7760
7740
7726
7734
7792
7750
7718
7656
7650
7580
7572
7664
7656
7634
7638
7628
7616
7590
7566
7540
7548
7624
7684
7828
7896
7754
7762
7732
7678
7636
7586
7594
7628
7662
7696
7708
7730
7670
7732
7888
7812
7898
7854
7870
7900
7880
7856
7832
7986
7954
7928
7926
8086
8082
8040
7990
8048
8070
8000
7964
7928
7928
7928
7926
7884
7814
7868
7906
7918
7848
7780
7898
7896
7824
7844
7818
7786
7776
7738
7768
7798
7898
7850
7894
7972
7886
7952
7910
7860
7804
7782
7788
7808
7774
7768
7738
7654
7726
7640
7668
7546
7528
7566
7604
7734
7752
7752
7696
7552
7500
7450
7484
7452
7410
7378
7370
7212
7340
7426
7514
7480
7496
7628
7598
7548
7672
7676
7618
7606
7582
7552
7514
7520
7516
7554
7536
7580
7520
7506
7576
7598
7474
7536
7484
7536
7402
7472
7530
7522
7546
7510
7558
7588
7530
7490
7512
7538
7574
7578
7624
7654
7660
7624
7580
7616
7622
7732
7804
7690
7710
7734
7704
7716
7622
7622
7700
7762
7756
7694
7662
7606
7728
7572
7504
7640
7656
7754
7816
7800
7740
7734
7754
7784
7786
7638
7674
7648
7642
7636
7612
7588
7656
7650
7586
