3300
3280
3198
3268
3332
3372
3438
3432
3400
3384
3342
3360
3370
3342
3314
3258
3258
3220
3340
3414
3366
3370
3338
3286
3290
3370
3398
3396
3382
3354
3378
3328
3330
3254
3160
3226
3294
3290
3284
3348
3326
3268
3258
3330
3358
3350
3354
3370
3370
3422
3406
3390
3500
3496
3448
3476
3474
3438
3408
3382
3454
3472
3440
3414
3474
3514
3438
3408
3382
3348
3274
3296
3332
3296
3266
3268
3242
3268
3274
3260
3270
3286
3382
3486
3550
3524
3576
3538
3570
3576
3492
3522
3478
3482
3442
3442
3528
3446
3482
3486
3532
3512
3478
3432
3450
3510
3524
3500
3460
3428
3440
3476
3460
3520
3484
3500
3572
3546
3460
3456
3428
3372
3444
3410
3396
3418
3404
3366
3394
3386
3342
3342
3336
3368
3378
3332
3356
3312
3358
3378
3492
3410
3386
3408
3390
3360
3462
3410
3474
3426
3368
3386
3384
3358
3358
3340
3268
3318
3346
3320
3328
3316
3260
3340
3400
3314
3322
3324
3352
3304
3350
3376
3320
3330
3376
3422
3400
3404
3390
3400
3376
3424
3408
3372
3430
3378
3376
3404
3378
3402
3400
3380
3408
3392
3452
3418
3394
3464
3474
3472
3470
3360
3398
3294
3344
3316
3320
3260
3286
3274
3200
3244
3282
3264
3204
3196
3184
3254
3178
3186
3154
3254
3304
3256
3248
3288
3282
3282
3318
3386
3368
3410
3412
3444
3440
3400
3454
3478
3502
3534
3468
3498
3462
3480
3544
3512
3482
3468
3426
3362
3342
3392
3396
3376
3438
3456
3508
3454
3516
3530
3542
3534
3490
3510
3480
3480
3458
3414
3420
3462
3372
3330
3336
3314
3324
3382
3374
3386
3390
3368
3362
3354
3352
3406
3390
3384
3378
3394
3342
3366
3308
3266
3382
3396
3338
3354
3308
3442
3372
3380
3342
3350
3356
3330
3372
3406
3360
3308
3360
3354
3352
3392
3460
3474
3544
3528
3510
3496
3432
3508
3558
3516
3556
3560
3586
3526
3464
3400
3404
3446
3514
3562
3566
3546
3512
3512
3486
3530
3608
3618
3574
3570
3610
3652
3590
3550
3614
3592
3578
3584
3554
3530
3502
3452
3486
3518
3522
3556
3524
3486
3440
3426
3412
3390
3352
3332
3334
3374
3430
3338
3358
3224
3284
3314
3304
3390
3404
3428
3476
3458
3434
3438
3364
3388
3372
3418
3484
3476
3466
3520
3514
3412
3486
3532
3550
3530
3526
3574
3542
3484
3474
3438
3442
3400
3396
3294
3382
3426
3438
3434
3502
3464
3428
3388
3304
3336
3368
3416
3408
3442
3426
3408
3410
3432
3428
3412
3332
3332
3304
3324
3334
3354
3332
3284
3254
3350
3322
3388
3396
3448
3370
3364
3440
3450
3412
3424
3412
3410
3428
3440
3486
3444
3500
3494
3512
3528
3494
3472
3520
3542
3560
3544
3452
3418
3400
3388
3390
3444
3416
3356
3338
3398
3346
3298
3348
3340
3312
3340
3350
3352
3324
3298
3218
3202
3274
3264
3274
3294
3272
3238
3270
3300
3260
3226
3204
3278
3318
3314
3294
3222
3198
3308
3308
3262
3228
3280
3248
3258
3192
3270
3256
3278
3260
3210
3232
3268
3242
3288
3372
3366
3368
3434
3482
3524
3516
3444
3542
3532
3512
3490
3474
3480
3400
3484
3348
3382
3396
3484
3536
3504
3540
3518
3466
3492
3402
3472
3470
3498
3536
3536
3412
3386
3392
3386
3446
3530
3524
3562
3554
3532
3510
3486
3398
3414
3372
3424
3426
3468
3520
3374
3378
3420
3442
3464
3512
3570
3554
3564
3538
3532
3538
3482
3502
3478
3416
3442
3400
3402
3384
3352
3428
3386
3340
3290
3328
3312
3348
3370
3336
3386
3352
3326
3336
3338
3368
3368
3346
3326
3326
3352
3314
3268
3312
3296
3248
3178
3206
3168
3178
3212
3144
3116
3094
3140
3108
3120
3204
3280
3226
3310
3230
3202
3162
3174
3160
3178
3172
3186
3178
3104
3038
3088
3184
3246
3160
3178
3172
3136
3114
3134
3146
3150
3150
3170
3164
3152
3134
3120
3094
3102
3078
3012
3040
2986
3004
2922
2918
2838
2868
2960
3026
3008
3094
3126
3158
3164
3144
3152
3118
3208
3266
3204
3198
3188
3168
3258
3286
3266
3312
3290
3240
3228
3256
3214
3306
3296
3348
3294
3224
3252
3192
3246
3262
3298
3268
3304
3296
3250
3294
3260
3220
3158
3186
3210
3210
3160
3062
3092
3020
3118
3058
3116
3146
3096
3186
3126
3130
3126
3162
3072
3084
3090
3058
3094
3076
3018
3034
3036
2952
3020
3064
3046
3064
3040
3036
3062
3024
3020
3062
3122
3202
3236
3172
3190
3114
3108
3154
3176
3204
3242
3236
3198
3206
3216
3238
3216
3212
3194
3248
3258
3248
3154
3088
3118
3160
3224
3218
3300
3320
3360
3304
3302
3320
3274
3326
3332
3324
3362
3340
3290
3360
3308
3246
3328
3240
3312
3378
3432
3462
3480
3452
3404
3428
3458
3444
3444
3432
3434
3402
3364
3344
3314
3318
3346
3344
3380
3416
3410
3426
3410
3436
3494
3460
3408
3416
3394
3382
3368
3350
3356
3360
3402
3398
3450
3436
3518
3440
3454
3496
3480
3508
3506
3494
3592
3574
3574
3562
3572
3560
3608
3600
3542
3554
3624
3524
3542
3490
3518
3534
3502
3508
3550
3554
3498
3486
3510
3510
3456
3478
3464
3432
3400
3392
3454
3470
3436
3352
3374
3398
3362
3460
3430
3406
3344
3296
3400
3378
3356
3372
3358
3334
3326
3270
3252
3346
3366
3340
3354
3290
3280
3260
3272
3280
3266
3274
3272
3264
3278
3278
3186
3190
3210
3186
3156
3156
3222
3304
3286
3280
3294
3304
3288
3256
3244
3286
3268
3340
3294
3266
3356
3382
3376
3390
3388
3464
3440
3468
3518
3478
3544
3530
3552
3558
3510
3560
3618
3578
3664
3594
3592
3570
3526
3526
3542
3570
3570
3492
3470
3464
3432
3430
3398
3470
3518
3530
3510
3544
3540
3476
3454
3454
3488
3458
3398
3430
3408
3452
3548
3552
3526
3544
3466
3450
3488
3468
3460
3486
3376
3392
3440
3416
3450
3468
3466
3438
3464
3474
3434
3450
3440
3418
3392
3370
3330
3304
3410
3486
3572
3564
3622
3566
3526
3482
3508
3446
3418
3480
3422
3446
3550
3498
3540
3592
3556
3560
3608
3606
3682
3668
3660
3650
3622
3604
3628
3550
3610
3650
3484
3418
3456
3420
3390
3416
3442
3484
3466
3480
3518
3458
3448
3492
3552
3518
3534
3532
3528
3498
3434
3430
3476
3470
3388
3338
3334
3292
3296
3238
3258
3218
3172
3198
3186
3250
3266
3202
3232
3306
3372
3372
3358
3400
3496
3480
3540
3558
3502
3496
3508
3484
3490
3458
3462
3488
3530
3486
3490
3488
3460
3518
3504
3522
3412
3406
3428
3402
3402
3416
3432
3428
3482
3456
3436
3420
3420
3426
3350
3408
3430
3406
3390
3426
3466
3468
3436
3420
3426
3414
3338
3322
3310
3322
3442
3420
3320
3386
3336
3328
3336
3352
3376
3384
3466
3424
3416
3462
3504
3508
3534
3526
3556
3594
3552
3562
3538
3440
3516
3476
3472
3496
3506
3504
3466
3502
3472
3458
3348
3420
3326
3406
3368
3390
3346
3302
3268
3312
3422
3434
3440
3476
3548
3544
3532
3510
3486
3482
3476
3454
3436
3452
3438
3482
3530
3526
3524
3554
3566
3556
3594
3592
3548
3558
3540
3558
3614
3598
3638
3586
3512
3498
3530
3500
3490
3448
3466
3410
3384
3356
3340
3334
3388
3402
3426
3434
3410
3424
3410
3410
3368
3400
3444
3416
3350
3384
3438
3488
3474
3534
3540
3530
3540
3522
3514
3484
3518
3470
3444
3406
3340
3428
3464
3534
3526
3562
3494
3522
3550
3530
3522
3580
3556
3564
3592
3538
3572
3588
3554
3576
3520
3496
3544
3560
3588
3502
3512
3548
3514
3546
3520
3538
3462
3468
3404
3378
3412
3338
3308
3362
3428
3360
3444
3424
3414
3386
3330
3472
3440
3414
3398
3406
3426
3396
3362
3260
3270
3284
3306
3370
3358
3380
3392
3354
3450
3432
3442
3420
3440
3460
3532
3584
3538
3514
3478
3520
3550
3478
3458
3498
3546
3518
3584
3596
3700
3702
3694
3630
3668
3636
3640
3582
3480
3526
3492
3518
3532
3482
3504
3466
3458
3454
3488
3506
3528
3496
3472
3522
3486
3530
3490
3542
3500
3488
3490
3542
3628
3604
3584
3514
3506
3508
3496
3532
3548
3532
3600
3550
3534
3556
3574
3568
3540
3518
3484
3488
3548
3592
3588
3570
3606
3548
3512
3538
3588
3614
3584
3616
3582
3612
3636
3586
3568
3574
3544
3586
3530
3568
3628
3648
3676
3696
3592
3586
3578
3516
3504
3510
3602
3606
3620
3564
3566
3572
3554
3586
3608
3610
3640
3624
3606
3562
3612
3544
3552
3490
3520
3538
3496
3466
3494
3432
3398
3338
3388
3344
3342
3360
3334
3384
3444
3370
3452
3428
3420
3356
3368
3340
3334
3310
3310
3346
3328
3378
3430
3394
3408
3452
3468
3442
3366
3318
3342
3296
3236
3214
3174
3162
3160
3194
3138
3130
3178
3232
3252
3214
3204
3114
3176
3238
3162
3214
3208
3158
3184
3176
3196
3246
3232
3220
3278
3292
3290
3340
3396
3392
3348
3346
3396
3358
3326
3346
3380
3402
3384
3302
3334
3286
3312
3336
3290
3212
3194
3234
3188
3192
3200
3178
3206
3254
3258
3242
3264
3322
3432
3392
3406
3378
3342
3302
3358
3326
3390
3396
3362
3384
3404
3392
3458
3452
3498
3492
3488
3402
3332
3348
3342
3306
3358
3368
3352
3338
3284
3328
3344
3290
3328
3324
3310
3276
3338
3360
3356
3334
3372
3388
3398
3402
3384
3388
3446
3456
3406
3444
3418
3368
3416
3396
3386
3374
3322
3378
3398
3412
3438
3436
3436
3448
3496
3548
3508
3458
3500
3542
3606
3542
3520
3492
3464
3528
3498
3440
3346
3374
3404
3388
3380
3384
3434
3424
3428
3418
3482
3474
3574
3498
3486
3448
3426
3438
3454
3374
3342
3392
3356
3384
3416
3402
3366
3336
3374
3308
3278
3322
3304
3300
3370
3404
3390
3354
3330
3302
3382
3368
3388
3362
3434
3434
3452
3436
3418
3436
3470
3450
3506
3582
3588
3550
3524
3520
3506
3482
3476
3422
3406
3458
3456
3510
3528
3574
3580
3630
3600
3602
3596
3612
3612
3616
3602
3564
3544
3564
3498
3434
3482
3536
3528
3604
3606
3674
3666
3642
3686
3632
3620
3624
3576
3510
3512
3554
3514
3530
3512
3516
3532
3526
3530
3574
3594
3576
3604
3578
3632
3572
3608
3632
3622
3618
3544
3514
3512
3542
3548
3508
3540
3552
3506
3486
3508
3446
3464
3592
3654
3642
3536
3520
3476
3506
3488
3458
3460
3510
3564
3556
3478
3524
3576
3598
3584
3692
3692
3710
3626
3574
3570
3562
3492
3486
3542
3516
3546
3568
3516
3512
3536
3548
3512
3468
3490
3546
3540
3608
3552
3584
3608
3550
3560
3546
3540
3494
3472
3466
3352
3318
3378
3294
3332
3326
3342
3370
3464
3476
3456
3518
3572
3574
3566
3566
3492
3552
3580
3550
3598
3596
3536
3532
3514
3428
3458
3360
3424
3510
3502
3508
3530
3500
3488
3524
3530
3534
3492
3520
3530
3556
3556
3554
3582
3572
3532
3602
3604
3570
3620
3580
3572
3566
3506
3544
3592
3554
3590
3584
3576
3504
3488
3488
3470
3482
3542
3558
3624
3630
3668
3574
3480
3526
3484
3514
3518
3504
3502
3482
3444
3490
3486
3506
3544
3594
3544
3540
3556
3526
3506
3576
3540
3524
3438
3404
3392
3442
3452
3424
3446
3408
3380
3458
3490
3484
3418
3494
3560
3620
3582
3598
3536
3526
3586
3540
3494
3504
3466
3436
3428
3454
3436
3412
3422
3436
3412
3378
3408
3418
3426
3408
3446
3414
3456
3486
3490
3522
3528
3546
3558
3566
3510
3462
3432
3390
3350
3388
3430
3440
3506
3456
3464
3452
3474
3564
3578
3548
3490
3494
3466
3516
3536
3522
3520
3428
3518
3522
3476
3494
3532
3546
3492
3510
3514
3500
3440
3378
3390
3418
3396
3486
3460
3528
3520
3474
3456
3486
3452
3584
3610
3612
3646
3592
3590
3618
3542
3596
3588
3552
3592
3588
3600
3638
3658
3630
3588
3586
3614
3644
3582
