3074
3108
3118
3086
3040
3048
3058
3086
3102
3050
3042
3102
3044
3010
3030
2960
2940
3016
2938
3008
3066
3102
3162
3098
3066
3052
3074
3018
3086
3126
3120
3054
3102
3148
3122
3136
3140
3198
3122
3132
3216
3166
3166
3124
3166
3258
3166
3112
3158
3246
3314
3342
3352
3264
3320
3368
3380
3302
3310
3282
3234
3160
3216
3304
3288
3268
3228
3138
3156
3216
3222
3228
3250
3264
3276
3288
3310
3216
3172
3240
3278
3246
3234
3288
3224
3224
3242
3242
3240
3160
3182
3164
3112
3188
3104
3080
3136
3180
3184
3202
3164
3110
3192
3202
3284
3308
3302
3310
3262
3268
3324
3292
3266
3306
3344
3278
3294
3248
3254
3238
3154
3126
3118
3188
3236
3246
3152
3100
3072
3018
3016
3038
3032
3096
3122
3128
3062
3004
3016
3006
3086
3060
3118
3126
3126
3196
3214
3192
3142
3032
3098
3110
3166
3192
3226
3220
3274
3294
3256
3268
3248
3206
3238
3194
3220
3224
3270
3264
3316
3362
3364
3338
3302
3308
3340
3320
3352
3314
3308
3392
3344
3378
3422
3454
3444
3352
3344
3312
3266
3204
3210
3192
3232
3254
3286
3242
3250
3282
3364
3286
3244
3282
3286
3260
3186
3160
3152
3260
3278
3258
3200
3238
3290
3320
3392
3466
3388
3290
3308
3346
3342
3304
3358
3326
3356
3340
3298
3264
3264
3292
3332
3332
3258
3258
3244
3126
3204
3282
3368
3300
3228
3232
3310
3334
3404
3368
3386
3262
3282
3284
3276
3334
3374
3476
3332
3364
3348
3338
3380
3364
3346
3282
3364
3380
3380
3350
3274
3362
3280
3278
3324
3390
3406
3350
3366
3396
3402
3402
3382
3280
3336
3312
3302
3268
3224
3226
3276
3256
3218
3198
3132
3200
3244
3240
3212
3166
3198
3240
3192
3212
3258
3196
3220
3154
3154
3084
3080
3134
3182
3222
3180
3162
3162
3184
3296
3276
3278
3354
3382
3434
3408
3482
3446
3404
3360
3380
3368
3360
3300
3288
3304
3344
3288
3296
3212
3186
3138
3168
3108
3064
3086
3076
3098
3112
3154
3168
3194
3276
3242
3232
3250
3324
3290
3236
3226
3270
3310
3262
3280
3294
3286
3224
3162
3214
3204
3186
3258
3234
3330
3278
3304
3252
3262
3184
3244
3238
3292
3310
3252
3304
3240
3258
3176
3160
3180
3230
3266
3262
3258
3196
3160
3174
3116
3202
3142
3130
3086
3178
3226
3282
3238
3250
3236
3228
3278
3260
3262
3280
3202
3248
3210
3196
3176
3178
3172
3218
3232
3244
3216
3258
3212
3222
3260
3258
3216
3240
3218
3252
3206
3184
3178
3164
3194
3192
3212
3228
3236
3226
3328
3332
3316
3310
3308
3300
3288
3190
3198
3168
3314
3268
3336
3380
3402
3342
3314
3328
3310
3316
3336
3304
3328
3324
3208
3160
3172
3204
3122
3228
3228
3230
3236
3268
3312
3260
3274
3288
3278
3284
3252
3246
3208
3290
3236
3304
3280
3256
3250
3272
3280
3270
3292
3278
3372
3330
3294
3242
3264
3244
3262
3228
3198
3236
3292
3332
3272
3366
3328
3264
3248
3358
3270
3282
3270
3200
3254
3210
3222
3284
3198
3222
3264
3248
3268
3234
3230
3214
3134
3150
3250
3158
3200
3238
3242
3170
3256
3208
3218
3190
3102
3110
3154
2980
3032
3072
2988
2930
2956
2920
2964
3006
3064
3082
3084
3120
3182
3214
3260
3196
3260
3224
3204
3114
3176
3282
3284
3254
3298
3250
3226
3250
3248
3266
3232
3238
3260
3294
3264
3266
3254
3212
3246
3202
3176
3230
3238
3232
3254
3350
3274
3258
3224
3214
3212
3164
3186
3158
3154
3192
3238
3228
3302
3382
3324
3316
3256
3276
3248
3238
3272
3284
3308
3228
3254
3390
3278
3302
3300
3224
3272
3168
3150
3114
3162
3124
3138
3134
3082
3150
3142
3086
3054
3076
3060
3120
3102
3092
3150
3182
3196
3246
3268
3162
3092
3056
3084
3090
3044
3080
3014
3046
3092
3100
3152
3168
3142
3128
3120
3176
3228
3132
3286
3378
3326
3326
3368
3336
3334
3350
3294
3344
3310
3320
3400
3346
3408
3410
3454
3416
3364
3420
3424
3356
3366
3398
3440
3406
3430
3466
3426
3412
3416
3426
3396
3418
3424
3378
3362
3248
3256
3204
3176
3206
3196
3222
3238
3264
3252
3260
3212
3250
3244
3212
3222
3160
3190
3234
3138
3156
3260
3254
3288
3286
3272
3200
3178
3182
3234
3292
3352
3428
3444
3364
3408
3388
3366
3390
3390
3432
3412
3438
3436
3464
3454
3464
3500
3434
3390
3412
3298
3276
3296
3278
3270
3296
3348
3414
3440
3450
3474
3446
3418
3434
3458
3464
3390
3410
3432
3390
3364
3422
3344
3230
3242
3182
3200
3282
3208
3230
3240
3350
3296
3326
3250
3362
3310
3310
3312
3290
3260
3266
3270
3198
3242
3176
3156
3068
3030
2992
2950
3050
3040
3006
3058
3132
3072
3024
3018
3038
3052
3100
3042
3064
3108
3126
3120
3128
3108
3104
3052
3042
3092
3066
3040
2988
3028
3080
3044
3120
3176
3208
3254
3206
3156
3210
3242
3262
3272
3328
3334
3334
3376
3422
3492
3460
3394
3408
3444
3458
3440
3432
3422
3364
3392
3410
3418
3398
3404
3354
3364
3358
3414
3512
3514
3450
3374
3422
3374
3346
3286
3348
3356
3360
3390
3342
3314
3316
3300
3376
3364
3334
3318
3270
3234
3170
3256
3238
3228
3182
3140
3164
3228
3214
3244
3210
3192
3192
3138
3196
3128
3076
3038
3072
3122
3130
3156
3102
3100
3140
3076
3116
3106
3110
3152
3258
3240
3168
3110
3072
3018
3090
3056
3072
3136
3180
3208
3150
3094
3088
3042
3068
3024
3062
3056
3088
3072
3074
3080
3154
3176
3260
3206
3206
3210
3128
3220
3250
3276
3250
3178
3166
3212
3294
3298
3272
3242
3248
3152
3128
3102
3192
3214
3188
3150
3294
3238
3268
3246
3234
3264
3230
3196
3176
3156
3190
3204
3186
3158
3130
3180
3138
3118
3104
3058
3002
3008
3020
3042
3040
3088
3122
3122
3170
3200
3208
3220
3260
3180
3216
3228
3272
3274
3204
3256
3176
3192
3168
3176
3186
3164
3018
2986
2952
2940
2992
3056
3030
3066
3108
3146
3178
3202
3044
3080
3052
3082
3042
3078
3124
3110
3126
3074
3080
3034
2998
2942
2938
2898
2918
2992
3028
3048
3054
3066
3062
3068
3088
3166
3164
3216
3188
3204
3188
3204
3176
3252
3282
3330
3292
3262
3242
3252
3254
3210
3170
3168
3208
3200
3138
3030
2980
3086
3044
3136
3204
3212
3252
3222
3290
3284
3276
3244
3224
3264
3198
3182
3170
3190
3282
3342
3318
3298
3280
3324
3352
3392
3468
3430
3352
3400
3386
3380
3398
3468
3464
3452
3414
3384
3406
3404
3356
3380
3388
3366
3344
3320
3308
3210
3214
3186
3164
3104
3116
3050
3100
3134
3152
3200
3208
3248
3214
3262
3244
3184
3164
3118
3128
3170
3170
3194
3234
3246
3274
3198
3248
3160
3162
3194
3312
3322
3296
3258
3224
3248
3198
3206
3186
3224
3266
3226
3186
3156
3328
3286
3282
3288
3396
3418
3448
3474
3460
3410
3416
3342
3338
3326
3288
3310
3402
3532
3522
3526
3554
3492
3498
3472
3458
3422
3420
3430
3328
3354
3380
3376
3388
3318
3370
3326
3390
3430
3482
3494
3476
3440
3406
3376
3336
3322
3392
3278
3328
3370
3354
3360
3268
3314
3372
3362
3440
3416
3392
3360
3286
3286
3194
3208
3214
3248
3244
3180
3144
3194
3288
3292
3234
3202
3292
3262
3306
3372
3440
3480
3458
3484
3450
3508
3508
3442
3486
3530
3530
3494
3414
3384
3398
3428
3412
3452
3476
3488
3468
3478
3398
3400
3352
3408
3348
3428
3354
3340
3384
3372
3332
3300
3374
3420
3444
3430
3402
3332
3308
3250
3242
3292
3322
3292
3262
3312
3324
3336
3340
3338
3360
3418
3398
3354
3364
3340
3322
3298
3250
3244
3256
3268
3218
3310
3294
3336
3292
3354
3304
3268
3226
3216
3180
3186
3202
3230
3262
3392
3382
3340
3296
3296
3348
3374
3322
3316
3358
3388
3362
3296
3342
3314
3288
3266
3318
3338
3340
3336
3346
3436
3428
3382
3356
3308
3388
3348
3336
3258
3292
3418
3472
3482
3422
3414
3396
3390
3390
3412
3382
3390
3356
3342
3284
3304
3310
3394
3418
3450
3362
3338
3278
3248
3232
3240
3244
3238
3250
3244
3236
3274
3322
3358
3314
3430
3470
3480
3434
3398
3404
3342
3246
3294
3362
3332
3330
3208
3272
3170
3098
3122
3184
3144
3156
3150
3134
3174
3142
3044
3068
3064
3000
3028
3058
3032
3080
2994
2952
2954
2892
2840
2724
2808
2812
2914
2950
2916
2888
2900
2926
2994
2996
3010
2956
2954
2968
2972
3020
3048
3028
2938
3060
3068
3038
3092
3142
3126
3120
3136
3164
3226
3186
3196
3140
3074
3084
3110
3132
3122
3160
3096
3112
3236
3326
3222
3248
3212
3268
3230
3244
3258
3202
3258
3266
3194
3202
3252
3248
3272
3164
3188
3236
3206
3192
3104
2942
3018
3046
3066
3118
3214
3200
3288
3244
3216
3224
3258
3190
3136
3098
3112
3086
3146
3164
3166
3164
3234
3314
3346
3360
3316
3360
3246
3268
3292
3282
3280
3274
3298
3394
3392
3374
3426
3420
3454
3422
3426
3374
3336
3370
3350
3390
3364
3358
3354
3236
3274
3284
3318
3256
3228
3234
3272
3212
3198
3232
3250
3254
3256
3320
3358
3314
3208
3258
3244
3262
3192
3190
3190
3208
3204
3230
3188
3088
3084
3048
3078
3122
3142
3146
3126
3172
3184
3178
3260
3244
3240
3198
3208
3224
3186
3172
3210
3184
3162
3154
3164
3138
3202
3236
3170
3234
3224
3242
3296
3278
3276
3200
3104
3076
3052
3098
3128
3084
3070
3108
3120
3088
3058
3024
3020
3066
3100
3086
3082
3230
3216
3158
3268
3206
3250
3244
3286
3326
3282
3326
3318
3266
3238
3204
3150
3116
3092
3098
3172
3232
3178
3086
3130
3102
3164
3142
3170
3158
3216
3250
3300
3222
3290
3304
3312
3272
3272
3248
3354
3370
3398
3412
3332
3370
3306
3294
3314
3354
3364
3384
3364
3426
3428
3414
3408
3254
3302
3318
3236
3196
3248
3220
3258
3186
3126
3082
2996
3048
3006
3070
3120
3130
3172
3156
3154
3174
3068
3118
3164
3244
3210
3154
3128
3136
3070
3168
3106
3144
3196
3242
3236
3308
3278
3268
3238
3204
3218
3242
3266
3298
3318
3302
3332
3338
3292
3352
3274
3252
3326
3398
3436
3370
3342
3378
3360
3392
3382
3368
3408
3420
3366
3382
3482
3468
3468
3384
3392
3434
3402
3400
3482
3480
3428
3418
3456
3422
3414
3414
3418
3462
3436
3476
3486
3446
3518
3494
3474
3446
3430
3448
3396
3342
3370
3358
3344
3276
3226
3266
3326
3328
3258
3268
3234
3168
3216
3214
3276
3282
3220
3226
3254
3230
3214
3150
3248
3236
3256
3332
3334
3368
3388
3386
3396
3400
3424
3380
3352
3292
3306
3302
3236
3226
3118
3116
3224
3266
3250
3234
3320
3256
3260
3230
3242
3224
3284
3330
3336
3372
3322
3320
3364
3404
3352
3290
3258
3334
3262
3176
3132
3122
3112
3158
3070
3134
3184
3088
3178
3178
3182
3230
3200
3246
3268
3276
3294
3268
3286
3248
3236
3278
3194
3140
3162
3138
3104
3184
3226
3184
3200
3174
3170
3150
3206
3208
3326
3312
3344
3342
3370
3326
3326
3314
3300
3326
3256
3314
3280
3312
3224
3302
3308
3344
3328
3344
3300
3306
3318
3302
3268
3240
3178
3152
3148
3218
3204
3206
3170
3246
3248
3234
3284
3328
3334
3292
3264
3298
3394
3348
3364
3352
3398
3390
3448
3406
3436
3378
3422
3346
3338
3354
3390
3364
3314
3350
3350
3328
3314
3284
3232
3216
3276
3260
3218
3272
3204
3052
3124
3142
3096
3102
3124
3138
3184
3126
3164
3092
3130
3136
3126
3132
3138
3192
3234
3318
3268
3304
3404
3370
3358
3410
3388
3404
3288
3296
3308
3324
3252
3234
3180
3238
3282
3240
3228
3252
3286
3312
3338
3384
3426
3394
3308
3272
3308
3304
3314
3322
3268
3252
3230
3172
3142
3142
3138
3184
