506
532
488
510
562
520
510
540
570
564
562
576
572
602
620
600
582
550
582
566
606
592
572
586
602
578
550
572
566
562
588
560
528
498
516
502
488
468
422
378
394
344
310
282
248
258
324
356
380
352
368
388
396
426
438
418
428
438
474
456
448
466
508
556
516
508
502
470
462
474
504
506
546
532
516
470
468
486
474
490
528
538
496
474
448
432
452
448
472
454
430
508
544
580
568
530
446
438
472
472
466
438
404
480
486
476
434
468
432
448
428
406
396
442
384
342
300
262
254
300
318
346
414
412
444
354
280
262
264
208
176
182
200
190
188
218
188
198
130
118
122
136
244
282
330
324
300
296
284
268
284
190
210
174
164
134
126
150
120
154
166
146
130
176
190
110
40
90
50
12
42
94
192
252
290
268
302
252
282
242
202
206
154
148
136
156
134
146
138
100
62
74
108
96
16
8
12
16
12
6
4
38
40
30
74
52
60
28
42
58
70
126
110
104
74
26
14
6
12
50
108
174
188
260
232
224
238
218
212
216
244
252
276
254
224
228
214
228
278
238
204
152
130
166
140
114
106
144
110
122
194
226
216
180
238
194
248
212
226
218
240
198
214
270
280
314
312
232
216
188
194
256
262
290
248
226
248
218
242
184
168
132
90
92
76
50
100
56
6
8
6
12
26
22
14
2
18
30
32
10
48
70
52
76
46
76
110
88
88
110
68
106
92
88
122
86
106
120
112
122
148
102
84
126
164
158
76
82
50
118
90
106
78
18
32
78
64
60
68
86
78
98
42
68
62
90
116
164
182
152
164
144
112
116
90
52
18
14
38
36
48
30
26
70
18
16
4
20
24
38
20
26
110
146
176
146
172
150
200
264
260
216
230
156
194
204
180
178
182
162
158
204
224
234
292
306
324
332
362
408
424
446
412
454
434
434
392
374
362
350
316
332
336
314
340
302
214
212
202
212
250
236
212
192
198
146
90
126
72
40
22
40
24
20
18
4
40
62
60
140
122
68
78
34
32
14
14
54
2
38
54
58
42
8
14
4
20
14
4
34
26
16
4
10
6
18
26
14
46
86
118
96
110
86
78
70
92
116
132
118
94
14
8
34
10
2
30
10
16
16
42
36
16
36
70
88
28
92
76
92
36
80
40
52
84
120
146
138
134
96
82
60
14
38
4
46
68
60
126
106
132
134
152
190
162
210
166
110
128
168
238
170
120
146
196
180
146
126
184
196
174
216
224
196
232
216
144
178
156
104
38
84
110
156
158
110
126
170
188
180
158
118
106
126
142
96
174
134
66
110
126
148
140
156
266
310
334
288
296
310
294
298
304
330
366
300
294
264
268
330
362
360
362
392
412
468
478
498
468
502
474
480
452
416
472
474
474
470
490
528
488
496
544
558
542
578
576
602
588
510
502
524
522
544
560
580
586
554
562
566
544
580
538
568
516
512
486
512
510
542
506
542
556
492
464
520
516
478
476
512
446
490
474
504
508
526
500
522
514
508
444
470
480
478
438
442
486
442
434
464
478
448
454
452
438
410
472
476
466
434
386
356
362
352
354
374
338
344
388
392
420
408
398
366
390
384
400
416
410
336
326
340
290
292
326
318
256
332
342
302
308
320
272
342
364
332
418
416
414
380
382
350
366
392
388
350
412
396
396
402
384
356
298
296
254
256
266
276
256
192
170
178
132
164
184
184
140
144
192
220
244
264
268
204
200
238
224
192
120
112
122
64
86
126
146
220
198
234
156
122
120
164
180
202
244
230
262
250
266
260
258
224
210
208
214
202
194
220
186
192
142
182
174
210
174
172
152
132
156
178
122
114
156
162
134
176
144
94
196
198
238
228
210
164
168
156
132
122
158
248
198
164
148
170
200
226
250
176
184
144
106
96
100
150
172
172
86
72
154
214
226
142
124
130
132
106
88
88
86
58
98
94
84
72
44
46
24
54
12
20
6
14
14
4
64
58
80
86
30
68
12
8
38
64
96
114
66
50
4
30
104
108
94
140
158
186
142
156
154
168
176
214
254
248
246
228
216
228
232
202
212
148
164
180
148
102
98
46
32
50
54
46
26
28
54
100
118
152
140
148
148
206
220
136
122
194
210
202
246
276
264
266
258
242
218
208
214
180
220
196
170
164
218
150
128
110
98
134
118
138
100
74
76
118
44
64
86
148
172
204
244
260
282
240
212
168
190
174
172
140
138
152
148
200
246
266
278
298
288
292
242
254
196
206
232
230
256
244
196
208
230
274
252
294
310
288
318
316
368
318
370
408
448
480
432
392
360
374
386
394
432
460
434
428
416
486
438
416
412
390
382
408
384
370
344
384
362
356
298
270
262
344
338
334
336
332
372
376
312
346
288
302
274
232
272
318
306
298
390
372
356
298
288
328
332
336
320
352
390
420
418
442
438
420
424
464
456
428
444
382
394
392
390
396
398
464
440
438
472
468
510
486
470
480
466
462
432
388
368
348
318
346
304
330
322
300
320
290
334
328
354
340
370
310
344
400
406
392
374
376
354
356
340
330
330
328
326
330
266
248
280
278
298
228
250
264
234
208
204
144
164
184
198
110
156
192
202
234
196
204
166
192
158
188
198
202
212
214
222
208
188
208
254
260
288
206
240
296
366
344
352
344
298
306
292
284
236
216
224
98
92
80
82
44
98
88
60
72
90
68
64
100
100
98
120
120
102
108
120
98
88
80
12
52
18
4
16
0
34
14
42
20
6
18
72
88
70
68
128
110
38
50
16
16
40
20
32
58
80
102
96
84
48
0
50
2
8
42
38
62
18
58
46
34
88
130
108
56
38
18
58
52
18
34
10
14
12
20
14
10
56
84
50
48
12
6
16
14
34
64
20
28
6
40
70
62
64
88
24
26
38
54
50
16
18
38
56
92
50
32
62
68
92
108
134
90
46
84
60
14
44
58
72
118
84
116
44
94
140
170
150
178
164
212
194
172
128
98
76
70
34
78
44
32
10
4
16
50
68
70
42
86
32
2
58
66
60
132
122
118
148
150
168
204
168
154
128
194
176
122
152
148
138
186
204
208
232
256
202
272
278
232
184
176
170
222
186
188
156
204
158
144
132
146
172
112
96
68
44
46
2
20
10
4
26
58
148
124
138
124
106
50
38
102
74
34
2
6
10
54
32
4
32
24
60
62
70
66
58
58
32
8
54
16
34
24
24
8
0
2
26
4
2
30
34
12
8
8
26
14
24
72
112
136
64
42
54
52
94
56
32
144
130
90
72
160
96
130
140
174
218
224
230
196
206
194
170
188
134
134
178
172
184
132
118
132
154
148
146
124
190
142
174
154
248
264
286
352
368
326
302
272
256
270
278
266
320
322
332
294
276
316
280
282
256
282
136
134
152
198
194
190
194
142
164
150
122
114
120
186
254
240
174
120
124
168
242
150
136
144
142
112
120
40
12
32
10
56
38
52
70
72
28
90
108
66
20
26
68
22
6
24
100
116
178
188
152
224
208
140
120
88
38
50
92
160
182
138
56
90
72
90
88
52
96
48
14
42
78
138
176
188
152
104
104
124
66
50
154
164
102
52
90
94
122
152
208
176
248
200
194
176
160
140
78
122
156
212
188
188
160
168
152
208
188
184
188
194
186
190
206
176
176
224
258
158
166
164
176
156
186
180
168
172
162
212
206
120
46
78
44
58
122
50
102
62
96
108
170
180
134
116
148
200
184
114
134
120
106
60
62
20
38
40
28
38
14
8
14
16
14
30
48
38
56
100
96
148
226
198
192
118
112
42
98
52
4
20
62
6
18
16
6
2
12
16
28
52
26
36
46
18
52
72
100
90
86
114
132
158
154
136
82
50
12
64
34
22
42
44
12
18
22
24
86
80
64
8
66
28
42
40
62
60
36
64
12
54
84
66
60
92
62
88
104
102
36
60
24
10
10
16
38
4
24
48
84
130
108
54
54
36
32
26
56
92
86
90
118
148
142
204
212
196
222
144
126
120
134
168
184
226
184
188
178
148
136
100
134
142
146
136
92
96
128
122
132
132
156
176
266
228
250
256
278
274
256
202
260
300
244
232
212
160
166
160
126
96
144
196
216
164
176
168
138
136
102
136
210
248
238
222
222
264
208
206
182
176
130
124
106
108
74
60
4
2
16
28
24
54
46
38
64
90
30
22
36
12
6
24
2
56
94
50
20
70
34
52
116
162
130
122
132
130
132
144
146
132
158
124
170
142
98
122
134
212
178
192
170
120
106
106
20
4
48
68
76
110
64
48
82
18
12
8
8
40
42
132
116
186
204
148
198
176
146
140
194
158
178
150
140
162
180
162
156
146
130
178
192
166
114
104
98
42
36
34
42
62
72
72
16
2
36
36
10
52
24
36
10
40
20
4
0
30
22
16
34
30
12
28
86
62
40
82
116
144
182
148
146
190
164
162
178
166
122
192
166
148
140
90
38
74
18
26
10
68
50
28
16
26
20
24
52
44
58
98
102
88
110
156
118
84
102
78
60
52
24
18
54
68
36
80
100
56
78
66
0
10
36
48
