6258
6326
6204
6160
6104
6100
6130
6182
6192
6072
6072
6114
6106
6038
6102
6132
6020
5850
5978
5896
5964
5898
5970
5936
6000
5840
5790
5780
5704
5784
5918
5946
5826
5896
5878
5848
5826
5906
5750
5704
5714
5716
5692
5802
5826
5854
5784
5772
5836
5838
5934
5930
5848
5678
5638
5606
5728
5844
5768
5796
5810
5724
5796
5924
5768
5734
5872
5822
5786
5766
5848
6004
6004
6014
6094
6024
5968
5972
5988
5966
6038
6132
6206
6108
6158
6174
6296
6252
6402
6462
6512
6512
6462
6346
6348
6528
6444
6550
6482
6386
6306
6276
6320
6188
6060
6058
5926
5932
6114
6144
6164
6174
6192
6150
6134
6136
6236
6122
6146
6144
6040
6176
6158
6164
6134
6110
6046
6138
6020
5990
6090
5920
5886
6024
5992
5994
6050
6004
5924
5942
6032
6068
6032
6058
6166
6192
6256
6218
6254
6270
6210
6210
6312
6330
6252
6340
6336
6338
6256
6140
6282
6302
6294
6206
6156
6160
6066
6070
6010
6164
6006
5934
5848
5804
5948
6070
6040
5812
5792
5758
5740
5856
5900
5778
5746
5658
5630
5638
5724
5844
5764
5812
5782
5930
5912
5860
5690
5724
5768
5800
5766
5682
5738
5804
5934
6050
6088
6070
6198
6196
6266
6166
6072
6124
6068
5956
5924
5882
5862
5942
5980
6226
6308
6236
6294
6284
6218
6234
6198
6160
6288
6250
6142
6114
6090
6240
6228
6218
6184
6028
6120
6314
6448
6576
6536
6526
6520
6508
6518
6396
6470
6498
6472
6484
6434
6574
6454
6372
6232
6226
6186
6178
6170
6192
6162
6180
6132
6144
6064
6110
5992
5968
5908
5886
5950
5968
6048
6020
5988
6002
5996
5936
6022
6000
5914
6034
6096
6182
6128
6110
6092
6224
6150
6210
6266
6222
6094
6016
5986
5876
6004
6022
6082
6136
6234
6064
6012
5944
5782
5730
5798
5872
5728
5806
5856
5860
5998
5976
5938
6080
6134
6140
6216
6302
6258
6194
6212
6256
6250
6368
6362
6406
6444
6386
6318
6300
6326
6300
6308
6422
6494
6484
6510
6408
6336
6468
6492
6478
6432
6432
6516
6434
6364
6320
6414
6456
6364
6400
6418
6432
6420
6332
6288
6316
6238
6320
6326
6380
6408
6380
6386
6334
6332
6320
6402
6482
6436
6462
6384
6376
6334
6372
6428
6432
6310
6346
6272
6326
6438
6366
6460
6376
6286
6238
6240
6254
6234
6386
6360
6292
6336
6314
6328
6290
6262
6248
6240
6242
6184
6228
6286
6398
6626
6598
6644
6518
6556
6656
6608
6532
6532
6532
6534
6476
6474
6406
6358
6394
6452
6352
6340
6322
6380
6368
6252
6184
6252
6148
6212
6184
6152
6270
6354
6356
6296
6400
6526
6534
6536
6432
6538
6488
6500
6568
6434
6576
6614
6612
6660
6578
6492
6606
6602
6488
6410
6528
6502
6452
6382
6264
6298
6268
6330
6324
6270
6442
6600
6670
6720
6776
6850
6804
6806
6872
6892
6922
6852
6840
6876
6820
6818
6848
6840
6782
6682
6690
6726
6702
6736
6612
6604
6660
6712
6656
6472
6576
6578
6444
6530
6732
6728
6852
6854
6666
6660
6666
6620
6674
6708
6856
6800
6710
6722
6658
6780
6864
6918
6860
6884
6876
6794
6774
6930
6770
6670
6598
6562
6538
6606
6616
6740
6658
6636
6600
6480
6426
6410
6384
6272
6334
6374
6380
6466
6478
6516
6404
6546
6584
6660
6526
6532
6620
6546
6514
6444
6396
6396
6350
6338
6474
6526
6548
6646
6624
6764
6668
6754
6620
6562
6532
6518
6612
6556
6590
6562
6594
6644
6612
6572
6682
6660
6566
6516
6424
6364
6334
6318
6310
6332
6262
6156
6186
6246
6392
6394
6446
6448
6504
6470
6552
6676
6704
6782
6678
6618
6600
6624
6506
6414
6230
6350
6344
6172
6102
6188
6370
6334
6356
6224
6234
6218
6208
6298
6342
6294
6212
6308
6236
6326
6210
6082
6206
6178
6240
6328
6412
6420
6482
6544
6544
6434
6582
6584
6572
6528
6484
6534
6386
6444
6378
6374
6378
6384
6132
6098
6044
5904
5958
5888
5934
6002
6126
6220
6312
6136
6140
6104
6074
6166
6238
6372
6352
6384
6328
6354
6380
6392
6268
6234
6154
6184
6286
6424
6332
6228
6164
6274
6172
6256
6298
6216
6294
6262
6288
6356
6394
6468
6476
6626
6694
6730
6722
6610
6614
6436
6462
6594
6436
6384
6412
6366
6406
6354
6420
6460
6408
6306
6424
6602
6546
6556
6538
6436
6454
6406
6402
6276
6180
6066
6158
6132
6102
6120
6208
6140
6128
6078
5992
5894
5908
5822
5772
5924
5844
6046
6270
6238
6276
6376
6390
6376
6338
6326
6244
6220
6114
6188
6250
6142
6098
6044
5932
5940
5970
5954
5910
5998
5924
5854
5756
5746
5696
5678
5608
5604
5678
5756
5718
5696
5610
5682
5746
5628
5570
5596
5622
5492
5480
5722
5870
5880
5886
5964
6068
6054
6154
6186
6264
6360
6450
6362
6448
6432
6400
6356
6286
6132
6130
6154
6160
5966
5924
5958
5870
5822
5902
5998
6052
5952
5986
5960
6020
6094
6062
6130
6030
6034
6042
6058
6020
6034
6076
6028
5974
6080
6098
5978
5958
5868
5832
5828
5860
5842
5784
5834
5846
5856
5808
5764
5754
5722
5656
5792
5798
5726
5628
5636
5746
5770
5808
5824
5906
5872
5810
5792
5900
5850
5982
5854
5830
5828
5868
5834
5866
5810
5748
5836
5896
5884
5990
5888
5948
5930
5874
5852
5962
5924
5948
5936
5912
5950
5914
5846
5786
5620
5696
5740
5666
5588
5556
5728
5744
5722
5776
5828
5840
5778
5818
5862
5832
5940
5928
5910
5784
5734
5666
5546
5634
5648
5824
5754
5786
5666
5680
5700
5860
6032
6044
6082
6202
6096
6040
6078
6032
6178
6162
6066
6074
6154
6198
6216
6220
6206
6086
6180
6128
6140
6150
6090
6060
6124
6110
6208
6208
6198
6182
6196
6208
6104
6148
6044
5958
5968
6012
5978
5964
6072
6158
6056
6070
6110
6128
6052
6112
6166
6250
6168
6246
6162
6144
6204
6128
6160
6286
6430
6274
6290
6316
6340
6320
6212
6276
6426
6390
6256
6226
6178
6164
6068
6044
6144
6244
6376
6368
6356
6358
6442
6504
6530
6606
6668
6594
6644
6614
6542
6614
6632
6640
6614
6640
6672
6596
6574
6672
6554
6506
6474
6584
6590
6590
6586
6610
6610
6700
6810
6842
6864
6854
6918
6874
6840
6866
6720
6800
6792
6858
6764
6708
6644
6614
6614
6566
6572
6608
6744
6712
6594
6486
6496
6582
6688
6630
6834
6872
6896
6948
7026
6980
6950
6864
6872
6836
6802
6862
6880
6824
6868
6752
6760
6830
6902
6910
6978
7084
7070
7112
7104
7164
7072
7024
7072
7060
7222
7218
7224
7200
7154
7170
7284
7238
7086
6944
7006
7098
7152
7206
7234
7144
7088
6798
6848
6942
6912
6910
7040
6996
6850
6902
6958
6910
6968
7044
6964
7000
7056
7192
7168
7130
7098
7162
7222
7166
7256
7392
7376
7452
7478
7468
7392
7266
7324
7488
7382
7340
7372
7420
7414
7308
7240
7366
7326
7322
7328
7290
7196
7212
7202
7134
7104
7130
7202
7240
7286
7260
7262
7372
7304
7348
7314
7448
7414
7474
7352
7208
7216
7232
7354
7312
7436
7406
7328
7178
7102
7012
7036
7088
6966
6898
6986
6968
7048
7034
6992
7012
7034
7020
6936
6882
6806
6904
6994
7018
6958
6976
6986
6928
6808
6736
6736
6648
6554
6578
6676
6606
6646
6664
6680
6720
6698
6610
6670
6702
6762
6768
6814
7034
6938
6874
6786
6872
6846
6738
6764
6684
6556
6528
6462
6578
6492
6488
6550
6530
6480
6614
6660
6778
6810
6740
6818
6826
6890
6876
6848
6754
6806
6684
6602
6622
6638
6584
6686
6724
6796
6758
6744
6804
6762
6852
6802
6882
6914
7030
6906
6860
6934
6936
6930
6904
7006
6982
7010
7018
6910
6888
6776
6674
6648
6566
6606
6706
6736
6788
6716
6828
6828
6798
6784
6792
6864
6850
6878
6876
6936
6974
6832
7008
6990
6964
6908
6742
6748
6708
6862
6942
6936
6950
6888
6980
7140
7228
7196
7148
7156
7080
7136
7110
7070
7124
7068
6892
6804
6852
6710
6806
6944
6924
7056
7030
7050
7020
6868
6922
6964
7028
6984
6816
6796
6774
6776
6638
6826
6776
6654
6626
6484
6574
6502
6516
6468
6352
6470
6500
6570
6574
6632
6660
6618
6640
6618
6516
6468
6402
6434
6460
6562
6378
6326
6294
6162
6156
6176
6154
6134
6100
5936
5836
6044
6030
6006
6034
6040
6190
6098
6258
6322
6446
6448
6334
6274
6308
6380
6410
6288
6230
6250
6124
6166
6188
6186
6080
5962
5986
6000
5988
5944
5968
5864
5958
6024
6046
5994
6000
5948
5968
5954
5886
5928
5974
5990
6022
5866
5928
5902
5868
5788
5820
5714
5606
5562
5544
5614
5646
5680
5758
5834
5730
5884
5892
5800
5708
5730
5726
5698
5718
5650
5666
5742
5708
5840
5794
5776
5802
5836
5872
5924
5912
5968
5890
5954
5902
5902
5872
5828
5780
5924
5928
5932
5882
5934
5860
5960
5956
5868
5902
5960
6068
6036
6028
5964
5906
5900
5848
5822
5954
5816
5872
5956
5952
6000
5818
5706
5882
5818
5982
6000
6044
5916
5918
5930
5952
5770
5700
5752
5852
5886
5906
5802
5782
5832
5834
5774
5850
5856
5852
5766
5872
5758
5814
5918
5858
5836
5878
5998
5998
5982
5912
5934
5912
5900
5998
5954
6106
6128
6126
6202
6158
6202
6218
6072
5934
6162
6164
6178
6238
6158
6194
6272
6228
6204
6120
6134
6178
6174
6150
6184
6122
6010
5950
6074
6126
6214
6168
6244
6266
6080
6150
6040
6064
6096
6026
6186
6226
6180
6214
6118
6132
6184
6242
6354
6372
6342
6296
6294
6376
6264
6288
6266
6242
6086
6104
6160
6314
6348
6242
6198
6310
6242
6240
6242
6284
6280
6246
6210
6180
6220
6174
6190
6074
6158
6164
6186
6286
6208
6368
6386
6404
6330
6352
6424
6376
6538
6512
6490
6502
6422
6422
6422
6466
6416
6418
6444
6300
6268
6356
6388
6418
6520
6476
6526
6566
6570
6526
6494
6522
6506
6466
6450
6418
6458
6536
6418
6426
6480
6442
6498
6488
6426
6450
6386
6384
6288
6156
6092
6200
6150
6068
6102
6042
6064
6054
5878
5908
5828
5822
5964
6006
5994
6110
6006
6178
6360
6318
6384
6448
6478
6564
6530
6456
6512
6498
6454
6408
6394
6322
6368
6546
6516
6458
6502
6494
6520
6470
6382
6460
6480
6548
6542
6668
6608
6640
6566
6460
6398
6544
6716
6700
6826
6888
6870
6798
6934
6886
6810
6808
6860
6798
6874
6834
6826
6794
6906
6928
6962
6970
6854
6830
6802
6642
6624
6652
6532
6416
6538
6590
6630
6578
6628
6786
6752
6776
6698
6752
6714
6646
6710
6662
6608
6636
6586
6576
6562
6668
6576
6684
6814
6754
6700
6560
6666
6650
6562
6502
6600
6618
6676
6664
6732
6702
6668
6748
6688
6678
6492
6476
6540
6568
6592
6574
6556
6536
6584
6474
6472
6488
6448
6430
6424
6334
6338
6354
6316
6480
6420
6292
6230
6198
6254
6358
6360
6322
6300
6506
6506
6528
6528
6480
6542
6608
6580
6658
6636
6724
6758
6742
6774
6774
6696
6698
6668
6666
6454
6382
6360
6392
6294
6348
6428
6420
6380
6432
6408
6378
6344
6236
6358
6364
6268
6116
6102
6154
6140
6146
6200
6314
6298
6408
6316
6420
6410
6256
6306
6386
6340
6342
6254
6310
6302
6362
6186
6194
6176
6200
6194
6172
6156
5888
5994
6106
6076
6060
6124
6032
6002
5984
5906
5840
5864
5854
5802
5814
5632
5706
5802
5800
5848
5856
6026
6036
6004
6116
6214
6314
6306
6284
6406
6350
6466
6310
6190
6266
6274
6272
6386
6318
6352
6410
6320
6222
6390
6306
6382
6464
6440
6442
6254
6206
6204
6164
6164
6118
6130
6166
6166
6188
6164
6136
6340
6332
6282
6178
6062
6148
6078
6040
6070
6112
6152
6294
6320
6260
6202
6308
6300
6178
6158
6042
6136
6152
6176
6246
6380
6346
6468
6328
6428
6408
6368
6414
6278
6358
6408
6554
6552
6402
6408
6320
6338
6358
6454
6404
