7668
7706
7746
7582
7666
7702
7682
7632
7534
7618
7622
7590
7636
7654
7720
7732
7600
7622
7618
7674
7680
7754
7704
7824
7842
7872
7912
8006
8064
7974
8038
7954
7920
7886
7838
7784
7778
7922
7958
7846
7916
7930
7952
7976
7976
7894
7938
7976
7972
7916
7908
7978
7982
8090
7966
8026
8054
8012
7882
7896
8020
7962
7970
8030
7986
7946
7996
7952
7910
7852
7824
7874
7900
7888
7910
7924
7966
7908
7924
7996
7916
7902
7896
7872
7932
8034
8020
7944
7934
7932
7952
7960
7910
7842
7850
7918
7794
7860
7878
7856
7930
7774
7780
7766
7734
7730
7744
7786
7834
7760
7784
7848
7822
7818
7844
7912
7902
7878
7886
7876
7754
7736
7780
7720
7804
7780
7786
7732
7836
7726
7718
7664
7620
7564
7540
7604
7664
7676
7660
7688
7742
7864
7894
7926
7850
7856
7826
7812
7858
7844
7840
7762
7708
7700
7824
7876
7826
7846
7830
7768
7724
7810
7708
7682
7614
7596
7534
7630
7714
7730
7662
7642
7650
7530
7582
7678
7638
7628
7680
7800
7728
7680
7586
7686
7648
7610
7504
7444
7498
7430
7532
7540
7534
7496
7346
7370
7420
7454
7580
7654
7552
7468
7478
7548
7534
7548
7536
7504
7488
7472
7474
7426
7350
7324
7354
7376
7402
7436
7498
7448
7522
7576
7566
7476
7490
7510
7460
7440
7486
7474
7450
7446
7400
7466
7408
7360
7366
7338
7350
7330
7436
7472
7578
7494
7564
7430
7438
7432
7350
7490
7454
7514
7620
7602
7626
7740
7768
7728
7688
7588
7592
7522
7482
7560
7644
7670
7564
7624
7536
7674
7806
7756
7682
7798
7742
7738
7864
7840
7922
7952
7882
7908
8000
7996
8046
7940
7958
8030
7950
7884
7798
7834
7908
7760
7792
7838
7872
7838
7842
7796
7840
7970
7954
7982
7868
7870
7826
7854
7854
7930
7944
7874
7856
7780
7830
7784
7662
7746
7750
7782
7660
7634
7766
7800
7852
7782
7734
7692
7736
7666
7646
7642
7606
7694
7690
7738
7702
7808
7788
7758
7744
7772
7686
7696
7752
7832
7736
7686
7610
7618
7760
7752
7734
7694
7742
7694
7672
7712
7668
7648
7598
7652
7678
7742
7804
7946
7944
7996
7936
7852
7826
7756
7742
7662
7664
7728
7720
7690
7672
7640
7590
7666
7660
7788
7760
7774
7816
7732
7692
7634
7666
7726
7832
7930
7958
7938
7906
7976
7946
8014
7830
7766
7866
7842
7810
7716
7752
7890
7830
7850
7894
7926
7834
7892
7858
7864
7892
7890
7854
7774
7796
7870
7780
7782
7848
7772
7872
7996
8012
7956
7912
7970
8100
8136
8056
8006
8010
8072
7996
7958
8004
7936
7964
7968
7946
7870
7848
7832
7910
7902
7948
7896
7904
7898
7878
7830
7860
7954
8008
8000
7934
7878
7950
8006
7902
7866
7824
7722
7742
7726
7776
7874
7918
7866
7846
7938
7908
7850
7772
7716
7838
7810
7840
7810
7826
7854
7904
7814
7818
7854
7904
7810
7852
7850
7816
7806
7828
7888
7820
7870
7834
7902
7784
7682
7712
7702
7676
7674
7704
7766
7734
7850
7780
7778
7744
7770
7800
7828
7850
7860
7876
7910
7884
7936
7874
7912
7798
7830
7742
7792
7718
7654
7610
7558
7568
7590
7660
7634
7674
7764
7654
7752
7608
7686
7680
7572
7514
7564
7578
7600
7588
7672
7716
7628
7540
7580
7470
7518
7442
7472
7510
7520
7500
7516
7482
7456
7440
7480
7414
7430
7428
7574
7564
7524
7502
7616
7632
7628
7746
7818
7788
7872
7842
7846
7802
7724
7808
7844
7940
7944
7860
7772
7858
7840
7884
7862
7828
7830
7872
7892
7824
7672
7702
7656
7704
7700
7694
7660
7656
7744
7578
7568
7662
7594
7566
7554
7650
7700
7670
7638
7546
7614
7634
7512
7586
7692
7716
7696
7696
7752
7636
7548
7542
7518
7566
7748
7644
7592
7630
7576
7728
7764
7644
7706
7750
7804
7868
7856
7824
7934
7896
7954
7926
8008
8004
8026
7972
7918
7970
7914
7872
7900
7804
7752
7790
7752
7644
7670
7766
7868
7904
7928
7892
7852
7946
7880
7756
7644
7754
7744
7796
7800
7832
7768
7814
7770
7738
7816
7746
7706
7722
7770
7844
7742
7692
7738
7696
7810
7762
7792
7874
7736
7682
7706
7606
7698
7756
7736
7826
7862
7796
7776
7792
7840
7804
7844
7908
7766
7800
7768
7790
7664
7702
7696
7740
7732
7676
7796
7806
7798
7854
7860
7784
7772
7692
7778
7700
7680
7864
7798
7928
7936
7852
7788
7814
7726
7744
7886
7890
7892
7846
7898
7906
7902
7818
7776
7736
7672
7842
7790
7852
7890
7826
7780
7674
7790
7844
7872
7888
7894
7902
7862
7902
7912
7866
7858
7754
7752
7712
7720
7738
7700
7682
7642
7718
7754
7666
7750
7678
7580
7646
7616
7642
7560
7544
7484
7484
7448
7404
7432
7530
7516
7472
7362
7378
7412
7392
7384
7332
7292
7350
7370
7436
7596
7476
7470
7520
7560
7498
7520
7552
7514
7536
7658
7640
7686
7684
7514
7520
7558
7604
7652
7642
7702
7722
7730
7674
7662
7618
7628
7570
7648
7580
7702
7594
7516
7414
7418
7436
7346
7270
7308
7410
7386
7356
7252
7344
7458
7458
7484
7538
7566
7438
7516
7494
7478
7450
7536
7402
7334
7348
7294
7192
7214
7090
7088
6986
6960
7010
7126
7232
7260
7232
7252
7380
7412
7444
7460
7418
7360
7472
7460
7492
7462
7436
7432
7478
7422
7510
7446
7542
7470
7396
7448
7482
7562
7624
7654
7704
7750
7784
7984
7944
7972
7992
7996
7906
7742
7696
7714
7718
7796
7740
7750
7640
7708
7652
7690
7716
7754
7750
7672
7596
7674
7722
7710
7752
7764
7834
7838
7804
7898
7914
7826
7762
7694
7822
7844
7770
7790
7776
7804
7754
7748
7692
7708
7748
7800
7790
7790
7726
7794
7918
7928
7780
7774
7828
7858
7846
7736
7722
7654
7500
7612
7594
7626
7566
7504
7616
7652
7656
7646
7642
7628
7726
7656
7652
7732
7708
7770
7818
7964
7910
7934
7966
7942
7868
7996
7950
7924
7854
7820
7718
7654
7600
7654
7640
7662
7546
7620
7608
7554
7560
7486
7558
7588
7512
7488
7424
7442
7318
7364
7474
7502
7450
7394
7382
7448
7512
7592
7648
7664
7684
7672
7766
7694
7578
7656
7754
7788
7894
7772
7752
7732
7708
7624
7596
7712
7712
7770
7658
7722
7830
7914
7846
7978
7994
8002
7980
8034
8066
8124
8024
7962
7952
7994
7980
8010
7862
7866
7858
7864
7882
7918
7842
7976
7998
7922
7990
8020
7896
7868
7930
7846
7824
7872
7918
7908
7958
7968
7956
7954
7926
7892
7918
7964
7836
7728
7838
7910
7944
7930
7938
7886
7850
7834
7722
7582
7552
7602
7736
7742
7814
7724
7870
7770
7822
7862
7864
7960
7876
7964
8018
7958
7938
7916
7930
7932
8042
8002
7920
7960
7896
7938
7874
7926
7954
7834
7860
7874
7850
7826
7676
7786
7692
7642
7572
7556
7506
7484
7500
7524
7568
7424
7392
7322
7362
7386
7266
7356
7440
7552
7532
7444
7408
7438
7372
7416
7380
7302
7308
7258
7234
7350
7258
7366
7368
7304
7326
7240
7222
7284
7440
7482
7470
7516
7428
7530
7552
7630
7646
7690
7640
7662
7690
7716
7826
7764
7742
7706
7664
7750
7704
7804
7798
7746
7820
7704
7580
7634
7764
7768
7746
7750
7738
7844
7886
7872
7884
7880
7764
7774
7790
7786
7818
7830
7838
7918
7934
7858
7874
7932
7914
7842
7796
7804
7716
7728
7704
7810
7836
7898
7990
7964
7912
7830
7906
7774
7658
7680
7664
7730
7706
7776
7774
7730
7572
7574
7614
7680
7662
7672
7646
7644
7746
7722
7672
7642
7568
7608
7720
7632
7480
7458
7494
7430
7462
7564
7604
7586
7668
7630
7594
7582
7618
7646
7612
7602
7500
7580
7672
7726
7752
7688
7704
7766
7762
7834
7780
7794
7830
7804
7758
7802
7790
7798
7740
7852
7850
7742
7720
7752
7680
7730
7664
7580
7600
7688
7606
7636
7722
7756
7788
7830
7832
7798
7702
7618
7606
7742
7716
7684
7524
7694
7632
7624
7544
7670
7696
7670
7678
7672
7756
7740
7766
7772
7686
7726
7722
7688
7734
7792
7778
7806
7858
7776
7766
7756
7770
7814
7768
7782
7730
7728
7692
7740
7760
7662
7660
7656
7646
7570
7718
7658
7676
7690
7554
7578
7608
7640
7588
7566
7648
7578
7586
7460
7610
7598
7516
7628
7606
7510
7608
7474
7548
7632
7738
7792
7676
7678
7726
7846
7822
7776
7724
7632
7584
7680
7732
7748
7758
7766
7726
7690
7582
7648
7694
7708
7828
7726
7728
7642
7740
7732
7652
7698
7630
7732
7668
7652
7578
7634
7606
7626
7616
7718
7640
7628
7568
7404
7524
7496
7482
7566
7586
7584
7532
7530
7488
7558
7490
7508
7554
7514
7476
7528
7528
7564
7584
7606
7652
7574
7604
7498
7626
7640
7684
7740
7744
7802
7948
7950
7904
7900
7916
7944
7962
8016
7814
7698
7658
7708
7760
7720
7738
7816
7890
7904
7938
7878
7978
7908
7846
7858
7896
7884
7826
7824
7932
7838
7796
7796
7874
7902
7944
7880
7810
7806
7742
7726
7756
7754
7768
7918
7820
7794
7788
7810
7708
7772
7850
7838
7778
7752
7832
7874
7916
7980
7986
8008
7886
8042
8018
7986
7908
7826
7804
7750
7716
7698
7786
7934
7942
8034
8052
8052
8016
7992
7968
7942
7808
7854
7996
7970
7994
7914
7980
8000
8006
7860
7764
7598
7676
7720
7630
7650
7700
7712
7680
7682
7740
7768
7816
7802
7904
7934
7914
7922
7922
7914
7856
7920
7878
7882
7874
7826
7774
7712
7774
7740
7736
7784
7748
7806
7772
7762
7780
7788
7812
7858
7810
7898
7856
7902
7892
7924
7936
8004
7938
7836
7798
7844
7860
7834
7766
7674
7676
7668
7522
7440
7496
7448
7534
7468
7582
7592
7582
7620
7560
7580
7588
7586
7692
7686
7666
7654
7624
7608
7634
7612
7660
7674
7784
7724
7740
7870
7852
7852
7902
7928
7806
7838
7946
7924
7892
7844
7836
7912
7892
7882
7938
7858
7794
7770
7680
7638
7612
7520
7540
7498
7558
7474
7446
7478
7484
7516
7432
7400
7460
7568
7580
7696
7636
7676
7658
7776
7818
7750
7786
7780
7734
7744
7804
7800
7820
7814
7878
7892
7858
7896
7908
7896
7952
7902
7916
7834
7870
7754
7836
7732
7804
7762
7748
7716
7804
7768
7764
7720
7758
7842
7938
7956
7958
7888
7828
7802
7756
7702
7726
7718
7776
7758
7796
7808
7842
7890
7964
7952
8018
7908
7888
7820
7910
7930
7872
7766
7806
7830
7960
7998
8020
8012
8026
7944
8000
7990
7870
8016
8032
7940
7934
7896
7906
7990
7922
7898
7920
7894
7936
7842
7836
7828
7816
7766
7784
7776
7814
7890
7904
7846
7774
7878
7982
7920
7920
7956
7954
7912
7832
7896
7954
8050
8046
7978
7940
7964
7990
8032
7972
7924
7878
7840
7794
7738
7764
7652
7696
7766
7778
7712
7666
7652
7634
7592
7666
7660
7544
7598
7560
7628
7600
7648
7568
7560
7634
7680
7636
7614
7610
7528
7564
7560
7532
7538
7564
7576
7650
7530
7618
7588
7542
7582
7434
7492
7488
7574
7592
7534
7582
7576
7656
7706
7718
7766
7766
7806
7734
7782
7760
7788
7916
7836
7860
7920
7836
7902
7740
7690
7686
7772
7794
7774
7682
7602
7760
7820
7888
7790
7818
7722
7732
7756
7626
7670
7768
7814
7724
7690
7648
7722
7806
7798
7910
7894
7824
7942
7926
7868
7882
7864
7878
7892
7870
7830
7852
7832
7894
7842
7848
7792
7942
7964
7976
7912
7926
7982
7974
7934
7944
7854
7778
7760
7786
7778
7826
7726
7840
7894
7842
7876
7908
7924
7936
7934
7960
7902
7842
7830
7830
7912
7956
7878
7826
7868
7696
7650
7576
7544
7506
7512
7550
7562
7450
7528
7582
7638
7832
7828
7876
7870
7814
7788
7782
7856
7910
7910
7998
8002
8020
7894
7848
7794
7828
7780
7840
7810
7740
7722
7740
7800
7758
7786
7852
7818
7754
7742
7682
7660
7496
7484
7478
7558
7646
7560
7556
7696
7726
7792
7762
7702
