722
744
858
832
896
950
868
696
780
752
776
748
840
932
994
842
768
726
758
700
830
626
654
712
728
774
918
970
1010
1076
1052
1124
1196
1244
1332
1212
1214
1070
1004
854
666
714
612
708
720
732
756
848
810
582
536
608
540
396
362
534
490
452
484
328
250
222
350
376
250
204
222
314
332
274
252
246
228
152
50
88
30
18
86
30
180
74
56
136
236
354
328
398
366
202
300
312
562
536
744
896
958
854
848
844
976
1076
1108
1216
1132
1152
1222
1330
1276
1254
1206
1108
1122
1148
1190
1192
1194
1108
1148
986
990
1024
938
1050
1116
998
938
1180
1190
1118
1062
1116
1154
1032
1032
1002
1236
1328
1222
1258
1410
1360
1394
1370
1376
1340
1412
1398
1466
1536
1490
1312
1454
1236
1278
1222
1258
1136
1242
1334
1284
1414
1512
1406
1444
1512
1606
1788
1624
1584
1514
1300
1304
1362
1282
1138
952
954
1118
1226
1294
1222
1206
1364
1424
1462
1636
1372
1604
1618
1662
1734
1740
1764
1728
1926
1920
1998
1808
1816
1876
1788
1614
1642
1590
1558
1466
1344
1276
1278
1350
1144
1316
1354
1304
1144
1132
1202
1172
1116
932
946
1072
1082
1004
1014
1050
1174
1046
974
1010
978
890
976
1042
1100
850
914
734
698
602
638
860
1024
1076
1030
962
930
968
732
814
768
692
858
666
658
698
632
562
516
644
588
614
702
766
782
642
634
542
556
532
578
754
750
680
528
504
500
566
648
580
564
616
600
616
518
548
512
490
480
490
530
570
478
650
558
514
582
558
502
414
364
458
396
516
628
566
542
422
482
570
684
722
962
976
1054
976
914
872
768
804
950
1002
778
804
728
858
1020
1018
1000
1124
1032
926
866
982
1090
958
954
1092
1222
1142
1278
1058
828
1020
950
816
744
782
744
674
746
536
380
444
454
400
466
518
650
644
634
664
628
734
776
684
954
846
900
808
906
798
796
836
872
906
934
942
998
988
1148
1196
1264
1110
1158
1130
1000
1038
1024
1130
1006
1094
968
1028
1292
1232
1286
1288
1272
1472
1438
1556
1342
1484
1586
1504
1460
1482
1522
1470
1506
1406
1368
1188
1174
1196
1118
1160
1112
1122
1238
1102
1406
1356
1436
1526
1710
1668
1836
1984
2070
2044
2082
2118
2132
2190
2334
2390
2396
2626
2664
2648
2578
2532
2640
2472
2626
2618
2566
2462
2484
2518
2624
2466
2436
2394
2292
2458
2372
2204
2304
2350
2254
2220
2344
2268
2256
2186
2188
2092
2112
2022
2066
1994
1956
2052
2054
2042
1900
1856
1926
2054
1836
1890
1820
1764
1632
1580
1608
1682
1654
1580
1552
1592
1434
1344
1226
1232
1448
1580
1494
1582
1742
1784
1812
1710
1670
1704
1724
1926
1876
1720
1938
1754
1720
1690
1512
1600
1538
1512
1568
1592
1618
1776
1818
1784
1704
1678
1630
1718
1688
1864
1864
1936
2050
2078
2158
2150
2148
2188
2174
1920
1738
1842
1888
1804
1952
1978
1864
1738
1590
1668
1512
1476
1414
1328
1402
1546
1648
1736
1638
1616
1526
1396
1572
1598
1760
1938
1836
1786
1774
1924
1826
1852
1774
1652
1656
1710
1670
1540
1636
1632
1508
1536
1310
1258
1300
1310
1060
1080
1036
1038
1146
1142
1244
1276
1226
1298
1266
1366
1404
1396
1404
1634
1644
1760
1752
1700
1564
1612
1618
1766
1872
1788
1776
1660
1818
1682
1826
1648
1734
1744
1796
1670
1702
1698
1842
1748
1764
1578
1504
1472
1394
1438
1448
1522
1424
1510
1354
1218
1358
1304
1206
1188
1166
1184
1106
1046
1108
788
1042
1140
1088
1126
1110
1128
1126
1170
1082
1078
1008
932
966
858
932
820
858
902
938
872
992
1004
962
1006
1124
1234
1366
1182
1200
1266
1414
1344
1558
1456
1534
1372
1480
1358
1384
1264
1260
1302
1306
1424
1414
1550
1416
1440
1524
1590
1540
1470
1296
1320
1370
1390
1446
1380
1318
1374
1534
1602
1686
1654
1722
1670
1782
1716
1602
1726
1664
1604
1472
1650
1554
1602
1448
1354
1388
1254
1264
1176
1270
1282
1286
1330
1366
1352
1232
1362
1258
1282
1218
1078
1096
1038
984
1086
1238
1224
1188
1112
1114
1172
1004
918
832
838
972
1094
1098
1084
1040
908
1006
1054
1072
958
964
926
730
822
970
1056
1174
1128
1008
962
858
826
690
764
830
634
564
552
522
612
732
710
662
608
756
638
694
750
856
842
746
812
804
872
836
804
712
686
750
796
1034
968
948
906
906
974
864
600
660
656
692
762
710
878
728
658
690
744
826
1056
860
668
734
784
774
1010
874
904
1048
1124
1100
1112
1046
1172
1176
1058
1026
1006
1148
1144
1086
948
752
496
552
604
678
786
864
870
796
712
628
580
494
336
440
466
516
524
514
548
674
678
704
966
832
596
500
364
390
336
410
240
266
284
154
272
224
214
300
182
78
54
124
46
6
14
28
16
30
26
52
46
72
64
110
42
10
20
14
226
304
192
104
126
210
110
184
56
194
334
250
50
248
298
362
230
230
240
326
274
310
358
294
298
368
442
534
544
690
650
792
784
706
604
734
762
850
860
920
950
804
606
878
734
674
608
480
296
352
518
572
524
714
732
918
720
580
600
670
688
434
344
356
370
402
396
462
438
558
488
442
548
508
506
384
474
526
404
570
752
744
868
914
916
978
976
966
1056
1214
1152
1220
1108
1018
996
1134
1028
1004
1022
970
774
738
780
648
654
722
754
842
986
698
696
838
692
712
816
746
794
854
806
758
638
634
466
476
618
726
828
928
968
882
1038
1002
896
850
874
936
876
748
716
498
456
432
630
692
708
670
516
472
596
554
652
636
550
630
458
280
418
300
244
260
236
332
276
102
88
90
98
218
200
188
230
142
212
342
354
440
544
664
610
444
382
474
460
328
202
198
196
304
334
474
350
472
468
492
566
540
578
586
602
564
598
724
848
882
892
826
722
650
676
860
898
1030
1006
1138
1194
1088
1162
1102
1130
1066
1078
1058
1000
1086
1054
982
806
872
756
904
1102
1000
1036
1062
1028
992
1008
926
918
944
918
834
838
684
780
852
772
830
848
850
796
828
1048
914
1092
954
892
840
776
854
856
834
860
896
1098
1000
1044
886
676
834
832
942
958
846
828
818
684
630
640
668
688
688
612
528
512
424
610
638
676
820
888
748
602
634
576
472
426
338
426
602
714
522
656
688
684
802
784
740
698
674
646
628
670
658
664
794
616
602
596
442
496
438
546
624
626
630
752
804
944
864
854
864
944
968
920
890
896
884
1154
1060
1144
1176
1150
1224
1390
1432
1604
1648
1664
1608
1480
1418
1354
1318
1524
1306
1192
1124
1210
1296
1368
1136
1108
1248
1286
1174
1108
1012
1060
850
852
844
756
688
712
732
782
712
532
500
506
638
402
392
250
328
418
230
246
300
252
182
256
310
188
362
260
310
354
402
366
536
394
544
556
466
412
336
216
22
206
370
390
206
196
180
230
150
196
158
120
190
142
242
210
286
198
76
24
44
66
128
260
70
160
174
80
4
184
294
304
312
242
48
26
2
24
20
152
34
28
62
26
246
138
118
58
34
140
60
88
130
252
348
312
300
322
462
324
316
368
446
424
364
324
336
284
262
324
396
356
266
238
344
406
362
272
282
372
350
198
56
106
122
158
126
210
226
160
274
268
134
234
94
30
60
210
220
56
86
266
340
132
276
276
366
488
500
438
498
532
570
688
694
636
694
794
764
804
672
760
720
712
522
576
650
692
652
696
548
292
408
402
398
278
262
326
110
160
120
184
234
256
240
198
248
192
290
324
350
230
302
256
260
220
242
168
170
274
300
344
298
92
80
80
138
188
240
238
246
310
340
218
300
380
304
286
342
154
230
286
374
462
476
268
250
176
270
212
204
318
390
292
332
230
152
136
106
66
68
86
254
76
10
58
76
138
28
30
66
46
46
22
60
18
26
14
10
78
92
148
110
102
94
174
238
52
70
132
288
496
456
432
348
430
420
326
228
186
302
276
130
228
186
12
104
184
40
18
64
66
18
44
198
40
104
156
158
194
182
178
106
142
208
182
146
222
144
274
156
222
242
138
14
142
160
136
114
216
374
520
624
626
558
664
560
574
526
470
390
338
260
106
122
50
174
258
364
470
268
362
482
514
508
494
408
492
470
424
324
252
446
414
278
248
242
170
270
146
8
42
20
142
76
164
56
28
70
32
70
96
108
144
94
72
134
112
38
18
146
272
158
280
312
182
124
244
208
30
106
92
82
144
210
128
182
192
218
160
194
36
58
62
322
80
6
118
124
184
278
254
116
202
86
84
214
126
144
216
200
258
318
386
458
588
614
678
640
700
712
744
526
440
412
228
82
16
122
118
30
42
76
42
144
82
152
88
136
124
96
52
90
90
114
44
72
64
42
22
74
22
76
172
118
70
152
120
210
188
278
292
402
342
380
446
508
454
528
416
464
624
532
594
586
734
852
820
1046
990
1008
916
830
788
650
564
484
468
492
638
712
742
582
618
778
740
728
778
740
674
612
672
512
400
344
352
466
416
468
668
668
616
468
390
434
356
328
430
442
446
396
422
334
428
558
622
310
422
486
454
346
332
448
486
570
606
586
498
504
442
444
520
536
488
464
520
462
534
496
474
448
558
570
312
486
378
430
562
454
342
298
136
272
440
502
620
606
496
534
658
658
604
570
572
552
616
648
726
898
1162
1272
1338
1272
1160
1124
1018
988
856
818
778
776
788
906
890
936
1038
1120
1108
1232
1370
1296
1090
1156
1136
1234
1284
1304
1122
1134
1062
1044
1060
1104
1034
900
832
886
870
900
964
960
1016
1006
1036
1020
1036
906
824
806
974
832
886
788
768
780
800
946
826
886
864
1074
914
614
640
676
656
684
602
828
862
778
822
904
604
596
588
800
846
796
764
760
690
762
726
760
678
490
452
432
506
570
586
434
496
386
364
364
398
614
498
584
574
662
726
748
634
520
630
636
582
626
560
468
310
362
198
84
44
86
188
346
196
274
220
136
68
44
146
184
72
18
