960
944
920
892
914
864
884
876
870
880
890
854
864
878
882
890
902
886
842
876
852
880
914
888
904
866
882
886
914
894
866
890
884
882
844
804
798
808
800
796
778
786
766
768
794
800
838
832
786
824
812
842
842
860
872
882
862
878
870
884
894
872
878
866
854
860
876
876
856
854
850
838
862
866
882
876
908
910
870
856
864
894
870
836
858
858
866
842
798
778
790
804
834
804
800
806
772
770
802
800
806
782
764
778
818
806
806
798
784
812
812
808
864
854
862
856
858
854
812
798
816
804
808
840
840
832
834
846
876
886
914
916
916
908
888
856
836
842
894
880
864
912
906
886
888
886
898
862
842
896
906
928
920
908
932
922
922
944
940
928
924
916
890
894
904
906
894
888
872
880
894
876
860
870
874
890
860
876
856
840
812
800
744
784
782
744
788
786
746
780
772
778
832
812
804
828
820
842
860
846
842
854
828
804
830
812
804
768
778
778
768
756
776
752
764
748
774
790
812
774
788
798
778
782
774
814
786
820
808
814
822
806
860
838
856
880
900
898
932
890
892
866
850
866
882
870
826
852
846
862
872
890
848
876
888
882
876
892
876
874
888
890
890
926
946
940
906
886
910
902
894
878
856
860
892
904
896
886
898
872
898
870
848
824
802
794
806
818
872
866
894
888
918
930
938
918
932
916
896
880
874
862
862
884
914
924
900
888
898
892
868
898
910
886
914
882
840
880
878
890
888
892
882
886
902
910
896
908
902
886
886
882
878
908
916
896
900
930
900
918
924
920
916
912
916
916
884
894
860
864
836
842
864
890
894
876
852
846
848
836
826
824
844
852
838
822
854
830
844
856
842
836
862
872
860
840
844
858
872
904
926
936
908
878
892
872
872
862
874
866
892
852
864
842
834
810
786
812
822
760
774
786
758
772
768
772
792
774
782
794
810
812
842
872
868
846
840
820
808
830
846
834
846
840
826
836
846
850
830
864
886
884
894
888
886
866
886
884
906
908
882
882
876
850
856
834
796
754
742
774
820
848
846
830
826
810
806
792
826
826
800
790
794
806
786
790
756
772
802
820
824
876
874
880
864
868
886
864
882
898
914
900
908
886
868
898
900
914
880
888
896
882
842
868
894
860
908
886
896
894
920
928
916
914
914
930
900
902
920
928
902
916
914
916
898
908
906
930
938
948
936
920
916
938
912
888
892
898
888
860
870
862
874
830
854
836
856
842
880
882
858
826
838
876
882
864
878
874
876
864
862
886
882
882
890
878
892
938
908
890
888
884
872
870
886
908
916
896
874
892
904
900
880
906
916
906
910
900
872
862
856
882
880
910
910
916
912
890
860
884
918
914
900
924
922
888
902
906
926
894
902
906
928
926
914
904
910
916
894
896
914
896
852
830
848
878
868
858
870
902
858
844
838
826
834
810
778
770
776
762
726
710
720
744
790
768
798
814
842
830
852
792
836
856
874
872
842
816
812
864
840
902
938
924
908
908
896
888
906
912
938
916
904
926
916
882
862
830
852
852
836
862
862
880
890
906
898
920
868
828
844
836
814
822
810
842
852
884
914
906
922
920
932
912
926
906
920
880
900
920
912
926
922
940
910
894
900
908
892
852
854
852
814
808
824
842
848
872
884
906
900
888
902
886
886
880
908
898
916
898
918
908
894
874
882
904
868
862
866
890
892
890
864
880
890
868
852
816
842
822
834
844
878
900
924
900
852
844
862
872
870
848
858
888
894
900
906
900
910
938
938
904
910
892
894
894
882
894
900
900
914
878
870
888
878
836
840
846
854
868
850
878
870
874
890
890
928
922
916
890
878
864
874
832
838
830
824
832
840
846
876
862
864
884
868
890
918
932
940
920
892
896
916
912
884
892
882
920
902
922
900
912
900
868
868
890
882
910
910
916
906
920
908
926
902
902
860
856
846
856
864
850
802
798
814
814
886
880
884
856
896
898
912
924
922
940
936
918
938
914
950
918
892
892
874
856
894
908
884
906
892
864
884
888
892
914
894
944
932
926
920
946
942
892
906
896
882
912
906
920
940
934
926
890
872
862
888
886
926
924
916
940
950
934
942
940
950
922
920
918
914
852
836
866
906
918
906
872
848
906
878
854
860
846
846
840
884
876
856
834
866
882
880
922
944
914
930
894
876
856
864
862
824
794
790
794
816
818
804
776
738
704
702
714
688
702
726
710
726
724
722
746
756
704
738
706
738
730
738
770
810
776
776
778
768
790
794
818
802
822
812
806
812
790
818
798
798
796
770
734
688
710
720
692
704
650
646
662
660
678
714
718
756
746
748
728
758
792
796
784
760
746
730
736
746
734
760
762
724
750
778
754
770
748
764
798
798
784
806
826
790
750
768
762
780
778
796
828
792
730
778
794
824
836
848
848
812
808
810
828
880
884
882
864
840
880
898
888
882
902
898
892
894
934
924
918
898
884
882
866
900
900
904
930
940
914
898
902
880
832
864
882
916
920
936
922
888
924
908
926
930
904
908
910
886
882
886
864
834
854
864
854
864
852
842
828
842
840
830
884
862
868
866
870
850
844
862
876
866
836
868
832
884
906
904
906
898
922
950
956
964
942
944
932
942
942
912
952
916
908
860
862
822
888
880
896
912
912
928
950
926
896
878
874
900
890
878
866
830
832
892
902
900
906
908
912
920
906
912
904
912
894
912
920
924
910
916
900
902
908
888
882
902
912
908
910
918
922
916
912
902
876
870
868
846
838
832
776
760
778
766
706
714
754
730
730
748
770
804
796
796
778
792
782
764
782
748
742
738
722
758
754
746
730
780
782
818
842
852
860
888
892
894
892
868
864
864
882
878
890
904
894
880
910
906
918
938
936
918
890
848
840
834
858
824
792
828
872
882
892
864
882
892
890
882
900
908
884
890
918
924
904
916
910
902
890
898
896
900
890
902
920
906
898
928
912
904
902
914
896
888
884
878
862
836
838
842
822
846
868
894
880
898
892
912
890
904
912
942
938
942
910
884
848
868
830
846
904
890
884
850
902
938
944
924
900
884
902
926
954
952
934
932
930
928
928
896
888
876
890
898
860
868
868
866
874
892
862
896
880
898
906
896
906
888
848
856
870
890
888
894
912
900
904
920
908
904
916
936
902
914
894
906
876
878
872
904
882
890
890
904
908
904
938
930
918
910
894
904
906
894
886
902
914
926
922
924
930
944
936
940
938
928
918
916
904
906
898
942
910
920
888
882
912
934
942
950
906
896
892
884
878
874
888
878
912
930
906
922
908
904
902
910
860
842
898
904
936
910
934
942
940
926
930
940
942
954
926
936
932
878
864
848
874
878
888
868
880
870
858
874
914
908
916
938
938
950
918
940
944
940
926
942
930
922
922
900
910
920
920
948
918
898
900
888
870
856
858
858
858
862
832
848
850
882
870
886
896
914
910
934
938
914
934
934
936
934
916
912
900
906
902
890
870
902
832
852
856
862
884
888
882
892
892
894
882
898
888
868
872
900
894
904
864
866
872
880
876
910
896
890
882
866
870
866
888
888
878
844
818
848
840
852
856
894
904
890
894
900
910
880
902
890
930
922
918
912
894
878
892
860
854
856
898
874
868
872
850
852
874
854
886
894
884
882
884
890
888
918
906
908
892
836
790
782
784
808
798
834
824
858
800
788
788
774
816
838
836
828
874
894
902
916
912
910
900
878
840
854
860
870
810
822
818
842
864
864
844
850
836
842
858
884
884
886
920
916
926
914
914
922
868
892
872
844
840
826
810
844
872
830
828
852
840
834
840
848
860
860
826
818
892
876
902
892
898
936
956
942
938
914
918
906
894
894
914
912
916
912
930
908
912
906
912
934
912
900
914
910
880
866
838
882
874
876
854
850
838
882
946
920
912
900
888
878
874
862
876
888
884
886
894
866
868
882
874
906
874
876
862
868
894
892
892
894
856
868
834
848
826
830
848
872
868
900
908
922
902
930
904
874
894
900
916
910
888
896
914
926
930
922
908
914
902
904
894
878
884
872
838
842
834
814
808
802
802
810
840
832
862
882
902
916
868
882
882
912
902
920
908
934
912
942
924
878
856
830
834
858
856
884
882
870
868
860
890
926
908
898
916
876
878
854
804
796
836
856
868
866
884
860
874
864
902
908
886
874
900
896
894
874
868
910
894
888
896
874
906
884
880
862
852
830
876
848
880
888
906
898
876
880
904
924
938
942
926
890
918
926
872
860
856
852
862
856
844
830
844
810
792
786
760
792
826
850
854
862
876
858
868
890
892
888
862
858
856
852
838
826
826
802
776
802
818
826
824
814
808
808
808
784
792
824
852
874
902
866
864
872
884
896
898
924
926
876
866
878
850
842
864
854
854
854
824
832
850
874
894
920
916
898
886
880
890
872
886
882
880
896
902
922
892
904
902
946
932
934
916
926
922
910
912
878
904
892
854
846
848
834
842
810
812
808
832
824
844
858
882
872
898
888
894
890
872
922
926
936
906
864
894
872
866
916
918
946
946
954
950
922
924
938
912
916
920
928
944
928
910
920
896
