902
900
928
936
960
926
898
924
916
908
928
934
918
924
918
906
892
870
868
906
910
910
874
910
924
954
970
974
972
954
946
946
944
946
950
924
908
922
872
878
888
924
924
908
884
864
870
868
878
868
894
900
856
856
872
864
848
882
908
920
916
934
916
934
912
900
888
902
912
870
920
934
906
920
924
936
936
946
946
958
934
940
946
956
888
880
874
902
902
912
912
904
910
926
924
928
932
928
928
902
920
918
928
928
888
908
914
902
884
898
932
922
950
920
930
942
930
912
902
938
936
956
930
934
910
916
900
898
832
892
912
892
884
904
892
858
858
850
864
872
886
906
896
906
900
902
882
894
862
838
772
834
846
886
908
896
862
866
874
916
920
888
866
886
870
856
880
872
844
856
886
878
880
894
924
928
932
914
912
892
874
858
906
920
912
912
918
920
926
900
904
908
890
896
882
874
866
850
852
898
888
892
846
870
904
900
906
922
906
892
890
858
848
850
886
890
898
872
878
880
852
854
870
866
826
850
838
856
844
812
786
824
850
796
798
788
734
714
734
798
836
850
882
868
848
862
886
908
894
876
886
868
894
904
908
910
948
924
934
958
944
904
856
870
826
876
842
848
894
896
898
926
900
898
896
918
900
878
874
878
872
878
860
844
864
856
870
872
888
894
918
916
928
914
920
932
912
888
900
894
892
876
880
882
872
858
862
908
912
928
922
916
938
916
900
904
912
896
922
900
906
908
934
922
920
902
896
910
936
946
930
908
920
886
848
864
856
868
880
864
850
898
920
914
908
920
910
936
918
906
918
906
886
872
880
880
868
894
900
894
940
942
940
942
920
916
916
910
930
928
934
944
930
926
902
912
888
886
844
824
828
866
860
844
830
846
884
884
878
928
924
886
906
896
886
864
888
898
900
916
916
916
942
910
894
874
866
880
906
882
850
832
828
840
818
862
822
848
860
814
838
850
854
874
868
850
856
834
852
882
874
854
876
898
896
904
880
892
926
892
904
886
892
888
890
906
918
888
870
906
908
902
916
940
912
912
894
900
906
888
898
900
900
900
890
910
902
882
860
872
898
890
898
878
876
850
832
818
792
774
738
776
784
752
774
800
850
858
866
910
906
878
922
910
888
906
892
886
898
886
848
838
866
862
868
896
910
938
912
912
910
924
922
944
920
926
892
872
924
938
898
880
930
952
922
928
914
932
938
906
876
850
856
872
898
872
904
872
816
764
812
806
774
782
750
756
768
764
776
800
728
744
760
748
712
732
734
754
750
740
726
728
724
712
732
760
768
724
722
712
704
710
680
708
690
702
722
746
734
752
766
796
824
810
846
856
840
840
834
856
888
904
918
936
910
926
924
918
946
924
924
888
912
898
872
852
846
878
874
876
876
900
886
904
888
862
888
854
872
872
850
830
878
912
936
970
958
954
972
956
950
970
962
938
934
926
936
916
936
900
920
894
878
882
874
890
880
882
872
902
866
888
856
874
896
900
902
868
868
864
880
876
860
880
850
804
800
772
754
776
764
772
766
756
786
752
770
784
782
842
844
844
840
874
856
876
876
866
868
902
894
896
896
884
866
876
898
886
870
862
862
860
864
886
890
910
908
890
922
932
954
930
942
924
926
922
922
918
914
930
910
918
934
944
948
942
944
938
926
932
940
912
894
914
950
912
932
944
942
914
906
886
906
920
910
908
924
920
952
914
884
902
896
912
904
930
890
900
894
916
882
886
896
910
918
920
928
916
916
906
892
896
924
886
868
904
906
932
916
914
914
934
940
940
924
928
946
938
938
930
956
928
928
918
910
930
932
918
910
900
920
918
922
924
932
908
912
924
906
890
890
864
838
870
864
864
886
884
898
906
914
910
900
900
880
862
888
898
886
874
904
888
910
896
904
912
900
882
892
920
914
884
888
898
884
892
922
940
946
932
918
934
910
906
908
908
896
876
884
906
896
920
920
914
902
896
896
892
882
866
886
896
904
884
900
886
872
880
868
858
852
906
906
940
924
944
920
926
904
900
918
910
908
876
866
872
836
854
860
838
842
896
896
894
928
904
910
896
894
920
932
942
950
932
946
954
932
922
918
910
908
904
918
914
926
934
936
942
938
936
906
934
932
910
898
898
912
892
870
890
916
892
892
890
908
922
936
922
906
904
918
908
914
918
942
944
932
940
914
914
906
894
900
896
886
904
912
904
898
894
860
866
854
876
878
886
902
892
896
896
934
942
938
902
930
928
932
928
914
920
916
916
930
912
892
928
924
922
872
916
910
928
912
898
916
906
894
892
878
886
890
886
882
894
878
868
852
842
866
884
900
932
900
872
868
864
894
906
898
866
870
864
884
890
892
870
880
878
856
838
832
822
826
858
830
830
816
834
848
830
852
888
874
872
888
888
840
816
810
818
856
870
902
882
890
890
864
872
858
896
908
896
888
908
922
886
880
886
858
828
830
816
830
862
856
862
882
864
878
876
862
834
818
828
814
778
770
758
760
784
794
790
856
846
858
890
852
830
828
868
866
832
846
854
820
786
780
806
806
808
758
782
790
842
800
802
824
826
846
846
832
830
830
850
838
866
872
876
874
880
888
896
914
928
902
914
926
922
940
912
890
884
874
894
900
890
882
882
894
888
880
886
904
884
862
846
826
822
824
844
848
854
864
902
900
910
904
928
950
944
948
938
934
942
944
936
932
922
914
916
884
888
912
906
896
910
902
892
904
880
896
836
824
848
860
836
848
834
842
830
856
838
872
894
866
864
866
832
878
864
860
872
864
876
886
848
838
854
836
824
854
852
878
886
848
866
892
912
908
920
900
874
908
926
910
924
928
910
916
888
898
916
890
846
848
872
886
868
872
858
856
882
860
858
842
842
866
888
870
872
912
936
926
954
960
934
936
952
978
952
932
934
922
892
890
860
836
792
802
814
818
794
816
830
884
870
872
898
894
872
894
882
906
908
882
882
862
892
890
852
810
826
812
826
808
832
800
800
816
808
804
810
788
792
794
754
740
750
738
744
752
742
760
730
710
726
736
744
740
728
704
716
718
696
732
738
748
720
716
720
670
704
702
698
678
706
686
666
674
626
624
674
708
724
728
718
730
710
730
720
722
766
772
782
782
818
822
832
820
848
896
900
894
852
854
878
900
870
900
866
872
870
842
850
860
844
912
892
890
874
892
878
862
876
888
860
856
864
902
922
920
922
926
908
900
890
896
878
898
884
876
864
916
906
892
902
904
912
886
882
864
890
910
890
884
900
876
866
882
900
908
934
942
918
942
930
906
934
898
876
892
948
908
914
916
914
940
932
954
962
954
946
940
894
932
938
914
906
902
938
936
904
914
904
902
898
944
938
948
962
952
928
900
934
966
958
946
924
916
926
894
856
850
884
858
860
872
850
838
854
852
844
832
808
788
800
796
822
828
802
798
790
786
756
744
772
762
748
740
696
678
686
698
702
710
752
758
780
808
800
830
854
850
826
842
834
880
884
874
868
940
950
934
932
944
944
970
930
942
934
908
938
940
956
936
928
942
916
896
912
928
914
926
890
896
898
888
908
906
912
918
894
902
924
914
916
938
926
940
942
940
934
900
920
952
940
932
936
922
904
908
918
922
916
912
914
946
888
908
908
924
942
904
906
910
904
900
870
870
852
862
856
878
854
850
854
826
832
852
872
904
870
866
866
886
874
894
882
880
874
864
884
858
890
900
922
922
918
928
920
900
846
894
898
906
904
938
918
916
940
946
930
924
894
882
924
930
934
896
916
898
890
880
878
872
868
886
868
874
874
888
880
872
864
866
906
848
864
882
884
860
846
856
860
866
884
852
870
900
906
920
906
880
900
918
930
916
932
934
928
918
900
926
906
926
936
932
906
906
918
918
902
930
946
950
948
946
884
904
920
914
906
896
900
896
940
932
922
920
912
936
968
958
952
936
934
912
902
904
918
926
930
880
892
924
918
914
918
882
896
912
898
882
900
900
926
910
918
920
936
936
928
932
912
926
876
856
858
884
862
858
862
888
912
900
914
924
928
918
892
868
854
846
864
874
886
882
886
892
880
862
838
858
818
788
800
818
812
826
826
818
820
822
850
856
862
868
818
820
800
808
828
834
824
796
842
842
848
858
866
874
896
880
878
888
896
884
856
874
874
874
876
832
830
820
852
876
874
890
912
916
910
896
898
878
882
880
904
906
882
916
906
920
900
868
862
876
880
876
856
868
848
858
876
894
876
860
874
890
914
914
926
936
924
924
914
914
890
876
860
900
892
896
876
870
872
888
900
902
864
886
890
894
916
926
926
926
950
960
956
914
900
916
926
908
924
920
920
910
920
942
958
964
942
956
968
956
932
922
946
934
900
906
902
906
910
904
884
886
910
912
898
886
856
858
868
856
844
866
880
902
904
924
896
924
944
938
912
894
904
914
894
862
876
880
880
876
900
944
956
944
928
938
930
924
916
908
904
900
904
908
898
910
876
832
814
806
822
764
766
760
768
776
804
796
804
800
848
814
838
828
816
834
848
828
848
876
874
868
896
