788
730
694
732
710
732
700
698
706
718
734
762
750
732
734
690
726
722
768
772
804
822
832
834
850
804
806
758
802
758
742
766
724
754
774
766
742
740
714
748
768
768
772
746
704
728
760
810
830
828
798
820
836
802
782
794
818
816
824
800
806
826
854
844
848
792
794
794
798
772
760
772
756
710
698
690
704
730
748
720
714
676
660
662
730
768
808
788
776
736
728
738
718
750
760
804
780
804
780
772
778
764
806
798
784
778
760
756
724
720
696
682
720
724
680
732
692
616
660
664
622
600
604
588
538
534
566
578
550
522
504
482
522
564
582
606
594
606
590
524
526
486
550
514
532
496
578
546
548
550
544
518
524
524
518
578
618
598
578
556
614
614
602
584
594
534
524
522
502
542
516
532
502
516
556
536
548
564
560
622
626
640
648
672
660
650
652
652
638
670
688
692
660
644
602
580
586
560
520
490
504
544
508
486
506
540
544
486
448
438
410
412
412
442
414
426
432
404
458
466
452
474
482
472
480
456
516
490
482
460
450
434
414
386
368
360
350
398
344
348
400
412
386
336
354
364
388
394
410
392
382
370
354
342
364
386
416
396
384
394
428
434
460
454
476
448
456
464
474
480
488
504
540
490
494
492
484
444
380
316
372
410
382
382
370
356
384
406
356
364
384
398
386
358
372
430
408
390
382
424
382
404
368
358
326
320
334
394
410
426
462
444
476
410
478
428
428
426
416
420
474
514
566
600
642
604
558
518
476
490
480
464
458
458
466
522
522
488
504
466
438
428
478
448
468
470
486
484
464
496
484
484
480
418
446
460
452
486
538
570
568
606
608
590
598
576
562
590
574
572
620
674
698
686
642
624
612
630
610
676
706
712
762
750
756
756
756
730
708
672
722
726
726
702
716
758
772
760
782
780
800
830
810
786
776
810
808
818
812
792
798
722
726
738
718
710
694
708
706
696
686
672
646
648
698
702
682
662
690
730
746
754
778
758
736
772
780
784
774
754
762
724
794
850
816
808
814
808
810
814
828
828
832
866
812
816
862
846
856
862
842
824
834
850
852
858
846
848
824
830
834
808
786
842
862
868
828
832
806
860
870
860
866
862
824
854
834
830
814
818
814
810
822
792
760
786
806
760
788
778
770
734
714
710
714
682
710
724
732
750
778
836
812
814
756
706
684
712
674
674
676
652
652
644
674
664
678
674
684
712
706
638
620
600
630
666
654
652
644
668
662
636
636
630
566
582
596
592
604
584
562
512
476
494
498
506
520
562
574
598
572
574
602
620
642
688
760
770
788
752
816
826
818
834
842
852
844
836
834
850
836
848
824
794
784
772
760
754
736
720
748
700
702
668
694
664
666
726
718
652
710
698
702
738
720
748
784
810
848
834
834
784
788
768
770
744
718
720
670
686
722
698
714
714
770
816
806
820
826
842
810
812
866
866
874
880
856
852
868
844
868
890
886
888
858
828
782
794
804
822
824
838
844
834
798
784
716
764
802
788
774
754
762
764
754
732
768
818
838
860
880
880
872
850
832
842
784
760
804
760
758
732
730
724
732
680
626
618
640
632
628
630
634
592
588
602
594
572
540
552
542
568
570
564
568
610
648
662
658
722
754
756
762
788
766
756
700
672
658
684
682
638
564
566
570
542
496
476
474
514
528
538
548
536
478
516
540
548
598
566
590
634
692
690
702
726
740
752
774
794
776
818
756
774
782
788
794
784
772
694
742
756
800
780
800
832
828
854
828
810
786
766
810
804
840
802
810
820
808
766
802
832
828
846
884
884
902
868
848
794
790
804
766
784
780
770
724
760
752
678
590
590
644
694
644
682
694
700
728
772
704
694
726
782
804
798
790
752
762
790
822
784
750
786
792
770
780
788
790
726
694
674
686
692
732
736
752
724
740
758
778
778
770
772
730
730
728
740
746
710
736
726
764
730
712
740
730
776
766
768
796
804
800
780
818
838
872
878
836
774
784
770
738
796
818
808
812
808
856
834
794
776
810
822
822
852
874
868
836
778
788
798
780
712
716
748
750
788
742
744
798
790
812
804
846
872
854
832
774
758
776
750
772
788
740
704
692
686
688
684
678
690
726
726
754
756
750
760
768
758
766
804
778
798
794
776
762
768
778
794
816
866
894
884
830
832
820
812
788
790
774
766
768
792
788
798
814
804
792
802
802
812
844
812
822
828
824
852
850
842
826
844
846
832
856
872
830
832
832
856
872
854
832
848
794
778
808
830
786
760
792
768
792
824
826
804
782
760
740
744
740
702
666
630
654
666
660
660
630
664
640
624
626
630
690
678
682
686
694
706
684
700
696
678
738
758
756
708
726
728
708
694
750
806
814
780
804
820
858
882
828
812
812
788
792
820
788
770
814
812
780
768
782
772
734
740
738
800
796
778
792
790
814
862
876
862
872
836
830
854
866
884
842
900
890
856
850
838
826
834
828
766
750
806
792
784
754
790
772
744
760
752
760
720
742
786
784
776
798
842
854
838
792
760
832
826
846
814
808
784
762
804
788
778
800
802
870
840
834
814
802
782
774
762
766
752
808
808
792
802
794
782
818
798
818
794
820
798
782
774
698
670
682
656
704
718
766
744
744
752
744
780
738
762
804
816
820
798
784
832
844
840
824
806
770
786
802
790
746
736
752
756
756
774
780
804
794
814
860
848
866
832
814
806
796
834
828
848
814
784
804
734
760
746
722
696
720
686
672
686
672
630
678
700
686
654
642
652
690
708
688
734
736
712
744
732
764
776
760
792
770
798
782
728
756
812
832
832
832
820
788
784
776
738
678
698
692
742
742
750
698
680
694
666
674
714
714
716
724
756
730
692
704
670
674
712
742
748
728
718
690
686
692
714
734
710
762
764
708
730
708
712
704
740
786
754
710
750
756
750
762
758
780
792
770
756
750
762
736
742
750
764
806
820
838
870
858
868
862
858
848
818
774
764
798
812
796
762
758
756
770
802
776
758
764
754
758
748
734
750
776
772
808
832
826
800
784
784
752
756
764
778
756
794
760
772
786
808
820
788
750
750
730
738
762
770
792
806
820
818
810
798
802
770
742
778
728
732
756
680
726
696
744
736
756
736
768
784
778
790
790
842
848
814
814
820
814
830
854
816
804
802
802
796
844
854
844
832
866
854
870
884
888
892
868
878
864
866
882
852
836
834
788
804
782
698
736
750
750
744
748
758
800
756
736
748
758
776
800
782
788
784
792
790
780
784
720
774
776
826
800
762
766
754
746
720
710
700
716
764
800
786
780
778
796
796
820
848
824
792
784
794
768
764
754
754
736
722
700
712
674
674
692
692
652
668
714
738
766
768
764
792
802
792
808
822
790
786
812
756
764
778
784
796
774
778
790
790
770
786
792
790
782
778
732
740
746
730
710
736
794
746
760
750
744
758
758
760
756
720
736
732
694
720
722
748
752
770
754
718
714
688
684
734
752
736
698
692
684
658
650
642
680
690
744
770
768
786
784
790
804
788
806
852
846
862
870
818
788
774
770
768
776
766
782
786
780
736
752
700
684
706
724
732
706
660
666
608
656
660
678
682
726
750
776
794
764
764
784
770
776
758
814
822
786
808
822
804
776
820
810
828
838
828
822
804
806
840
854
806
804
784
834
866
890
868
828
832
806
770
806
806
826
796
794
786
820
806
828
828
836
772
780
816
824
828
824
818
758
700
698
728
764
764
714
744
752
754
760
760
704
718
704
656
582
588
576
610
628
592
588
592
596
668
716
728
748
730
684
684
732
756
788
748
742
792
738
788
766
744
726
714
722
712
712
700
698
704
762
750
742
736
766
780
780
828
844
842
852
860
858
842
814
806
800
814
798
722
686
766
698
728
780
814
814
818
804
798
776
816
810
784
760
732
770
726
730
674
722
776
776
780
782
796
828
804
788
802
826
832
792
748
764
786
760
756
762
780
772
760
770
788
726
764
718
718
730
728
722
720
726
722
718
736
728
712
752
792
782
790
810
816
808
782
754
774
782
772
764
752
718
744
718
706
728
710
694
700
728
716
706
696
696
700
720
744
696
704
690
714
704
710
722
718
740
764
860
868
814
810
824
820
828
842
840
872
858
818
862
828
860
832
842
856
842
792
754
724
702
690
712
686
718
726
714
762
756
754
746
732
750
760
710
678
668
664
686
756
738
688
712
700
694
696
736
724
732
776
758
792
788
756
780
758
726
740
750
786
746
778
798
764
748
724
682
690
700
708
720
714
712
668
710
714
684
650
670
684
682
650
634
648
630
658
634
616
604
630
628
576
594
590
582
602
612
644
632
604
628
598
598
640
662
616
576
552
546
568
556
576
638
614
634
648
630
680
610
622
638
662
606
620
662
660
646
636
640
676
664
676
654
712
710
680
712
712
706
714
730
746
772
730
728
762
766
718
714
694
704
686
652
686
646
642
644
610
656
648
690
706
692
694
712
714
712
750
732
720
772
786
778
770
772
804
776
772
748
794
776
764
762
786
792
788
778
802
824
800
784
790
770
794
842
792
784
772
782
802
856
834
