734
752
756
732
768
776
774
798
814
822
852
894
896
908
906
876
870
862
842
886
938
906
884
878
912
940
930
928
912
930
942
948
926
926
916
932
896
906
914
916
880
848
878
870
856
840
826
826
824
846
832
826
852
872
882
856
850
884
884
900
874
870
868
872
884
872
854
820
824
818
822
824
816
840
818
840
856
850
876
894
894
872
908
908
898
902
926
910
896
872
830
874
866
820
826
836
824
846
838
818
836
854
862
858
880
876
874
884
864
868
904
892
896
896
884
846
882
874
860
874
842
860
886
882
874
890
874
850
826
818
824
850
866
828
832
806
796
800
818
788
776
776
780
778
840
824
792
786
796
812
816
804
802
790
750
728
752
724
776
782
782
768
786
790
816
836
860
848
826
834
856
868
896
888
860
854
816
808
794
792
798
800
838
840
798
796
826
822
852
848
856
842
852
876
870
894
868
858
834
828
838
846
886
912
870
856
830
820
820
804
782
798
806
784
826
872
864
908
904
922
906
886
874
844
860
852
848
864
850
842
842
864
852
846
814
806
784
784
752
732
728
728
758
754
734
726
746
752
786
796
826
814
804
824
798
790
782
852
856
872
870
844
820
794
794
822
858
844
854
874
870
910
904
926
894
900
870
870
874
896
910
918
876
864
886
870
886
830
874
862
846
808
826
782
774
768
800
780
800
788
802
788
798
782
764
776
764
736
752
766
818
808
852
894
868
882
886
884
874
854
884
866
866
868
854
806
796
840
852
858
830
854
844
858
894
922
906
932
882
896
882
822
862
848
862
866
834
834
804
786
760
788
796
806
754
774
784
772
772
804
836
866
820
852
856
880
878
888
898
868
852
882
828
804
770
728
790
752
736
762
780
792
794
758
742
742
748
762
736
740
726
726
704
692
690
662
632
624
592
652
714
734
770
730
748
742
754
778
786
796
804
816
784
794
800
814
826
830
844
862
850
848
874
842
804
810
828
810
834
818
852
852
844
790
730
728
746
766
736
762
736
724
770
774
718
736
720
754
768
810
816
796
788
810
776
772
738
716
742
716
680
622
632
644
662
666
618
650
680
698
694
746
744
750
788
850
842
834
800
776
782
808
808
824
810
784
758
784
804
832
856
886
880
866
852
820
834
858
832
858
820
778
814
820
788
820
762
738
726
778
790
794
796
784
802
858
880
862
848
874
868
856
876
856
868
878
882
882
836
788
784
774
852
812
842
812
792
816
826
858
846
822
822
810
816
824
792
826
828
862
868
878
820
822
842
828
860
828
850
854
894
884
862
826
860
864
852
826
886
892
894
860
884
872
842
842
844
876
864
894
860
836
858
854
832
852
874
862
858
892
910
886
896
886
876
846
850
852
822
810
852
864
900
894
896
910
904
890
908
884
902
920
916
908
856
836
800
770
810
824
812
874
842
876
888
850
852
874
886
892
916
916
924
914
898
900
916
918
906
914
914
870
874
860
888
896
886
876
860
836
836
796
772
802
782
804
842
874
854
856
876
890
882
894
844
854
848
838
860
862
834
818
826
834
804
772
734
726
784
800
780
794
802
800
810
776
796
822
858
858
892
872
876
852
862
840
832
852
814
822
830
846
818
866
860
854
874
852
810
790
814
836
856
854
868
876
850
854
834
824
780
764
760
746
732
722
740
750
762
752
708
764
760
786
792
824
814
790
810
818
782
786
800
806
768
760
774
770
794
772
776
810
798
798
816
836
806
806
796
812
812
804
810
822
850
860
802
782
832
844
888
888
902
896
868
838
812
822
802
814
804
848
842
834
852
824
846
826
818
786
798
812
810
824
806
848
868
836
830
840
838
808
776
810
798
836
876
886
858
882
878
862
892
902
866
820
788
776
792
794
806
822
854
854
812
848
852
858
872
916
868
874
874
872
896
906
910
904
882
896
902
862
880
872
850
856
864
844
862
872
858
872
844
842
856
850
862
808
828
804
824
840
852
830
788
768
764
754
762
780
800
772
774
740
792
762
794
832
822
856
872
910
892
884
880
896
888
902
882
868
860
886
872
902
894
872
844
850
886
840
832
842
850
812
810
808
838
816
848
852
890
858
812
824
834
834
832
842
850
852
862
838
844
856
828
842
832
810
800
808
820
836
804
832
836
822
846
842
836
844
834
860
876
854
886
892
888
868
880
902
904
886
880
858
842
814
836
808
794
796
830
852
868
872
898
876
880
872
850
866
858
894
896
886
894
926
924
896
904
886
888
874
878
898
858
876
886
894
900
882
856
830
826
844
862
866
866
892
880
856
862
876
894
858
860
902
898
896
846
906
904
880
870
832
858
854
844
852
868
856
864
818
822
856
868
824
822
826
872
870
878
936
906
896
900
878
870
864
876
876
870
906
892
866
862
836
844
856
882
880
884
866
826
842
860
894
918
894
916
916
906
882
890
896
848
848
890
908
896
908
918
884
878
876
900
880
900
940
904
922
932
932
932
944
940
926
920
896
896
860
848
864
856
824
850
882
868
870
886
900
926
916
932
904
894
896
866
888
868
850
868
870
856
870
882
866
878
864
856
870
856
868
882
896
880
884
876
896
912
916
936
920
926
922
926
916
890
882
876
878
872
874
868
854
884
874
898
870
860
844
828
858
862
876
894
862
892
884
874
898
870
876
858
894
868
832
808
816
818
814
804
838
822
806
824
868
826
812
790
784
792
818
804
848
864
874
866
876
888
912
920
938
926
936
954
918
872
854
844
846
828
772
780
796
792
780
754
758
742
752
756
748
800
788
806
834
846
830
822
812
840
816
800
786
798
772
804
816
804
794
810
836
816
808
838
812
824
810
826
832
854
844
856
788
772
744
734
740
742
690
676
622
628
626
572
520
568
570
614
578
554
582
610
626
634
632
562
514
474
418
370
418
432
410
430
420
366
364
338
380
360
320
268
248
258
236
316
288
260
268
270
318
378
402
424
408
446
406
380
356
350
400
412
448
430
386
358
388
442
480
400
442
390
386
426
474
454
450
480
494
524
500
498
492
544
558
550
490
508
518
476
502
436
408
374
362
382
394
422
402
394
460
492
576
560
532
536
534
560
586
544
550
544
530
496
490
526
558
562
560
562
582
566
576
596
580
580
568
560
508
530
512
558
534
524
498
514
550
556
560
534
538
494
494
526
508
538
550
506
522
522
540
482
502
506
514
486
492
410
424
426
392
392
370
410
404
470
472
548
598
566
572
598
584
540
566
508
490
506
496
530
502
482
506
516
516
548
580
588
570
546
558
548
536
534
530
558
534
576
560
592
604
588
558
588
574
546
470
496
450
466
492
490
502
526
568
528
510
494
528
532
540
524
490
552
504
522
498
488
486
490
508
562
556
570
590
548
524
518
510
526
548
534
520
530
540
528
596
546
532
578
548
534
534
554
538
536
546
582
598
580
600
598
562
568
546
542
534
490
458
418
440
410
430
464
410
412
380
398
400
372
350
360
380
354
338
348
328
358
320
330
376
370
392
382
390
396
348
338
336
376
398
372
402
398
346
344
350
350
306
328
334
280
294
278
342
338
352
378
380
436
410
410
408
404
398
378
378
334
344
378
410
416
406
412
394
346
374
430
468
496
544
580
544
554
566
602
582
590
620
654
680
668
644
638
640
642
626
590
580
654
638
592
606
662
646
670
636
602
568
538
494
504
530
480
538
510
542
568
560
546
572
558
568
564
542
552
556
526
540
552
566
552
580
618
632
622
624
630
642
626
622
604
616
640
664
632
614
596
576
556
574
554
548
556
586
602
556
552
560
570
560
578
550
548
564
520
546
576
624
604
586
588
588
572
598
594
612
566
576
570
560
570
582
584
572
574
578
564
558
548
506
526
508
516
532
544
532
546
586
578
564
556
584
580
560
568
578
562
530
524
556
554
570
596
620
590
546
520
544
538
524
556
546
552
568
596
560
554
558
502
542
526
526
504
508
526
546
536
588
654
628
662
676
712
702
674
670
668
640
656
620
632
658
686
662
654
614
614
614
634
680
662
678
686
648
714
712
742
718
686
648
592
616
636
622
630
636
610
624
626
592
596
614
648
690
738
768
742
764
756
768
796
808
832
802
832
798
748
748
764
762
768
774
806
782
804
848
892
882
874
856
874
878
870
872
886
888
824
800
798
830
832
834
816
800
816
810
814
844
844
838
886
896
906
896
938
898
908
942
908
864
876
888
848
808
816
822
876
888
906
892
890
864
842
826
806
806
838
822
802
818
842
830
822
796
780
770
744
718
764
714
702
710
706
668
706
692
692
678
670
656
652
660
644
654
620
622
644
640
604
606
578
592
614
620
622
592
606
626
646
658
668
712
776
792
814
850
840
834
832
824
866
876
880
858
820
832
834
806
818
840
836
850
844
832
822
784
804
798
826
836
854
864
844
862
848
854
880
894
836
844
832
836
842
814
830
840
830
832
784
792
820
792
822
850
826
822
818
808
778
784
764
770
742
792
816
818
858
832
820
826
820
838
826
834
794
788
796
796
836
782
808
820
810
842
852
874
880
866
856
904
926
906
898
880
834
824
838
810
