816
828
824
826
840
860
814
818
818
808
838
856
890
892
888
906
912
908
888
894
882
896
906
900
904
920
908
912
852
890
882
894
894
870
870
890
928
920
918
922
908
916
916
902
906
912
894
896
916
914
894
906
906
914
924
932
940
900
864
900
898
892
894
922
922
912
908
892
872
868
860
868
868
884
894
914
906
880
884
886
880
868
864
902
902
930
868
894
912
950
944
960
942
956
924
914
930
910
884
878
910
916
906
878
866
880
942
938
960
958
944
930
944
930
934
898
898
890
868
890
848
842
892
900
910
940
942
924
912
898
900
884
890
874
888
924
914
918
924
950
938
928
900
886
880
880
882
890
862
846
828
830
848
876
858
868
874
886
894
902
896
906
940
926
920
912
910
898
898
884
886
880
902
856
838
864
888
924
926
930
948
932
946
936
916
944
954
946
912
900
858
878
888
886
880
888
896
918
920
928
948
940
920
884
910
936
904
888
890
872
868
888
886
910
920
962
954
964
936
928
928
906
900
876
904
942
924
934
900
880
878
836
858
808
812
844
854
842
814
838
880
862
880
892
880
880
898
916
886
884
900
882
898
874
860
904
914
902
900
882
894
868
878
870
846
870
906
952
960
968
962
948
958
940
932
944
902
928
950
936
944
944
944
914
912
912
920
930
938
952
918
890
890
896
906
884
872
868
856
882
860
866
874
910
934
896
886
888
874
882
888
916
912
912
904
922
922
912
918
944
942
966
950
938
934
916
898
914
918
916
898
898
892
896
888
890
872
888
892
896
904
870
894
866
882
900
876
894
894
914
946
922
920
902
944
946
918
906
884
868
862
872
844
858
828
838
870
860
886
872
864
880
880
888
906
926
910
906
910
928
918
906
898
876
896
864
852
892
878
894
882
874
912
896
884
886
874
874
870
862
868
876
882
880
872
844
848
848
862
900
868
824
830
842
870
912
918
896
896
878
896
872
870
880
880
920
934
926
934
936
934
956
952
934
914
906
878
908
908
884
888
892
900
900
862
880
900
890
840
836
864
862
870
888
882
874
892
872
882
868
906
890
900
908
918
884
916
910
890
864
890
916
918
920
942
930
902
890
910
928
920
932
918
904
904
908
900
890
892
884
880
846
852
884
920
924
928
920
924
918
924
914
922
926
894
904
890
892
942
954
940
920
896
870
892
896
924
900
908
920
940
944
918
922
902
912
908
898
886
896
920
926
946
942
946
944
954
962
958
926
944
954
952
954
934
934
934
924
918
928
938
918
916
906
882
898
884
866
866
910
910
908
898
882
894
872
876
878
858
866
846
830
848
838
836
842
862
842
868
860
910
888
912
918
928
882
878
846
848
878
926
922
882
924
916
910
918
914
942
924
898
930
904
900
934
932
950
906
900
930
944
932
898
886
904
864
858
878
910
884
894
902
884
866
866
888
868
848
866
894
910
886
872
902
900
892
904
916
888
872
876
942
942
946
952
938
944
938
960
954
966
950
928
932
944
930
950
926
926
922
938
918
902
930
938
872
866
902
894
870
858
844
846
874
872
866
882
868
906
914
914
888
864
874
870
886
868
838
836
840
810
836
828
824
800
790
800
836
828
800
800
798
814
824
818
822
828
846
878
904
900
886
864
866
886
890
914
890
882
864
882
860
868
878
878
888
894
862
846
844
822
812
776
784
778
770
760
788
780
752
762
778
800
820
800
792
776
786
768
770
754
782
768
768
800
806
776
768
754
796
834
828
824
806
822
806
798
782
766
776
776
752
810
846
858
880
840
822
800
796
802
794
786
794
782
790
806
756
774
792
800
790
802
768
776
792
782
764
742
790
776
786
792
796
730
758
756
764
742
734
756
772
810
820
864
880
872
862
888
886
858
896
854
884
876
876
864
840
818
836
810
786
830
868
884
904
896
870
866
866
828
856
864
884
890
882
854
844
866
856
860
880
892
868
868
876
866
866
862
850
842
834
886
870
890
878
914
896
870
862
880
914
906
914
908
912
910
916
932
888
898
864
862
874
850
806
838
862
862
872
902
868
876
860
882
862
872
904
880
872
864
888
882
818
774
796
800
836
832
866
904
906
930
924
910
896
900
862
890
888
898
884
896
872
900
882
918
882
866
852
810
830
834
850
820
868
852
860
836
874
858
874
874
848
818
838
852
820
820
810
820
822
844
880
884
914
872
880
914
906
890
914
892
874
896
854
836
866
836
866
892
888
858
870
898
876
922
898
922
928
920
900
874
858
838
822
800
752
746
700
694
700
706
726
746
750
786
778
760
766
818
830
860
870
884
918
956
932
934
928
926
924
910
872
892
880
862
886
866
862
876
878
870
876
850
864
874
852
894
888
870
834
844
870
888
890
876
900
920
886
882
856
898
904
904
842
822
860
860
894
908
908
918
904
902
854
870
878
888
896
910
910
890
898
894
884
870
896
860
850
886
896
888
860
860
856
836
814
812
824
810
778
792
766
766
740
714
712
722
756
750
766
746
744
776
764
766
740
732
720
696
714
714
758
742
764
756
750
750
744
776
806
790
798
804
808
820
884
858
876
886
920
916
906
904
914
904
876
900
908
888
858
846
852
854
884
878
886
896
902
888
904
924
928
930
938
932
904
892
908
882
912
928
954
964
926
926
918
906
910
878
874
908
916
876
872
870
876
906
884
894
866
892
892
914
906
862
872
874
884
864
852
856
864
908
866
884
910
908
872
844
858
828
812
800
824
856
858
870
850
854
850
844
872
904
884
870
844
864
868
870
854
872
840
828
826
814
850
860
834
826
810
814
806
828
870
808
836
854
820
836
820
826
796
774
794
802
828
828
858
870
878
890
878
866
850
870
852
862
866
862
856
870
846
854
890
904
888
920
908
916
922
914
928
930
894
928
916
906
940
954
946
934
912
904
888
898
958
940
926
918
926
902
904
882
908
896
944
910
916
948
950
928
946
930
930
896
880
890
856
878
896
886
892
934
914
896
886
894
912
918
924
916
918
958
932
946
922
932
938
936
946
946
910
910
906
924
926
914
916
934
924
914
918
908
928
926
902
900
884
886
928
940
938
922
922
912
902
880
888
890
892
900
912
890
906
918
906
894
910
894
894
892
900
886
910
916
948
920
910
908
910
936
934
914
912
910
930
936
906
894
884
898
912
904
874
854
854
856
848
860
884
886
876
872
878
884
876
860
848
886
908
914
920
918
920
928
922
910
860
848
870
888
828
864
890
876
898
874
892
852
874
850
858
878
886
892
896
902
896
910
930
886
876
844
826
784
820
834
828
788
814
824
842
856
862
854
876
842
888
886
894
916
914
894
890
916
948
958
958
936
938
914
876
860
844
856
862
868
898
880
896
904
894
862
894
898
872
826
848
838
830
810
812
832
816
822
812
808
806
842
758
754
774
738
716
712
714
724
764
756
784
804
808
824
824
832
826
786
772
784
812
802
814
810
782
774
826
838
812
826
830
822
796
810
808
788
826
832
820
792
780
796
812
844
880
906
920
902
916
900
886
922
934
922
918
912
938
914
924
936
920
924
894
886
878
910
896
898
906
908
910
888
888
906
890
918
906
906
914
918
932
952
934
918
904
924
918
906
928
930
930
902
914
922
894
892
894
920
910
886
882
868
864
884
880
864
836
852
836
840
822
812
802
796
834
844
844
852
866
872
854
912
916
904
934
892
908
922
926
906
894
902
910
902
910
874
876
862
874
868
866
868
826
834
838
812
820
840
848
844
856
850
862
854
870
866
864
858
812
800
824
862
902
894
878
908
922
902
908
908
888
906
922
904
940
944
912
926
898
902
892
892
900
876
878
898
922
926
916
902
896
904
932
926
942
942
924
930
930
906
876
874
882
860
842
886
902
870
866
866
870
872
898
924
942
900
910
910
924
928
912
920
912
906
938
946
922
888
868
902
900
896
898
882
880
868
814
846
836
858
864
808
850
868
876
898
888
904
902
884
876
854
846
860
892
924
926
926
922
934
942
928
940
926
902
898
892
882
856
856
856
840
832
872
884
858
858
886
854
852
874
878
890
902
860
856
864
854
850
844
834
874
858
880
862
886
876
890
880
882
866
878
880
906
916
912
934
932
894
896
904
918
878
904
866
870
884
890
878
866
838
818
818
808
824
830
832
880
870
850
868
854
858
850
824
848
852
854
846
836
826
856
884
894
926
916
936
916
892
890
868
884
854
892
874
886
898
882
864
894
882
878
896
912
918
872
900
866
890
884
856
878
876
874
856
908
890
890
882
888
890
902
908
888
888
892
872
868
886
890
902
882
900
888
914
900
890
892
926
932
928
900
876
878
904
908
890
896
876
850
832
840
808
788
776
816
890
868
842
890
890
894
912
914
924
932
922
914
924
920
908
922
898
910
888
900
892
898
864
882
876
898
890
886
912
908
902
904
916
900
868
870
890
902
894
916
906
912
896
906
910
918
934
942
912
890
858
842
896
928
942
932
918
906
912
918
908
906
912
916
924
926
956
942
948
958
932
898
848
846
860
898
900
880
858
852
886
866
872
900
896
874
846
864
894
882
874
844
842
