7618
7616
7506
7462
7412
7352
7324
7320
7334
7382
7420
7404
7340
7330
7346
7276
7326
7242
7260
7300
7216
7252
7198
7024
7042
7008
6890
6876
6892
7006
7146
7086
7068
7166
7068
7090
7010
7016
7058
7136
7072
7050
7154
7160
7146
7158
7136
7110
7124
7188
7214
7096
7128
7098
7172
7144
7168
7184
7198
7024
6952
7006
6950
7006
7116
7146
7066
7072
6940
7000
6944
6868
6888
6744
6804
6774
6742
6788
6792
6704
6662
6664
6666
6582
6534
6586
6556
6544
6618
6736
6670
6714
6830
6728
6776
6714
6738
6740
6730
6758
6728
6694
6684
6724
6618
6448
6406
6402
6436
6518
6610
6736
6650
6632
6652
6780
6706
6606
6698
6560
6656
6710
6774
6876
6898
7040
6934
7012
6940
6936
7122
7216
7104
6978
7012
6978
7044
7010
7066
7020
7080
7094
7066
7030
7166
7176
7256
7282
7316
7294
7332
7208
7214
7160
7050
7018
6996
7116
7060
7114
7128
7072
7022
7024
7230
7208
7312
7296
7296
7346
7290
7300
7260
7376
7314
7268
7246
7328
7250
7322
7282
7292
7260
7336
7306
7368
7368
7342
7324
7254
7326
7270
7314
7386
7352
7368
7364
7272
7352
7322
7282
7088
7110
7076
7124
7066
7124
7026
7138
7040
7016
7006
7062
7194
7124
7164
7172
7100
7042
7142
7182
7280
7318
7326
7350
7348
7342
7410
7302
7254
7268
7364
7434
7334
7310
7296
7268
7308
7236
7144
7278
7304
7406
7428
7374
7404
7492
7462
7510
7496
7500
7378
7334
7282
7310
7220
7134
7050
7084
7122
7044
7148
7090
7136
7214
7238
7248
7232
7212
7188
7180
7154
7232
7288
7226
7088
7174
7108
7116
7014
6990
7064
7080
7216
7346
7358
7340
7366
7472
7410
7404
7418
7454
7442
7480
7470
7334
7368
7422
7534
7484
7522
7466
7516
7470
7574
7574
7496
7518
7450
7488
7442
7412
7364
7410
7248
7260
7246
7188
7286
7402
7412
7386
7440
7492
7466
7552
7560
7562
7400
7454
7580
7550
7578
7560
7516
7484
7482
7484
7482
7420
7432
7534
7426
7442
7362
7502
7366
7414
7322
7302
7236
7272
7226
7144
7128
7194
7266
7374
7326
7272
7174
7224
7250
7180
7240
7358
7388
7348
7362
7298
7380
7374
7294
7220
7258
7240
7294
7334
7362
7336
7296
7256
7334
7338
7378
7402
7414
7448
7448
7394
7438
7340
7388
7450
7572
7514
7604
7540
7556
7576
7586
7574
7596
7598
7652
7784
7754
7780
7822
7784
7812
7688
7620
7492
7498
7484
7482
7452
7610
7586
7556
7550
7500
7518
7480
7576
7480
7384
7356
7252
7324
7334
7286
7220
7248
7254
7210
7226
7302
7414
7458
7506
7452
7398
7452
7470
7436
7370
7374
7500
7438
7400
7430
7462
7418
7386
7386
7468
7516
7576
7502
7532
7526
7456
7484
7442
7320
7278
7254
7274
7324
7336
7210
7326
7356
7262
7398
7412
7382
7390
7334
7306
7322
7428
7332
7276
7438
7508
7372
7432
7448
7304
7326
7292
7230
7252
7334
7308
7272
7198
7062
7060
6978
6938
7026
6952
6988
7026
6994
7018
6962
6986
7006
6972
6926
6926
6930
6854
6724
6850
6932
6754
6666
6616
6622
6672
6572
6528
6536
6604
6592
6594
6582
6610
6606
6558
6482
6538
6522
6422
6436
6534
6612
6624
6610
6620
6696
6680
6562
6550
6562
6556
6552
6492
6288
6278
6422
6408
6502
6570
6610
6534
6484
6536
6644
6620
6554
6674
6588
6658
6622
6656
6676
6806
6746
6694
6548
6650
6730
6556
6638
6576
6504
6580
6674
6744
6716
6678
6738
6716
6780
6682
6586
6636
6732
6850
6740
6576
6600
6660
6608
6702
6704
6724
6712
6708
6704
6712
6668
6586
6560
6582
6484
6628
6672
6582
6648
6524
6562
6594
6526
6530
6578
6540
6482
6472
6510
6618
6646
6694
6614
6460
6556
6634
6658
6646
6706
6668
6740
6520
6516
6418
6390
6382
6418
6366
6508
6416
6480
6436
6490
6498
6430
6364
6378
6488
6534
6532
6512
6514
6394
6348
6278
6284
6278
6270
6404
6484
6424
6396
6298
6310
6268
6282
6256
6170
6204
6038
6074
6082
5964
5968
5860
5878
5906
5848
5830
5906
6054
6174
6216
6190
6158
6202
6212
6076
6058
5944
5860
5940
5948
5952
6050
6004
5984
6052
6072
6062
6132
6250
6232
6288
6398
6264
6256
6198
6142
6284
6362
6436
6508
6548
6540
6576
6544
6574
6686
6666
6572
6638
6576
6604
6664
6760
6714
6842
7052
7062
7038
7018
6974
6932
7090
7104
7090
7122
7094
7076
6992
6942
7020
6964
6972
6994
7018
6968
6902
6974
6952
6886
6952
6954
6954
6960
6836
6872
6816
6876
6820
6806
6812
6960
6800
6762
6774
6752
6892
6844
6738
6670
6734
6574
6596
6602
6486
6464
6438
6402
6476
6468
6516
6580
6670
6534
6472
6358
6400
6278
6236
6284
6376
6308
6200
6408
6392
6492
6398
6496
6518
6512
6530
6576
6602
6638
6632
6622
6648
6554
6544
6574
6572
6412
6486
6480
6412
6464
6530
6594
6570
6542
6526
6452
6472
6396
6488
6514
6608
6714
6736
6722
6722
6790
6786
6736
6836
6728
6752
6810
6790
6820
6786
6750
6718
6908
6876
6792
6742
6810
6782
6752
6798
6752
6798
6708
6708
6634
6710
6700
6782
6818
6778
6872
6816
6854
6912
6918
6924
6858
6812
6690
6640
6644
6522
6566
6668
6678
6652
6656
6640
6576
6494
6468
6488
6364
6468
6412
6416
6286
6288
6264
6192
6342
6360
6418
6522
6498
6570
6556
6608
6532
6560
6584
6554
6526
6408
6386
6352
6470
6442
6524
6354
6272
6342
6420
6432
6544
6560
6666
6736
6776
6708
6654
6688
6674
6660
6706
6676
6642
6738
6650
6608
6512
6408
6424
6398
6382
6470
6494
6432
6352
6172
6180
6292
6264
6274
6140
5966
6064
6006
5962
5970
5894
6082
6160
6264
6344
6294
6410
6352
6386
6454
6372
6418
6562
6564
6558
6580
6604
6602
6670
6680
6754
6708
6674
6618
6692
6708
6740
6824
6672
6804
6820
6882
6928
6822
6884
6750
6794
6774
6764
6782
6872
6882
6816
6832
6838
6794
6678
6532
6632
6610
6522
6586
6518
6492
6488
6546
6620
6676
6796
6800
6812
6804
6694
6768
6690
6714
6824
6658
6700
6636
6696
6694
6774
6664
6644
6730
6640
6572
6630
6736
6824
6818
6874
6876
6846
6844
6830
6798
6766
6712
6696
6792
6754
6822
6824
6910
6862
6900
6972
7022
7062
6984
6964
6988
7040
7080
7036
7016
7218
7174
7250
7310
7194
7170
7152
7086
7074
7094
6980
7026
7064
6974
6940
6856
6736
6714
6690
6654
6680
6712
6666
6710
6586
6572
6618
6574
6550
6592
6648
6728
6638
6700
6688
6752
6752
6824
6676
6826
6760
6720
6738
6672
6772
6648
6698
6572
6510
6600
6630
6622
6632
6638
6740
6778
6828
6748
6590
6680
6536
6638
6696
6772
6904
6782
6776
6842
6922
6916
6860
6914
6902
6870
6872
6960
6896
7022
7040
7114
7072
7158
7172
7114
7058
7184
7062
6984
7008
7078
7100
7146
7140
7002
6900
6922
6922
6992
7050
6982
6998
7010
7082
7090
7012
7060
7094
7218
7142
7122
7094
7094
7086
7102
7110
7176
7182
7200
7258
7204
7242
7296
7184
7228
7234
7232
7178
7148
7152
7242
7248
7204
7346
7302
7396
7334
7288
7370
7324
7336
7424
7448
7428
7420
7420
7404
7468
7468
7384
7402
7396
7424
7466
7508
7608
7552
7542
7580
7606
7598
7624
7638
7642
7530
7530
7578
7636
7648
7676
7638
7652
7658
7654
7686
7666
7548
7480
7376
7376
7368
7300
7418
7346
7380
7264
7222
7288
7266
7452
7600
7584
7532
7614
7714
7706
7738
7696
7556
7526
7568
7498
7598
7582
7504
7496
7586
7568
7574
7536
7554
7540
7610
7532
7414
7436
7492
7400
7508
7476
7366
7296
7272
7216
7256
7172
7228
7302
7180
7196
7106
7238
7198
7176
7214
7214
7174
7206
7084
7088
7124
7162
7094
7146
7138
7224
7234
7292
7416
7354
7426
7332
7402
7292
7220
7224
7162
7032
7208
7324
7296
7346
7324
7362
7296
7376
7290
7358
7416
7390
7430
7380
7360
7384
7290
7302
7318
7412
7288
7300
7304
7434
7466
7396
7334
7350
7228
7298
7304
7288
7314
7302
7318
7342
7322
7246
7312
7368
7326
7266
7246
7200
7176
7284
7384
7358
7466
7558
7514
7582
7478
7550
7582
7528
7510
7552
7514
7518
7596
7602
7496
7478
7430
7474
7494
7478
7518
7538
7452
7394
7488
7508
7436
7408
7428
7266
7304
7218
7164
7338
7462
7514
7622
7624
7570
7534
7530
7512
7398
7420
7394
7324
7260
7480
7480
7358
7326
7266
7280
7290
7230
7166
7162
7220
7172
7140
7098
7046
7224
7178
7154
7084
7166
7160
7194
7110
7134
7094
7064
7166
7160
7036
6970
7040
7160
7062
7136
7112
7206
7284
7330
7392
7336
7296
7242
7086
7074
7102
7110
7110
7110
7052
7056
7180
7074
7124
7122
7152
7238
7164
7136
7146
7146
7248
7132
7100
7076
7118
7166
7136
7074
7094
7116
7130
7078
7092
7068
7042
7090
7006
7020
6970
6906
6908
6948
6880
6968
6940
7112
7098
7058
7142
7170
7200
7154
7144
7042
7108
7078
7060
7124
7128
7090
7136
7084
7184
7186
7238
7242
7174
7330
7192
7214
7292
7394
7354
7456
7424
7490
7506
7484
7442
7368
7356
7454
7406
7412
7440
7406
7398
7306
7364
7484
7546
7604
7530
7444
7406
7526
7474
7510
7434
7322
7410
7490
7386
7458
7410
7396
7570
7462
7488
7538
7502
7518
7426
7300
7232
7282
7246
7402
7386
7284
7350
7416
7356
7364
7294
7286
7228
7274
7280
7382
7300
7378
7416
7410
7306
7274
7202
7224
7274
7284
7228
7140
7102
7104
7124
7118
7142
7258
7202
7260
7204
7154
7180
7294
7304
7216
7182
7300
7390
7244
7426
7460
7298
7474
7482
7432
7474
7410
7348
7268
7316
7354
7218
7030
7094
7246
7188
7062
7010
7120
7060
6920
6858
6846
6814
6792
6948
6876
6884
6872
6904
6962
7066
7080
7100
7104
7018
7058
7128
7130
7126
7098
7008
7128
7142
7124
7044
7072
7110
7218
7110
7100
7168
7150
7174
7206
7214
7248
7200
7334
7218
7246
7200
7160
7260
7188
7154
7176
7160
7156
7260
7236
7378
7312
7400
7362
7360
7330
7342
7342
7312
7308
7364
7384
7444
7406
7484
7354
7372
7314
7376
7412
7314
7328
7278
7296
7426
7424
7316
7394
7330
7406
7328
7310
7366
7362
7310
7404
7368
7292
7400
7374
7392
7434
7260
7378
7304
7312
7414
7168
7164
7164
7204
7132
7182
7208
7292
7224
7296
7322
7304
7194
7234
7314
7360
7426
7418
7242
7160
7208
7248
7270
7414
7352
7220
7222
7282
7224
7256
7250
7218
7266
7240
7244
7314
7262
7372
7342
7342
7316
7350
7350
7320
7398
7582
7464
7564
7590
7552
7590
7592
7502
7492
7416
7510
7476
7412
7488
7542
7450
7356
7472
7456
7326
7260
7194
7376
7420
7382
7518
7538
7636
7604
7566
7502
7466
7434
7522
7532
7468
7448
7454
7384
7382
7368
7498
7478
7416
7428
7316
7324
7320
7164
7190
7052
6920
6988
7074
7112
7130
7062
6938
6944
6976
7000
7004
7020
7140
7060
7114
7178
7166
7146
7124
7194
7212
7366
7288
7300
7306
7278
7230
7168
7224
7140
7084
7048
7016
7068
7128
7012
7118
7136
7082
7132
7070
7062
7166
7202
7298
7344
7514
7488
7452
7358
7462
7478
7442
7474
7510
7474
7474
7578
7662
7616
7584
7416
7410
7400
7286
7318
7234
7186
7140
7122
7170
7192
7282
7202
7256
7184
7188
7094
7202
7200
7168
7090
7076
7200
7144
7138
7108
7146
7230
7228
7256
7244
7156
7264
7318
7286
7264
7300
7324
7380
7342
7370
7432
7438
7404
7434
7460
7460
7486
7436
7388
7436
7438
7368
7432
7448
7546
7518
7444
7452
7392
7366
7278
7300
7318
7362
7346
7382
7410
7422
7360
7414
7434
7460
7500
7480
7352
7330
7318
7368
7310
7400
7424
7460
7406
7410
7530
7432
7566
7636
7522
7440
7348
7432
7534
7512
7464
7474
7460
7464
7516
7442
7554
