924
896
896
920
904
920
912
904
926
944
928
898
892
868
840
860
840
854
892
870
866
846
846
832
802
818
830
850
828
814
800
806
802
774
770
760
774
776
794
798
780
762
762
776
774
782
776
780
748
702
696
730
720
756
800
794
814
846
828
818
792
812
830
798
802
788
786
774
764
782
744
770
806
822
800
768
754
726
760
740
706
714
700
716
732
764
768
784
814
836
824
844
854
840
848
828
852
846
824
838
876
862
868
872
912
906
906
902
902
874
868
896
900
900
888
892
874
858
882
854
850
868
820
794
834
816
812
836
824
792
776
790
768
752
746
762
770
750
740
718
726
698
690
674
686
714
762
780
818
826
828
854
862
866
820
828
834
818
768
778
776
816
826
784
806
814
796
810
834
836
818
848
858
852
850
854
872
860
890
894
920
916
916
932
932
912
874
908
900
898
890
924
904
908
878
826
826
834
816
816
858
856
868
870
862
860
880
874
854
870
880
916
884
914
908
884
882
906
890
882
894
938
912
884
884
878
870
878
888
878
896
906
904
898
916
894
878
848
842
864
860
884
870
846
842
838
824
786
760
736
712
720
692
656
658
644
656
648
586
600
606
618
654
644
660
694
732
730
758
768
780
784
790
768
718
734
714
748
774
758
748
716
738
774
760
762
746
768
812
820
826
818
858
886
856
892
852
826
822
840
862
874
900
892
878
854
866
830
842
858
852
836
868
846
836
820
820
810
820
824
824
824
820
844
842
842
834
812
776
760
782
822
830
886
904
924
910
890
902
878
902
900
912
922
928
920
920
898
890
874
874
896
914
908
934
930
930
926
888
880
860
846
850
894
874
886
866
882
904
884
900
902
908
900
924
918
896
904
922
902
906
890
908
910
902
878
870
920
912
910
914
898
896
902
896
914
916
948
918
932
940
932
936
924
892
912
886
872
854
854
866
874
870
830
852
860
860
886
864
850
868
852
832
832
856
880
898
890
916
912
914
940
942
904
898
890
888
878
884
882
894
898
880
876
890
890
896
880
902
916
930
906
882
884
882
884
898
886
872
910
890
864
878
868
820
824
812
826
842
854
872
890
914
916
922
934
936
926
894
878
888
858
878
894
932
916
916
916
892
908
892
902
896
916
932
932
896
906
910
892
882
864
856
868
872
852
914
928
924
932
926
870
866
832
826
830
864
890
882
896
866
866
882
888
890
878
884
878
838
842
834
854
892
862
836
864
858
836
836
850
834
838
848
864
872
878
878
862
810
824
846
830
866
876
890
886
912
882
864
836
834
836
870
890
910
910
898
898
904
912
892
892
892
890
912
900
902
896
872
860
840
868
874
868
868
890
888
902
868
910
902
902
902
878
876
876
884
898
920
894
886
874
892
874
880
880
872
900
876
876
878
832
840
842
850
832
826
842
820
832
822
800
792
794
776
784
780
816
836
788
808
800
800
812
840
826
852
844
840
816
832
826
854
866
864
846
858
830
852
870
888
872
868
836
866
838
816
814
852
836
852
852
852
850
840
820
836
818
822
834
878
910
882
908
944
930
908
902
914
894
852
848
840
860
872
880
832
866
872
894
856
866
848
848
782
842
874
860
868
880
882
900
900
890
872
868
900
900
908
896
900
902
910
898
874
874
874
850
866
912
896
860
896
890
896
890
896
890
892
896
918
896
900
854
846
862
890
876
854
872
890
898
864
864
878
890
932
896
860
832
832
862
840
796
816
834
830
850
830
808
828
808
778
832
824
856
866
898
914
922
894
886
878
868
874
894
908
912
904
872
870
854
864
902
908
922
918
934
902
914
884
886
898
890
864
878
892
920
936
936
896
896
866
864
910
892
888
896
900
896
864
866
866
864
890
896
878
876
888
908
908
918
926
914
910
928
916
918
924
894
912
884
898
894
852
848
880
872
902
902
904
870
842
846
852
826
832
846
822
828
816
846
850
844
856
870
858
858
880
888
904
892
874
890
908
892
898
890
908
908
884
900
894
896
908
872
862
880
868
886
890
872
862
832
788
816
858
878
896
908
872
866
880
870
886
856
862
868
854
838
850
828
842
838
834
822
824
820
848
874
854
868
850
820
840
790
786
810
806
798
784
804
836
846
830
856
876
894
876
866
892
876
882
898
890
830
836
844
912
928
928
898
918
908
866
860
840
816
826
854
848
864
886
890
882
882
878
886
888
868
890
874
872
898
916
920
894
922
940
930
934
942
934
892
936
924
930
906
898
888
838
852
882
896
878
870
878
896
910
896
902
884
902
932
902
932
888
870
848
838
826
824
862
838
814
820
788
792
790
814
818
822
854
842
798
774
766
750
760
760
764
730
766
758
752
768
744
728
750
722
710
692
674
684
706
680
666
678
664
656
668
676
688
696
736
772
806
784
782
828
832
832
842
818
850
826
798
824
832
860
838
844
852
868
878
872
870
850
818
800
818
814
816
830
818
844
864
870
910
892
874
866
916
922
918
914
932
960
946
960
930
908
898
918
934
940
944
932
924
928
910
920
914
890
868
864
866
876
868
872
888
888
912
922
940
936
932
894
906
886
898
918
910
930
902
882
890
896
884
890
912
898
904
914
880
870
838
876
874
894
888
906
902
894
894
888
890
866
862
866
878
900
852
852
828
850
878
878
932
930
936
940
922
890
888
914
922
926
952
908
902
874
858
862
902
902
910
874
866
858
884
856
878
890
874
862
860
866
850
822
856
840
824
824
798
808
800
806
814
840
878
888
912
892
896
902
886
900
890
920
916
930
936
926
928
928
934
916
880
914
924
926
926
922
944
944
922
922
912
906
914
908
936
932
916
900
914
924
908
886
852
852
876
882
908
898
910
900
856
870
846
856
854
838
852
880
866
860
828
834
802
828
814
844
854
830
814
846
884
862
880
886
874
922
926
918
892
922
912
940
928
940
938
942
908
892
896
894
846
850
856
840
824
838
834
838
870
882
884
876
890
888
882
922
914
902
868
878
892
860
868
876
854
882
886
894
910
888
872
880
882
918
916
900
892
866
878
918
892
898
868
826
818
818
806
802
816
834
850
866
866
890
880
880
898
894
896
896
932
918
906
892
928
914
888
894
892
880
866
912
942
916
918
900
878
880
876
854
854
840
838
848
860
878
886
900
908
888
892
870
860
886
882
900
904
896
894
884
898
892
842
872
882
886
900
932
910
910
884
872
920
940
932
934
916
910
868
898
882
878
906
872
852
826
802
848
876
874
844
860
868
872
854
874
846
824
812
774
750
770
754
694
688
688
718
690
720
742
772
758
746
780
752
748
778
802
768
794
774
784
798
792
788
794
846
834
840
852
858
852
844
836
838
842
852
862
868
836
836
846
852
828
830
852
854
878
850
882
886
896
920
914
908
890
880
910
888
902
922
918
882
908
938
936
898
912
860
874
894
900
910
918
914
932
864
896
914
912
926
920
924
924
942
910
900
936
914
872
870
900
882
908
932
932
910
882
860
866
886
910
866
834
824
826
846
866
852
854
838
864
868
876
880
902
882
914
884
878
874
878
866
906
924
914
934
940
902
882
936
926
896
892
892
852
856
814
818
802
808
824
858
850
852
838
816
844
858
868
890
872
872
902
874
886
884
890
896
898
862
852
848
868
854
884
860
836
812
832
840
866
832
862
842
818
862
878
858
886
854
858
860
860
856
856
882
874
886
860
854
856
848
822
822
798
810
830
850
862
882
868
872
864
908
900
880
890
916
894
890
882
888
896
874
896
904
874
858
862
874
884
892
874
888
892
874
858
866
850
888
908
922
866
834
878
888
896
900
894
880
900
858
870
862
872
864
906
908
844
860
856
844
848
848
860
866
890
894
922
920
914
852
846
850
854
862
856
848
834
830
826
826
840
818
804
864
858
796
766
732
742
772
788
768
814
862
880
918
944
936
948
948
946
934
920
914
898
862
880
838
824
838
854
850
868
884
882
882
870
876
854
860
874
882
874
852
864
886
874
858
852
838
800
834
848
858
884
900
912
904
884
904
930
900
954
962
954
932
920
900
856
876
854
826
786
782
794
786
782
764
738
738
696
686
746
766
754
772
774
780
806
806
806
832
830
830
818
850
856
820
838
836
852
838
838
830
814
828
838
784
778
806
786
786
798
824
836
868
850
824
836
836
844
886
918
918
898
886
904
906
878
874
886
870
884
912
910
890
884
926
934
892
862
866
856
868
830
840
832
852
854
832
836
804
780
800
818
864
890
890
880
882
846
844
840
874
844
826
834
802
804
790
830
848
864
854
868
844
844
862
864
812
794
808
850
868
846
860
872
878
860
884
886
900
924
914
910
842
850
834
870
850
854
878
814
838
854
824
828
810
812
830
872
862
846
832
800
814
788
788
762
818
832
832
836
802
836
878
874
878
886
874
888
862
874
876
856
868
836
840
864
828
850
802
758
760
770
802
830
810
786
768
752
760
800
796
834
820
818
808
838
882
862
868
894
860
866
852
850
866
868
890
910
918
908
886
876
870
888
912
926
924
926
894
874
894
862
910
918
924
936
936
930
918
888
902
904
902
878
872
868
