272
260
368
346
326
304
276
282
266
298
330
276
426
356
358
384
414
420
428
378
398
338
260
244
90
92
82
84
22
96
114
86
48
10
84
116
118
40
106
146
108
16
48
124
144
136
158
122
98
112
52
72
60
120
188
160
166
146
52
140
298
366
266
262
262
202
268
180
124
54
204
234
308
186
78
10
32
30
84
72
38
72
34
78
92
50
28
98
28
76
92
212
140
112
146
64
48
112
144
236
160
158
238
176
120
82
110
110
68
42
38
48
8
28
4
14
54
90
18
36
136
120
200
134
126
142
234
194
304
310
244
308
314
256
248
224
256
82
12
122
76
54
46
92
72
14
14
46
10
26
2
52
80
198
214
142
76
52
72
4
94
64
12
10
12
118
132
186
190
120
186
264
206
270
284
300
206
262
302
312
270
274
300
220
244
308
412
466
478
506
544
498
518
514
488
510
564
648
664
732
742
762
832
864
844
774
870
812
822
792
876
906
908
994
908
826
890
816
800
734
802
788
896
858
804
714
730
776
774
852
778
770
722
784
804
826
728
832
894
938
928
868
738
824
878
898
1034
1034
1062
1018
998
946
936
1034
1178
1200
1214
1236
1244
1182
1206
1220
1168
1222
1222
1122
1222
1170
1164
1112
1066
934
1030
1020
1040
1020
962
1010
1018
1014
1070
1090
1214
1160
1178
1238
1188
1206
1282
1268
1190
1234
1222
1270
1374
1406
1474
1564
1518
1584
1532
1484
1488
1526
1436
1432
1470
1414
1482
1434
1426
1502
1548
1556
1620
1734
1690
1634
1572
1656
1632
1600
1534
1462
1568
1432
1342
1390
1418
1462
1590
1592
1596
1662
1478
1400
1446
1440
1476
1498
1510
1560
1632
1678
1578
1628
1596
1572
1646
1692
1694
1590
1594
1668
1662
1874
1950
1948
1954
1930
1918
1914
1938
1898
1848
1894
1856
1906
1902
1982
2038
2054
2004
1872
1896
1890
1906
1802
1994
2060
1968
2050
2126
2090
2136
2086
2014
2040
2114
2210
2274
2252
2258
2234
2158
2180
2216
2234
2252
2296
2306
2258
2274
2248
2202
2162
2252
2246
2274
2228
2168
2188
2156
2202
2214
2238
2188
2136
2190
2166
2198
2174
2138
2168
2088
2048
2024
2026
1998
2000
1994
2044
1996
2002
1954
2008
2008
2022
2086
2088
2066
1994
2076
2120
2024
2058
2034
2012
2086
2084
2150
2146
2174
2236
2324
2238
2140
2128
2068
2070
2136
2204
2158
2092
2012
2028
2062
2106
2152
2202
2090
2078
2090
1980
1950
2050
2008
1948
2036
2056
1964
1830
1804
1718
1712
1716
1696
1672
1610
1726
1782
1612
1600
1554
1566
1614
1648
1476
1584
1634
1632
1596
1576
1536
1568
1604
1522
1400
1386
1336
1368
1430
1460
1454
1506
1462
1530
1402
1344
1502
1596
1648
1728
1674
1762
1764
1780
1842
1744
1782
1758
1820
1824
1816
1844
1862
1824
1694
1640
1630
1758
1790
1770
1820
1734
1680
1784
1752
1842
1822
1740
1744
1752
1778
1730
1766
1614
1608
1728
1798
1760
1704
1522
1624
1578
1638
1690
1702
1714
1698
1682
1670
1602
1594
1624
1618
1612
1666
1584
1528
1606
1570
1544
1578
1648
1608
1568
1600
1610
1558
1648
1748
1690
1578
1694
1716
1722
1738
1770
1826
1868
1800
1846
1818
1896
1870
1960
1978
2046
2066
2126
2056
2028
2040
2096
2088
2078
2018
2060
1964
1886
1828
1892
1810
1788
1736
1760
1758
1908
1880
1874
1826
1834
1778
1800
1880
1930
1882
1712
1748
1702
1626
1684
1736
1818
1918
1960
1958
2004
2034
2032
1990
1990
1992
1998
1978
1920
1898
1912
1928
1828
1798
1890
1818
1884
1814
1778
1738
1788
1800
1800
1756
1738
1772
1818
1750
1708
1686
1766
1738
1718
1566
1572
1608
1584
1508
1510
1602
1574
1610
1596
1612
1660
1668
1550
1520
1450
1460
1464
1482
1542
1526
1524
1514
1546
1504
1524
1460
1422
1344
1338
1436
1464
1528
1486
1498
1478
1530
1590
1708
1720
1740
1690
1664
1616
1624
1594
1596
1602
1620
1614
1646
1658
1706
1640
1398
1512
1520
1410
1418
1316
1368
1352
1354
1432
1354
1442
1558
1608
1590
1684
1684
1640
1574
1564
1548
1536
1528
1580
1614
1686
1654
1556
1556
1568
1474
1478
1410
1392
1362
1394
1394
1386
1450
1494
1526
1574
1590
1566
1650
1716
1696
1738
1712
1724
1760
1664
1612
1642
1668
1576
1570
1600
1522
1470
1514
1500
1516
1538
1506
1472
1418
1510
1508
1468
1390
1374
1428
1498
1474
1400
1402
1454
1570
1576
1414
1410
1440
1464
1408
1346
1364
1220
1138
998
1024
1040
1014
988
1102
1178
1146
1152
1162
1108
1060
976
1056
876
950
1006
1024
968
1022
1096
1090
1114
1080
1116
1104
1014
948
964
930
826
840
798
840
898
922
1006
992
914
882
998
958
970
904
862
924
948
1008
1098
1088
996
1080
1000
1090
1236
1128
1102
1156
1178
1116
1066
1012
1036
990
1000
1084
1032
1024
946
908
930
972
1130
1146
1168
1208
1186
1088
1130
1106
1176
1192
1264
1272
1252
1300
1262
1240
1324
1342
1378
1286
1278
1402
1422
1500
1500
1592
1664
1690
1712
1626
1604
1448
1482
1436
1516
1486
1408
1382
1416
1516
1452
1470
1352
1382
1408
1506
1468
1490
1414
1412
1330
1366
1394
1428
1378
1470
1514
1440
1494
1510
1626
1670
1732
1742
1804
1762
1736
1776
1784
1728
1770
1676
1762
1720
1700
1616
1534
1630
1602
1620
1566
1544
1626
1568
1628
1758
1646
1622
1696
1676
1608
1612
1596
1628
1758
1846
1832
1804
1710
1704
1752
1772
1650
1548
1590
1600
1628
1670
1490
1520
1538
1632
1666
1790
1856
1872
1892
1942
1934
2020
2004
2116
2040
1992
2058
2036
2044
1952
2020
2096
2168
2012
1984
1974
1892
1842
1850
1882
1888
1836
1782
1804
1968
1952
2046
2048
2026
1932
1990
1948
1946
1956
1954
1956
2126
2010
2036
2074
2054
2032
1918
1978
1966
1972
1946
2010
2000
1948
1966
1940
1952
1980
1998
1918
1942
2004
1882
1806
1758
1946
1976
1944
1974
1890
1922
1888
1844
1722
1794
1718
1726
1818
1860
1892
1970
1908
1800
1794
1852
1826
1826
1922
2010
2020
2074
2126
2210
2152
2196
2166
2130
2134
2210
2188
2204
2156
2062
2112
2198
2208
2334
2242
2312
2326
2282
2362
2420
2424
2394
2346
2312
2352
2410
2380
2424
2430
2458
2454
2416
2490
2442
2478
2462
2398
2426
2410
2356
2362
2352
2404
2438
2430
2430
2454
2376
2412
2396
2414
2362
2434
2348
2354
2354
2282
2284
2300
2360
2326
2432
2438
2366
2438
2518
2528
2566
2488
2554
2574
2606
2588
2562
2652
2634
2688
2706
2774
2856
2832
2700
2786
2770
2756
2798
2826
2884
2866
2844
2908
2914
2884
2820
2704
2688
2746
2752
2692
2756
2812
2702
2704
2738
2668
2588
2586
2594
2572
2594
2606
2600
2670
2676
2858
2786
2708
2774
2780
2658
2712
2742
2640
2652
2622
2666
2730
2848
2844
2812
2784
2838
2822
2936
2936
2928
2960
3002
3090
3034
2996
2964
2958
2948
2964
2964
2888
2886
2858
2802
2898
2838
2784
2818
2864
2906
2954
3004
3084
3014
2918
2948
2996
2990
2946
2834
2776
2918
2906
2912
2948
2908
2786
2752
2746
2690
2724
2790
2872
2830
2838
2876
2830
2798
2828
2778
2832
2778
2666
2720
2746
2760
2706
2658
2634
2512
2610
2528
2544
2496
2480
2592
2712
2648
2694
2560
2572
2546
2568
2586
2632
2620
2732
2730
2784
2738
2856
2778
2718
2618
2596
2610
2644
2644
2714
2696
2614
2642
2724
2684
2688
2576
2600
2562
2542
2574
2644
2604
2602
2642
2574
2622
2738
2732
2646
2654
2696
2748
2658
2616
2616
2662
2694
2558
2538
2498
2476
2462
2488
2470
2470
2556
2536
2616
2640
2596
2610
2582
2578
2646
2692
2658
2662
2670
2684
2792
2720
2718
2652
2770
2742
2774
2786
2760
2720
2824
2830
2784
2720
2640
2670
2708
2702
2710
2758
2766
2706
2738
2756
2776
2816
2890
2934
2980
2914
2934
2938
2950
2984
2986
3020
3082
3154
3172
3220
3086
3118
3124
3182
3102
3090
3074
3066
3000
2946
2984
2996
3004
2904
2896
2944
2918
2886
2942
2948
3000
3004
2968
3040
3078
3178
3120
3042
3108
3064
3030
3036
3012
2962
2902
2978
2878
2852
2832
2756
2662
2616
2660
2646
2624
2666
2740
2712
2696
2604
2622
2534
2556
2544
2516
2462
2520
2428
2538
2512
2552
2506
2476
2490
2496
2432
2474
2586
2638
2600
2558
2584
2550
2572
2566
2494
2516
2442
2492
2620
2640
2718
2732
2684
2696
2672
2634
2688
2598
2506
2528
2606
2636
2628
2620
2574
2582
2548
2592
2612
2610
2670
2612
2622
2594
2618
2608
2748
2756
2724
2750
2840
2808
2728
2692
2764
2798
2704
2642
2644
2650
2534
2544
2530
2556
2496
2496
2574
2566
2490
2412
2466
2514
2494
2434
2510
2496
2404
2338
2368
2340
2380
2446
2416
2398
2498
2478
2434
2482
2488
2492
2498
2372
2316
2326
2260
2288
2310
2396
2356
2310
2232
2178
2164
2140
2016
2012
1882
1870
1834
1788
1844
1926
1888
1934
1936
1924
1944
2086
2090
2032
1930
2002
1946
1880
1822
1896
1924
2006
1958
2038
2000
2036
2092
1996
2034
2108
2170
2140
2060
2052
2074
2196
2150
2220
2246
2222
2272
2340
2362
2404
2332
2326
2274
2254
2266
2276
2312
2294
2214
2196
2134
2176
2170
2084
2142
2178
2196
2080
1978
2002
2066
2090
2130
2130
2210
2210
2158
2212
2210
2232
2288
2262
2292
2262
2296
2266
2230
2214
2258
2382
2322
2318
2438
2384
2358
2396
2448
2488
2372
2402
2360
2300
2312
2270
2218
2208
2176
2252
2258
2206
2146
2052
2052
2098
2078
2094
2102
2218
2294
2392
2360
2422
2422
2454
2458
2374
2400
2420
2324
2394
2344
2384
2318
2308
2380
2258
2242
2246
2284
2270
2246
2204
2280
2294
2342
2300
2282
2458
2508
2480
2474
2444
2422
2456
2336
2316
2322
2266
2202
2178
2170
2138
2124
2022
2036
2144
2174
2172
2278
2332
2318
2232
2186
2218
2240
2228
2136
2054
2026
2044
2014
2116
2122
2120
2110
2054
2106
2154
2128
2176
2182
2272
2330
2290
2340
2334
2376
2362
2352
2418
2388
2312
2312
2324
2326
2380
2490
2388
2392
2286
2386
2394
2486
2546
2542
2546
2440
2394
2466
2536
2532
2532
2592
2518
2512
2570
2490
2534
2494
2548
2540
2624
2604
2648
2584
2564
2578
2534
2496
2460
2382
2356
2266
2258
2306
2226
2242
2218
2244
2174
2212
2194
2180
2132
2106
2064
2054
2192
2220
2188
2166
2204
2202
2162
2208
2198
2228
2296
2322
2454
2376
2404
2420
2420
2480
2402
2348
2396
2286
2442
2450
2420
2392
2440
2332
2274
2296
2344
2308
2292
2316
2186
2132
2050
2016
2016
2026
2082
2084
1978
1932
1918
1964
1992
2014
1986
1910
1802
1824
1804
1720
1728
1696
1742
1772
1750
1720
1774
1694
1742
1762
1754
1792
1758
1746
1706
1642
1528
1554
1510
1416
1430
1502
1462
1438
1434
1384
1372
1308
1442
1542
1506
1560
1504
1514
1476
1588
1560
1536
1554
1588
1830
1880
1812
1826
1818
1804
1766
1766
1814
1794
1812
1828
1938
1904
1852
1878
1860
1912
1884
1890
1876
1816
1922
1948
2002
1976
1938
1830
1592
1564
1664
1570
1558
1608
1494
1578
1616
1624
1646
1612
1586
1582
1578
1566
1634
1604
1616
1628
1654
1644
1730
1668
1650
1706
1736
1684
1678
1708
1700
1676
1698
1690
1678
1668
1690
1684
1622
1666
1638
1604
