1246
1190
1180
1218
1148
1116
1228
1212
1246
1306
1302
1314
1378
1290
1294
1212
1052
1068
986
926
920
932
1022
1078
1002
906
1054
1138
1134
1108
1228
1196
1230
1238
1176
1142
1114
1136
1228
1300
1340
1234
1158
1026
1060
1014
1110
1078
958
904
878
866
898
944
966
978
928
962
984
1064
1044
1062
968
1044
1108
1132
1192
1220
1256
1268
1288
1210
1306
1272
1220
1284
1178
1134
1162
1094
1018
1052
1172
1240
1212
1176
1120
1186
1066
1072
990
920
846
840
822
804
706
682
694
780
672
762
704
878
838
880
778
892
962
932
888
1004
1018
1028
950
1084
956
980
884
872
872
870
878
872
910
980
942
928
1164
1052
1124
1068
998
1134
1112
1170
1128
1084
1170
1122
1198
1222
1352
1310
1400
1470
1474
1476
1420
1460
1456
1488
1508
1462
1436
1392
1410
1360
1440
1308
1316
1354
1386
1326
1260
1290
1202
1260
1256
1272
1298
1240
1306
1228
1298
1258
1276
1406
1270
1232
1168
1170
1102
1154
1008
1014
964
902
966
950
1030
958
970
946
942
742
756
834
770
822
714
720
652
692
696
786
778
796
862
918
888
870
848
828
748
732
804
996
1038
1052
1116
1148
1184
1162
1228
1242
1344
1408
1330
1338
1336
1504
1376
1274
1284
1300
1394
1422
1424
1448
1404
1446
1368
1436
1330
1328
1340
1400
1334
1452
1558
1542
1556
1410
1432
1498
1622
1598
1650
1626
1530
1416
1276
1356
1388
1292
1330
1334
1340
1400
1436
1436
1510
1532
1458
1454
1368
1410
1380
1426
1356
1370
1390
1496
1558
1524
1590
1564
1526
1444
1474
1540
1536
1518
1518
1498
1524
1556
1510
1614
1586
1478
1502
1494
1516
1490
1514
1558
1536
1642
1722
1676
1662
1740
1752
1646
1556
1542
1474
1472
1378
1484
1516
1698
1662
1700
1630
1790
1660
1634
1636
1734
1738
1700
1658
1752
1668
1612
1602
1570
1576
1548
1588
1478
1460
1458
1470
1498
1610
1538
1580
1668
1706
1780
1778
1858
1986
1880
1854
1762
1642
1558
1434
1526
1576
1464
1408
1382
1300
1198
1092
1020
1082
888
926
940
1084
1086
926
1002
1066
962
896
882
786
762
814
654
636
494
450
450
468
330
266
290
316
332
296
302
250
216
172
136
158
176
106
94
118
190
138
224
368
390
504
538
564
532
524
500
406
548
518
584
706
766
730
760
640
702
746
740
754
754
812
832
996
976
988
1002
932
958
1036
968
914
870
880
872
822
884
906
814
824
856
814
704
762
680
804
706
680
716
768
662
670
712
726
750
784
790
726
822
804
842
792
692
608
640
626
672
668
630
642
648
732
846
842
960
874
784
888
822
824
792
772
848
856
938
932
1060
1042
1032
1118
1118
1034
986
994
1022
956
1006
960
880
894
884
952
960
810
782
674
646
612
590
644
608
586
454
350
366
236
270
322
380
356
256
292
250
360
322
328
340
366
344
320
346
404
402
396
476
446
452
600
662
740
752
672
730
776
820
784
804
800
844
870
892
806
882
950
970
966
930
886
970
928
1016
1074
1066
1116
942
954
854
880
868
748
754
724
622
708
694
766
734
702
764
700
664
632
596
552
592
626
640
632
626
696
704
778
764
790
808
816
722
686
520
592
630
612
684
626
668
700
628
596
618
602
730
740
806
756
750
682
664
722
740
704
656
702
722
680
672
684
624
654
576
598
644
624
668
556
578
624
636
702
734
834
910
892
1052
1082
1050
1076
1064
1102
1082
1126
1216
1214
1224
1112
1114
1152
1160
1140
1262
1212
1142
1114
1070
1124
1096
1076
1094
1124
1110
1210
1234
1264
1224
1242
1292
1336
1212
1044
966
930
1074
1070
922
926
1048
990
1018
930
940
882
872
918
942
962
962
904
856
878
906
984
962
912
938
920
1000
1028
1054
1016
1022
1048
1042
1022
924
958
838
820
870
830
854
804
766
734
750
606
712
784
756
804
812
800
756
740
736
736
794
804
768
804
840
734
848
868
928
952
934
914
960
900
958
976
1004
1112
998
1106
1064
1128
1092
976
758
780
894
938
894
906
858
840
926
814
798
878
880
814
858
882
808
852
864
912
1044
1070
1070
1060
1014
986
986
926
960
1006
1128
1108
1058
1108
1112
950
932
918
856
842
852
824
774
764
860
886
946
948
1010
1010
976
970
978
1028
1052
1026
1138
1142
1156
1146
1168
1118
1222
1358
1386
1228
1244
1270
1256
1326
1284
1332
1298
1278
1282
1200
1194
1142
1144
1042
1098
1100
1118
972
924
984
1030
1000
1018
1092
1092
1112
1136
1094
1080
1112
1098
1166
1176
1230
1198
1068
1074
1026
1036
988
1078
1008
906
898
880
844
828
838
810
874
884
876
806
726
802
746
890
868
786
802
792
720
710
630
568
584
572
530
644
636
638
612
622
626
678
738
710
648
612
684
696
684
612
618
672
558
564
580
608
526
420
328
282
270
212
146
16
152
218
206
284
382
504
462
364
442
374
394
534
534
518
486
448
434
408
318
284
258
366
346
404
314
384
396
366
328
180
82
104
100
182
340
334
444
512
546
532
534
514
422
284
218
226
122
160
164
110
100
36
108
122
140
94
122
168
202
262
154
186
164
164
126
20
90
58
58
32
62
194
264
380
300
226
194
190
194
166
168
210
226
248
344
308
370
316
224
254
296
428
364
390
290
260
294
338
294
212
106
24
26
68
120
6
18
96
38
4
42
50
78
214
266
208
196
218
278
314
330
260
106
86
94
240
132
202
198
16
52
84
20
40
112
60
116
32
86
150
156
184
180
200
268
322
200
274
270
268
368
380
404
348
304
242
368
376
314
226
294
284
184
220
190
238
286
160
188
230
128
34
6
82
42
130
30
30
88
18
18
54
74
80
154
90
112
110
110
56
68
104
108
122
224
242
196
124
70
6
6
2
26
114
14
74
52
16
174
174
192
112
104
90
50
32
36
26
84
48
24
64
122
78
108
84
110
140
228
164
238
274
284
212
268
330
400
384
412
458
554
472
416
354
458
332
226
226
224
258
272
208
70
130
134
56
86
194
348
296
180
184
246
240
218
184
114
132
32
58
6
68
92
190
62
32
150
260
272
234
214
168
250
356
272
350
464
428
430
340
386
304
364
310
274
222
220
298
322
358
414
418
430
322
342
242
308
316
266
172
350
372
304
360
350
302
330
424
444
402
328
332
278
306
414
444
604
566
552
622
664
814
816
894
850
796
952
910
926
896
866
854
776
726
830
826
736
784
796
772
732
796
798
850
1018
996
988
986
980
998
906
890
862
830
866
856
876
1038
990
1072
1126
1128
1148
1096
1010
996
1160
1104
1116
1212
1214
1270
1176
1152
1154
1120
1096
1122
1062
1026
972
960
924
930
928
786
740
814
724
728
762
736
818
744
686
610
592
608
604
490
518
584
560
578
822
854
830
796
828
782
746
666
666
644
692
810
832
948
906
874
978
944
948
1060
1026
1022
920
816
818
724
586
610
552
554
444
494
380
418
354
414
522
556
574
620
598
662
604
534
428
350
310
500
502
590
630
648
606
598
562
516
622
514
592
588
542
564
636
552
632
550
548
512
632
572
548
596
558
714
694
680
688
748
650
692
748
898
1016
1038
1124
1196
1236
1268
1400
1462
1450
1426
1374
1496
1432
1482
1434
1430
1352
1444
1376
1410
1240
1244
1158
1060
992
1114
1088
1132
1138
1064
1178
1208
1148
1046
1006
1128
1102
1228
1184
1198
1170
1056
1050
1006
1000
982
980
988
1002
1036
1020
976
950
1014
1016
1034
1054
1060
1100
1154
1064
1058
952
960
952
944
870
906
958
996
988
884
960
918
908
938
954
1052
1146
1184
1090
1298
1362
1296
1296
1232
1242
1192
1158
1034
1010
1008
902
926
916
910
886
970
1030
988
1010
944
1008
1010
1172
1064
1044
1084
1108
1006
1052
1084
1208
1118
892
852
856
916
918
934
962
1022
998
980
936
910
1002
912
866
914
912
990
892
818
700
776
806
758
770
834
730
698
708
712
696
812
702
894
956
1048
1078
966
964
958
1062
1090
1068
1128
1178
1158
1170
1210
1150
1150
1220
1250
1338
1244
1380
1364
1382
1374
1368
1248
1390
1308
1304
1306
1384
1336
1312
1360
1452
1346
1290
1270
1364
1354
1398
1474
1546
1412
1532
1480
1466
1502
1422
1400
1480
1390
1452
1500
1474
1430
1322
1304
1258
1344
1278
1258
1248
1312
1360
1276
1246
1240
1344
1382
1388
1386
1370
1382
1486
1440
1384
1450
1422
1426
1400
1460
1386
1338
1292
1320
1314
1394
1432
1458
1424
1406
1448
1394
1486
1400
1596
1684
1586
1480
1408
1430
1558
1518
1476
1432
1394
1336
1424
1590
1518
1522
1586
1628
1520
1346
1288
1328
1370
1408
1352
1394
1550
1486
1436
1472
1426
1548
1562
1562
1550
1564
1698
1504
1594
1544
1506
1460
1422
1514
1452
1500
1492
1492
1580
1580
1500
1488
1434
1400
1334
1278
1226
1248
1190
1220
1256
1240
1158
1254
1158
1174
1198
1282
1390
1336
1326
1324
1392
1496
1488
1420
1436
1532
1576
1560
1546
1570
1684
1690
1786
1748
1832
1878
1848
1882
2016
2132
2066
2058
1898
1938
1910
1928
1916
1794
1870
1880
1888
1988
2022
2036
2018
2046
2008
1984
1964
1992
1960
1932
1996
1904
1716
1750
1868
1900
1842
1848
1894
1884
1924
1934
2030
1938
1926
1904
1770
1776
1678
1610
1532
1520
1542
1590
1672
1780
1818
1828
1864
1926
1864
1898
1906
1980
2012
1920
1892
1966
1866
1788
1832
1874
1926
2012
2006
2088
1974
1944
1968
1996
1988
1984
1954
1906
1898
1942
1794
1774
1660
1688
1596
1538
1568
1474
1502
1516
1480
1596
1560
1486
1530
1584
1608
1536
1604
1680
1600
1692
1684
1718
1714
1734
1852
1820
1708
1764
1790
1830
1892
1834
1900
1878
1918
1918
1994
2018
1974
1874
1796
1774
1868
1736
1730
1734
1784
1770
1758
1754
1766
1688
1620
1728
1682
1672
1786
1832
1824
1748
1762
1682
1846
1880
1900
1824
1804
1790
1786
1784
1952
1888
1932
1848
1864
1850
1868
1854
1890
1930
1952
1800
1784
1738
1732
1696
1698
1628
1652
1754
1654
1784
1836
1870
1880
1844
1896
1818
1722
1706
1714
1626
1646
1650
1614
1786
1776
1824
1928
1806
1834
1876
1906
1846
1894
1860
1878
1906
1978
2044
2028
2006
2038
2096
2164
2222
2144
2166
2152
2086
2088
2212
2162
2022
2032
2036
2026
2074
2076
2130
2078
2058
2034
2036
2062
2056
2012
1988
1960
1916
1854
1876
2014
1924
