3518
3394
3448
3542
3470
3292
3144
3202
3178
3216
3176
3116
3190
3054
3022
2988
2880
2874
2880
2814
2884
2856
2852
2690
2808
2956
2968
2956
2946
3102
3158
3120
3058
3160
3234
3248
3340
3410
3516
3580
3586
3492
3522
3414
3366
3392
3392
3580
3410
3410
3406
3564
3526
3486
3478
3488
3442
3192
3110
3074
3030
3170
3042
3070
3064
3008
2918
2932
2956
3020
3014
2970
3022
3084
3162
3036
3004
3114
3156
3094
3098
3050
2978
2996
3054
2928
3012
2866
2882
3036
3048
3032
3068
2952
2922
2786
2778
2760
2908
2886
2864
2998
2870
2816
2874
2684
2632
2590
2652
2708
2642
2650
2652
2582
2452
2578
2624
2574
2556
2550
2478
2626
2610
2662
2678
2778
2674
2774
2822
2908
2948
3102
3076
3188
3258
3234
3310
3282
3246
3046
3042
3128
2988
2818
2800
2742
2834
2950
2902
3078
3060
3164
3234
3154
3246
3162
3232
3266
3118
2998
3002
3120
3120
3068
3084
2924
2996
3104
3100
3166
3156
3282
3280
3226
3240
3270
3250
3280
3172
3222
3462
3408
3262
3230
3216
3230
3186
3186
3228
3228
3344
3366
3274
3384
3348
3432
3332
3238
3446
3386
3496
3372
3280
3338
3478
3444
3364
3594
3502
3604
3630
3734
3642
3706
3638
3730
3526
3584
3528
3572
3766
3766
3818
3870
3826
3792
3920
4102
4116
4082
4152
4274
4346
4228
4186
4146
4240
4234
4062
3946
3860
3848
3738
3742
3826
3782
3956
4052
4150
4090
4060
4118
4066
4182
4240
4272
4200
4136
4216
4286
4440
4622
4636
4660
4538
4362
4304
4202
4174
4160
4078
4098
4134
4110
4062
4028
4060
4064
4028
4110
4084
4020
3958
4082
4070
4184
4058
4036
4150
4074
3948
3968
3970
3962
3888
3782
3730
3664
3762
3636
3678
3566
3490
3464
3442
3566
3416
3260
3226
3174
3188
3134
2952
2920
2800
2720
2774
2952
2912
2914
2878
2930
2940
3102
3144
3372
3350
3404
3540
3626
3450
3474
3420
3496
3550
3466
3242
3144
3130
3104
3118
3030
3008
3144
3288
3358
3230
3196
3144
3016
2950
3006
3080
3094
3002
2898
2852
2682
2776
2928
2880
2894
2866
2734
2712
2670
2792
2862
3062
3006
3070
3182
3210
3078
3114
3046
3050
3030
3080
3134
3014
3034
2860
2834
2938
2874
2780
2880
2808
2776
2662
2454
2580
2550
2540
2462
2544
2732
2794
2712
2698
2704
2608
2782
2752
2592
2466
2436
2496
2418
2432
2464
2452
2496
2494
2498
2514
2422
2234
2320
2394
2310
2450
2408
2428
2314
2358
2314
2248
2198
2152
2030
1954
1954
2024
2028
1914
1954
1982
2062
2012
2050
1934
2088
2262
2450
2374
2452
2326
2314
2248
2230
2190
2196
2284
2148
1988
1870
1894
1890
1888
1934
1850
2044
2090
2042
2106
2172
2218
2390
2330
2496
2446
2512
2396
2420
2302
2284
2188
2104
2100
1970
2160
2118
2072
2080
2170
2180
2248
2164
2252
2212
2188
2088
2206
2380
2470
2524
2516
2670
2660
2654
2522
2560
2714
2550
2516
2656
2674
2622
2586
2572
2504
2580
2548
2630
2768
2600
2506
2552
2466
2464
2514
2436
2552
2400
2482
2604
2748
2860
2612
2730
2692
2478
2488
2532
2482
2520
2440
2448
2380
2330
2404
2516
2468
2482
2304
2240
2184
2332
2206
2240
2278
2270
2204
2116
2192
2232
2186
1980
1916
1928
1754
1712
1778
1670
1588
1656
1786
1710
1544
1644
1706
1684
1688
1720
1826
1838
1910
1974
2002
2056
2056
2204
2186
2208
2214
2256
2308
2280
2392
2128
2084
2048
2072
2006
1978
1954
1790
1868
1880
1996
2154
2290
2150
2094
2054
2040
1956
1910
1944
2026
2200
2208
2324
2294
2360
2314
2292
2234
2206
2126
2248
2170
2128
2054
2050
2344
2278
2218
2222
2358
2464
2526
2394
2408
2452
2482
2446
2654
2590
2536
2570
2390
2380
2210
2212
2236
2210
2216
2084
2114
2048
2066
2058
2024
2054
1878
1872
1836
1866
2010
1928
1988
1936
1954
2054
1932
1830
1946
1864
1840
2018
2078
2040
1902
1846
1932
1906
1874
1812
1708
1640
1832
1992
1922
2018
2080
2042
2130
2160
2272
2232
2098
2204
2218
2174
2318
2366
2186
2112
2110
2202
2190
2194
2154
2010
2048
2108
2124
2240
2218
2246
2284
2168
2252
2156
2208
2178
2196
2146
2060
1968
2040
1936
1742
1696
1850
1946
1766
1710
1762
1774
1650
1630
1644
1816
1802
1852
1976
1896
1850
1780
1860
1754
1838
1990
1804
1636
1462
1462
1626
1654
1682
1654
1688
1632
1788
1750
1598
1542
1592
1590
1670
1722
1568
1566
1700
1678
1544
1608
1820
1890
1750
1718
1762
1752
1906
1990
1896
1890
1864
1906
1820
1860
1824
1910
1642
1666
1670
1462
1432
1640
1572
1672
1700
1702
1744
1836
1696
1744
1684
1642
1602
1524
1504
1456
1540
1602
1600
1422
1274
1288
1234
1244
1228
1272
1110
862
874
736
728
750
686
654
716
776
924
940
820
848
824
836
838
816
800
1058
1228
1196
1166
1098
1114
1108
1022
1044
1108
1162
1146
1120
1002
924
998
1002
1004
1016
1012
1030
1038
1024
1084
1058
930
840
866
1014
972
904
1042
1222
1196
1360
1426
1410
1468
1572
1616
1610
1592
1470
1420
1442
1440
1546
1330
1348
1326
1502
1578
1714
1708
1624
1698
1860
1868
1976
2126
2172
2292
2248
2264
2268
2254
2282
2292
2306
2336
2266
2200
2298
2292
2240
2270
2366
2334
2398
2286
2356
2392
2384
2334
2308
2144
2166
2242
2134
2182
2168
2242
2200
2246
2352
2546
2570
2484
2508
2580
2570
2726
2562
2582
2704
2724
2642
2660
2576
2626
2742
2696
2514
2554
2556
2516
2518
2684
2638
2722
2678
2540
2648
2580
2716
2762
2826
2782
2758
2792
2858
2614
2544
2614
2540
2492
2532
2438
2398
2222
2234
2252
2360
2414
2406
2462
2396
2526
2564
2620
2638
2770
2806
2844
2686
2654
2584
2436
2352
2452
2520
2646
2448
2642
2522
2422
2468
2620
2760
2774
2900
2902
3028
3056
3088
3040
3072
3266
3418
3418
3246
3110
3084
2958
3096
3108
3102
3028
3022
2932
2990
2916
2920
2742
2522
2420
2456
2474
2472
2452
2520
2480
2554
2428
2492
2358
2422
2412
2414
2598
2660
2672
2774
2714
2668
2814
2900
2862
2684
2754
2788
2754
2868
2898
2710
2726
2766
2744
2746
2676
2552
2544
2480
2538
2518
2562
2560
2624
2668
2686
2648
2592
2610
2742
2642
2680
2718
2728
2714
2736
2568
2578
2464
2456
2472
2476
2574
2598
2482
2568
2510
2686
2548
2428
2394
2466
2356
2302
2354
2288
2360
2290
2418
2386
2444
2398
2510
2434
2404
2316
2324
2220
2184
2106
2212
2338
2512
2564
2692
2868
2790
2762
2792
2808
2790
2944
3012
3126
3244
3304
3274
3330
3420
3448
3388
3496
3478
3606
3584
3694
3666
3718
3686
3916
3912
4020
3940
3744
3796
3944
4056
4016
4060
4096
4056
3918
3850
3790
3786
3724
3814
3798
3826
3928
4094
3980
3908
3844
3866
3950
4004
4090
4180
4120
4160
4144
4196
4080
4076
4128
4092
4016
4208
4188
4066
4044
4116
4132
4104
4124
4072
3998
3930
3868
3864
3986
4054
4176
4080
4142
4184
4216
4224
4214
4174
3950
4042
4148
4154
4184
4138
4048
4012
3994
3986
3974
4004
4044
4050
3992
3862
3852
3954
3798
3812
3660
3682
3704
3642
3842
3900
3926
3862
3820
3898
3832
3830
3804
3888
3762
3868
3798
3792
3650
3730
3682
3814
3712
3702
3838
3790
3822
3814
3806
3836
3820
3870
3976
4026
3982
4068
4104
3994
3870
3730
3636
3612
3550
3620
3566
3562
3528
3568
3530
3352
3458
3418
3478
3536
3606
3566
3614
3540
3428
3402
3410
3516
3394
3492
3430
3516
3552
3590
3638
3666
3598
3588
3542
3572
3368
3420
3458
3342
3478
3426
3596
3638
3504
3664
3788
3794
3732
3616
3714
3672
3750
3806
3914
3938
3836
3824
3822
3868
3864
3870
3948
4034
4060
3918
3950
4034
4110
4098
4198
4152
4192
4092
4180
4210
4154
4128
4176
4254
4052
4198
4292
4252
4116
4018
4084
4054
4040
3936
3904
4042
4258
4312
4278
4220
4260
4262
4266
4198
4246
4218
4160
4154
4186
4316
4236
4274
4112
4260
4184
4222
4240
4376
4130
4074
4038
4124
4128
4224
4176
4208
4266
4216
4182
4130
4028
3956
4004
3970
3910
3990
4064
4170
4252
4232
4120
4116
4004
3966
3934
4020
4116
4050
3948
4058
4138
4246
4112
4218
4254
4090
4066
3986
4090
4116
4332
4186
4290
4142
4018
3948
3948
3850
4102
4004
3964
3788
3718
3606
3628
3590
3472
3434
3384
3232
3324
3318
3310
3416
3360
3400
3240
3310
3374
3380
3318
3434
3516
3398
3342
3326
3298
3300
3206
3268
3340
3200
3328
3358
3378
3486
3396
3348
3364
3274
3298
3066
3212
3192
3106
3124
3248
3316
3222
2988
2928
2978
2928
2878
2996
3094
2938
2654
2666
2660
2680
2700
2692
2640
2640
2554
2648
2554
2404
2334
2084
2076
2056
2076
2118
2182
1992
1964
1822
1868
1828
1948
1904
1932
2008
2032
2120
2026
2070
2034
2122
2138
2144
2234
2176
2182
2246
2142
2152
2114
2228
2276
2386
2382
2392
2284
2144
2080
2108
2138
2048
1988
1812
1862
1796
1820
1622
1626
1692
1660
1556
1638
1634
1524
1524
1546
1542
1420
1338
1304
1206
1206
1136
1140
1198
1200
1430
1470
1412
1334
1480
1438
1470
1554
1462
1552
1508
1418
1508
1444
1504
1576
1650
1638
1666
1822
1834
1910
1922
1794
1868
1694
1572
1514
1648
1698
1762
1826
1674
1676
1686
1616
1752
1718
1636
1684
1578
1504
1516
1598
1564
1536
1510
1632
1462
1458
1512
1480
1384
1334
1348
1350
1248
1336
1232
1250
1168
1180
1244
1216
1218
1220
1198
1322
1262
1318
1374
1452
1232
1178
1214
1136
1054
942
1214
1234
1274
1350
1302
1270
1180
1134
1058
972
1036
994
1122
1202
1028
1162
1156
1074
988
852
802
754
786
850
948
860
896
1014
1000
898
836
612
660
694
648
660
526
386
422
454
518
546
552
602
648
750
764
894
1024
1026
992
982
1146
1246
1162
1144
1310
1480
1490
1510
1454
1710
1608
1572
1438
1428
1332
1266
1062
1046
1044
1112
1092
1048
922
892
974
952
714
594
720
740
878
806
784
952
930
946
856
858
728
620
558
476
482
480
278
316
334
386
292
286
276
272
270
248
272
386
462
494
546
566
500
516
522
386
408
342
372
550
450
576
610
456
516
646
604
664
592
442
492
520
608
560
436
430
338
322
204
32
84
70
188
120
24
240
198
230
254
160
304
378
272
334
256
278
238
204
310
214
278
406
344
334
468
540
520
574
422
444
394
398
518
604
734
868
946
760
766
628
666
716
766
778
600
618
594
632
630
808
778
824
678
646
588
550
676
784
682
656
784
740
834
664
692
758
774
690
772
802
888
666
774
840
966
912
912
772
878
926
908
818
608
574
626
684
700
786
800
804
938
924
894
934
948
970
912
950
918
918
910
858
798
864
996
938
978
904
768
840
912
934
922
834
742
724
832
762
634
782
908
958
974
1060
1176
1134
1294
1394
1460
1352
1428
1344
1400
1514
1564
1578
1548
1496
1480
1456
1422
1596
1512
1406
1326
1334
1384
1398
1358
1218
1294
1402
1388
1426
1376
1316
1178
1130
1200
1134
1012
1030
1070
1132
972
1000
880
866
874
954
848
788
918
854
788
724
734
840
940
912
888
886
818
900
958
894
1056
1004
1124
1072
1130
1212
1232
1288
1364
1620
1626
1526
1542
1522
1686
1658
1638
1548
1540
1482
1584
1704
1726
1696
1734
