40
46
50
70
28
114
86
88
54
102
102
140
178
116
96
100
74
28
60
18
36
62
82
172
50
110
86
96
112
94
110
166
116
76
218
186
224
168
28
26
16
30
60
68
22
38
136
146
178
184
106
158
114
44
24
32
12
84
72
18
16
14
68
32
68
98
22
74
38
56
38
54
50
90
22
130
130
110
44
100
156
122
168
282
352
348
350
356
294
240
288
302
384
410
436
450
464
348
322
228
132
114
56
138
138
134
124
38
28
70
66
146
136
276
266
362
280
140
138
124
152
218
198
132
6
48
14
70
32
16
104
144
86
86
88
30
142
30
38
94
10
150
84
68
118
48
48
4
104
128
124
104
76
92
114
194
198
190
216
272
250
194
166
158
224
242
254
228
320
264
116
88
116
126
116
110
146
128
188
164
198
196
180
162
52
60
74
34
46
68
26
124
114
108
56
48
134
100
120
62
230
208
252
158
26
94
138
84
122
136
134
14
120
188
116
164
234
244
268
146
192
152
240
294
358
390
376
344
322
386
326
330
286
416
484
526
540
502
452
414
530
538
464
544
508
494
558
588
570
532
498
580
590
656
686
764
838
862
878
794
746
728
760
624
586
596
470
546
636
602
624
646
724
666
508
554
410
448
366
462
522
480
568
436
408
366
378
440
392
386
398
420
360
410
360
374
234
322
242
180
54
44
20
60
20
46
6
26
34
32
28
6
28
26
18
58
98
80
28
116
52
20
142
136
110
68
136
86
154
58
124
62
78
50
26
110
160
26
58
162
138
90
26
72
70
58
66
28
68
16
74
34
124
142
190
204
194
108
84
6
10
54
132
110
58
110
2
16
70
66
80
30
66
84
164
164
160
146
128
76
10
42
46
30
54
4
8
8
36
18
70
104
8
40
44
88
76
60
58
192
154
122
52
48
140
166
216
68
126
4
138
226
54
76
56
186
274
210
186
310
352
312
318
218
100
140
92
118
220
110
166
102
128
88
6
10
26
110
120
44
98
190
216
176
114
234
258
288
378
236
248
326
312
446
488
436
422
510
516
536
372
378
434
296
318
294
244
168
36
34
4
18
30
28
114
22
102
28
68
40
60
174
248
226
240
154
136
28
74
20
104
152
170
146
128
200
144
184
276
252
220
242
354
310
360
366
330
378
260
422
448
520
408
326
534
530
480
518
456
596
528
406
298
258
370
378
348
322
358
334
268
362
242
206
306
264
412
448
540
508
462
436
396
340
332
366
370
314
262
228
170
160
172
102
192
130
114
126
70
4
14
82
100
182
148
186
184
258
294
290
360
432
438
406
410
388
360
332
268
294
334
372
292
248
258
252
216
274
198
108
240
376
356
380
260
174
182
86
70
96
196
172
100
120
204
328
298
346
308
372
374
428
512
540
614
588
550
458
468
350
204
338
442
378
372
408
328
236
184
230
230
232
152
140
48
116
2
216
220
212
166
166
168
162
190
116
28
32
116
62
18
56
92
26
10
76
76
122
86
6
12
18
90
128
130
140
182
150
138
70
88
140
190
204
250
98
140
164
238
286
376
414
484
446
408
378
324
250
308
410
452
420
302
228
310
322
284
336
282
226
328
282
170
240
268
260
126
20
24
8
86
18
8
120
246
144
144
124
34
70
64
206
226
258
160
234
262
454
492
450
430
438
334
298
352
408
380
342
354
204
152
210
144
114
126
24
98
64
48
124
70
20
80
6
212
102
266
166
204
202
162
158
168
104
14
38
48
50
4
20
86
66
72
168
86
102
82
20
90
22
28
114
134
118
164
114
2
62
32
8
50
48
72
36
76
104
28
24
4
28
42
76
90
120
174
206
294
226
110
50
78
26
64
48
68
68
104
140
158
80
46
56
176
64
140
166
200
382
250
240
210
222
244
162
68
56
24
8
100
90
158
50
16
102
164
202
156
162
134
16
22
4
16
20
58
70
108
90
102
122
52
62
60
14
8
2
48
166
164
218
222
176
348
384
214
180
230
200
118
166
226
388
250
354
238
204
62
128
132
150
202
170
218
262
356
468
492
308
330
444
454
344
212
164
148
236
212
258
198
190
112
64
40
26
24
106
92
18
50
92
112
182
292
360
388
328
348
360
408
394
298
300
400
462
520
650
658
586
568
526
576
592
590
684
652
678
546
592
538
442
422
468
544
514
560
446
474
544
404
504
392
480
502
436
408
406
396
498
478
412
364
336
300
384
338
218
200
202
124
38
52
46
56
68
16
2
52
104
108
2
6
34
102
188
230
290
206
206
322
366
358
502
564
540
478
458
652
536
512
494
520
522
488
600
632
562
552
550
538
558
508
364
302
312
262
158
226
298
242
362
244
142
232
234
252
276
278
296
340
306
352
380
352
514
526
486
546
400
424
392
362
322
298
298
230
180
54
14
66
76
30
70
138
146
138
112
82
12
26
38
42
98
6
26
2
16
0
90
212
230
150
166
250
192
74
108
58
22
114
118
136
50
76
168
146
152
66
148
100
86
136
166
184
172
208
186
220
262
422
368
392
264
196
178
212
188
246
380
398
312
276
340
540
534
568
448
476
550
640
682
678
690
714
666
510
510
500
696
772
728
828
852
916
914
900
768
844
896
798
896
726
718
730
700
710
676
806
830
894
880
810
756
680
624
670
562
568
450
432
434
436
440
482
422
510
592
682
624
498
402
404
518
428
460
454
480
562
600
570
552
716
680
732
798
728
726
690
662
600
600
514
488
408
338
470
390
406
392
290
408
468
480
392
376
328
320
320
258
312
228
198
214
236
228
190
236
232
208
204
198
110
174
210
218
184
170
162
330
296
298
244
218
160
174
198
154
160
214
460
524
540
494
496
470
382
320
290
342
308
364
330
358
328
190
198
176
210
216
272
246
338
426
490
396
350
418
430
430
440
502
432
494
372
344
356
274
402
580
590
654
596
622
564
418
412
386
404
378
370
408
428
438
484
530
534
574
676
648
604
556
532
636
554
536
410
442
518
588
510
450
476
390
284
308
218
226
226
302
394
404
452
300
286
330
374
406
392
336
274
32
42
52
72
170
210
184
370
378
266
174
248
294
402
352
372
334
304
296
248
288
286
172
290
244
390
446
362
346
300
248
140
146
180
18
36
142
58
56
142
86
106
12
46
144
212
64
24
32
52
126
116
232
126
38
6
40
32
128
226
260
406
430
404
290
360
350
350
430
444
358
254
212
148
46
58
186
332
302
264
262
106
158
226
240
320
416
438
366
302
246
176
254
268
334
454
466
478
562
606
622
744
682
780
842
730
798
784
836
990
992
964
926
1022
988
1090
1128
1070
1066
1116
1128
1196
1152
1288
1052
936
986
892
1008
1006
1070
1152
1114
1088
1214
1246
1232
1172
1070
1144
1076
1122
1046
1162
1100
1026
1198
1138
1134
1182
1176
992
964
904
1050
902
920
872
1038
1024
980
914
956
994
1036
1066
1130
1136
1222
1168
1150
1236
1412
1280
1190
1196
1106
978
894
1010
986
912
918
1034
1066
908
828
806
816
742
684
704
776
730
738
694
702
644
496
556
498
380
310
312
310
276
234
288
246
364
320
304
438
560
634
514
640
716
730
734
738
770
704
510
504
462
470
626
620
566
564
678
778
704
708
690
726
700
604
480
394
412
400
370
350
354
384
360
316
238
240
278
246
202
150
64
48
166
226
360
368
384
460
432
504
452
514
402
378
368
310
340
302
272
216
214
188
194
24
112
124
126
30
186
240
106
54
36
66
178
104
24
36
84
34
48
74
130
66
120
180
170
76
20
0
20
66
32
94
156
150
168
152
194
286
320
348
328
222
184
358
438
404
348
348
320
364
534
540
472
298
218
346
314
372
300
300
300
278
428
530
554
438
396
366
276
242
242
268
314
258
344
292
186
278
326
306
204
186
268
362
340
294
344
306
316
372
356
338
292
216
172
242
108
90
68
58
60
84
116
274
266
208
126
170
218
238
300
302
206
188
278
106
28
64
20
10
88
64
92
32
12
48
2
14
44
28
36
30
102
112
188
162
194
182
190
52
54
42
90
160
266
204
222
156
98
118
170
68
90
122
34
64
22
242
160
186
134
154
132
52
102
152
198
292
314
262
284
330
288
216
224
178
190
80
50
6
58
40
80
192
248
260
318
376
372
346
320
348
388
378
324
380
422
540
496
502
610
548
432
536
610
610
520
512
546
502
464
486
438
428
356
278
250
226
222
292
198
188
198
336
318
386
376
416
546
486
422
376
412
302
288
270
308
310
378
312
298
276
298
284
204
306
358
454
426
288
310
264
216
284
278
296
210
266
242
142
80
14
28
98
62
6
0
80
108
96
116
212
190
168
266
316
394
304
278
236
236
156
184
220
114
62
50
48
60
42
78
68
88
48
70
142
154
164
48
8
32
76
218
136
222
64
72
98
158
156
208
134
130
118
130
136
168
106
116
112
104
72
94
10
124
94
206
192
168
94
156
226
166
120
174
222
402
282
260
332
238
302
372
308
246
220
184
220
106
116
168
176
108
236
290
252
184
230
190
232
236
224
168
162
134
66
0
38
156
244
316
344
398
348
264
270
160
206
154
242
350
354
318
290
