3268
3274
3252
3260
3240
3180
3184
3208
3218
3134
3246
3292
3224
3192
3204
3236
3286
3322
3236
3308
3288
3314
3302
3256
3192
3172
3086
3126
3102
3192
3204
3206
3236
3260
3194
3132
3118
3140
3074
3142
2986
2966
2944
2952
2880
2818
2792
2790
2802
2826
2780
2786
2760
2832
2792
2804
2814
2712
2762
2784
2796
2764
2806
2732
2692
2702
2746
2650
2644
2666
2634
2636
2640
2610
2694
2680
2640
2766
2768
2770
2712
2718
2630
2708
2768
2750
2810
2806
2796
2750
2850
2746
2790
2810
2774
2778
2716
2720
2742
2686
2680
2606
2754
2752
2716
2684
2742
2776
2890
2854
2856
2844
2872
2816
2840
2812
2800
2812
2754
2678
2732
2762
2746
2726
2746
2704
2678
2648
2620
2640
2632
2632
2672
2564
2616
2636
2636
2540
2618
2688
2658
2664
2678
2824
2742
2726
2696
2726
2786
2740
2776
2768
2710
2730
2794
2804
2872
2924
2878
2906
2922
3034
2978
2958
3008
2996
2960
2964
2968
3012
3044
3026
3036
3038
3028
3008
2964
2990
2950
2930
3004
2908
2940
3034
3070
3024
2994
2978
3002
2930
2934
3012
3036
3026
3064
3076
3110
3210
3230
3228
3184
3244
3284
3244
3278
3382
3378
3314
3334
3296
3294
3336
3296
3372
3330
3312
3378
3366
3390
3388
3326
3376
3336
3340
3402
3366
3402
3400
3468
3498
3446
3468
3430
3394
3454
3430
3428
3386
3350
3364
3388
3404
3374
3360
3390
3410
3416
3326
3346
3322
3252
3240
3254
3262
3238
3264
3236
3236
3326
3318
3264
3288
3336
3238
3172
3144
3190
3206
3212
3230
3212
3208
3284
3260
3200
3082
3044
3064
3114
3164
3118
3116
3122
3090
3208
3212
3166
3228
3168
3166
3088
3074
3014
2962
2924
2910
3020
3082
3210
3168
3232
3226
3252
3170
3278
3312
3304
3334
3294
3254
3298
3314
3346
3424
3384
3334
3398
3402
3468
3460
3462
3428
3378
3432
3430
3372
3376
3380
3426
3522
3506
3518
3490
3430
3358
3400
3348
3334
3398
3378
3424
3412
3424
3396
3400
3398
3374
3350
3326
3308
3420
3390
3322
3318
3294
3258
3292
3294
3292
3328
3392
3384
3416
3334
3242
3178
3218
3242
3202
3178
3146
3182
3202
3184
3142
3192
3236
3214
3262
3238
3128
3198
3198
3196
3142
3136
3092
3108
3182
3148
3086
3070
3052
3016
3088
3124
3120
3090
3114
3072
3090
3112
3086
3090
3124
3092
3012
3032
3102
3120
3122
3064
3140
3186
3152
3186
3136
3172
3188
3250
3244
3234
3180
3162
3156
3212
3188
3166
3176
3356
3312
3310
3344
3380
3398
3384
3400
3410
3418
3338
3324
3352
3356
3222
3208
3242
3240
3218
3264
3308
3280
3284
3240
3306
3270
3260
3272
3220
3218
3224
3286
3338
3332
3278
3284
3278
3254
3196
3166
3160
3154
3134
3154
3046
3000
2938
2934
2896
2898
2940
3074
3118
3204
3238
3182
3212
3200
3244
3168
3214
3258
3264
3226
3218
3242
3234
3214
3282
3260
3284
3256
3280
3226
3226
3214
3216
3266
3366
3322
3340
3392
3334
3354
3394
3492
3464
3478
3456
3508
3428
3462
3428
3480
3400
3416
3360
3370
3408
3414
3422
3446
3418
3438
3396
3346
3380
3408
3344
3342
3332
3334
3292
3294
3296
3394
3360
3300
3246
3232
3246
3226
3194
3198
3136
3182
3172
3164
3178
3156
3202
3130
3074
3062
3048
3066
3110
3212
3194
3228
3256
3220
3244
3288
3240
3260
3270
3222
3286
3298
3286
3242
3190
3216
3264
3242
3302
3316
3280
3274
3326
3276
3216
3280
3328
3308
3286
3292
3330
3354
3362
3420
3388
3362
3440
3418
3430
3380
3360
3480
3426
3460
3420
3354
3364
3422
3376
3372
3358
3412
3388
3354
3288
3288
3232
3168
3166
3136
3198
3180
3160
3108
3044
3058
3104
3158
3140
3078
3042
3090
3004
2994
2930
2822
2908
2944
2924
2968
3032
3036
3052
3090
3104
3036
3010
3032
2956
3004
2902
2972
3010
3086
3060
3076
3042
3042
3066
3072
3128
3062
3040
3022
2996
2958
2956
2976
2970
3024
3072
3124
3122
3098
3126
3088
3156
3168
3184
3184
3200
3170
3232
3232
3214
3244
3258
3352
3390
3338
3282
3258
3212
3202
3156
3140
3166
3130
3180
3156
3130
3116
3066
3014
2950
2964
2906
2884
2878
2930
2990
2940
2934
2860
2788
2732
2692
2712
2798
2768
2806
2790
2810
2780
2810
2762
2766
2792
2814
2844
2858
2870
2958
2868
2846
2882
3022
3020
2994
3042
3106
3158
3112
3116
3138
3100
3122
3202
3162
3222
3260
3260
3318
3298
3284
3260
3252
3230
3276
3246
3248
3278
3296
3302
3330
3324
3270
3304
3262
3270
3252
3232
3268
3242
3262
3336
3332
3354
3312
3226
3248
3324
3324
3324
3314
3380
3398
3364
3416
3402
3462
3470
3404
3422
3458
3416
3374
3394
3410
3412
3404
3360
3352
3388
3392
3302
3272
3304
3282
3310
3320
3352
3328
3284
3328
3268
3190
3210
3166
3190
3200
3306
3266
3278
3270
3266
3242
3198
3144
3198
3150
3200
3148
3150
3292
3192
3194
3246
3202
3286
3332
3382
3338
3338
3272
3236
3172
3146
3078
3122
3094
3122
3048
3030
2978
3158
3170
3208
3126
3178
3232
3230
3232
3204
3222
3240
3262
3326
3346
3292
3264
3244
3274
3254
3238
3330
3352
3326
3394
3392
3404
3368
3230
3292
3316
3360
3358
3328
3448
3434
3388
3348
3402
3340
3378
3398
3354
3412
3394
3380
3436
3416
3348
3392
3436
3426
3394
3408
3402
3404
3362
3392
3388
3372
3328
3390
3440
3426
3398
3420
3464
3428
3502
3504
3470
3536
3468
3458
3492
3432
3460
3340
3278
3292
3312
3388
3222
3228
3232
3276
3300
3250
3144
3132
3238
3218
3224
3212
3164
3110
3156
3216
3202
3254
3328
3392
3388
3430
3378
3390
3396
3328
3302
3318
3338
3292
3270
3256
3236
3234
3236
3232
3226
3200
3182
3158
3138
3226
3182
3146
3116
3190
3174
3160
3138
3242
3206
3254
3328
3294
3296
3340
3378
3362
3342
3326
3308
3240
3284
3142
3184
3236
3314
3342
3248
3170
3092
3228
3134
3092
3090
3124
3064
3096
3172
3206
3200
3184
3168
3092
3036
3140
3078
3106
3134
3102
3072
3128
3114
3056
3054
3044
3100
3120
3072
3000
3042
3102
3166
3200
3194
3142
3194
3154
3112
3078
3096
3114
3104
3160
3126
3118
3108
3182
3270
3242
3204
3168
3202
3168
3216
3260
3264
3386
3398
3380
3320
3296
3290
3348
3304
3334
3370
3264
3274
3326
3300
3384
3356
3318
3242
3280
3286
3224
3220
3252
3266
3146
3018
3018
3068
3030
3058
3050
2992
3044
3036
3018
2962
3002
3030
3046
3090
3176
3234
3198
3194
3184
3116
3190
3090
3210
3192
3190
3200
3168
3208
3172
3104
3130
3084
3108
3086
3040
3038
2986
3040
2916
2976
2958
2946
2990
2980
3046
3068
3116
3156
3122
3152
3044
3068
3022
3014
2916
2894
2908
2884
2904
2936
2990
2936
2948
2804
2892
2922
2964
2958
2958
2864
2956
3014
2968
2992
3008
2920
2862
2870
2850
2866
2930
2908
2862
2810
2810
2874
2924
2976
2958
2986
2912
2802
2728
2678
2756
2740
2738
2692
2640
2658
2740
2686
2630
2610
2588
2640
2550
2494
2402
2424
2404
2408
2482
2488
2488
2392
2292
2248
2212
2214
2244
2252
2270
2348
2348
2346
2384
2416
2424
2432
2476
2428
2472
2458
2406
2446
2440
2486
2450
2510
2428
2426
2426
2390
2326
2412
2404
2430
2444
2418
2394
2324
2266
2268
2296
2260
2168
2256
2146
2172
2062
2130
2132
2198
2228
2182
2158
2098
2038
2078
2050
2078
2112
2140
2080
2068
2088
2064
2170
2180
2166
2168
2272
2314
2318
2336
2212
2266
2320
2354
2320
2330
2428
2612
2620
2660
2668
2696
2760
2810
2860
2812
2878
2856
2790
2762
2786
2876
2874
2876
2984
3028
2976
2960
2884
2916
2966
3042
2948
2968
2978
2902
2948
2984
3008
2970
2858
2934
2942
2876
2812
2800
2802
2822
2808
2810
2834
2804
2784
2824
2782
2770
2834
2876
2816
2872
2820
2814
2826
2740
2756
2738
2758
2806
2746
2740
2818
2822
2858
2862
2814
2820
2900
2882
2838
2810
2878
2872
2818
2842
2790
2712
2678
2602
2630
2638
2656
2636
2562
2586
2544
2544
2590
2628
2556
2544
2530
2494
2550
2546
2548
2508
2522
2474
2492
2524
2444
2518
2480
2442
2480
2518
2542
2520
2526
2522
2418
2430
2392
2412
2372
2382
2384
2394
2440
2432
2436
2394
2388
2354
2482
2500
2506
2530
2544
2590
2620
2652
2656
2684
2682
2750
2692
2634
2628
2534
2536
2548
2520
2586
2470
2486
2508
2562
2638
2666
2652
2616
2648
2608
2596
2586
2576
2642
2650
2612
2576
2616
2682
2712
2758
2774
2686
2554
2524
2554
2608
2688
2648
2714
2754
2752
2752
2626
2656
2686
2770
2704
2726
2764
2746
2698
2676
2738
2754
2740
2798
2804
2820
2760
2758
2776
2738
2678
2732
2738
2732
2738
2802
2702
2694
2758
2810
2814
2848
2798
2798
2824
2794
2824
2872
2834
2794
2780
2778
2822
2910
2970
2974
2980
3076
3060
3018
2986
3028
3090
3060
3016
3052
3038
3026
3084
3004
3056
3076
3098
3012
3002
2994
3026
3064
3052
3000
3006
2960
3020
3068
3060
3170
3190
3252
3202
3162
3160
3134
3086
3102
3034
3122
3092
3060
3040
3058
3042
3106
3104
3076
3072
3056
2994
2962
3012
2976
3006
2990
3052
3074
3008
3026
2960
2976
3042
3030
3196
3212
3204
3192
3172
3194
3152
3104
3148
3164
3108
3074
3136
3098
3086
3096
3160
3166
3206
3250
3222
3220
3188
3172
3176
3206
3274
3254
3222
3190
3088
3150
3088
3064
3052
3094
3084
3188
3164
3182
3090
3144
3104
3066
3036
3094
3050
3132
3082
3084
3032
2982
3030
2976
3070
3050
3060
3120
3138
3148
3112
3116
3118
3082
3092
3162
3072
3058
3082
3060
3090
3084
3010
3074
3102
3048
3092
3068
3050
3022
3010
3006
2974
2890
2864
2924
2946
2956
3022
3066
3018
2894
2786
2862
2932
2798
2838
2824
2888
2860
2854
2948
2916
2982
3056
3056
3008
3070
3114
3108
3130
3056
3080
2988
3024
3106
3146
3156
3202
3140
3092
2966
2848
2892
2900
3020
3012
3102
3124
3048
3022
2894
2862
2884
2966
2986
3048
3050
3028
3080
3064
2970
2956
2980
2964
2992
3062
3032
3002
2978
2986
3018
2950
2996
3000
2938
2948
3044
3130
3024
2986
2930
3058
3138
3082
3068
3030
3024
3138
3138
3058
2974
3036
3046
2998
2996
2982
3002
3000
2972
2966
2940
2924
2964
2944
2940
2978
3030
3026
3144
3210
3216
3182
3228
3290
3316
3342
3342
3292
3290
3238
3262
3270
3218
3252
3224
3232
3188
3200
3166
3166
3242
3322
3342
3274
3296
3232
3282
3244
3234
3344
3444
3434
3386
3382
3424
3360
3370
3428
3488
3536
3482
3406
3328
3304
3318
3324
3320
3332
3324
3360
3332
3334
3358
3302
3318
3256
3278
3220
3252
3226
3250
3250
3184
3224
3198
3216
3196
3084
3108
3116
3092
3064
3102
3092
3140
3140
3108
3138
3128
3152
3262
3328
3352
3346
3322
3328
3306
3340
3354
3310
3388
3296
3348
3442
3384
3402
3410
3444
3430
3460
3432
3422
3442
3428
3434
3434
3416
3474
3358
3352
3318
3258
3320
3334
3380
3380
3382
3382
3356
3428
3448
3462
3444
3480
3498
3436
3360
3368
3350
3258
3226
3196
3276
3384
3438
3410
3292
3312
3262
3350
3340
3332
3318
3276
3300
3242
3312
3272
3276
3332
3310
3372
3350
3384
3328
3330
3370
3370
3380
3418
3420
3466
3472
3454
3452
3416
3376
3264
3214
3282
3356
3398
3376
3372
3350
3418
3428
3410
3418
3354
3338
3376
3396
3344
3256
3316
3276
3220
3244
3214
3242
3194
3222
3276
3264
3218
3240
3196
3214
3226
3254
3170
3144
3086
3114
3060
3084
3150
3132
3080
3086
3050
3086
3078
3110
3202
3124
3114
3214
3282
3248
3286
3274
3270
3266
3178
3154
3186
3254
3230
