232
176
144
176
134
90
6
6
70
160
190
94
72
104
66
14
70
24
66
84
80
40
36
36
60
138
144
118
130
162
150
164
136
142
194
292
276
258
208
170
212
172
160
182
244
212
236
246
224
232
228
150
168
212
238
248
274
278
258
246
210
258
260
236
232
192
110
64
102
126
194
116
128
130
160
124
126
166
130
66
98
146
148
186
200
150
190
164
178
142
166
202
282
250
220
156
164
234
240
286
310
292
302
324
256
286
280
278
284
346
308
354
352
320
300
310
334
370
418
396
370
354
378
416
448
472
442
466
486
512
466
480
492
582
548
542
566
498
470
454
504
458
480
472
448
428
418
394
342
334
352
392
340
328
380
432
444
450
472
532
512
478
466
438
408
370
346
360
356
368
416
450
434
444
462
460
456
422
432
364
322
348
338
304
354
450
444
428
484
492
466
488
458
466
392
370
356
310
328
356
388
344
276
220
250
238
224
178
200
164
204
236
266
218
244
248
302
286
252
252
270
278
278
278
220
172
176
112
166
120
138
178
120
112
144
280
300
208
192
100
118
114
152
60
58
72
94
78
48
34
68
82
34
4
26
92
62
66
108
82
132
202
190
254
240
276
342
272
266
236
266
290
326
338
292
292
244
244
254
262
234
212
198
160
158
148
104
92
70
112
86
70
12
44
14
64
24
10
14
2
8
32
50
50
8
30
28
6
90
70
104
74
96
98
116
72
102
90
110
64
62
12
12
22
60
16
48
86
114
74
24
34
16
6
0
10
10
48
44
28
16
68
68
18
6
36
28
42
24
48
24
0
20
92
54
52
88
70
54
82
82
78
60
26
18
30
4
6
40
12
0
26
18
6
0
24
56
108
96
134
132
182
240
260
200
236
244
152
158
168
152
170
202
192
146
192
184
182
214
254
270
290
324
342
330
376
374
346
356
358
382
346
326
314
314
330
300
236
166
160
170
194
208
260
262
240
228
244
222
256
224
194
182
188
126
154
152
148
174
196
158
96
96
92
72
120
170
176
166
128
136
210
184
160
176
198
160
150
182
190
210
182
140
118
72
90
98
44
32
56
50
30
30
4
2
6
40
94
92
54
62
40
82
36
10
60
18
36
20
10
82
72
34
4
44
50
88
100
102
132
148
148
140
200
180
218
198
168
222
254
238
292
294
270
262
286
220
190
224
238
252
234
190
228
228
222
232
206
224
174
184
162
104
94
60
44
0
34
2
16
38
2
6
2
6
2
16
52
80
36
38
54
48
10
2
20
20
40
50
10
66
66
30
30
88
88
18
34
32
6
2
2
6
18
4
20
50
12
20
36
82
96
92
90
110
138
134
112
142
152
124
58
46
6
38
14
10
2
24
80
76
40
42
138
158
190
198
204
208
180
216
194
260
176
202
174
180
212
192
202
182
192
192
228
236
226
232
236
224
180
178
144
192
182
116
152
194
238
218
200
218
204
228
178
166
192
174
146
148
192
186
136
114
86
96
92
106
128
156
152
124
134
108
8
58
58
46
18
4
10
6
10
98
90
92
50
88
152
72
38
80
48
90
66
16
36
58
72
56
188
130
84
56
4
32
48
40
16
10
26
34
18
58
2
2
4
10
14
26
92
70
92
56
38
28
8
24
20
4
6
46
82
50
34
24
54
4
2
30
76
62
52
38
54
60
34
58
92
110
108
140
100
50
4
42
24
10
12
70
118
110
74
54
110
84
190
138
164
172
228
200
178
156
134
98
116
158
150
234
196
150
144
182
214
212
240
264
290
288
276
252
174
142
210
154
164
158
144
154
176
174
142
164
188
194
250
266
266
276
238
264
282
306
334
330
344
310
288
276
280
248
294
290
248
206
246
274
256
270
290
254
218
238
264
308
308
364
338
312
326
362
360
340
316
332
316
358
326
260
272
252
280
296
284
348
384
360
346
360
324
310
270
190
188
168
162
150
194
188
188
234
270
312
302
312
340
322
354
378
394
390
366
412
402
330
310
296
346
364
424
474
446
446
354
362
398
394
332
316
376
338
322
334
290
288
288
300
258
188
172
188
172
216
216
194
262
238
214
208
146
130
132
148
98
56
76
92
88
72
72
68
8
16
8
30
62
46
52
30
78
28
50
72
82
144
172
136
188
196
204
220
266
290
356
352
366
416
380
430
372
332
308
276
274
334
302
336
270
248
212
200
214
160
126
110
162
182
262
284
320
362
390
396
378
332
294
276
268
258
270
278
266
314
268
220
232
222
202
206
258
272
304
328
280
272
280
292
286
288
296
306
296
316
334
310
342
338
384
268
278
294
308
314
294
304
290
308
342
312
318
322
328
286
302
340
346
330
364
348
318
336
330
294
326
302
310
316
316
282
290
256
276
248
196
236
238
234
300
322
320
254
314
338
324
322
368
406
414
458
470
554
550
548
488
438
490
474
436
442
420
396
404
470
434
438
470
522
542
570
550
554
564
500
466
530
504
526
530
542
540
552
494
490
552
556
532
514
550
516
546
536
542
560
606
624
600
616
602
588
588
576
566
524
464
454
462
510
518
484
456
426
412
402
450
436
444
440
388
352
384
364
372
336
352
372
416
402
320
340
334
348
300
314
260
140
154
104
72
122
192
154
144
122
100
116
74
92
84
18
2
28
26
8
42
4
12
0
2
26
38
18
4
10
14
34
20
60
86
34
26
28
2
32
40
20
32
14
24
70
46
14
4
6
24
40
66
88
28
10
6
22
48
66
112
112
122
136
166
152
132
112
144
186
214
240
212
236
240
218
288
346
344
302
268
262
236
230
226
268
246
236
282
288
284
260
250
306
254
302
284
298
244
250
192
204
190
222
240
194
128
114
110
138
140
136
172
144
120
96
110
92
70
72
76
78
86
104
156
158
158
168
84
148
232
178
176
118
144
144
120
152
172
196
176
138
120
78
74
50
20
2
10
18
36
76
66
28
30
8
102
166
174
192
202
224
212
244
224
168
158
162
102
134
98
88
68
10
6
54
68
100
130
48
48
28
10
50
6
30
66
78
50
80
62
58
44
112
150
182
132
104
78
122
154
86
88
100
48
40
22
70
40
28
34
16
28
16
16
14
18
10
8
14
14
20
32
68
66
54
30
26
38
20
98
134
160
92
120
74
108
104
88
86
104
78
94
44
36
6
28
20
50
88
84
92
50
58
34
86
78
64
36
38
48
28
28
38
52
48
20
6
38
16
14
2
2
12
4
22
86
104
140
104
100
64
42
72
78
98
122
66
48
46
80
80
106
110
50
46
12
10
18
44
8
20
32
32
4
34
8
56
62
30
64
52
76
44
50
10
14
32
16
24
28
26
6
12
6
22
38
70
100
36
60
64
16
62
60
72
38
24
18
10
22
70
32
48
42
60
40
82
72
110
92
68
104
92
54
46
66
42
50
32
4
26
68
52
54
126
116
114
40
40
74
22
26
6
34
0
56
74
130
184
138
158
188
150
162
132
86
108
110
132
132
62
0
48
24
46
54
78
98
120
48
46
94
140
140
108
78
54
80
126
120
80
64
80
38
20
26
2
32
4
32
30
10
20
10
6
34
76
170
210
184
210
234
288
288
330
344
270
260
266
262
320
338
330
350
350
334
354
346
316
358
386
368
362
354
352
336
344
336
290
286
278
290
324
298
290
236
258
254
236
204
228
216
192
200
208
238
202
158
130
42
36
40
42
72
68
100
18
12
18
20
36
80
68
86
80
88
122
102
104
170
144
114
60
60
58
56
32
16
10
28
20
50
40
18
56
30
32
54
28
40
44
10
16
6
62
32
66
20
10
2
42
32
14
68
90
84
68
74
88
64
80
64
74
62
120
164
168
138
68
100
58
78
86
80
120
130
94
94
84
82
128
102
72
102
54
18
54
82
136
116
132
84
82
156
132
138
112
112
138
156
112
40
32
76
100
132
146
146
106
126
118
136
150
144
132
138
94
76
110
108
66
80
86
102
72
116
102
96
86
36
34
8
32
58
28
100
60
26
24
0
14
38
8
26
12
34
2
38
92
62
28
2
16
10
22
112
144
174
172
228
212
206
204
206
120
176
124
142
134
102
68
46
60
76
62
38
10
12
6
6
16
32
30
6
24
12
10
92
44
10
32
4
6
18
44
54
86
46
68
90
60
66
122
92
116
128
90
122
88
14
42
26
102
100
54
10
38
40
58
66
70
82
54
30
96
50
20
36
44
34
72
8
64
38
6
14
14
24
22
0
8
72
68
130
136
120
112
134
116
62
30
38
8
4
18
24
80
40
76
94
86
62
58
58
48
50
102
86
88
116
118
112
70
66
46
46
8
4
0
80
86
60
64
70
112
100
58
114
116
180
194
240
208
220
228
172
190
132
198
142
190
226
190
152
120
108
132
74
86
106
116
100
58
10
40
2
32
86
78
62
32
16
66
12
36
30
10
12
2
44
56
20
4
14
22
40
8
38
40
90
8
4
8
66
66
52
104
108
158
230
264
230
272
278
298
312
354
304
282
242
200
138
110
96
106
136
210
158
216
276
326
348
292
300
262
294
