86
28
20
64
54
66
12
52
176
118
70
152
62
28
128
154
244
316
316
304
228
298
282
370
546
556
516
524
634
638
666
778
778
732
700
662
618
614
594
606
448
524
466
552
510
452
348
426
382
410
376
440
522
566
632
666
704
612
612
658
562
480
466
592
480
630
570
602
676
686
626
558
466
456
388
470
488
452
434
366
352
278
322
190
218
226
156
158
226
280
218
234
178
186
108
96
86
52
4
84
116
182
200
182
172
170
256
266
68
172
106
40
42
106
148
106
112
84
82
142
248
274
326
382
338
394
494
534
424
456
450
468
480
536
546
558
514
548
520
500
600
684
634
648
538
550
548
536
372
482
574
626
688
568
604
512
510
540
602
654
674
568
690
604
502
378
354
408
418
504
466
440
428
390
352
356
298
296
292
308
418
282
248
158
180
204
184
82
20
82
126
90
192
178
328
250
270
260
350
274
316
294
300
392
418
444
436
430
432
334
254
256
312
426
364
406
538
442
480
604
576
560
456
426
520
540
522
514
448
432
470
546
492
562
514
478
626
566
432
444
384
422
472
532
504
516
644
530
610
512
498
476
376
346
336
276
244
204
334
386
506
468
470
434
556
606
538
494
540
486
542
630
604
640
578
534
594
612
538
538
428
406
526
432
476
456
504
464
336
382
352
306
364
306
340
326
368
436
504
506
482
444
606
562
566
548
418
416
366
314
310
406
362
334
364
402
410
444
506
572
600
472
416
370
508
490
470
384
314
266
302
300
376
500
390
394
370
352
234
208
204
130
130
60
4
38
122
144
164
130
186
210
266
304
370
438
518
404
444
382
338
432
500
612
700
730
810
862
858
928
798
752
782
872
870
842
910
930
1024
1104
1100
1058
1002
1144
1062
1148
1090
1042
870
792
826
746
766
902
884
958
942
972
1106
1160
1156
1044
1128
1038
990
832
766
576
508
516
546
570
646
584
496
434
452
430
436
400
416
354
390
342
314
258
216
176
312
244
242
162
152
96
74
90
134
260
180
200
118
72
62
122
14
54
14
100
64
24
6
4
70
120
194
116
172
224
118
182
246
256
150
172
258
152
182
236
190
160
168
240
192
150
78
18
98
52
32
80
4
14
36
48
200
216
120
6
82
24
28
2
16
12
34
18
106
88
76
210
178
246
168
172
166
194
214
238
58
86
114
24
66
56
216
236
388
458
380
310
442
344
390
434
340
390
378
256
188
358
336
312
286
266
252
382
476
440
422
388
416
474
298
292
422
426
452
426
398
404
424
372
346
328
290
310
296
274
284
426
530
498
558
602
600
608
576
546
346
304
310
222
294
378
364
328
300
360
216
96
72
168
206
196
366
400
384
370
378
224
332
344
300
250
286
248
292
208
226
188
138
288
380
266
388
308
396
404
374
276
246
194
124
28
134
138
66
16
4
82
48
84
80
120
180
156
110
120
60
142
110
158
232
50
156
158
160
78
100
130
72
112
134
138
132
18
8
66
38
96
58
6
60
122
82
54
144
222
168
222
244
152
138
162
86
34
38
182
134
96
86
40
94
20
52
80
114
136
88
164
236
168
130
64
112
36
34
126
68
6
96
132
68
42
18
26
180
170
226
264
366
444
428
498
524
610
616
682
620
562
682
634
514
488
556
632
528
516
550
618
672
584
466
374
428
410
398
434
430
484
460
464
396
370
464
478
394
374
532
534
484
568
702
590
760
770
802
844
814
832
926
844
906
1000
986
960
956
862
802
770
792
832
776
808
890
952
974
940
886
958
936
954
934
942
1004
1004
938
1052
1148
1034
1000
894
888
822
992
1098
1118
1168
1180
1180
1200
1192
1140
1172
1084
1080
1088
1152
1188
1256
1326
1290
1326
1404
1352
1312
1296
1294
1180
1070
1164
1064
934
954
980
900
834
848
888
894
836
782
994
916
904
856
840
822
820
722
616
726
766
790
744
700
548
516
502
378
396
428
472
440
522
474
610
544
678
740
760
624
742
786
858
636
568
606
506
500
540
596
582
592
638
520
546
506
546
580
536
438
420
466
434
316
352
220
206
284
186
176
208
146
228
308
318
194
168
98
134
190
208
178
284
246
208
320
270
318
252
350
382
432
432
476
570
610
620
708
748
756
764
670
680
636
582
486
542
468
480
454
536
494
406
458
426
446
444
658
642
656
520
662
702
658
564
586
570
504
534
580
630
574
710
702
688
710
692
640
604
750
540
550
646
676
728
680
680
634
680
652
808
810
786
702
564
678
688
744
674
640
628
666
618
620
686
716
706
818
862
816
810
810
738
746
848
816
832
858
842
750
804
664
684
598
648
628
572
642
726
674
624
680
606
518
470
394
534
426
436
356
408
516
492
492
398
484
544
392
366
456
540
602
652
734
780
672
650
644
646
612
674
770
832
838
830
784
576
620
510
492
500
586
620
636
600
600
514
414
492
446
570
630
628
572
486
482
368
354
334
370
330
396
520
442
524
432
414
362
394
332
384
384
460
392
382
392
368
394
412
350
280
246
216
128
156
138
66
176
156
236
208
184
172
152
198
118
86
20
26
82
104
176
156
160
52
94
124
54
130
96
148
240
146
160
118
188
38
6
100
120
162
116
50
34
32
22
124
76
14
104
294
346
490
672
698
854
826
808
778
770
856
842
910
868
960
878
1068
1146
1128
1110
1086
1016
996
984
1002
1010
988
1098
1134
1110
1114
980
1060
1098
1110
1152
1062
958
1066
1064
1094
936
918
794
872
894
924
758
656
628
470
536
454
310
296
400
390
486
488
418
416
386
476
456
558
540
462
532
552
572
550
526
514
406
418
462
550
402
458
576
660
636
634
722
680
638
736
666
696
684
596
640
602
542
624
676
674
668
864
1000
952
944
822
870
892
858
898
1024
1058
948
974
866
844
804
802
884
886
922
864
838
742
742
758
688
618
538
602
616
682
816
786
762
678
700
756
838
806
866
902
896
766
702
770
662
736
678
592
624
638
588
424
372
386
490
530
476
542
672
666
572
508
592
550
534
454
460
480
544
598
602
644
706
738
698
820
840
920
894
946
962
1050
974
996
952
922
1008
1058
956
948
822
860
736
720
702
652
674
622
542
500
500
398
428
546
568
658
574
608
640
662
614
582
778
730
780
824
908
840
802
818
930
1034
950
910
912
928
932
938
852
836
758
794
738
794
790
752
816
878
876
920
842
900
898
784
800
712
704
746
742
618
688
736
754
692
648
714
778
810
860
972
968
966
960
950
914
946
1006
1032
1070
1028
968
962
858
930
852
740
800
864
888
822
770
724
742
760
772
758
772
746
700
632
746
652
578
508
504
464
292
388
242
250
234
278
406
350
342
154
276
262
176
274
316
272
262
276
324
372
416
352
378
418
330
268
216
180
160
186
116
96
40
104
114
98
10
10
86
138
146
152
116
180
114
26
116
130
60
52
68
134
228
216
246
156
266
296
224
272
102
190
200
100
82
184
106
132
98
182
2
164
130
110
62
18
66
86
64
14
48
62
6
116
182
58
18
34
94
146
218
176
266
102
104
142
60
72
44
150
128
162
198
194
90
26
138
148
224
296
248
314
286
302
294
294
214
202
170
166
56
14
10
24
140
142
184
252
390
330
366
470
440
392
394
398
536
460
352
448
430
464
424
448
422
466
566
480
558
598
568
512
618
662
728
738
664
608
530
456
444
492
450
446
436
486
584
620
610
606
678
788
708
806
788
686
660
618
584
762
762
684
634
648
770
772
900
934
858
852
816
790
794
628
590
560
518
434
524
586
612
550
544
576
622
600
518
500
484
418
330
342
484
516
546
438
434
444
538
562
552
592
640
618
542
654
598
596
556
582
610
558
470
490
450
414
492
454
448
404
446
494
670
578
484
550
594
522
384
420
444
356
392
458
508
532
566
480
494
678
704
694
744
808
884
864
794
648
572
606
430
420
400
360
428
464
404
330
286
188
106
86
20
108
94
8
154
222
270
248
268
194
236
164
212
220
334
242
382
502
486
474
576
608
644
594
582
614
674
670
636
548
498
446
336
354
292
292
236
312
324
446
358
384
364
336
354
378
448
592
702
680
632
590
636
500
410
240
212
298
244
194
202
228
178
106
148
182
300
378
378
384
480
608
658
612
506
548
602
570
504
534
426
486
432
448
510
574
514
564
400
330
358
450
476
472
650
762
672
670
620
594
610
502
450
484
618
632
632
698
650
586
426
492
402
492
386
452
536
502
482
444
504
520
606
656
656
506
518
528
574
554
500
502
450
470
362
348
370
360
338
300
220
172
160
26
36
272
290
362
482
480
470
440
470
540
408
434
554
610
642
686
724
726
758
730
810
840
810
712
764
692
708
818
810
680
680
656
628
686
640
570
558
456
506
544
522
494
468
504
590
602
586
580
676
578
574
530
544
528
500
578
542
566
598
466
392
490
422
354
396
406
516
506
542
594
568
612
604
600
638
702
640
752
886
880
938
918
982
968
922
950
822
898
842
756
760
766
836
908
764
730
712
548
462
414
380
396
328
246
244
204
208
194
358
414
386
270
216
76
24
104
62
66
116
150
254
258
284
140
96
232
114
138
130
118
226
20
104
16
6
8
12
56
68
38
2
22
30
42
110
216
380
