2870
2916
2912
2906
2860
2766
2808
2780
2844
2784
2774
2768
2738
2772
2860
2826
2806
2856
2878
2932
2918
2930
2874
2978
2928
2964
2892
2920
2916
2936
2944
2930
2984
2994
3024
3074
3112
3018
3110
3112
3096
3062
3000
3000
2966
2970
2986
2952
2996
2970
3010
3004
3006
2988
3056
3026
3000
2924
2920
2902
2956
2898
2856
2836
2768
2826
2906
2966
2994
2924
2912
2884
2854
2794
2770
2722
2724
2750
2798
2782
2806
2738
2624
2678
2746
2780
2796
2784
2916
2930
2932
2920
2888
2930
2980
2970
2904
2844
2928
2982
2954
2942
3016
3024
2950
2836
2916
3044
3012
2984
3054
3014
2984
2996
3054
2956
3006
2964
2974
2982
2964
2982
2988
2942
2912
2884
2846
2892
2978
3016
3018
2976
3054
3058
3030
3046
3038
3062
2990
3060
3150
3120
3108
3056
3036
3082
3172
3174
3114
3108
3140
3220
3200
3248
3246
3230
3282
3308
3278
3240
3238
3320
3290
3310
3288
3322
3298
3350
3288
3302
3272
3224
3158
3152
3242
3290
3332
3264
3284
3168
3166
3202
3228
3194
3222
3206
3232
3220
3188
3176
3202
3068
3060
3012
3016
3036
2928
2970
2958
3004
2986
3010
3032
3034
3008
2980
2952
2928
2938
2884
2868
2866
2910
2904
2938
3060
3134
3086
3106
3122
3114
3000
3062
3082
3136
3070
3050
2950
2932
2912
2934
2976
3028
2984
2986
3000
2994
3076
3032
3004
3058
3106
3168
3042
3064
3088
3128
3234
3228
3262
3388
3314
3276
3282
3230
3214
3146
3220
3244
3222
3192
3264
3360
3356
3334
3314
3334
3382
3402
3344
3368
3358
3454
3484
3520
3512
3446
3402
3402
3400
3368
3476
3418
3358
3302
3256
3192
3288
3234
3244
3246
3194
3214
3248
3220
3180
3164
3296
3234
3132
3132
3190
3178
3216
3298
3312
3320
3366
3344
3378
3380
3396
3346
3378
3348
3336
3282
3318
3286
3346
3422
3424
3352
3284
3340
3276
3316
3292
3244
3276
3244
3256
3214
3180
3124
3074
3092
3146
3258
3214
3300
3144
3146
3182
3206
3174
3122
3082
3058
3114
3166
3232
3316
3280
3216
3248
3194
3194
3162
3092
3120
3118
3138
3088
3036
2906
2982
3056
3140
3182
3168
3132
3162
3196
3198
3284
3328
3274
3298
3266
3172
3158
3174
3178
3216
3228
3174
3122
3118
3088
3146
3142
3192
3202
3204
3294
3312
3250
3280
3400
3390
3340
3350
3358
3332
3338
3252
3292
3350
3300
3372
3326
3328
3346
3384
3386
3370
3300
3284
3270
3326
3262
3188
3212
3200
3138
3220
3262
3228
3270
3266
3348
3346
3172
3078
3068
3182
3226
3166
3124
3052
3120
3148
3200
3214
3182
3206
3174
3218
3270
3220
3180
3184
3174
3128
3104
3166
3198
3226
3184
3178
3160
3172
3164
3148
3156
3220
3218
3244
3142
3190
3124
3140
3202
3196
3192
3214
3200
3178
3090
3076
3082
3144
3160
3130
3094
3068
3042
3010
3038
3064
3064
3168
3208
3208
3234
3248
3218
3248
3222
3218
3182
3302
3322
3394
3414
3444
3488
3438
3444
3436
3442
3400
3422
3372
3356
3352
3286
3264
3270
3262
3296
3296
3250
3332
3346
3360
3374
3358
3406
3368
3324
3346
3320
3298
3298
3268
3320
3314
3316
3324
3262
3270
3310
3276
3224
3154
3154
3146
3124
3110
3146
3212
3176
3202
3224
3264
3252
3228
3218
3206
3282
3186
3186
3196
3194
3280
3236
3274
3188
3156
3124
3112
3202
3208
3112
3094
3074
3128
3104
3100
3146
3210
3184
3146
3152
3146
3154
3096
3070
3130
3086
3106
3128
3120
3054
2972
2944
2976
3048
3124
3160
3116
3150
3188
3132
3096
3142
3138
3074
3042
3068
3040
3094
3162
3172
3216
3088
3052
3044
3018
3094
3044
3082
3140
3086
3132
3104
3152
3196
3172
3130
3066
3076
3076
3062
2992
3028
3046
3070
3120
3168
3162
3100
3118
3070
2990
2946
3034
3006
3056
3030
2946
2978
2988
3006
2950
3012
2970
3032
2964
2968
2976
3010
3020
3004
2888
2892
2918
2874
2918
2866
2880
2894
2900
2860
2846
2854
3044
2994
2950
2998
3006
3000
2944
2934
2946
2932
2980
3012
2980
2898
2966
2958
3022
2994
3116
3144
3186
3212
3208
3108
3112
3082
3192
3188
3196
3152
3170
3250
3284
3312
3278
3256
3256
3336
3328
3312
3314
3262
3276
3276
3316
3364
3332
3306
3246
3210
3218
3212
3190
3262
3348
3340
3358
3416
3358
3348
3340
3326
3316
3346
3288
3284
3228
3206
3214
3274
3288
3286
3246
3250
3210
3258
3180
3176
3168
3172
3116
3180
3172
3050
3076
3054
3016
3054
3042
3066
3018
3054
3126
3126
3164
3218
3170
3180
3202
3282
3192
3170
3216
3250
3236
3222
3280
3226
3128
3164
3110
3130
3072
3070
3104
3090
3044
3016
3086
3146
3206
3182
3214
3176
3202
3156
3068
3042
3008
3086
3040
3082
3064
3014
3018
2992
3020
3090
3104
3042
3052
2990
3032
3022
3026
2910
2924
2996
2912
2924
2988
2944
2992
3030
3042
3034
3114
3138
3108
3108
3098
3090
3038
3122
3034
3124
3140
3126
3212
3178
3226
3218
3228
3162
3190
3244
3194
3194
3166
3192
3178
3204
3216
3182
3306
3260
3276
3262
3330
3298
3344
3378
3346
3430
3444
3448
3410
3438
3426
3378
3334
3368
3354
3306
3316
3406
3450
3400
3308
3310
3278
3256
3264
3170
3206
3306
3286
3246
3234
3222
3202
3248
3260
3172
3124
3170
3192
3238
3304
3258
3224
3212
3118
3194
3210
3156
3188
3192
3202
3152
3174
3202
3222
3210
3226
3254
3264
3250
3294
3300
3288
3296
3308
3320
3324
3404
3416
3468
3394
3356
3336
3372
3370
3322
3316
3350
3406
3388
3404
3364
3342
3298
3268
3264
3314
3228
3226
3228
3234
3334
3380
3370
3304
3310
3278
3334
3314
3336
3278
3292
3308
3332
3358
3330
3290
3256
3190
3218
3238
3302
3286
3254
3262
3270
3278
3314
3322
3350
3340
3358
3344
3260
3308
3346
3292
3288
3282
3332
3408
3386
3338
3320
3328
3232
3288
3208
3114
3172
3186
3128
3060
2992
3016
2986
2970
2914
2928
2970
2908
2884
2852
2862
2834
2848
2830
2880
2856
2868
2782
2786
2848
2846
2846
2894
2936
2968
2896
2856
2874
2868
2872
2888
2856
2912
2884
2904
2880
2820
2872
2858
2926
2854
2906
2858
2920
2854
2824
2766
2762
2736
2796
2798
2818
2790
2766
2650
2674
2652
2732
2724
2710
2696
2692
2666
2802
2828
2874
2912
2906
2926
2950
2932
2912
2898
2842
3028
2976
2928
2886
2776
2854
2886
2998
2988
3040
3100
3160
3168
3200
3198
3170
3176
3130
3166
3098
3136
3134
3126
3180
3150
3196
3200
3100
3106
3166
3228
3316
3276
3250
3212
3258
3218
3122
3100
3056
3040
3070
3126
3022
3022
3040
3100
3016
3064
3072
3012
3028
3084
3052
3044
3000
3060
3062
3098
3082
3092
3112
3088
3060
3058
3044
3090
3078
3000
2936
2964
2984
2950
2948
3014
2980
2958
2836
2926
2960
2990
2958
2996
2956
2936
2938
2892
2964
3014
3046
3042
3110
3044
3080
3032
2998
3020
3038
2996
2988
3036
3004
3022
3058
3056
3014
3052
3068
3048
3054
3024
2962
2912
2988
2952
3034
3084
3002
2996
3010
3030
3034
3068
3064
3092
3122
3064
2974
3030
2912
2946
2894
2948
2962
2912
2934
2942
3024
3078
3014
3010
3066
3100
3120
3166
3152
3172
3236
3280
3272
3326
3266
3264
3178
3110
3146
3136
3154
3170
3182
3126
3052
3058
3024
2966
2978
2876
2940
2948
3066
3118
3152
3204
3192
3132
3120
3178
3226
3298
3236
3160
3114
3078
3056
3004
3000
2996
3066
3098
3084
3168
3202
3190
3176
3116
3194
3206
3242
3232
3192
3176
3192
3210
3160
3198
3210
3098
3086
3142
3180
3134
3112
3098
3076
3078
3066
3060
3006
3006
2990
2966
2984
3088
3128
3116
3148
3146
3160
3060
3032
2988
2878
2796
2886
2852
2864
2938
3050
3106
3156
3100
3096
3016
3144
3120
3174
3238
3278
3272
3256
3178
3286
3288
3246
3272
3280
3282
3326
3254
3220
3242
3308
3368
3348
3350
3352
3322
3274
3246
3328
3334
3360
3276
3250
3254
3306
3294
3370
3254
3296
3350
3298
3314
3254
3238
3274
3278
3310
3242
3130
3260
3310
3360
3358
3340
3330
3298
3284
3232
3262
3304
3326
3294
3310
3270
3254
3222
3220
3252
3198
3162
3138
3112
3114
3124
3178
3172
3206
3208
3242
3252
3238
3256
3240
3204
3284
3316
3298
3288
3264
3260
3214
3198
3146
3122
3186
3234
3248
3350
3412
3358
3334
3366
3376
3350
3334
3332
3312
3336
3406
3316
3278
3216
3236
3172
3144
3160
3090
3068
3102
3184
3196
3266
3290
3310
3226
3300
3338
3318
3354
3298
3244
3238
3234
3228
3236
3196
3160
3156
3198
3280
3146
3180
3220
3120
3144
3096
3092
3096
3146
3134
3048
3130
3176
3168
3178
3222
3158
3146
3118
3112
3106
3040
3136
3178
3148
3190
3268
3308
3220
3286
3228
3260
3260
3224
3166
3286
3346
3286
3328
3290
3342
3352
3340
3264
3302
3250
3298
3310
3250
3240
3328
3330
3284
3324
3310
3252
3238
3236
3166
3222
3290
3308
3296
3240
3292
3372
3312
3264
3260
3248
3160
3170
3234
3202
3174
3184
3262
3302
3352
3338
3278
3306
3308
3300
3308
3330
3340
3376
3412
3448
3402
3328
3350
3342
3288
3318
3204
3192
3186
3164
3234
3288
3328
3380
3304
3326
3244
3238
3206
3242
3236
3274
3340
3414
3400
3330
3312
3360
3330
3346
3362
3336
3298
3356
3348
3354
3298
3390
3432
3396
3368
3332
3300
3268
3276
3198
3166
3262
3238
3236
3192
3140
3202
3156
3204
3230
3206
3266
3140
3118
3088
3068
3084
3094
3166
3114
3088
3014
2968
2876
2828
2912
2928
2918
2898
2910
2968
2944
2968
3028
2952
2964
2960
2974
2928
2850
2848
2914
3000
2960
2908
2894
2954
2998
3056
3132
3224
3150
3174
3160
3156
3132
3098
3024
3048
3092
3096
3070
3106
3076
3142
3112
3092
3056
3040
2972
3016
2992
3042
2950
2970
2950
2920
2996
2918
2906
2818
2824
2768
2786
2924
2914
2900
2830
2964
2946
2906
2900
2884
2920
2840
2868
2858
2832
2854
2838
2834
2802
2762
2862
2850
2992
2968
2912
2958
3006
2956
2922
2956
2924
2992
3036
3064
3056
3184
3280
3236
3192
3232
3308
3248
3216
3124
3130
3020
3046
3086
3090
3090
3124
3072
3120
3138
3130
3104
3072
3136
3100
3082
3016
3014
3016
2974
2986
3050
3030
3090
3136
3070
3076
3104
3114
3086
3128
3160
3174
3212
3238
3236
3252
3262
3244
3200
3310
3290
3196
3298
3330
3308
3338
3294
3290
3292
3310
3314
3266
3298
3306
3390
3384
3370
3398
3260
3328
3402
3290
3212
3210
3262
3238
3286
3306
3338
3270
3248
3248
3298
3266
3304
3220
3272
3234
3258
3208
3258
3278
3292
3306
3278
3360
3424
3502
3488
3356
3344
3360
3314
3302
3340
3342
3350
3386
3398
3404
3298
3314
3312
3226
3252
3254
3152
3198
3216
3214
3292
3190
3234
3246
3266
3364
3350
3348
3316
3392
3396
3334
3284
3322
3344
3286
3264
3220
3180
3304
3264
3356
3308
3284
3250
3202
3198
3122
3122
3092
3106
3180
3042
3066
3058
3060
2936
2898
2888
2892
2912
2922
2876
2886
2950
3030
2960
2954
2986
2962
2998
2926
2944
2974
3040
3094
3078
3110
3110
3048
2988
2932
3004
2994
3034
3018
2968
3030
3052
3132
3116
3098
3088
3116
3062
3036
2994
2982
3054
2982
3002
2998
3054
3060
3024
3020
3016
2984
2950
2932
2958
3014
3000
2952
3030
3094
3024
2984
2910
2920
2914
2910
2944
2918
2900
2894
2872
2898
2860
2856
2864
2784
2744
2672
2690
2692
2738
2748
2766
2864
2852
2886
2982
3014
2870
2896
2886
2866
2928
2836
2880
2786
2732
2766
2804
2800
2846
2850
2896
2912
2934
2972
2974
3026
3034
2994
3036
3118
3048
3042
3082
3020
3136
3034
2972
2860
2932
2980
2942
3006
2894
2902
