5244
5172
5236
5194
5406
5446
5346
5466
5502
5534
5530
5560
5594
5466
5652
5604
5556
5442
5374
5444
5566
5566
5384
5452
5452
5474
5534
5486
5554
5562
5588
5648
5616
5616
5486
5456
5606
5552
5532
5472
5422
5282
5332
5394
5296
5266
5292
5434
5376
5378
5390
5440
5442
5518
5454
5424
5544
5462
5442
5550
5640
5626
5588
5632
5642
5660
5712
5798
5804
5766
5720
5672
5674
5682
5814
5726
5778
5688
5660
5712
5608
5614
5578
5458
5642
5656
5674
5666
5752
5796
5782
5858
5836
5828
5816
5834
5918
5942
5980
5968
5964
5968
6062
6010
6060
6150
6040
5984
5996
6018
5838
5876
5674
5592
5614
5512
5480
5384
5520
5516
5466
5470
5482
5454
5454
5392
5566
5650
5702
5782
5818
5940
5914
5868
5894
5812
5836
5872
5898
5756
5790
5770
5872
5928
5866
5852
5836
6004
6090
6100
6030
5964
5880
5914
6000
5910
5854
5936
6026
5994
5980
6070
6048
5966
5990
5928
6000
5762
5732
5640
5486
5606
5494
5516
5436
5442
5382
5502
5526
5528
5694
5698
5656
5826
5924
5828
5756
5760
5826
5824
5832
5750
5764
5760
5758
5770
5644
5504
5530
5702
5644
5572
5652
5512
5588
5650
5724
5678
5578
5518
5590
5732
5748
5820
5834
5742
5736
5788
5840
5906
5916
5926
5890
5800
5758
5800
5860
5890
5872
5914
5854
5950
6006
5928
5892
5878
5756
5738
5838
6006
5986
6026
6116
6142
6072
5994
5974
6032
6004
6032
6090
6092
6064
5972
5920
5810
5808
5768
5860
5810
5972
6178
6232
6222
6042
6136
6074
5928
6080
6148
5956
5962
5828
5922
5966
5908
5946
5966
5956
6034
6070
6010
6010
5914
5840
5828
5870
5902
5880
5790
5814
5868
5812
5896
5878
5884
5870
5924
5884
5922
5868
5986
5886
6016
5910
5784
5916
5962
5962
5934
5922
5782
5798
5722
5748
5756
5812
5768
5726
5734
5694
5660
5820
5666
5708
5764
5746
5748
5680
5724
5764
5830
5906
5878
6020
6000
5930
5952
6010
5994
5888
5838
5934
5816
5920
5800
5708
5764
5694
5606
5690
5760
5706
5852
5940
5970
5956
5990
6012
5982
6032
5904
5900
5948
5898
5906
5772
5728
5696
5832
5782
5814
5792
5798
5730
5690
5650
5522
5544
5502
5400
5404
5442
5526
5612
5658
5840
5758
5730
5708
5650
5632
5734
5580
5556
5576
5566
5526
5426
5514
5566
5666
5698
5598
5620
5710
5800
5786
5658
5664
5674
5710
5672
5592
5656
5746
5706
5800
5778
5882
5924
5872
5804
5794
5676
5646
5640
5528
5564
5558
5622
5550
5576
5576
5512
5578
5528
5414
5378
5234
5234
5256
5340
5308
5382
5404
5572
5454
5594
5632
5810
5886
5858
6018
6106
6112
6190
6144
6108
6122
6144
6104
5918
5872
6110
6088
6154
6124
6078
6040
6020
5950
5898
5704
5822
6034
6000
6052
5954
6128
6210
6096
6110
6172
6134
6194
6098
6210
6304
6346
6364
6250
6288
6202
6260
6172
6050
6196
6136
6028
5952
6062
6142
6022
5896
5882
5956
5962
5812
5716
5794
5728
5764
5756
5928
5930
5970
5936
5972
5964
6092
6076
6196
6260
6418
6422
6490
6336
6422
6416
6502
6552
6596
6560
6558
6432
6508
6334
6424
6322
6234
6218
6264
6166
6184
6236
6236
6212
6138
6160
6244
6166
6176
6112
6156
6232
6176
6022
6126
6146
6058
6012
6020
6098
6098
6148
6196
6220
6154
6150
6120
5950
6058
6068
6024
6114
5948
5974
6092
6088
6092
6130
6148
6208
6288
6256
6088
6062
6220
6200
6234
6164
6100
6130
6134
6240
6272
6116
6170
6192
6284
6232
6306
6340
6318
6326
6296
6326
6358
6342
6294
6310
6322
6420
6464
6544
6462
6540
6486
6538
6444
6396
6496
6476
6488
6524
6492
6416
6396
6358
6466
6374
6292
6374
6380
6296
6130
6290
6200
6458
6492
6444
6500
6478
6512
6472
6470
6466
6510
6614
6614
6614
6500
6564
6460
6382
6348
6214
6260
6520
6340
6348
6476
6472
6454
6332
6302
6386
6468
6404
6348
6362
6398
6346
6288
6346
6278
6348
6378
6320
6426
6484
6484
6362
6424
6600
6488
6468
6426
6388
6398
6402
6432
6342
6404
6434
6384
6338
6398
6274
6276
6256
6182
6228
6282
6242
6216
6194
6314
6264
6246
6134
6182
6170
6020
6132
6228
6214
6192
6208
6118
6136
5996
5988
6028
6032
6070
5892
5886
5990
6030
6064
6000
5946
5872
5840
5898
5902
5920
5934
5926
5786
5768
5752
5898
5840
5652
5826
5810
5912
5790
5802
5908
5896
5928
6018
5976
5920
5926
5912
5728
5628
5748
5766
5710
5798
5880
5766
5710
5726
5772
5846
5800
5820
5864
5786
5820
5784
5810
5880
5762
5782
5876
5976
5938
6088
6088
6162
6204
6184
6160
6140
6148
6238
6224
6330
6376
6414
6402
6436
6446
6378
6448
6384
6354
6386
6324
6164
6240
6304
6202
6266
6366
6270
6288
6328
6276
6258
6214
6076
6140
6092
6070
6112
6068
6078
6096
6188
6290
6420
6432
6446
6334
6288
6396
6324
6466
6420
6502
6484
6526
6494
6348
6524
6620
6544
6498
6538
6436
6324
6288
6304
6242
6220
6160
6136
6072
6112
6134
6082
6056
5970
5976
5886
5988
5774
5734
5694
5804
5750
5726
5788
5722
5744
5736
5758
5834
5852
5696
5694
5626
5622
5722
5742
5772
5824
5928
5970
5884
5922
6036
6116
6184
6150
6166
6098
6060
6000
5996
5962
5788
5840
5690
5820
5712
5628
5680
5686
5646
5612
5652
5818
5764
5706
5670
5544
5592
5572
5558
5630
5622
5718
5696
5690
5572
5592
5580
5584
5552
5516
5544
5568
5586
5516
5480
5428
5462
5464
5400
5376
5376
5326
5240
5232
5204
5170
5102
5124
5118
5300
5366
5342
5314
5280
5340
5416
5296
5440
5474
5446
5486
5496
5522
5590
5614
5506
5760
5692
5732
5800
5768
5698
5798
5656
5568
5514
5588
5534
5418
5502
5572
5376
5450
5376
5420
5502
5446
5362
5394
5374
5244
5208
5140
5198
5206
5030
5040
5076
5074
5010
4934
4922
5076
4948
4870
4760
4702
4876
5072
5128
5190
5298
5218
5292
5346
5254
5250
5280
5296
5300
5348
5332
5292
5206
5102
5160
5202
5146
5112
5150
5256
5330
5378
5412
5292
5300
5392
5458
5542
5562
5688
5726
5852
5950
5886
5868
5748
5626
5718
5710
5820
5840
6004
5886
5798
5692
5704
5702
5812
5890
6036
6110
6082
6022
6088
6088
5970
5996
6008
5832
5852
5832
5764
5930
6086
6068
5952
5904
5958
6088
6150
6160
6144
6226
6306
6334
6296
6204
6164
6260
6206
6232
6188
6232
6192
6210
6096
6148
6168
6078
6062
6072
6046
6098
6044
6196
6244
6268
6396
6382
6428
6548
6506
6566
6510
6544
6470
6486
6512
6510
6604
6676
6716
6550
6396
6464
6454
6406
6408
6402
6422
6338
6286
6256
6264
6184
6210
6206
6198
6180
6194
6126
6184
6182
6158
6212
6194
6188
6160
6290
6430
6462
6622
6624
6660
6518
6516
6458
6514
6678
6624
6544
6670
6716
6650
6736
6640
6764
6896
6810
6652
6596
6616
6518
6526
6504
6584
6552
6594
6612
6660
6780
6740
6742
6778
6802
6876
6792
6724
6644
6374
6290
6204
6298
6434
6340
6422
6344
6314
6412
6432
6354
6430
6294
6230
6186
6154
6094
6240
6206
6192
6278
6316
6324
6374
6392
6346
6378
6408
6438
6514
6412
6370
6316
6268
6302
6330
6322
6240
6300
6452
6498
6506
6502
6604
6524
6638
6582
6484
6420
6488
6612
6542
6400
6402
6428
6396
6426
6502
6528
6514
6534
6398
6336
6268
6332
6360
6352
6286
6170
6174
6354
6262
6360
6440
6292
6342
6414
6532
6506
6402
6416
6560
6510
6508
6676
6702
6624
6588
6526
6518
6554
6482
6478
6330
6252
6370
6402
6538
6608
6602
6672
6648
6614
6518
6412
6478
6594
6590
6500
6510
6500
6380
6466
6380
6456
6316
6316
6478
6470
6446
6354
6366
6426
6380
6374
6252
6206
6162
6094
6146
6116
6168
6224
6166
6244
6364
6278
6462
6420
6410
6436
6478
6506
6480
6410
6498
6476
6570
6596
6566
6520
6572
6510
6420
6382
6312
6282
6154
6102
5986
5916
5994
6104
6128
6034
6096
6048
6014
5886
5918
5904
5952
6008
6096
5982
5916
6042
6078
6078
6056
6008
6082
6120
6268
6228
6270
6114
6164
5924
6002
5964
6052
6126
6106
6138
6174
6236
6392
6390
6306
6472
6552
6616
6642
6612
6620
6628
6668
6752
6776
6772
6774
6852
6906
6952
6798
6890
6908
6986
7010
7150
7176
7226
7130
7006
6896
6972
6980
6852
6820
6844
6704
6736
6806
6768
6778
6772
6708
6704
6758
6686
6718
6642
6616
6646
6642
6680
6646
6654
6672
6626
6604
6630
6600
6596
6608
6634
6638
6608
6690
6638
6700
6754
6706
6756
6732
6760
6904
6832
6876
6814
6778
6826
6912
6862
6872
6756
6760
6850
6840
6854
6802
6920
6980
7048
6986
7102
7102
7098
7056
6942
7054
7146
7230
7088
7036
6920
6962
7082
6974
6944
6914
6920
6888
6870
6956
6838
6926
6940
7000
7012
6936
6950
6898
7006
7030
6904
7012
6904
6964
6942
7018
7060
6998
6846
6832
6720
6730
6606
6738
6852
6790
6952
6966
6872
6774
6936
7016
6996
6966
6894
6836
6854
6732
6670
6554
6634
6674
6540
6460
6512
6528
6410
6540
6556
6490
6388
6360
6302
6322
6184
6150
6178
6186
6240
6226
6274
6162
6344
6276
6314
6332
6432
6432
6374
6384
6288
6200
6094
6040
6030
5826
5824
5840
5868
5866
5824
5874
5894
5692
5774
6002
5928
5930
6070
5942
5778
5704
5644
5658
5604
5650
5798
5702
5632
5670
5582
5662
5566
5510
5596
5538
5688
5582
5610
5540
5516
5492
5344
5364
5504
5480
5384
5472
5444
5458
5456
5500
5578
5564
5468
5450
5416
5410
5438
5310
5276
5280
5264
5376
5348
5378
5352
5214
5214
5264
5194
5300
5198
5100
5148
5126
5098
5180
5178
5126
5240
5136
5136
5078
5200
5072
5102
5080
5308
5366
5318
5522
5300
5224
5020
5108
5004
4962
5132
5148
5182
5064
5104
5102
5070
4922
4882
4920
4784
4910
4898
4892
4822
4720
4792
4738
4670
4592
4490
4638
4594
4606
4470
4436
4656
4674
4768
4698
4578
4584
4630
4712
4676
4538
4564
4626
4696
4762
4698
4676
4630
4688
4626
4714
4694
4728
4754
4572
4640
4636
4554
4428
4454
4424
4328
4390
4358
4290
4294
4294
4372
4226
4372
4554
4582
4504
4552
4574
4462
4402
4362
4362
4374
4336
4198
4198
4298
4248
4214
4248
4348
4434
4608
4700
4710
4758
4766
4738
4846
4866
4926
4944
4992
4960
4918
4896
5008
4862
4816
4936
4850
5022
5102
4994
4870
4948
4994
4998
5018
5110
5208
5284
5220
5272
5244
5286
5406
5388
5506
5328
5474
5436
5476
5430
5414
5356
5532
5490
5454
5462
5456
5542
5568
5600
5504
5562
5494
5572
5672
5604
5662
5558
5522
5474
5660
5752
5662
5582
5546
5418
5360
5444
5394
5444
5402
5306
5230
5142
5190
5196
5130
5158
5114
5142
5218
5322
5362
5390
5284
5224
5316
5308
5410
5494
5460
5366
5352
5426
5416
5378
5410
5352
5288
5138
5262
5258
5266
5186
5272
5224
5198
5284
5252
5284
5328
5412
5394
5368
5280
5234
5266
5208
5238
5214
5154
5180
5240
5084
5110
5068
5186
5020
4834
4858
4796
4736
4656
4564
4668
4748
4792
4754
4734
4902
4876
4926
4936
4774
4652
4528
4512
4564
4676
4716
4772
4762
4928
4924
4860
4844
4868
4872
4906
4932
4878
4870
4876
4910
4964
4830
4780
4628
4606
4648
4586
4622
4636
4712
4634
4728
4802
4888
4902
4824
4762
4764
4842
4824
4858
4840
4818
4712
4734
4826
4908
4952
5054
5102
5122
5042
5064
5044
5080
4924
4902
4874
4980
4938
4940
5116
5188
5144
5156
5108
5128
5108
5154
5084
5014
4972
5002
5100
5214
5228
5262
5200
5288
5108
4992
4976
4850
4914
4992
5034
5112
5096
5112
5048
5044
4954
4960
4900
4972
4920
5044
4900
4972
4876
4702
4848
4750
4814
4776
