2772
2758
2740
2726
2658
2654
2604
2702
2622
2736
2702
2656
2724
2688
2748
2882
2830
2862
2800
2794
2836
2802
2778
2850
2808
2794
2694
2720
2728
2728
2678
2642
2642
2620
2536
2588
2538
2624
2562
2510
2546
2524
2458
2508
2480
2512
2430
2506
2588
2548
2568
2606
2708
2684
2740
2728
2688
2710
2682
2752
2776
2842
2880
2896
2898
2882
2956
2900
2888
2828
2790
2824
2890
2966
2956
3008
3022
3084
3034
2962
2970
2978
2932
2958
3004
2982
2940
2964
2960
2914
2992
2998
3022
3010
2978
2992
2984
2976
3042
3116
3108
3094
3062
3138
3156
3124
3074
3078
3138
3134
3114
3182
3070
3052
3040
3034
3024
3040
3052
3082
3138
3218
3176
3094
3124
3098
3164
3190
3166
3166
3168
3164
3122
3188
3296
3248
3206
3212
3278
3318
3312
3350
3416
3406
3432
3422
3458
3514
3524
3514
3446
3428
3328
3262
3284
3294
3290
3322
3322
3296
3364
3316
3308
3258
3262
3284
3226
3264
3340
3422
3382
3438
3402
3470
3436
3394
3430
3344
3372
3314
3280
3330
3392
3354
3300
3390
3468
3444
3494
3478
3552
3596
3586
3580
3560
3520
3532
3490
3440
3424
3396
3426
3412
3422
3392
3442
3402
3400
3424
3418
3406
3416
3352
3396
3408
3400
3320
3292
3278
3266
3248
3226
3218
3172
3180
3126
3136
3026
3072
3002
3034
3084
3042
3136
3142
3110
3136
3104
3070
3122
3134
3196
3138
3116
3142
3152
3120
3102
3124
3176
3174
3114
3066
3146
3180
3158
3176
3140
3138
3152
3150
3100
3032
3130
3208
3234
3140
3128
3102
3074
3122
3076
3042
3004
3060
3078
3064
2990
3008
2974
2934
3000
2998
3024
3034
2958
3016
3016
2986
2952
2924
2992
2978
3002
3030
3070
2968
3018
2992
2922
2980
2912
2860
2952
2972
2838
2810
2808
2668
2664
2728
2722
2710
2776
2700
2744
2764
2708
2762
2806
2792
2820
2774
2844
2960
2950
2878
2850
2818
2806
2826
2800
2746
2608
2542
2614
2584
2658
2638
2566
2576
2568
2532
2486
2418
2488
2488
2438
2468
2564
2592
2518
2456
2474
2490
2428
2388
2378
2428
2454
2432
2450
2432
2424
2434
2464
2504
2526
2498
2450
2444
2432
2472
2480
2446
2430
2494
2408
2478
2522
2542
2582
2680
2614
2674
2616
2606
2576
2540
2530
2574
2556
2528
2506
2556
2524
2532
2502
2560
2616
2698
2704
2732
2752
2762
2726
2704
2738
2726
2630
2572
2596
2644
2688
2734
2700
2762
2758
2722
2732
2700
2700
2610
2592
2630
2624
2590
2488
2462
2530
2630
2680
2672
2636
2708
2630
2598
2586
2660
2604
2518
2548
2612
2660
2660
2734
2770
2780
2816
2842
2896
2918
2884
2880
3008
2922
2948
2974
2924
2912
2766
2748
2790
2826
2888
2874
2816
2832
2782
2706
2750
2728
2790
2864
2818
2778
2740
2676
2626
2638
2594
2600
2600
2694
2786
2848
2852
2792
2702
2644
2702
2744
2756
2696
2648
2690
2694
2612
2628
2670
2606
2588
2660
2686
2678
2722
2718
2730
2678
2546
2612
2604
2602
2610
2590
2684
2718
2782
2734
2678
2746
2648
2652
2626
2608
2520
2546
2590
2638
2638
2616
2622
2558
2450
2458
2440
2444
2416
2554
2582
2506
2558
2572
2546
2544
2536
2568
2452
2434
2356
2364
2306
2388
2340
2394
2280
2306
2268
2352
2364
2370
2396
2402
2422
2504
2364
2428
2344
2290
2268
2294
2272
2204
2176
2130
2138
2082
2228
2200
2186
2298
2304
2358
2412
2400
2314
2320
2358
2328
2420
2464
2418
2392
2392
2498
2408
2338
2304
2252
2316
2360
2368
2388
2460
2464
2506
2480
2416
2368
2354
2378
2442
2422
2422
2394
2430
2442
2518
2510
2568
2572
2668
2628
2588
2626
2600
2560
2584
2572
2610
2546
2576
2648
2516
2576
2558
2634
2658
2656
2630
2578
2674
2646
2722
2642
2670
2770
2834
2850
2910
2846
2770
2826
2884
2790
2728
2752
2724
2722
2718
2698
2680
2768
2738
2688
2646
2620
2632
2560
2552
2602
2632
2622
2614
2558
2600
2532
2550
2590
2592
2594
2608
2592
2606
2614
2624
2660
2692
2744
2746
2768
2822
2738
2708
2728
2724
2746
2802
2860
2848
2804
2820
2812
2766
2798
2848
2836
2816
2866
2894
2834
2786
2792
2820
2870
2880
2894
2912
2846
2846
2786
2824
2778
2872
2932
2960
2976
2938
2954
2892
2934
2916
2936
3070
3076
3118
3146
3074
3068
3108
3052
3068
3140
3146
3082
3080
3046
3038
3048
3064
3036
3058
2996
3058
3080
3130
3012
3094
3072
3038
3014
2928
2948
2936
2924
2874
2902
2946
3034
3004
3040
3154
3146
3168
3096
2984
3110
3020
3050
3128
3056
3110
3166
3180
3108
3134
3176
3128
3126
3090
3076
3084
3086
3138
3112
3210
3218
3242
3222
3194
3202
3174
3190
3204
3178
3176
3236
3260
3334
3206
3164
3228
3218
3220
3284
3302
3266
3312
3360
3372
3316
3338
3350
3296
3292
3330
3314
3286
3266
3266
3286
3234
3284
3170
3074
3082
3062
3088
3030
2964
2962
3000
3022
3042
3100
3084
3166
3146
3110
3056
3006
3084
3078
3154
3146
3114
3148
3122
3200
3222
3222
3148
3162
3110
3094
3096
3154
3124
3126
3134
3196
3190
3156
3130
3086
3046
3036
3080
3106
3148
3142
3070
3026
3008
3086
3122
3138
3122
3046
2974
2928
2902
2938
2840
2848
2820
2764
2784
2838
2838
2838
2824
2798
2744
2812
2778
2816
2722
2748
2828
2882
2976
2944
2950
2990
3002
3074
3098
3106
3126
3168
3116
3134
3158
3168
3186
3190
3126
3130
3108
3108
3086
3060
3092
3042
3154
3172
3170
3258
3188
3152
3256
3204
3256
3252
3248
3286
3270
3190
3082
3110
3142
3092
3206
3258
3324
3190
3308
3232
3196
3208
3220
3172
3150
3114
3170
3188
3194
3264
3170
3124
3106
3134
3156
3194
3178
3160
3150
3192
3182
3190
3254
3162
3204
3198
3224
3174
3264
3298
3250
3294
3284
3262
3246
3306
3308
3292
3316
3240
3158
3090
3134
3136
3074
3092
3108
3064
3042
3022
3084
3156
3104
3174
3196
3218
3146
3200
3268
3258
3248
3262
3208
3206
3210
3228
3192
3226
3286
3304
3312
3250
3314
3324
3324
3348
3426
3436
3458
3424
3368
3326
3324
3356
3336
3342
3338
3280
3340
3344
3398
3442
3414
3416
3398
3400
3478
3436
3460
3418
3420
3400
3326
3332
3374
3416
3394
3412
3402
3358
3418
3370
3414
3354
3388
3370
3344
3398
3404
3420
3328
3350
3354
3390
3406
3332
3374
3370
3314
3292
3276
3258
3266
3184
3152
3052
3020
2952
3018
3108
3076
3136
3086
3106
3146
3120
3202
3200
3162
3168
3042
2960
2978
3016
2956
2980
2974
2996
3020
3020
2946
2944
3008
3056
2988
3086
3096
3138
3214
3226
3268
3290
3218
3262
3192
3262
3216
3206
3172
3182
3212
3164
3310
3248
3318
3338
3370
3394
3466
3428
3430
3490
3504
3620
3508
3490
3400
3420
3440
3466
3504
3402
3392
3404
3400
3494
3438
3370
3378
3374
3322
3348
3372
3402
3444
3402
3406
3400
3348
3354
3384
3390
3440
3384
3498
3442
3464
3486
3436
3414
3470
3434
3448
3416
3406
3342
3290
3268
3324
3360
3334
3276
3258
3248
3292
3322
3302
3168
3196
3244
3270
3276
3306
3286
3278
3392
3350
3320
3308
3224
3226
3262
3222
3282
3310
3322
3342
3344
3286
3380
3416
3334
3402
3434
3450
3354
3466
3350
3356
3384
3280
3330
3280
3162
3184
3168
3148
3200
3192
3174
3116
3064
2988
3052
3094
3046
3122
3126
3154
3010
3052
3070
3090
3074
3050
3034
3044
3070
3134
3080
2952
2912
2852
2828
2826
2838
2920
2912
2926
2872
2812
2766
2866
2892
2898
2830
2876
2878
2862
2854
2918
2908
2838
2778
2794
2848
2824
2926
2962
2918
2828
2722
2762
2758
2752
2786
2770
2822
2898
2928
2934
2838
2862
2932
2944
3088
3090
3048
3090
3058
3108
3162
3158
3174
3266
3318
3354
3348
3304
3360
3250
3194
3148
3214
3184
3176
3090
3078
3060
3024
3084
3028
3044
2984
2980
3062
3004
3016
3030
3112
3174
3156
3136
3072
3060
3094
3050
3006
3036
3050
3030
3056
3004
3002
2992
2988
2986
3020
3100
3174
3222
3296
3308
3276
3320
3306
3370
3340
3338
3304
3290
3268
3206
3232
3318
3218
3266
3270
3294
3288
3206
3122
3186
3278
3288
3362
3330
3282
3284
3276
3262
3288
3340
3300
3336
3332
3408
3380
3348
3310
3242
3330
3372
3328
3250
3212
3318
3344
3286
3248
3298
3264
3278
3290
3264
3348
3306
3280
3210
3280
3330
3348
3340
3276
3392
3460
3442
3452
3400
3442
3396
3430
3396
3362
3384
3282
3266
3310
3342
3336
3370
3374
3406
3432
3360
3344
3388
3396
3396
3414
3448
3398
3350
3346
3400
3374
3416
3440
3384
3334
3310
3198
3192
3234
3322
3296
3376
3430
3346
3330
3364
3356
3336
3346
3310
3352
3296
3310
3284
3220
3254
3310
3352
3262
3220
3196
3230
3214
3208
3186
3232
3288
3256
3252
3294
3304
3264
3262
3246
3170
3238
3268
3296
3244
3260
3306
3400
3398
3326
3284
3282
3264
3274
3342
3394
3400
3382
3378
3340
3286
3164
3050
3124
3120
3130
3184
3174
3216
3252
3198
3176
3150
3106
3168
3112
3060
3108
3056
3040
3056
3110
3174
3172
3256
3226
3176
3240
3306
3242
3270
3338
3266
3306
3284
3362
3306
3232
3220
3272
3328
3320
3424
3372
3438
3424
3422
3394
3360
3362
3346
3394
3396
3384
3274
3228
3284
3336
3320
3306
3220
3206
3200
3188
3238
3282
3342
3214
3262
3212
3190
3200
3184
3266
3336
3386
3380
3434
3460
3452
3422
3392
3352
3446
3480
3408
3410
3444
3386
3410
3376
3428
3368
3442
3388
3390
3356
3414
3402
3352
3390
3366
3378
3444
3350
3380
3316
3276
3222
3160
3152
3134
3198
3302
3264
3212
3202
3272
3280
3258
3228
3216
3296
3256
3290
3292
3310
3284
3338
3380
3422
3422
3358
3408
3312
3280
3284
3268
3282
3290
3270
3248
3258
3310
3334
3328
3310
3298
3292
3272
3198
3196
3202
3198
3248
3278
3314
3288
3284
3300
3320
3308
3250
3204
3176
3158
3200
3252
3282
3256
3294
3240
3232
3282
3378
3388
3426
3350
3356
3376
3314
3326
3240
3216
3222
3288
3348
3334
3286
3392
3454
3494
3442
3492
3542
3506
3496
3500
3508
3512
3534
3478
3428
3436
3446
3516
3470
3476
3408
3410
3310
3336
3340
3292
3262
3218
3208
3254
3272
3308
3348
3352
3312
3240
3230
3210
3204
3062
3102
3086
3152
3146
3142
3178
3210
3196
3194
3230
3176
3158
3238
3194
3278
3240
3154
3200
3194
3150
3190
3196
3212
3232
3266
3236
3344
3328
3364
3316
3326
3294
3332
3338
3338
3270
3296
3214
3210
3192
3220
3210
3260
3334
3350
3314
3390
3422
3314
3288
3300
3266
3248
3270
3348
3340
3374
3402
3428
3480
3474
3448
3416
3374
3334
3314
3354
3366
3306
3304
3282
3214
3150
3218
3160
3162
3192
3256
3214
3176
3234
3340
3330
3262
3224
3134
3160
3168
3142
3214
3166
3166
3164
3124
3122
3226
3256
3300
3262
3422
3422
3402
3404
3418
3366
3392
3350
3310
3328
3324
3290
3232
3196
3164
3222
3190
3252
3312
3288
3264
3232
3272
3220
3188
3164
3190
3228
3262
3266
3288
3262
3198
3190
3150
3238
3310
3316
3248
3128
3092
3038
3094
3098
3160
3188
3216
3200
3246
3248
3398
3414
3388
3474
3310
3310
3276
3306
3340
3374
3300
3312
3292
3272
3242
3266
3206
3244
3236
3140
3242
3184
3220
3102
3032
3030
3022
2958
2968
2856
2868
2822
2836
2880
2882
2880
2846
2892
2908
2902
2962
2964
3038
3010
3010
3028
3022
3056
3096
3056
3006
3108
3112
3204
3182
3262
3290
3348
3398
3440
3410
3452
3374
3368
3398
3378
3360
3282
3280
3326
3352
3256
3294
3234
3262
3286
3256
3222
3176
3194
3230
3236
3202
3142
3148
3134
3160
3172
3130
3110
3114
3112
2996
2968
2930
