284
298
324
298
280
298
290
326
320
322
340
376
380
324
332
304
304
270
256
266
236
242
278
294
228
218
192
240
260
288
272
342
324
326
284
264
220
206
218
254
230
212
214
204
222
182
198
174
154
102
142
132
88
66
78
90
64
78
76
70
36
32
54
8
42
50
42
60
4
18
50
112
164
132
122
110
120
154
214
214
200
222
244
244
268
274
248
196
182
194
246
240
248
216
226
192
172
172
180
152
134
154
188
164
224
260
272
308
258
262
294
328
330
328
286
326
354
378
356
346
364
356
352
398
404
430
436
432
446
458
466
486
502
468
520
562
570
566
576
606
598
608
580
610
592
650
536
582
522
488
434
424
446
450
410
366
344
366
408
412
452
480
482
476
504
502
508
540
470
512
538
558
554
582
616
594
686
700
696
618
648
636
620
578
560
598
590
566
568
502
474
524
500
478
480
480
512
544
528
510
502
500
498
498
528
508
536
510
486
528
514
500
488
488
474
476
438
416
372
330
308
396
434
430
382
358
346
396
422
360
328
406
402
416
382
362
364
360
356
316
320
334
272
282
284
246
234
286
286
280
298
174
164
210
208
270
280
292
306
332
314
304
254
256
278
228
222
306
324
378
402
394
366
314
300
292
280
282
254
266
266
300
272
280
210
190
222
248
182
186
196
224
226
176
146
130
128
158
166
160
122
82
42
42
86
60
68
60
30
50
56
82
24
0
2
24
36
34
38
6
0
14
24
14
16
50
36
14
2
30
10
66
50
28
38
84
68
68
12
50
78
114
152
128
82
12
0
30
44
86
88
18
54
110
146
118
128
138
156
122
156
154
176
200
256
216
162
178
134
112
80
64
60
102
122
132
148
186
166
188
142
144
142
136
146
122
0
24
38
32
72
80
86
70
96
70
42
2
14
14
46
22
12
30
28
12
52
78
130
92
66
80
36
32
48
30
38
34
46
48
70
52
34
32
4
14
6
54
70
34
26
62
26
32
74
50
74
96
24
8
60
30
18
76
50
40
32
30
14
34
26
20
16
4
10
12
16
2
2
36
16
40
46
40
138
174
200
192
148
176
146
48
46
50
54
30
42
10
56
80
2
2
50
130
174
196
160
174
230
178
170
140
128
140
134
68
84
94
62
110
112
150
124
102
158
146
208
200
270
292
298
306
282
322
288
338
344
344
382
406
344
386
406
388
378
390
364
346
330
310
362
290
336
244
180
128
144
164
104
58
54
60
2
42
82
68
50
66
82
146
172
162
100
114
152
178
150
134
168
188
252
286
314
288
304
326
350
368
356
408
444
472
496
496
464
458
488
458
422
444
448
426
410
420
482
508
532
552
548
602
590
620
654
670
628
662
674
680
650
614
588
662
644
618
612
620
616
596
602
616
600
552
540
550
532
534
556
576
568
560
552
548
548
588
624
624
618
610
572
546
558
500
542
596
610
640
686
684
664
672
662
656
686
728
694
672
640
634
638
688
690
710
746
726
702
696
716
698
712
714
684
676
674
632
680
704
730
724
702
726
738
758
756
824
794
758
768
732
766
772
736
702
730
670
672
690
672
660
660
696
714
718
726
720
716
740
748
738
728
740
748
778
730
720
708
734
776
754
718
732
724
714
722
758
770
756
746
774
814
798
782
782
828
836
832
808
800
794
830
830
820
810
824
810
766
784
866
838
830
838
852
820
790
816
818
832
820
782
772
794
808
794
778
816
794
826
848
854
864
826
816
826
836
802
786
768
784
762
718
734
736
742
732
744
682
668
694
714
706
694
704
706
714
664
668
684
638
684
664
686
670
686
622
620
592
646
648
620
628
648
606
612
642
660
688
656
654
694
694
684
718
726
708
730
730
748
706
688
756
736
638
674
630
638
686
748
742
710
718
732
750
808
796
762
748
756
712
662
708
710
724
712
756
748
756
756
710
688
710
690
698
724
726
746
746
704
718
702
768
790
778
766
736
776
800
818
820
766
768
774
798
804
758
792
788
788
764
740
676
652
636
658
624
598
574
590
562
576
562
518
544
554
572
604
604
568
590
514
538
530
556
622
624
636
622
674
656
626
642
674
664
674
674
630
570
574
592
530
528
556
554
534
526
524
556
518
520
498
516
470
456
560
538
520
520
536
566
600
556
558
600
608
636
582
620
604
584
612
630
610
602
634
620
596
604
660
660
616
632
592
536
488
546
588
558
588
594
560
522
510
500
506
550
544
578
574
560
568
580
586
554
580
554
628
602
594
642
666
688
742
750
722
698
750
728
720
698
698
700
688
694
748
708
714
688
698
730
682
662
632
692
650
664
700
718
750
676
646
610
624
582
544
540
546
560
636
662
650
706
704
682
662
672
716
688
712
744
732
748
744
762
740
724
722
710
710
732
732
706
700
708
744
720
682
658
672
654
632
632
570
610
516
490
510
488
488
570
582
510
468
452
506
440
464
488
472
480
442
456
408
438
440
490
516
550
522
512
512
528
548
578
546
500
482
538
542
472
418
402
400
406
394
462
502
552
554
550
516
512
480
452
440
450
478
416
424
416
394
424
414
388
382
346
342
330
330
340
290
326
258
248
210
264
246
214
202
190
226
234
216
154
146
150
90
132
106
62
26
34
32
26
70
76
24
28
40
10
14
46
82
60
100
96
68
108
128
146
168
212
180
180
178
202
194
146
196
170
168
134
54
46
48
28
26
20
6
34
92
136
84
106
124
68
108
92
76
92
78
112
124
100
122
110
174
144
144
110
128
146
124
134
134
126
150
190
184
224
196
196
132
62
64
52
6
6
22
2
30
32
92
64
54
88
130
172
162
152
128
140
200
190
212
180
198
236
226
222
194
194
210
260
284
286
276
302
328
328
278
242
264
266
278
278
310
306
262
250
242
222
220
214
200
162
150
148
204
214
192
210
214
246
226
252
276
260
244
190
178
204
254
268
248
252
252
288
296
310
300
296
318
322
282
276
262
282
314
284
298
226
250
218
198
120
124
158
186
178
122
64
74
60
70
88
130
126
138
146
150
152
136
62
120
122
98
86
90
90
102
68
76
92
92
46
44
10
12
2
38
94
68
70
26
30
70
94
82
68
40
38
32
50
74
88
110
98
88
96
52
66
122
162
152
124
94
106
88
90
74
46
36
8
14
26
4
18
6
60
76
84
144
148
122
128
104
72
52
46
82
100
88
48
66
28
44
86
132
174
232
164
222
164
198
246
224
240
254
236
286
370
350
382
364
394
350
370
326
298
266
292
302
308
336
330
348
364
384
388
370
352
358
366
370
396
362
386
412
378
410
470
432
474
460
482
484
522
504
506
518
546
526
540
510
484
486
528
510
542
534
556
564
514
504
492
500
494
464
496
514
504
516
592
514
544
526
498
460
468
518
482
450
458
450
518
518
524
516
564
520
522
492
504
524
590
582
606
592
574
626
616
592
608
666
650
670
670
670
672
626
616
598
582
592
558
564
582
576
570
576
610
616
622
586
592
588
624
602
590
528
528
522
540
604
630
612
560
548
502
484
468
502
522
524
546
560
530
522
506
508
454
498
466
520
554
580
594
590
600
600
590
550
526
542
538
580
612
610
634
588
512
520
534
570
536
590
610
660
600
594
576
530
564
588
590
586
566
552
590
590
604
566
584
630
626
630
576
582
528
570
614
636
594
614
638
598
622
620
570
538
542
544
528
548
540
582
608
636
616
662
676
680
684
700
708
712
680
676
642
640
670
646
632
628
622
600
586
584
552
588
508
496
474
458
490
454
476
498
490
532
552
562
578
568
582
606
596
622
588
620
624
694
672
678
690
666
704
682
646
620
676
688
746
720
778
778
818
830
812
804
754
724
700
652
616
618
668
652
674
614
544
562
502
438
454
440
408
376
420
442
430
422
430
428
488
526
530
576
582
624
618
576
562
548
538
578
584
592
646
622
560
544
566
576
518
506
526
504
472
532
550
572
624
618
618
642
686
682
722
728
710
692
674
686
690
684
726
712
726
742
718
676
708
702
684
620
586
624
612
576
610
642
654
670
714
690
640
670
626
590
666
682
646
596
542
546
534
556
556
628
620
594
570
588
582
572
570
576
646
664
640
628
644
638
648
686
644
648
696
688
712
708
714
706
736
684
658
662
628
636
670
608
646
650
660
656
614
668
632
616
594
630
590
584
598
518
540
500
484
496
468
450
478
480
454
420
422
398
364
366
340
272
252
202
172
180
110
102
94
170
138
196
190
214
184
142
170
144
124
120
110
102
154
170
186
108
6
28
8
28
2
38
6
36
12
34
58
38
54
100
52
16
48
28
6
36
42
28
32
60
60
92
38
86
152
142
138
112
84
128
92
82
88
134
170
194
186
124
88
158
176
128
112
142
106
96
30
54
62
38
54
36
24
12
8
8
16
22
8
8
10
2
22
44
46
44
14
32
36
28
0
38
50
8
30
32
26
54
6
20
2
60
82
90
52
62
50
64
80
90
108
146
132
136
78
66
80
52
20
10
4
54
102
68
36
38
94
76
22
0
10
14
26
82
78
90
82
140
162
132
98
114
