410
376
312
402
366
408
388
382
416
316
318
328
310
348
364
336
354
368
354
334
366
378
410
442
428
440
402
350
390
376
434
448
466
472
424
390
366
400
446
448
442
424
444
426
456
456
474
496
492
482
530
522
460
462
462
462
472
528
590
532
568
510
534
536
518
490
512
424
434
452
468
434
436
424
464
432
392
406
404
400
496
452
426
462
498
536
534
568
540
530
534
560
526
530
554
580
608
644
636
600
554
568
572
610
614
590
578
598
580
582
520
468
462
486
490
446
472
466
464
488
514
488
460
492
498
500
498
544
520
504
520
486
512
498
578
618
570
540
510
504
512
532
568
588
550
548
504
532
546
544
546
514
492
500
526
516
548
602
568
548
608
658
670
634
576
594
594
574
548
562
556
546
564
536
564
612
550
590
576
598
598
592
590
598
628
594
608
622
578
604
624
598
616
614
602
630
602
588
568
550
516
576
572
608
618
572
514
520
510
546
560
574
580
572
560
546
456
456
486
494
464
478
480
502
492
512
564
560
552
548
530
536
542
518
518
486
546
580
570
526
586
544
554
542
490
514
594
614
596
594
558
602
604
508
468
508
546
512
492
476
492
540
596
580
588
626
606
542
582
546
602
610
626
678
708
690
666
644
684
646
622
570
594
602
620
588
520
496
514
544
532
514
542
512
494
520
526
524
474
488
496
436
444
440
394
388
398
404
418
402
366
334
282
256
224
248
202
182
146
174
116
104
84
156
172
188
182
218
244
232
240
220
248
254
252
296
310
268
260
260
222
200
178
196
268
288
310
316
340
344
406
404
398
360
324
340
326
330
360
300
300
338
342
366
366
374
378
412
398
386
408
384
364
364
346
340
290
292
242
252
198
220
262
254
262
242
220
242
264
178
160
194
204
214
238
246
228
240
226
242
286
230
238
200
178
162
192
176
134
112
134
106
88
138
138
84
90
56
138
90
40
48
46
52
16
64
74
28
16
16
4
46
70
118
138
190
202
184
194
144
122
148
116
116
86
66
66
88
70
24
0
20
12
52
24
54
32
76
112
140
104
104
82
36
44
66
92
86
126
88
52
8
42
14
56
68
10
38
46
50
24
84
24
56
88
110
72
84
108
148
140
142
76
136
164
144
164
182
188
240
276
304
268
286
242
256
250
282
318
348
318
258
328
366
372
314
326
340
342
310
290
336
316
330
316
262
258
300
264
338
312
302
242
240
284
282
270
290
308
304
288
284
322
354
358
340
318
278
258
188
200
262
324
360
332
330
410
430
390
376
406
360
372
402
414
434
444
422
370
370
408
376
422
500
500
506
520
558
542
504
460
484
446
470
480
476
488
502
480
450
432
410
406
404
454
468
544
596
590
614
590
598
652
602
600
634
674
686
682
652
636
624
636
652
650
600
574
546
590
548
558
540
522
530
526
568
614
588
590
558
534
554
560
566
548
570
546
586
502
450
504
516
526
500
460
410
432
420
364
416
396
358
354
292
274
220
164
166
162
80
82
70
74
102
104
144
140
146
114
154
112
120
132
134
174
144
168
136
162
148
146
126
108
76
72
12
52
22
68
58
42
10
98
70
72
24
22
96
92
104
98
94
46
44
30
16
32
8
20
50
80
62
62
124
54
104
146
270
218
250
262
212
218
186
220
210
212
130
146
152
190
238
242
250
272
322
298
252
208
230
246
302
304
260
234
190
218
216
172
158
212
244
206
174
262
242
198
166
168
208
240
282
304
278
212
200
196
166
218
232
220
218
154
164
200
182
138
88
60
76
80
88
186
174
176
164
168
180
202
198
198
248
172
102
72
98
70
76
88
142
126
154
162
178
178
200
234
222
256
222
212
182
126
72
126
154
76
74
54
40
2
12
38
20
24
20
62
122
34
8
38
74
148
172
208
222
250
252
248
276
286
324
350
340
382
364
390
368
414
454
478
488
446
400
392
400
468
526
534
524
468
480
492
474
442
416
420
368
328
366
320
300
290
358
360
368
384
404
400
374
378
364
350
304
308
316
332
414
386
408
386
380
346
344
332
378
452
442
406
362
348
310
328
370
402
346
390
464
436
398
416
410
420
506
470
438
426
466
510
530
588
602
582
612
594
666
680
698
634
628
614
572
562
560
556
568
572
554
488
476
432
448
464
482
470
512
502
508
520
582
594
534
552
592
608
598
548
528
464
458
492
554
522
514
434
450
550
612
592
554
528
538
540
518
494
524
520
472
500
556
584
582
594
614
596
620
646
646
628
626
630
634
564
562
546
522
548
562
560
564
580
642
632
646
628
580
590
482
510
606
596
564
534
556
550
582
616
608
618
644
664
686
662
668
648
592
580
596
612
548
564
558
512
572
530
482
428
418
454
464
484
530
538
508
546
600
590
604
522
518
496
488
474
524
558
524
514
470
472
476
504
498
458
446
416
392
408
436
440
394
374
416
430
444
472
460
492
476
538
512
472
478
510
446
506
500
460
458
518
526
600
548
526
504
538
482
520
480
478
434
450
488
472
482
498
494
482
468
414
432
460
436
368
354
356
320
354
366
292
310
316
306
224
242
274
310
330
286
326
344
348
370
332
342
286
274
222
172
174
150
136
110
164
138
148
200
164
164
180
156
88
106
140
148
190
186
232
268
308
320
332
308
274
240
266
254
216
178
192
198
258
290
306
360
376
356
296
280
280
336
402
360
322
282
260
218
250
274
230
170
186
156
130
122
116
134
154
126
132
160
148
174
170
176
254
314
342
312
276
256
232
266
242
232
218
242
286
286
274
268
266
286
260
268
346
330
366
380
418
388
406
392
454
398
446
454
444
432
416
422
476
472
486
498
532
570
568
604
596
608
564
566
528
480
462
468
478
434
416
436
402
396
430
444
392
384
420
386
376
356
380
390
342
286
280
224
336
308
282
288
284
340
322
340
362
364
400
386
410
378
374
360
342
286
292
322
430
466
514
474
470
464
412
342
336
380
402
400
474
516
480
476
420
400
396
374
352
334
364
358
324
378
386
368
382
384
436
470
446
394
444
430
434
436
400
386
374
418
422
364
310
316
318
306
370
364
374
356
338
334
328
336
320
320
294
304
280
260
216
224
184
206
168
82
64
66
60
86
98
90
120
152
128
148
182
208
184
156
146
96
62
68
68
22
42
66
68
126
106
72
100
106
90
88
96
90
128
138
124
194
154
166
194
174
158
164
136
178
178
210
184
166
188
190
148
198
234
270
218
198
140
136
132
176
132
156
158
100
110
158
156
210
234
240
252
232
176
178
216
222
220
212
232
126
20
28
10
48
4
42
88
76
140
122
102
110
146
102
94
156
188
208
172
160
170
128
148
218
194
192
184
198
248
196
224
230
252
254
236
240
294
328
282
270
286
280
264
220
214
212
222
182
198
196
140
130
154
184
102
88
100
104
68
40
16
32
64
72
62
6
42
62
56
20
26
6
22
28
18
10
46
92
84
104
72
58
110
142
148
190
248
286
296
270
298
324
310
276
306
272
282
294
294
334
338
348
362
418
448
412
464
482
506
462
464
454
420
414
414
402
432
528
574
562
538
448
400
300
370
400
406
380
374
384
378
382
350
370
398
416
416
448
374
336
264
260
238
240
290
266
222
166
110
52
40
116
162
90
120
104
100
92
134
76
118
106
88
40
26
32
8
16
24
28
20
30
58
72
54
8
26
62
122
44
28
70
68
74
84
58
104
72
102
170
134
164
178
128
134
118
152
154
176
190
194
116
82
34
6
16
16
26
68
66
54
42
48
60
22
4
14
58
60
46
22
4
74
90
54
140
190
194
218
256
218
218
232
224
200
190
218
222
186
144
148
122
88
112
142
224
268
268
258
234
282
300
274
290
244
220
170
224
240
214
160
214
224
200
232
222
258
226
232
208
190
202
204
152
170
148
140
136
172
268
210
184
174
168
104
126
170
136
148
124
150
194
198
256
250
246
184
160
156
198
288
260
174
188
208
254
234
238
270
262
206
128
146
160
134
134
132
80
126
122
30
8
20
20
18
58
20
36
42
54
96
92
90
122
146
112
86
80
94
86
74
76
44
78
46
18
40
68
116
86
110
74
66
40
64
146
186
168
166
164
110
102
74
122
122
72
82
122
82
42
40
10
32
16
44
40
14
20
40
18
24
66
58
76
134
90
112
138
126
84
84
40
82
54
8
26
10
6
32
2
54
92
112
160
212
164
198
240
256
216
234
196
184
200
222
234
242
228
222
210
196
172
166
158
106
86
54
18
16
26
16
68
84
72
120
128
166
192
170
148
214
186
156
190
128
170
118
110
76
100
132
142
146
72
54
104
56
46
20
4
2
22
16
32
10
2
8
24
94
48
68
20
44
8
36
48
42
54
4
62
50
78
96
114
110
136
140
166
98
110
36
50
2
62
90
68
68
102
84
66
62
44
24
60
68
92
90
84
8
16
58
100
102
100
100
114
130
196
178
130
94
86
128
100
66
100
74
114
74
40
0
52
46
46
32
20
4
4
30
14
38
90
58
24
30
34
40
32
20
16
44
22
12
8
22
48
