178
158
130
122
126
76
72
40
32
22
92
106
72
30
80
114
112
112
194
150
108
26
14
46
42
56
6
8
18
18
26
64
42
42
74
64
70
124
142
74
72
42
52
20
16
40
20
88
62
86
36
50
116
92
40
16
20
28
14
24
22
84
92
132
176
152
142
202
180
184
156
158
152
170
174
172
174
146
186
264
280
310
276
300
292
252
230
228
214
204
258
194
220
218
202
176
92
120
108
116
68
86
112
122
130
68
44
16
18
12
68
42
28
94
110
96
58
70
18
30
4
2
42
88
122
130
100
68
72
76
0
26
32
72
76
150
156
158
148
140
138
110
138
154
132
108
136
196
176
148
176
136
138
112
88
92
150
122
100
120
112
102
94
90
144
106
124
120
126
132
164
198
212
276
388
440
458
414
392
414
402
424
458
466
456
470
460
406
356
356
400
394
430
432
400
494
406
444
522
582
598
596
602
582
516
518
520
518
488
546
538
504
468
524
550
532
542
584
572
562
540
538
582
614
592
564
572
628
630
624
578
594
598
570
614
632
596
640
604
604
656
602
672
698
688
706
732
678
774
784
756
736
774
762
672
674
690
720
700
720
720
658
648
606
572
540
538
562
584
570
574
546
538
544
574
572
560
506
478
576
544
518
490
480
492
484
498
452
500
504
534
522
542
508
430
374
456
368
360
392
434
470
454
426
464
440
478
484
520
510
550
562
566
570
600
630
606
566
538
532
550
602
662
662
626
596
606
566
536
516
526
522
500
538
526
512
482
470
484
454
490
524
514
508
526
444
366
370
420
430
388
410
422
456
444
414
434
484
488
418
436
454
440
418
414
432
396
472
440
440
454
500
556
492
518
454
460
502
514
568
624
632
670
666
636
640
578
600
572
590
596
638
668
670
644
636
602
650
644
634
650
648
672
670
706
660
670
686
676
638
626
604
592
590
606
604
512
506
504
442
454
470
436
426
486
444
410
426
436
450
426
410
434
364
406
434
474
496
514
514
544
528
556
594
590
540
486
512
500
502
502
566
614
614
642
628
620
622
604
522
560
530
532
542
496
456
470
484
476
456
458
498
472
482
448
484
486
442
420
404
462
488
488
508
516
506
434
402
394
442
456
450
396
390
378
360
446
396
424
460
442
434
460
418
370
402
390
362
324
342
308
302
280
286
280
300
338
286
238
162
196
164
158
168
126
146
176
270
274
296
306
326
302
232
234
186
212
104
204
256
282
266
288
324
286
284
274
322
304
276
310
308
302
234
258
236
208
218
260
258
228
218
194
166
186
170
116
98
80
104
120
78
20
26
8
50
24
40
38
26
8
10
38
70
44
12
56
44
32
62
34
44
20
8
16
10
56
100
50
78
70
50
28
4
20
74
66
66
74
84
102
88
94
92
60
112
160
158
160
182
180
238
250
274
258
264
262
202
260
230
238
264
292
252
270
244
222
236
242
186
170
206
180
186
178
132
90
66
100
50
80
66
94
116
38
0
44
18
68
46
78
54
92
86
86
108
134
120
94
76
6
48
54
40
62
32
88
60
120
44
8
18
40
2
12
16
58
46
18
52
98
98
110
48
102
136
182
152
136
124
106
128
176
206
186
194
192
258
252
238
246
228
230
226
242
238
242
270
266
274
300
312
400
364
396
346
338
288
304
346
364
358
410
364
366
390
420
418
438
444
472
456
438
430
518
484
492
502
458
488
498
534
530
548
562
522
534
552
508
566
528
526
498
480
504
516
528
532
486
506
566
568
542
484
444
426
444
412
458
424
444
400
424
434
430
426
398
322
362
360
386
392
364
382
410
432
466
440
374
380
390
442
414
402
410
396
428
486
464
434
418
404
438
392
436
500
480
468
456
500
522
472
468
426
362
324
420
448
476
518
572
570
554
542
574
530
536
542
560
582
606
612
648
662
646
630
612
594
582
616
616
594
618
584
574
582
582
578
590
606
572
570
580
584
592
632
646
678
736
754
722
732
728
724
742
780
728
692
684
686
662
674
594
624
634
586
620
656
662
662
644
556
566
562
596
594
590
514
576
548
514
484
544
500
528
476
438
402
442
442
508
518
476
486
500
550
540
502
474
462
450
476
408
472
468
486
492
480
434
516
580
642
602
524
518
534
512
500
484
500
482
452
460
416
452
452
392
376
392
422
424
446
476
462
450
448
428
436
388
340
336
346
308
310
292
310
340
352
370
382
344
340
372
416
414
460
484
408
412
386
428
422
442
450
466
444
430
444
450
362
360
410
378
334
360
362
360
366
386
412
378
382
376
404
422
446
430
416
464
482
496
476
442
448
472
452
440
486
464
514
482
480
484
526
488
486
494
516
468
436
448
430
406
404
418
410
328
280
252
236
178
180
226
176
182
184
146
180
154
126
104
66
30
78
68
84
42
44
76
84
86
6
34
72
82
164
110
108
166
212
296
284
282
328
292
308
280
334
382
362
380
410
408
430
404
342
322
296
294
238
166
160
222
246
342
288
276
270
268
264
266
264
308
236
272
318
378
364
336
314
360
324
296
270
260
208
212
306
300
290
306
310
308
330
314
282
282
308
278
336
358
344
298
298
280
262
264
262
160
92
38
56
38
22
130
172
146
120
92
28
22
12
48
64
96
38
36
26
50
16
22
56
56
62
58
32
88
126
110
122
154
154
68
50
42
44
26
4
28
54
126
150
170
136
78
68
60
104
194
164
202
202
226
218
176
174
162
194
216
214
210
186
194
214
216
212
152
124
130
132
94
132
160
178
152
134
150
106
134
156
136
148
126
184
138
204
224
216
176
132
92
134
114
136
140
156
130
140
118
148
160
132
114
146
156
114
142
132
144
94
112
154
162
172
208
190
228
244
230
208
232
192
132
118
146
204
228
220
248
300
288
210
280
352
394
338
358
404
362
352
352
406
402
406
402
404
428
434
484
500
482
526
538
514
488
464
428
334
322
374
420
410
450
404
346
344
334
360
408
394
332
332
346
278
292
306
296
300
320
394
368
400
424
450
472
474
496
468
454
480
474
500
468
462
436
438
450
424
410
424
434
388
444
434
406
386
380
350
336
346
424
432
348
298
342
292
326
294
304
302
296
248
262
252
292
314
344
338
372
390
376
330
362
344
364
392
418
418
452
484
458
396
348
348
326
304
400
388
430
450
456
414
366
346
322
280
286
328
312
330
310
322
246
214
254
252
262
224
248
188
248
222
198
258
216
206
268
254
292
320
336
312
314
348
370
336
366
334
364
378
416
328
400
412
384
426
396
366
362
344
326
366
318
374
358
324
334
364
318
334
340
318
322
328
344
358
384
342
306
270
306
286
308
312
298
272
268
296
256
248
240
182
194
176
152
146
114
64
108
150
138
130
164
224
186
222
262
240
206
168
202
228
266
244
216
240
234
216
198
160
156
190
252
222
190
192
190
182
212
204
264
290
286
266
268
254
264
162
238
224
198
166
168
148
90
60
14
8
4
58
44
52
46
62
26
4
62
28
22
80
34
130
152
110
92
126
104
88
122
156
186
204
192
130
190
136
148
198
176
162
152
146
146
226
252
254
262
316
342
276
270
264
254
248
200
180
172
166
166
130
92
120
132
68
90
138
82
112
106
108
98
128
170
130
168
144
136
104
114
72
120
86
108
124
174
218
168
198
148
158
174
168
188
206
206
236
214
176
154
90
56
58
46
70
74
78
88
102
50
76
114
102
86
136
126
130
152
114
132
102
114
98
76
44
50
46
92
72
82
40
54
28
22
12
18
42
22
8
90
106
42
72
68
108
120
148
156
218
140
206
208
178
124
68
44
14
30
24
14
64
56
58
120
102
92
62
24
28
66
40
6
18
48
30
34
38
42
56
92
140
86
92
76
82
86
50
60
24
38
28
4
30
46
2
42
38
66
86
128
116
52
88
68
102
78
90
96
76
40
30
22
38
12
40
0
22
12
34
86
64
90
4
62
20
62
48
16
26
16
18
50
46
44
76
72
14
6
12
28
8
32
14
6
4
82
16
80
30
18
10
56
128
134
100
66
76
70
54
50
34
104
70
14
44
58
18
58
56
28
56
16
16
50
14
6
2
42
46
44
84
152
154
190
158
144
120
192
208
228
302
256
240
218
192
184
168
120
164
124
128
108
130
114
118
78
56
24
58
40
68
24
6
60
78
86
14
12
2
24
26
18
18
76
28
58
102
106
84
56
62
78
102
156
138
142
106
98
106
74
68
110
76
152
190
242
272
260
234
238
188
172
132
152
196
176
184
220
204
218
198
142
104
174
218
226
174
158
96
98
82
70
90
68
92
152
206
214
188
176
238
236
238
278
196
256
270
318
302
320
356
416
414
440
442
452
486
496
486
536
518
536
540
580
520
540
504
484
466
486
506
512
544
492
494
536
498
504
474
476
422
502
440
408
396
358
390
386
376
386
366
300
374
386
416
342
404
414
384
376
388
376
376
364
336
290
312
322
322
360
340
412
456
466
436
432
400
388
430
472
482
504
466
510
514
494
460
380
410
484
526
478
464
550
576
540
520
528
550
522
538
