886
906
900
898
922
908
900
920
930
936
902
892
882
892
868
908
888
922
910
926
954
922
926
904
916
912
900
900
902
918
912
890
884
868
864
884
906
882
906
894
894
926
920
916
916
934
920
918
918
932
912
928
928
930
896
906
924
902
864
864
860
874
886
894
854
870
874
934
912
894
920
928
924
930
932
944
936
956
930
924
930
910
876
888
864
848
838
846
842
874
864
856
878
908
892
886
878
854
796
816
828
828
810
800
778
792
744
750
786
808
782
824
832
858
892
850
896
896
888
878
872
864
846
840
868
874
886
844
822
802
786
792
814
798
814
802
828
836
782
786
806
798
770
798
770
800
800
808
826
862
878
874
900
900
926
932
900
902
892
914
934
958
950
922
904
892
898
912
918
910
904
902
922
878
860
846
844
848
870
894
892
860
858
898
890
884
878
868
906
896
902
908
910
892
884
926
920
902
908
906
886
866
874
908
936
932
902
858
868
860
882
880
878
886
882
860
892
898
892
898
902
882
916
926
908
924
906
926
908
924
912
912
904
874
836
814
790
792
826
808
858
840
836
842
848
866
846
858
844
856
862
866
880
860
884
888
862
882
882
912
886
878
868
896
874
868
904
914
894
888
894
888
902
880
902
898
886
894
908
920
900
908
908
894
882
908
926
928
916
920
920
912
934
908
878
874
888
882
894
894
894
888
872
884
910
892
876
878
884
880
852
860
880
876
892
876
882
898
886
898
888
930
954
960
942
938
924
932
928
926
900
902
876
888
882
900
910
872
846
874
890
896
888
860
858
840
840
802
774
784
778
786
794
808
826
822
826
878
886
882
898
894
926
884
894
890
878
876
890
912
938
918
916
940
936
922
922
934
928
912
930
934
918
922
932
928
916
900
900
902
882
896
874
884
890
918
926
938
970
970
938
932
916
896
854
856
864
866
848
860
844
862
884
884
874
836
844
868
884
874
894
904
892
866
866
902
878
902
914
950
958
924
928
930
934
946
954
944
934
904
912
896
888
912
904
904
916
882
870
884
896
886
878
904
894
880
878
886
902
920
912
878
902
916
910
910
904
922
894
894
878
862
860
828
848
874
878
888
888
894
882
912
896
900
920
904
886
862
804
808
804
838
864
848
874
872
870
880
858
800
784
816
838
848
832
862
860
842
836
848
820
840
826
828
810
834
876
882
844
884
872
864
840
842
860
866
896
874
898
910
898
876
894
894
910
896
898
908
886
870
872
862
830
856
856
844
864
920
910
914
880
876
872
886
878
866
876
884
880
874
892
916
910
898
858
886
912
910
898
884
894
898
862
898
894
900
888
872
842
822
850
888
876
886
882
886
916
898
862
860
906
886
904
920
946
940
918
914
914
922
964
932
908
904
896
908
882
862
850
864
878
864
896
918
916
898
892
884
856
852
852
858
876
882
870
876
872
896
892
898
894
870
886
870
870
868
860
846
834
862
832
846
898
896
898
854
846
842
778
816
854
826
852
822
802
788
782
792
848
854
842
802
796
820
828
852
836
846
804
846
846
834
834
800
790
792
760
752
792
750
764
760
770
786
798
774
840
810
868
872
874
900
838
864
884
882
910
896
890
912
936
934
888
880
880
908
870
892
882
900
888
832
890
920
930
952
966
968
934
928
906
918
928
904
894
914
922
938
950
960
950
924
906
906
874
868
880
882
846
874
856
884
910
906
908
858
866
812
780
780
780
768
758
774
756
782
788
784
808
800
806
828
856
858
860
872
894
868
844
834
836
860
848
846
840
832
860
838
824
826
830
848
854
860
840
814
828
830
868
878
872
870
868
872
856
862
900
884
912
906
900
922
944
928
932
952
952
926
878
858
864
876
888
894
904
930
940
930
932
938
954
956
940
950
932
936
894
868
876
896
884
878
870
838
814
810
820
832
862
808
804
822
852
848
884
880
872
880
854
842
898
876
892
872
892
882
908
904
868
846
824
820
822
832
850
850
860
898
920
926
924
920
922
910
910
906
936
930
946
938
926
922
914
902
926
878
858
908
908
890
920
910
904
876
916
890
894
870
852
854
846
842
828
802
820
866
882
862
860
850
892
866
850
844
856
882
884
884
844
890
898
904
890
894
888
856
838
816
806
816
836
868
844
860
876
858
880
886
868
848
856
832
864
862
874
872
878
908
898
878
882
872
886
884
882
876
872
872
858
840
836
852
876
878
872
888
906
868
902
918
894
900
912
910
892
902
848
848
864
834
840
866
852
816
852
812
828
802
814
832
842
880
840
862
842
860
886
872
854
856
866
854
834
800
794
804
800
826
860
850
862
850
860
876
906
890
868
870
874
882
892
890
910
902
896
870
904
878
896
852
834
876
870
868
852
846
850
848
850
848
856
852
854
828
858
864
872
864
872
868
888
862
832
842
836
818
800
824
828
816
880
900
908
924
918
904
900
890
896
876
872
856
882
894
894
854
840
830
850
864
842
826
836
814
830
788
762
746
758
810
794
786
838
796
778
796
808
840
826
816
792
784
802
808
792
798
802
832
762
756
784
796
796
816
802
788
812
782
832
800
838
834
838
836
814
846
878
890
886
904
880
872
908
932
926
938
938
930
950
950
952
946
904
926
890
904
926
948
946
950
946
946
936
932
920
896
898
912
928
936
914
926
942
944
946
958
924
910
908
920
870
912
894
920
926
952
924
936
914
936
970
946
890
892
888
890
896
910
900
890
870
858
856
872
828
840
810
782
788
798
836
878
852
848
850
854
876
880
880
900
868
848
836
844
838
884
872
888
896
882
878
872
876
834
856
870
856
836
828
858
868
854
818
840
852
862
864
868
864
866
858
854
866
882
894
918
934
934
926
928
904
924
920
922
910
942
944
940
924
904
884
858
880
888
874
892
900
868
862
868
844
854
868
882
860
878
884
846
844
832
846
810
824
830
812
820
798
780
780
780
772
756
754
718
704
724
724
734
768
766
800
796
794
776
770
782
784
794
794
810
800
816
816
782
762
760
756
762
722
676
650
634
632
618
612
676
706
740
748
762
744
760
782
778
800
832
854
834
844
844
858
860
872
874
864
882
902
916
914
900
878
890
866
878
880
852
800
806
868
844
882
862
874
872
888
886
870
850
838
832
828
818
800
810
856
880
850
842
832
836
804
806
824
848
834
862
864
898
876
890
864
874
908
898
892
888
892
870
906
898
906
904
910
908
890
882
850
910
916
928
902
918
920
884
870
890
890
928
934
896
884
894
914
914
894
888
872
888
910
896
902
900
914
878
916
918
940
904
900
894
902
892
892
878
872
840
860
890
892
874
864
874
876
898
940
914
904
878
906
888
916
894
902
922
922
914
896
898
892
908
872
892
898
912
894
896
902
854
842
806
780
802
768
748
802
786
820
856
890
890
916
900
922
916
928
942
916
894
902
914
866
874
882
896
936
956
946
926
912
906
906
904
898
912
924
910
860
864
870
854
858
866
892
872
874
852
808
822
778
742
730
740
728
732
758
762
786
768
790
782
778
774
752
786
750
776
774
774
770
726
710
722
732
758
732
732
750
788
772
788
788
794
814
800
822
802
780
708
736
754
764
782
796
832
812
802
816
786
792
780
798
832
808
790
794
782
768
776
810
798
814
850
846
848
866
854
850
870
856
844
894
904
890
854
876
876
894
876
898
914
914
878
894
888
892
858
874
874
870
854
872
884
906
896
886
860
864
910
886
888
870
870
860
864
888
904
932
944
946
908
924
940
934
914
922
910
898
928
926
922
892
872
884
898
922
898
862
854
900
930
928
914
930
938
928
934
938
892
892
902
908
914
884
928
888
880
892
894
924
938
938
948
924
934
926
924
942
920
918
914
886
866
886
902
872
888
886
910
940
938
958
940
926
914
892
894
890
864
870
814
842
814
808
796
820
812
800
816
842
866
860
868
840
828
884
852
860
842
838
878
886
850
840
868
854
848
842
854
826
820
824
828
818
794
828
850
880
898
894
888
882
874
868
874
916
944
946
946
948
934
920
942
946
946
948
940
936
924
926
932
936
914
898
938
916
936
924
916
906
922
946
926
946
918
930
942
936
908
882
904
900
900
894
898
904
890
902
916
938
926
926
892
926
944
944
956
932
932
920
900
882
904
912
892
902
924
936
916
920
892
914
908
900
892
882
930
904
892
880
896
862
870
862
878
850
874
860
870
904
898
874
900
924
912
878
878
922
912
890
880
904
890
916
918
924
912
916
932
902
880
880
838
846
874
836
822
828
818
888
906
918
926
940
920
938
918
930
926
930
892
902
906
950
952
950
950
954
952
962
932
924
910
914
942
926
924
938
938
932
940
926
906
884
894
898
908
890
888
864
886
872
846
868
858
850
828
838
822
852
854
846
874
856
870
862
890
938
918
928
912
910
866
880
896
918
930
932
926
938
942
936
908
918
924
948
920
908
890
894
898
888
856
846
876
888
894
886
876
876
854
892
904
918
908
908
902
906
888
916
906
898
874
892
898
898
912
912
924
958
936
886
864
848
902
912
892
880
858
874
882
876
898
912
916
896
862
874
890
900
918
