1422
1440
1378
1420
1262
1184
1188
1276
1292
1334
1292
1240
1202
1182
1198
1316
1414
1450
1474
1490
1442
1516
1434
1436
1358
1446
1484
1482
1394
1410
1284
1260
1254
1264
1372
1392
1470
1360
1308
1364
1372
1350
1458
1480
1498
1732
1770
1640
1660
1664
1772
1746
1720
1798
1710
1816
1876
1886
1866
1948
1982
1958
1978
1874
1950
1928
1956
1982
2018
2006
1942
1856
1886
1906
1950
1924
1894
1804
1800
1814
1794
1760
1572
1550
1558
1518
1552
1554
1474
1482
1510
1652
1698
1690
1590
1576
1562
1640
1654
1626
1586
1588
1634
1648
1634
1578
1564
1496
1414
1412
1480
1542
1536
1508
1514
1604
1618
1598
1668
1684
1676
1758
1734
1668
1618
1636
1638
1638
1708
1660
1680
1624
1502
1482
1454
1442
1482
1494
1538
1524
1510
1504
1598
1624
1618
1656
1644
1660
1610
1652
1602
1570
1550
1612
1596
1642
1648
1744
1724
1780
1806
1824
1778
1826
1782
1764
1874
1912
1990
1948
1950
2030
2058
2158
2130
2140
2108
2204
2120
2116
2138
2176
2176
2074
2098
2050
2068
2030
2044
2004
2006
2020
1900
1878
1962
1996
1960
1972
1900
1788
1802
1852
1764
1790
1906
1860
2008
2068
2114
2096
2094
2020
2074
1990
1998
1844
1842
1886
1854
1758
1756
1844
1840
1776
1770
1848
1814
1838
1814
1852
1804
1824
1812
1852
1752
1762
1760
1766
1822
1918
1954
1928
1988
1920
1810
1848
1828
1862
1866
1994
2014
2020
1918
1944
1896
1906
1892
1994
1976
2018
2016
1932
2064
2108
2176
2060
2058
2076
2136
2086
2142
2100
2010
2118
2170
2272
2282
2396
2476
2532
2544
2490
2500
2496
2504
2438
2364
2376
2440
2420
2362
2286
2332
2234
2254
2170
2090
2072
2122
2206
2214
2168
2250
2320
2318
2278
2230
2178
2146
2176
2202
2172
2132
2118
2058
2068
2048
1994
2032
2038
2030
1988
2028
1950
1886
1890
1886
2020
2084
2008
2070
2032
2004
1904
1890
1862
1914
1936
1984
2032
2102
2150
2176
2192
2198
2260
2142
2074
2054
2064
2182
2220
2132
2044
1946
1848
1798
1778
1846
1786
1828
1878
1996
1842
1836
1910
1828
1788
1804
1916
1928
1974
2028
1984
2068
2032
2046
2002
2004
1940
1958
2000
2044
2164
2040
2098
2200
2234
2304
2274
2204
2196
2126
2066
2132
2092
2028
1996
2024
1954
1944
1958
1922
1974
1936
1916
1962
1852
1856
1912
1866
1990
2014
2046
2044
1972
1974
1940
1858
1784
1670
1680
1730
1662
1714
1734
1760
1700
1708
1758
1796
1756
1750
1772
1808
1798
1850
1842
1934
1886
1830
1870
1956
1940
1980
2036
2058
2038
2158
2222
2298
2278
2174
2194
2064
2098
2128
2188
2210
2126
2150
2154
2276
2290
2270
2300
2262
2362
2358
2332
2410
2464
2440
2320
2316
2256
2248
2154
2070
2110
2084
2122
2102
2060
1994
1908
1924
1936
1926
1926
1902
1872
1898
1932
1936
1876
1794
1838
1872
1836
1900
1930
1874
1966
1990
1940
1914
1876
1878
1796
1762
1740
1730
1700
1616
1518
1528
1580
1540
1584
1608
1734
1812
1828
1784
1718
1714
1706
1672
1690
1628
1608
1610
1554
1622
1562
1522
1580
1504
1452
1418
1396
1472
1624
1610
1682
1670
1684
1742
1824
1876
1900
1918
1886
1860
1900
1890
1876
1910
1946
1970
1954
1908
1884
1886
1766
1772
1822
1742
1710
1704
1700
1684
1778
1720
1698
1688
1660
1666
1598
1604
1712
1662
1660
1770
1744
1708
1784
1846
1814
1818
1854
1872
1922
1808
1756
1914
2024
2066
2000
2050
2098
2062
2016
2120
1982
1956
2024
2046
2058
1974
1960
2046
2022
1918
1910
1968
1922
1870
1854
1764
1724
1660
1632
1670
1662
1576
1516
1490
1450
1588
1700
1660
1666
1588
1598
1540
1532
1460
1398
1276
1382
1456
1402
1316
1290
1362
1462
1522
1568
1542
1548
1608
1538
1500
1624
1600
1590
1536
1594
1520
1506
1636
1656
1726
1678
1682
1650
1672
1582
1568
1714
1704
1700
1676
1688
1652
1632
1626
1636
1630
1680
1634
1610
1598
1632
1642
1686
1674
1824
1772
1734
1758
1770
1746
1780
1782
1760
1688
1752
1864
1804
1922
1840
1826
1894
1846
1852
1828
1888
1888
1870
1876
1866
1802
1902
2010
1986
1958
1950
1884
1838
1828
1768
1714
1710
1716
1810
1856
1780
1748
1752
1734
1704
1764
1804
1810
1848
1956
1928
1866
1858
1812
1872
1820
1768
1788
1814
1754
1778
1878
1886
1886
1888
2010
2048
2050
2124
2148
2086
2096
2024
1954
1920
1988
1940
1894
1892
1862
1878
1962
1880
1940
1868
1894
1898
1922
2004
1938
2030
1966
2004
1954
1982
2014
1994
2016
2008
2064
2100
2140
2164
2164
2240
2172
2160
2186
2234
2210
2266
2292
2216
2128
2144
2160
2152
2206
2280
2296
2278
2224
2092
2140
2198
2242
2240
2234
2236
2186
2228
2228
2270
2234
2298
2246
2184
2092
2094
2074
2122
2054
2000
1960
1928
1976
1944
2042
2074
1992
1940
1974
1950
1848
1936
1978
1900
1892
1804
1772
1728
1738
1648
1694
1664
1698
1670
1696
1690
1706
1724
1728
1726
1742
1730
1718
1722
1774
1756
1844
1846
1826
1736
1726
1814
1788
1808
1952
1988
2058
2128
2054
2016
2006
2142
2164
2170
2196
2168
2142
2046
1978
1934
2026
2124
2154
2170
2204
2150
2088
2072
2154
2150
2196
2208
2264
2302
2180
2188
2178
2120
2142
2160
2138
1994
2010
2060
2194
2158
2236
2280
2190
2270
2340
2338
2356
2394
2384
2336
2312
2326
2350
2300
2260
2232
2160
2108
2176
2192
2098
2144
2252
2376
2378
2412
2452
2530
2480
2466
2440
2478
2476
2362
2354
2374
2364
2348
2316
2304
2272
2250
2326
2310
2228
2168
2170
2148
2092
2080
2050
1984
2018
2012
1966
1882
1916
1876
1780
1744
1700
1708
1676
1696
1660
1604
1602
1694
1668
1656
1642
1622
1654
1786
1906
1848
1824
1832
1776
1712
1686
1698
1624
1538
1566
1606
1690
1620
1560
1558
1622
1650
1520
1446
1494
1394
1414
1396
1498
1468
1472
1486
1512
1522
1544
1608
1636
1634
1576
1526
1480
1432
1414
1518
1540
1578
1620
1676
1684
1760
1664
1718
1730
1750
1780
1760
1698
1650
1602
1612
1654
1638
1756
1758
1692
1686
1670
1554
1614
1646
1686
1830
1790
1906
1798
1720
1660
1672
1692
1642
1682
1698
1718
1690
1618
1582
1620
1660
1604
1576
1562
1590
1586
1598
1652
1538
1436
1420
1446
1372
1382
1406
1502
1400
1412
1344
1330
1400
1268
1226
1292
1238
1298
1256
1202
1214
1224
1132
1094
1184
1230
1246
1372
1512
1460
1512
1602
1692
1700
1710
1774
1712
1772
1806
1800
1842
1794
1848
1856
1828
1778
1816
1852
1932
1834
1946
1844
1916
1860
1870
1874
1820
1758
1826
1808
1876
1928
1928
1944
1928
1980
1910
1868
1852
2044
1968
1980
1882
1946
1996
2040
2022
2034
2012
2160
2164
2124
2074
2086
2048
1974
2024
2010
2010
1998
1952
1970
2046
2004
2018
2032
1960
1958
1960
2026
2016
2018
1912
1944
2006
2024
1946
1990
1990
2080
1986
2104
2142
2144
2122
2064
2074
2076
2180
2208
2256
2064
2200
2304
2346
2350
2350
2352
2356
2390
2378
2294
2226
2206
2120
2144
2156
2106
2024
2072
2156
2090
2066
2038
2070
2034
2002
2000
1930
2074
2094
2004
2122
2206
2204
2270
2232
2158
2112
2164
2150
2064
2116
2116
2126
2054
2082
2022
2040
2058
2006
2086
2154
2130
2074
2054
2026
1946
1832
1790
1786
1772
1740
1770
1808
1820
1806
1836
1924
1812
1792
1770
1668
1716
1706
1624
1732
1638
1696
1678
1650
1696
1570
1578
1558
1488
1520
1594
1642
1700
1672
1678
1678
1738
1766
1826
1824
1814
1772
1652
1690
1618
1586
1552
1466
1524
1568
1618
1630
1516
1616
1608
1534
1556
1632
1516
1408
1530
1596
1592
1564
1504
1702
1762
1772
1750
1772
1882
1880
1884
1824
1876
1818
1854
1820
1856
1850
1856
1974
2040
2058
2046
1926
1980
1924
1950
1974
1854
1880
1858
1868
1858
1828
1832
1876
1840
1910
1958
2048
2062
2084
2132
2124
2202
2238
2344
2418
2458
2516
2566
2660
2648
2718
2804
2782
2778
2756
2620
2598
2616
2622
2630
2684
2698
2660
2634
2670
2590
2562
2520
2508
2516
2526
2558
2564
2586
2590
2580
2600
2664
2616
2568
2508
2492
2556
2658
2596
2606
2618
2678
2638
2536
2462
2428
2360
2242
2286
2410
2372
2288
2372
2452
2430
2476
2506
2512
2504
2554
2590
2584
2500
2454
2530
2492
2450
2452
2426
2322
2378
2332
2368
2384
2388
2370
2426
2402
2364
2470
2534
2540
2544
2554
2628
2656
2584
2568
2496
2524
2426
2400
2346
2310
2282
2188
2106
1988
2064
2044
2008
2062
2136
2170
2250
2232
2152
2186
2228
2102
2084
1998
2092
2032
2062
2170
2158
2256
2214
2216
2184
2146
2116
2074
2004
1992
2160
2018
2024
2042
2070
2028
1978
1954
1920
1880
1896
1772
1778
1754
1738
1770
1706
1624
1696
1728
1740
1738
1730
1704
1664
1680
1694
1764
1632
1632
1674
1614
1582
1490
1600
1572
1602
1602
1462
1592
1516
1522
1520
1584
1578
1618
1646
1676
1708
1674
1698
1796
1792
1946
1986
1938
1846
1864
1752
1708
1706
1744
1798
1808
1824
1862
1868
1796
1796
1914
1840
1848
1806
1844
1866
1962
1822
1840
1758
1754
1782
1670
1540
1526
1530
1574
1726
1702
1714
1706
1654
1734
1642
1574
1710
1736
1682
1636
1676
1744
1820
1824
1904
1856
1722
1720
1666
1678
1714
1768
1720
1720
1700
1744
1776
1776
1800
1744
1742
1738
1724
1646
1652
1642
1658
1676
1686
1700
1718
1670
1786
1752
1766
1716
1620
1628
1596
1570
1514
1568
1538
1554
1654
1674
1700
1696
1704
1656
1662
1590
1622
1590
1564
1578
1566
1484
1426
1464
1532
1502
1592
1516
1436
1442
1460
1470
1384
1424
1490
1544
1600
1650
1798
1708
1692
1608
1738
1774
1760
1788
1732
1762
1750
1748
1676
1624
1628
1654
1628
1606
1602
1610
1628
1522
1464
1546
1608
1518
1536
1514
1448
1372
1344
1350
1430
1394
1374
1364
1458
1444
1518
1574
1652
1570
1560
1664
1678
1744
1708
1660
1650
1580
1582
1652
1536
1498
1608
1530
1412
1554
1530
1484
1528
1548
1534
1522
1542
1452
1466
1522
1492
1510
1580
1492
1476
1446
1492
1430
1382
1370
1524
1578
1626
1720
1706
1582
1624
1646
1534
1598
1672
1630
1598
1568
1484
1562
1580
1512
1474
1288
1334
1338
1384
1382
1292
1346
1230
1164
1232
1228
1250
1188
1180
1054
1050
1076
1084
1056
992
1010
1120
1088
1102
1126
1154
1130
1002
1010
996
880
890
1010
920
906
798
904
892
900
892
966
906
940
980
976
934
886
896
894
798
918
924
962
998
1058
1098
1076
1004
1040
1012
1072
1080
1092
1106
1078
1068
1086
1224
1182
1090
1104
1168
1164
1204
1272
1208
1196
1224
1290
1316
1314
1354
1312
1380
1312
1306
1382
1304
1354
1476
1452
1510
1614
1598
1604
1712
1656
1606
1624
1686
1580
1642
1590
1642
1646
1604
1558
1588
1678
1638
1660
1640
1774
1764
1824
1798
1828
1936
1976
1946
1874
1918
1918
1822
1932
2032
2060
2064
1980
1956
1924
1972
1888
1838
1914
1930
1828
1676
1628
1684
1714
1678
1776
1738
1678
1660
1670
1618
1754
1716
1798
1776
1818
1776
1794
1724
1766
1688
1676
1646
1650
1492
1408
1464
1382
1288
1362
1486
1468
1446
1474
1442
1412
1406
1320
1264
1366
1384
1420
1446
1368
1292
1164
1032
1038
944
948
956
1050
1080
1004
1092
1018
1028
1022
1060
1082
1132
1018
1024
1034
1140
1158
1142
1216
1220
1296
1424
1450
1486
1540
1542
1572
1500
1622
1482
1518
1584
1570
1630
1700
1730
1892
1852
1818
1696
1754
1736
1716
1706
1718
1786
1774
1878
