7818
7814
7722
7648
7612
7594
7472
7648
7746
7710
7624
7616
7688
7704
7672
7728
7758
7768
7830
7792
7794
7728
7666
7684
7644
7714
7742
7752
7758
7702
7584
7508
7450
7610
7710
7794
7842
7922
7878
7798
7788
7880
7762
7724
7716
7734
7692
7698
7660
7778
7870
7874
7822
7760
7790
7788
7702
7766
7758
7898
7846
7864
7772
7722
7722
7780
7908
7852
7906
7866
7796
7674
7682
7696
7676
7742
7770
7736
7700
7660
7718
7712
7622
7542
7700
7748
7774
7728
7694
7654
7544
7588
7530
7568
7474
7512
7686
7550
7508
7452
7564
7568
7594
7642
7698
7692
7734
7730
7700
7686
7654
7760
7774
7762
7746
7708
7806
7736
7792
7746
7844
7836
7834
7810
7736
7658
7574
7540
7596
7564
7650
7642
7638
7568
7538
7600
7600
7616
7646
7502
7510
7484
7390
7490
7554
7578
7632
7588
7676
7662
7688
7614
7614
7686
7646
7568
7660
7674
7716
7666
7630
7560
7538
7524
7540
7524
7500
7698
7600
7638
7704
7710
7716
7758
7716
7714
7656
7740
7744
7716
7738
7766
7736
7752
7806
7808
7716
7654
7614
7634
7658
7602
7670
7662
7678
7664
7662
7778
7870
7928
7810
7826
7866
7922
7952
7902
7894
7924
7904
7840
7842
7912
7866
7874
7788
7884
7724
7802
7802
7780
7814
7812
7806
7770
7792
7714
7734
7646
7560
7548
7522
7552
7654
7514
7648
7596
7628
7646
7728
7738
7702
7780
7668
7730
7728
7760
7802
7806
7692
7684
7670
7742
7706
7602
7646
7714
7672
7690
7668
7538
7554
7512
7602
7624
7720
7846
7834
7740
7684
7734
7772
7794
7800
7822
7862
7914
7900
7860
7808
7868
7886
7886
7810
7868
7880
7854
7860
7916
8000
7978
7954
7984
7960
7958
7910
7968
7942
7922
7922
7904
7848
7820
7842
7832
7774
7878
7862
7824
7886
7862
7902
7824
7860
7858
7840
7890
7768
7736
7760
7794
7724
7766
7692
7536
7550
7560
7540
7618
7662
7692
7624
7708
7676
7620
7612
7608
7650
7606
7560
7604
7576
7604
7552
7580
7582
7544
7524
7466
7486
7442
7356
7464
7604
7560
7626
7556
7464
7340
7364
7360
7238
7278
7406
7362
7442
7458
7540
7620
7574
7646
7598
7666
7670
7726
7766
7686
7854
7784
7816
7864
7772
7800
7752
7798
7824
7752
7684
7662
7770
7734
7816
7910
7908
7914
7954
7884
7824
7852
7706
7834
7720
7764
7804
7816
7810
7878
7984
7956
7916
7950
7996
7924
8064
8094
8110
8144
8080
7922
7888
7850
7804
7814
7766
7798
7798
7808
7734
7786
7842
7852
7876
7782
7766
7818
7830
7812
7768
7728
7646
7618
7674
7572
7456
7448
7454
7394
7418
7544
7552
7468
7452
7476
7558
7626
7626
7618
7580
7596
7614
7536
7496
7430
7370
7418
7444
7544
7480
7498
7600
7636
7644
7688
7606
7624
7626
7520
7542
7478
7448
7380
7336
7422
7432
7442
7442
7502
7494
7466
7494
7540
7608
7614
7566
7656
7708
7708
7682
7678
7664
7666
7720
7652
7806
7866
7878
7868
7964
7916
7916
7922
7976
7898
7920
8002
7986
7894
7936
7898
7880
7872
7832
7878
7802
7860
7892
7874
7878
7762
7708
7676
7542
7604
7536
7440
7382
7398
7354
7348
7312
7146
7276
7248
7286
7412
7428
7510
7620
7668
7700
7740
7684
7652
7596
7580
7456
7442
7470
7418
7490
7530
7438
7374
7550
7466
7498
7550
7536
7512
7556
7494
7658
7648
7600
7638
7546
7610
7564
7678
7566
7648
7712
7716
7680
7670
7684
7772
7720
7586
7550
7612
7540
7652
7696
7658
7604
7540
7542
7604
7604
7606
7486
7548
7536
7416
7554
7596
7616
7624
7736
7790
7782
7770
7788
7694
7688
7688
7752
7786
7808
7792
7764
7774
7764
7700
7664
7652
7624
7756
7766
7858
7810
7760
7766
7644
7746
7776
7746
7776
7802
7762
7840
7776
7766
7830
7834
7930
7850
7914
8042
7966
7844
7860
7920
7942
7914
7864
7896
7852
7890
7862
7764
7780
7816
7906
7862
7838
7864
7748
7794
7916
7928
7994
7976
7958
7946
7888
7804
7782
7832
7788
7736
7816
7806
7732
7764
7766
7806
7730
7732
7726
7706
7786
7694
7774
7678
7724
7816
7820
7856
7716
7850
7814
7924
7958
7956
7946
8032
8064
7992
7946
7880
7866
7786
7804
7752
7774
7810
7768
7786
7820
7890
7788
7848
7878
7866
7730
7652
7610
7684
7752
7810
7798
7808
7712
7674
7670
7724
7774
7812
7778
7794
7808
7810
7882
7814
7810
7840
7854
7834
7860
7822
7808
7768
7788
7812
7768
7682
7664
7618
7648
7606
7622
7810
7872
7964
7886
7880
7992
7938
7954
7970
8048
7980
7898
7902
7956
7958
7904
7824
7802
7768
7822
7738
7828
7782
7748
7772
7822
7782
7790
7894
7904
7870
7936
7874
7912
7946
7818
7744
7788
7784
7834
7754
7708
7838
7852
7888
7862
7810
7842
7894
7858
7864
7878
7866
7944
7936
7876
7890
7848
7902
7862
7808
7986
7884
7850
7830
7874
7892
7946
7886
7924
7960
7830
7904
7856
7876
7922
7928
8060
7990
7894
7878
7888
7922
7924
7916
7872
7808
7784
7882
7874
7910
7970
7946
7988
7938
7940
7890
7820
7808
7820
7800
7760
7688
7742
7820
7796
7654
7566
7544
7670
7650
7616
7670
7722
7608
7684
7776
7714
7704
7694
7776
7782
7690
7656
7652
7656
7606
7668
7772
7790
7818
7798
7812
7868
7812
7664
7798
7788
7770
7894
7858
7938
7906
7860
7852
7928
7896
7732
7692
7806
7778
7866
7730
7818
7704
7696
7744
7810
7692
7666
7682
7740
7724
7728
7820
7874
7802
7830
7756
7880
7904
7882
7812
7764
7742
7786
7812
7892
7940
7806
7860
7904
7920
7916
7764
7692
7722
7614
7584
7692
7660
7750
7684
7578
7614
7726
7576
7528
7624
7576
7524
7452
7494
7514
7548
7546
7498
7558
7392
7464
7428
7444
7584
7542
7548
7584
7590
7668
7666
7560
7642
7632
7660
7670
7624
7658
7708
7716
7706
7702
7760
7752
7864
7754
7706
7722
7774
7810
7758
7806
7796
7766
7722
7718
7652
7602
7636
7502
7550
7530
7618
7700
7758
7722
7822
7724
7740
7740
7756
7788
7748
7856
7774
7674
7682
7644
7584
7580
7594
7638
7636
7634
7636
7530
7484
7458
7416
7448
7368
7356
7342
7370
7406
7356
7394
7330
7314
7258
7174
7342
7316
7260
7262
7262
7248
7302
7346
7330
7290
7310
7354
7428
7442
7478
7508
7462
7508
7498
7436
7424
7402
7510
7488
7422
7332
7312
7332
7402
7424
7424
7482
7430
7488
7572
7504
7516
7430
7398
7432
7366
7360
7414
7418
7312
7340
7410
7468
7560
7542
7578
7628
7598
7498
7548
7464
7554
7488
7508
7514
7612
7514
7448
7496
7432
7532
7530
7650
7664
7550
7488
7592
7558
7576
7556
7542
7510
7522
7456
7474
7522
7476
7502
7530
7482
7538
7500
7448
7470
7516
7526
7546
7574
7590
7620
7678
7680
7876
7930
7822
7766
7724
7676
7640
7540
7468
7568
7492
7566
7516
7492
7458
7508
7460
7350
7472
7474
7492
7454
7468
7504
7494
7448
7488
7540
7552
7640
7606
7666
7672
7666
7808
7780
7830
7776
7706
7634
7688
7624
7524
7518
7642
7570
7646
7716
7654
7614
7680
7650
7726
7644
7688
7628
7660
7594
7594
7698
7582
7640
7534
7590
7594
7588
7716
7666
7740
7662
7740
7814
7806
7796
7710
7782
7784
7850
7866
7880
7802
7772
7758
7712
7742
7866
7788
7722
7642
7636
7608
7528
7688
7710
7720
7756
7768
7812
7876
7790
7808
7852
8016
8008
8036
8032
7964
7840
7920
7964
8014
7974
7960
7920
7910
7940
7960
7800
7786
7832
7864
7864
7766
7820
7896
7884
7842
7814
7804
7776
7918
7780
7792
7784
7748
7776
7844
7858
7846
7860
7910
7892
7968
8020
8020
8042
7970
7982
7932
7954
7962
7848
7856
7814
7836
7910
7872
7812
7680
7666
7752
7840
7880
7810
7898
7854
7848
7756
7714
7662
7702
7548
7426
7426
7322
7390
7396
7364
7402
7340
7282
7406
7452
7340
7396
7488
7458
7432
7478
7592
7658
7728
7700
7642
7724
7788
7772
7820
7820
7738
7798
7862
7882
7942
7958
8042
8074
8114
8150
8046
8036
7998
7920
7938
7924
7886
7914
7846
7900
7962
7946
7960
7916
7868
7802
7768
7696
7710
7832
7740
7712
7734
7838
7850
7772
7774
7792
7686
7622
7574
7536
7552
7464
7392
7434
7516
7394
7544
7436
7416
7430
7430
7386
7258
7336
7226
7234
7132
7278
7314
7270
7392
7398
7428
7450
7404
7396
7330
7342
7430
7320
7294
7284
7304
7392
7416
7366
7400
7404
7308
7452
7510
7570
7496
7578
7526
7542
7468
7476
7460
7422
7546
7476
7438
7540
7508
7420
7468
7510
7438
7420
7468
7564
7642
7540
7580
7546
7610
7574
7602
7662
7578
7494
7482
7464
7564
7664
7592
7608
7660
7682
7838
7772
7822
7756
7716
7658
7628
7570
7680
7776
7816
7778
7790
7818
7786
7794
7806
7760
7822
7918
7858
7848
7944
7934
7876
7870
7848
7906
7902
7922
7952
7896
7850
7872
7902
8008
7992
8004
7920
7866
7944
7968
7958
7984
7964
8030
7954
8026
7958
7888
7910
7904
7924
7848
7896
7980
7864
7868
7902
7916
7906
7868
7842
7860
7762
7826
7782
7718
7756
7718
7682
7736
7780
7732
7732
7776
7674
7724
7738
7668
7706
7630
7672
7760
7830
7914
7994
7936
7936
7778
7798
7838
7768
7740
7760
7834
7856
7822
7802
7792
7840
7782
7700
7624
7682
7740
7674
7674
7774
7806
7846
7814
7862
7858
7748
7742
7734
7732
7828
7752
7848
7888
7908
7936
7940
7886
7868
7832
7756
7748
7642
7642
7624
7596
7600
7536
7472
7530
7506
7528
7476
7518
7532
7624
7666
7674
7678
7762
7766
7804
7848
7772
7726
7694
7696
7680
7702
7822
7774
7756
7694
7696
7718
7808
7786
7792
7714
7694
7742
7712
7704
7678
7776
7738
7822
7748
7714
7742
7790
7802
7778
7766
7854
7822
7932
7844
7868
7872
7790
7876
7750
7740
7800
7840
7772
7672
7688
7692
7778
7684
7774
7786
7740
7754
7832
7772
7900
7822
7766
7802
7832
7728
7734
7778
7690
7774
7846
7940
8012
7964
7888
7880
7840
7786
7812
7846
7808
7844
7834
7670
7748
7686
7734
7778
7738
7772
7664
7694
7584
7642
7684
7690
7592
7542
7634
7692
7664
7616
7592
7518
7552
7466
7556
7690
7682
7742
7786
7772
7794
7828
7834
7828
7868
7794
7784
7678
7702
7644
7714
7790
7806
7782
7836
7874
7840
7874
7808
7770
7812
7844
7824
7828
7788
7824
7780
7712
7818
7710
7786
7846
7820
7744
7682
7722
7868
7702
7742
7658
7652
7686
7732
7710
7744
7686
7740
7732
7764
7756
7880
7856
7878
7816
7810
7882
7974
8018
7966
7974
7862
7852
7728
7804
7814
7778
7842
7752
7766
7730
7754
7834
7874
7828
7794
7700
7714
7822
7914
7906
7940
7950
7920
7926
7840
7818
7928
7894
7908
8004
7860
7868
7850
7822
7762
7722
7690
7672
7636
7620
7704
7676
7648
7650
7588
7578
7622
7670
7568
7648
7680
7666
7774
7794
7760
7772
7684
7680
7702
7692
7798
7768
7694
7764
7806
7814
7690
7746
7772
7714
7668
7820
7870
7990
8048
8000
7994
7948
7906
7766
7718
7800
7838
7860
7864
7816
7784
7790
7804
7818
7796
7644
7724
7738
7754
7792
7822
7926
7966
7936
7856
7948
7906
7922
7850
7668
7708
7766
7866
7756
7834
7838
7788
7678
7662
7660
7756
7830
7894
7874
7906
7884
7880
7982
7926
7884
7852
7856
7890
7866
7856
7740
7622
7570
7652
7616
7658
7514
7608
7572
7572
7636
7760
7844
7846
7866
7922
7984
7976
7930
7974
7888
7894
7808
7818
7780
7836
7768
7798
7730
7812
7782
7790
7770
7736
7666
7648
7540
7496
7560
7572
7608
7548
7624
7610
7586
7578
7686
7626
7574
7638
7674
7700
7714
7740
7722
7650
7606
7672
7710
7730
7724
7706
7802
7852
7824
7824
7852
7972
8022
7962
8034
7904
7958
7976
7976
8022
8000
8046
8144
8074
7926
7890
