704
724
726
690
710
706
732
746
748
734
756
776
812
796
750
778
786
714
710
744
742
770
754
748
808
796
790
842
766
774
778
822
756
766
744
704
732
732
722
748
726
720
700
676
672
694
718
710
650
676
692
688
674
692
674
650
644
662
720
728
758
766
760
778
780
790
798
814
824
828
812
826
774
756
744
732
786
748
786
814
816
808
820
814
772
738
762
768
822
872
830
816
786
786
752
720
738
746
736
764
802
804
786
852
888
900
858
814
816
806
794
846
864
872
866
868
882
838
824
822
822
816
812
816
826
842
810
800
784
830
828
854
864
850
874
848
828
812
804
786
790
794
800
808
784
740
750
770
774
750
800
780
764
778
772
786
788
802
800
800
804
834
830
862
870
912
872
876
892
900
932
914
912
910
916
910
882
880
874
838
850
818
774
754
768
788
768
734
754
800
814
790
816
800
774
746
764
752
766
770
812
766
756
724
704
660
660
638
634
664
682
684
658
640
676
674
648
676
684
694
732
736
732
722
702
664
650
660
692
674
674
702
722
768
780
770
752
764
774
760
796
814
838
806
814
786
812
852
894
888
866
854
828
860
868
896
892
888
900
862
870
910
898
864
856
824
834
834
842
868
870
882
862
888
876
874
848
832
816
824
826
816
828
812
834
878
858
892
898
868
870
876
890
834
828
830
836
838
856
858
864
870
812
788
778
750
740
762
730
712
742
764
758
744
744
772
748
730
736
708
686
702
678
682
686
738
756
734
690
738
756
786
790
772
764
760
750
782
778
774
768
734
766
750
756
744
754
792
794
808
824
840
838
840
844
852
814
830
798
836
858
812
802
786
756
792
746
724
728
760
748
752
740
762
752
770
778
742
724
746
700
642
686
708
718
714
730
734
754
762
780
786
766
774
752
756
772
792
768
748
742
734
764
782
738
756
754
756
750
786
752
782
786
792
802
834
806
778
758
802
804
822
770
802
808
838
852
842
864
816
810
764
802
820
810
814
842
840
806
776
776
778
780
788
780
756
784
768
756
752
830
838
842
838
890
884
870
880
892
878
884
856
844
858
856
862
880
868
850
892
846
862
856
848
830
812
784
758
770
808
824
818
780
784
780
786
780
816
816
798
800
812
808
810
780
796
766
746
700
706
726
708
732
688
744
726
746
726
726
660
676
662
644
620
592
614
612
614
600
608
568
556
494
502
508
516
464
470
450
488
482
524
584
592
628
564
558
552
542
528
478
472
452
450
414
414
428
424
448
458
402
332
326
376
374
352
336
342
356
356
316
324
372
386
410
384
350
336
294
304
356
374
316
274
228
286
268
254
238
302
342
334
388
328
334
358
318
304
322
332
344
364
378
382
380
346
316
322
322
278
290
314
324
318
312
358
318
310
310
370
326
354
418
410
414
416
390
468
440
480
512
526
528
572
592
600
548
520
510
500
526
520
530
562
534
498
492
476
494
510
554
582
594
592
542
538
540
544
562
566
536
552
560
564
526
550
588
568
556
612
608
630
618
634
640
654
626
626
618
620
594
596
612
564
522
484
484
440
442
434
490
466
466
490
516
526
540
516
558
590
572
588
562
588
610
616
650
634
588
630
634
636
626
618
564
530
600
608
640
654
650
686
662
706
744
730
690
676
664
694
714
708
684
666
650
672
702
744
766
786
784
786
818
820
808
854
812
756
736
734
756
750
760
730
704
690
662
654
638
622
644
666
696
736
716
730
742
750
748
692
668
658
636
668
648
646
630
656
644
652
684
642
636
608
654
674
716
698
716
722
690
698
754
718
712
690
684
686
690
726
726
716
752
738
810
792
782
802
790
772
760
760
742
726
746
774
776
788
814
846
894
854
858
850
844
820
814
818
842
826
814
808
824
808
786
802
792
794
802
750
738
726
728
730
760
740
752
754
756
738
794
822
856
880
866
858
868
850
826
802
830
802
818
864
866
846
832
818
786
790
792
860
904
900
898
898
918
928
932
920
924
922
880
876
868
894
870
858
826
844
860
848
810
820
854
846
838
874
884
832
860
854
850
846
852
842
804
794
804
778
762
760
730
688
674
686
692
716
696
730
734
730
752
760
728
754
824
812
834
804
794
816
800
804
772
738
788
764
746
756
766
780
724
722
752
738
726
718
752
760
748
746
752
754
720
720
682
656
662
640
726
722
722
676
722
704
708
712
680
704
700
742
734
748
754
780
758
752
770
778
748
750
776
780
748
760
762
766
736
678
676
720
718
730
688
688
684
624
620
658
622
686
702
714
700
664
680
638
622
636
626
618
648
622
598
636
644
664
684
686
676
720
694
666
682
698
670
662
704
740
716
694
680
720
726
696
736
750
786
768
780
782
752
748
754
784
746
770
746
746
736
748
740
702
706
710
752
736
718
682
742
722
732
704
700
720
760
724
710
694
672
690
718
690
678
710
698
696
708
712
740
724
732
726
772
786
786
778
804
834
826
826
810
840
828
804
850
868
890
858
854
868
864
876
842
878
824
822
802
778
728
762
760
788
792
820
806
828
844
834
864
874
916
912
930
900
878
894
902
866
868
900
908
862
868
884
920
910
910
920
894
880
884
858
836
806
792
830
812
796
762
768
796
766
772
788
804
820
770
806
828
844
860
854
848
850
852
858
854
846
832
864
862
882
884
862
852
834
876
906
876
834
868
860
870
864
856
820
808
828
804
794
798
802
776
774
774
770
774
764
782
802
772
774
810
784
812
786
782
810
816
776
758
844
814
822
826
850
822
800
812
832
876
836
858
842
824
830
808
764
792
824
808
856
898
908
838
872
904
908
908
884
892
906
918
878
884
878
884
844
852
830
850
800
814
784
780
800
788
758
768
718
732
724
766
830
832
792
784
794
844
860
798
784
776
780
792
774
744
768
748
772
744
758
746
784
782
820
834
862
876
874
868
844
840
846
854
852
858
848
802
836
856
838
842
800
816
824
814
824
848
850
872
834
830
798
786
762
788
732
742
724
740
708
746
742
776
774
776
776
800
786
846
862
836
848
828
826
854
862
854
876
832
824
818
806
822
834
876
900
874
918
916
894
892
902
904
876
854
854
832
834
820
810
794
800
820
798
786
808
796
788
814
816
820
814
820
820
818
806
824
852
828
802
856
842
826
822
828
844
878
872
864
870
876
848
862
892
886
866
834
828
814
818
778
816
810
826
788
776
772
776
772
710
736
724
650
648
654
656
660
670
680
684
622
662
658
668
726
738
750
756
716
736
716
762
786
790
798
764
798
762
766
816
868
856
870
854
840
836
794
744
730
744
756
756
810
806
806
806
826
864
846
854
844
840
826
840
830
810
772
788
786
770
784
800
780
808
804
796
776
744
740
742
732
746
738
758
804
792
756
744
740
736
764
764
782
798
822
850
834
836
806
800
816
826
816
810
766
800
816
832
782
752
790
804
792
842
848
848
854
826
774
800
808
814
826
782
722
740
706
688
706
702
720
726
710
672
664
626
592
614
644
654
636
646
686
690
680
674
692
678
678
696
704
740
754
712
702
682
668
664
624
690
682
704
712
746
764
748
722
686
682
672
674
686
772
786
784
788
766
744
750
760
782
766
758
802
798
792
818
842
834
848
870
862
862
888
890
906
876
882
868
900
872
872
864
862
882
850
846
828
836
824
804
764
776
780
822
802
826
878
856
874
882
880
876
832
838
832
812
808
828
814
834
804
828
868
844
842
832
842
864
846
792
806
780
798
808
848
822
796
852
814
798
798
766
796
844
852
868
878
884
820
816
790
808
840
838
814
772
798
810
818
828
836
804
814
788
796
784
792
796
818
790
786
794
794
808
780
780
786
852
874
850
858
854
832
848
816
818
844
890
834
892
860
876
848
816
812
826
816
822
810
830
840
810
840
848
830
862
886
886
888
862
812
840
854
846
862
834
836
852
864
860
854
850
858
896
896
896
900
904
902
864
862
894
842
836
838
874
860
832
780
834
824
862
878
846
854
872
848
870
854
870
872
874
816
792
814
826
860
846
850
824
828
792
802
814
816
794
802
750
730
748
790
794
782
734
756
748
790
768
778
758
772
804
834
844
852
866
854
852
852
826
824
858
848
862
842
852
842
820
828
814
818
790
784
800
842
854
820
780
778
778
756
758
730
712
760
758
750
740
718
690
722
728
700
690
722
756
758
760
762
730
684
694
732
744
784
790
788
784
834
808
782
792
810
796
802
806
818
810
800
812
820
816
776
732
738
722
684
722
688
642
630
672
664
656
668
666
680
698
692
666
690
698
668
680
686
720
692
732
732
720
688
676
634
670
676
678
656
606
622
590
634
656
650
640
626
626
612
596
644
642
654
640
660
642
622
628
594
588
548
570
588
616
624
630
664
636
632
702
694
632
588
584
582
616
644
654
716
678
684
678
670
708
688
720
774
750
748
736
756
752
766
758
794
800
804
834
828
846
826
840
850
846
860
850
830
854
844
804
818
820
814
820
830
826
836
846
834
830
844
846
852
856
868
866
852
808
792
814
808
802
798
814
798
808
750
750
716
704
706
686
706
730
694
716
726
