748
782
804
796
842
854
872
880
844
854
842
862
830
814
796
838
836
826
854
884
880
860
846
862
840
856
830
810
838
832
822
802
828
828
832
814
858
858
818
780
802
768
744
726
706
698
718
732
750
724
710
726
738
710
740
722
748
806
770
730
738
714
690
720
706
688
672
676
686
714
690
700
718
716
750
742
716
772
782
784
814
826
814
764
764
778
762
780
808
764
766
772
782
766
744
724
762
776
782
782
764
758
730
738
716
708
684
736
750
770
766
762
778
784
808
772
776
808
818
840
840
860
848
880
848
842
830
796
796
836
826
864
890
856
856
840
824
820
810
820
846
856
802
818
786
766
736
764
790
808
828
804
786
770
780
814
804
802
778
754
766
758
786
820
818
790
780
702
722
756
700
688
756
750
726
724
720
726
708
712
680
634
644
622
654
650
616
602
568
586
646
658
678
638
648
658
678
680
702
674
728
776
770
766
718
732
674
652
670
696
722
716
788
814
798
778
796
804
800
790
800
806
830
822
790
816
784
814
810
844
822
840
874
892
868
878
846
816
760
708
698
698
712
764
762
786
808
808
846
840
812
784
818
842
792
758
738
760
716
696
712
720
710
738
738
696
754
752
776
784
754
742
752
732
756
730
734
736
722
742
732
718
736
738
730
762
754
788
770
778
778
758
798
808
820
794
798
814
788
736
730
800
814
776
758
760
788
798
836
834
838
864
828
830
838
842
806
832
802
792
812
812
812
800
834
814
808
790
790
802
812
792
804
792
786
772
786
756
732
742
748
740
722
684
692
670
638
676
672
724
736
724
754
710
712
754
692
668
684
666
638
666
644
660
604
566
590
582
564
598
610
562
586
604
630
622
670
662
630
608
672
660
714
680
666
728
684
698
692
740
764
788
794
786
778
796
768
788
768
790
786
830
848
862
854
828
854
884
904
882
888
886
882
902
902
920
910
914
874
868
858
854
846
830
834
844
844
850
824
856
822
814
840
814
806
768
776
746
722
720
738
746
728
714
730
758
758
742
744
756
742
746
710
708
712
704
724
740
740
740
818
800
774
810
760
770
756
788
808
794
804
790
808
836
846
810
794
764
790
782
790
778
838
846
844
856
884
908
876
884
910
888
882
878
848
864
880
852
840
840
848
848
834
846
868
852
856
828
774
798
804
790
822
852
890
870
880
884
894
916
908
920
914
926
922
902
908
892
894
882
896
912
888
904
870
850
874
870
852
828
840
812
792
820
772
742
718
758
758
786
782
750
738
664
670
696
696
704
716
730
714
706
742
740
718
710
704
678
674
734
776
790
722
768
792
804
818
864
856
816
858
784
760
778
788
742
718
714
706
748
776
752
750
736
684
730
738
782
796
780
816
848
832
800
812
812
816
854
812
796
820
826
810
794
762
786
756
778
820
836
852
840
840
844
850
858
860
876
870
882
854
894
856
852
842
850
854
800
776
760
760
712
664
668
680
676
660
680
696
716
724
740
762
798
778
746
760
776
820
804
756
782
790
830
830
836
836
816
798
832
796
760
798
818
856
806
792
794
790
764
798
750
756
744
728
698
708
728
710
730
720
712
704
722
762
776
770
758
802
796
772
806
794
766
760
794
720
772
750
766
746
768
812
836
848
802
826
834
832
824
842
802
842
814
828
806
788
728
794
796
842
874
894
876
874
858
872
852
810
790
810
790
798
854
826
840
864
854
840
828
844
840
838
830
836
848
876
864
878
862
842
880
872
850
876
882
854
838
806
808
812
802
790
814
822
840
868
882
890
904
900
884
872
880
902
876
892
908
886
890
878
900
906
892
906
876
836
850
858
852
828
806
822
810
822
830
838
890
870
860
868
860
862
834
836
852
796
798
802
820
810
810
812
806
798
800
808
792
732
770
766
782
764
728
710
690
712
700
768
768
758
754
786
804
816
788
816
786
768
754
756
754
754
726
740
762
780
762
778
758
770
806
826
836
796
804
800
794
818
844
876
866
860
854
830
864
836
842
804
790
790
814
802
830
838
832
826
806
814
814
786
770
804
778
760
738
752
750
780
782
740
748
706
718
748
746
744
750
778
770
832
810
802
780
802
800
802
824
820
830
802
780
742
760
804
796
816
814
812
812
792
804
776
758
784
812
846
838
834
814
780
788
820
800
802
822
830
822
840
824
804
820
818
816
860
844
864
880
878
880
866
856
912
898
894
844
856
888
868
798
818
838
812
766
758
796
798
814
796
808
770
792
806
824
832
844
846
878
834
820
850
832
840
848
858
834
846
860
864
840
838
842
866
868
858
814
810
790
788
778
750
776
778
800
768
732
752
776
784
762
750
722
754
780
764
786
774
798
806
764
780
788
814
778
850
846
856
890
880
858
856
864
828
832
810
816
792
774
744
762
768
782
784
790
770
820
846
788
792
846
836
880
880
854
888
808
794
800
806
836
878
872
870
882
886
896
872
862
882
884
868
866
856
856
884
888
878
884
862
868
842
806
758
734
732
698
748
758
782
772
764
806
824
808
832
838
852
858
850
832
810
840
856
878
830
796
816
832
834
856
862
854
866
866
862
848
852
822
816
832
832
770
740
710
752
752
718
744
732
760
732
726
710
732
758
738
758
768
760
750
770
784
798
838
850
848
856
832
830
818
890
864
868
866
920
872
870
924
864
854
852
872
836
840
854
806
790
792
794
788
756
766
748
786
794
770
778
804
792
766
766
782
810
826
784
794
806
818
826
798
812
842
810
816
784
816
834
802
780
774
766
774
750
752
708
698
732
756
752
712
700
702
738
790
826
814
854
908
898
886
884
860
884
880
798
764
758
730
694
714
718
690
716
700
730
736
704
686
736
742
718
710
702
782
804
830
838
838
848
858
854
846
858
872
890
884
874
896
874
884
878
866
858
890
896
866
856
862
854
862
868
846
834
860
888
888
894
900
854
832
830
814
822
834
834
820
806
820
816
830
830
798
780
744
740
730
766
792
812
868
850
826
810
838
834
850
858
832
842
824
816
838
802
844
844
860
848
822
792
824
826
806
794
820
796
808
808
840
832
800
758
766
770
764
760
726
736
706
652
674
728
688
724
742
712
682
682
712
710
686
686
660
688
720
700
726
774
742
720
732
746
752
760
742
754
742
762
778
788
784
810
810
794
826
836
782
806
798
780
812
816
786
836
820
808
800
810
826
792
724
740
718
710
766
762
770
760
742
738
762
764
748
766
772
794
822
792
816
816
850
832
862
856
862
878
870
872
888
870
878
882
862
836
826
810
848
822
770
800
824
812
790
820
822
822
826
886
860
816
810
820
808
764
776
750
722
768
766
768
748
768
736
744
726
722
680
652
654
708
682
694
692
750
748
744
742
706
742
748
776
774
790
804
786
794
788
754
742
736
724
716
750
696
700
712
740
756
788
748
700
666
660
676
668
642
602
632
658
674
634
710
758
744
716
716
764
770
768
792
824
856
834
822
860
850
870
864
872
886
910
914
924
924
866
846
834
812
822
862
878
866
852
866
846
830
820
824
822
806
826
828
798
812
844
790
802
812
806
780
802
824
826
810
822
834
810
848
860
828
804
852
852
844
834
824
810
810
808
830
798
800
774
810
818
796
770
778
772
800
808
822
846
800
844
824
822
822
832
842
804
818
854
834
820
810
840
836
822
760
836
816
820
814
758
748
732
704
720
742
664
670
680
722
732
738
724
728
750
748
734
726
714
712
760
748
774
732
732
666
704
696
756
762
730
738
708
672
674
628
636
614
654
676
646
634
626
616
612
596
646
640
610
640
670
622
646
634
676
656
646
634
610
608
588
624
648
656
688
678
664
690
624
626
594
616
578
602
634
602
598
630
638
622
686
714
746
738
750
780
810
808
816
840
846
850
866
844
824
832
870
874
872
846
832
810
784
826
810
800
780
750
778
808
796
814
800
834
808
826
820
812
796
820
828
814
780
786
812
812
848
868
862
862
884
872
878
896
908
872
838
822
888
864
870
848
888
842
858
872
858
870
904
862
824
854
866
838
826
822
794
814
788
812
840
852
818
836
818
822
816
844
846
834
856
850
800
776
802
834
800
834
766
720
724
694
740
796
780
786
786
758
782
784
794
800
774
754
768
716
710
722
698
734
764
750
768
778
772
690
718
694
688
684
716
718
680
692
734
748
718
740
724
712
698
664
706
740
734
718
740
694
668
640
656
650
654
664
630
626
616
598
574
548
606
634
582
556
556
572
576
620
606
628
652
676
672
640
644
636
616
610
608
596
626
632
632
636
618
658
614
642
626
638
674
698
648
648
672
720
724
732
766
760
756
746
712
698
708
710
682
694
682
716
712
744
740
704
750
802
764
792
838
822
866
812
802
812
798
832
818
762
732
712
680
698
686
694
708
726
708
732
772
776
778
790
820
788
802
788
758
754
788
770
766
774
796
794
810
820
840
856
852
822
876
866
854
836
788
832
804
802
808
814
794
854
836
838
792
784
768
774
782
760
738
710
718
692
708
700
718
706
714
704
718
716
714
718
716
704
690
682
718
732
692
712
694
678
642
644
632
