2262
2188
2248
2234
2182
2212
2248
2176
2132
2152
2170
2318
2324
2154
2144
2092
2142
2202
2060
2126
2098
2040
2068
2030
1956
1964
1990
2054
2008
2024
2086
2076
2090
2104
2160
2226
2104
2124
2154
2084
2120
2098
2122
2094
2040
2048
2038
2016
1882
1952
1918
1886
1970
1904
1940
1956
1930
1934
1826
1742
1770
1802
1832
1692
1640
1672
1650
1776
1732
1720
1726
1744
1704
1626
1564
1524
1514
1554
1546
1554
1566
1578
1494
1642
1664
1710
1730
1674
1742
1812
1802
1838
1740
1742
1758
1698
1764
1780
1846
1926
1952
1960
1892
1770
1828
1892
1914
1828
1892
1966
1908
1928
1882
1856
1872
1918
1918
1924
1910
2044
1988
1982
1958
1930
1902
1906
1850
1878
1842
1920
1912
2020
2028
2016
2038
2078
2050
2074
2098
2148
2120
2082
1984
1916
1910
2000
1986
2018
2058
2142
2130
2190
2146
2028
2096
2192
2066
2108
2124
2054
2164
2186
2104
2034
2044
2042
2008
1874
1880
1948
1948
1954
1990
2018
2150
2140
2106
2142
2132
2182
2184
2192
2138
2168
2184
2200
2270
2276
2250
2212
2282
2274
2250
2314
2238
2296
2262
2224
2264
2232
2190
2086
2084
2068
1926
1954
1952
1954
1944
1976
2036
1970
1906
1770
1842
1888
1902
1894
1906
1896
1902
1900
1842
1908
1918
1910
1852
1812
1850
1864
1882
1828
1668
1774
1758
1670
1746
1800
1850
1874
1810
1764
1730
1752
1700
1692
1656
1570
1572
1596
1548
1534
1498
1580
1528
1516
1616
1756
1652
1722
1720
1760
1776
1760
1700
1656
1658
1652
1692
1654
1792
1756
1730
1728
1704
1732
1734
1702
1608
1578
1608
1612
1518
1584
1530
1528
1484
1444
1324
1298
1238
1156
1064
1068
1094
1000
1020
1004
1024
1168
1288
1226
1202
1244
1210
1172
1158
1326
1230
1180
1256
1254
1146
1106
1096
1112
1186
1166
1104
976
898
852
850
834
918
908
800
930
920
954
986
934
912
862
982
974
1006
1030
1060
918
922
898
832
882
998
960
920
956
910
908
952
1104
1168
1202
1162
1252
1254
1226
1202
1170
1160
1172
1196
1114
976
1012
906
844
818
960
816
726
818
686
592
528
530
580
576
544
472
408
436
454
478
546
446
404
380
394
370
412
476
536
480
410
408
348
222
250
230
202
114
150
210
304
266
310
288
238
228
212
204
144
146
144
60
56
18
56
58
94
96
28
16
16
0
16
76
14
34
90
116
96
114
34
118
30
30
44
102
74
46
86
54
60
52
148
176
172
262
290
368
418
392
370
318
388
390
280
232
308
300
308
332
372
314
314
210
234
288
238
198
254
244
306
354
274
220
194
258
268
234
268
228
228
254
272
310
346
324
342
308
258
198
262
260
300
334
332
370
248
312
362
362
480
498
552
602
640
640
712
912
856
830
854
932
1014
998
962
1104
1088
1132
1178
1210
1184
1076
1056
1034
978
1036
1016
1058
1082
1184
1186
996
972
964
924
946
894
914
982
916
920
776
708
684
632
568
664
638
652
722
672
664
658
668
632
574
492
528
594
630
544
564
538
520
484
504
574
566
616
670
698
682
598
532
572
568
574
574
612
696
674
760
884
870
962
918
896
996
838
830
914
876
910
882
968
1076
1022
1132
1108
1076
1120
1216
1230
1106
1046
994
980
922
884
944
882
820
834
812
756
716
772
708
748
844
854
828
838
844
816
832
768
754
800
830
858
872
918
886
840
848
778
724
782
746
618
610
558
544
456
554
604
688
602
468
460
420
396
436
426
378
324
380
326
370
402
440
502
484
498
450
364
374
332
348
406
416
404
364
296
184
218
236
280
236
188
182
220
318
336
454
464
500
458
504
510
480
464
444
298
114
128
120
200
90
158
212
244
294
156
184
226
212
82
22
110
16
38
90
14
86
144
168
202
146
132
206
206
262
240
176
196
106
122
76
186
268
256
310
346
378
346
282
296
390
552
474
460
332
382
440
394
404
440
412
396
376
390
394
468
588
470
470
472
518
486
534
480
416
340
344
374
486
568
494
512
446
396
348
270
284
312
302
226
206
248
228
268
286
260
314
248
272
160
174
114
88
88
144
118
54
54
36
28
54
36
98
26
70
70
46
66
58
82
60
138
178
226
168
272
346
368
332
270
316
324
340
300
228
244
342
398
366
360
350
314
436
400
354
486
516
684
552
490
484
456
498
534
588
514
436
422
436
498
426
368
358
316
276
272
218
188
160
228
264
286
256
152
102
56
94
226
250
180
136
184
134
162
266
256
178
206
166
180
228
162
154
220
102
166
112
176
280
190
142
118
128
110
78
22
44
68
54
68
114
98
220
242
232
298
338
364
340
352
434
390
452
500
492
476
404
280
274
270
334
358
472
416
360
248
306
350
286
456
368
428
400
304
280
316
360
252
332
446
364
342
340
286
200
156
206
278
324
366
434
462
494
432
400
434
526
506
570
650
656
548
516
512
450
410
424
472
506
614
568
596
734
702
680
728
662
614
744
616
586
546
428
542
490
538
540
570
558
594
624
578
664
598
536
488
576
584
466
584
534
430
238
218
278
350
366
344
298
418
468
544
574
548
456
472
430
386
350
316
194
256
188
252
270
296
312
270
216
84
108
138
100
112
116
124
156
224
172
254
362
372
380
254
302
206
192
216
200
128
156
192
170
242
302
242
156
150
204
202
296
356
392
514
640
536
636
632
726
772
792
806
794
810
752
724
766
876
930
862
898
938
856
916
920
1036
1054
960
946
964
974
902
982
984
968
1030
1072
1190
1196
1142
1100
1104
1192
1122
1102
1018
1060
1236
1288
1278
1226
1228
1280
1310
1398
1460
1430
1544
1608
1436
1468
1500
1522
1578
1640
1600
1522
1572
1458
1390
1398
1422
1480
1454
1436
1426
1390
1366
1282
1290
1336
1266
1272
1332
1350
1314
1248
1160
1334
1404
1450
1524
1446
1472
1408
1342
1292
1362
1346
1468
1450
1426
1434
1376
1354
1350
1236
1262
1274
1228
1214
1240
1362
1400
1444
1534
1582
1590
1610
1516
1550
1522
1546
1608
1560
1512
1538
1520
1528
1502
1534
1424
1448
1416
1410
1350
1374
1440
1434
1414
1466
1470
1334
1286
1284
1256
1198
1344
1370
1400
1370
1360
1402
1428
1452
1508
1510
1572
1488
1396
1402
1408
1396
1388
1316
1294
1210
1294
1418
1370
1298
1264
1294
1360
1434
1362
1440
1436
1446
1438
1412
1390
1308
1236
1202
1200
1184
1252
1362
1336
1368
1440
1396
1342
1334
1324
1314
1388
1326
1332
1304
1266
1362
1298
1264
1262
1198
1140
1150
1012
1038
1128
1050
1036
1056
1042
1042
1002
900
986
962
1000
1106
1062
1046
1056
1066
1026
988
1012
1008
1052
994
1012
958
982
1028
1030
1070
1096
1064
1026
1108
1124
1092
1178
1230
1148
1076
1088
1100
1064
1136
1120
1088
1056
1104
1196
1282
1294
1232
1216
1252
1292
1248
1236
1246
1170
1240
1288
1266
1146
1112
1136
1092
1074
1068
1126
1234
1086
938
778
868
942
1032
1018
968
994
1044
1054
1042
1056
1208
1152
1006
1024
1010
1070
1018
1094
1050
1042
1002
1000
1050
1212
1210
1224
1248
1314
1286
1318
1214
1222
1302
1310
1286
1334
1386
1336
1364
1394
1508
1564
1602
1726
1672
1674
1710
1750
1770
1792
1794
1692
1562
1624
1676
1534
1576
1566
1670
1590
1626
1696
1608
1524
1648
1672
1604
1668
1688
1720
1770
1744
1742
1752
1676
1612
1630
1724
1700
1728
1764
1836
1854
1864
1864
1864
1874
1910
1982
2050
2032
1992
2014
2062
2030
2072
2000
1982
1926
1882
1836
1764
1708
1776
1742
1696
1708
1798
1832
1852
1850
1812
1930
1958
1994
2022
2042
1896
1946
1986
2020
1970
2000
1900
1894
1990
2060
2110
2034
1986
2008
1992
2012
1960
1892
1828
1748
1720
1744
1652
1656
1688
1682
1724
1778
1726
1742
1804
1796
1794
1766
1686
1690
1616
1630
1692
1592
1642
1614
1522
1444
1442
1498
1458
1354
1398
1458
1438
1482
1432
1426
1548
1494
1530
1672
1732
1780
1766
1764
1684
1682
1606
1676
1556
1566
1466
1502
1484
1390
1396
1342
1454
1550
1510
1450
1354
1244
1220
1230
1188
1084
1248
1236
1220
1280
1316
1288
1388
1384
1448
1620
1554
1668
1794
1822
1666
1736
1720
1662
1518
1514
1632
1724
1814
1768
1860
1848
1872
1862
1868
1870
1864
1840
1854
1760
1842
1936
2062
2088
2060
2036
2080
2082
2070
2044
2010
2042
1916
1890
1910
1898
1870
1846
1774
1814
1836
1758
1786
1838
1740
1748
1868
1928
1966
1808
1944
1934
1960
1862
1846
1784
1700
1632
1654
1584
1612
1606
1618
1560
1622
1738
1684
1810
1654
1674
1640
1560
1504
1446
1500
1458
1450
1384
1442
1330
1372
1428
1496
1456
1524
1512
1580
1602
1530
1412
1466
1384
1490
1476
1340
1312
1310
1342
1336
1366
1408
1412
1432
1426
1404
1470
1464
1426
1270
1370
1230
1288
1232
1290
1378
1180
1194
1082
1132
1180
1154
1166
1224
1166
1238
1114
1130
1202
1238
1242
1210
1190
1240
1218
1220
1158
1148
1236
1228
1262
1276
1204
1092
1066
978
1000
1124
1034
1182
1162
1190
1196
1140
1174
1220
1262
1264
1186
1194
1226
1260
1154
1160
1138
1076
1112
1102
1138
1116
1136
1100
1106
1150
1134
1154
1220
1262
1120
1138
1050
1042
1054
1024
1070
990
1058
1106
1036
1008
1064
1178
1014
1018
1028
1228
1226
1284
1454
1444
1470
1402
1294
1310
1218
1266
1300
1308
1276
1258
1214
1152
1224
1252
1300
1244
1240
1326
1346
1364
1358
1436
1378
1274
1218
1262
1326
1446
1426
1338
1314
1334
1220
1250
1196
1250
1158
1210
1240
1206
1122
1030
1084
1024
1118
1152
1070
1054
1106
1118
1204
1178
1174
1162
976
990
1040
1018
788
848
902
890
796
826
824
852
826
778
808
780
840
810
768
804
866
914
912
878
888
870
822
782
834
780
774
880
790
798
830
848
776
858
934
876
856
924
890
826
776
710
788
764
858
932
930
892
880
890
992
970
882
826
804
848
764
810
818
934
904
834
818
824
850
834
748
684
690
730
822
868
836
804
822
832
808
778
864
854
820
882
850
862
852
952
1006
1024
1046
964
1134
1162
1138
1184
980
926
908
806
794
768
782
714
726
658
598
602
538
554
600
634
504
532
578
524
516
496
432
390
476
568
486
406
466
502
486
536
558
632
652
632
706
804
868
822
734
812
878
936
856
846
800
686
644
676
726
836
772
754
824
818
872
876
790
766
838
786
840
836
900
916
970
960
964
922
926
878
964
906
952
954
976
948
970
790
870
806
802
682
592
648
654
608
