520
506
538
506
480
472
484
460
420
442
428
440
460
498
440
400
360
330
346
326
314
320
310
282
258
242
194
112
154
154
134
180
184
178
130
96
36
12
34
68
18
16
38
8
46
56
8
8
26
58
56
62
36
136
186
154
114
124
96
48
4
10
30
4
44
44
36
4
48
96
124
126
124
140
160
72
10
30
2
34
52
44
18
4
12
36
40
0
26
60
14
74
92
32
20
36
36
34
66
114
168
138
154
94
136
112
62
28
72
12
10
8
10
46
22
22
38
14
16
18
36
46
58
40
56
74
42
38
42
58
40
48
60
66
42
20
48
92
114
98
90
110
162
158
138
142
76
86
124
82
36
40
2
2
40
22
54
138
104
126
102
108
98
102
104
104
70
38
24
46
18
80
44
78
4
46
46
58
104
64
56
70
20
76
88
84
4
20
10
28
26
4
42
18
8
16
38
46
46
16
6
4
4
6
14
32
54
6
42
42
44
106
66
44
50
10
14
10
24
56
46
20
56
74
8
16
28
2
18
46
60
62
26
52
64
58
26
46
70
98
104
136
156
154
104
86
64
92
36
8
6
12
14
68
94
104
84
136
142
150
154
90
116
98
66
88
64
106
148
134
112
116
126
188
138
196
140
170
168
128
170
238
224
188
162
214
256
284
238
218
182
140
130
182
194
156
166
186
184
150
184
152
166
132
150
182
126
208
152
164
152
126
148
134
148
170
166
150
200
220
224
222
184
210
166
196
188
108
110
154
164
188
136
158
118
84
88
90
84
86
72
98
38
6
6
26
38
28
38
50
64
38
36
28
6
4
46
38
80
96
84
20
30
12
32
2
6
28
78
136
132
78
130
146
100
72
28
38
0
20
54
34
34
104
154
174
184
140
104
38
2
28
38
66
84
84
6
32
58
56
24
100
92
124
94
68
66
100
94
122
146
196
152
116
98
72
24
8
24
28
8
72
18
4
8
10
28
56
44
46
12
24
10
30
34
114
34
42
68
72
86
62
76
78
56
126
124
112
118
138
46
2
18
14
20
70
28
106
72
84
138
96
52
78
0
6
46
52
76
66
124
140
156
126
60
20
6
4
20
40
78
18
32
50
76
40
106
118
64
68
76
110
166
212
222
210
208
224
192
208
176
178
222
178
188
170
174
168
148
114
78
50
92
32
72
48
42
14
22
8
40
92
100
100
94
92
82
126
68
52
50
88
88
52
46
68
50
74
154
166
116
108
122
100
110
114
138
158
98
56
44
56
62
62
76
92
156
86
124
146
156
138
160
218
202
170
168
218
270
284
284
290
230
242
260
196
142
182
160
146
118
122
138
150
128
106
84
88
88
62
48
64
34
92
152
96
76
78
96
88
146
112
92
156
144
150
128
130
140
164
210
206
220
176
150
132
114
152
232
254
294
236
242
264
246
206
224
192
218
208
252
258
244
208
222
208
198
170
162
122
110
84
40
68
18
34
40
30
42
64
74
20
12
36
36
18
66
98
60
32
32
62
64
44
20
12
2
42
64
60
24
66
62
50
14
0
10
20
20
38
60
106
78
68
96
62
50
28
4
10
48
134
104
106
106
124
120
162
166
236
212
158
190
164
136
104
162
130
60
118
192
154
118
126
122
116
60
70
94
62
16
36
18
38
44
82
112
144
150
142
104
118
120
112
154
114
76
106
126
166
162
206
252
210
186
146
86
24
4
12
34
22
28
44
26
14
42
52
108
74
112
116
90
96
126
106
112
178
132
126
132
54
58
88
116
134
158
118
80
72
80
106
82
36
58
64
54
40
36
24
30
0
50
78
50
112
150
148
154
204
182
134
190
236
280
306
260
216
224
168
170
198
206
182
178
206
170
170
144
146
158
156
114
128
162
152
162
162
238
254
246
242
276
260
302
282
258
266
254
254
248
236
230
218
254
242
278
324
340
336
368
410
366
372
370
388
364
368
412
468
460
518
522
506
520
492
468
484
466
438
426
466
446
438
416
412
402
418
398
446
468
420
452
544
512
420
476
452
500
512
518
554
554
550
536
538
544
532
542
476
448
506
486
514
526
496
470
478
480
500
454
446
464
434
404
392
368
334
396
350
370
354
352
382
348
356
360
374
378
392
426
466
456
484
436
418
406
412
428
404
410
394
440
438
452
444
454
438
456
470
480
452
408
436
458
490
482
482
488
524
544
568
534
528
524
504
524
572
624
616
628
614
596
604
596
596
634
672
660
644
708
638
638
594
554
558
554
522
540
530
590
558
608
628
644
606
564
518
506
568
520
540
518
546
488
492
524
556
544
592
574
568
584
570
594
614
610
572
536
506
494
492
490
540
586
580
612
590
568
558
556
494
488
476
446
422
398
398
412
358
372
352
374
390
428
376
398
476
474
442
484
530
474
460
420
480
474
454
486
468
430
402
426
426
468
504
504
502
490
464
442
422
442
468
438
440
424
444
422
366
372
374
386
420
426
372
394
416
426
488
472
490
506
516
490
486
478
564
538
504
514
552
530
564
564
576
544
596
528
530
492
498
534
600
566
606
578
600
618
618
614
650
658
686
710
714
740
704
718
670
626
632
580
564
536
526
532
470
420
478
478
496
488
484
446
466
450
494
546
556
506
548
528
508
530
536
482
496
522
508
548
504
540
516
532
506
500
466
448
442
458
470
426
342
378
360
354
374
386
378
424
490
436
394
412
432
392
352
350
336
376
372
400
410
456
464
492
492
556
580
544
574
552
570
566
542
530
488
488
492
456
444
422
418
394
410
370
446
478
476
500
452
448
506
458
506
526
496
464
454
434
384
372
378
376
382
420
500
472
456
410
402
420
454
416
396
330
338
314
322
286
252
300
316
346
330
352
340
368
364
298
232
254
236
212
146
164
162
158
186
196
192
184
220
266
276
272
202
182
176
116
172
132
166
196
186
180
190
182
138
130
106
94
150
144
114
102
58
86
42
82
114
140
136
150
142
126
116
130
186
174
176
184
196
178
142
150
126
110
84
130
168
176
164
172
166
198
164
224
214
246
232
252
272
302
242
244
272
328
304
308
240
266
266
274
256
264
300
372
368
326
314
330
344
326
336
316
362
382
410
322
322
294
280
328
308
310
306
332
332
296
274
298
262
270
276
244
268
340
366
414
384
336
392
380
382
474
408
370
418
408
356
336
342
400
350
300
288
286
276
280
328
352
404
386
346
364
368
394
382
454
528
498
476
428
374
364
338
276
296
268
256
320
346
296
244
158
176
202
244
238
238
166
160
174
162
132
206
230
106
126
16
20
44
26
46
90
112
70
50
70
88
112
102
88
2
6
32
20
32
46
0
2
60
44
24
12
4
22
38
28
98
84
50
26
4
18
6
32
22
6
38
8
14
28
64
126
98
78
56
90
112
144
148
150
152
162
160
170
190
140
108
114
106
64
114
74
90
146
158
104
166
162
226
238
232
198
234
226
190
192
212
192
202
144
188
234
224
246
262
292
274
220
190
144
146
146
168
180
104
82
62
30
30
48
82
90
50
60
78
106
118
104
114
70
110
106
78
74
56
80
44
16
0
34
62
104
190
180
148
144
190
202
212
184
276
312
328
326
272
238
238
268
332
308
310
302
304
302
312
268
300
344
310
282
264
320
338
330
358
384
396
340
302
276
256
226
288
246
210
202
210
150
176
204
204
244
208
170
182
194
214
210
164
212
244
272
286
294
332
294
330
330
416
470
452
426
392
418
404
436
452
424
450
450
394
400
426
378
378
312
320
238
284
330
308
272
268
318
322
334
348
320
328
344
276
242
278
290
324
364
346
362
358
404
402
416
394
382
404
392
436
436
382
414
388
444
404
392
396
370
266
250
254
274
278
342
320
384
426
382
338
312
364
428
406
412
376
352
360
300
308
324
268
304
278
236
236
174
226
230
222
306
354
336
316
296
310
266
274
300
272
300
318
308
264
220
204
164
166
224
244
150
182
132
122
92
92
48
20
26
20
60
24
50
92
62
34
38
12
26
20
14
76
72
48
44
8
2
16
36
78
2
18
14
40
10
68
74
76
88
76
106
82
106
152
158
178
210
244
220
324
334
352
334
368
372
400
426
374
348
332
358
416
356
334
340
350
310
348
370
360
390
344
346
384
334
366
296
372
372
330
330
320
384
432
438
432
428
358
420
424
448
454
450
422
386
386
302
282
302
304
282
280
312
322
266
266
278
224
254
212
196
222
228
210
188
194
198
178
172
208
200
194
194
210
204
246
284
246
270
316
262
270
306
358
414
410
474
434
468
436
466
424
442
446
464
452
398
362
360
362
354
370
354
428
420
428
440
404
462
484
512
512
454
466
464
450
492
578
610
598
560
562
508
526
486
486
524
506
484
474
428
408
358
354
352
336
352
300
238
230
244
294
326
358
362
334
322
284
322
336
352
328
344
358
440
438
454
396
390
370
354
366
324
328
268
226
242
254
224
212
250
260
334
348
338
352
396
368
364
374
358
346
390
388
370
392
404
436
466
484
458
452
434
454
424
436
466
464
434
452
446
478
480
504
476
460
460
520
