7562
7686
7726
7834
7906
7886
7900
7908
7806
7956
7930
7868
7812
7814
7790
7954
7910
7854
7864
7874
7790
7808
7724
7664
7762
7790
7782
7780
7768
7780
7782
7786
7738
7708
7696
7732
7658
7680
7672
7638
7676
7636
7614
7576
7482
7532
7580
7616
7680
7726
7726
7784
7752
7714
7680
7660
7672
7482
7552
7674
7500
7532
7626
7568
7598
7730
7712
7742
7774
7654
7556
7572
7420
7560
7482
7442
7482
7460
7494
7564
7594
7636
7708
7754
7746
7772
7710
7682
7724
7654
7698
7776
7804
7928
7924
7900
7830
7726
7738
7774
7816
7632
7558
7536
7568
7578
7538
7514
7564
7466
7520
7578
7622
7578
7568
7500
7460
7418
7378
7470
7326
7454
7452
7514
7524
7600
7632
7706
7774
7728
7636
7638
7624
7746
7722
7792
7780
7786
7820
7804
7762
7838
7800
7712
7720
7816
7732
7736
7772
7796
7816
7778
7886
7890
7856
7896
7966
7948
7912
7826
7790
7744
7704
7798
7762
7698
7780
7860
7856
7846
7742
7780
7704
7702
7812
7794
7750
7714
7772
7884
7972
7834
7812
7790
7834
7866
7954
7992
8054
8080
7978
7886
7944
7938
8080
8014
7898
7934
7954
7920
7968
7908
7986
7890
7926
7848
7722
7776
7616
7626
7520
7510
7532
7598
7636
7628
7616
7716
7746
7746
7778
7752
7740
7736
7754
7616
7646
7582
7504
7578
7612
7528
7486
7500
7536
7520
7510
7496
7456
7586
7652
7638
7614
7512
7474
7476
7490
7568
7578
7684
7688
7666
7712
7770
7728
7820
7830
7854
7850
7648
7744
7706
7648
7556
7574
7614
7570
7450
7520
7556
7578
7598
7662
7676
7656
7680
7626
7712
7668
7650
7604
7566
7410
7310
7350
7506
7446
7446
7528
7502
7584
7554
7378
7302
7374
7302
7348
7384
7414
7396
7362
7322
7392
7456
7498
7498
7444
7418
7446
7452
7518
7580
7516
7556
7534
7558
7686
7604
7460
7522
7540
7612
7628
7720
7820
7722
7708
7670
7750
7696
7692
7628
7694
7738
7774
7798
7732
7656
7708
7628
7676
7760
7796
7870
7896
7922
7970
8008
7996
8000
8034
8060
7998
7932
7848
7804
7830
7888
7810
7696
7724
7632
7644
7664
7650
7618
7684
7692
7750
7732
7740
7724
7572
7686
7732
7718
7762
7814
7730
7842
7780
7876
7860
7774
7850
7926
7906
8012
7900
7796
7856
7860
7776
7782
7786
7644
7758
7846
7824
7826
7822
7784
7798
7744
7786
7776
7914
7954
7824
7728
7738
7762
7822
7798
7878
7764
7772
7650
7586
7542
7524
7490
7454
7316
7366
7518
7576
7638
7680
7750
7694
7616
7656
7734
7696
7640
7758
7828
7844
7780
7740
7856
7900
7950
7886
7836
7874
7826
7864
7922
7974
7898
7858
7858
7790
7676
7708
7686
7696
7636
7724
7874
7786
7786
7718
7816
7720
7764
7784
7818
7788
7752
7728
7864
7756
7772
7784
7860
7816
7874
7868
7876
7788
7866
7862
7902
7942
7928
7826
7786
7754
7778
7748
7876
7860
7744
7770
7786
7782
7786
7732
7750
7722
7680
7642
7736
7704
7808
7798
7792
7902
7898
7892
7850
7854
7786
7774
7728
7704
7622
7788
7790
7724
7750
7684
7632
7718
7726
7750
7716
7814
7772
7846
7776
7792
7844
7890
7916
7978
7986
7906
7940
7958
7914
7966
7866
7848
7892
7812
7806
7740
7840
7896
7862
7740
7570
7540
7624
7582
7572
7636
7620
7624
7782
7686
7768
7708
7648
7664
7624
7732
7750
7704
7594
7552
7540
7544
7652
7682
7752
7752
7704
7766
7800
7876
7758
7722
7726
7732
7678
7598
7664
7596
7632
7642
7654
7590
7584
7708
7750
7694
7672
7736
7608
7672
7722
7758
7704
7812
7808
7754
7758
7674
7618
7598
7548
7596
7568
7556
7662
7662
7748
7764
7776
7748
7758
7776
7788
7784
7664
7594
7622
7540
7490
7500
7550
7502
7478
7488
7454
7296
7320
7384
7300
7286
7312
7346
7466
7526
7528
7476
7398
7574
7598
7720
7700
7718
7700
7636
7648
7614
7542
7618
7732
7682
7730
7788
7722
7642
7690
7536
7480
7448
7440
7310
7498
7384
7346
7392
7404
7540
7534
7488
7516
7532
7704
7710
7614
7650
7662
7620
7724
7754
7834
7800
7760
7726
7724
7676
7604
7610
7694
7654
7714
7646
7638
7670
7682
7756
7814
7774
7636
7686
7692
7688
7656
7676
7656
7786
7742
7706
7686
7708
7652
7778
7800
7702
7674
7644
7552
7616
7618
7578
7634
7544
7604
7594
7696
7614
7604
7618
7580
7608
7642
7640
7608
7652
7636
7752
7686
7794
7702
7658
7604
7594
7602
7578
7554
7526
7586
7540
7636
7652
7652
7634
7684
7732
7776
7866
7796
7716
7762
7654
7636
7698
7756
7736
7842
7792
7752
7746
7732
7740
7826
7864
7824
7774
7790
7818
7822
7892
7826
7804
7880
7988
7992
8016
7960
7908
7898
7866
7836
7796
7796
7858
7854
7884
7790
7884
7888
7870
7878
7936
7810
7864
7856
7852
7860
7864
7866
7820
7850
7896
7918
7968
7872
7922
7892
7982
7972
8010
8020
8110
7964
8026
7972
8054
8018
8038
8014
7920
7916
7862
7836
7886
7820
7858
7764
7730
7764
7758
7802
7814
7692
7758
7844
7904
7910
7874
7822
7816
7862
7810
7758
7742
7738
7682
7750
7766
7754
7790
7862
7794
7844
7778
7774
7718
7804
7704
7686
7600
7570
7556
7496
7484
7428
7426
7460
7570
7558
7500
7566
7518
7538
7580
7608
7644
7676
7622
7594
7576
7604
7608
7636
7652
7606
7632
7662
7676
7678
7686
7672
7766
7768
7702
7744
7710
7726
7816
7792
7810
7750
7812
7840
7834
7848
7924
7866
7818
7872
7750
7740
7736
7808
7698
7642
7730
7578
7716
7790
7834
7840
7770
7760
7788
7604
7676
7626
7544
7474
7440
7508
7596
7650
7578
7590
7576
7608
7644
7652
7688
7588
7594
7610
7558
7558
7694
7608
7578
7558
7616
7630
7624
7602
7564
7488
7442
7432
7434
7524
7564
7452
7488
7568
7500
7588
7544
7572
7502
7638
7616
7590
7560
7558
7528
7614
7482
7460
7536
7432
7506
7512
7442
7504
7420
7494
7480
7490
7584
7606
7616
7594
7616
7680
7638
7738
7794
7784
7858
7840
7772
7660
7734
7684
7736
7726
7802
7758
7754
7804
7842
7846
7794
7730
7678
7656
7684
7576
7428
7360
7370
7454
7490
7518
7488
7556
7554
7614
7576
7520
7448
7482
7490
7476
7464
7454
7398
7384
7376
7370
7276
7162
7240
7244
7312
7184
7316
7388
7270
7300
7370
7432
7558
7588
7534
7540
7506
7580
7600
7638
7624
7640
7514
7572
7390
7470
7540
7496
7546
7642
7648
7726
7796
7802
7780
7736
7720
7744
7736
7766
7730
7740
7730
7778
7700
7644
7684
7776
7764
7926
7838
7946
7898
7994
7946
7926
7922
8060
8008
7906
7900
7926
7878
7916
7902
7950
7986
7992
7946
7950
7966
7922
7896
7876
7882
7848
7800
7850
7754
7710
7688
7624
7716
7706
7706
7596
7658
7624
7606
7608
7704
7724
7672
7598
7566
7640
7670
7676
7656
7698
7650
7738
7648
7688
7720
7712
7770
7804
7810
7856
7890
7928
7926
7856
7830
7838
7824
7852
7788
7858
7926
7878
7876
7732
7748
7758
7796
7810
7876
7878
7902
7968
7878
7792
7762
7836
7772
7758
7658
7632
7624
7716
7724
7712
7724
7734
7756
7748
7654
7688
7626
7642
7652
7540
7536
7534
7438
7502
7518
7610
7500
7594
7664
7574
7580
7654
7724
7716
7802
7814
7792
7770
7772
7734
7680
7686
7654
7642
7680
7696
7808
7830
7858
7848
7706
7702
7662
7654
7624
7696
7674
7666
7636
7664
7686
7632
7706
7714
7618
7658
7746
7808
7804
7802
7768
7718
7678
7656
7760
7856
7914
7850
7876
7928
7886
7854
7906
7796
7830
7880
7820
7772
7762
7796
7804
7780
7730
7708
7704
7596
7662
7520
7540
7600
7500
7500
7604
7546
7564
7648
7668
7656
7734
7696
7602
7632
7634
7578
7572
7534
7540
7592
7532
7588
7592
7544
7544
7612
7588
7640
7654
7614
7664
7622
7686
7672
7678
7786
7830
7748
7834
7924
7952
7976
7996
7976
7994
7922
7792
7768
7766
7750
7830
7854
7808
7826
7816
7856
7798
7764
7744
7666
7634
7668
7526
7612
7718
7650
7610
7684
7612
7650
7628
7588
7614
7582
7492
7554
7594
7512
7602
7508
7522
7516
7546
7518
7342
7444
7362
7322
7406
7484
7554
7568
7564
7600
7552
7582
7646
7512
7548
7560
7630
7598
7622
7642
7634
7634
7690
7612
7546
7578
7626
7526
7514
7504
7452
7458
7486
7462
7386
7370
7304
7350
7334
7348
7548
7516
7556
7458
7358
7358
7548
7594
7598
7574
7670
7878
7908
7830
7802
7800
7866
7870
7782
7806
7724
7764
7668
7610
7526
7634
7696
7756
7836
7758
7766
7776
7766
7674
7626
7634
7678
7770
7774
7700
7682
7664
7654
7614
7594
7554
7612
7490
7534
7444
7424
7562
7686
7682
7600
7630
7670
7710
7716
7784
7786
7804
7768
7726
7698
7734
7690
7658
7620
7674
7606
7624
7580
7694
7700
7650
7708
7766
7840
7882
7888
7954
7880
7856
7734
7728
7626
7666
7702
7718
7636
7590
7538
7494
7442
7530
7456
7486
7444
7532
7542
7526
7634
7580
7644
7538
7676
7644
7644
7648
7654
7618
7576
7522
7644
7622
7696
7556
7492
7500
7450
7408
7386
7370
7474
7470
7520
7500
7554
7572
7524
7492
7498
7494
7516
7548
7574
7510
7556
7600
7572
7706
7670
7664
7688
7660
7726
7768
7718
7812
7836
7832
7756
7718
7764
7746
7810
7846
7850
7808
7802
7756
7816
7744
7696
7720
7734
7686
7820
7818
7874
7894
7850
7906
7830
7842
7870
7824
7780
7832
7782
7798
7802
7754
7796
7826
7770
7936
8010
8058
8084
8028
7902
7854
7848
8000
7882
7890
7970
7908
7808
7708
7832
7802
7766
7778
7838
7708
7702
7750
7772
7608
7488
7450
7436
7416
7350
7386
7392
7400
7226
7318
7424
7394
7384
7296
7268
7324
7390
7472
7484
7388
7310
7396
7320
7366
7448
7354
7386
7224
7264
7294
7144
7100
7094
7162
7140
7180
7086
7256
7226
7184
7382
7426
7312
7302
7228
7334
7308
7292
7302
7256
7220
7248
7358
7408
7464
7564
7614
7524
7548
7452
7356
7328
7412
7348
7304
7250
7236
7196
7246
7160
7172
7130
7062
7152
7168
7126
7090
7224
7142
7202
7236
7214
7318
7350
7410
7362
7398
7432
7418
7382
7298
7288
7244
7358
7398
7466
7460
7464
7404
7462
7456
7536
7560
7456
7538
7616
7534
7682
7678
7646
7702
7756
7736
7708
7678
7608
7588
7480
7354
7306
7362
7388
7318
7388
7424
7466
7544
7478
7486
7460
7520
7518
7492
7508
7444
7460
7474
7448
7454
7436
7412
7334
7296
7322
7344
7284
7262
7296
7340
7374
7418
7494
7594
7582
7510
7524
7542
7522
7540
7506
7598
7682
7604
7538
7646
7614
7656
7630
7580
7536
7492
7546
7620
7560
7724
7666
7566
7500
7684
7842
7874
7850
7772
7806
7936
7828
7808
7960
8020
8098
7994
7970
7936
7920
7894
7858
7814
7822
7740
7744
7730
7772
7806
7746
7802
7832
7786
7796
7712
7630
7574
7540
7526
7554
7412
7330
7346
7386
7450
7442
7466
7548
7534
7638
7626
7522
7510
7498
7600
7550
7482
7522
7584
7648
7526
7502
7566
7504
7526
7586
7510
7532
7392
7394
7428
7370
7444
7444
7440
7368
7380
7348
7376
7410
7420
7370
7436
7484
7512
7538
7464
7458
7640
7708
7680
7672
7678
7642
7800
7746
7714
7762
7668
7594
7630
7636
7670
7584
7676
7722
7812
7768
7808
7790
7842
7748
7696
7716
7628
7772
7782
7858
7912
7942
8010
7880
7834
7734
7740
7704
7692
7702
7724
7760
7804
7800
7746
7728
7716
7800
7750
7736
7646
7618
7634
7684
7718
7786
7806
7794
7916
7892
7800
7808
7724
7716
7662
7616
7578
7654
7624
7628
7708
7768
7778
7830
7820
7876
7814
7830
7800
7770
7688
7734
7718
7754
7774
7838
7856
7958
7940
7862
7874
7912
7896
7886
7902
7960
7796
7746
7754
7716
7730
7742
7684
7700
7720
7774
7866
7770
7842
7964
