7714
7756
7640
7584
7566
7560
7596
7656
7668
7602
7640
7586
7624
7618
7586
7644
7650
7608
7612
7558
7606
7676
7578
7582
7572
7530
7486
7478
7318
7376
7420
7410
7404
7362
7428
7472
7540
7578
7618
7624
7560
7586
7574
7644
7616
7652
7682
7650
7760
7636
7670
7594
7424
7396
7264
7410
7466
7448
7594
7574
7562
7518
7484
7436
7438
7410
7368
7436
7542
7522
7678
7764
7776
7762
7734
7752
7772
7856
7826
7732
7714
7708
7708
7696
7568
7590
7654
7752
7622
7634
7642
7752
7854
7804
7872
7796
7704
7618
7650
7748
7736
7712
7634
7638
7748
7666
7616
7624
7610
7662
7580
7590
7608
7418
7496
7532
7562
7482
7554
7572
7568
7678
7686
7628
7690
7650
7494
7488
7496
7510
7474
7506
7630
7700
7752
7696
7736
7646
7676
7692
7734
7626
7554
7488
7446
7426
7426
7504
7572
7604
7582
7578
7702
7792
7842
7786
7806
7812
7846
7796
7744
7782
7780
7856
7722
7838
7922
7778
7742
7660
7750
7780
7770
7828
7842
7718
7796
7782
7906
7910
7882
7888
7894
7930
7914
7802
7760
7692
7654
7760
7784
7774
7728
7736
7732
7742
7674
7714
7794
7814
7738
7716
7800
7836
7830
7644
7640
7664
7690
7680
7706
7678
7698
7788
7904
7802
7782
7808
7762
7724
7672
7632
7740
7664
7630
7640
7654
7632
7578
7700
7750
7844
7906
7890
7848
7944
7856
7910
7880
7880
7816
7796
7768
7842
7816
7870
7808
7904
8030
7956
7894
7950
7998
7994
7890
7914
7970
7908
7912
7930
7912
7938
7838
7892
7812
7812
7848
7772
7750
7650
7638
7646
7726
7592
7560
7538
7520
7564
7520
7494
7494
7574
7586
7558
7630
7534
7620
7536
7542
7694
7734
7648
7642
7664
7706
7696
7602
7676
7686
7662
7574
7554
7616
7614
7700
7714
7684
7656
7652
7694
7616
7578
7594
7698
7756
7744
7750
7704
7730
7682
7680
7580
7582
7674
7706
7778
7884
7922
7980
7908
7910
7880
7836
7962
7978
7944
7922
7794
7816
7836
7930
8056
7986
7894
7914
7866
7760
7744
7814
7896
7890
7920
7852
7812
7746
7698
7628
7678
7712
7778
7838
7744
7770
7748
7536
7608
7652
7562
7512
7528
7478
7516
7488
7404
7426
7428
7338
7378
7174
7202
7252
7362
7314
7316
7278
7402
7356
7452
7534
7598
7616
7646
7624
7660
7678
7684
7772
7794
7706
7714
7794
7758
7734
7682
7698
7862
7810
7824
7906
7866
7798
7794
7760
7738
7728
7724
7764
7692
7746
7710
7800
7792
7780
7728
7798
7776
7698
7802
7748
7790
7852
7882
7844
7894
7848
7828
7968
8078
8164
8184
8156
8142
8132
8092
8150
8092
8082
8102
8070
7972
7852
7806
7928
7960
7972
8038
8068
7990
7794
7906
7974
7990
8022
7940
7994
7882
7878
7990
7878
7854
7884
7832
7836
7860
7838
7804
7822
7860
7850
7772
7794
7776
7638
7694
7570
7442
7456
7504
7486
7502
7386
7440
7316
7336
7302
7472
7546
7534
7598
7514
7540
7550
7650
7652
7712
7656
7714
7762
7850
7818
7742
7708
7732
7758
7722
7700
7684
7818
7776
7748
7748
7784
7702
7656
7604
7610
7624
7550
7584
7650
7702
7712
7694
7734
7756
7764
7710
7834
7824
7724
7810
7824
7826
7848
7876
7824
7826
7872
7822
7732
7718
7792
7780
7650
7606
7672
7654
7716
7688
7710
7754
7802
7852
7940
7824
7914
8066
8004
7920
7864
7944
7970
7924
7828
7866
7990
7992
7976
8040
8002
8032
8062
8060
7978
7996
7898
7822
7832
7908
7766
7748
7716
7670
7666
7680
7818
7784
7756
7742
7630
7648
7630
7702
7784
7756
7698
7682
7718
7706
7604
7608
7724
7686
7590
7692
7624
7486
7552
7644
7676
7712
7850
7694
7728
7742
7852
7880
7888
7826
7842
7814
7806
7746
7702
7720
7608
7598
7580
7522
7488
7400
7510
7656
7724
7640
7572
7654
7770
7846
7834
7776
7782
7804
7804
7702
7732
7780
7742
7688
7808
7754
7728
7650
7648
7528
7690
7646
7606
7600
7576
7498
7512
7494
7544
7558
7550
7544
7614
7732
7840
7984
7990
7938
7844
7708
7640
7664
7650
7630
7692
7740
7702
7834
7766
7914
7972
7870
7810
7780
7722
7858
7782
7738
7828
7774
7718
7774
7808
7814
7872
7810
7818
7748
7822
7764
7786
7818
7908
7852
7896
7880
7864
7876
7808
7822
7666
7648
7574
7556
7550
7528
7608
7518
7508
7516
7570
7588
7584
7496
7378
7372
7378
7424
7396
7260
7376
7370
7462
7406
7470
7546
7502
7526
7518
7464
7550
7596
7670
7656
7658
7630
7604
7652
7630
7614
7644
7724
7752
7690
7846
7818
7758
7630
7678
7612
7696
7684
7604
7544
7496
7556
7600
7540
7532
7616
7794
7820
8028
8012
8044
8020
8072
8032
8014
7950
8054
7988
7922
7908
7864
7908
7954
7962
7960
7920
7958
8026
7946
7818
7846
7810
7858
7848
7854
7834
7842
7896
7786
7770
7786
7760
7898
7840
7840
7848
7888
7856
7832
7892
7968
7972
8130
8132
8050
8008
7930
8000
7970
7964
7910
7872
7972
7866
8048
8018
8004
8102
8028
8030
8062
8102
8042
7972
7914
7890
7874
7912
7952
7956
7946
7884
7924
7900
7900
7986
8008
8022
8030
8044
8032
7894
7814
7742
7778
7846
7874
7888
7796
7876
7796
7798
7730
7802
7726
7786
7826
7914
7836
7762
7738
7776
7872
7828
7818
7880
7866
8010
8034
7958
7994
7900
7842
7796
7872
7906
7850
7872
8012
7912
7958
7958
7910
7898
7910
7932
7954
7938
7876
7946
7894
7880
7876
7754
7758
7698
7718
7700
7834
7714
7774
7750
7734
7670
7738
7734
7658
7734
7690
7608
7628
7642
7718
7686
7718
7782
7856
7888
7890
7926
7894
7950
8084
7992
7972
7832
7778
7748
7796
7796
7820
7786
7814
7754
7748
7804
7836
7790
7742
7678
7598
7586
7654
7776
7692
7656
7738
7706
7720
7808
7802
7962
7974
7908
7892
7834
7688
7786
7832
7822
7764
7928
7880
7876
7874
7876
7854
7870
7886
7960
8032
8050
7934
7900
7966
7914
7994
7924
7880
7774
7738
7682
7610
7704
7794
7888
7792
7776
7702
7688
7744
7684
7888
7912
7986
7792
7862
7814
7882
7934
7990
8048
8070
8026
7956
7968
7974
7998
7904
7874
7914
7972
7968
7958
7978
7894
7870
7780
7780
7686
7700
7620
7614
7746
7662
7704
7544
7572
7626
7642
7632
7686
7654
7560
7566
7628
7650
7646
7766
7824
7860
7832
7802
7808
7822
7820
7790
7698
7684
7634
7708
7658
7564
7602
7600
7780
7766
7766
7758
7716
7678
7668
7724
7746
7692
7540
7598
7616
7606
7544
7588
7588
7564
7682
7818
7822
7848
7766
7696
7756
7722
7784
7776
7674
7700
7742
7650
7630
7564
7590
7588
7594
7624
7630
7590
7504
7486
7544
7582
7636
7648
7538
7512
7486
7540
7550
7526
7536
7590
7602
7576
7492
7486
7574
7456
7516
7458
7510
7436
7494
7492
7480
7416
7322
7362
7266
7330
7332
7396
7408
7482
7510
7504
7508
7510
7524
7440
7552
7518
7446
7436
7412
7444
7486
7444
7390
7466
7456
7418
7374
7360
7380
7392
7508
7508
7418
7420
7402
7478
7546
7492
7388
7464
7504
7626
7620
7488
7554
7496
7406
7486
7536
7458
7518
7446
7472
7492
7492
7550
7484
7408
7472
7496
7458
7488
7444
7506
7568
7528
7540
7470
7538
7600
7604
7542
7710
7770
7842
7812
7766
7790
7874
7908
7988
7914
7956
7988
7966
8050
7912
7882
7994
7996
8000
8030
7998
7990
7956
7902
7928
7868
7854
7802
7814
7836
7808
7688
7704
7620
7616
7630
7610
7532
7528
7490
7522
7652
7566
7528
7590
7568
7644
7702
7714
7668
7722
7580
7644
7696
7692
7780
7654
7592
7608
7586
7498
7538
7548
7536
7462
7576
7590
7638
7618
7578
7626
7586
7480
7518
7598
7626
7728
7642
7728
7698
7650
7592
7520
7544
7606
7464
7474
7382
7446
7416
7348
7328
7246
7222
7298
7408
7544
7556
7596
7502
7468
7492
7416
7464
7486
7504
7590
7466
7584
7558
7636
7622
7714
7738
7802
7822
7638
7714
7736
7716
7728
7774
7852
7798
7806
7756
7614
7520
7540
7608
7624
7622
7566
7620
7500
7428
7544
7576
7576
7680
7692
7736
7716
7694
7618
7646
7802
7866
7902
7950
7836
7850
7844
7930
7906
7872
7862
7744
7660
7680
7704
7748
7632
7578
7592
7636
7728
7680
7708
7722
7772
7798
7772
7694
7718
7710
7634
7546
7586
7500
7636
7554
7586
7660
7728
7724
7740
7800
7888
7982
7960
7892
7998
7956
8078
7948
7920
7990
7934
7950
7942
7980
7966
7802
7776
7864
7772
7754
7670
7660
7592
7610
7612
7682
7650
7608
7626
7540
7648
7644
7622
7734
7684
7790
7722
7712
7764
7696
7682
7696
7738
7746
7760
7726
7726
7584
7604
7612
7606
7616
7672
7636
7638
7542
7580
7560
7460
7552
7630
7682
7722
7806
7750
7828
7832
7846
8002
7974
7864
7862
7836
7834
7854
7772
7780
7802
7844
7862
7832
7860
7852
7860
7840
7974
7960
7914
7838
7792
7766
7802
7740
7786
7678
7650
7720
7808
7836
7696
7694
7660
7688
7622
7632
7592
7628
7684
7686
7706
7780
7826
7824
7868
7796
7786
7768
7816
7690
7746
7714
7686
7612
7676
7606
7666
7612
7582
7588
7606
7584
7636
7634
7650
7658
7650
7712
7694
7654
7702
7674
7628
7582
7582
7528
7562
7618
7600
7646
7698
7614
7668
7792
7780
7828
7854
7822
7824
7922
7832
7812
7820
7758
7780
7818
7750
7880
7848
7844
7798
7728
7772
7880
7876
7862
7876
7950
7990
8016
7874
7814
7812
7902
7858
7874
7862
7896
7908
7736
7738
7716
7806
7834
7760
7618
7634
7706
7702
7570
7628
7526
7564
7542
7502
7456
7322
7494
7492
7556
7604
7520
7666
7664
7734
7760
7724
7662
7604
7614
7608
7600
7616
7540
7478
7444
7494
7460
7516
7558
7646
7578
7570
7650
7568
7574
7544
7446
7478
7484
7400
7370
7398
7366
7334
7360
7316
7248
7326
7500
7444
7530
7432
7340
7368
7466
7444
7478
7486
7472
7450
7556
7602
7608
7618
7620
7678
7766
7684
7638
7542
7602
7542
7444
7640
7578
7628
7710
7776
7772
7586
7554
7538
7628
7600
7656
7552
7500
7458
7560
7514
7576
7532
7460
7482
7492
7496
7622
7722
7674
7714
7722
7690
7734
7650
7704
7722
7710
7700
7676
7694
7708
7564
7578
7668
7662
7552
7678
7726
7716
7648
7686
7822
7838
7864
7740
7710
7804
7808
7796
7728
7722
7728
7708
7742
7808
7760
7828
7884
7652
7710
7770
7878
7796
7734
7726
7746
7800
7836
7722
7692
7642
7706
7782
7738
7744
7756
7658
7614
7540
7524
7566
7662
7598
7586
7720
7730
7664
7646
7670
7698
7804
7932
7882
7888
7904
7898
7914
7950
7928
7868
7824
7804
7778
7878
7844
7922
7914
7928
7850
7802
7822
7830
7808
7756
7646
7766
7744
7736
7768
7860
7776
7744
7730
7698
7838
7808
7860
7774
7754
7586
7646
7620
7588
7608
7580
7674
7696
7754
7804
7836
7826
7768
7768
7728
7706
7666
7666
7690
7660
7690
7682
7658
7660
7698
7660
7610
7540
7428
7466
7474
7392
7500
7490
7476
7468
7414
7446
7486
7578
7686
7730
7714
7710
7708
7772
7796
7726
7716
7752
7778
7902
7830
7840
7754
7760
7784
7732
7700
7744
7810
7868
7908
7836
7836
7830
7746
7720
7698
7684
7678
7642
7684
7790
7856
7830
7636
7690
7756
7784
7686
7776
7890
7920
7868
7886
7846
7840
7702
7736
7736
7790
7730
7666
7722
7764
7810
7846
7902
7888
7868
7820
7870
7842
7782
7720
7768
7858
7876
7916
8008
8000
8052
8062
8020
7972
7976
7916
7926
7876
7856
7842
7834
7800
7854
7916
7876
7790
7872
7952
7950
7924
7846
7750
7726
7748
7710
7722
7718
7750
7790
7800
7806
7846
7926
7742
7810
7756
7692
7680
7778
7906
7996
8004
7920
7854
7834
7854
7868
7908
7964
7954
7790
7782
7868
7790
7790
7696
7746
7734
7804
7812
7818
7866
7804
7762
7752
7790
7832
