54
10
14
16
26
20
36
68
100
104
176
150
164
174
178
228
238
192
196
196
234
224
252
246
158
214
232
222
196
164
142
102
84
110
96
152
142
170
126
140
132
90
44
14
52
68
84
56
104
118
90
162
130
130
148
138
58
20
50
94
98
122
104
80
94
176
204
212
228
236
224
278
260
248
260
222
216
236
210
224
248
272
298
314
316
314
272
248
278
292
276
332
292
250
272
238
294
260
350
304
310
302
302
314
324
368
364
322
398
404
396
396
398
420
428
438
378
384
404
382
378
344
342
356
362
352
292
296
288
276
270
232
234
208
162
206
154
152
158
158
152
178
178
188
206
144
204
250
216
180
202
184
184
192
256
218
166
210
256
236
310
228
266
270
330
264
240
252
274
230
218
180
196
190
172
126
160
114
154
232
198
208
230
258
304
280
300
314
294
290
306
326
316
388
324
308
320
344
400
384
336
378
376
380
376
354
354
356
388
396
396
372
418
426
448
484
510
530
512
522
546
560
548
524
532
532
546
586
616
642
614
620
606
624
600
598
516
576
556
568
546
548
530
544
480
438
544
554
522
526
542
528
548
526
518
516
586
570
552
534
560
572
562
526
530
524
556
556
498
514
526
480
470
470
520
552
550
548
610
624
588
604
612
578
584
614
576
592
610
556
580
566
590
626
634
592
552
552
556
576
566
492
480
470
448
412
422
386
398
362
334
288
324
322
340
346
334
356
316
314
328
300
316
358
370
326
328
292
324
290
282
320
290
332
310
268
168
132
164
176
120
102
78
76
24
38
56
88
62
14
84
104
90
96
90
94
110
104
44
28
30
22
12
138
178
128
128
182
130
154
96
50
82
62
78
10
56
14
22
32
18
38
48
2
52
22
30
46
64
30
16
14
14
26
26
50
32
52
106
112
128
174
226
182
208
228
218
228
266
294
276
288
298
250
258
276
228
218
228
266
256
230
196
218
262
286
318
340
316
326
368
426
466
502
502
498
550
602
576
564
554
574
614
634
648
596
568
520
484
498
526
528
512
538
540
532
520
516
572
512
544
584
602
584
610
606
590
558
562
524
578
542
528
570
576
576
592
534
558
498
554
506
494
524
540
530
516
548
494
460
448
436
396
378
420
434
408
372
402
418
384
416
358
358
304
308
322
302
270
230
222
212
286
272
282
308
212
230
220
168
164
132
112
156
138
110
106
26
14
38
62
82
104
102
78
122
88
70
70
96
138
134
80
158
96
106
74
44
64
56
138
156
144
202
216
218
194
168
168
154
232
192
228
248
292
308
318
290
272
298
302
292
302
336
326
318
296
288
306
282
268
296
298
246
246
326
336
362
386
364
352
356
382
384
356
356
358
346
416
420
426
404
396
392
384
366
344
366
366
422
468
446
402
376
378
394
412
420
394
368
334
364
346
340
308
354
384
360
374
342
362
352
354
414
448
382
360
394
346
326
288
210
154
164
174
124
82
90
108
118
38
80
98
96
106
122
136
172
158
146
84
114
66
12
22
50
48
8
2
100
76
80
28
6
52
40
58
4
4
52
60
32
48
58
50
50
12
6
50
26
22
10
24
6
64
78
122
60
4
4
12
4
106
106
110
114
84
118
138
138
118
56
92
80
104
58
52
158
190
240
270
266
276
238
326
302
288
350
322
364
384
396
444
394
454
462
412
372
380
342
378
380
438
424
348
330
372
390
450
388
378
370
438
440
460
502
488
442
436
504
532
548
520
484
420
400
428
450
456
430
470
424
416
434
384
388
348
256
258
226
236
260
244
252
240
290
298
324
302
346
346
358
358
392
326
256
310
308
306
306
332
352
416
432
428
466
500
496
504
476
448
424
474
468
448
396
428
442
434
434
424
402
424
422
408
440
454
464
488
448
406
446
414
404
440
438
440
456
488
538
570
568
564
534
556
560
548
568
542
534
556
558
584
580
546
490
484
512
504
470
494
450
498
506
516
494
528
544
528
590
624
578
554
596
540
532
572
634
632
608
592
604
632
578
644
672
700
698
702
630
650
694
736
740
754
730
706
730
704
778
736
750
730
722
692
680
610
624
580
654
670
640
648
676
684
666
662
648
650
596
592
586
530
514
500
546
502
522
530
546
512
496
468
466
446
430
380
334
316
372
378
312
290
320
332
356
394
364
366
384
410
432
476
488
468
480
460
464
476
430
448
450
476
418
406
430
400
370
332
340
392
450
476
434
476
492
432
458
510
538
556
512
462
440
462
432
396
394
404
380
464
472
456
486
448
472
496
490
514
504
462
434
458
360
334
344
356
382
372
330
326
284
286
338
276
310
262
244
284
218
174
214
194
182
214
202
176
200
196
248
258
320
276
296
298
286
258
282
256
244
242
166
180
134
134
128
134
96
70
54
8
16
2
2
38
72
62
14
6
22
50
120
114
170
194
228
264
236
230
240
250
240
262
238
290
260
208
114
156
144
208
222
150
130
170
194
156
138
82
76
92
122
84
108
68
4
0
2
24
4
26
20
8
16
10
62
10
10
42
78
118
114
100
110
106
110
82
142
164
230
178
172
172
92
88
162
146
258
278
260
272
246
262
250
266
300
312
256
218
200
136
166
222
210
230
218
200
194
198
208
186
188
186
214
216
250
202
192
246
290
244
244
266
240
260
270
238
238
250
188
220
192
200
226
216
242
250
238
228
200
216
294
356
330
306
294
256
226
254
248
254
256
266
232
120
140
156
102
86
130
72
82
42
54
62
48
96
102
138
134
150
142
230
276
288
308
272
288
294
310
368
366
350
364
418
340
344
340
342
314
326
306
262
278
258
254
292
264
310
300
308
344
348
354
328
360
430
462
426
508
458
462
448
408
456
414
428
472
464
492
472
504
482
530
524
486
480
394
346
354
338
314
330
372
322
308
354
378
350
378
372
364
318
282
330
334
376
362
354
404
380
388
350
356
334
358
362
392
382
368
424
418
426
450
486
520
476
458
464
426
400
420
388
454
450
408
320
356
354
368
380
382
378
390
372
390
404
384
398
438
414
424
472
470
446
416
400
400
486
462
460
432
452
422
374
334
314
272
274
282
266
312
304
314
274
268
200
264
278
236
258
254
262
260
272
320
366
356
332
328
308
358
384
348
346
398
384
334
396
420
418
476
500
496
518
540
544
562
516
486
510
536
588
550
576
586
604
604
602
576
590
622
628
634
646
604
622
614
558
560
532
502
522
568
528
462
406
380
292
232
252
228
166
182
234
194
164
172
176
202
162
162
112
154
128
84
116
66
110
92
24
34
42
54
8
6
12
52
64
66
70
98
94
74
80
96
6
72
60
122
114
158
160
150
150
114
114
112
68
48
70
122
150
166
146
162
158
218
152
196
180
208
260
304
308
298
244
286
320
318
360
332
318
322
306
334
326
344
380
448
520
498
500
522
518
518
526
492
482
488
454
430
344
282
302
368
304
284
266
268
250
270
202
206
158
156
114
80
88
94
130
104
132
84
88
52
50
58
88
44
16
8
18
14
6
18
26
22
6
2
2
22
18
42
32
84
110
94
68
54
66
128
136
134
154
186
238
194
206
194
238
252
270
242
192
166
80
78
110
124
178
208
228
244
234
250
230
220
168
174
168
68
84
68
30
80
92
56
66
34
38
10
26
36
20
26
36
76
30
6
18
18
10
26
34
66
22
38
28
14
38
24
38
10
24
74
82
80
72
62
58
20
26
64
44
72
92
104
84
86
132
162
154
166
184
156
150
134
108
108
118
74
78
24
4
12
10
14
14
48
108
132
100
38
2
52
26
42
36
2
8
48
54
112
100
80
60
26
40
10
60
66
78
66
18
50
20
10
54
78
24
32
20
90
102
108
136
118
126
218
208
208
208
174
100
172
174
168
164
168
198
166
198
160
148
124
84
86
76
88
122
98
130
128
160
136
204
228
248
294
316
318
272
218
218
186
184
234
272
298
336
366
358
392
386
390
458
464
470
482
442
470
472
482
500
512
484
514
484
444
400
450
442
430
478
494
480
376
368
380
356
374
384
392
400
396
442
434
390
380
382
358
362
292
256
270
292
284
290
394
402
372
324
390
364
324
280
276
262
258
264
272
284
244
216
202
218
146
112
146
110
176
190
182
232
242
206
204
198
194
214
192
220
188
212
166
164
126
152
172
202
210
224
230
258
238
238
262
258
204
220
188
218
228
218
262
266
278
302
356
330
370
390
414
402
454
438
410
398
418
386
440
456
416
394
440
442
468
496
492
548
534
532
548
534
504
506
486
440
406
364
380
334
280
306
250
236
216
244
248
250
318
354
370
388
394
398
434
422
396
372
406
396
410
394
362
386
410
368
394
418
392
428
430
428
422
404
406
408
358
306
326
334
264
190
190
166
174
154
98
72
102
66
108
150
158
164
180
144
148
136
84
66
72
72
64
42
82
42
42
24
20
54
6
46
96
114
120
94
126
176
158
124
184
140
138
152
172
154
118
112
118
92
114
90
108
92
72
62
90
36
90
110
108
78
128
142
150
150
170
154
120
82
66
74
62
22
18
16
8
