6958
7030
7046
6972
7052
7092
7084
6932
6902
6858
6838
6896
6838
6862
6854
7012
7014
6928
6944
7104
7190
7224
7192
7138
7134
7180
7122
7194
7254
7210
7228
7326
7266
7256
7286
7226
7184
7182
7200
7228
7140
7144
7030
7052
7010
7082
6936
7076
7052
7026
6936
6892
6914
6988
6842
6786
6892
6942
6810
6886
6782
6748
6678
6656
6702
6716
6706
6694
6682
6658
6842
6786
6818
6724
6778
6716
6800
6706
6762
6740
6692
6688
6776
6798
6780
6788
6690
6694
6656
6684
6590
6676
6706
6784
6754
6874
6834
6788
6760
6604
6614
6608
6664
6544
6514
6526
6490
6616
6536
6614
6648
6580
6550
6554
6468
6524
6400
6414
6486
6558
6600
6576
6714
6792
6824
6844
6798
6720
6776
6750
6644
6528
6528
6550
6682
6642
6610
6576
6510
6482
6590
6578
6614
6636
6610
6616
6576
6510
6410
6400
6312
6288
6242
6162
6118
6098
5994
5852
5810
5964
5816
5878
5844
5928
5866
5844
5762
5768
5762
5918
5964
6030
5998
5992
6020
5966
6004
5960
6028
5988
6090
5980
5962
5950
5920
5826
5882
5918
5942
5876
5936
6034
6064
6090
6022
6032
6046
6192
6224
6304
6258
6178
6254
6282
6438
6452
6536
6474
6544
6568
6508
6608
6714
6788
6772
6860
6726
6686
6628
6596
6524
6672
6622
6706
6642
6658
6672
6672
6784
6806
6880
6934
6982
6920
6950
7008
7006
7040
6966
7012
6932
6842
6822
6808
6868
6870
6872
6842
6804
6770
6832
6858
6892
6882
6878
6876
7008
6962
7002
7088
7072
6954
6914
6762
6752
6686
6718
6610
6592
6582
6632
6628
6734
6726
6596
6610
6702
6662
6622
6540
6572
6592
6524
6484
6674
6774
6600
6502
6652
6612
6646
6650
6738
6678
6632
6710
6654
6718
6750
6682
6752
6870
6820
6970
6948
6942
7012
7038
7166
7228
7104
7010
7040
6892
6886
6940
6892
6886
6748
6706
6780
6668
6664
6578
6606
6470
6414
6414
6358
6378
6510
6384
6370
6370
6296
6392
6426
6458
6402
6346
6350
6314
6396
6372
6438
6400
6432
6338
6346
6292
6334
6478
6500
6564
6450
6528
6490
6478
6496
6422
6324
6430
6430
6512
6442
6390
6378
6322
6454
6518
6494
6506
6462
6466
6482
6486
6544
6546
6480
6496
6386
6424
6516
6506
6360
6386
6408
6372
6470
6476
6494
6490
6414
6284
6320
6388
6498
6486
6424
6376
6520
6376
6350
6174
6166
6296
6352
6308
6190
6196
6218
6264
6302
6334
6406
6392
6524
6520
6448
6214
6154
6162
5982
5952
5838
5872
5878
5892
5928
6076
6032
6110
6222
6158
6066
6022
5980
6042
6138
6194
6186
6202
6260
6172
6260
6218
6232
6232
6276
6348
6390
6440
6480
6362
6294
6332
6342
6394
6500
6330
6434
6462
6386
6436
6526
6570
6562
6598
6504
6612
6562
6516
6538
6544
6384
6402
6438
6434
6454
6426
6444
6614
6554
6588
6560
6542
6684
6706
6694
6634
6620
6614
6724
6728
6708
6756
6718
6580
6704
6746
6836
6942
6924
6884
6998
6948
7054
6908
6792
6690
6716
6698
6720
6584
6690
6606
6744
6670
6482
6530
6598
6522
6418
6406
6380
6360
6342
6406
6262
6258
6362
6336
6424
6372
6418
6454
6540
6516
6552
6644
6560
6442
6384
6346
6320
6298
6238
6316
6256
6230
6294
6446
6304
6416
6364
6270
6292
6366
6356
6238
6230
6046
6172
6230
6190
6158
6162
6232
6108
6112
6226
6154
6168
5974
5858
5866
5828
5874
5836
5810
5786
5788
5874
5828
5882
5942
5834
5698
5856
5956
5940
5928
5974
6024
6058
6074
6154
6234
6196
6198
6248
6344
6282
6170
6140
6210
6006
6112
5994
5986
6008
5960
6102
6208
6214
6122
6234
6172
6034
6204
6262
6230
6258
6276
6252
6286
6214
6138
6048
5992
5946
6082
6054
6050
6048
6040
5996
6018
5848
5864
5880
5740
5806
5660
5650
5740
5686
5764
5884
5910
5972
6072
6066
6066
6090
6122
6100
5966
5946
6014
6026
5948
6098
6082
6086
6122
6188
6176
6196
6218
6226
6242
6176
6092
6142
6072
6162
6216
6248
6204
6330
6260
6192
6198
6380
6420
6332
6248
6184
6334
6388
6442
6410
6248
6170
6014
5966
5838
5962
5918
6000
5998
5888
5976
5934
5954
5832
5826
5864
5754
5644
5776
5648
5566
5376
5246
5294
5370
5418
5468
5588
5718
5720
5768
5762
5798
5914
5926
5784
5878
5940
5938
5874
5918
5904
5796
5732
5584
5478
5432
5252
5246
5410
5350
5298
5538
5668
5546
5600
5500
5470
5462
5464
5498
5574
5788
5786
5716
5762
5694
5686
5670
5720
5878
5848
5806
5858
5864
5934
5958
5914
5884
5902
5900
5972
5954
5950
5934
5956
5802
5842
5884
5700
5744
5650
5686
5822
5814
5690
5714
5732
5816
5948
6012
5998
5940
5958
5978
5950
5900
5894
5950
5980
5994
5920
5988
5916
5792
5682
5700
5838
5872
5976
6064
6082
6172
6196
6248
6164
6126
6012
6188
6072
6172
6076
6186
6062
5962
6038
6060
6028
6032
6216
6112
6066
5906
6110
6122
6048
6034
6014
6044
6018
6022
6060
6134
6222
6214
6128
6114
6086
6062
6084
5938
5980
5996
6096
6052
5972
6028
6058
5944
5988
6032
5928
5940
5998
6008
5834
5906
5940
6046
6158
6090
6136
6242
6172
6210
6180
6140
6042
6082
6026
6050
6132
6056
6128
6000
6038
6134
6190
6204
6298
6106
6152
6056
6082
6158
5970
6042
6050
6134
6130
6270
6216
6100
6128
6180
6272
6332
6224
6256
6278
6344
6312
6278
6258
6250
6322
6570
6636
6682
6606
6492
6378
6424
6418
6380
6418
6442
6396
6390
6366
6456
6520
6588
6592
6638
6520
6596
6582
6574
6574
6536
6532
6378
6436
6460
6430
6486
6590
6662
6582
6562
6578
6470
6518
6560
6536
6486
6572
6598
6598
6462
6356
6368
6432
6574
6584
6558
6534
6382
6432
6374
6260
6442
6336
6408
6564
6528
6494
6390
6314
6246
6136
6072
6162
6098
6064
6070
5986
6056
6020
6096
6092
6000
6008
6104
5940
5874
5774
5858
6000
6120
6022
5996
6008
6040
6040
5972
6024
6052
5970
5928
5966
5990
6102
6168
6218
6296
6324
6340
6250
6296
6414
6358
6312
6426
6428
6346
6462
6472
6604
6732
6612
6392
6380
6398
6414
6484
6548
6556
6414
6444
6320
6412
6440
6612
6628
6640
6704
6786
6732
6708
6568
6606
6650
6568
6576
6550
6562
6624
6642
6660
6848
6830
6936
6902
6850
6718
6774
6714
6660
6594
6660
6618
6626
6512
6420
6410
6530
6632
6712
6728
6760
6694
6636
6744
6574
6422
6538
6584
6696
6594
6522
6446
6342
6370
6184
6110
6084
5990
6016
5918
6014
6032
6078
6010
6002
6120
6178
6286
6288
6250
6132
6260
6196
6316
6256
6292
6206
6390
6394
6342
6412
6452
6482
6578
6668
6754
6752
6668
6708
6744
6770
6790
6808
6690
6692
6778
6828
6736
6680
6720
6726
6858
6964
6948
6848
6966
6920
6898
6832
6926
6884
6904
6970
7050
7130
7134
7088
7114
7088
7142
7032
7074
7186
7172
7220
7218
7272
7284
7206
7290
7326
7278
7270
7312
7284
7310
7260
7146
7096
7024
7076
7178
7254
7180
7092
7012
7064
6988
6898
6914
6978
6892
6888
6870
6884
7014
7022
7136
7112
7050
7070
7194
7104
7068
7160
7270
7300
7288
7372
7286
7180
7052
7100
7278
7122
7054
6972
6976
7036
6944
6920
6794
6888
6860
6844
6768
6712
6822
6916
6890
6772
6636
6786
6860
6862
6910
6912
6908
7028
6896
6882
6938
7040
7142
7254
7346
7304
7280
7130
7038
7030
7046
7146
7012
7090
7054
6998
6978
6940
7024
6908
6952
6770
6954
7006
7052
6922
6986
6976
7050
6998
6898
6936
6944
6878
6882
6934
6952
6868
6740
6748
6778
6844
6808
6858
6930
6834
6764
6864
6828
6900
6896
6770
6808
6858
6932
6986
7070
6956
7042
6916
6828
6750
6776
6856
6902
6888
6738
6762
6786
6800
6868
6820
6808
6718
6634
6732
6612
6584
6598
6738
6634
6614
6566
6578
6676
6594
6650
6612
6748
6610
6678
6738
6610
6674
6732
6832
6898
6782
6772
6702
6698
6692
6706
6682
6630
6606
6558
6484
6442
6414
6274
6356
6358
6482
6538
6480
6422
6528
6434
6362
6344
6468
6356
6360
6498
6450
6516
6568
6608
6584
6600
6544
6590
6566
6654
6630
6658
6650
6522
6480
6382
6484
6448
6448
6386
6520
6588
6612
6624
6636
6632
6608
6548
6664
6656
6520
6386
6362
6290
6274
6312
6436
6382
6412
6352
6394
6378
6266
6252
6010
6102
6034
6154
6258
6276
6414
6354
6306
6388
6280
6298
6278
6204
6158
6144
6188
6314
6300
6264
6440
6380
6312
6276
6312
6336
6386
6420
6412
6348
6346
6296
6220
6248
6366
6492
6478
6528
6422
6404
6356
6292
6310
6310
6284
6198
6344
6234
6214
6188
6000
6086
6210
6224
6222
6256
6292
6308
6268
6414
6354
6328
6334
6308
6300
6386
6476
6372
6256
6224
6262
6082
6214
6276
6354
6486
6508
6510
6552
6428
6412
6356
6310
6286
6216
6170
6234
6166
6246
6154
6072
6014
5996
5842
5794
5938
5852
5848
5872
5840
5858
5932
5914
6058
6030
5944
5958
6016
5990
6030
5944
5900
5894
6006
6022
6098
6196
6148
6128
5958
6006
6022
6028
6056
6104
5988
6064
5986
6010
5984
6000
6064
6034
5994
6006
5986
6070
5948
6032
5956
6016
6156
6150
6196
6148
6070
6006
5992
6090
6088
6010
6200
6166
6222
6318
6396
6334
6278
6338
6342
6306
6262
6256
6324
6314
6278
6322
6234
6216
6280
6302
6286
6282
6248
6114
6272
6336
6436
6286
6280
6376
6492
6374
6422
6576
6528
6416
6512
6490
6614
6620
6606
6592
6550
6578
6700
6736
6824
6832
6758
6730
6710
6554
6500
6426
6298
6316
6270
6264
6166
6078
6070
6062
6072
6074
6038
6152
6202
6156
6220
6278
6236
6302
6260
6160
6056
5954
5944
5928
6094
6110
6176
6198
6076
6176
6264
6326
6298
6274
6150
6134
6122
6250
6232
6266
6232
6118
6138
6000
5976
5950
5882
5930
6070
6118
6182
6202
6038
5934
5964
6066
6106
6172
6098
6236
6284
6296
6184
6268
6212
6082
6060
6002
6018
6088
6038
5970
6078
6060
6024
5994
5930
6070
5974
6014
6090
6302
6294
6368
6414
6432
6412
6368
6350
6442
6418
6432
6448
6578
6568
6532
6468
6448
6582
6572
6564
6628
6482
6492
6532
6604
6596
6574
6622
6624
6668
6816
6860
6974
6960
6872
6952
6830
6950
6880
6968
6948
6852
6800
6836
6882
6858
6744
6732
6898
6902
6904
6768
6854
6966
6928
6884
6790
6764
6736
6756
6592
6512
6516
6404
6356
6394
6494
6496
6462
6524
6502
6676
6690
6562
6478
6518
6468
6560
6588
6636
6660
6552
6498
6450
6616
6540
6630
6572
6468
6498
6514
6584
6602
6638
6772
6866
6820
6840
6748
6780
6730
6582
6606
6606
6492
6646
6676
6700
6698
6612
6582
6544
6466
6458
6448
6470
6446
6534
6424
6458
6548
6632
6570
6542
6594
6540
6546
6340
6384
6516
6512
6570
6478
6474
6390
6536
6554
6618
6654
6682
6714
6702
6662
6630
6602
6638
6636
6612
6570
6516
6492
6416
6404
6576
6594
6618
6588
6590
6570
6520
6518
6512
6522
6636
6586
6582
6576
6590
6484
6512
6612
6542
6600
6522
6626
6582
6600
6736
6710
6716
6710
6694
6746
6786
6718
6550
6370
6352
6240
6246
6382
6270
6166
6298
6274
6356
6392
6436
6464
6586
6554
6788
6634
6596
6562
6478
6418
6486
6472
6516
6630
6620
6662
6642
6650
6558
6504
6434
6588
6590
6722
6644
6722
6658
6718
6766
6758
6844
6894
6848
6958
6910
6814
6818
6810
6836
6770
6858
6862
6806
6792
6798
6740
6782
6772
6802
6832
6638
6656
6620
6704
6448
6434
6486
6576
6602
6484
6486
6436
6410
6304
6194
6148
6278
6358
6314
6306
6290
6294
6098
6042
6004
5944
5976
5940
5960
5920
6094
6238
6184
6232
6184
6138
6174
6230
6286
6384
6492
6466
6456
6560
6530
6526
6480
6618
6694
6564
6574
6560
6634
