7896
7900
7912
7902
7830
7676
7730
7702
7700
7746
7686
7648
7628
7610
7542
7584
7602
7590
7690
7762
7826
7854
7834
7832
7782
7814
7914
7976
8010
7978
8042
7952
7972
7842
7976
8144
8034
8114
8112
8050
8142
8042
7958
7986
7958
7936
8004
7968
7938
7926
7928
7918
7838
7776
7730
7664
7750
7868
7828
7788
7726
7760
7776
7844
7792
7796
7762
7792
7728
7716
7656
7706
7644
7718
7710
7738
7594
7606
7498
7528
7524
7530
7574
7492
7492
7512
7542
7556
7626
7542
7506
7478
7548
7560
7602
7604
7588
7628
7604
7564
7590
7522
7662
7604
7524
7466
7442
7462
7504
7660
7682
7654
7762
7790
7692
7644
7692
7744
7816
7832
7902
7860
7860
7884
7960
7896
7938
7976
7966
7960
8034
8126
8174
8112
8076
8014
7928
7952
7960
7966
7950
8006
7944
7854
7784
7662
7698
7796
7668
7656
7670
7616
7688
7668
7746
7892
7820
7774
7692
7754
7806
7882
7848
7816
7796
7720
7722
7798
7762
7830
7862
7898
7924
7880
7884
7884
7978
7940
7960
7846
7820
7774
7794
7736
7688
7782
7702
7750
7692
7768
7716
7764
7776
7782
7808
7780
7782
7768
7852
7966
7952
7926
7880
7918
7852
7796
7788
7742
7828
7764
7724
7690
7686
7688
7780
7792
7846
7908
7854
7860
7966
7956
7986
7958
8020
7960
7850
7916
7914
7832
7860
7702
7698
7714
7762
7766
7834
7804
7782
7806
7832
7810
7782
7772
7770
7692
7798
7746
7776
7870
7880
7784
7764
7810
7754
7812
7680
7714
7786
7660
7700
7702
7632
7624
7736
7716
7750
7688
7674
7680
7710
7668
7636
7620
7706
7524
7562
7554
7530
7550
7542
7576
7622
7540
7620
7542
7552
7602
7592
7492
7534
7594
7612
7494
7544
7622
7752
7652
7628
7538
7658
7738
7704
7772
7788
7782
7800
7698
7654
7614
7540
7638
7704
7674
7540
7462
7454
7524
7398
7422
7428
7414
7264
7184
7220
7316
7304
7198
7140
7132
7144
7214
7174
7364
7476
7414
7438
7602
7548
7590
7576
7588
7474
7528
7530
7560
7502
7520
7566
7534
7500
7590
7524
7630
7554
7502
7510
7566
7508
7620
7544
7562
7562
7602
7538
7550
7568
7612
7574
7610
7636
7696
7694
7686
7698
7690
7662
7698
7774
7816
7842
7822
7860
7862
7880
7900
7882
7894
7962
7942
7922
7910
7798
7676
7652
7736
7702
7636
7618
7690
7734
7854
7840
7832
7920
7902
7876
7848
7906
7932
7872
7864
7682
7642
7676
7770
7804
7912
7912
7906
7770
7772
7792
8044
7962
7896
7904
7854
7826
7790
7858
7870
7886
7732
7820
7812
7768
7734
7744
7728
7790
7844
7772
7820
7876
7856
7842
7854
7842
7846
7804
7824
7780
7758
7754
7740
7760
7710
7748
7774
7720
7814
7758
7678
7718
7722
7812
7820
7856
7834
7854
7878
7880
7920
7826
7714
7710
7840
7822
7820
7880
7830
7866
7916
7858
7784
7712
7772
7812
7850
7870
7880
7820
7890
7944
8008
8058
8044
7990
7862
7852
7886
7826
7882
7812
7816
7830
7908
7824
7900
7902
7924
7874
7850
7832
7862
7912
7884
7894
7858
7778
7804
7872
7880
7802
7808
7814
7838
7916
7794
7900
7860
7850
7780
7694
7800
7788
7816
7734
7766
7778
7714
7660
7556
7590
7608
7760
7792
7854
7852
7768
7640
7596
7596
7596
7596
7612
7546
7472
7558
7650
7624
7562
7602
7694
7734
7752
7756
7746
7844
7936
7956
7896
7858
7832
7882
7860
8026
7984
7898
7808
7824
7852
7786
7752
7688
7698
7638
7662
7782
7934
7764
7768
7742
7784
7830
8010
8070
8030
7988
8080
8060
7986
7866
7846
7818
7854
7804
7778
7932
8028
8032
7984
8078
8148
8102
8052
8082
8076
8014
8020
8068
8014
7998
7952
7892
7882
7798
7762
7826
7854
7862
7912
7952
7818
7762
7694
7582
7656
7758
7802
7888
7898
7906
7896
7860
7894
8002
8006
7954
8016
7932
7928
7946
7978
7988
8024
7968
8002
7980
8070
8118
8122
8040
8048
7878
7920
7902
7864
7846
7814
7772
7772
7738
7750
7800
7788
7710
7740
7732
7626
7676
7724
7782
7808
7812
7872
7868
7808
7866
7878
7880
7854
7944
7976
8086
8002
8030
7878
7922
8040
8024
7994
7972
8016
7960
7930
7818
7838
7854
7900
7924
7936
7976
7924
7908
7946
7948
7948
7974
7904
7804
7948
7888
7868
7710
7668
7670
7628
7766
7756
7750
7790
7716
7786
7872
7770
7756
7758
7896
7948
7918
7812
7834
7864
7828
7826
7836
7814
7828
7802
7864
7828
7904
7926
7894
7890
7978
7982
7916
7950
7912
7968
8002
7974
7956
7942
7956
7900
8004
7986
8030
8044
7996
7842
7730
7758
7742
7820
7784
7762
7864
7904
7910
7900
7884
7858
7870
7936
7956
7880
7918
7934
7898
7926
7998
8026
8052
8004
7954
7930
7982
7906
7946
7892
7908
8016
7928
7904
7912
7894
7716
7684
7748
7796
7822
7874
7826
7852
7950
7872
7892
7870
7824
7886
7834
7840
7746
7800
7762
7734
7606
7544
7638
7746
7808
7890
7808
7836
7716
7628
7584
7530
7612
7640
7746
7674
7722
7704
7636
7702
7842
7888
7932
7880
7968
7946
7876
7968
7946
7932
7882
7992
8008
7974
8060
7970
7996
8092
8072
8040
8034
7974
7974
7940
7768
7680
7648
7678
7634
7738
7758
7774
7726
7802
7730
7682
7842
7876
7920
7920
7936
7914
8044
7920
7936
7960
8066
8046
8040
7998
7960
7852
7924
7858
7824
7896
7968
7942
8012
7960
7954
7942
7822
7914
7876
7844
7906
7916
7934
7908
7964
7888
7910
7876
7852
7812
7860
7878
7872
7912
7930
7814
7840
7834
7874
7790
7816
7822
7838
7914
7900
7990
8004
7978
8028
7966
7956
7940
7832
7888
7816
7814
7872
7934
7852
7786
7808
7780
7734
7596
7644
7710
7846
7830
7772
7770
7812
7696
7738
7800
7810
7852
7946
7750
7868
7824
7898
7874
7888
7908
7966
8028
7972
7894
7942
7988
7914
7832
7866
7828
7894
7982
7876
7860
7812
7872
7822
7936
7970
8046
7890
7892
7952
7924
8066
8094
8162
8066
7944
7974
8010
8036
7998
7992
8022
8042
8048
8106
8098
8056
7972
8022
7970
8036
8072
7992
7960
7982
7938
7906
7860
7822
7780
7746
7756
7816
7834
7738
7624
7654
7650
7658
7672
7698
7720
7698
7662
7692
7622
7714
7674
7706
7712
7720
7644
7540
7458
7410
7416
7564
7544
7588
7574
7524
7624
7594
7472
7532
7474
7598
7666
7670
7700
7804
7750
7742
7662
7628
7536
7594
7616
7580
7648
7614
7584
7600
7588
7674
7772
7794
7792
7702
7672
7808
7828
7746
7718
7714
7656
7582
7514
7586
7544
7624
7616
7696
7752
7770
7674
7730
7752
7772
7754
7656
7614
7588
7538
7516
7514
7478
7532
7544
7502
7540
7532
7454
7590
7758
7670
7634
7744
7758
7720
7710
7760
7732
7786
7782
7738
7832
7910
7846
7838
7836
7872
7792
7820
7846
7788
7800
7860
7810
7780
7698
7746
7772
7732
7772
7754
7696
7700
7660
7752
7880
7982
7952
7978
7902
7956
8026
7966
7988
8100
8120
8024
7946
7918
7926
7922
8002
8132
8046
8008
7942
8056
8020
8010
8092
8058
8108
7988
7916
7930
7876
7862
8000
7910
7976
7952
8036
8038
7984
7968
7954
7982
7946
7996
7896
8056
8010
7994
8028
8060
8098
8022
7922
7940
7896
7908
7834
7842
7816
7832
7766
7740
7826
7760
7814
7750
7706
7676
7718
7806
7868
7930
7898
7938
7846
7750
7748
7678
7698
7708
7772
7796
7826
7842
7876
7914
7848
7922
7922
7922
7914
7958
8078
8026
8024
7910
7874
7930
8010
8056
7992
7948
8024
7986
7942
7874
7822
7956
7994
8080
8108
8064
8128
8146
8120
8072
7922
7848
7816
7864
7750
7728
7742
7678
7698
7790
7838
7758
7720
7756
7708
7722
7750
7802
7780
7708
7794
7786
7762
7730
7724
7790
7772
7802
7820
7868
7844
7720
7720
7856
7748
7794
7820
7926
7896
7866
7862
7870
7822
7854
7744
7774
7748
7718
7758
7698
7710
7704
7642
7602
7644
7614
7636
7654
7500
7564
7612
7714
7706
7626
7512
7418
7436
7470
7526
7474
7540
7612
7582
7542
7570
7638
7630
7698
7690
7686
7620
7584
7570
7628
7600
7508
7528
7460
7398
7478
7520
7512
7524
7502
7472
7510
7528
7452
7496
7470
7684
7586
7672
7722
7676
7726
7676
7614
7676
7758
7830
7764
7684
7688
7716
7704
7750
7744
7758
7866
7914
7870
7952
7928
7880
7860
7934
7960
7984
7902
7862
7950
7974
8004
8028
7958
7968
7908
7934
7872
7834
7828
7780
7794
7768
7820
7798
7858
7872
7910
7968
7888
7902
7848
7800
7720
7814
7782
7916
7868
7786
7768
7798
7814
7818
7804
7822
7758
7726
7724
7654
7690
7708
7892
7808
7846
7842
7804
7808
7796
7788
7948
7968
7958
7970
7874
7854
7908
7914
7938
7974
7856
7810
7762
7754
7698
7684
7624
7554
7588
7614
7552
7598
7664
7826
7788
7906
7860
7760
7786
7832
7738
7818
7840
7874
7862
7782
7740
7710
7676
7758
7738
7810
7850
7798
7720
7644
7650
7662
7782
7858
7770
7676
7752
7810
7780
7746
7798
7756
7734
7814
7736
7836
7796
7822
7822
7826
7742
7732
7722
7724
7750
7808
7792
7820
7816
7826
7762
7742
7602
7602
7590
7590
7790
7850
7804
7854
7844
7854
7964
7886
7762
7724
7674
7702
7640
7670
7736
7772
7846
7874
7860
7888
7838
7662
7742
7738
7774
7884
7872
7796
7742
7692
7704
7694
7740
7670
7536
7614
7620
7764
7748
7736
7802
7800
7820
7962
7964
8012
8104
8034
8094
8120
8146
8190
8176
8086
8084
8090
8130
8102
8042
8024
8122
8116
8052
7952
7952
7816
7806
7788
7768
7828
7856
7868
7896
8002
8028
8108
7946
7874
7922
7946
7904
7932
8032
7970
7966
7936
7922
7898
7886
7844
7780
7760
7842
7888
7916
7826
7820
7806
7752
7732
7734
7740
7856
7904
7942
7942
7814
7888
7780
7802
7740
7726
7718
7692
7562
7676
7738
7718
7766
7752
7806
7768
7886
7990
7894
7950
7968
7876
7980
7880
7840
7876
7916
7856
7868
7930
7942
7918
7904
7842
7912
7874
7862
7842
7840
7908
7920
7944
7984
7896
7740
7642
7648
7716
7790
7850
7792
7844
7856
7776
7872
7948
7962
7970
7936
8002
7930
7902
7874
7928
8034
7992
7976
7978
7970
7962
7960
7994
8060
8022
7928
7944
7842
7958
7972
7974
7942
7860
7872
7902
7862
7782
7692
7628
7634
7726
7776
7792
7762
7798
7904
7930
7952
7892
7852
7710
7670
7744
7716
7718
7710
7672
7704
7700
7674
7632
7636
7670
7724
7720
7758
7790
7746
7730
7718
7714
7646
7614
7590
7488
7436
7566
7586
7588
7568
7506
7520
7610
7608
7658
7728
7656
7634
7626
7614
7590
7572
7546
7496
7594
7722
7786
7838
7834
7886
7788
7662
7748
7712
7702
7778
7700
7568
7584
7560
7620
7718
7704
7694
7690
7752
7836
7840
7820
7786
7778
7922
7834
7828
7854
7804
7846
7736
7720
7768
7868
7840
7710
7660
7698
7698
7714
7724
7710
7806
7822
7798
7744
7678
7696
7696
7744
7662
7726
7700
7836
7920
7902
7822
7810
7778
7704
7758
7566
7550
7670
7562
7550
7574
7534
7582
7512
7542
7516
7594
7672
7764
7742
7708
7860
7822
7774
7834
7708
7766
7720
7736
7724
7696
7692
7582
7608
7682
7732
7638
7582
7456
7594
7648
7620
7490
7452
7428
7492
7610
7444
7532
7570
7626
7650
7588
7392
7446
7428
7472
7478
7416
7420
7466
7452
7484
7498
7466
7506
7484
7432
7458
7460
7446
7352
7502
7472
7458
7378
7496
7398
7440
7490
7492
7398
7404
7412
7362
7500
7534
7560
7536
7594
7620
7560
7536
7630
7628
7580
7504
7416
7504
7610
7554
7620
7502
7498
7628
7676
7632
7644
7692
7672
7662
7660
7734
7640
7604
7658
7566
7590
7666
7620
7554
7636
7728
7724
7822
7872
7876
7858
7894
7892
7918
7892
7904
7878
7900
7942
7844
7844
7952
8046
8030
7944
7906
7910
7944
8060
7994
7968
7912
