650
658
612
604
612
608
664
668
696
654
660
660
636
678
686
694
676
666
680
688
710
662
634
632
628
616
610
606
648
642
628
658
636
574
568
534
558
552
570
576
570
572
572
598
650
656
614
618
626
600
562
592
608
624
594
582
564
542
530
562
576
564
540
514
540
544
542
554
582
566
578
586
578
566
590
610
598
624
594
564
516
538
560
574
578
514
538
568
574
584
588
542
496
520
472
502
528
562
582
578
560
614
602
590
644
694
662
654
680
660
712
700
732
744
754
742
680
656
586
620
650
684
688
690
702
690
700
688
706
720
730
718
660
642
614
626
614
616
576
564
574
572
556
572
574
568
574
604
612
612
630
628
636
660
654
674
652
640
644
648
672
686
648
680
666
610
630
618
612
554
558
532
456
482
436
416
424
426
380
376
402
418
448
418
406
420
406
410
420
414
438
406
410
366
400
368
382
368
354
346
372
366
428
454
464
496
544
532
508
502
544
576
570
554
514
530
576
558
568
554
490
522
584
620
618
628
622
666
658
636
682
662
666
676
716
690
708
710
698
718
736
698
712
686
636
632
606
608
612
612
576
598
572
514
506
490
548
566
560
590
550
538
496
496
540
576
554
532
612
632
624
626
580
622
594
608
592
560
598
596
554
554
522
544
560
580
558
530
504
526
548
558
618
610
552
492
546
568
604
610
630
608
576
574
564
616
638
680
716
682
668
654
584
596
586
572
584
558
556
570
554
542
556
596
598
652
660
646
652
640
618
598
638
594
596
540
562
578
602
634
666
648
606
640
660
652
600
628
652
648
662
666
736
784
768
720
704
770
762
754
774
706
690
716
720
746
744
714
712
736
710
734
764
744
716
730
738
790
766
778
780
788
768
764
722
704
686
668
680
656
674
656
638
654
588
608
628
622
656
646
600
578
618
628
624
642
642
684
698
684
724
720
752
754
780
768
760
748
750
732
756
746
760
708
688
642
694
704
704
680
668
678
666
636
702
668
630
628
638
594
578
568
574
596
584
634
638
582
610
604
652
622
634
618
598
606
604
654
658
634
594
594
636
632
558
570
568
588
614
612
590
556
556
574
600
600
606
518
540
542
556
548
546
584
624
644
662
636
618
576
676
698
716
712
746
746
728
754
744
768
772
776
772
748
742
716
746
710
712
726
716
744
754
714
712
678
646
666
682
646
654
684
690
698
730
754
790
828
830
802
770
792
786
816
746
772
786
784
798
808
796
786
828
764
742
720
734
740
746
696
738
782
742
742
714
752
784
774
752
778
788
738
728
708
698
722
652
682
694
652
664
632
646
662
660
624
644
632
584
588
576
578
596
636
646
696
726
692
748
756
754
722
718
714
714
694
694
662
650
632
662
696
718
710
694
692
724
722
674
688
670
660
626
578
576
572
552
630
696
688
720
670
674
682
716
692
728
726
706
726
698
672
698
668
646
664
664
618
624
638
598
562
516
504
520
536
576
602
552
542
530
516
548
524
506
538
558
556
544
552
558
546
526
530
548
504
550
554
540
480
470
420
388
368
402
396
400
432
416
416
416
416
402
396
450
438
404
400
360
354
366
396
368
352
372
346
388
428
420
412
402
460
458
424
476
476
472
468
566
528
564
624
614
622
594
562
604
628
660
654
610
590
550
508
548
544
526
476
440
470
458
462
476
490
430
378
370
324
324
310
304
322
328
294
274
300
322
264
274
270
284
312
332
326
300
302
332
346
318
300
252
240
244
192
176
208
236
188
260
274
286
266
264
190
186
180
182
242
274
266
328
350
332
298
250
292
266
252
234
224
278
302
280
296
290
302
298
272
252
214
222
198
244
206
198
236
230
250
268
306
256
238
218
160
198
176
200
138
150
132
78
92
66
62
2
12
42
2
44
80
80
86
64
68
58
40
58
72
48
18
10
28
58
94
58
102
152
112
172
132
144
166
218
198
166
172
146
94
90
104
92
82
66
46
58
80
62
84
64
128
78
78
38
72
0
4
58
40
90
44
2
34
40
116
92
82
56
46
52
86
72
62
14
6
14
8
6
24
22
32
12
26
30
2
32
64
112
130
164
122
140
134
122
118
154
158
150
190
196
164
184
170
166
162
170
142
172
176
170
168
162
170
164
176
220
256
290
262
230
204
172
190
186
182
224
210
156
206
240
198
214
216
264
230
236
252
284
290
252
234
230
228
248
230
182
152
174
178
166
180
162
166
224
192
228
282
268
294
284
330
330
342
308
282
270
266
238
224
160
198
256
278
276
270
248
258
242
202
190
194
170
174
216
274
262
192
178
192
220
230
252
248
248
270
288
262
244
248
288
320
362
390
386
416
424
460
468
476
480
446
458
516
510
454
450
468
486
496
544
542
528
504
448
444
440
406
392
376
386
378
432
408
428
454
434
462
476
480
442
386
394
372
410
350
386
444
464
470
480
518
488
496
572
582
606
602
670
692
688
644
668
642
674
634
676
652
648
662
646
668
718
740
700
690
628
628
674
664
630
620
644
668
656
672
654
704
690
712
690
696
672
674
716
748
738
778
758
730
718
724
754
810
790
768
776
788
788
742
732
728
734
724
750
764
756
776
802
792
762
774
780
826
762
776
774
744
728
736
724
736
750
772
788
792
794
792
812
830
814
840
824
864
840
824
784
772
776
766
724
692
658
688
686
662
688
706
716
742
774
802
802
806
834
812
848
880
846
822
808
816
838
822
812
782
808
814
840
830
840
814
802
842
844
814
806
794
802
800
794
780
796
802
818
796
736
774
750
740
698
660
668
616
666
664
706
680
700
710
666
744
730
710
694
682
660
690
724
724
748
742
700
754
768
760
762
774
798
794
820
810
792
784
744
716
756
768
766
746
716
744
796
802
770
744
716
728
734
726
706
708
706
740
714
708
638
662
642
614
660
678
676
706
728
734
724
736
752
744
716
746
748
740
760
788
784
760
686
732
662
666
668
700
692
660
668
666
658
660
654
684
718
732
710
690
690
692
720
770
772
766
766
766
788
776
834
830
804
804
784
786
762
754
770
796
766
766
724
744
754
770
766
800
812
846
854
828
820
796
832
864
778
760
754
778
808
798
820
758
766
770
780
764
766
818
846
836
854
810
814
830
780
772
768
756
782
768
796
766
742
768
750
718
668
706
692
680
714
690
706
670
698
704
716
696
704
770
764
776
768
758
766
802
812
812
782
794
850
854
866
880
864
868
876
860
846
820
860
836
842
844
868
868
884
862
840
822
814
786
772
730
730
684
652
688
706
688
694
700
684
714
696
726
692
640
648
672
720
688
726
734
762
724
730
754
742
774
754
764
772
772
810
766
822
792
774
764
800
836
822
840
816
820
800
792
780
804
838
830
836
826
806
786
784
788
802
836
826
812
858
790
790
804
768
752
750
756
744
740
698
684
692
746
736
676
658
660
672
602
572
544
558
606
580
616
658
686
624
644
644
656
690
664
708
658
618
642
652
662
654
654
632
620
572
550
568
636
678
674
670
692
696
718
748
748
716
682
658
592
556
574
566
566
616
616
622
652
626
556
616
662
644
618
628
582
586
570
578
572
584
614
620
590
602
620
650
622
644
562
558
590
642
648
634
608
608
612
638
634
654
694
702
674
680
660
650
676
664
646
642
626
598
602
580
536
484
468
474
484
432
472
478
424
456
454
466
474
524
480
468
454
464
488
534
520
490
524
486
470
476
494
494
448
428
442
406
428
444
426
394
466
522
546
550
520
542
506
486
536
520
550
554
624
628
602
566
490
534
494
430
432
468
446
424
434
486
460
402
412
412
410
422
390
412
370
406
370
380
374
372
354
324
364
346
302
322
364
350
314
226
212
218
214
206
200
208
200
196
248
226
220
162
178
200
186
178
112
92
104
54
52
106
96
116
148
174
154
236
220
214
282
316
292
262
254
204
200
188
152
156
160
128
110
128
42
26
20
18
22
46
70
74
26
32
12
20
28
24
44
6
66
72
98
102
116
124
110
42
10
2
8
40
32
2
62
38
76
82
106
142
136
136
122
110
80
92
76
56
44
74
60
54
66
60
66
48
58
60
62
82
106
120
146
84
96
94
118
70
12
6
24
52
2
72
72
62
128
152
108
116
96
102
128
156
120
132
106
150
136
124
130
168
130
138
108
88
104
72
84
130
92
164
210
212
128
122
176
252
218
158
172
188
190
206
198
246
200
246
238
298
268
284
250
212
252
234
242
268
252
240
280
290
268
310
324
326
330
334
362
340
256
272
228
228
148
130
122
190
144
192
156
148
160
224
230
216
228
254
260
210
180
218
226
152
116
82
70
64
10
32
8
62
110
108
68
64
22
0
38
88
118
108
104
88
92
10
24
2
20
0
32
80
118
144
116
52
46
78
10
56
74
90
76
64
42
68
94
82
54
84
80
122
162
158
166
158
142
160
128
82
106
60
102
140
190
140
178
96
140
152
142
150
160
126
166
136
120
190
136
178
226
238
216
154
140
220
212
220
164
166
166
150
192
220
208
178
140
30
10
6
14
26
30
6
30
76
70
134
80
92
116
