600
470
632
666
642
702
552
590
568
596
562
548
496
494
566
624
698
696
694
756
720
564
610
614
674
652
654
594
624
596
558
490
556
656
614
590
536
502
544
530
570
572
552
496
348
454
390
382
308
292
408
294
348
400
440
456
538
464
448
446
374
400
326
360
352
320
348
266
292
292
242
162
230
230
254
228
212
236
200
174
212
342
296
320
380
272
310
296
254
212
154
162
164
112
56
2
12
58
80
174
232
222
156
282
200
180
34
62
40
158
26
34
20
40
122
92
66
2
16
26
44
62
246
196
368
326
466
392
384
372
378
392
536
536
576
542
466
446
494
454
390
418
336
278
316
220
124
18
2
22
90
36
24
26
66
130
56
100
204
164
186
224
244
236
254
300
378
410
428
416
454
522
604
554
524
506
454
426
420
434
532
592
556
560
552
518
612
650
566
500
476
568
642
710
784
758
850
878
968
954
1028
990
978
806
880
810
784
864
730
748
744
810
872
838
756
782
778
894
902
904
964
1078
1026
946
1086
1078
974
954
994
1058
1004
972
1000
906
854
956
904
920
900
924
940
784
738
764
728
718
854
884
928
966
986
956
924
848
832
996
950
940
762
712
758
750
806
856
826
818
796
740
716
728
840
644
676
686
630
632
598
454
520
534
534
506
556
698
586
618
604
686
718
672
644
496
356
488
604
706
752
730
742
736
644
670
688
744
740
728
680
638
640
554
506
482
494
494
558
606
526
602
608
656
676
692
772
730
700
612
638
548
576
402
328
284
318
390
450
426
380
452
368
434
516
522
466
464
574
434
264
184
146
200
192
182
106
26
52
96
40
146
250
256
132
146
126
202
224
228
246
224
32
70
82
20
30
40
58
76
178
86
44
72
94
218
114
148
124
148
248
314
304
236
262
268
232
310
386
440
402
438
388
438
468
406
380
478
454
398
386
542
478
428
568
488
410
352
428
510
516
436
546
406
460
486
622
572
568
518
564
528
524
430
450
356
426
536
658
520
588
680
602
676
622
658
640
656
544
462
610
680
658
836
878
954
958
1008
994
920
1012
956
1000
916
896
860
1024
1114
1138
1220
1148
1022
1084
1120
992
1036
980
962
1032
954
956
1052
1010
1016
1046
1086
1094
1056
980
992
906
944
992
978
976
1006
1036
1052
1138
1108
1110
1072
938
972
954
990
914
910
936
998
1084
1118
1146
1128
1034
1008
994
1036
1046
980
1040
938
1034
1020
1026
918
906
912
864
898
814
786
812
844
788
642
644
600
612
678
650
680
620
484
406
414
434
378
426
410
322
310
218
230
188
138
10
26
88
4
32
6
68
24
50
0
2
46
36
28
48
196
228
82
108
52
174
108
144
196
156
146
162
168
174
178
230
198
126
160
176
188
150
102
104
144
190
228
304
312
264
130
136
198
370
356
270
322
368
262
230
338
266
254
148
18
104
136
60
128
50
178
266
350
270
276
250
232
226
138
204
158
176
190
114
116
70
136
82
166
212
284
396
346
408
338
344
312
276
230
320
326
472
492
496
524
504
454
466
474
562
524
594
538
486
364
290
266
154
224
300
248
216
134
154
140
94
48
102
184
206
270
220
364
406
418
374
320
326
306
408
540
398
386
452
476
434
416
398
432
422
380
378
374
316
174
174
86
134
38
78
32
10
24
18
34
14
28
40
44
26
34
20
106
64
124
66
152
84
0
80
50
76
126
98
190
142
258
214
122
260
206
208
288
238
224
314
324
420
406
420
426
432
478
516
434
322
398
240
162
76
112
38
140
40
60
52
60
44
32
82
172
154
212
354
414
474
522
472
462
392
576
564
534
540
658
576
534
642
714
622
672
740
682
690
698
762
642
784
740
720
756
766
844
898
764
748
760
736
726
826
686
814
858
932
964
994
1008
1092
986
1020
958
994
964
934
886
960
858
812
866
812
672
822
906
930
944
780
778
756
648
636
662
658
576
610
472
406
298
326
486
518
636
684
676
704
600
632
666
672
752
754
786
706
650
624
692
612
664
790
808
830
828
672
602
630
602
566
612
542
546
536
610
710
726
878
868
846
852
812
778
674
714
650
780
942
970
1012
1080
1078
1176
1306
1380
1470
1420
1572
1606
1662
1682
1642
1792
1854
1898
1866
1814
1778
1770
1730
1776
1750
1688
1642
1692
1710
1744
1734
1714
1852
1862
1814
1670
1604
1672
1800
1702
1588
1520
1522
1622
1614
1572
1624
1678
1636
1734
1652
1654
1670
1662
1602
1602
1556
1512
1548
1680
1720
1760
1724
1764
1734
1600
1596
1530
1420
1484
1428
1360
1422
1410
1382
1418
1484
1498
1458
1518
1630
1632
1714
1798
1614
1598
1656
1730
1782
1786
1856
1774
1662
1648
1808
1824
1800
1794
1876
1842
1786
1742
1764
1756
1678
1746
1664
1504
1510
1466
1508
1534
1574
1562
1456
1358
1424
1398
1610
1534
1526
1574
1618
1486
1504
1478
1416
1486
1428
1434
1424
1366
1294
1234
1236
1242
1232
1194
1126
1146
1186
1236
1048
996
900
940
790
740
800
770
688
728
696
682
646
630
732
682
704
656
728
800
740
694
684
766
690
714
726
744
802
840
882
736
668
718
784
752
814
786
736
718
740
840
742
796
776
902
880
954
1072
1058
1066
1038
996
894
882
868
956
786
682
794
738
686
658
696
716
666
660
686
592
586
520
578
644
606
678
490
520
630
556
618
668
582
510
454
476
390
292
220
150
178
150
228
194
176
116
4
160
216
344
324
268
284
346
220
162
226
214
148
140
122
134
30
78
12
58
52
8
144
158
4
58
70
176
158
196
250
216
88
118
26
30
30
82
52
10
14
0
126
14
38
82
34
30
4
54
50
40
116
88
52
68
98
96
20
60
26
42
28
44
86
18
46
98
10
86
72
202
188
122
90
102
132
84
28
16
110
126
186
224
238
290
318
362
438
382
400
508
480
592
644
564
524
520
552
634
620
680
636
816
756
754
892
870
822
924
926
900
956
914
996
942
854
756
792
836
860
914
896
922
844
858
780
806
706
658
668
648
576
522
554
602
740
658
668
622
640
676
610
582
620
646
606
676
666
660
532
542
602
564
612
576
636
588
538
568
554
614
650
636
586
690
692
766
778
800
794
708
608
548
442
486
488
488
428
382
276
404
338
354
380
338
302
266
276
282
262
280
232
230
284
320
328
220
264
230
168
110
84
86
154
278
454
518
510
436
486
496
558
642
588
698
628
712
722
844
858
914
766
728
700
788
842
886
904
888
850
824
968
1046
1074
1124
1128
1168
1204
1170
1164
1048
958
956
998
1008
896
856
792
776
738
720
654
604
668
712
792
704
730
760
784
762
662
552
566
538
444
444
394
336
354
352
374
348
346
374
426
420
376
364
420
422
528
528
516
546
368
382
408
360
298
344
370
214
252
260
210
282
262
150
142
162
8
108
260
158
106
92
106
74
4
8
6
76
34
96
58
8
12
186
284
354
302
266
264
252
154
182
154
2
10
58
50
2
28
86
34
60
118
124
94
90
44
64
32
22
28
32
80
20
112
86
178
196
196
222
196
208
160
186
276
120
62
12
22
58
10
30
132
116
234
328
246
278
280
358
358
358
372
320
314
286
278
220
244
220
246
320
282
366
330
402
434
422
392
404
370
346
378
440
586
634
596
594
654
588
384
384
444
494
482
468
458
572
718
790
712
730
746
838
778
704
670
750
736
742
734
660
592
484
378
426
308
306
232
292
208
310
346
346
264
164
126
204
138
82
66
68
60
54
22
34
26
26
4
16
24
70
60
26
46
110
62
60
30
8
60
122
184
200
228
310
344
398
350
320
204
170
80
22
84
50
72
76
178
292
220
114
168
232
202
210
224
170
232
320
440
386
398
538
542
544
436
518
484
476
572
436
424
408
352
390
534
510
642
694
618
552
554
482
444
510
468
500
474
502
442
556
552
494
582
634
682
672
654
670
698
648
672
630
674
654
692
672
682
700
756
644
616
548
620
594
488
444
414
438
402
420
334
358
420
474
642
608
552
558
538
556
588
634
638
624
632
642
710
720
692
678
674
626
522
400
314
284
262
230
258
204
254
240
196
280
308
440
584
542
462
514
572
554
550
452
450
444
484
558
630
616
656
636
646
578
472
460
598
494
500
512
552
472
538
490
498
510
562
576
608
650
634
714
588
624
678
618
562
596
450
498
500
508
496
526
424
426
398
442
312
370
364
364
270
352
396
412
338
278
82
132
88
170
42
10
40
52
54
60
130
208
218
352
288
246
322
286
392
346
350
432
452
548
460
590
490
338
286
400
318
412
420
440
420
410
426
534
588
588
658
630
652
648
670
718
662
578
514
408
340
326
308
260
308
394
312
194
148
76
160
152
154
232
258
290
344
340
420
360
360
344
410
404
288
312
370
378
420
458
356
408
442
594
636
530
380
262
366
424
420
382
454
500
446
418
384
510
522
602
496
464
328
306
280
334
316
302
370
454
468
592
612
594
560
482
548
602
550
598
562
450
558
644
684
716
704
740
702
790
802
728
780
742
792
752
854
820
714
736
788
762
802
806
742
724
802
852
866
854
838
862
886
926
876
820
884
800
822
796
660
634
722
672
664
666
768
704
696
616
606
594
492
420
406
426
496
532
604
716
660
576
614
582
676
554
524
592
578
504
490
430
560
574
518
554
592
666
712
814
774
732
756
710
584
588
560
534
560
462
360
230
256
230
292
246
262
