4652
4728
4870
4880
4930
5014
4922
4834
4766
4750
4864
4876
4836
4918
4784
4816
4756
4646
4538
4694
4602
4320
4292
4240
4338
4360
4406
4372
4390
4368
4422
4380
4436
4564
4478
4430
4490
4500
4654
4584
4724
4804
4814
4744
4824
4840
4920
4962
4876
4826
4800
4760
4788
4822
4788
4822
4708
4814
4874
4782
4884
4874
4886
4850
4872
4890
4928
5080
5044
4988
5036
4884
4696
4732
4748
4628
4662
4642
4680
4748
4792
4892
4840
4770
4694
4752
4856
4932
4974
5220
5142
4992
4964
5092
5256
5276
5464
5454
5480
5474
5404
5360
5364
5370
5426
5410
5476
5532
5612
5552
5610
5596
5790
5742
5730
5824
5734
5768
5686
5670
5684
5572
5620
5422
5518
5510
5548
5390
5426
5664
5688
5690
5836
5916
5906
5978
5950
5904
5976
5946
6018
6132
6334
6166
6222
6092
6100
6078
5984
5964
5944
6020
6196
6154
5996
6028
6112
6122
6164
6150
6322
6282
6360
6278
6240
6258
6392
6396
6370
6370
6468
6454
6454
6466
6554
6508
6452
6466
6440
6372
6340
6372
6358
6414
6486
6626
6492
6454
6538
6514
6454
6380
6260
6250
6114
6136
6104
6078
6056
5920
5840
5752
5818
5760
5718
5752
5704
5690
5558
5650
5586
5578
5536
5696
5644
5564
5636
5698
5600
5614
5640
5680
5786
5738
5906
5956
6092
6152
6046
6094
6172
6200
6192
6196
6282
6310
6414
6476
6604
6482
6390
6400
6434
6446
6422
6486
6506
6426
6468
6426
6460
6458
6428
6212
6272
6422
6532
6396
6492
6556
6598
6514
6532
6472
6502
6496
6528
6586
6348
6370
6290
6274
6316
6206
6360
6224
6310
6338
6326
6382
6234
6264
6230
6186
6332
6306
6374
6286
6402
6396
6430
6318
6436
6534
6620
6768
6734
6746
6714
6722
6644
6594
6564
6630
6576
6552
6478
6378
6416
6346
6358
6286
6454
6480
6540
6502
6558
6338
6406
6354
6306
6376
6298
6362
6388
6326
6268
6354
6346
6270
6314
6266
6394
6308
6402
6332
6416
6396
6290
6378
6264
6280
6212
6208
6190
6184
6098
6086
6050
6036
6090
5992
5958
5922
5944
6192
6146
6130
6280
6214
6140
6176
6204
6350
6392
6494
6496
6390
6282
6394
6344
6308
6236
6296
6204
6326
6406
6280
6324
6362
6502
6414
6234
6270
6270
6368
6324
6478
6392
6406
6282
6194
6194
6314
6218
6188
6244
6196
6106
6100
6098
6110
6168
6086
6062
5970
6044
6002
6076
6038
5976
6070
6104
6026
6002
6090
6064
6054
5886
5888
5828
5854
5784
5810
5882
5754
5756
5864
5932
6008
5926
5828
5710
5726
5712
5754
5796
5864
5802
5902
5898
5840
6034
6038
6072
6164
6196
6120
6076
6050
6094
6154
6160
6206
6054
6184
6188
6254
6208
6170
6240
6036
5978
5992
5972
6044
6094
6140
6048
6040
6194
6216
6166
6154
6224
6336
6286
6080
6100
6214
6306
6256
6166
6334
6340
6290
6222
6178
6062
6060
6010
5868
5826
5776
5944
5850
5820
5768
5924
5888
5820
5792
5846
5898
5920
5858
5890
5896
5870
5994
5896
5924
6008
5986
5938
6014
6150
6232
6224
6384
6420
6442
6370
6354
6300
6204
6120
6220
6252
6104
6102
6120
6090
6330
6266
6172
6248
6208
6194
6136
6026
6014
6144
6272
6204
6192
6194
6338
6288
6322
6372
6308
6444
6422
6464
6514
6564
6428
6410
6364
6316
6254
6248
6240
6164
6312
6280
6326
6362
6438
6396
6432
6474
6444
6398
6382
6484
6392
6454
6486
6568
6622
6642
6578
6458
6324
6348
6354
6440
6386
6372
6370
6364
6338
6252
6308
6308
6232
6202
6126
6176
6184
6252
6144
6244
6256
6326
6296
6124
6098
6062
6014
6056
6196
6292
6232
6148
6226
6130
6102
6220
6310
6294
6300
6234
6140
6208
6224
6268
6298
6340
6390
6296
6404
6446
6424
6288
6248
6372
6418
6324
6378
6292
6178
6300
6260
6178
6238
6284
6414
6454
6366
6214
6206
6190
6044
5964
5966
5922
5922
5946
6002
5970
5978
5998
6054
6124
6148
6200
6096
5994
5990
5956
6058
6024
6018
6054
6140
6136
6078
6128
6012
5990
6024
5990
6038
5958
6032
6028
5998
6000
5956
5878
5816
5818
5700
5698
5720
5588
5524
5544
5538
5672
5618
5426
5446
5310
5228
5266
5302
5384
5458
5510
5666
5686
5730
5726
5832
5830
5926
6160
6082
6024
6154
6080
6162
6058
6068
5960
5978
6008
6022
5846
5818
5732
5894
6050
6060
6024
5916
5896
5966
5990
5998
5994
5950
5992
5964
5986
5976
5980
5902
6028
6080
6006
6052
6230
6182
6236
6292
6296
6338
6296
6438
6414
6290
6228
6088
5968
5942
5868
5894
5854
5984
6100
5958
6026
6060
5968
5762
5642
5586
5694
5630
5712
5590
5686
5572
5520
5446
5396
5402
5430
5410
5512
5526
5440
5544
5690
5532
5488
5470
5510
5686
5704
5758
5792
5792
5824
5778
5816
5594
5492
5400
5450
5512
5624
5672
5740
5838
5784
5754
5700
5826
5800
5798
6014
5800
5780
5736
5736
5874
5926
5856
5736
5692
5550
5526
5622
5712
5824
5812
5876
6026
6054
6130
6260
6360
6416
6214
6250
6310
6406
6402
6284
6196
6350
6332
6214
6362
6436
6420
6524
6416
6344
6314
6326
6316
6304
6168
6082
5948
5832
5926
5916
5760
5942
6018
6090
5960
5980
6046
6032
5940
5968
6046
5978
5982
5920
6058
6010
5926
6036
6120
6242
6196
6096
6278
6184
6224
6272
6252
6288
6144
6022
6134
5980
5880
5928
5862
5906
5874
5878
5774
5854
5972
6084
6102
6052
6124
6040
5970
6060
5942
5754
5820
5878
5802
5892
5748
5818
5816
5826
5816
5832
5726
5860
5776
5880
5942
6090
6068
5952
5896
6052
6032
5986
6094
5936
6094
6132
6074
6114
6160
6196
6382
6358
6282
6300
6324
6272
6300
6260
6268
6286
6132
6112
6108
6104
6058
6202
6108
6124
6118
6216
6126
6118
6038
6176
6212
6238
6114
6274
6194
6208
6290
6264
6254
6214
6056
5964
5794
5894
5956
5852
5842
5942
5852
5960
5924
5840
5704
5850
5906
5860
5898
5944
5976
5892
5834
6036
6162
6128
6158
6110
6178
6160
6158
6194
6130
6090
6166
6096
6162
6008
6008
6100
6000
5886
5914
5830
5774
5762
5720
5670
5714
5660
5760
5634
5690
5838
5892
5816
5872
5938
5936
6006
5894
5870
5878
6018
6082
6060
5956
5962
5910
5726
5814
5702
5792
5816
5750
5804
5774
5660
5716
5542
5696
5760
5850
5942
5940
5924
5858
5730
5924
6062
5986
6034
6164
6032
6134
6168
6134
6008
6010
6046
6026
5978
6038
5952
5866
5990
6028
6068
6060
6166
6084
5990
6140
6162
6060
5970
6076
6192
6198
6178
6124
6170
6152
6262
6180
6370
6482
6586
6716
6630
6730
6650
6510
6632
6592
6574
6690
6598
6504
6374
6456
6414
6480
6388
6464
6520
6458
6520
6572
6466
6590
6590
6590
6604
6502
6582
6716
6590
6574
6478
6594
6786
6752
6614
6542
6522
6630
6608
6722
6694
6670
6590
6620
6620
6572
6596
6640
6566
6606
6530
6448
6446
6486
6524
6472
6510
6548
6558
6528
6504
6462
6592
6580
6642
6756
6748
6860
6854
6900
6770
6858
6884
6874
6896
6768
6744
6742
6656
6830
6868
6956
6892
6810
6682
6876
6894
6772
6748
6688
6706
6666
6748
6804
6878
6752
6852
6808
6758
6776
6842
6880
6824
6760
6722
6778
6798
6848
6884
6830
6778
6724
6752
6550
6612
6608
6578
6666
6822
6848
6818
6704
6548
6426
6548
6516
6592
6544
6542
6592
6780
6720
6618
6636
6614
6572
6598
6478
6614
6570
6458
6450
6396
6328
6334
6498
6572
6494
6406
6456
6472
6404
6378
6408
6310
6192
6126
6084
6060
5932
6128
6040
6062
6108
6064
6162
6060
6062
6016
6188
6110
6106
6018
6150
6166
6278
6354
6302
6152
6164
6090
6164
6034
6010
5944
5826
5794
6002
5970
6014
6036
5948
5912
5916
6084
6198
5944
6006
6092
6016
6058
5990
6070
6054
6046
6010
5936
6080
6072
6066
6132
5976
6070
6040
6190
6366
6328
6356
6326
6240
6264
6204
6260
6226
6198
6162
6246
6360
6252
6144
6086
6266
6296
6254
6320
6484
6488
6528
6502
6516
6514
6474
6622
6598
6656
6564
6608
6716
6780
6784
6676
6652
6642
6768
6806
6850
6830
6754
6846
6820
6772
6782
6884
6852
6728
6818
6914
6928
6980
6966
6940
6870
6792
6834
6786
6672
6632
6478
6416
6428
6422
6362
6396
6328
6302
6258
6274
6300
6390
6370
6410
6360
6292
6360
6282
6210
6370
6354
6248
6322
6234
6362
6412
6354
6448
6468
6452
6366
6444
6362
6364
6310
6272
6338
6332
6428
6520
6490
6508
6480
6502
6522
6538
6568
6650
6662
6668
6590
6576
6608
6508
6618
6512
6512
6480
6548
6476
6402
6422
6480
6302
6188
6350
6258
6232
6308
6318
6362
6350
6404
6462
6502
6366
6428
6386
6292
6316
6318
6308
6438
6458
6582
6436
6458
6512
6442
6392
6152
6146
6050
6088
6028
6036
6026
6058
6198
6084
6064
6030
5860
5914
6016
6082
6044
6046
5938
5908
5944
5802
5814
5868
5900
6040
6014
6182
6402
6302
6370
6354
6390
6560
6570
6556
6382
6382
6298
6416
6272
6180
6046
6058
6086
6072
5880
5758
5670
5666
5676
5794
5880
5914
5962
5932
6028
6144
6144
6304
6308
6204
6140
6010
6054
6018
5994
5882
5884
5850
5838
5714
5816
5798
5974
6124
5958
5878
5870
5822
5992
6022
6106
6106
6030
6068
6108
6070
6032
6120
6150
6134
6124
6124
6088
6144
6154
6210
5990
5958
5934
5918
5910
5878
5900
6016
6012
6148
6076
5914
6018
6076
6052
6108
6084
6124
6108
6044
6062
6162
6090
6256
6076
5872
5928
5900
5952
5964
6010
5980
5972
5904
5954
5922
6008
6062
6110
6210
6220
6176
6220
6142
6178
6198
6266
6194
6044
6074
6102
6128
6204
6240
6234
6234
6270
6352
6286
6316
6234
6296
6386
6406
6460
6404
6226
6270
6280
6204
6222
6088
6090
6054
6110
6240
6246
6300
6238
6214
6162
6084
6088
6168
6198
6228
6246
6250
6354
6348
6362
6292
6228
6248
6274
6380
6420
6448
6402
6352
6340
6316
6214
6336
6200
6174
6158
6100
6130
6088
6084
5998
5988
6022
6036
5990
5978
6058
6196
6208
6218
6290
6362
6370
6364
6360
6304
6368
6358
6364
6268
6296
6224
6256
6388
6360
6236
6366
6270
6276
6294
6352
6356
6514
6498
6416
6426
6340
6250
6234
6316
6280
6342
6372
6456
6450
6414
6556
6528
6518
6534
6482
6364
6406
6396
6348
6420
6398
6416
6442
6548
6486
6380
6498
6408
6304
6376
6472
6326
6490
6498
6362
6390
6448
6318
6464
6542
6602
6538
6584
6548
6636
6608
6550
6518
6576
6512
6656
6668
6680
6676
6668
6756
6706
6572
6556
6790
6824
6792
6814
6906
6826
6804
6940
6868
6790
6756
6722
6648
6588
6640
6478
6614
6678
6658
6672
6794
6790
6848
6790
6696
6588
6576
6596
6622
6648
6600
6408
6432
6418
6422
6364
6324
6420
6558
6432
6404
6276
6200
6310
6386
6360
6312
6284
6322
6372
6378
6450
6544
6632
6600
6588
6586
6670
6702
6600
6590
6546
6456
6302
6290
6432
6614
6706
6698
6648
6626
6610
6594
6556
6522
6548
6668
6662
6670
6676
6814
6742
6676
6646
6626
6576
6346
6410
6414
6380
6330
6392
6326
6362
6280
6356
6400
6450
6456
6626
6642
6636
6562
6648
6628
6678
6798
6590
6644
6664
6488
6542
6364
6354
6484
6450
6538
6460
6496
6418
6358
6274
6280
6180
6230
6208
6202
6344
6314
6216
6308
6286
6248
6122
6134
6158
6258
6124
6116
6094
6058
6184
6136
6066
6104
6124
5962
6088
6202
6274
6244
6290
6378
6538
6532
6530
6546
6326
6334
6354
6444
6408
6308
6370
6376
6204
6154
6136
6130
6278
6434
6270
6252
6144
6088
6222
6406
6284
6336
6196
6164
6116
6220
6082
6076
6150
6262
6238
6308
6162
6196
6128
6110
6030
5952
5772
5762
5830
5854
5844
5818
5778
5952
6068
6108
6002
6144
6136
6140
6166
6258
6192
6238
