8164
8142
8252
8140
8168
8172
8258
8270
8214
8146
8016
8004
8042
8122
8086
8110
8178
8146
8094
8100
8024
8110
8028
7962
7872
8010
7990
8072
8064
8136
8164
8254
8204
8134
8130
8104
8034
8074
8058
8044
8048
8140
8108
8082
7998
8012
8052
8088
8074
8084
8100
8078
8072
8068
8068
8012
7988
7968
7820
7848
7882
7914
7888
8002
8008
8090
8038
8006
8056
7966
7996
7962
7908
7812
7892
7892
7866
7878
7986
7988
7976
7990
8054
8004
7938
7890
7832
7910
7924
7944
7968
8000
8058
8148
8144
8156
8188
8078
8082
8102
8102
8066
7990
7962
8062
8058
8060
8050
8090
8064
7984
7960
7964
7894
7976
7936
7928
7858
7938
7884
7994
7990
8040
7970
8046
8050
7988
7992
7976
8038
8010
8064
8074
8038
8146
8062
8080
8068
8016
7978
7992
8042
8038
8100
8068
8134
8238
8246
8236
8144
8144
8208
8132
8118
8256
8214
8206
8230
8160
8166
8120
8150
8064
8010
7982
7918
8014
7962
7892
7948
7986
7994
7986
7976
7948
7994
7908
7896
7884
7816
7818
8000
7910
7956
7894
7850
7776
7758
7782
7836
7880
7858
7978
7996
7984
8024
7960
7974
7972
7934
8006
7980
8006
8054
7988
8056
7994
7984
8032
7980
7990
7906
7908
7888
7932
7952
7996
8092
8122
8048
8090
8044
8010
7908
7896
7888
7896
7922
7900
7946
7928
7880
7948
8022
8064
8126
8212
8160
8056
8072
8078
8110
8178
8116
8092
8100
8034
8046
8050
8114
8170
8152
8134
8086
8184
8132
8164
8182
8170
8198
8198
8146
8120
8234
8230
8244
8292
8262
8274
8224
8192
8178
8244
8258
8186
8136
8162
8078
8064
8026
8010
8034
7866
7884
7892
7994
7898
7998
8028
8096
8028
8032
8052
8018
8056
8108
8112
8110
8100
8114
8106
8084
8032
8066
8064
8056
8040
8014
8134
8144
8094
8154
8156
8124
8076
7990
7940
7978
7998
8034
8054
7996
7980
8082
8066
8106
8100
8022
7924
7888
7988
7996
8002
8000
7990
8068
8002
8104
8212
8162
8106
8238
8204
8158
8100
8130
8242
8298
8348
8230
8166
8090
8106
8036
8066
8138
8140
8132
8106
8094
8160
8086
8194
8164
8162
8154
8100
8066
7966
8006
7990
8088
8014
7988
8044
8080
7986
7960
8008
7900
7896
7956
7958
8032
7962
7908
7832
7938
8026
8036
8098
8048
8058
8072
8106
8048
8110
8008
8086
8206
8208
8158
8178
8078
8088
8116
8114
8154
8216
8190
8216
8190
8176
8170
8232
8178
8126
8032
8062
8172
8150
8226
8226
8286
8344
8268
8222
8192
8120
8054
8128
8154
8134
8090
8078
8128
8088
7992
8010
8062
8096
8074
8016
8098
8178
8176
8158
8192
8202
8130
8066
8140
8050
8056
8084
8132
8160
8128
8102
8132
8136
8084
8046
8052
8042
8026
8040
8016
8006
7966
8060
8108
8088
8108
8184
8198
8178
8186
8116
8032
8048
8130
8154
8098
8040
8040
8072
8100
8070
8054
8058
8100
8088
8108
8102
8030
8058
8014
8104
8134
8162
8136
8010
8068
8064
8054
8118
8044
8014
8024
8116
8132
8070
8140
8092
8006
8010
8140
8132
8148
8250
8278
8176
8176
8194
8128
8152
8216
8196
8214
8160
8186
8144
8106
8214
8128
8162
8112
8082
8104
8090
8106
8114
8132
8034
7942
7954
7958
7904
8014
8020
8078
7976
7972
8092
8166
8114
8168
8038
8064
8016
7970
7976
7996
8064
8084
8018
8088
8140
8142
8168
8118
8032
8066
7960
8054
8058
8128
8108
8116
8012
8016
7996
7980
7928
7852
7840
7948
7992
8038
7994
8036
8074
8078
8156
8122
8060
8052
8112
8046
8072
8050
8030
7984
7850
7922
7942
8020
8030
8000
8066
8004
7950
8012
8022
7972
7928
7974
7944
7908
7936
7884
7874
7790
7908
7892
7856
7952
7824
7978
7908
7892
7848
7836
7680
7760
7690
7708
7772
7876
7954
8034
8018
8032
8082
8114
8046
7974
7928
7928
7924
7872
7830
7802
7868
7894
7842
7894
7832
7816
7722
7776
7822
7782
7826
7758
7676
7690
7774
7786
7826
7824
7804
7744
7790
7808
7890
7884
7886
7912
7858
7792
7694
7700
7580
7476
7500
7440
7516
7536
7510
7566
7414
7594
7732
7758
7758
7716
7832
7770
7754
7614
7680
7676
7670
7724
7752
7724
7650
7684
7732
7764
7748
7758
7732
7714
7698
7678
7782
7794
7880
7916
7922
7890
7938
7980
7996
7982
7912
7952
7998
7954
7950
7944
7918
8016
8096
8034
8060
8066
8052
8080
7996
7920
8032
7978
7922
7988
7928
7948
7932
7856
7778
7826
7856
7844
7876
7998
7916
7900
7952
7880
7826
7820
7904
7900
7960
7910
7886
7934
7858
7894
7954
7928
7970
7958
7966
7918
7932
7912
7814
7820
7940
7940
7924
8022
8164
8234
8126
8156
8070
8150
8042
8056
8132
8086
8004
8132
8254
8204
8104
8108
8080
8086
8060
8122
8074
7994
7946
7924
7994
8066
8106
8150
8100
8048
8000
7980
8062
8050
8032
7990
8044
7996
8034
8008
8008
8076
8024
7994
7960
7920
7922
8000
7962
7996
8000
7914
7950
8024
8014
8020
7934
8134
8102
8058
8028
8078
7992
7984
7950
7998
8042
7974
7912
7918
7936
7890
8000
8080
8162
8144
8096
8192
8138
8216
8266
8172
8198
8116
8028
8150
8020
8052
7912
7970
7966
7996
8042
8020
8078
8000
8044
7982
8026
7870
7864
7880
7992
8046
8108
8100
8088
8084
8106
8106
8174
8124
8174
8166
8140
8046
8016
7974
7966
7986
8008
8018
8034
8000
8106
8026
8008
8036
8146
8144
8180
8144
8112
8152
8142
8106
8052
8144
8178
8214
8246
8198
8230
8104
8072
8090
8094
8028
8076
8062
8054
8020
8046
8096
8174
8068
7990
8058
8086
8086
8086
8036
8092
8016
8012
7958
7912
7932
7916
7872
7806
7876
7986
7972
8018
7930
7908
7920
7900
7932
7934
7858
7904
7912
7808
7820
7860
7852
7770
7778
7826
7792
7780
7756
7804
7854
7886
7816
7836
7842
7918
7936
7918
7890
7836
7888
7896
7966
7918
7986
8032
8078
8022
8002
7916
7964
7938
7840
7844
7892
7812
7856
7806
7818
7776
7694
7784
7976
8062
8062
8042
8050
8050
7926
7968
7918
7932
7852
7778
7736
7800
7850
7872
7740
7792
7890
7872
8002
7946
7988
7950
7960
7922
7904
7908
7910
7978
7994
8020
8016
8068
8104
8076
7964
8058
8012
8082
8054
8056
8038
7986
7886
7878
7854
7836
7790
7892
7868
7850
7798
7920
7898
7874
7912
7960
7984
7902
7884
7982
8010
8064
7894
7830
7884
7888
7884
7902
7874
7922
7944
7924
7922
7912
7832
7908
8004
8006
7972
7990
7996
8022
8136
8054
7968
7884
7958
8030
7964
7932
7994
8018
8076
8106
8112
8160
8194
8130
8084
8102
8092
8034
8054
8026
8144
8116
8076
8064
8128
8054
8078
8096
8128
8136
8154
8208
8118
8040
8028
8016
8038
7994
7998
8062
8002
8016
7980
7966
7860
7920
7886
7938
7962
7960
7868
7934
7964
7992
8014
8016
8020
7990
7952
7942
7912
7898
7870
7818
7916
7866
7838
7884
7848
7802
7798
7808
7836
7798
7826
7738
7614
7618
7790
7738
7748
7852
7766
7776
7700
7692
7692
7590
7624
7598
7696
7704
7714
7784
7790
7732
7684
7770
7934
7834
7892
7888
7892
7788
7790
7754
7802
7850
7804
7854
7812
7908
7918
7910
7908
8052
7940
7974
7882
7908
7970
7948
7964
7802
7864
7966
7900
7914
7876
7776
7810
7816
7874
7836
7976
7916
7928
7870
7862
7808
7882
7838
7742
7736
7816
7866
7888
7896
7924
7852
7844
7748
7898
7948
7894
7924
7890
7844
7882
7852
7870
7834
7898
7922
7870
7942
7940
8022
8036
8046
7988
8010
7936
8006
8060
7988
8022
8146
8124
8016
7936
7932
7926
7954
7956
7858
7846
7936
7930
8008
7980
7998
8028
8078
8016
8076
8056
8128
8086
8100
8058
8198
8202
8192
8116
8126
8158
8084
8088
8080
8122
8168
8142
8136
8128
8176
8162
8236
8256
8130
8066
8078
8078
8130
8088
8120
8130
8076
8038
8054
8058
7988
7928
7948
7972
7932
8040
8006
8088
8054
8098
8118
8020
8082
8152
8178
8070
8134
8092
8162
8142
8090
8046
8066
7994
8106
8104
8072
8000
7926
8032
8030
8130
8096
8186
8062
8068
7978
7994
8106
8138
8152
8088
8104
8048
8072
8082
8118
8066
7992
7908
7912
7916
7962
7986
8004
7936
7880
7806
7838
7940
7908
7972
7932
8006
8002
8064
8066
8074
8110
8076
7988
8014
7948
8002
8000
7854
7846
7814
7798
7910
7940
7880
7970
8028
8042
8098
7990
8062
7944
7940
7962
7838
7866
7800
7880
7818
7654
7678
7682
7746
7780
7782
7850
7798
7676
7734
7756
7920
7880
7892
7926
7896
7818
7820
7750
7650
7750
7824
7840
7834
7826
7934
7966
7970
7886
7902
7880
7884
7898
7838
7934
7964
7966
7962
7960
7912
7908
7902
7940
7924
7866
7876
7962
8026
8062
8006
7982
8028
8032
8054
8026
7924
7876
7866
7900
7916
7934
7904
7954
7988
8058
8028
8002
7986
7934
7942
7938
7908
7920
7926
7980
7968
7990
8080
8098
8136
8036
7992
8036
8054
8030
7960
8014
7994
8088
8080
8118
8102
7988
8034
8014
8088
8090
8136
8124
8124
8162
8232
8200
8082
8056
8050
7950
8006
7938
8024
8004
7942
8002
7974
7954
7990
7970
7870
7882
7848
7810
7778
7820
7890
7992
7918
7836
7908
7876
7916
7944
7940
7940
7946
7936
7824
7816
7856
7840
7872
7894
7862
7974
7914
7954
7980
8034
8038
8004
7982
7992
7990
8040
8032
7938
7974
7994
8056
7992
7928
7926
7976
8050
7970
7972
7900
7858
7758
7866
8014
7982
8026
8044
8046
8106
8160
8084
8084
8044
8056
8006
8010
7936
7928
7996
7992
7934
7898
7940
7952
7924
7912
7920
7930
7974
7996
7926
7992
8000
8024
7982
8080
8162
8190
8124
8152
8146
8164
8198
8164
8192
8130
8194
8206
8068
8004
7876
7902
7884
7974
7982
7918
7886
7842
7900
7942
7958
7968
7786
7876
7922
7934
7920
7882
7832
7890
7908
7896
7858
7942
7892
7880
7942
7944
7988
8064
7986
8014
8042
8014
8034
8046
8076
8036
8056
8020
7956
7966
7948
8004
8008
8032
8066
8078
8026
8014
8062
8006
8114
8076
7936
7906
7882
8066
7994
8010
8090
8042
7980
8090
8096
8082
8112
8066
7942
8006
8018
7984
8004
7908
7876
7866
7822
7830
7696
7724
7792
7754
7642
7672
7690
7842
7884
7898
8044
8076
8102
8182
8086
8162
8134
8082
8044
8034
8082
8026
8134
8118
8110
8140
8138
8170
8074
8012
8054
7974
8030
7950
7928
7956
7982
7942
8098
8132
8064
8000
8010
8038
8042
8012
8070
8016
8002
8052
8142
8136
8070
8072
8080
8050
8096
8120
8168
8022
8022
8076
8182
8270
8202
8100
8162
8146
8118
8054
8094
8016
7988
7976
7966
8044
8096
8068
8054
7980
8014
8074
8122
7968
7878
7936
7962
7952
8006
7992
8018
8040
8052
7928
7908
7966
7966
8020
8054
8118
8164
8092
7968
8020
8024
8102
8092
8046
8044
8054
7972
8052
8126
8072
8186
8188
8170
8102
8038
8070
7960
8104
8014
8016
8126
8036
8088
7966
7992
8022
7982
7946
7936
7938
7932
8040
8060
8062
8072
8068
8066
8060
8002
8134
8044
8080
8024
8076
8076
8074
8090
8068
8152
8136
8188
8120
8138
8164
8208
8144
8164
8032
8040
8050
7970
8016
8016
8102
8096
8204
8110
8066
8072
8032
8066
8058
8104
8136
8096
8096
8138
8104
8138
8178
8102
8016
8104
8102
8012
8066
8046
8092
8084
8054
7986
8010
8054
8078
8070
8024
8018
8104
8048
8026
8018
8032
8026
7930
7912
7858
7954
7968
7996
7988
8006
7854
7888
7932
7852
7748
7762
7748
7792
7794
7720
7698
7746
7816
7888
7874
7844
7794
7838
7864
7886
7874
7896
7940
7908
7948
7958
7860
7880
7874
7768
7818
7770
7656
7582
7632
7756
7700
7740
7820
7780
7756
7710
7706
7700
7716
7770
7746
7754
7766
7856
7780
7808
7892
7922
7858
7830
7786
7912
7982
7992
7966
8002
7916
7870
8004
