278
246
268
244
266
218
244
292
262
296
346
370
386
344
314
296
326
304
312
390
396
406
388
406
426
394
372
394
466
500
478
424
374
406
416
404
364
330
362
370
332
344
326
350
380
418
408
392
408
362
390
420
424
380
382
412
410
482
476
408
352
358
256
258
248
248
242
240
216
182
106
136
174
254
204
172
180
186
142
80
126
124
134
146
140
118
146
164
174
72
2
16
14
0
18
48
32
10
12
24
10
46
58
68
62
72
94
136
62
94
62
22
20
68
84
78
84
72
98
92
56
70
38
10
16
2
72
88
84
94
64
42
82
66
28
10
26
22
56
70
86
62
96
104
90
140
104
96
22
80
98
134
140
52
76
42
70
54
76
112
162
108
84
76
66
88
88
86
90
90
98
150
188
236
210
258
166
168
174
214
224
220
212
228
210
192
226
244
244
164
148
154
224
264
294
230
262
264
306
326
302
338
318
298
284
232
266
302
268
260
224
280
306
260
292
276
212
196
146
128
92
120
66
106
42
168
174
240
244
284
206
204
276
272
268
252
204
204
198
236
190
210
266
258
240
260
294
274
250
220
208
152
256
296
256
248
268
274
262
216
198
210
272
202
156
136
92
160
136
98
176
212
192
190
210
156
66
98
136
70
106
114
148
206
114
152
198
272
280
244
218
258
232
248
222
230
302
262
298
334
310
328
336
306
330
328
310
322
318
252
274
246
276
286
266
256
280
292
282
342
380
332
320
280
342
366
380
380
362
372
366
400
376
372
362
330
302
372
384
364
358
298
272
218
254
236
246
212
234
256
320
298
318
262
260
242
266
320
372
408
380
296
324
310
304
294
272
286
268
256
256
252
234
238
244
218
248
252
296
268
304
274
324
322
342
346
288
296
280
252
244
248
232
200
188
150
148
146
132
154
162
166
124
140
154
82
70
106
146
166
202
222
232
224
232
248
282
268
196
222
254
234
234
274
236
274
264
272
286
286
316
290
274
262
250
342
330
342
374
382
406
412
416
440
452
430
462
468
460
454
440
444
448
454
414
368
348
342
320
332
296
404
342
310
294
382
354
314
292
226
274
266
318
300
208
276
258
300
256
256
262
250
172
166
152
212
178
170
94
68
64
140
172
190
210
236
276
270
286
272
226
240
314
374
350
358
340
326
352
326
320
254
182
194
164
162
216
250
198
270
250
222
226
158
112
88
66
24
30
20
48
24
24
4
16
52
106
134
140
106
122
108
94
102
110
126
100
62
98
36
10
20
40
24
24
64
102
126
110
74
110
124
86
96
146
160
120
122
92
84
50
42
68
90
58
72
36
54
80
56
12
0
64
72
118
80
58
84
138
178
160
182
192
250
234
252
290
318
370
298
252
240
194
230
208
204
152
166
232
138
138
144
186
174
220
138
108
78
84
86
40
64
54
48
12
30
72
14
38
14
18
0
8
12
76
92
82
32
0
8
8
6
12
18
48
66
90
112
134
130
150
154
122
130
120
154
144
158
200
172
180
204
230
258
234
244
216
220
218
212
228
200
196
190
152
116
60
64
88
132
92
152
178
170
194
220
242
186
194
154
136
130
114
104
92
102
106
148
126
110
166
212
208
190
196
174
238
200
164
184
202
192
192
206
180
182
238
222
212
220
224
266
278
284
316
336
302
320
302
274
250
268
244
252
224
268
270
240
226
168
196
230
228
218
220
160
176
138
124
124
114
118
174
166
130
206
164
132
150
200
234
264
256
298
308
310
316
310
342
368
342
358
296
318
298
264
230
276
248
208
206
164
198
160
162
132
140
116
80
10
34
36
10
8
54
82
120
154
104
124
130
118
106
104
134
102
10
46
100
78
90
64
2
12
74
102
84
60
74
38
56
86
104
92
112
148
134
152
114
124
90
124
136
174
146
112
68
74
56
76
82
80
106
110
128
92
192
182
186
228
242
248
254
284
278
330
266
268
246
240
234
292
268
306
312
222
200
278
288
312
258
218
216
202
200
132
192
182
116
44
66
72
46
30
22
10
10
4
12
48
26
10
36
2
26
20
40
2
12
24
40
54
72
60
62
20
12
10
32
72
110
84
66
84
100
108
122
184
130
152
114
82
74
74
98
130
112
26
10
6
12
38
80
96
52
48
4
12
30
18
36
56
112
112
114
134
114
98
86
82
4
30
124
94
174
200
238
248
234
238
226
222
176
208
238
196
162
220
190
156
156
142
106
96
100
56
56
12
42
48
8
18
84
94
46
52
110
100
96
148
188
208
252
256
264
282
292
280
276
282
216
238
204
174
132
220
222
218
236
216
152
92
62
68
28
14
18
98
176
132
104
96
56
64
8
58
136
130
162
130
86
52
86
102
102
154
202
176
212
228
186
156
176
192
248
250
224
196
198
140
138
182
206
246
276
272
302
282
274
276
250
240
260
276
284
302
296
314
300
322
312
316
306
302
246
230
224
252
256
228
258
258
216
260
210
226
188
196
176
216
214
244
228
208
202
210
192
180
152
126
98
92
74
66
96
74
52
88
80
12
22
34
42
10
36
48
2
2
0
22
12
42
6
8
0
46
96
82
10
42
82
62
38
18
18
32
66
96
130
136
140
128
172
130
140
106
56
40
54
4
4
26
30
10
50
52
52
100
126
178
170
238
274
216
192
220
282
330
350
390
436
428
460
432
474
464
440
468
416
422
394
392
368
432
404
358
352
316
306
332
302
254
250
254
218
178
198
214
194
208
216
284
234
234
216
148
128
136
168
220
200
208
198
186
182
140
148
162
188
224
184
154
198
162
164
142
94
86
98
94
74
104
110
114
144
182
120
84
104
62
60
36
38
44
68
114
86
96
62
22
56
50
26
108
92
96
104
82
82
68
40
72
62
102
36
84
68
132
166
176
222
222
212
202
240
220
254
266
224
258
206
246
218
190
214
188
156
178
178
128
192
210
254
172
152
106
114
182
162
166
138
180
136
118
118
72
92
126
154
124
144
168
112
146
184
168
140
98
68
32
10
10
44
46
138
108
96
108
110
100
154
126
84
54
42
86
124
114
106
196
180
192
172
192
182
150
122
112
140
86
52
8
36
62
74
64
14
24
32
78
88
108
140
188
122
78
50
88
58
82
90
8
6
24
16
18
12
8
88
36
80
82
92
84
102
10
0
42
76
58
86
64
94
120
102
118
100
14
0
2
26
14
8
8
20
24
14
22
32
86
88
76
136
150
170
176
186
210
172
126
98
168
152
136
48
54
44
66
72
82
92
150
198
216
224
216
232
220
174
178
184
154
172
214
274
256
318
320
264
280
244
274
296
234
180
208
226
244
252
218
206
218
186
164
184
176
148
204
230
204
220
216
238
294
254
234
246
204
170
80
98
64
98
112
50
54
58
104
44
134
160
132
112
98
68
60
16
6
24
16
38
14
16
18
20
44
58
36
50
8
144
192
246
288
316
296
256
236
238
204
146
158
168
206
178
150
142
154
134
92
104
186
198
200
214
212
172
230
246
252
214
196
156
128
148
206
182
204
252
168
170
208
142
140
154
184
154
82
76
98
90
112
108
122
120
58
74
34
82
90
104
140
116
44
92
76
90
56
52
98
90
118
134
102
18
24
30
8
34
16
18
12
14
26
58
80
130
100
88
12
2
6
48
48
56
64
54
52
92
136
158
142
166
142
140
104
80
114
108
100
144
94
120
104
80
76
20
10
28
62
72
30
12
88
80
54
2
24
6
4
22
30
4
12
74
116
170
112
62
48
30
8
38
40
0
46
70
86
132
154
146
92
124
168
158
96
78
74
70
94
144
136
54
38
80
12
18
26
78
36
50
32
12
12
62
86
66
62
48
60
14
70
94
110
124
112
78
18
14
22
24
32
48
28
64
30
62
36
34
18
50
68
32
0
16
32
92
102
94
84
88
20
44
56
60
44
18
86
126
110
124
72
96
194
200
202
278
236
176
146
158
160
162
150
154
136
144
184
170
202
184
176
130
120
128
110
104
130
116
88
80
100
64
50
56
74
104
146
160
176
192
140
128
84
70
106
142
22
6
26
32
0
44
14
38
120
98
134
116
116
144
110
226
136
188
208
264
244
194
236
218
244
252
250
222
238
268
246
258
296
270
240
222
278
298
262
232
262
310
260
258
240
246
222
258
242
232
172
146
158
120
156
180
218
208
136
136
100
118
150
114
158
228
272
304
318
310
304
318
292
218
208
142
150
160
164
174
196
150
142
196
202
146
142
74
120
104
118
116
156
164
140
120
132
160
178
130
100
140
146
86
90
178
162
174
200
138
120
86
88
46
18
0
20
14
108
118
116
144
146
170
226
252
264
248
286
256
300
214
202
198
190
260
282
268
212
144
224
200
154
170
136
120
116
170
196
214
180
220
192
234
246
236
256
278
270
280
272
252
204
252
168
218
268
228
212
154
180
180
174
180
190
148
164
164
112
156
196
144
148
128
164
114
92
80
140
132
166
142
76
42
34
128
74
94
112
84
64
46
34
36
20
40
8
12
52
10
8
10
36
36
42
76
82
56
66
72
104
84
82
