568
550
558
522
502
526
494
496
454
512
518
558
598
560
560
558
558
556
536
542
576
558
532
504
508
500
506
488
410
402
416
426
398
358
310
246
242
230
272
284
304
340
354
324
328
286
264
274
326
324
328
348
276
264
286
210
204
170
146
138
184
206
194
152
194
146
152
104
104
82
18
18
40
38
28
58
82
122
90
174
192
250
276
220
212
156
126
118
130
104
104
84
124
128
100
130
136
152
182
200
130
124
108
32
2
42
40
52
50
56
78
14
112
124
162
200
138
154
162
122
64
28
30
30
98
124
116
138
170
178
160
146
156
166
134
166
160
212
198
232
236
348
332
346
378
364
384
442
426
402
410
356
326
386
412
430
412
506
516
482
496
554
500
568
516
536
478
480
492
460
466
436
424
406
396
358
318
364
462
498
486
534
544
556
596
594
570
558
552
510
520
500
494
536
482
530
502
488
450
426
470
494
494
474
438
470
498
534
608
608
622
550
522
464
440
436
448
420
400
408
412
366
336
334
348
410
354
324
306
266
272
286
314
308
298
302
322
310
272
290
244
250
270
238
288
336
348
340
360
348
392
412
452
480
432
420
438
430
396
360
364
362
378
412
436
370
372
390
412
418
440
396
364
374
370
320
308
338
276
282
288
262
296
318
248
240
200
206
204
188
192
182
196
172
152
124
202
190
154
70
116
50
16
20
52
4
14
96
58
66
4
4
8
18
62
80
108
78
122
66
110
72
76
122
70
98
168
142
116
132
206
174
168
118
154
126
126
120
118
122
66
62
2
22
36
112
140
130
120
166
176
192
264
364
326
240
242
250
238
248
290
340
346
290
298
320
300
266
246
200
148
156
140
146
130
164
212
284
248
274
216
214
218
224
204
258
250
238
218
134
78
64
12
2
54
84
60
72
80
14
46
38
44
96
130
182
226
266
262
306
268
256
274
308
324
306
302
290
292
286
288
308
282
304
310
260
260
210
196
214
180
168
144
180
144
108
118
92
96
80
42
32
20
16
16
36
34
32
16
28
30
26
66
56
18
24
20
66
86
30
82
46
38
90
132
186
232
216
216
200
188
172
182
162
186
202
144
140
156
150
154
158
170
138
166
180
178
130
150
166
168
156
136
136
162
136
94
72
34
8
56
78
36
90
76
66
122
38
86
66
88
98
106
64
54
98
82
106
82
106
78
76
54
64
94
138
160
104
142
206
160
154
120
140
110
166
120
122
176
116
190
218
236
280
310
320
350
392
386
402
368
420
420
422
422
360
394
360
380
384
386
430
448
470
476
426
370
240
208
196
218
192
146
170
180
62
50
40
14
4
4
20
46
76
76
86
100
74
62
48
76
70
112
244
262
262
244
218
180
144
142
158
178
180
220
194
272
274
270
222
194
208
224
248
208
208
246
284
294
314
306
330
366
318
310
332
358
368
394
340
408
424
422
428
428
402
380
342
322
334
370
358
324
316
312
278
262
278
236
218
124
126
126
116
146
160
146
150
172
172
188
134
148
108
144
86
56
40
8
40
34
8
22
32
94
64
20
6
8
86
22
16
62
82
84
152
130
132
62
26
28
36
24
42
0
26
8
16
30
56
62
100
48
42
54
54
84
48
20
22
16
16
26
80
60
70
82
124
116
94
118
140
158
166
198
214
268
250
252
252
266
302
334
350
306
324
320
334
308
260
280
248
240
176
172
166
164
178
120
56
30
96
46
48
54
40
18
70
106
122
140
216
216
234
254
222
206
140
134
78
52
78
24
14
38
34
8
32
92
68
96
32
12
44
60
108
154
138
190
170
104
122
42
66
68
54
46
12
26
30
34
92
130
92
68
76
90
124
166
112
126
144
218
194
136
88
108
106
110
84
38
0
48
8
58
66
28
38
26
24
14
68
100
88
158
160
130
94
92
114
106
68
50
12
6
14
10
68
102
130
158
162
168
110
124
90
92
128
146
96
98
128
142
130
156
174
150
194
208
266
228
246
208
236
178
104
62
36
54
28
30
60
68
64
78
94
88
150
172
200
158
162
162
162
172
116
140
136
120
106
132
186
222
224
148
190
122
130
114
146
180
176
172
202
224
206
188
158
98
10
4
32
40
18
30
24
36
30
8
22
18
14
4
14
80
44
56
62
62
68
48
16
18
2
68
110
94
102
116
132
140
128
122
174
110
134
136
96
150
156
154
136
172
160
172
110
146
180
208
280
304
266
250
310
256
258
204
214
220
218
274
312
364
400
442
416
420
392
370
342
318
328
390
426
384
376
298
340
362
372
386
418
368
408
380
380
378
324
344
324
296
284
318
308
342
378
390
340
366
340
356
334
346
352
368
398
452
502
544
530
574
550
560
564
624
628
640
618
676
680
680
650
652
632
636
624
622
624
690
658
644
646
594
550
574
564
538
596
570
594
556
560
574
562
516
568
578
522
556
590
532
464
502
516
500
526
466
440
444
432
416
416
442
440
380
336
332
312
318
322
340
340
312
308
292
206
276
296
370
382
340
274
328
298
322
300
266
248
248
238
242
296
314
332
216
210
140
190
174
158
140
106
106
64
52
104
98
168
206
242
278
218
208
318
304
376
356
342
362
334
342
358
328
330
284
292
296
328
322
346
416
436
416
432
430
460
452
440
408
380
338
346
404
432
392
408
400
412
354
360
340
330
326
344
344
360
354
380
378
370
324
270
250
250
250
208
230
250
316
252
190
178
210
198
212
218
192
138
200
218
260
268
252
266
320
346
326
330
334
316
348
382
342
370
378
410
486
510
524
504
538
622
598
600
600
624
602
540
538
558
570
556
520
528
528
518
568
594
612
592
560
544
552
526
540
520
578
546
556
498
478
422
340
372
426
412
426
416
444
406
390
404
358
330
358
326
324
320
298
334
320
330
364
318
278
250
234
182
218
278
280
278
306
268
232
272
322
340
360
362
308
304
316
310
358
360
416
390
450
416
382
372
302
250
330
362
374
384
344
302
350
352
294
356
350
342
334
390
344
376
362
368
438
382
376
416
482
448
410
426
430
392
348
360
382
308
284
246
248
330
306
322
294
304
352
314
332
330
410
372
370
336
330
334
312
352
334
322
218
170
186
256
282
220
246
232
268
280
286
298
260
264
222
236
220
162
114
100
122
206
200
260
238
178
174
190
260
270
290
300
260
268
212
208
174
132
98
124
108
102
158
220
174
156
162
172
142
200
176
124
130
150
108
140
66
94
118
94
84
150
90
120
108
132
140
146
156
136
192
152
178
164
146
132
64
46
20
48
8
2
68
90
92
134
170
194
178
184
190
244
232
248
288
316
278
288
318
328
336
348
302
258
258
252
230
228
166
100
80
72
74
46
52
114
82
128
40
4
50
80
154
142
170
130
98
58
82
76
70
56
56
84
42
20
38
20
84
116
174
146
132
162
164
154
186
206
226
290
274
342
350
330
300
254
262
258
260
232
182
200
222
230
174
246
226
146
158
174
152
192
132
136
172
206
198
170
212
226
204
226
180
174
216
234
254
308
266
324
324
368
324
344
342
290
274
290
206
176
206
232
192
210
298
276
276
316
336
272
214
216
194
174
218
194
200
214
226
186
138
114
130
144
178
166
230
212
224
198
152
76
52
18
16
10
66
94
82
56
26
14
46
40
24
66
52
100
150
86
48
28
60
64
70
90
96
102
78
94
96
88
88
98
100
126
98
74
86
114
84
122
98
78
52
66
34
78
46
20
58
56
82
92
44
48
44
26
26
2
50
90
78
82
34
24
8
32
20
64
62
38
0
4
30
44
2
22
24
24
24
64
72
76
154
118
126
172
228
296
338
332
292
274
270
232
242
142
174
140
136
94
144
102
44
84
32
14
34
72
92
134
86
72
50
26
30
74
144
136
194
198
158
142
178
172
194
184
220
178
256
230
220
242
260
276
248
198
176
182
154
102
108
74
100
102
92
76
88
98
138
186
196
206
222
190
168
136
128
184
196
214
242
242
234
186
182
222
236
276
286
300
322
306
294
320
336
350
352
370
350
362
304
282
292
278
194
170
208
148
182
200
194
130
118
140
142
122
148
132
84
70
162
108
170
146
112
102
14
38
28
26
46
28
58
48
26
46
64
112
70
42
68
84
40
24
84
120
164
184
232
276
326
380
318
304
250
232
166
202
168
156
118
178
132
144
170
140
152
174
116
66
72
34
50
4
14
22
16
10
8
28
50
38
0
10
42
18
62
48
24
42
74
80
110
130
84
122
156
102
122
102
172
154
146
162
148
170
144
102
86
132
112
76
56
28
106
72
56
72
144
158
90
116
150
138
166
140
84
84
110
100
86
100
42
6
14
6
38
54
108
92
96
78
24
0
2
36
6
16
36
34
8
68
82
112
154
174
198
204
194
216
266
326
264
244
346
288
268
288
346
406
396
318
322
290
262
302
284
296
322
332
394
464
500
546
556
470
516
562
550
496
496
496
374
382
448
472
496
554
560
532
564
582
616
642
634
636
586
604
594
600
592
512
494
500
470
484
468
444
504
504
492
532
588
568
556
600
544
496
558
566
