6794
6788
6898
7022
6954
6958
6848
6944
6928
6794
6780
6890
6904
6848
6974
7012
6950
6980
6972
6932
6862
6836
6862
6942
6916
6908
6858
6832
6882
6902
6874
6882
6954
7054
6916
6966
6948
6986
7048
6854
6722
6686
6722
6780
6772
6740
6758
6770
6842
6636
6712
6738
6626
6640
6756
6656
6648
6646
6702
6660
6698
6832
6756
6714
6812
6774
6826
6700
6810
6900
6876
6942
6854
6876
6890
6900
6848
6956
6964
7046
7136
6956
7074
7168
7064
6962
6942
6858
6764
6780
6864
6828
6974
6994
7094
7154
7094
7126
7128
7080
7100
7038
6938
6892
6898
6788
6750
6720
6622
6602
6618
6570
6500
6478
6622
6586
6530
6622
6606
6584
6556
6478
6542
6494
6566
6570
6530
6510
6616
6554
6516
6522
6368
6450
6404
6320
6222
6166
6342
6366
6412
6420
6444
6524
6476
6620
6614
6636
6602
6732
6686
6638
6706
6682
6600
6572
6666
6660
6776
6744
6924
6890
6880
6704
6622
6546
6544
6574
6608
6496
6572
6636
6580
6576
6556
6544
6606
6566
6528
6550
6594
6632
6828
6826
6788
6784
6528
6560
6566
6638
6590
6528
6568
6510
6508
6486
6522
6550
6654
6652
6654
6658
6622
6518
6440
6502
6480
6490
6434
6586
6560
6558
6654
6732
6714
6762
6660
6692
6760
6932
6950
6936
6888
6890
6986
6956
6912
6812
6814
6834
6918
6890
6898
6860
6892
6912
7020
6956
6946
6850
6780
6714
6826
6846
6932
6964
6860
6808
6794
6792
6830
6914
6972
6820
6918
6886
6830
6820
6862
6748
6874
6864
6858
6840
6906
6892
6846
6908
6808
6788
6968
6956
7014
7080
7022
7036
7094
7050
7084
7176
7160
7250
7304
7276
7268
7468
7292
7280
7416
7402
7396
7398
7370
7394
7442
7280
7324
7312
7234
7328
7248
7240
7358
7310
7330
7252
7126
7106
7164
7134
7100
7200
7078
7108
7098
7046
7040
7204
7264
7226
7060
7038
7150
7138
7068
6992
6896
6928
6884
6908
6866
6974
7036
7022
7016
6916
6818
6798
6814
6776
6948
6986
7040
7218
7270
7300
7328
7488
7510
7436
7400
7408
7388
7320
7216
7234
7272
7258
7158
7046
7020
7008
7048
6956
6922
6994
6982
7140
7104
7126
7104
7150
7190
7166
6982
6994
7044
7004
7104
7152
7102
7082
6956
6806
6790
6754
6758
6726
6690
6810
6754
6646
6612
6630
6566
6522
6424
6398
6470
6444
6496
6486
6442
6568
6528
6642
6704
6710
6704
6760
6756
6604
6652
6522
6494
6458
6504
6566
6512
6514
6438
6404
6394
6408
6450
6540
6694
6660
6766
6674
6522
6670
6598
6700
6746
6628
6760
6666
6678
6808
6782
6804
6748
6670
6644
6620
6600
6506
6502
6494
6592
6640
6652
6638
6584
6676
6772
6698
6780
6800
6860
6934
6854
6766
6814
6842
6706
6696
6646
6450
6514
6586
6690
6728
6586
6486
6542
6452
6482
6400
6436
6458
6654
6612
6600
6628
6688
6686
6610
6600
6680
6630
6694
6574
6632
6602
6754
6752
6726
6676
6692
6834
6796
6844
6706
6782
6698
6750
6804
6746
6790
6720
6646
6762
6750
6750
6732
6684
6756
6738
6782
6818
6840
6856
6870
6936
6854
6742
6688
6624
6490
6526
6746
6706
6724
6758
6736
6698
6716
6698
6792
6776
6636
6622
6634
6568
6686
6634
6708
6768
6818
6860
6912
6880
6902
6926
6968
6918
6828
6808
6810
6628
6654
6654
6684
6698
6716
6764
6980
6770
6766
6700
6628
6688
6690
6794
6736
6626
6650
6570
6638
6566
6566
6680
6582
6524
6482
6412
6468
6468
6420
6442
6390
6426
6424
6382
6398
6424
6450
6334
6416
6278
6134
6094
6142
6080
6066
6156
6082
6162
6264
6244
6112
6068
6080
6092
6116
6000
6032
6148
6162
6198
6184
6332
6242
6228
6170
6108
6064
6044
5980
6044
5856
5838
5772
5860
5970
6024
6124
6182
6130
6190
6234
6270
6346
6446
6492
6366
6374
6334
6282
6226
6206
6276
6164
6066
6194
6034
5994
6050
6046
6018
6080
6058
6092
6146
6170
6294
6396
6354
6370
6556
6550
6478
6282
6246
6306
6264
6330
6412
6428
6384
6386
6426
6426
6418
6410
6492
6496
6602
6752
6836
6778
6702
6702
6710
6614
6486
6496
6598
6540
6436
6490
6604
6460
6418
6480
6418
6608
6564
6482
6506
6606
6550
6474
6458
6590
6656
6658
6578
6534
6556
6558
6544
6472
6552
6570
6516
6472
6432
6456
6410
6440
6568
6596
6600
6596
6692
6726
6716
6744
6796
6796
6876
6866
6778
6862
6826
6780
6764
6770
6770
6780
6786
6842
6748
6664
6676
6660
6602
6606
6572
6484
6500
6404
6470
6394
6294
6376
6294
6260
6204
6114
6074
6122
6150
6038
6146
6264
6176
6214
6250
6308
6302
6432
6516
6510
6504
6512
6654
6614
6480
6540
6494
6536
6498
6504
6448
6474
6510
6546
6564
6656
6632
6640
6718
6710
6772
6908
6930
6932
6998
7062
7032
7090
7140
7210
7266
7120
7100
6998
6968
6884
6962
6944
6966
6892
6742
6742
6794
6718
6754
6798
6650
6562
6524
6664
6672
6808
6828
6922
6790
6640
6730
6654
6640
6590
6554
6520
6546
6584
6462
6670
6716
6712
6740
6638
6666
6822
6886
6872
7026
7084
7154
7156
7080
7062
7060
7192
7264
7130
7118
7158
7182
7196
7148
7132
6996
7090
7036
7068
6968
6906
6914
7020
6960
7022
6924
6920
6846
6696
6622
6728
6734
6752
6762
6672
6576
6538
6506
6576
6648
6706
6630
6636
6712
6768
6818
7000
7006
6938
6994
7026
6986
7050
6990
7032
7134
7112
6982
7028
7104
7042
7112
7134
7094
7126
7184
7116
7196
7172
7196
7170
7064
7136
7148
7188
7144
7182
7186
7248
7346
7214
7172
7146
7228
7266
7194
7228
7218
7150
7246
7148
7138
7128
7042
7078
6976
6970
7046
7024
7056
7026
6984
6920
7050
6994
6962
6880
6844
6742
6764
6750
6876
6886
6840
6898
6956
6944
6990
6994
6922
6982
7004
7006
6998
6976
6906
6776
6812
6850
6770
6754
6706
6750
6812
6912
6792
6960
6912
6964
7036
7006
7046
7018
6928
6968
6978
6918
6940
6922
6866
6902
6892
6806
6806
6820
6876
6946
6976
7078
7080
7000
7112
7148
7072
7106
7186
7174
7186
7134
7108
6892
6940
6950
7050
6992
6920
6900
7110
7120
7128
7196
7254
7204
7076
7136
7076
7014
6956
6934
7062
7124
7056
7056
7022
6968
6902
6936
7048
7138
7084
7094
6974
7090
7084
7038
7006
7004
7014
6952
7032
6958
7042
6998
7100
7032
7108
7166
7166
7186
7140
7224
7188
7016
7160
7110
7194
7198
7140
7012
6974
6994
7016
6906
6910
6922
6990
6998
6964
6982
6882
6984
6972
6952
6936
6816
6826
6916
6882
6782
6776
6690
6634
6650
6582
6676
6650
6562
6650
6712
6548
6564
6470
6418
6424
6302
6368
6406
6338
6342
6374
6454
6398
6314
6306
6320
6376
6432
6450
6382
6346
6276
6336
6230
6286
6254
6366
6442
6508
6408
6474
6568
6566
6548
6604
6712
6718
6660
6650
6700
6638
6594
6600
6586
6584
6524
6522
6550
6456
6440
6464
6444
6584
6536
6584
6604
6512
6530
6642
6664
6760
6712
6776
6754
6544
6446
6472
6476
6514
6492
6626
6768
6746
6704
6732
6638
6616
6644
6754
6810
6902
6792
6710
6932
6778
6792
6806
6808
6942
6878
6894
6832
6610
6548
6584
6678
6604
6626
6680
6686
6608
6562
6630
6656
6648
6856
6828
6904
7010
7056
7016
6950
6976
6872
6728
6762
6766
6730
6732
6758
6766
6724
6782
6714
6648
6676
6682
6722
6670
6568
6658
6726
6870
6792
6738
6708
6752
6546
6622
6544
6648
6602
6570
6622
6512
6554
6544
6654
6836
7020
6944
6920
6970
6986
7030
6916
7004
6846
6896
6844
6802
6804
6774
6760
6848
6942
6994
6900
6784
6634
6616
6610
6758
6638
6584
6490
6450
6462
6462
6578
6588
6566
6576
6710
6692
6766
6726
6720
6780
6806
6758
6630
6576
6584
6626
6536
6514
6498
6606
6566
6600
6624
6482
6442
6442
6538
6302
6224
6214
6160
6218
6192
6148
6182
6070
6066
6012
6064
6102
6132
6208
6340
6252
6296
6298
6448
6262
6358
6408
6464
6484
6568
6644
6588
6680
6522
6560
6482
6542
6636
6668
6750
6770
6772
6764
6862
6716
6786
6816
6864
6902
6942
6958
6890
6918
6912
6944
6916
6816
6842
6864
6972
6872
6746
6752
6746
6798
6808
6876
6846
6884
6864
6948
7002
7002
7012
7028
7010
6952
6940
6944
6860
6870
6836
6816
6702
6638
6654
6668
6612
6498
6538
6730
6620
6438
6450
6412
6434
6326
6400
6484
6558
6644
6758
6674
6628
6586
6468
6440
6340
6404
6272
6212
6240
6372
6282
6362
6410
6418
6506
6548
6600
6666
6700
6702
6798
6798
6854
6826
6724
6772
6674
6660
6756
6600
6686
6668
6602
6608
6534
6582
6628
6738
6740
6756
6802
6894
6910
6972
7044
7016
6978
6838
6714
6682
6656
6706
6764
6666
6706
6654
6736
6744
6618
6736
6822
6814
6682
6782
6754
6840
6754
6666
6520
6340
6368
6378
6358
6388
6398
6278
6302
6326
6206
6152
6174
6200
6188
6250
6272
6254
6142
6242
6112
6162
6192
6146
6182
6264
6264
6212
6112
6050
5940
5860
5878
5672
5720
5772
5654
5706
5666
5626
5572
5672
5646
5800
5808
5742
5632
5592
5512
5526
5446
5468
5424
5498
5542
5686
5736
5856
5852
5978
5856
5856
5880
5868
5918
5816
5704
5770
5726
5698
5800
5792
5856
5870
5756
5772
5618
5650
5716
5720
5734
5664
5672
5666
5602
5704
5810
5694
5602
5662
5808
5756
5836
5926
6038
6026
6048
6062
6032
6126
6178
6238
6188
6196
6034
6056
5994
6052
6122
6058
6230
6210
6274
6300
6246
6198
6220
6230
6236
6142
6086
6128
6110
6170
6206
6202
6136
6058
6126
6114
6044
6016
6008
5928
5924
5844
5838
5844
5764
5842
5762
5796
5816
5664
5592
5736
5780
5716
5590
5706
5896
5796
5782
5740
5826
5880
5940
5860
5866
5870
5880
5866
5954
5912
6004
6006
6098
6024
6014
5946
5848
5816
5938
6000
5918
6038
6054
6004
6162
6088
5978
6044
5938
5942
5938
6128
6188
6234
6290
6234
6116
6142
5966
5908
5922
5934
6090
6052
6038
5888
5868
6008
6114
5948
5958
5974
6050
5996
5902
5948
5838
5784
5870
6012
6004
5968
5964
5936
5970
5928
5946
5874
5842
5894
5966
5858
5720
5786
5838
5764
5670
5812
5818
5840
5886
5890
6018
6022
6018
5898
5956
6018
5988
5882
5940
5880
5930
5974
6014
5990
6136
6042
6020
6016
6036
5948
5934
5954
6070
6022
6038
6104
6028
6148
6284
6392
6334
6248
6228
6280
6228
6180
6316
6238
6248
6326
6304
6250
6240
6286
6228
6062
6146
6034
6042
6008
5994
6110
6208
6132
6186
6172
6330
6354
6322
6418
6396
6438
6592
6438
6438
6326
6406
6402
6446
6462
6518
6604
6554
6598
6552
6532
6450
6480
6510
6600
6528
6588
6512
6488
6402
6426
6490
6542
6708
6522
6598
6464
6500
6596
6530
6432
6498
6398
6436
6556
6688
6732
6768
6664
6638
6644
6716
6578
6646
6642
6578
6582
6632
6562
6560
6576
6598
6610
6522
6490
6510
6430
6482
6494
6608
6602
6562
6530
6534
6538
6592
6610
6722
6726
6754
6800
6680
6722
6728
6800
6748
6722
6688
6714
6678
6688
6826
6796
6808
6866
6862
6856
6936
6880
6804
6894
6890
6930
6842
6840
6880
6668
6608
6628
6632
6762
6862
6754
6758
6790
6716
6570
6436
6366
6476
6698
6716
6612
6544
6524
6536
6422
6430
6294
6388
6298
6262
6252
6206
6260
6226
6276
6206
6224
6280
6414
6492
6468
6300
6240
6270
6256
6306
6254
6230
6374
6366
6282
6216
6330
6218
6146
6024
5990
6002
5996
5912
5924
6044
6014
5928
5884
6048
6224
6292
6352
6336
6258
6264
6308
6334
6316
6440
6448
6482
6250
6086
6238
6328
6358
6446
6318
6538
6450
6366
6344
6366
6312
6278
6170
6102
6040
6052
5984
6044
5980
6004
5874
5826
5978
5912
6050
6016
5892
5756
5880
5864
5772
5790
5734
