1126
1118
1170
1150
1098
1076
1068
896
936
850
998
972
1058
1070
1196
1242
1080
1142
1118
1116
1146
1090
1066
1132
1216
1166
1244
1338
1302
1278
1274
1106
1034
968
1006
1082
1118
1110
1068
1084
1000
1048
1092
1048
1158
1226
1104
1050
1070
958
950
1008
942
934
870
822
782
694
590
498
516
484
526
476
410
362
550
462
426
340
370
294
312
414
322
226
302
382
366
276
272
366
374
354
450
436
382
416
378
388
290
370
430
406
412
448
402
530
526
484
488
488
586
510
626
588
468
484
450
492
576
492
494
576
434
356
308
258
202
166
100
182
192
202
216
336
422
444
372
342
328
318
272
194
246
400
380
454
368
340
144
182
162
208
244
214
240
126
160
118
12
6
94
64
52
56
84
6
120
176
120
260
224
194
132
12
106
186
134
90
90
104
94
98
86
126
116
102
138
166
210
164
130
90
110
198
198
160
100
136
130
80
12
10
8
62
52
10
12
0
12
126
82
22
8
0
26
10
36
64
64
54
80
26
24
2
40
126
134
40
186
116
68
132
260
398
478
522
616
616
660
644
666
678
742
880
796
856
842
810
660
602
650
556
586
558
436
446
292
358
466
588
678
734
672
670
758
822
804
904
858
848
972
900
894
886
886
954
974
954
996
1062
1000
1052
992
938
998
1090
1074
960
892
922
1064
1006
924
980
1036
1076
944
1018
1008
866
844
836
770
852
862
880
920
954
944
926
934
986
1050
1100
1114
1212
1126
1196
1258
1210
1162
1198
1184
1158
1258
1252
1322
1302
1302
1310
1260
1382
1352
1280
1400
1310
1200
1216
1210
1060
1104
1156
1134
1174
1194
1136
1190
1274
1276
1262
1272
1260
1312
1196
1128
1096
1018
1096
1124
1066
1050
952
1020
918
946
930
1014
998
926
956
846
892
846
924
898
884
928
856
784
728
700
648
638
576
582
590
532
550
566
656
614
620
456
390
370
380
490
504
582
470
436
458
402
512
602
556
644
644
624
678
784
658
774
610
654
610
606
536
496
416
314
370
420
374
312
418
424
464
440
490
550
582
610
678
614
540
524
478
408
338
392
424
464
526
466
504
540
516
588
552
484
412
342
374
390
520
436
372
332
298
216
260
340
324
312
270
330
354
284
226
324
332
190
96
248
158
286
326
354
370
242
260
254
178
330
294
232
256
152
158
182
250
250
172
136
44
2
54
28
64
176
176
242
198
164
138
374
364
410
422
468
434
368
482
378
400
322
308
294
234
316
394
436
388
416
440
500
546
638
588
590
532
536
434
346
306
312
236
198
202
170
186
142
150
192
96
170
146
154
190
276
162
88
88
188
210
208
196
238
264
354
280
284
276
332
390
394
372
326
278
192
168
286
238
352
388
452
500
480
482
418
488
536
584
472
502
534
574
546
574
604
686
606
692
764
766
652
706
748
720
694
590
540
558
624
522
580
528
576
634
676
712
530
436
548
660
742
764
836
876
828
758
712
700
642
594
594
602
628
642
612
640
652
698
766
764
754
744
704
642
626
676
720
788
770
762
698
614
730
714
716
702
692
674
678
632
652
678
650
572
662
586
606
530
610
672
698
756
784
816
710
848
618
664
660
606
686
580
602
600
574
590
590
616
718
812
652
538
628
690
720
766
832
796
838
716
816
888
874
922
948
842
784
792
756
730
750
872
834
814
758
770
818
756
676
530
658
636
688
520
424
422
496
558
676
652
624
636
646
676
714
748
804
802
830
858
808
662
656
716
810
788
860
816
626
634
600
532
516
444
466
496
528
484
528
638
678
690
756
516
454
536
472
464
490
386
412
392
290
266
322
296
250
170
248
214
336
390
448
510
522
532
554
636
704
614
616
554
530
552
392
434
504
644
606
664
658
712
640
636
714
692
744
748
848
836
786
740
662
738
732
722
748
792
756
638
708
696
708
686
658
674
634
660
620
636
592
654
666
622
698
650
480
568
528
548
490
472
458
414
306
266
234
254
218
154
210
278
206
266
366
278
282
364
356
282
344
394
330
320
372
378
446
400
246
132
184
150
196
118
134
36
26
78
68
30
20
108
26
82
54
148
116
22
46
72
38
122
280
252
266
206
220
182
286
330
294
240
250
228
198
282
346
374
398
406
358
372
424
376
382
552
608
524
470
534
660
750
888
852
868
850
916
896
922
880
912
840
814
1024
1078
1256
1252
1312
1332
1344
1426
1428
1506
1388
1380
1360
1292
1294
1340
1318
1260
1226
1224
1230
1164
1130
1072
1160
1216
1306
1290
1296
1152
1178
1244
1334
1298
1224
1256
1210
1138
1040
1086
1104
1016
1050
976
908
1024
1044
1044
1008
1014
1142
1112
1176
1198
1232
1230
1168
1158
1212
1126
1136
1158
1004
1000
988
1078
968
976
864
770
818
780
764
728
658
686
616
636
544
506
496
466
556
434
536
472
414
304
232
290
342
348
388
226
234
68
116
192
146
186
124
210
262
258
220
168
268
308
354
194
220
134
110
174
252
252
220
346
330
392
394
342
262
330
328
266
312
296
296
254
286
392
468
642
612
654
678
698
598
724
688
626
568
536
490
288
294
266
208
298
302
302
300
396
298
298
404
350
364
414
454
456
452
422
424
416
362
364
322
372
452
322
338
280
250
270
272
184
254
204
248
288
312
326
406
434
320
290
336
408
312
348
280
250
306
380
340
414
372
428
498
458
500
566
522
558
468
398
312
372
326
220
248
238
250
264
214
300
260
168
260
250
294
282
270
374
296
242
330
368
498
452
432
546
552
522
614
664
738
814
940
856
764
756
882
888
954
1036
984
982
902
928
884
902
804
782
772
790
846
838
914
1002
896
858
986
1052
1066
1078
1042
1112
1014
1094
1096
1100
1116
1126
1034
944
892
910
914
808
880
798
706
656
598
656
562
628
624
704
682
664
618
578
536
682
666
638
682
576
618
536
528
548
598
608
562
600
544
440
352
204
148
252
282
274
438
464
484
624
516
526
524
480
530
456
548
534
326
370
426
368
286
234
360
430
488
464
448
502
526
570
578
472
426
406
466
322
260
290
332
388
320
268
296
406
356
414
444
438
498
492
518
482
564
514
580
726
728
730
754
762
818
884
790
656
736
666
604
702
810
824
804
896
830
810
784
782
708
628
584
558
540
468
456
404
366
448
406
366
294
312
306
358
470
378
482
458
350
374
540
442
384
358
454
498
538
612
548
408
416
424
370
356
392
340
254
282
192
144
128
200
178
286
274
346
276
306
266
272
328
392
434
382
440
356
392
296
322
268
294
238
306
264
352
454
446
326
334
242
252
216
186
184
114
82
86
94
44
66
158
206
172
188
208
236
222
290
322
430
394
322
338
268
292
246
150
174
142
174
202
174
174
120
82
212
148
118
310
466
620
616
550
600
570
578
498
464
528
462
504
406
300
196
218
118
58
108
88
60
190
126
184
266
278
158
242
264
214
314
344
300
300
318
212
362
446
446
428
456
428
360
250
196
128
84
184
120
106
94
42
66
72
154
172
202
200
172
140
126
134
80
168
190
210
208
148
182
112
218
276
298
344
372
322
316
278
242
212
162
134
152
192
210
162
14
6
14
104
158
210
184
168
170
258
284
256
236
108
148
204
170
170
140
172
186
118
72
46
44
190
298
370
334
404
330
262
356
348
540
488
468
252
306
372
568
544
464
278
352
422
430
552
448
398
402
422
460
428
436
448
422
476
380
456
376
410
484
588
494
390
468
470
518
446
454
396
484
510
480
596
528
546
644
602
708
638
606
588
562
612
498
498
376
354
336
248
308
250
196
192
138
64
74
158
208
182
56
62
134
78
132
132
202
148
134
96
250
286
242
248
346
456
386
346
366
378
330
246
222
92
98
144
48
90
216
214
206
252
178
196
200
182
252
140
216
274
254
276
342
304
448
546
522
512
506
410
370
278
204
214
270
350
458
556
574
550
596
618
640
654
698
724
706
644
562
538
486
642
762
678
750
738
756
824
846
844
872
804
886
892
788
710
810
788
780
650
618
642
632
596
646
680
734
708
744
656
612
670
748
702
780
704
758
800
760
860
946
816
746
646
654
664
554
612
484
476
492
454
410
452
366
340
350
288
320
368
348
444
390
484
402
470
440
422
574
574
508
506
492
458
504
500
516
622
480
552
482
530
576
448
360
316
410
414
414
364
296
356
250
178
106
82
136
166
252
128
58
0
24
22
14
60
84
52
100
100
100
84
120
238
194
144
194
108
40
8
40
98
152
232
316
304
396
282
362
390
420
546
512
490
450
386
374
354
308
226
140
210
244
170
198
158
200
252
308
230
346
328
350
462
406
432
528
500
690
568
594
566
600
538
484
458
482
442
420
454
326
460
414
394
310
318
252
302
166
254
162
184
214
278
236
296
338
300
322
262
168
136
122
164
110
122
212
244
300
254
312
308
460
444
322
380
426
332
404
456
518
458
494
486
532
544
512
602
694
724
744
708
628
774
786
740
724
670
710
766
612
614
612
642
538
554
500
486
476
454
450
476
402
364
324
334
438
406
382
380
356
226
266
270
222
312
346
466
646
688
638
542
532
606
572
544
514
516
490
474
470
408
310
368
394
322
278
346
308
238
166
96
128
150
270
366
272
230
242
222
222
348
364
402
310
372
282
290
280
318
288
290
306
314
418
436
440
486
532
566
644
610
698
802
704
720
790
794
804
816
