906
900
898
892
902
882
912
900
876
860
860
864
874
892
892
832
806
774
770
792
810
822
808
834
828
838
856
850
824
804
794
812
820
828
846
854
836
820
844
864
848
866
864
836
862
858
872
836
886
858
840
842
854
838
832
854
852
852
828
852
840
804
802
800
832
858
842
854
852
850
852
826
804
830
820
832
854
848
842
840
816
868
846
838
830
836
866
848
834
832
832
802
786
798
798
802
816
812
794
786
744
738
724
716
726
708
692
708
704
678
724
662
684
708
732
728
732
752
722
750
762
734
772
786
796
816
814
796
786
786
784
790
776
794
822
792
780
750
734
702
708
712
766
780
756
748
706
726
768
758
710
664
682
674
710
740
736
722
752
726
772
758
826
808
796
786
764
740
740
730
760
724
740
726
730
754
760
792
758
746
702
722
734
764
772
782
816
848
830
814
808
818
838
830
816
832
824
860
852
858
822
844
826
786
778
782
782
788
820
772
796
800
736
702
722
756
786
778
784
806
794
792
820
814
824
838
852
886
902
908
912
912
884
878
882
876
868
894
890
854
846
804
832
840
812
796
780
810
848
842
822
846
888
878
880
886
862
856
822
824
816
776
826
836
786
758
766
762
774
780
806
836
824
800
762
776
782
764
774
708
698
680
714
746
678
656
648
642
680
736
728
768
768
792
798
750
760
754
738
734
744
736
744
764
800
764
742
776
738
758
800
832
830
830
834
866
852
876
854
824
820
830
814
814
854
874
834
866
886
882
846
830
846
850
876
866
870
900
920
886
862
890
912
888
870
882
876
864
880
852
808
846
868
878
856
844
852
828
842
864
872
854
818
794
816
810
802
808
830
840
830
862
850
860
842
776
776
794
796
798
776
806
824
806
782
806
772
752
712
690
730
764
766
750
720
720
716
732
722
716
736
712
770
784
774
798
794
808
826
828
836
830
816
854
860
848
842
846
824
846
858
856
850
842
848
886
904
904
852
840
856
846
854
866
866
840
816
806
772
786
820
804
806
768
776
762
808
824
808
822
834
836
816
826
826
852
830
828
884
914
916
902
892
866
894
852
846
786
776
838
824
838
870
872
818
844
860
830
806
818
838
874
876
852
882
916
898
900
910
920
900
890
870
864
884
860
860
816
810
850
870
872
896
864
862
890
886
854
850
820
818
826
840
840
858
852
860
848
882
878
876
862
808
804
820
836
840
834
822
814
808
846
834
822
818
784
774
826
826
836
844
862
884
874
876
880
826
878
864
848
872
902
900
894
894
908
860
850
854
854
858
832
856
874
872
864
846
834
822
848
830
870
862
870
870
876
842
826
870
862
882
872
856
878
880
900
870
860
834
826
844
804
800
806
806
808
778
828
882
872
886
882
862
814
838
848
846
852
850
840
834
866
840
836
798
832
794
812
792
768
756
720
730
730
738
746
766
750
764
794
786
788
766
714
714
682
710
728
712
648
712
746
764
764
752
734
772
784
764
728
730
688
692
700
706
728
752
756
704
660
628
622
610
642
670
652
664
676
682
718
752
742
728
712
708
728
754
770
786
784
750
752
738
694
706
736
740
728
770
748
752
736
772
746
740
754
790
774
772
780
772
760
762
764
746
770
774
754
742
770
772
770
776
806
796
790
732
738
728
718
728
766
768
796
840
802
828
810
832
820
836
854
866
874
854
834
806
832
856
842
832
842
814
814
832
842
830
834
818
832
812
790
828
786
774
796
780
840
862
886
824
846
830
836
838
860
856
844
864
888
876
830
844
886
878
856
842
846
824
862
816
790
786
780
788
770
738
724
748
714
696
686
706
730
732
792
788
748
714
692
720
728
800
830
830
796
784
768
798
810
798
772
754
728
708
752
728
744
766
794
786
780
770
766
794
802
798
796
754
772
832
798
780
778
790
780
776
752
790
760
774
740
746
772
746
736
758
794
744
744
704
738
826
840
826
888
914
904
902
888
876
868
880
802
850
836
794
830
822
818
834
806
788
778
800
820
796
800
796
786
764
786
824
846
858
854
816
816
844
860
868
870
854
846
826
860
862
830
848
842
854
858
850
866
834
846
846
830
818
820
824
850
818
826
818
830
800
850
848
874
874
856
840
836
858
878
890
874
856
824
826
810
826
852
846
876
880
882
854
864
882
908
904
892
906
882
866
862
866
822
866
864
864
864
850
842
844
850
866
870
876
882
848
852
852
842
820
812
830
814
800
818
800
816
752
780
748
774
744
772
776
792
776
768
788
828
822
818
816
844
830
826
850
860
886
870
838
794
802
802
792
790
832
818
804
800
778
780
776
726
730
714
732
740
740
698
736
702
698
702
704
758
728
720
696
694
726
744
740
734
768
734
734
788
854
870
836
832
812
802
810
818
818
814
774
778
796
786
818
826
802
800
774
770
768
778
726
732
746
692
694
748
784
782
784
774
732
734
760
770
792
820
826
798
800
786
812
848
866
880
830
844
882
868
866
880
882
886
876
860
876
834
836
862
906
918
900
866
872
830
842
816
820
782
788
790
796
816
834
854
820
836
806
818
818
832
854
848
860
858
830
812
806
860
876
858
840
810
816
860
830
852
836
790
802
784
782
854
812
786
816
772
770
724
730
744
784
800
806
792
816
846
888
898
892
884
914
910
906
898
862
872
836
814
862
886
878
870
878
828
880
884
882
888
854
858
818
800
832
790
820
874
860
840
830
854
848
848
848
856
866
846
852
864
840
866
858
840
808
816
828
788
840
760
778
808
774
772
786
816
794
844
828
830
850
864
860
876
868
810
820
806
838
814
786
792
756
808
824
860
848
876
892
872
872
886
890
916
892
906
890
880
844
826
806
800
802
830
814
796
774
780
796
786
756
808
790
774
728
740
732
746
774
766
754
730
740
720
734
732
750
756
786
778
756
764
784
774
782
750
762
776
802
814
856
852
820
796
828
832
848
838
842
826
804
772
760
750
788
762
788
786
790
790
800
784
832
892
872
826
832
844
844
842
834
832
848
826
838
854
868
844
836
868
850
860
816
812
810
766
816
804
714
712
704
740
724
698
678
660
630
638
668
682
690
712
706
690
724
742
772
754
772
798
788
790
806
856
846
876
880
880
888
884
862
860
830
858
882
850
838
858
794
806
844
818
818
800
812
826
818
854
858
866
844
838
810
832
860
846
862
866
840
848
880
884
890
878
890
872
862
830
854
880
896
894
894
916
894
892
880
862
856
830
832
870
866
844
836
816
824
844
818
816
870
844
816
840
820
842
806
844
888
844
818
826
836
822
806
788
808
832
828
824
830
804
852
836
816
810
778
782
780
768
784
796
784
802
792
748
766
772
762
814
830
840
868
854
794
788
804
812
816
836
838
862
860
858
842
854
852
876
870
854
852
886
910
880
876
832
826
870
858
838
840
880
890
890
884
876
858
860
850
854
832
790
796
778
776
796
792
816
790
812
782
808
812
800
822
802
782
768
806
834
834
842
808
818
838
832
882
868
876
900
886
908
888
860
848
790
800
780
760
776
828
858
824
820
836
790
794
788
810
814
842
840
862
864
844
848
834
878
908
894
914
918
898
908
896
860
872
882
858
884
846
834
812
816
776
808
816
856
836
822
834
834
820
752
722
754
768
782
764
768
768
760
732
776
764
760
728
732
708
678
712
708
710
718
710
720
732
782
780
794
752
786
750
780
796
832
844
804
820
800
806
816
842
820
786
776
832
808
826
826
824
814
814
812
796
794
808
824
770
800
798
826
818
836
816
836
852
824
840
874
850
830
838
872
836
840
852
846
814
840
834
838
806
818
780
762
750
804
778
770
760
822
844
852
840
818
820
822
848
882
888
900
848
862
886
900
906
880
880
844
884
870
892
890
902
872
830
838
854
852
836
846
816
854
860
842
808
812
808
848
838
876
892
888
902
900
878
864
884
868
886
860
864
828
802
770
742
740
734
758
746
740
734
750
736
762
768
804
796
828
834
856
846
868
828
820
800
812
804
826
848
870
840
812
786
766
774
768
744
790
760
760
746
740
732
756
790
822
822
820
800
812
792
788
726
738
746
762
756
736
768
780
764
760
730
738
710
760
764
764
810
772
766
770
742
718
708
708
740
742
722
742
770
792
778
782
762
732
762
782
824
838
828
800
832
798
798
832
878
840
864
876
862
884
916
868
882
852
852
858
858
868
850
794
760
754
796
846
848
852
856
848
858
888
884
910
878
900
908
900
874
888
854
908
922
918
942
940
902
904
928
882
910
912
844
822
826
820
782
760
766
746
770
816
830
818
806
796
822
836
834
832
836
822
864
898
920
914
896
888
868
870
840
878
892
880
904
896
902
886
872
880
856
850
822
820
862
870
890
834
868
844
858
846
872
882
878
858
844
848
862
880
858
888
864
832
818
806
808
772
728
792
784
792
780
782
732
732
694
730
706
718
724
682
708
726
714
722
724
694
652
680
698
672
652
638
654
692
762
812
798
850
864
872
878
850
836
828
840
848
816
830
840
854
840
830
822
804
794
792
796
794
824
798
796
764
764
776
794
802
810
806
792
764
792
792
