44
10
68
16
6
10
12
2
8
6
30
30
12
46
66
46
30
22
44
66
50
4
52
20
56
90
38
10
46
76
102
56
22
12
8
54
64
116
126
74
42
34
32
26
20
32
96
132
156
120
148
118
122
130
148
136
152
124
96
132
130
140
142
118
150
204
222
268
254
224
232
264
262
284
238
262
278
312
322
326
312
292
258
246
292
240
272
244
228
218
232
216
214
256
260
278
250
220
208
198
170
178
188
204
178
172
170
152
112
64
92
104
86
118
68
90
146
156
196
182
172
184
192
158
200
238
290
260
230
290
276
230
210
216
208
288
260
234
240
216
240
242
250
226
256
242
274
234
232
214
216
194
220
244
236
192
204
170
146
150
162
144
102
132
144
108
42
70
94
50
62
66
24
50
78
84
62
2
48
66
34
8
8
28
2
6
46
26
0
56
104
86
56
70
84
110
84
70
76
24
6
6
30
38
66
14
28
48
34
74
94
144
108
70
20
26
4
6
0
18
2
44
60
66
132
148
178
158
112
62
48
44
20
18
24
42
22
50
22
12
8
30
76
58
64
62
50
84
58
34
30
14
18
64
16
22
68
128
126
126
102
92
108
136
160
160
176
184
158
108
120
118
172
182
234
232
196
220
212
264
248
256
250
284
228
146
80
70
136
80
94
76
32
54
32
24
32
20
14
42
10
52
98
142
118
190
186
128
152
94
90
118
172
156
154
168
200
152
154
206
238
226
212
232
224
216
164
122
154
200
206
224
248
234
264
226
254
248
270
260
238
206
186
204
210
206
210
256
228
236
188
182
152
120
148
174
152
138
74
118
164
110
122
176
142
140
128
82
116
150
102
76
38
22
16
14
0
50
54
16
60
2
6
60
32
24
78
50
24
26
40
10
14
34
18
24
26
96
44
26
24
22
36
76
122
70
130
92
124
94
140
154
140
128
102
26
36
58
92
66
92
96
122
190
204
230
214
216
168
160
160
124
100
94
128
154
152
180
148
228
204
250
300
296
284
232
196
264
246
242
258
318
344
384
318
358
330
324
302
258
258
258
284
258
226
290
262
270
276
294
302
236
272
308
300
270
310
338
350
358
326
332
312
360
322
298
312
378
392
384
342
302
290
284
252
244
270
256
270
278
200
160
188
246
224
160
152
164
142
122
126
148
122
134
102
86
82
44
68
66
40
16
68
62
72
78
90
176
128
132
64
38
20
30
108
100
140
126
130
134
140
100
86
118
110
126
36
38
14
64
80
116
116
82
84
82
116
128
156
204
128
110
92
14
0
46
64
86
76
42
82
70
82
82
80
82
162
184
170
176
196
164
148
178
170
224
236
258
214
186
204
236
226
268
232
248
236
208
206
192
232
274
356
308
336
330
328
302
344
274
216
162
158
120
138
168
162
154
180
184
188
176
108
118
132
186
174
162
148
120
98
82
0
24
60
46
38
52
14
34
22
4
70
96
102
144
102
112
142
168
78
76
120
76
108
126
150
218
188
168
200
214
176
122
136
180
146
148
90
94
164
222
270
272
312
298
362
380
404
392
378
366
348
372
312
348
352
356
372
392
424
388
394
392
370
414
358
374
388
384
390
378
352
364
342
330
282
336
330
328
362
350
396
408
390
394
376
354
338
330
288
294
346
340
376
374
384
364
336
334
322
290
318
300
342
392
394
400
304
368
380
374
450
460
440
448
454
434
484
482
502
436
436
450
458
448
448
436
488
478
488
460
418
394
358
382
354
438
432
426
440
404
392
406
398
380
330
392
342
294
262
302
242
278
260
304
344
376
340
274
258
268
212
196
286
236
266
250
210
216
194
162
176
212
226
246
322
364
336
340
346
346
376
376
378
400
394
416
396
424
394
386
386
410
442
388
296
340
354
320
328
320
342
338
358
314
344
354
362
368
408
416
402
364
372
374
384
356
304
316
332
302
248
306
284
258
272
226
238
214
280
232
248
266
296
324
294
328
324
334
350
366
412
374
358
368
408
384
406
432
488
474
484
494
534
536
480
556
540
558
552
532
542
526
510
470
472
462
500
496
510
530
486
452
464
460
424
422
396
384
364
382
374
340
354
346
362
404
426
400
370
424
402
444
432
480
506
518
552
562
542
536
554
562
546
560
572
596
526
494
496
498
518
536
564
562
588
624
666
648
610
552
540
522
508
558
546
564
524
534
518
488
534
572
542
550
544
526
514
514
530
516
512
518
508
528
532
570
568
588
614
674
644
650
662
654
668
630
670
674
694
690
662
678
630
640
612
666
706
720
706
680
678
716
698
670
686
688
700
682
676
632
658
608
622
604
638
630
618
652
742
762
750
764
728
712
714
706
680
554
596
574
574
610
652
692
670
648
670
674
694
682
666
678
668
666
648
620
642
640
624
624
674
694
710
698
732
692
660
664
628
660
620
608
606
610
628
630
578
612
652
648
624
626
684
644
654
658
670
692
656
656
704
674
690
710
654
666
680
672
682
688
686
680
696
700
668
676
670
658
650
648
640
618
640
654
670
666
610
632
616
614
612
598
634
622
604
604
608
646
650
652
648
624
566
566
598
636
642
712
704
778
778
782
782
786
832
800
774
736
726
728
752
712
756
748
704
726
714
672
698
648
656
634
650
632
668
704
704
712
724
728
724
742
742
728
704
722
650
666
658
662
616
596
618
606
564
568
566
536
524
570
528
580
548
514
536
504
548
576
574
534
506
528
508
478
412
442
454
494
542
506
516
550
574
544
618
608
594
550
550
594
582
548
568
534
524
508
510
486
466
492
468
456
450
430
406
410
400
402
388
360
348
338
356
330
342
368
376
372
374
422
460
430
476
468
434
458
482
452
418
378
338
304
204
250
194
192
186
126
206
230
222
234
230
226
194
182
230
244
242
222
208
182
218
178
226
230
244
198
168
214
190
166
152
218
242
208
212
212
216
222
250
344
342
372
328
322
288
282
272
290
230
246
164
172
202
222
188
180
158
140
152
170
158
180
194
240
284
264
238
260
262
318
302
316
296
346
362
408
366
300
216
218
238
276
230
164
144
130
136
96
114
152
168
210
172
200
210
118
60
110
82
142
128
114
122
150
150
166
160
156
156
186
178
158
124
118
140
120
128
98
116
90
86
102
78
44
34
2
24
28
18
20
36
10
20
98
12
20
40
38
8
14
30
34
30
38
8
2
0
14
50
96
66
114
112
112
156
122
130
124
106
122
84
100
74
90
58
94
104
92
38
40
76
40
24
36
36
24
2
16
10
44
6
60
92
82
84
92
102
114
90
102
88
108
64
66
78
64
44
78
60
68
50
20
20
72
58
72
4
18
60
98
74
74
64
116
168
148
122
110
142
200
220
202
154
186
192
172
122
198
198
176
130
210
190
258
298
296
200
178
198
176
226
220
202
152
178
226
212
216
282
284
328
326
292
310
306
340
348
358
358
360
306
320
342
322
316
316
356
296
308
296
310
340
384
338
322
340
360
354
358
380
380
312
314
338
312
306
270
264
244
244
274
196
186
152
132
152
124
142
182
184
214
234
246
268
242
234
268
300
274
284
270
256
254
270
264
272
248
314
366
408
398
346
328
358
350
358
328
324
328
266
242
210
208
198
170
186
176
212
220
230
192
198
182
204
166
192
164
124
118
142
114
84
88
46
72
6
22
40
94
70
118
132
136
142
146
134
100
60
60
60
30
32
24
4
16
26
4
20
40
44
6
6
32
18
0
16
26
16
88
70
50
50
82
94
100
146
192
192
148
152
158
142
122
114
102
60
90
80
32
4
8
6
32
20
8
20
20
42
34
24
26
72
78
118
146
204
246
268
274
292
278
246
234
214
256
228
198
224
284
276
248
268
274
274
324
262
318
374
398
380
432
454
436
458
450
412
458
486
534
528
518
506
554
552
540
474
396
364
358
378
362
332
336
296
234
258
250
304
340
382
372
338
318
326
266
286
220
206
228
274
272
314
330
384
340
308
346
318
332
330
290
266
278
258
268
222
252
246
178
196
266
266
318
296
252
298
258
228
198
256
200
182
152
158
170
148
150
130
180
190
160
214
254
314
286
258
262
272
308
324
296
278
232
272
314
312
278
280
274
290
308
266
292
326
350
348
290
260
260
228
288
274
310
308
320
326
352
342
388
396
378
352
306
288
266
264
258
230
228
166
102
114
60
78
82
128
146
168
136
86
30
12
8
6
8
32
60
42
82
90
106
118
104
118
70
106
100
100
102
50
90
136
142
178
184
176
164
182
174
178
192
212
188
210
178
150
168
188
218
202
200
192
192
180
196
192
194
170
150
80
112
126
104
96
112
112
102
38
90
106
144
134
38
60
104
30
8
28
6
10
18
34
22
60
64
130
172
136
50
96
74
56
40
6
20
36
38
76
126
144
102
142
158
138
62
10
54
78
106
74
54
38
32
18
10
22
14
4
14
28
36
94
78
98
88
100
104
118
110
154
148
162
190
120
122
106
86
112
158
148
162
192
238
212
250
272
234
258
206
198
226
226
226
186
138
190
160
130
128
170
184
216
196
190
196
170
