2256
2280
2392
2542
2418
2454
2446
2440
2364
2470
2392
2436
2452
2420
2394
2206
2160
2098
2162
2196
2246
2184
2208
2208
2178
2214
2262
2296
2292
2334
2432
2414
2422
2284
2202
2346
2302
2310
2288
2318
2280
2262
2306
2252
2256
2238
2302
2434
2386
2244
2228
2248
2222
2104
2132
2124
2148
2174
2190
2126
2160
2156
2172
2194
2224
2180
2108
2160
2094
2138
2002
2118
2058
2092
2110
2154
2184
2150
2122
2154
2148
2224
2240
2160
2190
2124
2194
2250
2302
2310
2274
2280
2348
2292
2256
2252
2200
2104
2058
2050
1968
1956
1906
1892
1844
1960
1998
2012
2004
1978
1962
2026
2000
2056
2042
2004
1980
2084
2002
2050
1990
2036
1988
1976
1924
1838
1866
1882
1888
1862
1830
1858
1784
1834
1852
1762
1862
1854
1912
1980
1906
1922
1910
1884
1898
1792
1710
1784
1850
1840
1786
1762
1658
1566
1558
1480
1442
1484
1602
1582
1588
1500
1544
1592
1594
1668
1668
1476
1526
1534
1592
1626
1650
1638
1642
1582
1706
1760
1828
1838
1826
1706
1702
1670
1706
1808
1908
1970
1886
1914
1912
1936
1964
2000
2060
2128
2118
2068
1932
1922
1934
2046
1958
2000
1918
2006
1914
1894
1966
1930
1874
1950
1878
1926
1950
2046
2162
2142
2200
2132
2192
2124
2136
2174
2196
2116
2238
2212
2282
2278
2244
2198
2184
2104
2186
2170
2088
1998
2030
2050
2080
2096
2088
2108
2042
2160
2206
2044
2018
2056
2040
2084
2202
2202
2214
2056
2134
2176
2276
2222
2160
2098
2104
2218
2158
2234
2286
2294
2380
2268
2148
2136
2190
2160
2292
2260
2290
2188
2270
2232
2232
2274
2274
2332
2374
2348
2436
2450
2482
2604
2560
2534
2562
2564
2602
2534
2346
2410
2518
2480
2500
2596
2580
2514
2434
2556
2524
2598
2634
2558
2524
2418
2476
2490
2426
2498
2414
2476
2546
2606
2554
2542
2526
2450
2376
2334
2312
2390
2466
2444
2476
2480
2536
2588
2566
2512
2482
2454
2506
2560
2568
2558
2490
2528
2512
2532
2592
2528
2540
2594
2628
2710
2686
2642
2678
2674
2660
2718
2786
2734
2772
2792
2780
2862
2900
2902
2912
2936
2856
2900
2868
2808
2824
2848
2804
2766
2760
2672
2638
2742
2794
2852
2854
2864
2796
2850
2952
2986
2968
3002
3010
3000
3046
3134
3124
3078
3032
3128
3152
3194
3092
3020
3006
3062
3130
3142
3118
3088
3082
3134
3150
3084
3118
3058
2968
2962
3020
2994
2986
2992
3026
3046
3008
3018
3088
3052
3018
3098
3014
2988
2964
3042
3076
3040
3040
2972
2870
2920
2904
2908
2844
2898
2998
2952
2976
2924
2890
2814
2820
2756
2710
2728
2804
2808
2786
2824
2850
2894
2874
2810
2930
2876
2780
2834
2810
2814
2708
2706
2730
2702
2630
2706
2698
2708
2736
2934
2888
2822
2908
2892
2914
2888
2872
2850
2850
2888
2924
2880
2986
2926
2934
2974
2954
2948
2946
2942
3042
3082
3102
3132
3176
3154
3088
3088
3122
3022
3042
3078
3142
3126
3086
3154
3220
3174
3142
3134
3168
3148
3170
3176
3166
3190
3174
3198
3110
3086
3072
2976
2960
2962
2918
3000
2880
2792
2798
2818
2842
2862
2820
2910
2914
2884
2824
2802
2812
2784
2740
2628
2586
2714
2628
2590
2608
2570
2594
2580
2574
2550
2472
2494
2520
2462
2324
2268
2198
2206
2296
2256
2322
2356
2376
2420
2536
2468
2486
2554
2508
2452
2454
2402
2352
2332
2332
2422
2466
2448
2514
2556
2626
2706
2666
2718
2686
2780
2742
2654
2632
2654
2560
2534
2540
2590
2644
2622
2590
2632
2522
2488
2518
2578
2504
2542
2388
2358
2370
2350
2376
2358
2286
2312
2346
2318
2346
2416
2382
2504
2410
2386
2334
2358
2338
2442
2348
2340
2318
2332
2282
2228
2176
2220
2194
2204
2310
2406
2286
2322
2258
2246
2242
2224
2138
2106
2088
2044
2144
2220
2240
2204
2192
2172
2132
2102
2150
2120
2128
2178
2180
2210
2226
2224
2338
2362
2372
2436
2436
2456
2550
2584
2448
2478
2462
2406
2382
2456
2450
2464
2446
2512
2522
2508
2500
2508
2536
2534
2592
2612
2648
2566
2572
2642
2736
2684
2626
2736
2640
2586
2486
2552
2502
2510
2480
2404
2392
2294
2290
2286
2220
2088
2128
2110
2108
2110
2170
2124
2140
2032
2158
2114
2066
2074
2094
2100
2082
1994
1970
1982
2022
2040
2136
2134
2220
2352
2196
2162
2210
2204
2246
2312
2336
2382
2314
2204
2248
2106
2152
2154
2078
2026
2106
2082
2128
2188
2254
2206
2254
2400
2426
2470
2468
2456
2412
2352
2368
2290
2318
2308
2288
2216
2230
2326
2174
2290
2222
2186
2232
2312
2322
2316
2216
2246
2268
2252
2168
2202
2176
2186
2076
2092
2020
2010
2122
2192
2190
2150
2160
2142
2118
2106
2080
2006
2026
2086
2034
2044
2052
2050
2084
2212
2188
2134
2120
2166
2164
2148
2130
1976
1960
1884
1842
1772
1770
1760
1738
1714
1646
1668
1662
1636
1644
1724
1758
1778
1700
1734
1816
1816
1748
1724
1736
1774
1796
1732
1804
1820
1750
1814
1820
1810
1934
1912
2014
2124
2160
2146
2152
2164
2090
2006
2014
1972
2000
2020
2054
2058
2126
1994
2012
2032
1960
1972
2034
2038
2022
2006
1984
2070
2072
2192
2218
2262
2364
2376
2430
2536
2590
2534
2514
2524
2564
2584
2488
2466
2468
2404
2388
2400
2398
2412
2448
2430
2290
2326
2306
2440
2422
2378
2288
2340
2286
2336
2314
2310
2482
2526
2526
2500
2598
2626
2672
2628
2556
2532
2560
2704
2720
2710
2664
2600
2512
2530
2456
2514
2428
2394
2324
2262
2296
2262
2266
2290
2318
2344
2368
2302
2282
2306
2282
2334
2342
2362
2388
2332
2334
2252
2282
2268
2338
2342
2324
2392
2420
2440
2450
2378
2436
2486
2456
2412
2320
2290
2396
2334
2332
2384
2390
2272
2226
2224
2150
2180
2090
2016
2032
1976
1924
1952
1936
1986
1954
1956
1920
1968
2038
1978
1968
1924
1980
1892
1878
1922
1930
2042
2044
2036
2002
1962
1994
2040
2076
2008
1950
1930
1910
1948
1918
1904
1838
1860
1796
1756
1810
1754
1728
1744
1744
1728
1864
1846
1816
1876
1858
1852
1800
1748
1772
1822
1852
1826
1862
1910
1870
1836
1810
1788
1728
1754
1820
1788
1756
1814
1886
1912
1818
1832
1826
1812
1816
1830
1892
1980
2028
1992
1972
1936
1852
1884
1792
1712
1802
1718
1718
1870
1852
1852
1886
2018
1870
1886
1842
1848
1874
1944
2016
2012
2076
2060
2032
1996
1960
1934
1962
1944
1882
1786
1868
1744
1694
1748
1684
1676
1618
1602
1548
1490
1524
1578
1598
1724
1668
1744
1734
1704
1678
1684
1742
1682
1654
1628
1652
1788
1696
1728
1686
1696
1772
1794
1812
1824
1816
1834
1914
1980
1950
1964
1912
1978
1972
1978
1912
1926
1938
1980
1932
1928
1872
1916
1886
1908
1928
1944
1936
1894
1890
1938
1950
1912
1994
1978
2026
2056
2230
2322
2310
2268
2310
2422
2506
2530
2492
2484
2512
2512
2540
2528
2464
2506
2406
2476
2444
2398
2454
2424
2402
2404
2462
2568
2680
2530
2538
2538
2662
2620
2650
2658
2680
2634
2662
2764
2744
2612
2540
2498
2592
2566
2570
2526
2504
2556
2524
2514
2592
2584
2630
2522
2524
2546
2658
2688
2682
2626
2606
2482
2472
2548
2506
2584
2544
2530
2674
2660
2716
2650
2636
2684
2622
2634
2622
2606
2622
2588
2648
2648
2624
2678
2694
2724
2676
2656
2704
2774
2746
2744
2652
2604
2564
2542
2512
2504
2548
2556
2532
2498
2436
2452
2528
2528
2502
2588
2504
2550
2518
2556
2600
2670
2690
2624
2674
2686
2662
2666
2690
2772
2854
2800
2766
2738
2728
2694
2692
2684
2730
2816
2784
2780
2804
2886
2910
2938
2916
2964
2934
2886
2868
2838
2902
2878
2758
2746
2794
2736
2778
2686
2646
2722
2738
2666
2716
2774
2688
2682
2642
2612
2632
2606
2524
2534
2560
2652
2634
2682
2616
2612
2566
2768
2758
2774
2800
2700
2698
2744
2786
2706
2710
2768
2704
2680
2730
2708
2678
2670
2724
2716
2708
2760
2730
2726
2752
2880
2882
2894
2922
2932
2864
2872
2932
3024
2996
2922
2962
2918
2810
2738
2828
2788
2798
2778
2742
2718
2644
2612
2630
2526
2470
2438
2484
2410
2376
2414
2362
2366
2354
2342
2270
2288
2298
2276
2226
2338
2278
2446
2384
2300
2290
2300
2294
2302
2258
2230
2190
2268
2330
2258
2324
2338
2252
2178
2224
2236
2302
2394
2452
2438
2344
2292
2364
2328
2388
2448
2458
2534
2616
2536
2510
2570
2522
2550
2588
2584
2644
2648
2540
2522
2576
2600
2504
2458
2456
2364
2340
2390
2372
2366
2218
2172
2234
2316
2414
2322
2320
2374
2374
2262
2260
2326
2358
2348
2262
2288
2208
2084
2128
2092
2006
2066
2010
1966
2000
1920
1982
1958
1980
1918
1912
1934
1922
1944
1868
1910
1928
1942
2006
2008
1974
2038
2108
2104
2068
2052
2140
2126
2162
2130
2052
2078
1988
2082
2084
2084
2036
1964
1986
1896
2042
1968
2006
2012
1984
2076
2158
2160
2050
2032
2028
1944
1950
1984
2020
2006
2032
1982
1972
2010
2040
1986
2010
1968
1858
1936
1916
1872
1866
1798
1936
2000
2042
1998
1992
2064
2108
2124
2102
2174
2174
2244
2244
2254
2196
2114
2064
1986
1964
2030
2024
2052
1956
1846
1876
1892
1834
1834
1796
1812
1790
1756
1764
1748
1730
1752
1804
1876
1848
1814
1938
1984
2014
2036
1972
2136
2184
2244
2222
2214
2162
2286
2310
2280
2290
2252
2208
2178
2138
2094
2048
2018
2002
2048
2030
1976
1992
2014
1934
1820
1896
1948
1948
2010
1974
1974
2010
2026
1980
1994
2028
1842
1832
1820
1868
1856
1910
1924
1906
1944
1970
1896
1912
1856
1726
1836
1916
2042
2064
2022
1996
2074
2088
2190
2240
2228
2196
2132
2218
2252
2280
2254
2278
2312
2338
2292
2324
2368
2456
2462
2464
2500
2556
2614
2608
2652
2628
2684
2694
2694
2676
2798
2872
2890
2904
2802
2790
2728
2640
2724
2876
2868
2920
2988
3000
3052
3098
2998
2970
2958
2950
3026
3076
3060
2988
3020
3048
3060
3066
2972
2864
2782
2672
2638
2580
2586
2556
2500
2390
2310
2272
2278
2308
2246
2250
2198
2190
2184
2120
2112
2090
2114
2090
2104
2074
2038
2096
2124
2124
2054
2098
1984
2022
2004
2032
1958
2002
2046
1954
1932
1964
2042
2060
2050
2078
2032
1958
2036
2122
2138
2058
2092
2108
2240
2282
2232
2314
2344
2270
2358
2392
2354
2434
2494
2476
2376
2414
2480
2518
2546
2584
2508
2506
2470
2478
2532
2612
2620
2542
2502
2512
2556
2482
2534
2524
2594
2534
2550
2504
2458
2474
2538
2612
2792
2804
2680
2670
2672
2674
2694
2742
2718
2740
2718
2738
2780
2692
2652
2638
2572
2572
2568
2548
2562
2628
2624
2680
2822
2792
2692
2780
2906
2868
2850
2808
2846
2824
2826
2826
2846
2838
2842
2854
2814
2838
2768
2774
2856
2854
2794
2920
2854
2922
3024
3086
3082
2994
2994
3036
3058
3012
3048
2988
2916
2878
2948
2944
2998
3012
3026
3076
3200
3172
3154
3158
3230
3302
3192
3170
3132
3030
3058
3034
3012
3014
3060
3018
3034
3030
2978
2886
2842
2818
2816
2776
2840
2776
2904
2924
2956
2944
2968
2976
3044
3078
3084
3032
3082
3094
3152
3108
3136
3136
3122
3150
3134
3044
3002
3016
3010
2982
3078
3014
2930
2904
2838
2826
2834
2814
2818
2916
2962
2918
2884
2920
2864
2970
2972
2942
2944
2942
3016
2946
2934
2916
2788
2806
2810
2838
2774
2758
2862
2786
2794
2728
2742
2808
2866
2862
2868
2850
2878
2922
3024
2986
2910
2852
2896
2866
2792
2760
2820
2848
2876
2874
2938
2914
2816
2744
2748
2730
2744
2722
2778
2778
2724
2650
2520
2448
2540
2518
2434
2372
2434
2318
2256
2328
2234
