542
568
528
568
570
598
648
694
672
690
702
682
692
654
658
674
734
696
716
730
738
752
706
714
648
704
706
686
690
664
558
568
570
596
628
606
624
664
654
692
696
724
676
714
696
716
724
716
764
756
728
734
774
756
758
760
798
770
762
794
816
866
870
868
868
880
910
900
910
906
924
892
880
904
908
892
864
870
858
848
856
804
812
852
846
862
914
922
906
886
908
906
916
904
888
900
902
838
854
888
930
912
882
872
886
848
872
822
840
830
866
836
796
802
816
812
814
790
790
778
820
848
854
832
804
826
858
876
870
846
852
828
834
846
854
874
870
844
828
870
872
840
838
820
850
850
854
820
854
850
872
854
858
870
860
900
872
858
846
848
860
866
818
836
886
870
902
892
872
880
894
898
904
900
874
858
852
912
882
840
846
854
880
910
900
888
880
846
838
888
874
880
852
816
792
762
764
752
782
804
790
806
800
784
770
786
790
794
822
860
872
906
932
910
928
920
896
928
924
920
906
904
924
914
888
882
864
850
836
858
856
870
872
882
896
894
854
862
860
860
872
862
808
768
758
796
812
824
804
810
782
762
770
804
810
806
802
812
816
816
810
826
802
832
818
808
834
844
868
870
852
832
804
784
874
880
848
866
818
848
860
858
844
862
830
792
802
762
774
838
848
854
846
818
834
870
846
838
816
808
838
826
808
804
802
800
800
766
804
810
862
836
872
856
858
846
882
850
828
824
790
794
794
776
818
846
842
824
850
850
896
882
820
832
816
832
882
880
896
878
864
854
874
916
912
912
906
902
888
870
874
892
846
828
862
878
848
860
866
822
856
866
858
840
846
854
868
850
846
832
850
846
830
798
806
758
782
784
778
766
780
796
804
842
846
860
842
848
856
870
882
860
886
862
846
884
888
894
900
874
896
938
942
898
896
882
902
876
906
890
868
868
868
876
912
894
848
856
912
898
900
876
870
832
874
848
856
858
856
870
896
872
870
916
922
916
890
844
806
808
756
766
766
702
646
624
652
634
688
672
718
712
706
748
772
776
740
748
794
806
744
758
754
780
830
828
848
850
840
848
878
880
838
858
840
836
842
862
818
836
846
844
862
876
882
868
860
794
800
808
780
804
774
774
794
784
730
730
722
686
734
684
700
710
690
702
736
700
744
722
710
712
716
736
744
778
788
798
820
808
752
762
784
776
794
802
756
802
820
816
834
816
812
768
772
790
776
792
788
770
782
782
790
774
784
776
790
852
858
852
848
810
826
816
814
810
834
764
724
748
752
794
824
844
830
832
826
836
886
868
842
836
848
832
804
762
810
806
804
822
826
810
790
814
842
818
776
764
790
800
786
776
804
766
802
798
784
790
796
782
766
780
786
782
784
804
806
814
802
818
818
820
814
826
812
836
812
830
828
826
822
812
810
812
828
834
856
852
846
816
816
818
806
798
776
802
764
768
768
794
826
808
790
816
808
856
832
838
846
856
832
830
828
836
824
820
794
788
812
832
832
840
856
850
852
836
842
812
812
792
746
746
728
752
770
792
826
798
782
804
770
832
822
774
792
786
708
696
728
744
712
756
782
780
804
776
798
828
836
824
832
836
810
796
788
812
812
850
848
834
792
758
724
762
784
802
816
808
814
810
776
808
828
844
832
808
822
812
830
846
804
808
820
802
818
810
786
798
824
798
836
844
876
864
864
840
820
846
852
858
828
834
902
898
888
866
842
842
844
824
808
802
836
866
860
834
842
846
852
832
842
850
850
850
866
838
866
880
894
854
848
888
840
836
830
872
884
880
856
870
880
882
864
860
892
898
892
892
882
838
836
854
886
874
868
900
910
936
916
902
900
916
920
894
898
892
868
892
880
864
872
872
908
882
870
878
862
898
884
914
938
924
924
914
922
898
864
892
896
892
908
906
884
888
842
846
846
820
822
784
758
714
748
766
816
810
810
780
778
776
770
750
758
764
784
782
784
718
674
690
736
744
732
714
742
744
730
732
704
688
652
640
620
668
668
640
610
582
530
504
490
474
498
476
480
520
532
520
514
532
468
500
462
494
474
502
520
466
498
548
564
536
524
502
538
568
580
578
596
626
614
586
566
586
572
592
646
628
626
588
588
604
644
608
590
628
616
598
592
632
638
632
634
672
704
766
786
746
762
812
812
814
790
784
794
822
830
832
838
862
844
838
776
820
822
768
792
788
784
788
816
800
784
820
842
864
866
882
876
902
850
844
826
792
794
814
828
798
764
820
774
828
786
782
810
812
778
746
788
786
780
776
788
808
822
848
856
842
832
814
772
760
746
812
810
784
812
838
876
820
810
836
810
844
864
854
804
786
846
858
848
878
892
894
876
846
812
800
782
776
782
782
812
788
796
812
828
826
814
816
812
818
822
832
814
840
818
808
830
804
814
812
814
838
862
870
872
864
856
842
870
894
884
880
892
888
924
918
920
904
872
862
858
846
850
832
842
838
826
852
862
900
870
842
846
854
860
838
842
880
882
868
844
870
844
794
816
824
822
842
800
794
798
840
856
834
854
812
792
786
824
854
852
834
804
786
802
810
810
818
834
830
796
800
840
836
830
802
748
794
766
792
826
832
796
758
792
708
662
716
828
832
818
792
830
822
818
808
868
860
830
846
862
902
888
918
948
904
908
914
892
896
906
892
912
916
936
922
884
890
900
874
884
902
894
898
900
884
846
826
824
850
834
824
852
850
858
858
872
870
880
852
860
832
862
822
868
824
816
784
822
850
794
800
806
816
788
820
846
814
824
804
824
842
830
846
844
808
814
776
734
722
756
812
748
776
792
790
804
814
804
804
788
796
782
796
850
810
792
744
758
816
810
810
856
856
858
868
882
894
888
854
856
842
830
882
862
846
844
870
830
844
848
854
852
858
832
888
866
872
886
902
854
876
862
856
850
804
772
788
794
786
780
806
836
810
818
802
802
792
828
824
814
790
786
724
754
744
762
764
730
756
748
756
756
752
784
770
772
724
704
738
764
772
756
794
792
742
704
750
728
702
686
688
730
708
728
770
754
728
758
762
790
836
844
830
802
756
726
714
728
788
802
816
814
826
770
774
758
736
714
722
726
734
746
718
674
654
720
668
694
740
762
786
776
818
820
822
798
764
792
802
790
796
784
774
788
792
802
792
790
848
810
850
862
866
854
848
870
888
856
844
880
864
842
866
846
856
824
818
834
880
880
878
872
872
864
886
902
878
862
884
868
872
834
850
862
834
862
844
862
878
886
870
834
860
894
884
842
838
812
824
822
814
826
824
804
772
810
840
842
852
802
828
802
796
772
748
774
736
706
676
690
686
696
700
708
650
620
666
660
658
654
656
682
672
628
644
622
630
640
702
682
646
646
618
674
664
596
548
584
594
642
636
618
616
624
640
636
616
644
638
634
660
676
680
684
704
710
716
754
776
764
796
792
806
798
792
800
782
798
790
806
794
812
828
852
842
844
826
816
824
802
788
802
782
828
836
810
792
834
860
846
852
842
840
828
840
840
778
796
838
876
882
864
892
862
898
890
878
904
896
854
814
824
848
842
856
816
798
796
818
830
842
832
832
854
864
864
866
846
860
828
834
836
796
820
782
736
724
714
740
786
790
810
814
764
732
734
714
688
700
676
616
688
688
696
704
738
748
762
686
664
626
674
704
690
680
692
670
668
694
690
700
692
592
584
598
598
618
634
656
678
662
620
600
644
658
636
646
662
668
666
638
676
682
648
724
704
698
710
764
776
756
736
770
752
724
760
776
770
810
808
856
802
850
854
878
858
810
816
778
798
846
818
800
780
822
808
850
850
844
854
858
878
842
826
812
824
828
832
830
852
854
832
884
896
876
852
874
872
872
864
808
848
854
862
892
880
854
874
892
894
894
892
844
844
860
854
854
852
868
842
868
864
842
840
850
848
892
888
900
896
902
892
888
886
866
886
904
918
900
898
850
858
854
812
780
786
756
756
768
762
760
752
728
716
732
746
772
768
762
770
782
740
740
736
778
796
792
786
780
810
856
876
840
850
884
900
878
866
900
894
910
886
884
864
868
886
840
834
860
858
850
828
844
852
816
822
788
752
728
714
708
680
690
686
718
698
680
670
620
632
638
676
728
720
756
756
796
808
762
712
732
724
680
708
720
672
698
662
702
744
766
750
682
698
662
672
734
720
736
742
752
716
726
772
760
780
782
760
780
798
820
812
826
830
816
838
856
866
832
824
792
812
838
828
846
834
824
852
850
822
794
792
840
836
818
824
796
806
810
790
782
806
810
818
758
748
750
736
762
746
750
786
820
864
824
834
808
784
768
768
752
762
754
798
790
784
822
856
878
876
902
890
838
796
814
800
764
802
822
816
828
838
844
830
822
834
828
848
872
860
870
830
792
746
752
688
670
698
692
724
726
710
772
772
758
754
760
758
776
788
818
798
790
798
772
796
794
810
834
830
850
892
842
836
854
886
872
864
888
920
866
854
860
822
792
768
760
738
770
804
848
812
818
830
866
826
822
834
838
790
786
782
818
798
832
826
846
