254
236
176
82
132
26
30
52
68
2
34
198
216
182
258
136
224
138
26
120
24
52
38
174
170
146
86
94
120
92
220
92
46
76
6
70
86
128
138
136
164
372
430
364
278
248
156
156
60
62
196
104
90
210
302
202
92
210
94
220
56
46
28
50
32
120
188
278
300
78
60
76
118
208
248
352
222
168
276
262
294
88
232
260
198
50
16
72
96
52
188
228
96
274
262
106
74
10
8
38
178
148
172
150
136
194
452
434
638
742
836
748
810
920
918
854
876
896
950
1272
1338
1486
1452
1284
1382
1380
1408
1394
1364
1410
1346
1340
1468
1360
1408
1226
1326
1230
1040
1118
1192
1250
1244
1322
1236
1392
1252
1142
1394
1308
1186
1136
1256
1210
1274
1344
1226
1278
1332
1276
1438
1474
1722
1758
1808
1702
1734
1634
1656
1718
1776
1780
1778
1850
1852
1800
1820
1828
1668
1794
1692
1590
1550
1380
1306
1206
1044
998
920
796
908
1028
1092
1048
1056
984
836
860
874
988
1016
936
912
920
924
798
652
356
326
330
474
470
364
300
194
116
152
80
22
20
44
8
58
44
14
82
54
136
112
228
188
20
188
280
276
254
356
452
460
502
428
440
484
358
336
432
292
356
190
358
316
248
218
342
282
254
154
164
252
62
30
32
50
194
180
292
368
432
446
424
384
458
544
428
284
124
136
314
232
216
200
134
4
160
92
46
80
56
80
36
116
126
20
152
192
38
88
28
20
10
184
198
384
396
606
686
678
660
742
624
578
536
536
626
450
502
426
334
288
226
230
140
202
344
392
406
110
120
126
156
142
196
312
492
670
722
762
634
582
752
982
772
842
964
1006
986
1034
786
874
766
664
584
788
542
630
654
344
370
576
484
398
372
260
188
136
238
270
324
312
262
402
396
492
374
242
470
350
326
496
682
742
820
862
884
546
644
526
588
700
576
460
702
620
408
310
180
144
316
226
302
122
232
66
50
308
480
714
722
990
1124
1170
1132
1164
1110
1088
1248
1290
1168
1192
1156
1274
1260
1284
1252
1252
1232
928
1014
1044
1056
1152
1072
1118
1088
962
934
772
688
690
634
550
594
510
434
586
794
856
1178
1148
1226
1172
1128
944
766
766
1092
942
1002
892
628
668
694
596
646
586
516
674
814
756
874
724
642
658
864
780
842
850
890
1022
974
1082
952
992
1032
918
912
908
818
746
900
868
1044
942
942
832
856
792
740
716
768
578
642
586
540
714
646
496
520
450
454
268
214
190
66
126
18
88
78
72
46
64
14
56
12
46
154
54
20
2
10
200
192
80
44
10
140
80
24
110
12
16
22
70
162
274
320
290
496
582
474
378
312
366
394
254
250
182
168
160
92
26
6
118
166
14
8
80
98
62
58
90
118
14
26
50
134
202
280
274
20
204
302
128
210
180
92
298
336
310
306
492
482
522
386
488
546
470
600
468
454
304
256
264
368
522
522
582
588
452
474
580
688
740
910
972
1134
1112
1118
1208
1198
1102
1126
1016
1086
1082
1088
1024
1010
856
756
594
622
640
582
510
670
852
764
744
782
766
598
474
486
614
754
704
540
590
588
594
574
588
576
374
302
392
584
462
634
610
706
720
738
672
778
680
822
898
724
676
660
806
976
938
992
974
824
928
844
666
780
866
932
1116
1220
1294
986
982
1002
900
1086
964
972
1162
1122
1072
1186
1258
1256
1150
982
1004
970
1152
1040
1050
1202
1144
1214
1162
1284
1404
1446
1300
1280
1276
1128
1164
1188
1362
1446
1436
1612
1660
1698
1688
1678
1680
1610
1598
1636
1590
1682
1572
1724
1792
1798
1744
1788
1718
1714
1730
1808
1840
1874
1986
1870
1828
1832
1620
1806
1972
2176
2144
2074
2004
2160
2264
2212
2028
2022
2044
2066
2144
2272
2292
2108
2112
2274
2312
2202
2328
2218
2240
2414
2332
2500
2534
2656
2660
2686
2810
2682
2662
2616
2606
2574
2552
2112
2038
1896
1800
1520
1444
1502
1550
1544
1286
1290
1168
1198
1198
1090
978
968
792
952
870
892
840
852
802
938
952
844
832
720
616
490
558
430
442
554
618
468
456
436
484
440
432
540
750
698
630
600
522
426
382
332
376
424
394
366
464
466
364
306
38
44
178
40
26
88
42
22
24
6
38
4
114
140
252
164
142
126
148
66
70
298
326
98
64
24
132
126
86
110
90
144
66
56
76
232
158
114
12
124
2
24
4
48
40
48
42
186
256
444
658
734
604
704
548
500
572
432
636
716
408
568
484
446
458
360
228
72
8
40
122
52
102
82
62
2
182
182
246
160
82
72
212
274
124
98
154
244
236
182
332
292
406
388
292
330
384
388
516
534
380
326
256
160
14
192
198
194
316
152
80
144
260
246
204
56
20
2
190
68
100
292
434
266
196
158
250
176
62
180
108
146
34
0
70
42
68
46
22
60
124
48
46
26
120
196
132
140
56
38
78
34
28
116
66
42
0
170
80
96
172
10
66
122
74
154
112
28
102
270
116
90
180
308
406
558
686
728
762
798
692
690
684
646
630
436
246
316
278
192
320
382
262
288
440
612
564
524
562
778
658
650
588
552
488
530
592
446
544
668
686
712
786
772
942
954
992
886
1026
1098
1066
958
932
928
1024
946
904
994
1190
1084
1038
1058
874
954
960
1082
1168
1004
840
708
656
720
626
520
632
724
868
988
928
1128
1110
1158
980
900
840
898
878
996
1078
1022
1080
1156
1216
1422
1338
1360
1292
1206
1170
1194
1052
1082
1010
1002
1228
1210
1268
1436
1502
1702
1818
1832
1938
2000
2002
2062
2038
2040
2028
1960
1988
1920
1842
1880
1944
1990
2212
2298
2382
2278
2398
2308
2324
2096
2192
2200
2358
2462
2520
2594
2444
2262
2204
2266
2246
2352
2252
2298
2388
2434
2548
2356
2418
2460
2374
2314
2422
2416
2344
2584
2662
2702
2642
2806
2926
2996
2852
2792
2604
2730
2720
2636
2368
2522
2752
2634
2656
2572
2630
2798
2854
2966
3014
2964
2880
2794
2686
2500
2568
2540
2512
2620
2480
2616
2608
2450
2588
2534
2340
2136
2062
2064
2012
2094
2192
2110
1884
1858
1814
1702
1822
1756
1772
1714
1792
1678
1672
1624
1678
1622
1476
1358
1430
1386
1456
1390
1508
1540
1542
1516
1394
1200
1134
982
916
1004
1026
1062
1062
1048
992
950
886
1090
1084
878
784
940
794
718
774
884
804
782
768
934
922
726
612
628
452
486
674
698
578
654
806
730
768
534
536
502
490
276
296
246
32
32
128
6
126
4
98
102
138
112
162
170
76
166
38
160
92
104
112
22
16
190
296
306
88
88
12
42
54
74
276
280
112
120
4
176
222
176
190
302
208
396
566
682
472
498
592
616
588
590
674
690
678
698
508
410
348
186
256
314
314
614
662
670
652
636
654
580
436
368
488
502
464
454
496
532
614
492
516
310
272
216
460
258
316
294
374
664
720
524
694
514
298
320
412
408
422
468
594
556
608
680
762
860
840
660
692
510
434
252
148
280
298
384
450
494
552
502
308
280
234
246
266
330
502
630
656
546
596
656
602
516
436
406
590
702
606
612
484
514
718
696
508
474
516
614
648
650
704
532
540
362
458
430
488
538
468
366
590
656
700
566
534
564
604
678
564
546
536
410
394
276
306
322
418
178
4
234
100
42
4
184
174
18
90
272
50
182
286
290
374
378
526
366
366
352
274
422
378
366
454
610
572
662
432
520
520
564
606
550
556
674
764
900
988
980
1028
1012
1166
1180
1116
1078
1086
1026
990
1010
908
1054
1018
1100
982
1212
1224
1286
1416
1368
1348
1414
1422
1448
1320
1324
1304
1198
1238
1164
1092
1006
1180
1140
1002
1252
1082
1054
1190
1260
1322
1260
1288
1230
1140
1050
1042
1062
906
852
892
996
950
1056
1282
1258
1310
1444
1484
1578
1374
1572
1610
1482
1294
1326
1336
1210
1298
1358
1266
1326
1130
1096
1172
1206
1224
1226
1254
1192
1078
1030
1008
1282
1302
1218
1336
1338
1530
1432
1302
1122
1256
1280
1430
1428
1500
1544
1622
1570
1540
1354
1294
1208
1288
1236
1258
1136
1150
1108
1136
1048
1056
856
696
644
662
414
510
568
534
686
558
474
558
448
652
746
646
450
316
398
246
60
66
110
228
276
268
266
60
196
148
214
148
284
476
586
448
334
582
564
506
460
408
464
532
696
618
590
640
814
818
788
762
640
736
726
710
542
606
534
558
524
606
630
748
756
620
662
922
884
828
690
576
574
698
684
570
506
426
486
612
564
724
730
832
524
636
632
642
840
956
1092
1194
1176
1178
1084
1100
940
960
1044
1190
1220
1380
1440
1324
1210
1246
1288
1400
1384
1310
1220
1116
1054
924
1152
1234
1076
944
994
1032
912
810
798
924
830
720
564
518
644
476
268
66
98
264
292
474
476
454
452
560
522
322
338
330
182
74
18
132
130
138
10
44
110
78
84
76
216
312
268
382
376
536
630
688
772
788
846
758
686
634
598
614
602
452
376
286
296
316
288
332
180
194
262
450
396
404
394
344
354
458
696
598
750
788
836
734
760
676
620
588
452
462
370
206
210
292
216
276
214
70
122
182
242
272
558
746
784
836
694
430
350
244
258
72
64
104
50
94
48
132
80
122
120
104
18
144
58
48
108
150
64
62
52
258
324
260
344
328
250
262
272
218
158
154
128
66
330
304
220
162
10
20
54
6
166
266
214
418
628
480
250
388
476
352
298
272
376
510
406
412
302
366
362
390
522
408
268
392
404
584
552
422
550
444
440
584
552
654
706
806
670
694
896
1012
1058
848
1028
900
924
1024
970
816
1034
1036
1114
1198
1128
1224
1274
1334
1368
1364
1222
1218
1254
1282
1258
1366
1238
1116
1182
1134
1286
1180
1026
1030
1044
1188
1184
1150
1206
1028
1114
882
1000
1224
1074
1208
1286
1372
1454
1442
1272
1362
1198
1244
1308
1334
1516
1506
1516
1544
1426
1542
1476
1362
1314
1368
1398
1256
1278
1308
1524
1468
1524
1374
1222
