3550
3538
3590
3568
3576
3610
3638
3668
3654
3744
3712
3700
3728
3754
3738
3738
3660
3586
3642
3664
3678
3672
3634
3644
3638
3678
3564
3596
3536
3548
3566
3504
3434
3372
3424
3404
3418
3466
3430
3476
3500
3468
3462
3446
3440
3450
3454
3502
3480
3450
3420
3438
3370
3320
3416
3466
3382
3410
3352
3380
3416
3400
3466
3532
3512
3534
3578
3584
3610
3616
3586
3522
3514
3540
3552
3546
3544
3522
3520
3526
3454
3450
3492
3552
3550
3448
3470
3518
3456
3502
3498
3480
3450
3438
3446
3414
3410
3398
3394
3352
3348
3366
3372
3384
3350
3352
3412
3462
3456
3498
3554
3504
3524
3562
3540
3538
3536
3472
3440
3460
3512
3484
3462
3452
3452
3488
3536
3542
3544
3528
3544
3544
3572
3560
3472
3496
3486
3460
3464
3446
3362
3382
3402
3484
3414
3410
3482
3492
3552
3520
3628
3576
3560
3556
3576
3516
3578
3518
3516
3446
3478
3498
3480
3502
3452
3468
3456
3476
3528
3524
3528
3528
3488
3440
3360
3424
3414
3396
3362
3278
3332
3350
3386
3456
3462
3478
3502
3500
3512
3486
3508
3548
3570
3608
3558
3530
3586
3578
3590
3590
3630
3562
3574
3590
3610
3604
3556
3570
3616
3584
3628
3642
3650
3680
3656
3696
3690
3652
3588
3560
3642
3568
3624
3610
3668
3664
3678
3690
3704
3710
3656
3682
3598
3644
3648
3598
3582
3602
3642
3642
3596
3570
3568
3532
3596
3600
3626
3668
3590
3606
3578
3654
3622
3612
3514
3528
3546
3632
3616
3628
3644
3650
3642
3618
3628
3584
3622
3586
3546
3506
3534
3564
3628
3626
3606
3652
3584
3526
3516
3480
3460
3494
3474
3396
3420
3434
3454
3484
3512
3556
3596
3568
3616
3566
3498
3428
3452
3442
3492
3458
3494
3468
3452
3446
3502
3464
3436
3376
3342
3376
3414
3430
3466
3558
3514
3574
3514
3506
3510
3486
3474
3554
3582
3570
3552
3544
3514
3502
3544
3522
3524
3554
3564
3564
3558
3590
3624
3594
3584
3590
3630
3566
3586
3586
3590
3616
3622
3614
3592
3598
3618
3530
3582
3528
3520
3492
3460
3468
3516
3510
3532
3494
3492
3576
3584
3584
3598
3676
3674
3636
3678
3604
3546
3550
3592
3526
3560
3590
3572
3532
3470
3540
3582
3598
3580
3592
3552
3576
3586
3614
3586
3530
3538
3562
3574
3606
3658
3632
3596
3620
3668
3648
3680
3632
3656
3722
3644
3612
3622
3630
3612
3598
3626
3592
3634
3582
3608
3600
3674
3668
3674
3648
3664
3622
3616
3530
3522
3534
3580
3550
3592
3566
3616
3642
3610
3654
3594
3674
3682
3568
3538
3490
3506
3538
3588
3518
3518
3510
3488
3466
3504
3480
3498
3610
3592
3492
3562
3534
3590
3560
3604
3552
3568
3522
3506
3508
3568
3542
3626
3602
3644
3666
3608
3596
3552
3598
3632
3634
3652
3576
3578
3604
3660
3686
3640
3624
3556
3592
3514
3512
3586
3554
3534
3598
3578
3550
3614
3634
3684
3720
3684
3652
3630
3672
3654
3562
3568
3586
3606
3594
3552
3628
3592
3680
3670
3666
3650
3640
3624
3632
3660
3612
3612
3580
3604
3552
3572
3584
3586
3568
3630
3602
3564
3592
3520
3532
3492
3566
3602
3596
3594
3564
3602
3610
3600
3620
3598
3632
3628
3634
3656
3632
3620
3640
3552
3530
3514
3466
3486
3544
3556
3552
3516
3556
3562
3572
3538
3574
3514
3550
3556
3516
3512
3482
3508
3564
3500
3526
3562
3552
3546
3490
3510
3554
3576
3524
3550
3560
3562
3570
3578
3530
3526
3524
3486
3492
3530
3510
3516
3502
3526
3544
3516
3516
3482
3480
3470
3498
3504
3470
3484
3508
3538
3542
3502
3484
3418
3464
3476
3450
3480
3482
3416
3406
3366
3464
3516
3510
3554
3560
3500
3456
3428
3454
3448
3428
3458
3456
3522
3528
3570
3554
3560
3600
3572
3604
3600
3680
3656
3624
3644
3642
3598
3582
3624
3648
3608
3618
3634
3564
3520
3542
3522
3518
3516
3578
3576
3600
3524
3546
3574
3562
3526
3564
3552
3602
3576
3630
3626
3614
3634
3606
3644
3696
3660
3634
3654
3612
3588
3556
3530
3502
3470
3384
3404
3396
3406
3336
3424
3460
3480
3486
3466
3464
3432
3368
3338
3340
3370
3320
3402
3422
3470
3434
3484
3520
3542
3562
3562
3556
3562
3510
3540
3566
3504
3536
3556
3540
3538
3500
3520
3552
3562
3552
3578
3534
3510
3584
3556
3582
3574
3522
3512
3574
3522
3542
3498
3514
3568
3526
3510
3548
3490
3544
3474
3382
3410
3352
3404
3408
3406
3400
3438
3422
3452
3466
3508
3490
3460
3450
3446
3408
3472
3458
3470
3488
3556
3534
3518
3578
3508
3528
3552
3638
3636
3682
3632
3644
3652
3600
3622
3614
3606
3600
3616
3610
3594
3540
3486
3512
3446
3554
3622
3578
3538
3504
3496
3538
3532
3486
3454
3420
3506
3578
3592
3564
3568
3544
3614
3606
3616
3624
3632
3568
3596
3570
3522
3606
3504
3504
3546
3556
3572
3626
3592
3554
3510
3450
3448
3446
3432
3564
3502
3452
3448
3448
3450
3510
3448
3480
3500
3524
3522
3574
3576
3622
3604
3622
3628
3628
3608
3628
3664
3672
3668
3624
3564
3544
3568
3546
3546
3552
3554
3540
3486
3446
3444
3506
3510
3530
3464
3564
3604
3582
3582
3568
3606
3600
3610
3544
3546
3558
3536
3446
3464
3520
3554
3552
3610
3614
3564
3526
3616
3624
3632
3658
3624
3652
3614
3612
3620
3600
3542
3584
3588
3612
3606
3552
3562
3570
3564
3520
3574
3574
3620
3584
3510
3514
3502
3554
3608
3666
3598
3568
3552
3618
3618
3566
3596
3572
3572
3584
3580
3598
3598
3626
3626
3654
3642
3620
3596
3580
3610
3608
3624
3590
3580
3576
3576
3534
3516
3546
3476
3378
3406
3470
3410
3434
3446
3424
3374
3422
3372
3436
3476
3506
3512
3534
3514
3496
3484
3462
3464
3550
3502
3460
3564
3532
3548
3540
3480
3540
3562
3610
3598
3600
3594
3590
3584
3578
3568
3586
3574
3602
3586
3566
3552
3530
3486
3556
3536
3556
3554
3570
3510
3486
3364
3386
3418
3434
3458
3428
3402
3462
3424
3410
3414
3440
3446
3474
3452
3470
3424
3458
3472
3456
3398
3414
3418
3492
3518
3494
3522
3542
3564
3550
3544
3570
3538
3608
3664
3666
3626
3582
3574
3582
3600
3600
3620
3612
3654
3640
3628
3584
3568
3588
3518
3550
3596
3502
3572
3530
3516
3550
3526
3540
3478
3484
3488
3490
3466
3480
3516
3534
3520
3566
3584
3588
3578
3568
3588
3636
3594
3574
3500
3518
3506
3504
3534
3478
3484
3470
3482
3574
3598
3668
3604
3666
3630
3652
3638
3650
3620
3582
3602
3584
3550
3540
3524
3534
3530
3570
3640
3668
3664
3666
3614
3612
3598
3616
3634
3644
3644
3592
3610
3556
3608
3586
3638
3628
3510
3488
3482
3524
3492
3454
3566
3584
3568
3490
3480
3552
3518
3456
3496
3538
3518
3530
3506
3544
3494
3458
3420
3472
3478
3440
3454
3478
3434
3418
3462
3484
3438
3434
3394
3406
3504
3510
3438
3452
3458
3500
3510
3502
3548
3554
3564
3548
3528
3600
3662
3630
3588
3562
3572
3554
3574
3526
3530
3520
3470
3442
3452
3518
3522
3504
3444
3458
3468
3530
3560
3640
3604
3588
3642
3618
3674
3638
3652
3620
3642
3636
3652
3672
3658
3616
3668
3654
3600
3534
3526
3552
3560
3548
3590
3548
3560
3570
3628
3582
3594
3590
3584
3590
3512
3514
3530
3486
3450
3434
3454
3474
3528
3462
3470
3472
3496
3546
3514
3544
3516
3534
3558
3572
3590
3624
3642
3630
3576
3538
3562
3558
3592
3556
3574
3544
3510
3518
3606
3538
3564
3580
3590
3574
3518
3518
3460
3466
3450
3520
3532
3540
3488
3468
3402
3452
3484
3472
3470
3468
3540
3562
3528
3480
3488
3474
3426
3372
3380
3398
3462
3494
3514
3550
3538
3586
3512
3510
3500
3508
3534
3522
3476
3534
3466
3480
3504
3496
3502
3466
3508
3572
3538
3582
3630
3608
3634
3654
3674
3676
3644
3630
3554
3614
3602
3598
3588
3592
3576
3558
3550
3468
3484
3520
3548
3568
3560
3558
3580
3608
3598
3564
3600
3648
3644
3536
3598
3572
3574
3598
3552
3556
3558
3504
3546
3486
3496
3478
3478
3434
3428
3396
3322
3278
3320
3344
3380
3368
3338
3376
3414
3486
3430
3446
3510
3486
3462
3512
3490
3466
3470
3492
3436
3414
3448
3486
3472
3448
3416
3392
3376
3460
3438
3372
3418
3400
3448
3400
3438
3438
3482
3486
3510
3494
3412
3330
3358
3388
3424
3368
3420
3440
3428
3506
3608
3622
3606
3578
3596
3620
3622
3604
3580
3570
3554
3512
3422
3460
3444
3444
3442
3434
3380
3494
3414
3524
3544
3524
3520
3562
3550
3542
3610
3648
3672
3636
3632
3572
3532
3552
3612
3578
3604
3614
3626
3664
3624
3616
3632
3650
3580
3590
3626
3580
3600
3524
3526
3516
3530
3542
3620
3630
3568
3596
3588
3682
3726
3730
3690
3680
3630
3658
3634
3600
3582
3564
3540
3526
3494
3496
3500
3508
3466
3530
3580
3582
3546
3476
3556
3604
3648
3622
3650
3666
3626
3610
3622
3636
3668
3652
3694
3720
3666
3720
3678
3736
3646
3630
3590
3598
3520
3490
3376
3364
3400
3448
3512
3584
3568
3562
3600
3544
3552
3488
3448
3488
3500
3534
3534
3516
3544
3542
3550
3514
3486
3414
3424
3440
3436
3470
3476
3542
3516
3474
3498
3500
3482
3436
3446
3476
3484
3474
3436
3458
3446
3412
3410
3462
3480
3506
3464
3460
3436
3498
3490
3500
3562
3512
3464
3452
3370
3436
3426
3448
3490
3446
3484
3508
3466
3494
3396
3418
3454
3466
3504
3494
3472
3498
3532
3484
3430
3442
3440
3440
3478
3508
3512
3488
3474
3500
3582
3616
3552
3570
3576
3560
3554
3532
3538
3556
3558
3536
3468
3516
3474
3464
3450
3460
3500
3410
3406
3468
3532
3516
3526
3582
3528
3504
3480
3542
3582
3586
3488
3494
3506
3540
3534
3562
3574
3602
3638
3600
3552
3636
3614
3608
3676
3618
3606
3654
3684
3702
3688
3688
3726
3746
3706
3698
3678
3632
3686
3596
3606
3620
3558
3574
3554
3554
3632
3614
3592
3620
3614
3512
3538
3510
3476
3434
3412
3450
3368
3414
3412
3386
3450
3456
3404
3412
3418
3476
3444
3456
3490
3538
3412
3388
3418
3438
3450
3510
3548
3578
3568
3586
3604
3632
3630
3656
3638
3608
3608
3584
3516
3508
3572
3630
3686
3636
3608
3632
3652
3710
3688
3644
3644
3638
3684
3674
3630
3620
3530
3536
3542
3592
3574
3552
3562
3572
3574
3600
3568
3552
3590
3552
3512
3500
3522
3556
3626
3652
3620
3662
3610
3576
3534
3500
3530
3528
3542
3580
3568
3610
3618
3598
3636
3648
3694
3714
3670
3628
3614
3584
3552
3608
3612
3638
3622
3660
3696
3694
3646
3602
3614
3546
3554
3566
3588
3558
3498
3546
3538
3482
3480
3552
3480
3518
3536
3540
3526
3502
3572
3584
3550
3426
3520
3486
3506
3530
3496
3492
3548
3528
3582
3578
3612
3622
3638
3638
3544
3632
3614
3602
3632
3628
3604
3580
3588
3670
3576
3552
3620
3588
3670
3670
3676
3622
3552
3544
3480
3492
3520
3566
3552
3512
3546
3522
3568
3566
3570
3590
3544
3490
3534
3584
3572
3598
3542
3568
3616
3642
3630
3558
3576
3568
3614
3682
3704
3656
3676
3650
3618
3634
3674
3654
3692
3626
3610
3688
3652
3662
3628
3602
3586
3612
3578
3620
3554
3554
3502
3462
3392
3412
3488
3434
3440
3428
3514
3492
3508
3584
3602
3644
3632
3626
3668
3578
3670
3628
3640
3644
3588
3540
3620
3580
3618
3606
3568
3532
3608
3640
3612
3578
3564
3486
3538
3564
3568
3578
3530
3428
3494
3524
3498
3496
3484
3496
3472
3440
3432
3458
3488
3438
3452
3424
3454
3462
3406
3420
3448
3476
3416
3382
3502
3466
3538
3536
3468
3530
3504
3526
3572
3574
3528
3536
3480
3506
3486
3448
3424
3452
