1210
1152
1136
1098
1124
1188
1190
1194
1220
1254
1302
1308
1314
1270
1330
1372
1268
1234
1258
1304
1280
1202
1240
1244
1272
1244
1280
1316
1314
1284
1332
1324
1328
1298
1234
1308
1260
1226
1196
1350
1410
1560
1646
1642
1736
1638
1532
1462
1390
1434
1404
1322
1274
1244
1358
1298
1236
1230
1198
1224
1134
1084
1112
1064
1004
894
860
702
736
630
716
684
680
690
688
572
552
464
542
560
404
514
616
602
598
586
566
470
510
628
652
646
642
712
716
584
556
612
594
554
606
550
568
620
600
644
544
568
502
478
546
576
532
546
524
486
428
376
418
434
484
402
340
334
302
280
260
370
396
518
518
452
508
630
612
414
350
340
270
296
192
158
250
140
242
222
238
280
190
200
136
36
44
2
90
116
128
230
246
208
332
340
376
428
464
472
474
492
516
570
570
658
660
702
716
742
726
604
608
580
578
548
542
480
458
472
454
484
558
578
558
646
678
792
784
750
850
918
892
924
990
936
926
888
888
796
822
848
778
704
632
586
570
524
550
552
542
544
552
412
466
472
424
372
360
348
344
290
296
210
124
164
102
140
68
96
56
28
52
74
122
138
210
188
302
344
360
266
224
322
228
312
396
254
218
252
226
194
278
130
24
8
78
68
74
54
102
62
84
144
136
90
134
234
252
288
250
144
224
234
248
276
244
222
72
38
80
192
202
254
248
258
252
224
248
252
278
308
258
234
346
186
160
46
60
56
48
74
30
6
8
126
154
146
16
42
4
42
20
86
86
42
126
140
288
246
184
232
210
200
210
214
182
108
134
142
210
198
238
236
70
58
52
190
190
276
322
376
426
480
550
586
524
580
524
578
586
596
594
516
576
594
602
608
588
498
586
558
614
650
622
660
666
644
578
708
752
836
808
714
644
666
638
662
566
490
556
618
708
736
760
760
792
764
756
808
728
668
662
688
734
600
586
502
462
524
550
682
580
562
600
476
438
480
444
462
422
424
422
310
212
252
198
338
422
414
428
448
458
436
492
634
778
804
884
862
822
916
932
932
910
832
952
892
996
978
944
912
958
890
992
970
1022
968
1052
1124
1070
958
998
932
922
926
928
800
846
930
1068
1066
962
860
920
884
938
932
942
1016
1038
1106
1052
980
880
854
752
830
744
776
688
696
696
690
652
670
632
694
684
762
844
898
844
850
862
878
844
810
908
974
918
866
866
696
714
636
730
804
846
778
734
706
688
660
588
538
604
572
542
502
476
596
510
524
518
514
496
580
594
544
564
494
572
496
542
546
570
526
634
562
552
454
568
534
474
570
576
588
602
568
552
462
514
666
566
638
692
828
910
898
820
854
830
744
762
656
560
610
566
480
526
512
490
540
416
456
502
530
522
546
568
468
512
570
450
432
480
550
412
308
268
212
208
186
172
162
144
246
278
256
190
266
316
296
312
356
438
416
302
390
362
340
358
248
234
196
264
202
212
174
270
302
238
226
232
212
208
126
110
102
80
166
106
108
64
128
190
146
280
298
220
352
238
282
390
354
308
240
312
376
280
312
342
414
358
312
210
294
216
280
206
222
216
206
114
170
228
298
340
282
292
310
388
424
332
190
342
298
230
238
188
186
70
84
30
58
10
46
126
56
4
52
78
54
80
186
208
246
290
238
316
360
350
322
456
416
380
358
416
376
370
310
292
350
280
284
120
128
56
42
80
274
294
288
314
320
276
354
356
432
502
400
374
380
326
272
300
252
204
112
86
22
112
70
46
84
126
40
122
114
64
180
212
290
316
316
298
240
352
368
400
428
492
472
492
552
590
528
624
672
692
774
798
732
730
768
860
794
750
722
654
788
762
740
650
668
622
560
644
720
658
692
590
646
774
702
702
786
810
712
764
712
610
602
524
588
532
456
492
572
466
472
376
304
376
318
426
356
366
406
440
362
328
420
372
332
240
218
310
250
220
266
314
302
296
346
310
358
352
230
238
148
28
12
64
18
82
92
118
70
50
52
110
20
54
10
26
0
12
44
66
40
62
170
132
238
284
322
374
364
352
382
326
430
480
516
448
514
584
430
312
324
210
162
114
108
106
88
100
172
234
380
486
534
456
356
370
278
256
224
298
170
158
142
204
172
112
4
64
84
164
174
110
146
108
94
94
6
98
194
282
306
366
370
418
286
338
268
88
10
30
70
110
76
96
60
96
112
240
244
322
322
306
198
212
278
384
444
476
498
622
634
658
686
682
632
494
458
384
424
520
560
548
626
560
582
556
546
480
388
380
454
468
526
504
514
452
482
488
430
460
460
430
400
376
384
382
340
324
414
502
690
670
678
668
680
674
746
700
766
660
546
616
594
624
638
668
610
656
632
544
428
386
358
398
390
284
298
270
214
206
254
228
210
166
120
140
110
118
108
152
144
76
140
120
198
238
264
222
242
264
288
324
378
316
322
292
304
432
426
308
354
250
204
222
166
258
250
212
204
148
64
126
102
40
68
50
6
28
164
128
124
238
132
162
264
240
300
330
394
380
348
374
344
372
330
382
406
420
474
438
458
472
512
526
394
314
328
344
266
244
338
348
360
240
130
200
230
274
350
398
398
416
516
606
734
692
704
708
546
508
580
494
544
480
436
424
406
472
552
508
552
538
586
456
504
576
580
558
560
588
488
536
484
394
394
482
402
384
388
368
500
388
396
376
274
306
252
184
246
334
268
248
262
274
322
322
356
460
432
358
288
344
358
322
304
316
342
374
476
414
414
462
466
450
434
560
658
604
676
712
636
736
772
820
770
728
780
708
778
880
782
678
588
678
658
664
594
608
616
604
542
526
710
744
678
694
714
748
758
758
784
786
784
752
816
808
836
818
848
976
952
922
736
644
618
618
636
638
756
876
996
988
912
912
842
844
824
894
796
864
896
900
870
754
726
826
766
788
776
684
614
736
744
716
760
870
884
864
896
1024
956
880
892
834
872
860
824
796
798
686
620
664
716
614
596
568
602
602
658
644
600
622
486
564
540
486
476
574
558
712
678
668
688
628
692
814
722
834
826
700
810
816
772
752
716
670
660
816
866
912
906
760
638
724
766
658
572
506
500
448
504
590
542
488
424
494
464
524
510
550
416
408
520
512
534
594
618
598
598
656
586
640
622
574
682
692
722
752
670
720
700
716
684
760
696
724
764
760
722
792
840
936
1010
1000
1030
958
850
884
874
802
844
834
786
718
712
702
676
514
596
620
618
598
482
348
456
520
378
330
254
276
154
86
200
200
118
92
110
60
70
54
40
78
164
158
200
184
342
328
362
278
254
218
160
152
208
218
186
252
100
18
58
4
2
58
18
48
22
62
72
66
80
68
60
40
54
6
100
50
122
70
42
6
12
0
16
72
112
110
42
62
84
110
66
138
176
204
228
210
308
360
482
454
440
574
652
636
646
654
568
614
544
510
442
414
498
582
494
546
470
490
392
480
472
564
526
464
496
544
464
458
452
536
518
602
636
584
648
708
684
656
762
784
834
836
888
842
854
892
806
714
718
712
668
704
742
752
742
746
764
622
540
542
482
536
520
522
562
610
590
580
582
554
548
560
634
664
638
636
692
692
816
826
868
864
846
820
824
836
794
780
802
886
776
744
702
740
772
708
648
594
528
718
710
746
826
772
766
692
764
768
718
792
802
790
768
710
642
636
730
618
708
716
826
800
806
826
826
908
940
974
944
956
984
872
856
840
926
924
946
938
988
1076
1002
1036
1036
1022
888
910
908
846
766
808
740
660
658
754
730
838
790
834
830
766
910
886
904
1034
994
950
1096
1052
972
938
944
968
918
916
882
896
818
816
834
898
942
948
1040
1088
1154
1190
1154
1150
1294
1336
1290
1222
1202
1158
1158
1114
1232
1200
1326
1304
1284
1308
1272
1270
1296
1310
1274
1224
1182
1300
1214
1146
1068
1088
1162
1094
1174
1150
1110
1126
1214
1188
1146
1160
1208
1088
998
1042
950
986
1054
1004
1002
1068
1082
1098
1126
1062
1078
1092
1154
1178
1164
1156
1182
1222
1266
1276
1228
1290
1294
1234
1258
1276
1188
1130
1024
1056
1076
1108
1040
1032
902
850
836
910
900
964
1004
862
860
784
738
852
860
858
902
874
818
770
800
756
688
774
862
956
982
922
976
992
1072
1012
974
1038
1116
1134
1202
1218
1314
1272
1288
1372
1392
1234
1168
1152
1172
1002
992
1048
986
946
930
852
1048
1044
1038
1118
1078
1002
850
962
950
1058
1158
1202
1338
1384
1384
1328
1344
1418
1454
1400
1314
1430
1514
1576
1432
1494
1454
1498
1522
1520
1580
1682
1656
1656
1590
1454
1470
1412
1416
1494
1458
1518
1546
1384
1358
1324
1298
1242
1302
1332
1298
1242
1250
1196
1170
1230
1244
1356
1364
1390
1338
1202
1178
1120
1098
1106
1080
1150
1066
1222
1264
1310
1392
1554
1524
1632
1740
1726
1760
1846
1870
1818
1910
1914
1870
1868
1928
1946
2012
1964
1926
1938
1866
1814
1846
1760
1866
1896
1882
1768
1808
1746
1746
1864
1890
1766
1696
1732
1636
1594
1422
1214
1374
1268
1186
1218
1318
1388
1312
1308
1300
1308
1268
1222
1138
1226
1286
1316
1278
1188
1204
1124
1096
1098
1124
1190
1094
1062
1038
1058
1092
1066
1004
940
956
1048
934
892
970
1024
1008
1012
978
988
1044
998
974
956
944
934
954
866
912
964
1050
1044
1062
1050
1064
1000
890
850
984
1008
1096
1116
1030
1012
962
946
842
900
928
894
916
934
934
942
944
858
806
882
892
890
1006
968
926
928
1018
998
1006
968
1128
1062
1018
988
932
