254
238
256
262
196
142
136
146
128
106
144
118
108
120
110
108
190
204
206
174
238
212
208
258
222
280
306
310
292
328
388
398
378
364
378
370
340
362
382
362
352
370
382
380
358
334
280
318
274
256
212
190
210
200
184
214
224
238
208
244
268
322
292
256
242
252
290
296
292
208
208
252
228
296
302
316
334
362
412
398
466
502
568
584
614
572
564
526
550
566
598
572
584
592
578
574
634
642
638
596
614
600
596
614
642
622
614
630
616
608
648
646
650
640
624
588
580
570
544
560
564
542
554
536
554
536
534
552
514
534
540
538
502
504
510
540
556
568
536
498
548
566
568
616
558
510
470
480
446
466
426
448
500
508
500
506
520
522
530
510
518
546
522
498
490
482
446
460
450
484
552
544
536
514
530
510
488
416
394
394
340
328
334
284
280
252
248
248
240
206
228
206
212
242
218
244
256
248
248
264
260
278
256
274
244
158
168
200
150
140
178
220
196
212
206
234
218
200
182
244
234
230
292
282
296
250
276
344
346
322
416
490
510
524
514
500
528
508
474
492
476
456
466
460
492
478
492
512
524
546
504
488
486
426
396
364
368
360
376
412
372
344
320
330
318
304
284
304
310
348
310
388
358
366
372
416
388
376
388
370
414
440
452
452
420
492
450
452
494
474
472
490
480
454
384
390
414
402
348
322
338
288
256
270
226
278
318
284
326
264
246
182
152
166
194
212
190
236
214
320
322
304
272
268
338
372
410
412
436
438
462
508
470
502
526
466
454
438
396
442
424
378
416
452
408
392
362
370
334
320
330
336
290
250
302
288
336
346
320
274
282
312
290
308
312
334
396
384
374
336
388
358
382
336
330
356
404
438
418
456
422
420
406
376
384
394
390
330
368
380
368
342
350
298
286
304
328
274
284
254
182
150
188
152
164
172
152
148
152
200
180
230
212
196
174
184
172
228
188
132
106
170
106
66
48
38
18
28
30
32
0
0
0
20
20
10
34
32
66
88
32
88
60
94
88
76
46
60
42
12
10
20
20
0
24
70
70
140
166
194
194
154
152
128
94
76
56
84
60
72
90
76
110
88
92
152
144
124
100
116
154
208
224
222
192
176
130
186
154
76
52
68
62
62
154
152
176
138
114
110
184
160
202
190
152
124
128
162
162
158
178
154
188
184
134
170
124
122
138
162
120
102
152
132
134
164
114
142
108
58
98
66
66
12
16
32
42
54
16
2
6
22
70
102
56
68
96
120
64
4
30
26
4
12
14
46
18
12
32
14
20
54
56
42
12
22
36
34
16
18
40
76
64
50
6
52
14
78
80
64
96
72
112
68
38
14
34
32
114
96
106
64
88
40
30
34
6
2
20
30
82
38
32
60
64
28
26
22
64
74
120
98
118
166
162
200
234
262
258
222
230
240
164
118
80
68
50
40
6
46
50
86
80
22
8
6
2
48
78
104
110
30
4
2
6
34
2
2
10
18
14
8
30
30
128
110
158
162
152
182
194
246
252
256
246
346
364
350
358
338
346
324
302
320
362
396
394
390
348
388
392
398
482
522
496
492
430
410
386
436
460
490
438
354
270
326
318
306
342
394
420
404
420
462
462
470
456
410
374
396
362
348
324
338
302
346
358
326
384
350
320
300
328
322
324
292
286
294
322
298
308
272
256
214
304
346
372
366
370
314
242
220
270
286
306
266
252
272
292
266
248
244
222
190
150
150
154
174
186
194
190
226
224
232
240
228
234
256
258
302
282
258
214
238
174
164
130
62
88
96
114
120
86
76
90
106
110
146
110
92
90
144
126
96
110
114
82
26
10
14
36
74
130
142
88
42
38
2
14
68
128
146
150
150
104
128
118
116
112
74
118
84
126
124
168
190
236
248
258
204
182
212
190
182
178
200
218
230
272
310
360
342
386
392
330
314
336
326
310
230
238
274
272
254
272
222
314
312
302
280
386
380
376
326
344
346
366
388
380
402
358
346
380
344
316
334
352
418
420
422
390
424
408
396
346
342
390
368
356
332
288
234
262
292
358
334
332
322
306
296
316
264
240
202
124
148
146
156
128
84
58
12
54
94
142
172
172
156
168
170
172
194
198
148
170
228
262
258
264
180
152
84
64
80
136
168
172
164
122
110
70
58
50
96
22
6
52
116
70
30
48
110
102
100
160
142
138
142
164
94
74
58
52
54
40
8
60
76
72
70
70
106
126
96
102
122
102
84
150
204
228
198
186
172
136
160
150
136
146
164
186
134
152
142
134
116
170
134
162
184
172
94
124
94
90
102
100
98
148
176
208
162
186
172
180
182
198
254
288
268
292
252
220
252
250
216
174
146
110
94
126
94
112
100
96
154
194
150
196
210
208
270
294
296
254
298
314
282
248
236
260
230
238
272
310
356
366
350
288
292
264
280
310
226
210
258
238
268
260
278
304
284
284
314
268
250
230
244
248
286
314
296
286
294
276
230
270
274
254
274
296
352
346
280
252
268
278
270
256
250
198
192
182
234
282
326
298
278
314
330
328
318
358
334
306
280
250
238
250
234
238
276
246
296
318
372
332
324
410
374
384
372
350
306
296
330
346
342
356
314
354
340
344
384
370
318
326
324
282
300
304
296
340
346
384
396
390
420
462
440
452
480
482
504
534
480
442
404
412
372
388
374
350
292
314
316
342
296
324
308
286
250
334
324
364
376
384
398
380
364
374
374
358
304
326
256
252
208
172
172
174
230
222
244
216
182
188
152
132
120
100
84
36
12
2
16
8
48
28
54
138
198
188
130
144
106
76
124
96
116
116
98
94
122
76
68
44
56
78
110
90
70
72
122
116
172
152
124
94
136
180
172
146
186
206
224
226
176
178
162
250
280
262
276
330
336
282
230
184
154
146
188
146
190
166
166
166
176
204
146
162
132
178
136
176
178
136
204
214
232
222
248
210
192
198
154
120
116
92
92
80
116
156
114
126
232
216
238
298
356
352
328
266
262
246
228
192
200
180
146
116
126
158
150
210
204
206
198
212
214
234
234
200
190
172
178
142
138
98
94
98
102
112
164
118
118
110
124
110
84
116
120
104
76
86
66
64
58
6
58
90
92
126
150
132
156
164
174
188
194
208
202
232
178
166
192
214
176
162
142
150
166
208
200
178
172
120
196
236
212
200
216
226
248
258
270
236
266
258
262
282
216
240
180
128
32
74
94
72
78
68
62
138
120
166
142
158
170
156
142
166
166
90
46
80
130
182
178
168
190
178
150
118
178
164
144
112
106
76
98
74
68
66
72
90
128
186
176
188
238
308
316
318
330
368
350
376
386
408
402
382
394
366
366
350
374
354
390
410
398
388
380
358
334
344
370
320
336
340
324
318
270
326
344
312
284
322
334
294
258
300
284
326
316
268
178
206
218
258
274
276
294
246
254
220
166
158
206
236
180
122
114
156
142
150
156
120
80
172
116
158
154
146
140
200
146
156
152
170
238
344
342
334
290
288
296
268
198
196
198
182
146
128
140
112
102
128
120
98
102
72
76
70
112
168
152
204
196
234
186
144
158
164
168
154
188
176
162
152
132
146
110
64
68
98
56
80
38
24
36
26
18
6
0
22
20
84
130
42
30
130
180
88
120
152
148
86
44
108
114
92
114
138
156
138
142
138
88
68
34
56
44
40
36
80
56
84
36
68
70
74
34
32
76
84
66
50
62
56
50
20
26
68
4
8
34
80
80
90
112
72
62
6
28
32
54
42
4
4
8
50
18
4
52
62
52
64
38
2
62
72
114
136
112
154
130
164
164
168
98
64
100
122
142
180
196
214
150
154
120
64
10
4
78
84
42
126
112
112
130
128
120
108
120
154
152
100
70
60
122
150
124
134
134
170
156
170
198
180
134
104
92
114
128
152
152
160
204
198
160
132
148
176
154
160
142
164
152
198
208
234
176
152
176
170
202
218
176
176
184
148
186
164
190
152
158
182
126
162
110
120
76
116
68
90
60
114
120
58
58
52
26
28
44
12
2
50
56
42
42
22
40
44
54
52
76
64
100
112
136
106
62
34
74
34
82
88
92
82
50
60
32
12
4
20
42
52
74
68
66
42
100
132
68
48
72
108
82
68
4
2
50
44
106
50
126
84
98
140
128
148
188
146
190
180
180
146
166
208
228
274
238
290
256
228
200
210
218
198
238
216
140
176
132
138
130
146
146
160
156
108
106
190
256
276
272
304
372
438
388
384
320
332
352
324
306
358
356
362
396
366
364
454
484
458
476
510
528
512
474
552
442
436
510
470
464
476
462
466
428
430
426
502
506
540
558
530
558
574
524
514
524
540
554
564
604
602
654
652
654
602
588
574
552
524
528
572
576
612
614
558
578
574
650
656
612
582
646
628
644
680
708
700
716
736
712
730
662
718
712
736
692
690
624
644
688
676
652
634
614
608
640
696
716
708
734
712
738
768
762
722
742
720
696
634
664
682
680
654
688
700
696
708
772
744
740
732
698
714
678
658
656
662
650
680
614
696
710
700
752
742
766
746
736
702
726
726
716
732
736
