898
900
876
832
862
880
904
908
894
840
868
864
880
858
868
854
868
856
836
876
850
864
878
882
872
858
876
888
884
876
844
850
846
832
862
878
904
896
886
886
902
876
866
880
878
880
870
860
878
866
838
860
886
880
896
892
848
854
878
874
854
862
866
892
898
898
874
896
912
896
912
914
910
892
882
858
864
876
896
912
884
898
898
876
868
876
880
884
882
868
866
894
878
912
926
928
968
946
922
938
924
890
906
908
914
920
908
938
940
934
896
846
870
878
882
904
870
852
850
828
872
860
832
796
826
784
796
794
814
826
830
812
860
872
850
844
788
830
850
866
898
894
896
868
904
902
894
888
856
836
824
816
836
828
820
812
796
842
836
846
838
846
854
860
874
836
820
844
832
814
842
836
832
832
876
858
828
828
846
864
862
866
866
832
848
864
840
854
864
868
866
878
868
828
856
834
822
822
834
872
878
860
866
886
886
876
866
904
918
896
920
926
892
892
896
868
870
876
870
860
860
854
860
878
902
874
870
868
852
858
882
896
892
866
880
832
864
876
906
906
900
896
860
868
874
862
882
882
878
870
846
852
832
858
832
824
830
828
862
842
848
846
886
874
872
864
890
912
906
882
884
882
888
904
914
930
942
888
890
880
874
914
892
896
924
922
938
950
910
900
890
904
922
902
884
836
856
900
886
878
866
840
850
824
826
852
848
870
900
842
868
868
876
886
890
852
842
832
862
882
904
906
910
912
892
904
880
906
912
904
878
872
880
878
858
836
822
786
768
830
828
876
884
876
918
896
856
836
812
792
726
752
722
700
768
768
748
756
744
688
702
680
626
658
636
644
644
634
624
632
670
660
670
670
704
726
768
748
754
776
780
768
772
710
712
716
714
706
740
740
680
650
630
662
638
640
614
628
648
598
604
638
634
624
634
624
628
642
640
600
580
588
604
624
586
638
612
624
670
646
650
602
584
576
594
612
614
634
666
648
624
612
558
550
576
562
564
630
610
566
544
578
596
594
576
600
540
554
556
540
546
598
622
616
636
620
632
672
654
646
646
674
682
686
684
672
682
690
672
644
618
606
590
592
608
588
582
606
582
596
654
634
670
716
720
682
664
660
642
652
664
650
656
656
650
656
696
742
760
778
756
744
774
810
810
808
824
814
824
852
830
834
790
810
840
838
834
856
874
872
866
854
872
874
894
886
894
878
862
852
858
864
842
830
810
794
790
740
720
696
658
656
662
672
696
708
730
766
766
760
724
732
732
666
714
706
744
756
746
740
736
738
766
778
790
780
746
744
766
772
788
820
840
802
786
784
784
786
796
832
842
864
836
878
884
878
886
882
896
864
890
882
854
846
876
864
878
900
916
932
938
920
892
908
906
936
908
898
912
912
898
884
858
866
874
862
852
862
886
870
850
810
800
804
792
820
844
870
880
886
876
890
848
878
860
826
844
864
854
852
866
884
894
908
942
954
956
960
952
950
922
934
942
952
928
914
890
900
912
908
928
918
932
918
898
884
896
904
866
878
860
856
880
872
864
846
838
834
866
884
926
922
898
912
908
924
874
842
828
834
872
876
908
924
924
910
924
870
854
878
884
892
878
892
880
882
852
850
844
832
868
830
810
778
794
828
818
814
820
814
816
858
832
868
854
832
808
782
746
812
834
814
802
816
860
862
812
818
826
854
846
840
844
854
854
880
880
902
878
840
854
880
896
876
878
838
854
854
860
872
840
818
844
818
786
794
802
824
852
826
814
824
838
822
840
828
818
816
844
800
840
810
806
824
854
892
884
874
884
868
854
878
852
856
822
830
856
826
838
852
860
826
826
840
792
772
784
738
790
798
798
776
786
784
766
764
718
742
730
770
720
754
770
800
794
836
838
860
888
856
822
816
834
838
852
858
862
858
876
850
830
840
844
820
838
886
860
886
892
880
880
878
894
916
892
908
914
896
868
840
832
810
804
780
776
792
782
816
820
842
810
838
802
816
872
872
856
832
822
796
776
830
866
854
840
858
876
868
842
860
848
834
836
884
926
926
910
914
944
934
906
868
890
872
840
884
888
894
888
918
916
924
904
906
886
866
848
854
854
842
858
846
858
856
862
830
814
832
860
848
862
870
848
822
814
842
808
830
880
864
872
878
884
866
830
818
760
794
782
826
820
804
776
750
742
750
778
712
764
754
764
732
768
764
766
776
760
750
780
784
788
758
784
744
760
816
800
774
812
828
860
864
878
866
812
836
852
842
816
812
852
848
892
900
914
910
904
882
914
924
918
900
902
862
862
828
836
836
856
862
858
884
886
896
884
870
866
854
830
812
814
796
774
770
784
830
878
878
848
874
866
870
864
866
876
890
864
872
860
872
884
912
920
898
912
922
916
902
870
890
876
846
866
896
908
894
866
874
896
908
874
870
890
872
866
862
854
862
862
836
838
850
826
848
830
880
896
888
892
894
912
922
942
920
908
920
898
884
852
830
796
778
800
820
828
840
804
828
864
884
884
898
934
898
872
874
862
800
778
794
840
834
828
838
832
824
800
816
818
796
810
862
900
892
872
868
862
878
892
866
878
876
884
922
926
902
922
916
910
890
890
858
844
856
866
842
832
838
832
842
854
832
832
842
834
840
844
842
832
872
892
880
852
844
864
882
902
934
938
916
906
908
914
900
888
884
844
908
914
900
920
934
914
906
928
920
912
928
940
914
918
896
878
884
890
864
850
894
862
842
848
812
816
858
866
868
848
874
878
872
868
884
862
862
852
846
844
832
852
840
826
852
834
852
816
806
828
858
872
892
910
908
922
918
946
926
906
898
910
916
916
942
924
932
896
866
894
902
870
924
922
926
908
902
900
888
860
860
888
914
892
878
886
872
836
844
794
784
820
868
856
874
904
896
886
942
914
896
902
872
854
882
870
868
908
938
934
922
900
912
902
866
880
906
934
932
894
884
864
850
826
814
824
784
812
826
808
826
878
846
824
806
784
798
796
812
844
860
886
864
858
832
868
866
866
862
844
812
786
808
820
810
802
814
806
786
772
782
804
776
772
820
828
802
798
806
814
802
794
838
838
782
784
754
796
792
784
784
782
780
794
820
832
870
880
850
868
882
884
898
870
848
872
918
896
894
890
902
868
856
850
846
858
864
882
908
884
876
890
892
888
902
852
842
846
828
862
836
824
788
780
732
772
770
814
820
840
824
836
872
830
826
832
846
842
838
810
798
788
786
798
808
864
838
852
830
836
868
870
842
840
826
828
816
798
812
828
824
834
834
826
804
818
824
814
802
790
764
770
758
742
746
720
754
760
758
832
876
888
884
886
856
900
886
930
918
918
918
920
934
918
924
914
932
914
898
924
894
884
860
850
820
860
886
824
830
872
872
842
852
848
850
862
872
880
884
860
874
860
858
868
856
862
898
858
858
870
848
850
844
858
838
812
820
776
790
762
788
764
750
714
690
704
698
672
742
738
762
746
722
738
714
730
748
742
778
794
786
782
818
806
854
834
818
778
770
770
782
786
776
836
822
842
858
866
874
872
876
878
864
864
888
916
918
932
936
946
944
940
910
892
886
910
898
894
872
930
876
852
824
828
842
874
882
894
928
934
922
918
922
904
894
886
904
912
922
886
888
900
918
926
906
936
958
956
948
948
910
906
894
888
914
898
898
894
878
860
860
850
894
876
870
844
808
788
802
822
820
810
834
836
854
850
856
864
912
894
902
884
858
844
856
864
864
878
862
870
862
868
884
886
900
922
892
902
900
918
894
918
920
874
890
854
842
862
862
820
862
872
840
846
846
852
876
884
858
868
882
890
944
932
924
912
904
894
882
918
892
866
804
822
784
810
846
840
810
776
772
802
826
848
878
912
850
860
890
872
866
854
854
898
894
892
898
906
920
898
886
876
886
916
914
900
874
858
874
866
884
880
840
874
874
864
860
870
850
832
864
868
876
888
894
862
882
828
846
878
866
886
894
880
846
828
832
822
840
818
820
816
832
878
906
916
916
918
918
906
904
896
858
816
844
864
874
890
866
846
862
870
894
876
872
866
876
880
854
836
844
844
878
884
864
876
890
874
880
878
862
848
906
892
886
908
924
894
886
894
890
904
900
884
860
866
866
874
864
848
818
830
884
906
876
874
862
858
842
864
860
866
868
888
892
874
872
868
846
884
914
936
908
898
920
914
872
904
946
956
920
914
866
868
910
912
926
938
926
934
944
940
936
952
922
914
936
940
932
922
902
904
918
922
918
864
878
864
866
850
862
870
856
842
818
848
850
838
858
882
866
834
792
778
782
796
804
806
804
786
790
818
802
806
852
836
846
870
900
922
900
874
896
898
874
870
870
842
858
868
928
932
898
876
866
860
856
894
876
862
882
888
882
848
852
884
876
864
880
828
830
854
856
858
900
840
876
900
906
928
914
896
908
916
922
874
908
916
926
908
898
886
862
876
882
880
856
834
832
814
840
830
820
842
784
820
840
834
830
804
830
826
872
860
832
836
844
852
856
862
856
870
898
908
890
870
876
858
836
826
824
822
856
