5358
5254
5256
5244
5308
5306
5408
5450
5482
5516
5762
5734
5656
5586
5600
5638
5612
5692
5676
5610
5684
5498
5604
5604
5652
5706
5688
5606
5676
5792
5710
5690
5568
5472
5336
5228
5310
5306
5402
5324
5278
5306
5384
5304
5272
5318
5354
5258
5372
5366
5220
5250
5374
5334
5310
5338
5282
5270
5164
5068
5068
5096
5154
5210
5242
5222
5148
5076
5182
5236
5204
5236
5242
5346
5098
4998
4942
4996
5052
5164
5314
5448
5354
5458
5470
5586
5642
5586
5516
5390
5438
5394
5320
5368
5354
5180
5184
5150
5156
5246
5352
5392
5504
5434
5404
5546
5500
5536
5510
5524
5496
5522
5636
5658
5538
5616
5536
5468
5556
5600
5518
5542
5544
5668
5616
5518
5636
5520
5378
5380
5320
5314
5350
5198
5136
5192
5170
5224
5218
5236
5172
5342
5340
5264
5268
5212
5268
5094
4984
4986
5044
4972
4988
4962
4886
4942
4928
5100
5052
5148
5172
5222
5154
5068
5076
5180
5198
5144
5244
5072
5104
5106
5262
5324
5484
5438
5464
5414
5402
5210
5352
5436
5126
5042
5080
5076
5210
5228
5166
5166
5054
5086
5140
5318
5336
5428
5338
5278
5262
5306
5356
5312
5254
5312
5236
5380
5430
5578
5598
5576
5504
5394
5142
5240
5152
5192
5180
5206
5250
5350
5332
5434
5496
5416
5584
5630
5642
5656
5718
5670
5604
5640
5564
5642
5506
5600
5658
5580
5642
5636
5684
5586
5698
5730
5656
5712
5518
5548
5612
5664
5620
5692
5670
5688
5612
5482
5434
5464
5382
5496
5542
5538
5520
5458
5632
5530
5534
5436
5484
5654
5708
5678
5472
5550
5436
5674
5754
5722
5636
5656
5600
5548
5488
5500
5616
5622
5604
5546
5606
5562
5588
5632
5636
5572
5708
5544
5438
5516
5494
5398
5452
5502
5442
5436
5544
5564
5392
5286
5266
5318
5206
5104
4986
4814
4788
4784
4764
4740
4704
4778
4802
4948
4908
4618
4556
4554
4570
4656
4624
4666
4728
4796
4898
4942
5020
5154
5082
5222
5158
5166
5130
5134
5070
5026
5122
5140
5076
5158
5012
4916
4860
4946
4876
4718
4660
4666
4672
4710
4748
4652
4552
4602
4850
4844
4718
4754
4746
4718
4850
4774
4646
4492
4468
4484
4492
4582
4626
4552
4580
4506
4566
4696
4712
4842
4892
5022
5112
5168
5326
5378
5274
5346
5354
5364
5296
5264
5232
5244
5254
5400
5302
5312
5218
5114
5178
5194
5078
4940
4980
4928
5036
4966
5072
4970
4944
4872
4876
4878
4782
4638
4572
4414
4504
4456
4516
4490
4336
4466
4410
4482
4510
4324
4360
4462
4402
4294
4282
4286
4288
4272
4100
4080
4132
4228
4366
4418
4410
4500
4506
4462
4540
4464
4434
4472
4424
4554
4452
4406
4408
4372
4326
4300
4304
4320
4226
4454
4710
4532
4608
4534
4650
4710
4720
4898
4882
4792
4792
4928
4972
5032
4950
4982
5010
4898
4966
5008
5096
5058
5200
5132
5172
5156
5102
5132
5126
5228
5068
4996
5074
4990
5004
4972
4986
4976
5100
5140
5160
5312
5402
5448
5314
5304
5262
5272
5392
5332
5222
5292
5258
5084
5210
5262
5372
5320
5360
5404
5512
5538
5528
5536
5462
5492
5470
5476
5490
5572
5624
5590
5588
5516
5554
5570
5400
5290
5294
5446
5336
5338
5384
5254
5120
5148
5042
4932
4776
4772
4926
5092
5120
5236
5410
5308
5386
5340
5482
5500
5410
5364
5456
5490
5512
5402
5392
5488
5470
5482
5472
5484
5264
5144
5134
5212
5224
5208
5298
5296
5286
5320
5206
5142
5210
5014
5044
5200
5142
5240
5170
5288
5192
5232
5188
5118
5026
4974
4948
4980
4968
5214
5158
5228
5144
5022
4814
4812
4994
4962
5086
5162
5146
5248
5244
5188
5176
5236
5156
5160
5052
4974
4916
4944
4972
5028
5058
5026
5080
5138
5236
5156
5128
5118
5188
5102
5110
5128
5084
5070
5070
5042
5012
5056
5014
4980
4976
5056
5030
4992
5118
5044
4910
4920
4944
4920
5046
5018
5040
5032
5018
4898
4826
4740
4818
4908
4966
5008
4992
5176
5280
5262
5164
5188
5188
5150
5076
5144
5126
5044
4992
4992
4914
4760
4754
4754
4806
4728
4666
4634
4632
4650
4498
4532
4638
4516
4566
4562
4574
4558
4448
4524
4524
4574
4638
4706
4602
4870
4824
4944
4996
5000
4944
4858
4982
5008
5180
5186
5206
5228
5284
5308
5386
5408
5486
5406
5388
5290
5262
5398
5272
5384
5474
5372
5440
5292
5216
5230
5238
5332
5286
5182
5136
5172
5290
5366
5422
5404
5378
5418
5336
5246
5106
5228
5342
5230
5268
5186
5144
5170
5128
5188
5264
5528
5576
5612
5572
5606
5614
5654
5644
5534
5540
5560
5370
5524
5392
5394
5408
5386
5354
5416
5382
5284
5318
5288
5164
5170
5150
5210
5216
5276
5294
5230
5080
4976
4852
4748
4676
4654
4692
4788
4650
4600
4580
4558
4236
4310
4402
4424
4548
4538
4492
4554
4432
4384
4394
4222
4254
4468
4480
4354
4402
4516
4502
4386
4514
4478
4452
4436
4416
4488
4572
4580
4542
4472
4506
4448
4452
4566
4628
4796
4944
4850
4718
4766
4874
4832
4754
4856
4944
4918
4906
4746
4892
4930
4966
4984
5002
4910
5048
4942
4960
4948
4872
4852
4860
4792
4838
4908
5016
4992
4948
5032
5030
5044
5042
5048
5034
4988
5040
4954
4850
4858
4896
4912
4704
4754
4672
4802
4644
4530
4610
4674
4536
4384
4462
4444
4444
4432
4402
4540
4482
4544
4634
4664
4802
4978
4972
4852
4880
4842
4996
4900
4700
4774
4580
4722
4512
4514
4446
4328
4370
4116
4026
4016
4170
4106
4180
4194
4334
4328
4324
4238
4142
4168
4066
4094
4106
4050
4106
4266
4118
4232
4346
4336
4404
4336
4386
4440
4414
4400
4330
4464
4386
4498
4466
4420
4318
4394
4454
4402
4416
4546
4672
4662
4672
4604
4734
4728
4524
4430
4366
4318
4242
4252
4314
4374
4278
4292
4114
4122
4150
4072
4272
4272
4306
4254
4136
4238
4306
4388
4394
4512
4542
4538
4550
4456
4406
4430
4360
4544
4588
4676
4702
4556
4646
4636
4560
4502
4466
4558
4406
4452
4348
4328
4280
4316
4340
4258
4190
4188
4096
4040
4034
4100
3948
4092
4032
4142
4148
4114
4024
4122
4244
4056
4100
4026
3930
3820
3802
3764
3858
3856
3832
3902
3850
3788
3648
3600
3542
3560
3650
3766
3976
4032
4116
4146
4168
4066
4072
4072
4286
4184
4212
4400
4284
4330
4346
4298
4182
4330
4494
4428
4422
4350
4338
4450
4318
4254
4280
4162
4322
4354
4402
4336
4306
4268
4352
4132
4094
4062
3976
3860
3808
3934
3924
3900
3974
3744
3648
3582
3350
3312
3118
3348
3336
3450
3556
3550
3380
3356
3376
3390
3350
3328
3290
3320
3342
3294
3392
3238
3238
3282
3186
3060
3028
3064
2912
2848
2802
2862
2794
2744
2912
2864
2964
3280
3250
3348
3308
3220
3004
2858
2982
3112
3050
2928
2900
2838
2962
2914
2904
2840
2892
2982
3024
2956
3014
2932
2778
2794
2840
2874
2830
2930
3008
2990
2952
2952
3008
3068
3014
3050
3002
2956
2892
2886
2954
2920
2960
2938
3006
3150
3112
3172
3224
3376
3452
3368
3482
3566
3408
3364
3416
3464
3472
3404
3332
3380
3466
3428
3314
3202
3190
3236
3294
3358
3154
3168
3392
3382
3282
3236
3066
2916
3140
3248
3230
3236
3162
3056
3054
3112
3168
3156
3178
3172
3060
2988
3066
3148
3208
3266
3342
3304
3314
3418
3304
3352
3578
3464
3462
3546
3576
3626
3486
3520
3422
3456
3526
3386
3408
3476
3344
3320
3324
3424
3354
3498
3430
3268
3316
3244
3350
3400
3500
3570
3478
3450
3508
3306
3214
3164
3200
3306
3332
3458
3488
3522
3546
3458
3596
3602
3596
3498
3732
3922
3726
3762
3876
3876
3810
3914
3966
4010
4038
3914
3878
3942
3956
3802
3758
3744
3710
3708
3796
3724
3720
3612
3538
3440
3500
3450
3568
3596
3646
3658
3716
3792
3930
4058
4122
4172
4170
4296
4368
4210
4186
4230
4424
4418
4328
4350
4286
4136
4128
4194
4186
4066
4028
4122
3932
3944
4092
4214
4254
4272
4260
4174
4140
4244
4234
4284
4300
4256
4034
4142
4138
4094
4120
4040
4034
3936
4036
3862
3988
3906
3986
4004
3928
3892
3840
3694
3722
3620
3712
3734
3480
3408
3578
3580
3446
3520
3486
3358
3260
3320
3358
3288
3374
3476
3500
3416
3350
3348
3366
3352
3346
3546
3552
3624
3688
3598
3574
3634
3592
3596
3574
3594
3530
3600
3638
3726
3646
3440
3394
3332
3340
3328
3332
3372
3410
3526
3546
3568
3554
3492
3472
3406
3298
3292
3398
3364
3254
3312
3244
3216
3162
3210
3178
3190
3118
3118
3098
3164
3216
3378
3372
3350
3414
3374
3340
3402
3286
3260
3196
3370
3302
3342
3378
3470
3496
3326
3256
3344
3388
3344
3326
3318
3258
3170
3184
3298
3362
3254
3120
3106
2928
2978
3040
3142
3026
3140
3218
3250
3164
3082
2968
2918
2990
3034
3002
3180
3210
3166
3062
3106
3062
2900
2828
2762
2670
2630
2450
2486
2444
2592
2530
2558
2580
2496
2528
2492
2562
2514
2434
2400
2398
2460
2416
2194
2156
2192
2274
2260
2390
2308
2196
2252
2394
2214
2344
2346
2304
2404
2410
2550
2630
2798
2896
2936
2906
2840
2906
2984
2900
2918
2932
2958
2926
2876
2776
2790
2680
2660
2710
2818
2922
2746
2834
2578
2674
2744
2676
2742
2766
2794
2886
2936
2992
2972
3010
3078
3242
3272
3164
3020
3078
3166
3102
3126
2908
2834
2944
3000
3036
3006
2978
2984
2922
2962
2960
3008
3116
3060
3084
3112
2918
2870
2704
2714
2660
2570
2408
2408
2378
2394
2484
2486
2482
2574
2464
2292
2366
2248
2302
2260
2400
2352
2256
2328
2264
2266
2134
2108
2130
1986
2008
1990
1978
1956
1962
1942
1926
2042
1982
1970
1914
1942
1880
1690
1700
1890
1864
1896
1814
1808
1560
1606
1636
1686
1768
1726
1720
1590
1590
1692
1818
1836
1752
1602
1570
1498
1448
1582
1588
1602
1590
1662
1816
1836
1732
1790
1796
1838
1820
1960
1940
1954
2020
2124
2076
2014
1920
1924
1994
2050
2124
2226
2244
2166
2132
2158
2138
2150
2270
2300
2232
2334
2430
2184
2110
2130
2236
2212
2116
2190
2336
2466
2368
2414
2470
2538
2494
2436
2386
2430
2314
2382
2296
2414
2240
2252
2176
2206
2200
2112
2178
2272
2324
2314
2292
2308
2384
2472
2406
2526
2548
2438
2358
2220
2232
2260
2192
2284
2400
2352
2374
2322
2514
2598
2448
2598
2636
2610
2538
2376
2462
2398
2374
2330
2434
2284
2306
2170
2158
2226
2236
2212
2182
2036
2280
2222
2228
2228
2104
2102
2072
2014
1842
1836
1754
1766
1866
1982
2054
1926
1970
1788
1828
1618
1700
1586
1518
1532
1456
1536
1482
1442
1504
1740
1716
1662
1754
1716
1816
1808
1776
1748
1714
1650
1738
1706
1674
1580
1512
1438
1386
1456
1380
1158
1022
1102
1154
1232
1208
1292
1322
1418
1540
1580
1620
1704
1654
1740
1636
1556
1560
1386
1468
1552
1450
1472
1550
1636
1544
1618
1746
1732
1600
1556
1574
1560
1648
1778
1838
1856
1746
1718
1706
1692
1630
1616
1712
1720
1600
1488
1556
1706
1620
1532
1412
1546
1468
1412
1500
1516
1560
1508
1546
1470
1558
1646
1536
1408
1422
1372
1380
1430
1376
1378
1488
1584
1378
1512
1398
1568
1598
1586
1552
1538
1586
1560
1666
1564
1560
1534
1518
1536
1620
1658
1506
1642
1368
1516
1438
1520
1390
1382
1330
1464
1316
1326
1290
1264
1254
1234
1316
1202
1092
1232
1406
1446
1434
1340
1460
1408
1454
1532
1542
1556
1412
1330
1372
1404
1382
1464
1644
1552
1564
1722
1818
1706
1632
1556
1548
1640
1726
1736
1592
1456
1494
1452
1556
1450
1426
1460
1442
1502
1496
1650
1678
1742
1754
1776
1706
1694
1606
1502
1480
1366
1410
1286
1220
1180
1240
1406
1180
1296
1372
1322
1412
1300
