388
364
330
364
358
320
360
328
272
230
190
194
194
122
126
114
82
16
8
44
4
46
12
32
48
64
122
134
218
244
264
280
234
274
280
324
282
262
302
316
344
320
322
356
354
342
362
382
312
330
344
346
378
382
432
432
424
438
404
410
420
434
422
434
392
386
384
430
452
434
428
438
446
430
412
406
388
388
398
408
390
480
472
444
470
432
390
382
362
414
410
366
358
388
356
310
264
200
234
206
256
246
236
244
282
206
170
146
126
78
118
176
212
242
290
332
366
362
370
400
426
412
340
350
360
342
454
418
428
406
388
392
458
512
486
442
442
428
438
486
420
406
434
480
494
508
508
572
556
502
458
452
496
538
548
532
552
520
530
508
516
504
512
482
480
464
492
506
480
474
486
524
528
568
562
586
586
618
590
544
516
478
482
460
436
448
378
408
436
424
394
400
390
358
362
412
402
358
334
318
364
324
290
234
276
240
224
214
188
208
232
162
180
184
132
102
98
144
158
160
140
172
206
198
174
152
176
154
196
246
276
218
162
128
140
168
152
110
84
86
58
120
114
126
94
152
188
168
132
156
130
128
104
124
174
230
218
228
298
298
302
276
282
324
308
334
342
332
348
352
352
312
306
312
284
282
304
286
244
268
334
278
282
340
306
310
222
230
240
308
274
270
288
250
298
326
344
390
400
426
466
444
526
560
558
570
562
510
542
520
476
474
416
486
476
468
486
482
452
462
414
460
484
476
508
494
516
550
544
540
578
598
596
570
542
528
484
458
514
528
532
514
510
514
488
476
452
412
410
420
438
396
428
410
324
328
316
364
374
376
352
344
274
276
280
314
350
368
336
296
258
268
366
342
412
428
404
394
348
418
374
368
368
322
334
338
344
332
398
430
436
462
480
512
504
506
530
522
570
552
528
534
466
408
402
436
446
404
332
318
338
300
274
322
342
358
360
396
420
438
462
474
448
414
428
478
490
476
428
404
434
426
392
336
354
312
240
248
262
262
250
260
234
234
254
246
274
276
264
278
292
260
220
196
236
210
230
234
290
306
252
226
194
224
200
194
212
172
250
264
282
278
266
260
240
238
342
374
326
284
276
270
282
248
246
230
292
304
286
268
282
298
256
254
262
186
178
222
248
194
256
238
278
278
282
288
262
268
300
344
342
332
354
368
354
330
298
294
300
288
242
268
326
314
290
300
316
220
268
234
270
250
220
222
232
316
256
298
332
328
412
414
432
404
400
416
448
498
522
604
584
598
628
608
604
564
572
586
638
612
624
596
622
614
664
656
658
674
644
720
762
764
784
796
818
814
806
782
746
714
736
736
794
792
788
798
814
778
732
702
688
686
672
650
660
636
682
674
654
664
702
686
698
660
630
628
604
590
662
672
678
716
692
698
694
672
628
640
624
592
564
588
610
606
606
620
622
684
618
634
644
680
666
668
638
662
650
644
596
592
592
566
594
614
584
626
606
632
598
638
606
568
568
588
648
616
644
646
684
660
704
684
692
690
624
618
604
618
640
696
652
680
652
640
626
572
586
608
610
602
594
606
608
620
662
632
644
640
648
588
580
608
672
710
668
668
682
668
670
682
666
652
626
606
574
600
672
658
656
712
678
712
744
770
734
714
680
672
708
706
714
738
790
790
798
792
820
802
806
786
794
812
784
802
770
760
804
828
844
842
758
770
824
826
834
808
796
802
796
778
788
828
854
826
860
854
866
846
810
824
824
838
848
836
828
808
800
778
782
798
744
740
784
806
786
764
750
784
778
748
708
716
720
744
752
788
744
724
684
734
694
720
726
710
716
704
716
686
718
734
732
774
796
740
768
766
790
806
774
772
776
778
754
748
766
740
694
706
724
774
748
742
776
768
754
772
776
736
766
752
774
766
738
774
802
822
768
744
762
754
756
736
746
732
704
718
740
744
726
758
698
724
690
690
722
696
728
718
678
698
728
758
754
706
708
694
690
724
706
732
728
742
720
696
714
698
690
692
704
654
644
682
692
708
746
742
740
768
752
762
754
764
770
760
712
702
710
716
696
702
672
650
682
654
666
640
612
648
606
672
678
690
668
664
680
688
654
704
724
698
708
680
708
656
722
722
712
684
712
694
648
690
718
758
752
732
726
744
748
696
696
718
744
744
792
784
776
758
714
758
716
742
682
666
654
620
596
610
572
596
556
520
470
480
450
460
490
498
474
476
432
420
384
338
280
292
306
306
284
260
300
296
316
342
320
320
332
262
302
332
348
302
266
274
272
284
322
292
266
222
270
296
304
260
274
252
222
274
292
288
264
266
232
258
270
252
184
156
92
76
34
22
2
14
0
8
32
10
22
12
58
56
86
70
90
100
92
118
150
102
114
138
130
80
56
132
122
134
142
186
190
192
218
230
220
182
158
118
98
86
44
84
150
156
156
218
236
204
190
150
196
220
252
248
214
262
278
268
220
244
188
150
136
124
188
194
156
142
162
160
188
168
182
176
208
192
232
252
250
308
328
326
308
344
318
402
432
396
400
406
358
384
400
386
374
458
492
486
434
384
318
298
342
338
370
268
258
204
144
134
168
170
172
176
190
196
236
284
248
242
182
152
116
124
146
120
78
130
168
168
152
114
100
64
112
108
106
122
210
180
190
180
168
154
158
100
88
58
60
24
34
10
48
58
76
64
42
32
44
68
32
26
10
34
2
20
40
48
24
68
114
116
124
126
132
96
86
78
98
106
84
88
8
22
30
34
78
68
74
32
4
28
0
22
18
12
20
4
8
36
66
34
84
64
122
98
130
128
152
168
114
124
108
106
128
162
144
120
130
116
98
114
134
170
192
174
180
158
198
146
118
88
38
56
70
76
32
0
26
8
10
0
32
44
76
70
36
22
58
88
122
122
98
70
96
112
164
158
146
110
100
56
76
64
52
70
62
90
122
160
132
132
200
212
176
240
232
246
238
318
302
352
346
294
278
302
342
340
338
340
376
376
374
352
320
332
370
376
412
420
430
434
422
426
422
410
382
346
346
328
336
352
330
284
288
382
348
326
338
376
406
410
378
346
340
368
414
408
398
412
382
394
448
454
492
522
578
576
608
594
604
608
654
642
600
596
636
678
700
656
642
652
696
732
760
790
778
778
776
732
732
778
720
674
678
694
678
676
600
634
662
684
694
686
638
594
578
594
616
618
666
650
600
562
562
560
518
474
522
558
586
634
632
618
596
592
592
604
576
566
520
556
592
584
604
572
580
562
558
572
558
564
574
524
528
544
578
546
556
534
554
526
544
566
552
576
638
668
644
632
618
632
616
576
578
618
630
654
684
694
688
660
670
704
670
660
636
618
610
636
582
626
614
642
690
658
692
672
696
706
666
692
706
722
748
700
700
706
658
588
584
634
664
666
666
664
666
682
654
656
666
740
746
746
740
752
722
720
706
688
678
656
702
714
722
728
706
700
670
666
626
634
648
630
620
606
576
556
570
572
546
554
576
542
544
562
610
644
632
646
698
688
708
688
692
724
708
724
730
722
714
682
704
744
724
674
706
722
720
754
670
678
654
634
676
678
668
660
688
654
634
626
596
574
590
582
576
642
572
596
600
642
648
644
624
632
678
688
674
640
632
608
616
676
678
676
708
672
670
678
654
662
650
612
594
548
534
530
514
524
538
534
564
552
572
598
592
568
482
502
518
538
502
490
510
450
438
470
516
498
474
434
404
386
374
290
288
308
290
284
288
274
270
280
322
330
356
324
332
326
320
298
272
246
192
166
180
188
228
228
238
150
156
186
160
176
148
168
204
246
244
336
310
326
336
322
272
280
374
386
410
418
418
420
400
372
350
340
336
320
300
282
256
292
308
340
308
370
366
390
382
402
392
376
340
360
382
416
350
378
450
452
466
478
490
472
460
478
474
460
464
442
448
420
428
454
460
518
498
476
442
466
450
420
396
402
424
436
470
482
490
468
478
488
502
464
452
492
522
530
526
532
488
492
468
442
472
522
538
532
556
548
590
524
590
570
578
576
584
620
660
610
602
628
650
654
660
712
720
704
758
716
760
738
752
756
716
710
732
758
818
792
792
774
768
780
776
750
792
768
722
706
710
682
684
690
704
714
722
716
752
742
790
766
802
824
834
794
782
752
750
702
708
644
658
642
582
574
582
546
534
546
548
590
578
554
496
510
490
474
486
452
466
442
446
456
420
388
426
428
460
478
520
540
592
612
612
596
586
552
526
492
468
470
466
480
512
432
442
456
470
508
444
432
428
430
374
354
328
310
298
272
272
274
260
252
230
228
258
234
258
256
244
258
224
228
238
246
264
226
260
192
268
250
246
264
272
238
286
306
302
258
172
254
306
354
380
330
338
288
262
230
232
260
264
220
266
318
348
346
292
344
376
350
378
350
398
362
404
406
432
404
338
364
416
406
446
478
478
460
420
426
464
460
546
518
494
484
504
514
510
494
506
512
536
538
542
532
530
502
524
508
574
552
612
642
646
664
650
648
628
606
594
562
528
518
500
506
506
486
536
528
486
460
472
498
496
468
498
440
