332
378
316
288
256
204
192
208
218
258
234
250
236
218
230
328
408
362
316
282
364
372
330
304
390
424
414
368
402
464
430
408
418
484
516
450
448
512
568
546
680
652
594
544
586
650
688
700
724
772
924
872
888
912
882
932
956
958
972
986
990
922
928
926
938
1000
982
962
868
824
880
1004
950
1042
950
926
932
1008
1036
974
922
894
844
916
866
754
680
610
642
586
594
596
570
640
682
664
708
704
720
606
686
638
696
612
572
564
536
676
686
712
704
618
618
704
724
726
692
618
576
648
576
562
568
572
618
676
658
618
578
596
534
556
478
566
580
542
560
606
560
582
556
538
580
546
480
290
430
440
520
520
550
510
484
404
404
416
412
418
490
576
584
470
572
512
520
532
552
436
496
600
604
678
738
690
778
722
666
694
780
802
800
784
722
702
704
734
698
752
764
730
692
738
734
692
622
560
464
416
394
370
298
396
472
508
510
518
426
454
434
482
536
494
544
466
426
404
372
396
392
390
352
334
396
394
330
238
216
348
430
342
332
440
412
438
524
530
422
428
468
594
430
362
320
434
476
408
466
402
340
486
490
496
540
514
442
596
516
550
638
700
778
776
804
718
694
646
654
656
688
834
886
856
918
956
924
890
950
982
940
864
928
934
964
978
842
950
970
1000
1030
1002
1040
994
934
1028
980
972
882
752
828
856
968
918
950
970
912
948
884
986
902
814
754
724
708
612
704
776
800
758
698
666
576
590
628
640
640
624
562
462
518
352
382
364
374
378
398
414
464
396
372
300
340
270
246
224
200
138
166
228
178
146
108
40
22
86
108
192
262
258
374
254
254
142
144
38
34
34
8
64
48
8
116
116
210
222
166
140
206
150
58
94
60
48
94
116
146
10
54
58
68
138
184
220
184
116
38
114
84
132
146
156
174
286
340
410
452
486
372
304
302
334
400
320
376
278
396
396
482
492
394
476
484
458
498
492
536
522
560
666
720
736
786
688
738
662
704
610
552
604
604
522
520
504
598
562
474
462
380
412
418
400
408
344
298
350
278
222
248
168
134
194
160
58
162
160
8
104
24
8
2
30
142
102
134
100
80
36
6
72
120
140
196
166
132
68
62
52
14
12
152
176
208
118
140
146
136
84
150
160
110
128
106
106
186
162
150
110
136
194
140
206
244
272
206
210
346
398
384
402
344
286
346
500
406
398
414
438
450
400
448
414
438
542
672
666
768
726
694
666
750
712
778
794
750
768
784
830
774
762
716
730
674
674
702
774
836
862
874
822
842
838
830
848
876
856
960
920
948
1026
952
982
1054
1014
960
1016
980
984
1022
962
954
946
1026
1068
1052
1050
1048
1102
1080
974
930
828
772
818
814
854
864
830
812
802
820
884
886
994
1136
1110
1090
1134
1164
1200
1234
1160
1048
1002
1014
1060
1052
980
1010
976
966
978
1046
1044
988
970
964
1014
1004
1044
1044
980
1002
958
830
806
832
854
884
898
852
910
938
836
734
752
678
718
788
824
604
726
752
760
836
902
896
876
852
802
844
814
870
862
796
786
724
708
622
510
450
490
542
654
694
648
586
522
594
530
532
570
596
596
554
652
548
462
408
506
418
438
472
522
410
466
470
584
624
586
608
658
606
492
558
526
496
396
284
230
250
304
342
320
334
282
238
246
296
312
296
246
184
156
110
146
16
26
4
134
60
40
66
70
44
152
184
230
206
114
248
254
374
354
304
348
298
290
238
182
16
62
42
82
214
108
60
130
100
130
138
192
222
152
168
198
60
148
184
158
186
200
268
310
162
178
152
134
224
148
202
150
148
152
36
54
38
158
230
260
298
362
310
340
460
334
358
324
312
322
340
294
326
206
182
100
162
232
252
182
156
192
234
188
216
274
252
248
286
344
368
388
354
370
268
312
314
250
342
322
196
274
338
378
346
436
362
298
364
404
452
402
412
454
452
380
424
290
194
240
242
328
264
188
108
18
50
52
102
108
8
82
136
108
82
72
82
26
124
42
48
90
74
184
214
294
300
410
392
364
458
552
644
660
554
582
522
484
554
582
694
610
630
562
694
710
618
596
490
598
652
676
704
684
744
762
730
688
734
724
780
668
724
676
684
656
488
534
594
700
784
780
834
816
982
956
942
848
888
900
898
936
952
966
928
892
938
988
1028
1122
1030
1096
1118
1108
1006
988
1042
1060
1040
902
896
804
880
792
750
762
764
836
748
768
758
818
886
840
830
946
954
1004
966
842
978
928
874
856
878
914
970
1048
1020
1014
1068
1052
1044
1004
968
1000
866
886
888
868
942
990
952
952
938
920
962
906
896
912
758
694
714
792
862
784
726
720
834
966
952
908
904
866
830
822
842
924
952
936
916
1018
1104
1176
1146
1132
1004
966
982
944
870
916
1002
1128
1106
1190
1176
1168
1322
1312
1304
1256
1320
1224
1276
1220
1172
1116
1124
1068
1012
1010
1002
1038
1018
1142
1174
1158
1020
1014
940
892
836
1004
1142
1148
1130
1190
1146
1352
1284
1362
1314
1312
1224
1132
1176
1082
1108
1062
1032
1016
1060
1044
1098
1030
996
1046
1098
1114
1104
1098
1148
1174
1174
1184
1166
1066
1074
1154
1146
1136
1148
1098
1114
1142
1194
1326
1278
1366
1408
1462
1502
1484
1494
1620
1500
1580
1590
1528
1618
1550
1620
1526
1544
1538
1462
1504
1636
1582
1686
1600
1622
1704
1682
1630
1580
1434
1426
1504
1578
1648
1630
1678
1686
1722
1762
1794
1762
1760
1720
1744
1808
1702
1766
1768
1698
1710
1758
1840
1792
1830
1856
1862
1868
1870
1912
1976
1902
1904
1810
1848
1874
1848
1876
1950
1986
1890
1962
2008
2030
2000
2058
2006
1924
1920
1944
1948
1970
1876
1828
1716
1786
1860
1888
1918
1926
1994
1968
2034
2040
2018
2022
1950
1938
1966
2032
2066
2046
2046
2024
2002
2004
2062
2050
2010
1904
1968
1934
1866
1798
1816
1786
1796
1786
1756
1738
1750
1778
1894
1904
1898
1806
1768
1716
1666
1664
1730
1778
1770
1678
1640
1686
1724
1744
1732
1748
1686
1698
1714
1722
1728
1650
1674
1706
1680
1684
1736
1752
1690
1626
1626
1704
1694
1688
1676
1592
1628
1734
1698
1782
1764
1850
1900
1886
2044
2080
2080
2086
2000
2050
1926
1974
1960
1988
2030
1936
2000
2038
2014
1966
1950
1858
1814
1800
1798
1756
1718
1646
1630
1696
1742
1784
1752
1758
1658
1604
1472
1510
1604
1624
1630
1680
1610
1526
1528
1456
1436
1468
1514
1536
1624
1684
1642
1596
1616
1496
1498
1466
1534
1460
1342
1364
1410
1424
1442
1594
1596
1666
1680
1738
1678
1738
1782
1824
1750
1692
1754
1786
1816
1888
1850
1866
1824
1804
1850
1912
1898
1872
1838
1916
1798
1782
1732
1782
1786
1734
1766
1804
1872
1912
1938
1860
1898
1888
1896
1796
1778
1676
1506
1572
1628
1604
1640
1658
1612
1558
1612
1610
1644
1728
1718
1584
1476
1506
1510
1544
1522
1614
1608
1510
1580
1682
1636
1616
1552
1468
1410
1450
1314
1172
1214
1226
1320
1410
1518
1552
1566
1536
1540
1518
1534
1500
1488
1428
1390
1350
1336
1304
1278
1196
1254
1308
1430
1324
1396
1376
1476
1542
1556
1540
1532
1514
1496
1460
1536
1552
1484
1576
1558
1430
1388
1394
1384
1444
1432
1406
1416
1400
1340
1312
1198
1278
1346
1376
1322
1372
1274
1362
1174
1206
1198
1280
1448
1510
1538
1518
1476
1502
1436
1520
1616
1582
1510
1500
1400
1422
1408
1422
1406
1276
1232
1196
1212
1232
1214
1370
1342
1362
1262
1300
1374
1342
1308
1322
1238
1184
1284
1454
1472
1440
1376
1446
1440
1528
1454
1432
1396
1444
1386
1308
1290
1336
1438
1428
1416
1414
1302
1356
1324
1276
1278
1360
1380
1292
1310
1248
1202
1114
1122
1096
1120
1104
1056
1156
1160
1304
1302
1240
1210
1290
1336
1314
1324
1262
1290
1238
1204
1228
1184
1164
1192
1202
1094
1146
1238
1226
1156
1086
1140
1216
1242
1352
1320
1226
1224
1360
1406
1440
1466
1494
1476
1426
1432
1572
1548
1590
1798
1754
1896
1904
1934
1972
2086
2134
2070
1980
2086
2146
2218
2242
2292
2302
2292
2314
2292
2338
2306
2270
2268
2264
2150
2008
1998
2054
2036
2106
2062
2060
2026
1966
2050
2030
2102
2194
2160
2094
2042
2070
2082
2126
2114
2040
1982
2036
2116
2048
2036
1918
1964
1928
1950
1938
1942
1958
1998
1934
1872
1830
1890
1772
1802
1812
1856
1884
2002
1962
1946
1916
1772
1706
1724
1818
1894
1916
1818
1832
1880
1996
2016
2124
2154
2214
2140
2116
2136
2146
2218
2170
2146
2280
2268
2358
2386
2420
2370
2372
2348
2454
2534
2672
2692
2712
2770
2686
2706
2618
2628
2694
2734
2670
2664
2686
2756
2692
2686
2662
2622
2590
2554
2546
2506
2552
2448
2412
2462
2494
2576
2588
2638
2600
2620
2570
2524
2550
2620
2580
2634
2674
2702
2676
2576
2638
2728
2710
2664
2706
2640
2706
2710
2678
2674
2600
2520
2474
2530
2516
2482
2450
2422
2504
2528
2622
2584
2600
2612
2510
2432
2370
2466
2506
2476
2542
2554
2612
2654
2654
2618
2576
2570
2616
2588
2660
2748
2738
2658
2732
2794
2808
2756
2760
2752
2806
2820
2748
2736
2726
2722
2836
2772
2794
2732
2776
2746
2604
2736
2826
2848
2782
2802
2876
2884
2872
2898
2844
2838
2908
2992
2946
2986
2972
2956
2966
2912
2840
2828
2870
2930
2886
2842
2826
2808
2784
2822
2904
2914
2828
2782
2798
2896
2790
2764
2722
2728
2696
2716
2730
2772
2732
2816
2714
2696
2700
2762
2684
2704
2628
2726
2760
2716
2762
2766
2684
2712
2564
2488
2524
2578
2640
2598
2616
2814
2864
2832
2860
2862
2962
2904
2794
2838
2752
2664
2748
2736
2748
2718
2794
2792
2830
2792
2816
2834
2822
2766
2838
2814
2792
2874
2878
2848
2856
2818
2928
2972
2964
2998
2994
2978
2996
3000
2990
2970
3044
3064
3082
3118
3116
3036
2964
2962
2974
2824
2832
2808
2820
2856
2836
2832
2824
2790
2818
2788
2744
2766
2826
2872
2890
2976
3000
2936
2974
2966
2952
2938
3002
2996
3000
3006
3014
2954
2974
3022
2996
2976
2964
2904
2978
2990
3024
2982
2970
2914
2930
2960
2842
2836
2724
2612
2558
2588
2630
2592
2612
2600
2624
2588
2628
2560
2618
2570
2558
2562
2678
2632
2746
2688
2692
2760
2718
2626
2636
2548
2504
2538
2570
2662
2686
2676
2562
2500
2522
2476
2460
2462
2426
2382
2460
2372
2414
2438
2350
2290
