396
382
394
434
464
462
446
436
454
412
428
404
396
408
388
402
428
462
436
432
386
402
408
402
376
426
408
378
374
316
260
238
186
242
248
300
276
292
274
286
258
304
338
382
340
368
386
404
406
420
358
408
408
426
430
402
362
364
416
404
404
338
346
314
370
400
372
304
310
314
336
294
296
272
274
234
248
208
180
180
204
138
188
212
258
276
208
162
192
250
212
190
194
178
168
164
150
180
180
200
194
182
154
166
148
172
266
248
336
296
294
282
304
326
320
252
236
184
180
224
246
236
250
240
264
340
308
382
400
366
342
362
376
336
282
276
274
246
262
246
238
272
332
314
330
302
324
324
284
294
298
314
358
294
294
314
314
312
278
340
402
404
370
400
362
356
436
482
480
464
468
502
502
472
438
438
390
338
352
356
358
372
350
336
278
236
256
256
274
278
316
334
326
296
360
340
328
358
388
402
366
418
422
430
392
368
378
356
372
328
312
268
306
274
254
334
368
386
474
488
496
508
466
516
560
530
540
528
502
536
540
526
544
546
538
500
508
454
508
532
534
552
530
558
592
544
494
484
470
438
440
378
370
348
304
320
314
308
314
312
276
254
254
286
262
264
262
322
276
240
196
210
216
212
236
228
196
184
212
216
256
254
302
264
184
174
170
164
124
94
20
48
58
124
174
174
128
166
180
172
166
230
258
230
192
232
252
222
222
190
190
244
230
198
220
236
246
228
192
232
206
188
188
228
208
124
140
132
168
182
182
156
140
190
150
154
176
168
140
142
166
182
224
200
264
258
190
210
216
234
260
242
268
276
288
176
196
190
200
136
108
142
100
152
120
156
198
236
204
112
68
78
84
118
70
72
114
122
84
60
46
54
54
52
36
18
36
74
82
136
144
160
168
114
100
106
80
96
68
84
50
10
40
130
132
80
48
40
82
106
24
32
102
118
70
38
48
42
52
144
132
100
60
48
82
108
160
52
56
64
62
58
100
92
144
138
216
234
188
200
176
140
136
92
48
50
2
34
18
40
72
32
14
12
30
60
50
46
92
66
92
118
80
62
42
100
102
140
118
84
126
84
58
86
60
70
130
118
120
130
128
106
142
188
172
172
168
166
222
210
162
188
228
256
300
326
380
354
288
276
286
244
282
274
234
266
272
246
206
218
240
210
152
122
88
34
122
140
206
276
282
224
216
288
244
182
178
158
122
164
182
204
130
92
42
60
54
28
22
20
0
26
42
10
72
48
60
104
126
120
102
140
140
152
134
70
58
66
24
54
6
12
58
18
48
68
82
100
118
148
222
256
242
258
208
150
136
118
150
118
98
94
132
144
166
158
148
136
156
190
190
248
264
268
210
250
234
256
200
186
166
150
194
202
212
244
258
298
330
348
366
368
390
398
366
396
382
430
512
508
466
476
486
548
504
494
542
506
520
470
500
536
524
500
500
470
510
492
504
472
518
484
480
452
472
558
480
516
488
414
388
360
350
414
466
474
444
438
416
426
444
426
414
458
504
474
474
450
434
462
450
446
446
414
426
400
344
306
312
324
280
278
250
214
210
180
182
218
256
254
312
318
358
370
380
384
340
294
250
228
190
116
144
142
162
144
174
190
206
218
196
178
156
136
138
136
176
156
196
192
232
274
320
340
244
182
156
176
182
116
130
106
152
118
86
150
108
58
34
72
0
34
4
82
150
164
150
142
182
180
150
200
202
230
212
208
182
208
234
326
322
350
352
304
310
326
344
324
278
270
244
248
286
208
210
260
270
282
312
334
316
306
248
262
268
264
240
258
282
318
314
350
376
412
436
436
452
466
530
548
526
546
550
578
558
582
564
572
596
632
656
662
642
626
592
548
606
672
634
638
604
582
542
534
524
486
422
428
390
428
434
428
418
424
404
420
380
352
326
336
372
386
412
444
428
478
468
492
510
486
476
520
532
548
540
546
584
594
590
580
592
578
574
644
632
614
576
572
590
618
648
636
622
626
592
620
622
584
602
556
590
598
600
566
574
574
512
444
450
494
444
430
414
426
420
418
408
416
498
526
470
436
364
434
410
424
438
422
452
514
522
476
460
496
526
454
440
424
384
350
316
346
294
318
286
372
412
374
384
352
340
332
378
408
334
416
482
422
392
416
400
392
418
406
396
418
460
462
474
440
402
372
378
326
364
334
304
326
392
394
456
368
390
402
366
416
436
458
512
532
518
514
502
546
494
476
464
404
362
396
408
386
424
386
400
370
410
454
464
472
454
496
494
478
438
496
480
498
522
580
594
626
630
632
574
576
610
580
524
476
436
472
434
450
478
508
542
550
528
532
562
528
560
556
542
478
434
410
386
414
382
350
344
340
360
376
344
358
370
342
336
314
310
328
352
330
348
364
396
418
514
528
556
530
576
580
586
600
580
626
620
568
596
532
532
548
548
520
496
534
536
562
548
612
578
602
636
672
662
592
576
592
548
520
560
572
596
554
534
550
526
490
496
488
468
482
486
472
440
462
516
546
482
552
474
446
390
360
330
346
308
338
370
388
356
332
282
240
228
196
144
206
200
166
138
152
106
122
58
48
38
26
14
32
18
50
22
54
68
52
60
72
36
14
18
10
36
110
48
52
54
30
38
20
36
84
130
180
156
170
212
212
224
218
238
230
204
198
212
242
184
150
104
134
138
170
200
208
240
246
262
196
230
236
284
316
264
268
278
250
234
246
332
360
372
394
392
328
310
308
250
256
272
276
246
200
214
204
196
226
238
258
256
244
240
118
110
74
24
30
14
64
92
52
102
70
26
12
20
22
16
38
40
40
6
22
18
60
70
96
60
52
66
28
26
44
46
92
92
76
70
118
104
180
156
180
186
220
274
310
294
252
280
292
286
220
236
268
274
258
162
130
126
128
116
124
112
58
12
4
10
110
166
228
222
262
310
334
310
352
368
370
392
304
286
290
330
344
362
368
362
408
380
366
402
412
420
394
380
390
444
496
486
510
482
500
480
490
500
506
576
592
600
622
640
620
558
538
572
542
508
534
514
556
558
556
586
540
514
556
494
454
430
444
446
426
406
416
390
408
382
408
396
346
316
368
386
410
450
494
478
464
494
524
538
500
486
494
486
504
478
494
506
542
560
522
512
546
518
446
428
430
366
350
402
392
390
388
372
338
376
308
284
316
318
374
392
458
434
390
326
304
300
262
300
302
284
300
266
238
258
236
216
220
168
134
106
104
88
120
118
52
70
68
130
164
212
228
196
192
206
190
172
182
192
140
106
26
24
60
32
22
10
6
34
44
10
36
58
44
4
74
92
58
62
56
32
42
52
78
124
118
138
192
196
160
176
182
208
182
152
180
184
182
224
256
258
240
272
250
238
266
268
250
278
288
262
260
296
304
346
334
348
350
332
354
308
294
254
260
262
294
328
278
256
242
270
234
258
296
314
264
260
272
322
340
326
288
280
314
314
336
354
396
326
382
396
356
416
406
416
438
440
386
386
390
372
332
258
286
278
314
286
244
238
268
254
286
306
350
402
418
366
388
402
380
402
394
368
418
416
382
440
424
486
460
462
472
486
482
504
472
494
468
504
492
570
578
580
596
606
590
602
562
590
584
546
502
534
598
592
584
566
582
558
544
626
670
696
654
636
678
636
586
534
598
574
556
566
564
602
600
686
650
630
712
666
646
630
652
660
678
626
630
640
602
612
638
590
576
478
420
444
436
390
390
348
374
362
296
338
316
378
392
354
352
344
366
338
304
320
310
318
306
358
390
434
444
440
458
456
468
456
484
476
512
508
558
518
482
454
494
530
520
544
602
596
622
592
558
614
620
622
604
580
602
554
562
608
556
506
482
494
518
444
486
476
480
454
444
488
450
428
474
504
472
472
544
488
516
484
472
430
354
306
344
344
346
400
384
336
266
252
280
268
306
338
268
306
298
252
190
210
224
186
202
216
276
276
198
146
234
192
242
192
204
226
176
186
200
252
222
282
342
336
282
256
238
198
132
126
158
130
70
66
42
30
34
26
62
48
6
0
36
106
112
134
108
124
132
136
130
132
114
132
138
154
174
212
254
292
302
368
364
406
384
342
320
324
286
264
250
228
164
80
12
28
22
30
76
26
28
64
70
70
122
102
94
90
84
72
136
82
50
58
50
8
14
20
2
14
8
22
72
6
48
22
30
8
40
34
2
24
88
118
172
200
250
228
208
224
278
284
278
286
260
242
266
304
304
300
352
426
410
412
480
414
434
424
418
496
494
478
534
548
576
536
530
548
582
538
534
588
608
624
630
618
602
590
556
528
554
614
636
630
616
558
538
546
528
508
522
484
508
472
474
464
464
480
482
462
488
492
488
448
438
478
452
428
424
440
384
378
416
388
442
430
468
454
436
476
464
410
356
374
374
396
382
404
408
422
388
362
372
384
458
412
404
378
362
386
432
408
424
414
400
368
356
354
340
326
276
268
354
278
252
224
262
276
324
224
222
246
200
142
174
184
146
82
68
56
30
60
36
94
100
110
64
28
2
18
0
8
34
10
6
26
6
10
26
