390
408
402
418
394
374
398
436
438
440
418
406
402
444
486
440
440
430
406
400
356
454
460
494
494
512
480
490
508
560
564
482
490
472
488
518
526
446
420
420
430
436
374
380
450
486
488
550
564
538
556
568
542
530
512
524
498
450
444
458
474
450
478
518
546
548
542
582
554
508
510
498
460
450
462
456
472
482
482
504
536
538
538
544
462
506
464
432
384
390
352
350
392
368
328
328
284
290
298
350
396
384
372
428
436
452
406
408
382
372
352
358
376
396
438
438
422
412
356
338
344
386
396
354
354
352
342
340
440
394
450
416
380
394
376
388
386
406
370
322
302
298
332
314
276
296
238
228
206
150
132
86
92
90
126
130
142
88
80
88
84
88
84
84
118
156
94
90
102
22
32
8
26
18
24
46
26
20
8
28
76
100
116
94
92
40
16
34
34
16
0
58
10
12
8
10
40
100
108
130
176
110
88
132
68
54
42
14
18
18
4
26
22
16
28
78
28
68
134
130
50
56
104
90
76
34
14
12
30
20
44
74
112
84
98
120
132
104
138
166
186
176
126
110
62
14
26
12
28
30
44
20
68
116
128
130
146
136
120
136
140
132
120
120
170
128
110
68
60
84
10
6
36
24
54
42
86
64
66
70
76
110
142
128
156
144
178
154
90
70
114
120
160
176
124
162
130
110
92
52
110
140
162
148
192
138
52
68
22
36
4
60
72
40
88
156
160
88
180
206
228
232
250
246
228
260
254
280
336
376
336
402
384
334
290
220
228
246
328
334
314
392
412
456
452
456
452
476
454
468
496
476
494
536
494
406
358
368
400
358
304
304
346
368
380
308
274
274
304
278
278
322
324
324
366
288
296
306
296
286
276
298
288
316
314
346
318
352
368
368
366
368
394
440
450
446
460
458
442
434
380
418
362
346
370
398
382
446
524
496
488
528
544
554
550
552
500
512
498
474
436
472
450
448
428
382
334
320
286
256
304
302
248
244
290
274
234
238
216
236
188
216
230
182
232
246
290
296
310
270
274
270
224
238
250
238
206
142
146
156
74
44
44
48
6
78
98
90
72
108
134
182
168
170
172
160
182
148
186
188
178
172
172
184
270
314
320
320
304
272
302
316
260
264
272
280
340
320
332
330
336
392
382
326
390
378
368
396
390
362
350
450
478
456
462
380
360
352
356
344
340
362
368
362
352
320
286
290
300
238
304
326
336
376
372
382
392
350
326
324
358
356
434
414
416
394
360
360
392
430
366
464
410
406
448
428
430
412
438
424
424
412
414
396
422
382
370
380
450
406
428
392
450
420
452
484
458
414
482
488
510
548
540
592
564
580
542
570
562
550
522
488
436
420
362
408
418
448
422
418
422
476
458
488
478
408
360
404
342
374
328
338
316
316
254
276
252
242
270
268
314
330
362
402
424
400
434
458
386
342
378
328
380
396
374
326
362
388
336
338
338
324
322
374
366
374
340
372
408
414
410
436
460
456
424
414
412
410
370
372
370
384
356
362
330
378
344
324
302
290
318
352
342
370
392
376
420
402
386
410
434
468
422
452
386
438
434
452
494
502
454
468
470
478
446
432
492
508
564
566
586
614
646
618
626
614
598
628
654
638
656
642
626
596
576
610
566
508
506
496
454
430
400
402
474
496
486
430
500
544
564
538
546
508
412
418
404
432
470
406
338
356
360
374
392
356
334
370
358
326
332
334
300
304
310
342
364
318
296
310
368
328
308
334
306
304
298
270
240
240
244
236
188
224
198
144
172
210
228
212
216
224
170
194
160
130
68
104
104
66
14
12
16
4
22
10
68
124
116
66
30
0
18
56
40
4
62
54
2
16
50
42
46
76
30
22
60
16
12
4
26
24
28
16
78
96
132
168
162
128
136
88
100
148
142
180
212
200
146
106
106
64
6
40
26
44
8
12
20
34
58
84
140
190
194
224
282
332
320
298
234
238
264
244
268
270
246
236
250
288
272
250
304
298
340
338
342
342
338
410
438
438
428
410
368
378
376
334
332
382
384
404
424
440
498
476
466
448
434
414
420
386
420
418
420
456
478
436
482
532
528
542
470
440
446
412
384
454
440
394
452
394
422
436
464
414
446
424
494
516
518
532
528
536
554
576
534
532
552
556
526
546
530
508
498
508
558
520
512
502
530
542
556
566
552
516
508
468
446
424
486
472
508
510
494
552
550
520
564
554
560
588
618
578
610
664
674
704
668
664
664
654
612
610
636
620
632
594
612
618
576
550
546
512
486
414
376
428
440
392
374
370
350
322
336
292
216
248
234
188
134
96
106
88
88
90
90
44
38
26
12
62
78
74
102
6
56
118
158
154
172
128
114
100
106
106
118
98
66
48
68
66
6
16
2
26
24
8
18
36
98
98
144
180
182
170
150
158
222
300
360
308
344
376
394
350
372
344
334
328
352
344
372
396
426
416
376
382
332
308
296
282
196
170
158
192
236
232
270
200
174
198
240
196
210
188
206
200
222
218
228
238
216
206
172
140
90
108
198
204
196
170
184
148
128
128
132
110
170
182
198
232
238
198
220
196
174
190
228
232
214
174
136
154
62
52
42
18
20
60
116
94
62
74
66
86
82
68
68
92
130
100
76
32
36
24
66
94
96
58
90
148
98
62
22
16
2
18
68
78
22
16
28
42
60
76
76
50
108
66
52
34
52
126
88
138
60
56
46
86
48
94
72
48
12
12
14
20
40
74
110
102
100
114
178
210
228
262
262
274
310
288
278
304
270
254
274
324
272
240
224
200
208
202
196
186
190
186
122
108
58
56
98
108
122
124
142
184
216
208
206
238
266
302
288
212
172
170
176
134
192
216
184
138
174
164
226
186
174
172
204
182
224
174
226
178
236
264
272
266
188
164
138
90
100
80
82
42
100
110
108
114
132
114
48
38
44
16
66
100
120
188
142
110
86
90
94
46
24
4
6
50
42
44
4
36
14
12
32
78
44
22
42
106
114
106
114
144
98
160
158
226
300
242
292
248
296
306
308
350
404
374
354
322
290
306
310
246
224
292
274
326
332
320
338
334
392
420
344
342
372
380
402
424
382
308
328
264
220
178
234
178
108
68
34
32
44
108
36
110
146
158
116
172
170
182
166
146
118
100
80
92
70
8
4
22
16
4
34
30
68
38
6
16
30
6
38
20
58
60
106
122
80
114
82
56
44
82
100
102
144
190
204
212
168
158
140
162
132
140
116
130
124
76
132
168
166
146
196
234
236
246
228
236
228
224
220
186
206
222
228
268
286
282
228
170
168
192
214
250
210
230
238
280
284
284
260
298
262
220
292
252
266
264
310
314
350
326
354
356
370
374
332
324
332
324
312
298
308
312
320
344
342
374
360
388
360
334
310
308
356
350
356
356
300
330
372
386
378
390
378
380
376
380
382
370
388
372
364
302
288
306
258
282
334
346
320
304
294
288
272
292
350
366
350
322
312
288
306
276
254
236
210
288
302
312
302
264
314
318
308
374
368
356
326
312
296
314
306
260
222
246
212
190
214
270
230
144
144
140
170
164
128
122
148
100
114
158
174
194
196
204
214
182
216
192
202
144
166
230
206
240
212
206
206
212
176
238
218
206
224
254
226
274
274
270
334
364
336
344
340
394
372
360
300
294
286
208
258
326
302
324
240
220
176
152
156
106
108
80
104
118
144
138
108
98
104
104
58
56
30
72
32
32
50
96
124
104
144
180
178
124
130
88
102
100
110
38
54
22
24
34
30
32
0
42
24
20
68
64
124
104
106
120
106
132
44
62
50
76
118
110
102
162
170
138
144
130
94
116
164
152
112
114
52
36
38
24
46
48
14
54
108
118
122
168
158
114
82
162
128
106
116
160
128
84
100
86
64
84
136
80
90
70
60
54
88
60
46
96
90
130
132
124
122
80
66
32
38
54
110
94
98
96
104
104
72
38
56
102
12
12
8
14
44
46
74
84
30
48
118
46
96
82
92
18
120
96
76
62
100
106
102
66
24
78
118
118
86
56
52
92
152
134
90
86
180
226
250
264
292
264
242
224
184
186
110
114
90
34
26
54
10
48
60
8
0
34
50
56
58
58
106
112
132
126
80
34
56
44
6
74
36
96
86
106
132
146
88
82
150
128
108
88
24
24
38
22
22
10
30
46
74
80
118
164
158
104
92
94
124
118
130
118
44
8
28
16
44
48
30
52
66
86
72
42
10
12
56
80
120
110
94
88
88
72
114
124
108
78
120
90
126
120
156
182
188
164
172
150
146
94
94
108
148
108
150
156
194
224
256
286
262
254
250
270
246
218
186
188
150
170
140
152
182
178
192
200
192
204
198
168
224
190
210
212
208
270
286
300
254
154
82
60
64
110
172
148
178
182
158
170
172
184
250
224
248
272
296
268
280
236
236
196
206
252
276
228
262
280
264
310
290
262
294
286
348
352
380
380
330
282
316
372
382
424
424
426
398
430
460
466
448
486
498
512
416
352
396
372
334
314
254
234
240
286
342
324
310
288
234
278
304
274
252
272
380
408
392
394
