1614
1534
1592
1552
1564
1590
1624
1670
1672
1754
1638
1646
1582
1488
1462
1452
1400
1450
1404
1452
1410
1438
1362
1308
1228
1286
1280
1298
1332
1358
1502
1496
1474
1396
1438
1410
1498
1554
1586
1516
1480
1550
1398
1336
1302
1400
1388
1324
1346
1232
1216
1212
1200
1142
1086
1144
1300
1260
1358
1400
1446
1470
1508
1622
1660
1624
1540
1526
1516
1504
1480
1396
1394
1360
1346
1340
1290
1246
1182
1194
1182
1170
1254
1240
1280
1392
1406
1314
1336
1344
1198
1232
1190
1258
1374
1342
1300
1170
1112
1106
1046
1020
1018
958
830
810
790
778
808
834
886
878
876
908
944
1002
944
982
908
932
918
920
862
744
682
638
632
536
596
534
430
382
354
394
420
364
370
338
354
420
374
388
480
412
430
422
444
476
348
340
338
376
292
416
238
198
170
208
166
232
126
164
162
264
198
144
180
186
216
186
268
244
222
230
268
260
172
232
166
296
306
200
134
90
142
146
110
156
170
218
322
398
370
368
362
418
386
422
374
364
430
490
568
584
640
696
784
758
758
712
698
678
652
532
588
562
562
380
432
448
452
438
494
534
584
606
642
686
636
504
394
488
542
496
378
336
462
388
358
382
330
408
482
492
382
350
322
332
250
212
234
240
208
204
230
106
70
64
128
34
74
60
220
240
304
268
274
328
318
294
318
208
212
202
160
132
134
192
294
202
200
194
156
248
216
312
324
284
324
324
390
352
290
252
112
32
20
146
102
90
82
78
90
154
32
14
116
244
200
282
290
270
290
198
196
232
276
238
252
346
322
316
288
158
146
222
170
162
152
112
170
242
232
256
260
380
368
206
236
200
236
142
174
174
212
292
372
370
392
454
464
494
500
626
648
610
596
578
526
536
624
628
630
612
630
622
706
832
792
808
898
888
862
810
776
684
676
666
694
740
696
670
646
664
692
782
692
684
570
558
578
696
636
618
530
526
486
446
440
458
476
462
434
508
638
696
660
618
528
450
450
458
556
592
632
570
600
660
624
670
690
722
740
672
658
756
764
816
730
774
802
772
720
754
780
730
678
766
784
720
826
844
778
776
840
882
816
738
658
758
800
882
844
848
934
814
820
820
792
796
796
744
844
800
800
854
818
894
778
822
778
792
884
888
814
902
950
966
976
956
968
930
890
812
744
692
656
616
624
564
626
696
634
658
674
664
610
668
770
832
860
926
990
1014
832
794
668
642
690
836
770
816
890
846
1016
978
1002
904
990
960
882
932
930
924
932
772
776
798
816
772
888
908
988
972
1032
1036
976
1066
1044
1048
1064
1022
1076
1148
1122
1162
1140
1162
1180
1218
1256
1230
1360
1290
1442
1462
1460
1458
1480
1610
1692
1682
1650
1682
1754
1704
1744
1806
1840
1700
1738
1682
1688
1644
1706
1652
1662
1622
1694
1772
1698
1786
1742
1652
1664
1668
1720
1678
1736
1718
1718
1728
1718
1816
1786
1820
1902
1832
1858
1748
1708
1722
1782
1684
1732
1714
1634
1618
1602
1532
1608
1612
1534
1462
1474
1536
1558
1592
1672
1728
1710
1726
1752
1704
1716
1724
1816
1740
1764
1752
1870
1858
1820
1836
1736
1670
1700
1606
1538
1614
1598
1562
1520
1484
1502
1474
1524
1500
1522
1530
1566
1704
1718
1706
1696
1660
1690
1688
1728
1676
1798
1818
1732
1738
1718
1592
1582
1600
1586
1606
1630
1496
1508
1506
1458
1428
1386
1448
1396
1372
1286
1338
1436
1488
1514
1614
1632
1664
1688
1748
1828
1716
1770
1772
1776
1696
1818
1802
1888
1824
1924
1952
1974
1928
1824
1788
1788
1788
1722
1692
1658
1698
1774
1746
1860
1930
1806
1832
1782
1696
1686
1694
1556
1520
1546
1434
1432
1344
1178
1090
1110
1064
1006
1040
1064
1054
1068
1094
1130
1192
1236
1218
1190
1164
1118
1066
1082
1158
1114
1174
1144
1180
1046
1108
1108
1008
968
1004
1012
1052
1096
1240
1296
1310
1234
1332
1340
1248
1280
1242
1160
1228
1158
1214
1250
1188
1272
1286
1284
1228
1338
1398
1478
1526
1588
1522
1556
1408
1454
1528
1540
1580
1530
1462
1458
1482
1396
1458
1502
1434
1444
1424
1362
1532
1468
1404
1432
1296
1226
1110
1084
1124
1168
1138
1176
1052
1046
1048
1036
976
1008
1006
1058
1072
1062
1100
1116
1112
1144
1216
1126
1138
1196
1232
1354
1472
1366
1378
1424
1358
1452
1360
1270
1316
1276
1244
1252
1198
1160
1204
1290
1238
1254
1308
1340
1282
1344
1342
1402
1374
1342
1316
1264
1342
1412
1418
1350
1334
1396
1450
1452
1420
1528
1618
1558
1520
1446
1428
1396
1488
1604
1624
1544
1564
1636
1646
1592
1584
1606
1556
1602
1524
1582
1578
1576
1540
1562
1582
1510
1640
1498
1378
1370
1386
1378
1376
1378
1508
1528
1492
1488
1486
1518
1554
1594
1602
1520
1510
1566
1678
1632
1598
1618
1630
1724
1596
1576
1648
1604
1618
1586
1568
1532
1622
1654
1578
1658
1694
1680
1588
1588
1670
1674
1586
1534
1528
1530
1564
1624
1792
1852
1892
1932
1876
1882
2016
2018
2068
2136
2236
2306
2314
2302
2378
2338
2328
2276
2378
2414
2294
2350
2306
2312
2338
2312
2426
2444
2386
2460
2606
2572
2490
2512
2526
2680
2674
2662
2712
2704
2682
2682
2708
2702
2724
2732
2726
2760
2660
2750
2704
2756
2782
2866
2832
2988
2948
2898
2920
2866
2938
2842
2824
2864
2786
2776
2752
2764
2734
2832
2852
2830
2782
2756
2762
2770
2800
2910
2938
2944
3036
3030
3038
3026
2970
3004
2950
2864
2968
2976
3022
2926
2990
2996
2942
2972
2896
2858
2832
2756
2754
2746
2772
2782
2762
2822
2842
2788
2870
2898
2934
2934
2874
2858
2922
2930
2912
2820
2828
2860
2916
2950
2940
2910
2968
2916
2906
2824
2876
2822
2796
2822
2784
2768
2860
2898
2888
2784
2704
2698
2714
2720
2750
2794
2788
2818
2860
2780
2778
2788
2762
2642
2672
2612
2586
2574
2550
2634
2618
2566
2628
2592
2532
2564
2444
2440
2500
2542
2566
2626
2560
2640
2648
2594
2614
2652
2704
2704
2726
2726
2750
2666
2614
2670
2710
2668
2702
2686
2708
2754
2706
2674
2630
2692
2756
2806
2718
2648
2528
2542
2548
2632
2638
2602
2596
2548
2536
2492
2524
2458
2482
2472
2472
2622
2614
2596
2692
2724
2772
2772
2776
2894
2928
2986
2892
2892
2822
2814
2858
2904
2986
2948
2870
2882
2898
2982
2966
2958
2898
2882
2886
2896
2878
2886
2934
2934
3012
3076
3028
2924
2928
2844
2918
2838
2786
2822
2856
2818
2870
2834
2754
2832
2838
2938
2840
2878
2928
2824
2712
2680
2792
2780
2686
2646
2710
2678
2648
2562
2592
2664
2644
2628
2564
2550
2518
2532
2520
2472
2448
2428
2430
2346
2404
2454
2438
2412
2372
2504
2440
2368
2492
2496
2560
2526
2608
2640
2670
2698
2766
2828
2946
2818
2808
2724
2604
2634
2530
2526
2518
2496
2470
2444
2420
2352
2334
2462
2438
2536
2536
2586
2476
2478
2482
2532
2466
2482
2526
2564
2540
2638
2722
2632
2606
2548
2644
2622
2696
2716
2642
2592
2492
2446
2414
2388
2382
2536
2592
2554
2616
2640
2628
2608
2582
2480
2536
2576
2588
2588
2706
2740
2742
2774
2752
2808
2760
2830
2792
2850
2852
2972
3052
3128
3060
3110
3048
2952
2930
2944
2970
2962
2940
2952
2900
2978
2974
2932
3026
3006
2896
2942
2870
2908
2852
2812
2830
2822
2836
2884
2932
2900
2880
2886
2968
2942
2862
2800
2784
2836
2726
2762
2766
2762
2794
2694
2832
2862
2748
2784
2764
2760
2832
2880
2890
2802
2824
2756
2782
2762
2724
2706
2772
2766
2750
2794
2798
2746
2764
2742
2754
2774
2772
2808
2850
2972
2856
2848
2808
2814
2708
2716
2558
2534
2568
2656
2656
2662
2656
2640
2712
2708
2728
2760
2716
2788
2796
2812
2764
2790
2876
2866
2966
3008
2974
2900
2894
2976
3024
2988
3006
2952
2956
3014
3006
2994
2990
3022
2996
2916
2990
2968
3000
2958
2894
2850
2870
2976
2986
2882
2976
2952
2962
3034
3110
3200
3088
3048
3038
2980
2994
3032
2892
2806
2836
2862
2922
2864
2894
2974
2888
2976
2956
2832
2884
2928
2864
2876
2834
2754
2822
2916
2898
2874
2848
2846
2768
2676
2658
2576
2612
2572
2544
2518
2606
2546
2526
2550
2468
2522
2418
2352
2374
2476
2470
2452
2448
2442
2456
2382
2418
2302
2108
2104
2118
2062
1930
1898
1968
1868
1882
1804
1822
1942
1882
1828
1906
1860
1842
1860
1858
1952
2060
2100
2070
2022
1860
1798
1774
1706
1666
1698
1646
1600
1556
1656
1722
1686
1612
1664
1664
1754
1700
1680
1640
1728
1720
1766
1788
1730
1744
1664
1592
1594
1542
1638
1608
1618
1634
1690
1754
1720
1528
1500
1502
1516
1624
1578
1666
1646
1714
1708
1682
1560
1496
1492
1456
1428
1496
1380
1292
1304
1352
1416
1386
1328
1284
1366
1336
1326
1308
1290
1182
1272
1216
1238
1272
1264
1212
1268
1252
1212
1180
1214
1252
1196
1178
1172
1108
1232
1152
1190
1086
1138
1168
1216
1162
1148
1128
1070
1046
1016
1012
980
966
1014
1048
1080
1120
1132
1166
1156
1058
1040
1072
1054
1122
1206
1188
1260
1200
1226
1274
1296
1312
1256
1108
1030
944
926
1004
940
1104
1116
1064
1156
1162
1284
1282
1324
1232
1162
1204
1266
1270
1286
1328
1324
1284
1350
1328
1248
1232
1174
1192
1234
1178
1260
1236
1260
1266
1350
1294
1226
1346
1406
1440
1424
1366
1358
1328
1322
1186
1218
1116
1068
1116
1032
1094
1006
928
958
1074
1132
1114
1194
1184
1244
1198
1254
1144
1160
1122
1084
1078
1040
1036
1082
1030
998
984
1024
1080
1080
968
940
908
956
964
856
806
714
736
590
592
664
698
638
602
526
598
538
590
476
404
400
310
268
242
282
160
154
128
68
36
88
158
48
72
74
66
106
112
136
72
86
86
118
124
82
70
110
174
154
132
186
242
266
292
308
314
352
364
370
458
454
562
532
478
512
472
504
438
402
488
424
458
434
486
552
576
528
388
440
416
382
262
246
206
316
360
450
546
572
518
640
578
580
566
470
488
432
356
424
420
464
274
324
370
398
432
330
318
360
310
328
414
354
270
314
346
294
334
306
298
352
298
332
280
280
288
386
410
462
440
460
500
472
488
418
434
496
568
626
576
584
508
534
588
534
518
468
484
534
468
516
524
400
448
492
436
448
412
476
590
522
536
582
716
856
840
818
878
844
822
798
810
680
772
740
828
942
864
756
806
756
742
648
646
696
742
854
908
990
996
858
820
780
696
654
722
722
720
778
810
826
816
770
706
718
766
588
608
718
654
692
638
620
646
566
560
550
520
584
566
610
658
622
742
818
772
816
806
802
768
770
770
834
784
794
734
786
786
866
878
834
778
838
920
840
876
886
946
932
918
1080
1050
1012
1020
940
886
966
926
