8128
8106
8028
8104
8078
8014
8016
7966
7998
7938
7942
8062
8052
8116
8026
7994
7956
7962
7930
7916
7896
7824
7820
7906
7888
7958
7956
7998
8020
8042
8086
8166
8156
8132
8118
8114
8116
8010
8002
8040
7974
8042
7986
8006
7970
7938
7936
7972
7946
7982
8024
7968
8028
7994
8034
8056
8006
7980
8062
8104
8108
8068
7988
8046
8140
8036
7994
8030
7980
8040
7906
7838
7890
8040
8004
7998
8002
7930
7928
7900
7850
7862
7826
7862
7820
7844
7822
7818
7768
7764
7760
7728
7812
7772
7890
7782
7862
7884
7874
7838
7716
7756
7772
7678
7646
7640
7630
7758
7828
7794
7820
7826
7822
7874
7826
7814
7810
7854
7814
7912
7814
7906
7890
7940
7988
7868
7862
7868
7886
7896
7846
7816
7836
7846
7978
8008
8008
8028
8038
8072
8002
7922
8006
7954
7892
7910
8064
8096
8016
7912
7936
7958
7942
7976
7948
7960
7968
7878
7908
7952
7880
7844
7844
7998
8018
8010
7948
7946
7990
7958
7906
7932
8028
7992
8052
8158
8130
8132
8114
8076
7976
8030
8056
7952
8078
8032
8002
8042
8004
8048
8008
8066
8090
8084
7992
7956
8042
8142
8106
8016
7998
7920
7866
7864
7982
8070
8020
8130
8030
8006
8012
8076
8072
8018
8044
8048
7936
7914
7896
7870
7808
7722
7648
7864
7824
7870
7838
7964
7848
7906
7788
7818
7874
7902
7834
7864
7784
7960
7928
7906
7996
7938
7934
7894
7888
7890
7944
7944
7898
7856
7892
7864
7966
7836
7846
7870
7820
7812
7802
7792
7808
7736
7708
7674
7674
7728
7694
7692
7752
7776
7750
7818
7836
7870
7862
7908
7764
7802
7824
7812
7826
7878
7890
7906
7932
8042
8170
8032
8106
8134
8160
8008
8052
8118
8046
8020
8090
8050
8044
8124
8014
8034
7962
7994
7970
7844
7820
7894
7920
7892
7940
7828
7826
7932
7906
7934
7912
7926
7976
8058
8092
8094
8066
8012
7948
7886
7966
7810
7930
7952
7920
7964
7926
7986
8054
8092
8252
8212
8138
8020
8004
8002
8056
7994
7898
7982
7916
7966
7972
8056
8028
7962
7948
7928
7990
8018
8050
8086
8062
8068
8036
8082
8028
7972
7888
7894
7926
7928
7846
7764
7868
7826
7786
7790
7724
7780
7766
7894
7970
7992
7878
7910
7918
7954
7948
7950
7974
7938
8078
7952
7932
8048
8090
8064
7988
7924
7930
7902
7788
7658
7664
7690
7738
7724
7732
7700
7806
7752
7770
7750
7806
7728
7602
7624
7536
7576
7572
7730
7800
7732
7732
7764
7696
7676
7656
7610
7710
7652
7676
7716
7692
7724
7728
7720
7718
7780
7846
7832
7770
7734
7844
7882
7822
7850
7766
7744
7684
7700
7614
7646
7658
7536
7476
7546
7620
7650
7696
7718
7718
7654
7758
7686
7680
7774
7786
7732
7766
7830
7892
7856
7876
7868
7878
7892
7990
7974
8008
8062
7898
7918
7916
7778
7782
7802
7798
7770
7774
7798
7836
7862
7852
7810
7722
7638
7686
7700
7634
7702
7794
7750
7748
7756
7814
7766
7724
7672
7636
7578
7682
7704
7622
7556
7444
7482
7444
7488
7502
7520
7546
7510
7546
7574
7566
7564
7568
7452
7428
7370
7426
7404
7388
7376
7392
7406
7500
7472
7426
7480
7420
7356
7282
7410
7382
7370
7442
7318
7272
7292
7332
7414
7510
7476
7482
7522
7344
7278
7336
7354
7354
7328
7454
7502
7512
7552
7536
7630
7540
7634
7520
7616
7576
7392
7402
7498
7530
7554
7524
7508
7568
7488
7406
7374
7324
7278
7360
7302
7378
7448
7400
7494
7610
7588
7560
7588
7640
7648
7674
7680
7666
7622
7590
7602
7548
7566
7582
7552
7454
7488
7436
7438
7426
7468
7450
7490
7462
7268
7198
7166
7096
7134
7180
7302
7328
7306
7356
7290
7160
7262
7336
7412
7404
7448
7532
7470
7426
7426
7462
7462
7634
7706
7652
7698
7782
7858
7740
7730
7702
7666
7664
7602
7626
7654
7622
7584
7538
7386
7368
7456
7474
7486
7484
7534
7542
7508
7506
7548
7596
7584
7634
7642
7648
7582
7546
7548
7714
7656
7596
7572
7568
7526
7556
7578
7724
7684
7664
7592
7624
7580
7598
7614
7536
7484
7600
7584
7550
7566
7588
7582
7590
7598
7540
7462
7614
7612
7612
7534
7570
7614
7638
7680
7678
7744
7752
7876
7828
7794
7818
7864
7910
7764
7824
7786
7844
7856
7888
7898
7924
7910
7950
7854
8018
7976
7828
7940
7974
7878
7872
7860
7866
7852
7786
7890
7900
7862
7806
7796
7806
7804
7802
7724
7632
7706
7630
7584
7644
7728
7646
7670
7724
7722
7818
7722
7798
7860
7902
7870
7860
7862
7968
7898
7978
7998
8088
8074
8054
8010
8052
7898
7994
7936
7970
7938
7884
7948
7986
7956
7896
7894
7838
7814
7908
7812
8030
8008
7994
7980
7960
7976
7944
7984
7978
8018
7946
7966
7996
8106
8150
8138
8096
8122
8000
7990
7990
7978
7942
7912
7896
7886
7994
7940
7924
7998
7998
7858
7906
7928
7872
7936
7910
7900
8024
8020
8094
8154
8132
8172
8224
8214
8240
8150
8170
8168
8144
8208
8232
8146
8068
8010
8048
8088
8042
8084
8108
8106
8082
7950
8010
7954
7944
8016
8086
8102
8174
8156
8128
8104
8078
8060
7990
7952
8004
7946
7894
7912
7926
8044
8034
8074
8078
8054
7990
8008
8064
8032
8032
7954
8052
8120
8132
8304
8196
8204
8144
8102
8126
8198
8202
8106
8106
8120
8090
8156
8112
8124
8158
8144
8080
8016
8082
8020
7964
7942
7938
7920
7920
7924
7866
7952
7938
7932
7874
7888
7958
7888
7872
7894
8000
8050
7992
8024
7906
7962
7984
7918
7934
7920
7968
7934
7936
7938
7964
7982
8004
7992
7936
8058
7956
7922
8006
7930
7942
7974
8010
8034
8068
8082
8030
8024
7934
7906
7820
7896
7850
7810
7802
7992
7988
7926
7898
7806
7864
7814
7896
7896
8012
8038
7962
7924
7916
7964
8048
8004
8080
8096
8120
8166
8130
8138
8140
8190
8058
8022
8076
7986
7976
7962
7960
7962
7996
8046
8012
7980
7986
7826
7876
7942
7946
7930
7876
7900
7906
7878
7960
8010
8022
8108
8060
7996
7994
8026
8108
8056
8154
8130
8118
8168
8166
8106
8036
7990
7946
8014
8014
8130
8050
8018
7958
7970
7952
7918
7902
7826
7838
7802
7810
7850
7852
7892
7944
7776
7778
7772
7816
7684
7694
7728
7792
7774
7772
7772
7898
7980
7998
7966
7982
8052
7992
7896
7972
7954
8086
8094
8094
8132
8080
8054
8122
8072
8066
8084
8062
7990
7964
8022
7942
7976
7962
7902
7880
7988
8110
8096
7938
7956
8112
8124
8030
7918
7826
7838
7894
7978
7976
7916
7972
7934
8000
7958
7970
7990
7920
7916
7962
7946
7868
7920
7826
7896
7914
7852
7908
7918
7962
8026
7984
7942
7808
7898
7802
7790
7714
7696
7804
7852
7778
7702
7620
7536
7642
7720
7742
7682
7674
7728
7764
7770
7808
7872
7874
7834
7852
7746
7808
7864
7798
7746
7832
7864
8002
7970
7964
8040
7918
7854
7814
7788
7802
7814
7814
7796
7812
7806
7828
7780
7754
7776
7830
7858
7896
7832
7878
7936
7848
7894
7952
7974
7964
7842
7904
7728
7714
7790
7800
7900
7934
7882
7836
7760
7782
7820
7886
7908
7890
7946
7864
7858
7908
7906
7910
7958
7994
8090
8046
8032
8116
8104
8100
8140
8080
8012
8082
8076
8072
8064
7996
7900
7918
7912
7978
8046
8014
7936
7958
7942
7976
8070
8084
8028
8048
8122
8070
8064
7872
7894
7852
7866
7866
7926
7786
7798
7876
7950
7854
7824
7778
7826
7854
7848
7902
7932
7888
7906
7888
7772
7816
7796
7764
7864
7912
7908
7878
7884
7810
7846
7936
7898
7852
7874
7882
7952
7890
7932
8002
8076
8028
8070
8090
8072
8110
8076
8128
8110
8198
8076
8152
8174
8162
8142
8118
7992
7882
7886
7866
7930
7860
7844
7956
7830
7760
7780
7830
7856
7878
7918
7854
7848
7818
7942
7880
7876
7884
7848
7888
7892
7846
7918
7874
7874
7854
7866
7800
7870
7800
7870
7912
7926
8032
8020
8012
8054
8022
8072
7924
7928
7894
8006
7924
7926
7902
7930
7892
7854
7914
7940
7870
7950
7910
7940
7990
7998
7984
8044
7982
7982
7888
7908
7972
7914
7948
7978
8050
7974
7996
7982
7982
8004
8022
8100
8132
8146
8018
8028
8052
8044
8046
8010
8136
8116
8226
8178
8242
8192
8096
8030
7892
7920
7886
8004
7988
7922
8002
7932
8120
8124
7978
7968
7946
7954
8016
8048
7992
8010
7966
7948
8038
7974
7924
7934
7988
8044
8088
8072
8136
8102
8100
8044
8006
8002
7988
8020
8064
8062
7992
7922
7920
7900
7972
7952
7822
7766
7828
7798
7770
7636
7576
7628
7642
7748
7816
7738
7846
7880
7964
7912
7946
7918
7946
7828
7822
7860
7900
7822
7778
7818
7782
7804
7796
7834
7818
7948
7910
7904
7788
7872
7836
7940
8008
7994
8014
8038
7964
7896
7918
7980
7946
7892
7872
7820
7760
7770
7820
7802
7816
7792
7874
7932
7938
7774
7860
7814
7822
7804
7742
7692
7706
7696
7688
7736
7768
7778
7794
7786
7804
7868
7924
7918
7946
7880
7864
7862
7900
7796
7844
7788
7834
7918
7886
7834
7826
7818
7762
7856
7820
7864
7924
7878
8032
8114
8114
8088
8062
8028
7974
7986
7978
7968
7900
7848
7786
7838
7770
7792
7706
7828
7864
7832
7770
7684
7732
7688
7794
7856
7860
7840
7770
7748
7702
7818
7754
7792
7826
7816
7758
7878
7820
7968
8046
8116
8098
7996
7970
7970
7926
7890
7898
7924
7846
7822
7772
7702
7752
7754
7762
7682
7632
7680
7548
7580
7594
7574
7542
7568
7658
7682
7668
7726
7616
7644
7588
7750
7684
7692
7644
7612
7702
7794
7742
7696
7718
7732
7720
7666
7746
7850
7778
7818
7760
7730
7688
7772
7774
7768
7798
7866
7888
7890
7956
7910
7844
7882
7906
7876
7812
7844
7792
7840
7864
7840
7876
7908
7860
8004
8048
7990
7984
8028
8006
8078
8032
8010
8000
7946
7944
7966
8000
7978
7990
7980
7884
7984
8056
8066
8002
8036
8066
8042
8102
8012
8014
7974
7980
7910
7868
7824
7802
7876
7978
8110
8064
8102
8032
7978
7972
7962
7914
7838
7884
7946
8004
7920
7832
7774
7768
7766
7810
7858
7822
7788
7734
7804
7814
7754
7644
7758
7774
7900
7816
7788
7808
7796
7900
7946
7970
7956
7970
7998
7952
7978
7928
7992
7934
7946
7932
7908
7922
8032
7990
7928
7946
7908
7956
7890
7966
7918
7874
7884
7984
7872
7924
7994
7996
7920
7932
7984
7984
7998
7874
7860
7910
8004
7944
7910
7962
7908
7984
7988
8032
7992
7852
7854
7730
7834
7774
7676
7520
7526
7538
7552
7568
7572
7610
7648
7564
7448
7368
7356
7338
7464
7528
7554
7616
7610
7680
7618
7646
7648
7732
7754
7702
7840
7878
7848
7772
7768
7744
7782
7810
7788
7738
7626
7724
7750
7704
7606
7618
7650
7608
7550
7594
7626
7604
7536
7502
7560
7616
7584
7542
7522
7506
7606
7566
7588
7654
7674
7686
7686
7828
7774
7770
7680
7710
7678
7700
7598
7600
7726
7788
7810
7794
7784
7756
7684
7682
7696
7908
7932
7820
7862
7930
7988
8086
8098
8128
8066
7970
7892
7838
7874
7926
7864
7938
7960
7946
8030
8060
8108
8208
8228
8126
8094
8118
8102
8062
8094
8160
8124
8044
7990
7956
7984
7832
7668
7756
7908
7938
7920
8004
7964
7906
7858
7846
7938
7966
8028
8010
7920
7906
7926
7892
7850
7798
7720
7698
7730
7746
7806
7850
7958
7916
7860
7898
7854
7874
8008
7980
7908
7946
7956
8010
8022
7970
7868
7876
7920
7946
7972
7912
7936
7876
7884
7860
7860
7958
7950
7968
7954
8092
8082
8022
8084
8124
8118
8050
8100
8116
8050
7936
7936
7874
7874
7936
7850
7818
7802
7866
7964
7950
8026
7970
8048
7938
7978
7976
8048
8026
7998
8032
8052
8046
8074
8106
8096
8058
8158
8018
7950
7882
7906
7796
7936
7876
7904
7940
7864
7882
7984
7934
7968
8026
7988
