7652
7572
7540
7488
7578
7652
7618
7550
7532
7456
7462
7496
7414
7488
7474
7400
7388
7392
7474
7502
7550
7534
7468
7450
7324
7334
7424
7418
7506
7594
7554
7636
7630
7610
7612
7600
7622
7686
7752
7908
7834
7826
7820
7928
7804
7894
7902
7890
7876
7902
7792
7724
7646
7666
7582
7596
7608
7630
7556
7526
7474
7514
7608
7558
7536
7602
7664
7760
7750
7774
7744
7776
7746
7652
7706
7662
7536
7534
7602
7524
7528
7546
7534
7526
7482
7540
7604
7478
7520
7520
7670
7648
7594
7786
7672
7772
7642
7612
7574
7574
7664
7632
7678
7648
7518
7466
7420
7500
7492
7524
7500
7566
7456
7424
7512
7534
7556
7414
7340
7306
7326
7350
7388
7398
7392
7434
7456
7370
7306
7260
7320
7330
7414
7300
7278
7442
7526
7364
7354
7308
7308
7328
7286
7200
7224
7232
7204
7344
7404
7448
7476
7462
7498
7410
7584
7596
7548
7532
7542
7502
7552
7650
7614
7554
7578
7596
7594
7646
7570
7502
7440
7356
7158
7136
7204
7264
7346
7332
7450
7420
7368
7410
7470
7388
7420
7410
7402
7324
7340
7298
7386
7398
7470
7486
7448
7482
7466
7456
7424
7430
7384
7404
7488
7516
7502
7638
7654
7702
7790
7714
7750
7618
7584
7586
7536
7586
7634
7632
7678
7820
7734
7622
7572
7552
7520
7604
7686
7676
7708
7614
7538
7384
7582
7494
7606
7566
7576
7508
7598
7530
7508
7504
7566
7556
7694
7696
7764
7680
7662
7746
7732
7582
7668
7676
7794
7730
7578
7502
7490
7486
7414
7424
7430
7512
7500
7428
7470
7476
7440
7462
7542
7514
7464
7424
7344
7496
7458
7492
7522
7484
7510
7538
7374
7368
7356
7364
7262
7370
7346
7396
7418
7340
7464
7376
7242
7276
7200
7238
7158
7166
7326
7370
7242
7238
7288
7278
7152
7278
7260
7268
7284
7268
7344
7218
7162
7154
7226
7366
7386
7358
7394
7496
7618
7654
7612
7684
7732
7672
7744
7650
7722
7756
7690
7776
7642
7470
7462
7462
7444
7456
7490
7416
7390
7444
7358
7414
7476
7524
7564
7578
7512
7504
7610
7622
7590
7502
7548
7616
7654
7610
7558
7610
7628
7518
7464
7428
7386
7404
7350
7312
7426
7404
7446
7324
7348
7452
7408
7446
7442
7416
7386
7296
7388
7368
7498
7426
7478
7486
7516
7442
7376
7372
7400
7416
7400
7456
7520
7538
7582
7446
7480
7442
7478
7494
7440
7386
7396
7308
7334
7442
7454
7430
7430
7414
7410
7452
7466
7448
7402
7464
7404
7506
7554
7486
7490
7546
7504
7520
7424
7510
7502
7434
7502
7352
7368
7386
7422
7402
7358
7208
7058
7200
7256
7296
7246
7238
7222
7214
7232
7324
7430
7534
7362
7318
7318
7298
7210
7270
7340
7378
7368
7272
7326
7386
7336
7232
7138
7180
7180
7142
7244
7178
7254
7318
7306
7224
7238
7250
7310
7308
7396
7462
7538
7568
7600
7588
7576
7590
7570
7606
7566
7580
7550
7502
7482
7496
7468
7558
7574
7692
7606
7520
7568
7580
7490
7476
7378
7418
7418
7434
7314
7314
7398
7470
7420
7460
7506
7492
7460
7374
7308
7260
7286
7318
7228
7350
7400
7380
7208
7194
7196
7282
7278
7382
7372
7314
7376
7306
7364
7368
7468
7498
7512
7522
7526
7436
7322
7342
7394
7356
7312
7328
7298
7288
7342
7236
7176
7134
7014
7054
7058
7116
7058
7170
7178
7152
7204
7174
7206
7288
7268
7180
7254
7316
7264
7274
7206
7344
7434
7514
7470
7420
7448
7388
7454
7392
7468
7424
7364
7286
7172
7186
7198
7210
7106
7186
7208
7260
7390
7384
7366
7284
7354
7272
7152
7084
7162
7156
7106
7158
7130
7276
7350
7334
7346
7438
7408
7380
7478
7494
7432
7396
7378
7336
7316
7312
7300
7312
7236
7226
7236
7280
7222
7222
7174
7166
7096
7082
7072
7130
7118
7064
7044
7072
7058
7030
7074
7070
7056
7042
7080
7136
7154
7142
7096
7088
7216
7222
7194
7190
7260
7374
7418
7490
7502
7436
7540
7502
7360
7378
7398
7436
7272
7310
7354
7410
7434
7386
7480
7510
7590
7534
7674
7590
7606
7566
7588
7600
7510
7528
7562
7540
7628
7488
7450
7412
7502
7480
7544
7470
7526
7500
7372
7354
7274
7200
7170
7206
7224
7152
7234
7252
7364
7394
7420
7406
7382
7352
7398
7232
7344
7292
7328
7498
7436
7440
7480
7412
7486
7538
7534
7660
7654
7594
7582
7514
7542
7634
7670
7768
7716
7856
7892
7860
7856
7806
7688
7626
7602
7560
7440
7550
7558
7660
7570
7574
7522
7518
7506
7498
7566
7598
7698
7640
7680
7778
7708
7618
7704
7752
7724
7690
7844
7760
7686
7656
7618
7668
7676
7664
7700
7660
7600
7730
7806
7896
7952
7950
8006
7938
7842
7804
7814
7802
7826
7900
7820
7834
7778
7672
7784
7758
7668
7730
7656
7618
7642
7520
7372
7420
7526
7408
7430
7384
7332
7402
7468
7450
7496
7532
7454
7416
7344
7398
7320
7366
7388
7414
7262
7332
7354
7440
7496
7514
7550
7502
7474
7446
7498
7502
7578
7656
7632
7528
7528
7604
7636
7684
7622
7622
7504
7470
7518
7652
7640
7568
7536
7702
7650
7724
7600
7562
7552
7544
7566
7648
7558
7558
7586
7694
7734
7772
7614
7552
7482
7348
7342
7370
7296
7348
7386
7322
7378
7396
7472
7444
7468
7416
7488
7490
7450
7526
7580
7660
7552
7506
7548
7534
7530
7610
7682
7602
7696
7754
7730
7730
7648
7710
7568
7572
7464
7662
7716
7718
7698
7714
7564
7626
7416
7532
7460
7400
7496
7530
7640
7622
7552
7654
7770
7730
7772
7776
7880
7900
7826
7888
7792
7680
7768
7756
7810
7662
7686
7692
7822
7820
7742
7740
7730
7738
7650
7710
7678
7652
7660
7646
7628
7532
7574
7474
7524
7536
7606
7576
7576
7548
7512
7508
7576
7572
7552
7542
7584
7744
7650
7598
7548
7504
7564
7470
7498
7468
7494
7470
7610
7634
7582
7556
7662
7642
7716
7634
7686
7622
7606
7588
7686
7746
7732
7770
7808
7590
7610
7684
7632
7548
7544
7600
7646
7638
7600
7558
7638
7638
7652
7586
7616
7494
7586
7590
7606
7634
7632
7658
7728
7756
7814
7876
7790
7756
7776
7798
7788
7854
7786
7750
7746
7800
7786
7786
7724
7798
7856
7776
7692
7816
7722
7760
7748
7754
7728
7730
7812
7780
7760
7704
7788
7688
7652
7690
7592
7582
7526
7554
7598
7464
7500
7450
7410
7442
7594
7580
7670
7778
7770
7794
7732
7890
7802
7666
7566
7494
7568
7632
7598
7554
7696
7648
7660
7606
7670
7738
7718
7658
7680
7762
7570
7514
7574
7558
7564
7548
7582
7570
7524
7526
7540
7594
7598
7596
7604
7598
7540
7466
7524
7484
7520
7604
7554
7530
7412
7402
7378
7506
7526
7506
7538
7474
7396
7294
7414
7392
7350
7348
7278
7158
7122
7090
7146
7188
7224
7194
7142
7198
7324
7326
7340
7360
7308
7306
7380
7264
7370
7272
7252
7258
7176
7054
7004
7082
7148
7210
7148
7250
7242
7230
7174
7218
7226
7116
7210
7272
7294
7308
7358
7298
7432
7346
7414
7472
7458
7408
7582
7534
7444
7408
7310
7288
7300
7232
7306
7346
7456
7392
7350
7356
7420
7328
7402
7392
7404
7384
7456
7342
7388
7334
7264
7288
7322
7210
7164
7260
7316
7258
7298
7410
7478
7392
7392
7380
7536
7546
7650
7632
7638
7510
7476
7410
7486
7496
7490
7494
7472
7408
7460
7414
7368
7330
7254
7248
7194
7176
7078
7228
7368
7280
7294
7290
7306
7336
7406
7442
7550
7540
7518
7562
7592
7704
7710
7740
7796
7772
7784
7770
7736
7778
7850
7916
7868
7842
7940
7898
7908
7908
7950
8052
7974
7914
7860
7882
7882
7862
7870
7884
7846
7866
7850
7824
7724
7574
7556
7512
7612
7748
7754
7708
7700
7700
7664
7642
7528
7656
7672
7602
7508
7408
7458
7564
7642
7578
7552
7618
7552
7538
7584
7682
7564
7654
7666
7566
7498
7570
7500
7628
7594
7584
7590
7576
7652
7628
7606
7668
7654
7694
7598
7530
7692
7614
7596
7576
7712
7678
7572
7632
7516
7578
7462
7476
7570
7588
7416
7418
7436
7430
7442
7578
7720
7564
7512
7602
7614
7592
7532
7492
7456
7464
7550
7584
7504
7522
7492
7480
7476
7444
7470
7496
7292
7132
7126
7184
7262
7256
7206
7292
7212
7246
7220
7228
7332
7318
7220
7280
7272
7262
7350
7326
7310
7318
7248
7268
7322
7340
7222
7314
7234
7242
7216
7234
7266
7242
7200
7286
7270
7252
7276
7396
7402
7518
7496
7414
7392
7470
7488
7474
7394
7340
7250
7256
7304
7326
7326
7404
7424
7488
7360
7286
7318
7316
7380
7426
7438
7452
7522
7586
7752
7576
7534
7504
7388
7436
7428
7478
7344
7366
7334
7374
7510
7436
7396
7398
7434
7518
7586
7500
7586
7654
7596
7608
7652
7688
7730
7696
7682
7702
7664
7634
7680
7748
7854
7874
7818
7852
7802
7696
7692
7784
7762
7728
7566
7548
7520
7534
7634
7688
7712
7752
7706
7764
7716
7734
7806
7644
7622
7670
7584
7618
7558
7580
7610
7596
7588
7478
7558
7534
7580
7560
7588
7560
7554
7590
7562
7572
7562
7628
7596
7596
7560
7526
7520
7456
7502
7448
7396
7534
7602
7580
7570
7624
7502
7428
7438
7490
7572
7486
7562
7530
7558
7574
7528
7630
7600
7568
7674
7668
7730
7734
7720
7766
7710
7578
7618
7656
7666
7598
7600
7658
7602
7596
7670
7660
7660
7692
7770
7770
7708
7740
7720
7738
7654
7554
7564
7528
7472
7504
7596
7528
7496
7444
7450
7422
7508
7578
7586
7588
7612
7654
7638
7700
7608
7632
7656
7572
7738
7710
7646
7622
7702
7848
7860
7786
7800
7776
7936
7858
7724
7712
7694
7778
7590
7624
7646
7624
7582
7664
7622
7560
7626
7590
7602
7660
7698
7648
7588
7598
7624
7602
7564
7584
7532
7618
7620
7676
7714
7630
7596
7748
7668
7612
7518
7624
7464
7498
7556
7504
7430
7454
7474
7460
7502
7408
7456
7556
7512
7548
7630
7634
7610
7552
7664
7692
7696
7654
7650
7628
7624
7674
7718
7722
7772
7712
7674
7740
7696
7580
7476
7548
7576
7494
7558
7534
7504
7626
7706
7708
7840
7774
7804
7888
7752
7728
7762
7872
7808
7774
7786
7862
7872
7906
7986
7988
7880
7856
7788
7758
7792
7828
7794
7776
7762
7828
7850
7792
7830
7726
7702
7652
7720
7762
7788
7750
7704
7696
7672
7742
7768
7798
7890
7828
7726
7658
7664
7604
7624
7598
7566
7596
7706
7720
7608
7574
7676
7710
7544
7574
7606
7538
7520
7416
7432
7378
7358
7432
7476
7504
7502
7518
7536
7534
7590
7590
7610
7614
7632
7590
7574
7506
7510
7378
7398
7454
7482
7428
7376
7412
7288
7332
7364
7408
7438
7502
7478
7464
7498
7448
7466
7656
7698
7704
7642
7580
7620
7692
7712
7690
7660
7762
7698
7628
7588
7572
7570
7600
7598
7608
7584
7636
7626
7640
7602
7702
7626
7602
7700
7692
7596
7508
7596
7604
7626
7660
7574
7608
7548
7524
7524
7502
7568
7650
7544
7780
7750
7806
7824
7814
7816
7824
7836
7810
7718
7562
7638
7772
7690
7544
7630
7570
7520
7606
7606
7634
7680
7686
7710
7704
7678
7774
7732
7706
7718
7594
7664
7636
7648
7532
7624
7642
7596
7578
7528
7700
7674
7692
7594
7560
7524
7454
7508
7512
7586
7610
7500
7502
7498
7444
7460
7506
7484
7544
7532
7492
7532
7570
7612
7588
7500
7430
7396
7472
7476
7554
7590
7584
7598
7612
7670
7682
7656
7622
7600
7646
7640
7648
7568
7586
7622
7684
7630
7608
7680
7686
7608
7528
7658
7648
7716
7724
7780
7788
7856
7780
7760
7822
7726
7798
7708
7722
7824
7886
7896
7842
7828
7792
7824
7820
7872
7844
7896
7904
7854
7904
7856
7838
7832
7848
7784
7808
7774
7764
7758
7704
7626
7618
7668
7694
7642
7682
7602
7602
7704
7744
7810
7840
7890
7780
7764
7734
7654
7516
7556
7594
7562
7554
7514
7596
7636
7590
7562
7656
7592
7638
