3578
3518
3474
3452
3484
3430
3438
3422
3408
3292
3362
3340
3342
3376
3386
3396
3408
3378
3370
3338
3304
3298
3308
3392
3314
3346
3386
3406
3390
3306
3412
3460
3472
3448
3486
3438
3416
3394
3450
3440
3458
3412
3482
3446
3318
3316
3346
3360
3336
3420
3376
3442
3514
3532
3458
3436
3420
3452
3450
3410
3486
3456
3432
3432
3438
3374
3450
3486
3434
3432
3390
3350
3302
3284
3310
3304
3252
3292
3310
3356
3420
3440
3454
3468
3470
3484
3438
3406
3392
3396
3482
3472
3484
3518
3526
3550
3538
3518
3564
3526
3484
3460
3454
3470
3492
3528
3546
3526
3524
3532
3518
3566
3638
3622
3560
3470
3430
3428
3474
3546
3512
3548
3534
3546
3652
3678
3696
3678
3656
3626
3664
3608
3624
3592
3562
3582
3540
3602
3556
3532
3558
3578
3532
3604
3624
3610
3660
3668
3672
3684
3624
3644
3680
3724
3646
3612
3596
3592
3596
3558
3628
3590
3546
3562
3610
3592
3636
3622
3588
3552
3602
3628
3624
3592
3630
3602
3618
3578
3584
3584
3580
3558
3556
3502
3544
3534
3526
3516
3542
3600
3602
3588
3560
3568
3496
3496
3536
3604
3632
3578
3570
3604
3568
3516
3494
3508
3576
3626
3662
3624
3656
3646
3662
3648
3636
3626
3630
3632
3640
3594
3566
3496
3532
3576
3538
3550
3606
3600
3664
3674
3634
3574
3570
3662
3674
3650
3654
3668
3636
3648
3620
3642
3602
3604
3690
3674
3658
3616
3674
3660
3646
3644
3634
3584
3600
3610
3658
3634
3660
3684
3722
3706
3680
3614
3562
3562
3512
3490
3534
3468
3538
3622
3598
3582
3602
3602
3608
3578
3582
3536
3626
3608
3608
3592
3632
3598
3620
3580
3610
3550
3586
3586
3634
3680
3650
3662
3662
3618
3584
3564
3552
3550
3510
3508
3454
3458
3476
3530
3534
3476
3488
3504
3524
3584
3560
3520
3566
3562
3564
3512
3514
3534
3490
3482
3410
3440
3500
3482
3508
3452
3470
3406
3420
3446
3426
3428
3466
3438
3456
3490
3546
3494
3518
3448
3534
3600
3672
3628
3648
3626
3580
3574
3534
3554
3500
3548
3570
3638
3638
3606
3586
3476
3518
3520
3498
3458
3522
3542
3508
3506
3598
3542
3506
3540
3532
3522
3498
3560
3496
3576
3526
3456
3522
3512
3616
3684
3678
3682
3744
3710
3716
3698
3668
3652
3702
3612
3568
3562
3504
3474
3450
3476
3504
3498
3476
3448
3448
3450
3450
3488
3550
3494
3438
3454
3430
3422
3450
3510
3518
3468
3486
3548
3548
3578
3550
3520
3552
3538
3630
3692
3626
3620
3598
3636
3614
3658
3696
3658
3662
3634
3632
3576
3594
3572
3548
3604
3572
3580
3564
3522
3548
3522
3526
3538
3516
3468
3482
3412
3448
3500
3518
3518
3564
3590
3590
3540
3574
3622
3626
3592
3612
3646
3606
3652
3616
3594
3594
3530
3548
3568
3608
3622
3628
3642
3602
3586
3518
3516
3602
3634
3608
3588
3674
3624
3664
3616
3606
3564
3554
3576
3562
3580
3542
3622
3604
3626
3638
3654
3560
3548
3630
3600
3592
3630
3606
3580
3592
3612
3626
3638
3662
3634
3618
3642
3632
3706
3702
3706
3748
3658
3624
3626
3634
3596
3550
3480
3512
3506
3502
3498
3530
3542
3570
3554
3562
3510
3532
3500
3420
3458
3414
3404
3380
3334
3264
3202
3300
3334
3286
3294
3342
3364
3398
3394
3510
3438
3452
3498
3522
3534
3518
3480
3538
3522
3482
3536
3562
3534
3502
3574
3608
3558
3548
3598
3620
3662
3628
3634
3630
3646
3602
3598
3636
3602
3638
3572
3578
3580
3612
3622
3600
3636
3604
3604
3642
3626
3586
3602
3580
3554
3584
3600
3600
3548
3568
3544
3602
3680
3638
3606
3592
3624
3614
3586
3582
3626
3662
3684
3696
3672
3652
3640
3650
3660
3670
3646
3604
3608
3654
3588
3562
3616
3634
3634
3622
3650
3628
3568
3582
3596
3560
3608
3592
3644
3636
3652
3676
3670
3658
3638
3676
3642
3640
3704
3656
3656
3646
3608
3578
3608
3604
3558
3630
3578
3558
3564
3554
3570
3548
3578
3566
3604
3584
3576
3546
3598
3626
3646
3612
3630
3598
3576
3574
3540
3554
3540
3580
3572
3648
3624
3576
3558
3546
3546
3618
3638
3684
3674
3654
3644
3698
3614
3600
3614
3646
3636
3692
3706
3686
3632
3606
3636
3720
3770
3710
3698
3694
3646
3664
3644
3650
3614
3688
3718
3668
3652
3592
3554
3494
3522
3550
3542
3502
3508
3496
3506
3528
3474
3508
3512
3504
3496
3492
3532
3440
3464
3428
3428
3424
3456
3458
3470
3426
3428
3462
3466
3456
3478
3530
3552
3486
3534
3552
3582
3560
3594
3592
3608
3568
3572
3562
3638
3664
3650
3602
3602
3598
3586
3598
3596
3566
3644
3582
3562
3614
3604
3534
3592
3586
3606
3620
3596
3668
3678
3674
3720
3726
3752
3698
3698
3706
3712
3692
3688
3722
3698
3750
3730
3706
3596
3620
3566
3586
3534
3534
3514
3514
3608
3654
3632
3700
3748
3698
3610
3600
3664
3632
3574
3514
3524
3548
3564
3578
3596
3654
3694
3680
3672
3674
3684
3702
3684
3664
3678
3622
3636
3658
3684
3624
3686
3698
3712
3674
3726
3766
3742
3666
3680
3668
3636
3670
3674
3652
3684
3560
3608
3580
3528
3522
3562
3644
3636
3636
3686
3628
3616
3644
3594
3634
3640
3574
3544
3570
3578
3598
3558
3582
3578
3566
3488
3476
3532
3570
3550
3554
3562
3512
3534
3598
3570
3698
3644
3640
3694
3684
3674
3638
3684
3660
3676
3600
3606
3602
3578
3552
3500
3466
3474
3454
3520
3464
3532
3520
3500
3520
3520
3524
3540
3556
3602
3544
3434
3458
3512
3490
3462
3476
3504
3516
3544
3462
3474
3504
3480
3488
3444
3366
3426
3370
3366
3370
3344
3328
3348
3324
3316
3398
3438
3448
3448
3448
3432
3504
3610
3606
3614
3640
3562
3524
3598
3646
3638
3654
3642
3558
3618
3584
3640
3634
3638
3642
3574
3530
3482
3512
3508
3522
3568
3610
3632
3646
3676
3634
3626
3630
3612
3564
3648
3646
3618
3590
3590
3626
3594
3536
3552
3606
3616
3594
3624
3656
3652
3632
3550
3548
3552
3554
3540
3510
3478
3516
3548
3554
3532
3582
3650
3618
3612
3644
3640
3652
3632
3602
3578
3596
3624
3596
3634
3596
3582
3588
3592
3644
3640
3606
3626
3618
3598
3598
3560
3538
3500
3474
3496
3468
3492
3440
3458
3478
3468
3502
3492
3454
3448
3460
3404
3476
3470
3520
3562
3576
3556
3642
3548
3606
3580
3620
3588
3588
3628
3618
3588
3578
3576
3638
3616
3642
3622
3586
3636
3630
3684
3686
3666
3730
3674
3644
3586
3572
3574
3570
3596
3570
3512
3524
3506
3520
3614
3638
3588
3588
3624
3626
3576
3600
3614
3676
3680
3628
3598
3624
3686
3662
3694
3656
3622
3632
3644
3700
3750
3716
3672
3678
3664
3590
3666
3610
3582
3580
3546
3576
3576
3568
3562
3592
3582
3554
3516
3496
3554
3546
3608
3656
3620
3568
3536
3588
3620
3666
3700
3688
3688
3694
3564
3564
3612
3618
3660
3618
3650
3624
3592
3640
3650
3574
3528
3494
3434
3418
3408
3416
3450
3482
3516
3624
3604
3576
3586
3532
3570
3628
3682
3650
3618
3586
3574
3616
3630
3648
3696
3690
3618
3698
3676
3678
3712
3684
3732
3736
3674
3616
3698
3686
3608
3562
3582
3538
3544
3552
3514
3520
3552
3534
3568
3534
3474
3474
3430
3474
3432
3464
3454
3428
3498
3496
3422
3492
3554
3520
3558
3574
3560
3608
3568
3444
3476
3462
3464
3514
3462
3458
3418
3340
3434
3470
3516
3498
3496
3456
3428
3410
3416
3456
3478
3454
3406
3420
3416
3518
3518
3508
3524
3466
3540
3540
3494
3502
3480
3444
3436
3458
3446
3450
3446
3514
3518
3542
3488
3550
3508
3516
3476
3500
3464
3492
3468
3428
3482
3482
3432
3456
3510
3432
3484
3476
3548
3564
3542
3482
3510
3444
3446
3418
3368
3346
3350
3370
3408
3356
3428
3400
3388
3452
3422
3400
3300
3374
3388
3410
3418
3384
3440
3444
3484
3476
3480
3422
3386
3308
3294
3380
3374
3332
3330
3374
3364
3424
3380
3400
3404
3298
3380
3420
3336
3338
3372
3354
3356
3396
3336
3314
3340
3384
3420
3376
3408
3432
3424
3408
3440
3484
3480
3424
3512
3542
3466
3440
3466
3486
3526
3480
3468
3462
3456
3384
3360
3238
3222
3174
3208
3254
3214
3270
3286
3350
3346
3292
3328
3304
3290
3202
3258
3346
3406
3398
3402
3376
3304
3344
3414
3428
3368
3358
3348
3306
3368
3360
3362
3406
3404
3394
3412
3472
3422
3358
3354
3346
3446
3468
3398
3444
3472
3534
3556
3576
3534
3548
3548
3468
3530
3514
3480
3544
3502
3560
3518
3576
3568
3546
3496
3562
3520
3548
3596
3656
3658
3686
3658
3688
3604
3628
3604
3570
3552
3572
3624
3618
3572
3636
3662
3638
3666
3626
3652
3654
3652
3640
3708
3706
3666
3664
3704
3722
3704
3672
3624
3588
3594
3648
3628
3580
3628
3608
3638
3658
3616
3586
3552
3578
3592
3506
3520
3536
3560
3596
3582
3598
3616
3580
3544
3568
3560
3596
3568
3608
3576
3602
3586
3552
3492
3514
3512
3544
3578
3562
3548
3522
3544
3566
3586
3564
3562
3606
3612
3642
3648
3640
3668
3694
3720
3714
3714
3684
3688
3676
3700
3664
3702
3700
3670
3650
3686
3650
3634
3600
3576
3540
3480
3490
3492
3512
3494
3512
3472
3456
3410
3392
3528
3496
3474
3434
3464
3558
3532
3558
3582
3592
3602
3588
3588
3600
3616
3638
3688
3632
3630
3614
3626
3656
3684
3624
3586
3566
3566
3592
3592
3572
3584
3544
3526
3524
3456
3510
3484
3530
3508
3478
3508
3562
3696
3622
3672
3662
3632
3610
3702
3712
3718
3654
3630
3664
3614
3548
3522
3454
3450
3474
3482
3462
3452
3518
3504
3478
3478
3454
3496
3470
3444
3444
3478
3406
3392
3402
3424
3452
3452
3468
3490
3536
3578
3528
3516
3522
3540
3500
3576
3618
3570
3572
3542
3576
3556
3522
3548
3492
3494
3418
3520
3482
3536
3564
3604
3580
3530
3562
3508
3558
3610
3560
3602
3626
3602
3620
3638
3586
3556
3600
3588
3602
3550
3534
3582
3626
3712
3706
3650
3658
3678
3664
3612
3598
3612
3706
3752
3708
3728
3692
3720
3666
3694
3670
3664
3624
3644
3680
3658
3660
3654
3658
3608
3528
3558
3612
3602
3590
3628
3626
3634
3674
3654
3688
3674
3658
3616
3596
3590
3586
3610
3668
3622
3604
3560
3512
3568
3548
3510
3556
3572
3582
3564
3538
3560
3610
3568
3574
3604
3534
3554
3584
3512
3560
3562
3580
3604
3638
3640
3652
3656
3600
3546
3550
3624
3588
3628
3590
3568
3576
3562
3522
3550
3536
3488
3484
3494
3464
3482
3500
3512
3498
3498
3486
3514
3550
3534
3608
3638
3636
3698
3630
3610
3598
3550
3562
3510
3608
3604
3588
3602
3596
3546
3590
3534
3552
3564
3492
3482
3510
3510
3458
3442
3432
3458
3440
3476
3500
3504
3470
3546
3514
3544
3558
3624
3538
3556
3506
3492
3478
3468
3492
3506
3490
3498
3496
3458
3506
3490
3554
3576
3630
3644
3618
3578
3546
3580
3546
3566
3466
3544
3618
3536
3542
3532
3470
3554
3550
3558
3586
3490
3488
3508
3504
3552
3510
3500
3512
3466
3434
3460
3586
3630
3604
3670
3598
3558
3592
3552
3578
3578
3574
3560
3572
3600
3554
3592
3582
3614
3648
3624
3504
3500
3456
3500
3528
3518
3508
3570
3504
3496
3514
3596
3588
3614
3700
3662
3640
3638
3570
3556
3634
3612
3618
3590
3654
3638
3672
3678
3672
3644
3568
3534
3604
3596
3616
3568
3536
3568
3520
3606
3600
3638
3670
3596
3618
3600
3618
3552
3576
3552
3584
3616
3638
3624
3618
3582
3582
3574
3590
3584
3548
3618
3624
3630
3674
3682
3696
3750
3744
3690
3754
3736
3716
3654
3624
3616
3624
3554
3492
3492
3482
3476
3512
3518
3504
3640
3590
3594
3568
3642
3604
3540
