132
154
164
96
106
112
170
186
240
146
202
94
4
32
142
156
170
148
20
18
126
128
176
322
256
206
218
260
192
234
350
262
308
256
266
292
296
360
304
274
332
450
432
492
708
750
662
676
556
612
494
532
596
584
742
798
726
604
496
486
406
438
360
270
340
394
372
354
328
352
316
230
326
336
488
334
356
284
236
334
302
350
350
298
182
202
136
134
146
144
200
308
158
170
264
332
254
110
100
150
174
98
176
270
242
254
242
212
190
194
216
194
200
196
240
396
400
312
382
256
246
332
314
270
160
274
270
292
458
408
478
506
470
486
468
554
456
452
512
610
520
552
524
506
576
620
600
504
450
374
414
440
508
428
474
454
548
448
572
622
440
466
476
448
378
382
348
372
388
340
312
212
238
178
74
50
234
338
268
246
404
374
340
256
190
158
162
150
226
140
90
74
98
94
36
52
64
74
58
28
152
118
222
246
292
338
232
258
182
240
390
420
456
522
588
688
608
670
758
844
842
686
590
566
486
530
610
682
578
604
598
500
534
498
454
436
398
402
502
524
534
578
542
632
692
672
714
620
702
654
602
574
596
562
560
562
562
610
714
812
850
752
778
800
890
902
936
854
908
860
934
910
830
916
1036
1012
1060
1040
900
924
892
912
870
830
742
974
898
868
768
658
614
584
578
532
540
518
372
396
408
378
418
368
270
230
322
332
346
460
496
474
510
592
542
474
432
346
292
368
444
452
456
410
338
362
394
492
422
362
420
470
320
290
328
344
352
440
444
546
512
584
498
410
328
178
246
260
328
280
302
302
392
378
362
368
488
566
582
496
450
438
416
372
338
268
234
168
64
14
2
44
68
52
40
128
220
230
234
324
362
456
424
464
460
534
568
652
706
870
844
950
996
1004
1054
1034
1126
1118
1140
1168
1194
1122
1082
1200
1174
1258
1264
1238
1230
1226
1304
1396
1514
1490
1460
1434
1312
1298
1340
1298
1232
1160
1038
966
1008
1030
1046
1032
1062
860
902
874
1076
1056
1044
1080
1154
1126
1158
1140
1230
1138
1180
1210
1250
1246
1292
1334
1390
1404
1386
1344
1378
1266
1252
1140
1150
1078
998
996
1026
1022
992
1082
1084
1060
1050
964
1030
1126
1148
1016
1006
982
884
930
956
906
960
954
896
990
1024
1096
1150
1148
1210
1264
1304
1286
1178
1016
1022
1008
920
858
802
752
758
822
800
860
836
896
854
758
738
822
830
826
880
814
720
744
634
664
660
712
750
772
796
820
806
884
814
856
862
814
848
894
804
718
774
766
660
580
642
728
670
626
548
508
556
550
490
492
530
454
480
388
434
484
542
344
286
292
306
318
274
310
390
332
302
452
498
540
548
554
622
664
614
714
786
888
838
788
710
756
636
632
550
532
570
724
738
672
792
766
816
882
976
984
964
1048
1118
1246
1276
1234
1182
1194
1248
1346
1388
1292
1280
1244
1376
1382
1406
1310
1352
1290
1234
1292
1390
1350
1446
1466
1496
1566
1532
1472
1474
1460
1522
1544
1580
1644
1498
1472
1488
1562
1640
1746
1720
1794
1840
1856
1870
1836
1736
1792
1664
1710
1798
1792
1750
1844
1834
1868
1906
1962
1890
1832
1906
1986
1948
1934
1928
1974
1906
2002
2028
1934
2030
2010
2006
2060
2008
1930
1928
1820
1808
1658
1780
1810
1842
1884
1798
1764
1714
1540
1586
1636
1620
1656
1530
1566
1570
1554
1582
1668
1518
1498
1480
1496
1454
1478
1476
1548
1492
1512
1442
1384
1386
1390
1214
1182
1198
1152
1080
1030
1214
1106
1176
1188
1058
916
926
930
920
742
886
868
842
856
882
872
886
874
810
934
882
846
854
926
818
842
850
944
936
872
950
1014
1052
1070
1078
1104
1018
1088
1148
1096
1118
1112
1138
1152
1108
1084
1054
1164
1246
1258
1308
1292
1260
1166
1096
1036
1088
1110
1268
1324
1300
1300
1372
1268
1296
1334
1280
1312
1318
1324
1476
1442
1498
1514
1464
1408
1442
1356
1408
1512
1474
1402
1468
1488
1622
1646
1564
1616
1478
1446
1468
1372
1462
1554
1498
1480
1392
1438
1490
1444
1450
1474
1488
1424
1428
1378
1334
1196
1278
1150
1158
1078
1034
1122
1104
1110
1168
1196
1286
1194
1166
1232
1128
1114
988
970
944
896
950
1088
1062
950
970
878
826
834
824
744
652
666
690
718
798
918
904
948
1006
982
1032
1134
1072
958
916
940
1012
998
1014
1162
1070
1072
1052
1020
1106
1160
1086
1004
888
900
810
814
808
764
596
620
714
604
406
380
304
348
336
150
132
164
128
184
258
220
438
414
452
578
550
512
480
490
634
416
378
418
492
468
454
446
508
490
476
366
326
368
380
290
304
252
78
86
106
6
90
48
68
162
204
144
102
120
216
244
166
26
120
244
228
294
326
316
390
460
354
334
426
530
502
500
518
584
478
434
414
424
452
444
510
606
576
524
534
574
582
630
570
518
378
406
322
338
240
302
270
248
392
452
480
580
600
524
498
434
418
456
494
562
478
474
560
632
756
722
674
676
662
646
522
520
422
424
392
514
626
614
546
554
550
576
516
450
490
560
600
640
602
654
588
542
640
590
564
484
400
338
434
414
416
334
288
282
286
312
218
76
24
38
38
22
34
20
40
10
22
18
60
232
142
94
240
212
350
312
352
428
354
268
262
212
242
324
358
306
356
412
396
450
458
450
480
460
482
442
550
612
726
742
780
652
632
582
562
448
454
358
216
116
92
66
128
162
264
270
298
316
396
360
400
422
464
350
320
332
294
336
270
248
144
200
174
224
120
194
188
110
136
272
384
390
416
402
288
360
316
298
340
386
404
376
298
290
126
24
44
38
146
24
66
178
140
110
160
70
130
88
176
154
254
260
124
252
246
186
98
124
110
72
90
78
186
152
160
110
184
318
420
452
352
354
386
262
286
160
130
140
224
212
216
178
174
220
252
312
284
266
350
244
328
332
182
64
92
104
146
128
20
4
10
30
40
24
42
32
80
66
36
22
120
152
82
90
92
84
36
32
130
106
96
122
96
224
364
366
380
364
368
404
426
470
572
570
574
516
424
398
396
474
436
346
306
314
306
160
206
214
176
92
38
20
116
10
4
76
92
26
28
86
26
36
52
106
126
168
272
222
108
88
162
102
54
90
138
156
144
178
276
272
238
288
240
286
258
288
330
310
322
422
410
396
380
322
336
342
374
526
650
670
808
822
786
764
716
678
646
700
668
682
618
630
696
732
758
788
880
954
882
798
828
740
674
698
666
658
652
614
610
634
636
680
574
552
524
440
444
356
242
310
390
464
576
692
760
864
868
770
694
690
692
872
826
770
786
774
738
626
612
784
676
638
512
478
480
464
504
436
390
408
376
304
188
164
146
160
128
196
184
154
332
380
460
478
404
370
504
526
558
498
332
348
334
262
308
364
382
420
472
516
454
452
522
436
394
398
498
554
506
502
534
410
310
328
340
290
344
424
514
466
494
344
332
264
368
372
350
384
402
378
384
286
268
244
318
374
400
474
516
464
460
450
456
446
404
432
464
370
226
158
100
170
180
118
112
24
10
18
32
4
16
62
64
42
90
32
198
198
244
176
126
174
260
268
414
342
426
406
380
316
482
438
428
436
374
416
382
444
432
288
340
318
308
300
238
258
270
230
246
254
268
210
226
276
344
262
244
424
452
448
450
502
566
476
452
698
556
622
530
624
584
622
704
658
632
716
670
766
692
672
732
888
836
820
774
734
730
812
916
952
994
1092
1020
1042
1038
1078
1086
1102
1070
1046
1156
1180
1176
1152
1186
1112
1192
1180
1094
1158
1134
1122
1170
1222
1182
1172
1194
1180
1186
1230
1120
1142
1196
1154
1160
1244
1382
1468
1396
1374
1414
1414
1386
1366
1430
1544
1506
1490
1502
1534
1572
1554
1588
1642
1646
1744
1754
1708
1704
1596
1600
1526
1512
1546
1556
1486
1486
1476
1494
1470
1376
1336
1352
1384
1414
1430
1380
1386
1376
1326
1292
1422
1330
1420
1304
1342
1296
1354
1218
1278
1382
1288
1380
1482
1376
1250
1206
1188
1276
1262
1204
1230
1138
1144
1150
1190
1158
1132
960
1052
1036
1090
1072
1128
1158
1076
1146
1104
1078
1060
1084
1000
1078
1070
944
1058
1000
1034
1160
1210
1092
1188
1222
1196
1142
1122
1038
1008
1058
1210
1138
1178
1242
1180
1154
1138
1134
1136
1136
1036
1044
1078
1006
1116
1046
1004
970
952
1072
1010
1076
1082
1112
1042
948
840
880
876
942
1050
1100
1132
1130
978
1076
1200
1200
1212
1074
1080
1018
1122
1094
988
1026
1028
998
1004
1058
1150
1186
1114
1048
958
928
844
780
762
706
884
758
712
608
678
724
718
792
856
896
818
812
944
966
930
904
920
912
882
886
932
834
896
904
826
888
996
1154
1186
1258
1392
1326
1206
1314
1342
1268
1358
1416
1386
1382
1332
1316
1272
1212
1264
1324
1300
1282
1354
1334
1356
1210
1266
1192
1222
1268
1294
1346
1328
1254
1266
1228
1106
1110
1088
1042
980
912
932
968
756
720
696
754
694
780
842
866
928
900
742
712
712
690
726
724
724
682
738
792
744
792
822
918
954
944
958
854
908
944
908
900
856
942
882
850
816
798
848
782
676
656
716
768
788
906
848
784
718
702
742
766
832
822
716
676
506
484
492
540
532
548
544
548
662
684
726
708
678
664
612
608
600
580
558
528
380
412
386
334
340
330
188
218
84
108
50
102
264
358
374
382
372
380
444
506
444
340
366
454
472
394
428
442
438
458
554
416
428
286
296
254
206
118
2
86
18
26
50
96
196
208
224
222
246
226
286
408
412
472
530
436
432
428
442
530
560
574
580
502
608
582
536
622
696
684
568
536
564
736
700
846
716
692
684
568
700
668
680
650
472
464
548
506
454
398
446
510
522
508
336
450
404
398
436
382
296
166
244
304
246
272
298
350
308
214
176
222
256
