2228
2014
2094
1928
1812
1840
1768
1680
1848
1768
1820
1822
1768
1734
1708
1646
1496
1468
1608
1726
1656
1674
1780
1802
1870
1966
2002
1990
1990
1878
1848
2048
2052
2254
2230
2050
1900
1864
1800
1650
1604
1568
1518
1602
1608
1644
1518
1618
1564
1732
1788
1806
1810
2010
2052
2028
1952
1992
1936
2086
2206
2324
2288
2350
2288
2168
2114
2070
2184
2148
2256
2180
2170
2294
2420
2356
2324
2296
2154
2208
2184
2214
2132
1974
1982
1962
1932
1990
1900
1730
1764
1826
1822
1798
1764
1736
1768
1906
1842
1932
1810
1894
1912
1964
2008
1864
1760
1748
1798
1808
1746
1726
1778
1924
1946
1898
1906
2122
2154
2198
2076
2058
1984
2024
2002
1990
1878
2074
2138
2158
2066
2106
1894
1764
1806
1910
1896
1992
1904
1996
1930
1894
1906
1916
1934
1954
2084
1992
2046
2098
1856
1782
1788
1658
1648
1610
1580
1490
1532
1394
1400
1274
1290
1386
1348
1434
1342
1168
1120
1054
1034
1012
1102
1162
1022
1010
1094
964
948
894
996
1082
960
1036
1012
1000
1308
1398
1602
1622
1556
1450
1336
1136
1048
1050
1204
1286
1276
1310
1426
1446
1574
1478
1462
1562
1464
1300
1186
1236
1286
1340
1258
1218
1112
1156
1046
998
910
868
868
804
830
668
690
760
764
716
580
676
756
772
650
722
684
634
788
518
578
708
786
672
928
860
912
1014
938
824
954
960
1000
914
850
830
942
788
760
698
754
712
724
694
868
942
942
728
626
508
686
720
616
690
482
366
374
432
518
492
620
508
462
426
480
518
438
168
206
264
352
232
142
172
210
376
366
616
546
454
490
628
724
624
548
572
454
516
494
542
586
514
406
350
574
550
546
494
644
460
426
286
166
250
132
158
154
88
66
254
290
104
130
254
392
558
508
520
544
786
812
702
396
460
508
604
490
580
610
518
424
416
454
470
482
458
512
468
434
482
538
494
546
484
476
464
262
102
76
40
44
10
120
208
102
64
122
166
178
162
262
148
286
126
150
116
26
10
24
170
224
154
182
34
26
74
28
88
90
142
52
4
4
6
4
50
156
136
232
122
124
132
194
32
80
42
124
76
2
120
134
156
152
162
292
220
204
174
304
318
106
202
264
230
80
26
166
146
66
162
256
258
366
34
100
242
276
180
132
170
4
56
274
296
296
298
514
528
696
656
718
744
780
624
650
510
402
422
436
330
292
330
192
242
404
558
396
262
344
316
270
304
238
232
154
158
140
140
254
228
234
188
252
234
286
284
288
250
268
252
134
132
188
42
156
220
260
400
536
672
762
772
900
954
826
834
644
728
894
946
978
920
840
966
882
854
886
872
1048
966
926
934
804
932
836
672
490
496
412
312
374
320
236
296
526
454
356
410
568
446
502
606
668
678
568
670
524
474
294
428
586
642
592
538
514
470
528
494
470
532
604
744
910
886
872
888
850
752
750
796
838
858
840
806
806
718
768
782
890
920
792
906
968
870
836
976
1062
1038
1068
926
888
878
892
842
876
984
928
800
674
742
646
620
752
820
782
684
694
1046
1018
950
976
976
1074
1158
1196
1260
1288
1270
1120
1184
1112
1060
1114
900
942
956
1050
1120
1180
1040
1148
1212
1256
1318
1404
1340
1442
1390
1402
1360
1420
1378
1466
1474
1458
1520
1332
1376
1250
1394
1436
1594
1654
1822
1848
1968
1858
1834
1894
1920
1872
1910
1814
1872
1804
1736
1720
1868
2018
1946
2082
2138
1986
1936
1864
1940
1896
1970
2014
1982
1852
1780
1712
1764
1864
1874
1622
1650
1692
1586
1444
1504
1390
1352
1438
1358
1274
1368
1266
1296
1360
1368
1472
1362
1408
1316
1512
1604
1530
1428
1414
1452
1512
1368
1424
1474
1378
1382
1244
1224
1284
1430
1400
1448
1530
1612
1528
1550
1632
1592
1494
1520
1478
1456
1478
1498
1582
1520
1446
1454
1498
1522
1394
1416
1478
1368
1336
1240
1042
1020
932
796
950
956
964
938
1008
1022
1096
1174
1044
898
782
762
760
782
748
752
764
828
746
794
594
572
680
734
868
866
964
950
894
748
794
752
764
812
864
958
984
958
896
886
1010
1138
948
866
712
674
778
878
940
824
896
838
904
976
996
1118
1158
1288
1260
1134
1366
1338
1384
1354
1274
1346
1296
1282
1374
1138
1288
1370
1238
1408
1388
1278
1256
1282
1212
1366
1372
1394
1312
1222
1148
1070
1002
946
972
792
734
680
772
612
868
962
890
972
944
900
988
1004
972
768
728
818
1040
1058
1030
1016
890
964
932
856
930
796
728
724
810
912
884
886
892
746
708
578
560
604
534
552
530
586
614
650
626
524
690
842
928
850
746
644
712
798
774
798
884
906
978
1004
888
930
1116
1174
1230
1342
1376
1350
1234
1104
966
1026
842
838
808
828
862
858
656
640
618
428
374
382
378
448
406
482
434
396
388
422
402
568
612
596
530
602
528
576
694
856
802
884
846
860
1002
952
890
872
878
814
854
918
972
1044
968
1046
1232
1236
1140
1184
1180
1112
1102
1122
1240
1204
1178
1108
1318
1226
1084
1104
1022
1162
1300
1188
1152
1160
1088
990
796
788
974
1134
1242
1426
1438
1474
1574
1434
1466
1444
1390
1470
1274
1160
1042
1034
852
832
944
974
836
1048
1108
966
1108
836
796
808
986
782
708
746
622
716
726
742
704
666
544
434
346
362
462
498
590
412
190
318
368
486
626
650
784
926
938
950
1004
914
890
884
862
776
588
484
694
730
762
778
910
884
878
856
1098
1254
1222
1464
1276
1222
1140
1212
1216
1188
1264
1286
1240
1482
1546
1390
1434
1254
1160
970
932
976
892
936
902
972
824
746
868
942
930
830
770
798
770
832
890
1084
976
976
930
1018
892
736
740
852
840
882
780
890
1068
1092
1062
1218
1170
1234
1310
1268
1244
1398
1524
1624
1766
1720
1614
1610
1530
1718
1636
1664
1764
1908
1856
1938
1852
1744
1478
1278
996
1010
1016
1156
1068
1062
1028
1140
1178
1230
1194
1120
1128
1138
1060
1130
1072
1102
1200
1324
1530
1252
1352
1362
1324
1176
1258
1348
1426
1278
1128
1132
1328
1444
1454
1392
1290
1174
1186
1128
1118
1000
928
956
966
866
808
850
874
954
980
860
762
972
1014
1056
1070
1126
1048
1104
1110
1084
1074
1052
1012
916
846
732
810
756
670
650
606
646
734
626
756
680
560
696
690
634
736
674
720
660
792
746
786
770
670
552
542
722
808
840
876
876
902
830
1040
954
844
990
910
868
928
1008
880
1010
912
1178
1136
1038
976
1040
986
1060
988
936
724
690
656
838
890
764
822
892
990
1042
1050
1062
1058
948
890
900
972
1002
808
696
638
452
566
504
466
482
438
418
274
546
456
382
378
276
404
228
382
442
558
592
602
682
584
696
648
552
466
490
648
654
624
650
744
708
712
694
732
638
554
412
408
468
452
396
312
238
356
388
448
366
226
142
238
208
188
134
230
506
608
416
274
238
68
114
176
192
208
174
192
98
4
92
90
60
120
134
42
190
242
272
256
256
246
50
52
140
378
428
678
726
822
826
764
674
602
504
558
446
478
384
454
368
422
574
378
376
324
396
366
392
324
374
358
432
526
558
624
682
684
498
432
448
488
550
430
394
402
356
468
562
600
756
616
572
456
478
420
396
590
608
700
768
746
740
854
848
734
642
650
668
682
556
658
666
640
528
584
568
610
666
730
746
756
812
876
896
902
804
816
968
908
874
908
966
1008
952
1094
1162
1002
1068
1148
1140
1276
1426
1496
1512
1402
1384
1240
1214
1334
1434
1488
1216
1336
1294
1458
1582
1560
1646
1846
1916
1844
1774
1800
1852
1750
1668
1536
1434
1222
1278
1232
1030
1076
1198
1096
1022
1002
970
948
952
960
930
784
916
912
674
754
726
794
728
672
630
542
478
568
594
648
496
490
422
376
368
268
430
474
378
306
272
316
384
364
366
388
224
256
146
96
140
120
182
164
324
360
510
494
414
462
402
502
318
390
434
292
458
252
292
354
440
426
336
232
188
220
254
348
398
308
332
420
366
300
108
128
40
8
72
40
0
96
86
44
136
132
72
94
42
86
168
136
144
94
114
92
56
152
252
68
24
58
90
124
140
180
360
380
306
462
372
320
156
4
18
10
10
50
224
222
352
326
424
432
626
762
656
838
936
928
926
990
790
760
810
826
806
942
914
930
804
848
710
700
606
642
564
502
326
362
236
266
348
320
402
304
294
216
224
184
320
154
2
2
258
274
136
140
208
300
210
242
224
236
324
334
130
182
292
332
364
590
504
456
402
556
322
298
280
424
464
456
714
800
936
876
844
998
1030
952
978
1002
1096
938
900
626
448
466
592
780
798
810
874
772
834
950
1030
1008
984
1170
972
876
842
900
866
1046
908
654
604
520
538
600
520
708
604
706
622
586
638
722
676
514
442
474
420
504
614
396
396
316
154
178
118
10
14
150
302
192
226
114
50
58
102
198
48
214
154
120
160
178
146
122
222
166
196
162
176
152
96
144
120
62
114
60
58
136
116
78
110
244
152
256
196
196
204
216
352
434
412
288
270
204
124
262
310
84
190
156
146
100
0
36
200
162
214
162
102
200
148
30
130
182
326
368
556
500
554
682
634
676
586
654
702
890
802
898
904
1060
806
878
886
854
874
704
720
656
768
648
570
348
470
414
650
658
626
674
666
746
868
936
980
892
790
766
716
692
522
556
460
472
376
448
524
642
588
706
556
580
470
328
274
70
240
344
386
460
462
658
590
572
756
626
658
582
762
910
1066
834
656
740
698
674
622
548
598
492
418
240
178
86
190
144
198
58
26
98
58
20
48
126
86
8
44
134
204
250
262
230
270
426
484
558
752
764
672
760
762
660
536
684
696
912
912
694
624
476
432
378
314
324
400
194
258
202
374
368
300
148
146
22
62
292
426
356
244
282
192
234
106
54
0
74
118
66
58
14
196
12
160
178
262
78
70
20
62
42
8
138
80
194
228
366
264
338
364
358
394
