904
880
866
876
878
884
860
866
838
838
836
862
864
892
912
888
914
914
898
890
856
842
848
830
828
824
818
866
862
896
894
844
868
860
886
896
900
886
854
858
830
786
818
840
840
848
832
830
850
840
824
806
822
808
846
844
850
872
842
790
808
820
836
836
832
832
822
804
834
834
846
868
910
918
924
924
932
920
894
886
870
918
940
944
950
934
926
912
916
870
880
868
908
892
866
884
882
908
916
910
878
876
866
868
818
838
838
880
894
902
904
934
900
894
924
896
890
868
880
868
868
898
898
902
880
898
904
894
854
858
850
856
862
890
892
894
874
852
860
860
844
850
868
846
866
836
792
826
818
820
828
854
836
800
772
768
796
844
840
838
810
854
866
870
874
904
900
874
852
880
890
882
848
858
880
892
902
894
890
844
858
884
870
850
862
848
866
838
846
856
860
852
848
882
886
870
896
922
926
928
912
928
918
916
924
904
884
888
848
856
842
876
858
858
842
868
846
856
838
822
808
768
774
742
752
800
796
812
784
786
768
772
794
784
780
780
784
812
826
860
850
852
870
880
878
854
800
810
840
870
872
898
872
908
898
884
882
890
854
872
862
850
846
848
878
886
872
864
856
888
920
922
904
850
872
890
886
864
880
862
876
902
890
924
928
926
932
890
860
850
856
834
846
816
840
858
882
876
856
868
906
890
886
902
850
888
858
854
848
884
872
862
858
840
856
878
870
840
844
850
884
866
868
882
898
900
902
872
866
874
822
798
792
808
836
836
858
830
818
844
874
884
878
902
888
894
904
938
902
912
926
898
850
810
808
798
814
808
806
806
804
774
748
718
694
706
782
756
806
796
788
798
780
738
710
700
688
702
672
670
672
712
710
734
780
776
774
780
770
770
790
796
790
754
798
832
814
826
798
782
810
810
830
826
818
832
826
840
832
832
800
798
784
772
746
720
708
756
726
724
726
712
690
698
696
708
724
734
748
784
798
822
822
782
780
766
794
806
846
846
856
872
870
896
848
848
814
814
810
786
714
732
710
742
738
762
754
786
786
850
858
824
856
864
864
876
882
860
830
870
824
848
858
862
866
880
888
904
886
866
884
890
866
854
900
856
862
898
854
878
874
910
902
882
870
882
876
812
800
806
830
866
862
840
870
866
838
866
858
834
832
792
784
784
786
820
786
808
768
798
786
762
780
758
748
748
776
746
728
722
758
772
764
756
718
728
696
676
642
660
658
676
712
742
762
768
726
730
712
728
746
770
764
710
686
708
696
732
744
720
706
666
732
774
802
828
840
832
838
802
786
778
786
794
814
812
846
844
806
762
768
754
760
782
828
832
824
856
864
850
838
836
800
822
806
818
830
798
834
838
878
866
832
822
818
848
838
824
810
824
822
772
758
772
818
836
840
864
866
886
884
886
896
866
872
864
856
842
822
796
810
816
842
818
846
840
862
864
884
830
850
836
802
840
872
874
878
912
884
880
850
836
830
804
812
790
834
850
822
804
852
834
796
808
808
796
816
810
822
802
844
828
830
838
818
828
832
776
726
728
698
640
668
698
656
696
740
718
688
726
706
726
720
732
754
766
754
736
768
790
830
838
866
866
858
842
850
868
880
916
924
926
922
906
874
872
866
876
884
864
882
874
862
842
866
884
886
852
838
846
836
794
814
796
780
788
798
802
802
784
804
794
766
784
820
806
810
812
832
840
862
836
822
844
828
836
844
814
800
844
862
868
808
830
824
824
830
794
802
828
826
786
794
804
764
826
836
850
874
908
910
904
862
890
824
846
888
878
888
892
906
914
902
886
874
866
860
868
896
902
908
896
874
878
866
850
882
872
896
904
924
926
932
946
958
934
910
878
868
856
866
856
852
890
882
890
874
854
882
896
932
936
920
908
922
918
892
902
896
910
900
906
898
884
920
924
916
898
896
876
868
888
848
864
848
810
812
842
836
818
812
798
838
836
844
810
818
806
798
848
854
854
862
864
850
848
850
848
846
874
858
844
864
844
860
876
888
910
910
880
884
890
878
866
870
872
858
866
852
848
860
848
834
850
868
878
892
886
882
908
918
900
896
894
878
882
868
858
900
904
878
866
860
848
846
846
884
892
906
896
916
948
908
890
884
878
922
928
914
866
876
872
866
890
898
886
896
878
878
876
878
878
908
888
906
930
938
868
854
864
882
890
890
914
928
946
932
950
954
952
934
906
896
898
922
888
896
912
930
900
876
876
884
878
864
842
856
888
876
880
898
906
886
900
898
906
884
868
882
848
854
868
826
836
848
864
894
868
890
934
900
934
930
926
902
900
916
904
862
836
844
868
858
850
850
860
872
904
854
890
866
894
880
830
836
854
852
840
796
774
790
800
802
832
826
780
786
740
770
776
768
810
840
828
882
902
866
824
830
872
848
860
872
860
852
860
838
864
860
884
890
914
888
844
880
880
882
864
864
866
848
818
792
802
800
794
812
810
836
842
846
848
832
872
864
878
866
844
820
808
790
812
824
850
874
884
900
878
872
866
868
850
858
826
820
856
884
858
844
824
848
830
850
854
832
810
806
804
814
848
864
866
814
816
816
820
826
840
812
758
750
746
746
762
764
788
808
796
812
782
752
748
790
816
810
820
846
806
814
796
796
792
800
786
786
794
826
830
838
822
814
802
870
886
906
914
898
914
912
874
900
892
866
888
852
852
846
902
884
922
902
908
916
898
896
922
898
946
950
926
914
898
888
896
872
856
866
854
830
846
870
868
846
878
884
876
866
870
846
898
900
870
860
878
890
856
830
834
830
812
808
772
756
786
820
866
846
832
856
856
890
920
926
932
902
928
884
892
888
894
894
922
928
926
922
922
856
854
828
844
844
828
850
820
772
814
836
832
846
830
852
846
850
854
832
884
866
862
850
824
848
854
834
878
880
902
934
922
912
902
898
886
884
904
916
902
878
902
904
872
876
880
876
894
874
884
910
892
892
876
886
894
900
876
866
916
910
924
920
920
896
878
864
842
858
886
880
876
890
904
868
844
868
890
920
904
914
912
930
890
844
878
888
892
878
914
930
892
888
884
920
924
894
874
854
874
898
896
890
870
876
910
900
882
900
924
920
920
946
950
936
944
896
886
898
876
882
842
864
878
848
794
836
848
830
832
822
826
828
834
858
868
856
852
856
822
844
860
872
838
840
872
912
910
918
918
940
900
918
922
906
864
828
818
818
802
814
802
748
778
724
750
782
810
814
798
822
852
834
846
818
804
808
812
812
816
830
884
884
868
864
828
834
830
852
888
876
868
824
818
866
834
840
862
840
864
888
844
834
830
842
848
834
844
804
848
868
896
918
936
924
918
916
912
874
848
854
852
826
802
784
778
796
798
822
816
830
842
832
810
796
820
808
842
862
870
860
890
878
862
868
860
792
816
808
792
800
798
816
850
846
862
874
886
886
890
882
874
854
836
864
838
830
810
810
848
856
876
870
862
846
854
878
868
840
832
886
892
906
900
872
866
868
884
872
870
852
856
842
868
852
864
798
770
742
760
798
776
778
750
738
744
754
752
774
758
770
812
824
788
782
848
800
796
836
816
820
824
812
796
794
756
762
740
678
732
746
794
776
800
844
870
862
910
928
914
886
870
842
864
858
854
848
832
860
836
830
816
824
834
808
778
792
808
774
826
804
788
784
788
778
794
728
730
744
764
794
784
748
772
776
772
776
748
712
718
766
728
712
716
728
740
812
784
788
834
830
866
854
836
848
864
864
872
880
870
852
814
816
830
828
818
818
844
868
864
878
858
846
854
800
792
760
802
792
796
786
790
752
728
718
706
718
716
750
748
700
718
720
708
704
710
732
732
752
774
806
814
804
840
838
834
818
834
820
836
812
800
822
842
850
836
836
856
860
864
850
890
926
926
926
912
892
886
860
868
908
884
848
852
880
880
908
888
904
906
908
920
916
900
864
880
884
914
890
890
916
918
890
902
890
896
906
896
918
880
874
890
878
926
922
936
968
932
948
904
912
902
856
872
880
872
890
902
894
902
842
830
854
848
850
870
846
846
856
822
830
834
850
858
852
880
884
844
862
830
822
800
798
842
826
830
880
868
894
872
844
848
876
904
922
920
900
904
864
862
856
844
856
872
888
860
856
854
806
810
810
772
756
744
740
766
820
804
834
840
844
836
860
842
852
858
862
888
896
910
904
970
918
884
896
868
888
886
880
856
872
884
892
916
908
882
890
870
864
840
856
892
870
898
898
850
838
856
800
796
770
758
756
774
794
780
768
730
736
756
726
732
708
730
726
724
700
726
758
770
770
752
788
770
794
776
792
822
800
822
792
766
784
786
758
772
740
768
764
784
804
802
790
814
794
814
826
824
798
848
834
818
796
780
796
778
778
770
776
786
810
814
810
820
852
834
820
808
830
828
820
798
832
804
816
786
796
770
746
788
796
802
762
756
744
726
754
760
784
786
794
820
828
840
830
822
828
790
766
758
754
822
790
774
820
812
836
824
832
862
814
846
886
892
884
896
906
896
912
886
832
878
882
902
