878
918
920
896
772
766
732
658
608
660
724
748
816
714
674
592
524
658
712
616
500
646
668
702
764
810
806
880
806
812
868
932
938
954
1040
952
908
894
946
994
1010
996
1010
932
1010
1080
1020
1120
1236
1226
1244
1154
1142
1202
1048
1038
982
1008
1022
968
984
988
1058
1054
1026
1056
1110
1042
1082
1102
1004
1112
1132
1198
1156
1134
1048
1000
1094
1018
1086
1082
1012
986
966
1054
1006
1008
948
972
1080
1166
1186
1106
1096
1178
1254
1336
1288
1258
1332
1304
1436
1456
1534
1528
1424
1484
1464
1422
1418
1424
1436
1384
1374
1378
1294
1298
1272
1198
1248
1276
1298
1316
1190
1098
1096
1148
1178
1156
1174
1154
1178
1242
1088
1056
1134
1198
1208
1208
1202
1148
1210
1130
1142
1214
1248
1112
1164
1178
1264
1250
1282
1348
1310
1386
1348
1480
1412
1306
1332
1358
1288
1264
1406
1342
1334
1276
1308
1344
1230
1220
1148
1202
1214
1078
1140
1172
1222
1278
1248
1212
1224
1208
1286
1332
1366
1502
1496
1478
1380
1406
1330
1206
1230
1220
1268
1244
1238
1234
1202
1188
1034
1040
1108
1086
1150
1192
1166
1224
1274
1166
1184
1190
1168
1268
1416
1514
1530
1446
1450
1528
1552
1520
1588
1642
1650
1644
1626
1738
1780
1808
1848
1750
1760
1710
1824
1744
1916
1928
1902
1968
1974
2026
2006
1912
1846
1870
1874
1844
1790
1650
1726
1782
1744
1758
1730
1732
1718
1680
1648
1606
1590
1644
1768
1798
1794
1798
1830
1832
1898
1792
1808
1742
1804
1832
1832
1872
1886
1900
1752
1884
1866
1940
1912
1878
1766
1846
1768
1796
1762
1768
1690
1762
1698
1636
1616
1590
1562
1508
1526
1550
1530
1510
1458
1434
1434
1424
1330
1464
1360
1310
1226
1126
1232
1216
1228
1112
1108
1008
1026
1008
1110
1150
1104
1140
1102
1070
1180
1058
996
1040
1040
1006
916
1022
1066
1094
1094
1152
1106
1122
1080
1114
1100
1128
1198
1168
1240
1144
1206
1250
1258
1262
1342
1222
1272
1304
1412
1380
1436
1370
1424
1418
1560
1504
1494
1426
1380
1530
1542
1664
1560
1622
1580
1600
1546
1488
1404
1324
1374
1382
1392
1324
1286
1320
1244
1260
1148
1230
1162
1108
1156
1208
1198
1230
1204
1094
1194
1168
1318
1224
1264
1288
1338
1310
1410
1452
1446
1418
1448
1324
1308
1284
1370
1272
1302
1318
1278
1332
1348
1360
1446
1434
1386
1346
1350
1284
1222
1232
1148
1100
1088
1064
1102
1052
1102
1162
1058
1116
1122
1192
1124
1064
1006
966
858
912
918
966
876
826
790
914
858
898
794
834
954
906
832
782
768
700
886
934
982
928
916
874
860
826
746
642
696
574
610
628
638
570
506
524
450
568
550
476
524
524
552
600
480
438
464
550
480
268
298
292
300
332
314
308
318
444
462
418
408
392
462
392
532
444
372
326
338
400
346
292
228
180
98
88
182
238
246
206
334
236
216
234
254
386
450
482
470
424
542
604
618
706
638
732
656
676
724
634
640
560
520
626
708
732
786
844
744
698
644
640
624
590
634
574
588
616
620
680
744
820
784
794
722
632
590
728
676
636
608
684
700
662
668
678
602
626
544
484
448
398
330
264
234
262
206
92
118
110
38
110
52
10
38
118
140
172
232
140
70
10
78
88
182
218
342
258
236
298
188
160
186
212
222
136
128
260
296
354
396
412
380
316
270
320
262
234
342
376
312
312
422
510
438
530
536
426
426
418
322
452
478
446
468
440
450
516
446
602
628
708
742
728
728
660
674
656
612
674
684
668
690
608
700
712
758
752
740
734
740
688
730
722
700
606
486
616
700
812
834
826
868
920
1022
1024
974
1146
1118
1090
1168
1240
1246
1304
1270
1174
1238
1328
1284
1172
1242
1234
1064
1118
1046
944
972
820
812
866
756
820
720
722
726
710
690
668
734
768
728
796
766
814
776
716
804
834
870
886
984
1030
996
1130
1044
1016
1156
1208
1228
1238
1308
1218
1236
1322
1390
1484
1470
1444
1380
1338
1408
1350
1484
1368
1378
1386
1418
1432
1392
1272
1234
1204
1098
1032
1058
1022
1110
1132
1190
1200
1152
1000
948
944
940
962
940
942
1028
988
884
942
962
988
946
942
934
920
938
864
864
852
862
922
856
838
784
868
904
886
900
972
976
980
934
998
1032
970
930
906
812
782
768
704
690
646
746
666
576
710
678
628
626
636
636
542
596
654
642
666
684
738
592
648
694
842
700
742
712
678
738
774
786
732
814
934
1048
1030
1018
928
880
884
828
778
732
656
584
532
492
496
672
620
636
682
754
690
686
634
630
674
684
656
702
652
552
600
642
670
674
786
910
840
734
624
554
552
608
418
394
348
424
378
332
354
304
266
196
268
300
320
334
300
304
262
334
382
356
330
340
400
364
270
338
270
252
242
148
198
238
216
180
210
170
136
60
6
38
30
56
44
62
58
118
136
158
52
14
120
156
190
194
230
300
318
324
230
272
282
298
292
426
402
498
386
346
404
224
138
168
216
142
66
34
80
72
194
266
254
232
204
250
128
164
156
254
330
330
394
354
248
218
152
136
292
276
364
316
300
280
322
338
432
358
486
438
480
540
578
598
574
596
536
432
418
530
584
630
600
484
546
448
350
410
482
404
480
458
422
474
530
588
580
608
522
544
550
556
586
572
496
466
410
482
476
460
346
524
576
562
490
500
448
344
340
484
558
528
540
520
600
582
622
532
482
436
454
452
390
388
292
208
174
126
174
56
72
214
204
220
198
298
336
494
466
504
572
654
572
524
600
698
648
614
520
498
486
538
480
464
440
460
414
422
460
500
408
486
480
434
482
504
454
468
444
524
502
468
446
456
464
538
656
684
614
660
676
682
616
616
560
532
536
580
666
682
708
800
862
754
784
772
756
728
716
766
732
686
632
546
522
504
502
392
394
364
254
236
244
326
368
274
116
214
242
298
358
306
202
192
166
210
260
264
278
322
304
366
370
426
442
500
486
634
560
630
494
442
402
358
182
178
256
268
174
158
140
88
26
60
58
28
50
56
18
14
32
82
64
140
74
130
146
210
228
262
198
304
298
302
342
182
200
330
334
296
290
410
362
366
368
410
416
454
444
482
394
398
380
434
416
434
480
498
574
516
444
334
326
306
358
386
346
328
212
218
294
288
336
360
354
324
328
294
236
242
246
260
148
158
206
98
150
206
196
116
190
74
46
24
16
110
100
230
222
150
136
38
6
62
14
44
50
74
184
116
112
88
54
70
108
144
74
28
56
12
8
2
68
100
216
64
56
84
52
64
74
168
264
190
88
126
136
178
180
208
214
140
198
106
84
118
160
152
186
192
220
238
172
256
164
246
236
252
170
174
206
238
220
144
118
188
46
70
78
14
4
52
20
36
58
154
108
132
194
232
276
222
328
298
318
386
412
420
402
496
442
336
262
224
258
258
302
384
334
332
322
388
384
556
584
670
716
638
654
584
614
556
606
556
550
440
322
488
476
512
602
724
664
804
862
870
936
962
974
928
966
1042
1002
1018
1016
1096
1006
926
1064
1080
1018
1028
962
1026
1040
986
970
996
960
878
826
868
930
968
1044
1094
1096
1128
1038
1098
1054
1136
1194
1154
1258
1214
1170
1056
968
1002
1090
1220
1166
1114
1030
958
920
934
982
936
978
1018
926
940
874
866
908
944
906
922
978
934
804
794
728
824
918
924
958
978
932
960
1124
1094
1148
1104
1024
908
886
848
900
918
812
852
818
848
900
944
926
1068
1046
1038
1016
1024
1028
1060
1206
1198
1248
1298
1276
1180
1188
1250
1186
1140
1054
1110
1090
1096
1146
1288
1438
1344
1192
1176
1198
1146
1188
1174
1260
1292
1238
1230
1188
1266
1256
1246
1246
1144
978
1026
1004
1008
910
874
874
900
900
944
946
782
782
848
788
776
700
770
744
874
850
738
792
810
940
922
804
774
796
848
864
910
840
840
728
636
462
456
494
412
360
408
434
426
512
532
622
610
574
640
680
660
584
686
742
796
636
570
648
732
664
600
666
608
626
442
524
476
508
454
374
332
274
368
358
290
250
190
52
214
320
308
310
444
414
424
396
378
408
520
450
458
458
704
638
592
556
604
688
720
680
808
816
804
948
1068
1066
1094
1092
980
1052
1114
1124
1072
1152
1156
1114
1116
1192
1172
1064
1112
1126
1284
1218
1068
1028
1004
934
862
932
832
872
728
868
840
856
862
832
850
866
928
928
832
742
852
844
942
952
924
886
766
684
708
586
508
480
528
490
358
474
498
496
528
356
368
282
382
450
440
336
380
430
420
416
406
298
296
316
324
310
328
404
362
294
382
402
416
450
596
590
410
338
286
352
310
330
354
356
262
326
300
306
480
404
380
390
322
386
328
244
374
520
584
568
666
630
596
596
618
618
556
444
316
384
322
194
146
54
14
150
152
136
68
118
72
226
114
24
140
202
178
122
114
164
212
216
322
380
416
476
330
380
368
352
402
506
468
452
576
514
584
570
596
590
572
460
448
440
504
540
634
614
666
588
560
596
480
546
656
588
614
540
550
588
644
586
660
626
476
478
458
436
238
132
76
152
154
186
104
50
30
16
8
96
50
86
38
94
110
132
104
134
34
54
196
176
190
174
52
16
54
38
38
88
12
48
0
2
42
16
42
134
184
190
182
16
28
14
64
36
66
78
70
200
240
258
290
330
390
460
464
474
512
448
444
480
428
524
496
456
334
344
396
286
376
310
348
298
374
470
476
384
358
412
496
496
544
504
424
398
364
342
430
376
194
172
204
174
232
190
256
194
182
168
102
108
6
22
30
8
48
58
20
48
42
4
30
4
76
38
120
48
84
90
24
114
164
90
176
202
238
274
294
420
224
276
294
134
186
240
336
260
252
304
308
332
336
278
296
218
132
176
130
184
130
306
282
286
342
328
264
262
224
210
134
50
226
222
