938
946
976
954
930
900
904
882
912
910
890
888
898
912
896
908
890
890
900
914
902
912
874
906
926
942
920
914
914
910
888
878
906
914
872
864
866
896
890
880
896
864
860
872
826
842
876
882
872
874
898
886
908
908
938
950
938
936
936
930
916
902
900
896
890
888
876
882
896
894
890
938
928
898
880
888
912
912
920
924
906
878
898
900
892
890
922
916
896
932
922
936
928
920
900
882
860
804
852
824
862
860
894
914
922
918
922
940
930
928
924
890
886
884
862
858
862
852
874
866
852
866
864
880
868
904
922
908
898
856
878
846
872
908
884
876
882
862
888
908
896
898
872
850
852
830
840
856
868
828
836
832
822
810
832
842
856
854
834
828
820
816
812
832
832
802
810
814
844
878
876
896
884
874
890
862
844
840
846
834
832
828
850
872
848
818
842
826
844
880
868
894
872
858
896
880
886
916
880
892
890
886
888
874
896
892
878
908
892
890
906
880
870
850
834
852
856
824
848
898
900
910
914
934
926
940
930
938
938
944
938
920
918
904
926
904
890
902
898
934
934
900
888
894
902
924
918
914
928
894
922
896
936
944
920
924
890
882
880
890
878
886
884
882
854
832
868
868
860
892
892
912
888
900
870
848
810
792
774
802
800
832
884
886
896
870
902
934
898
894
890
882
928
928
932
920
918
918
946
934
946
916
928
912
898
876
912
890
882
846
820
826
842
840
866
838
852
864
884
882
890
928
944
918
916
900
888
890
880
872
874
882
870
890
894
912
928
910
924
904
910
926
920
938
944
930
958
906
910
908
890
910
904
910
914
900
886
876
882
838
828
824
846
776
832
842
864
842
828
852
842
872
826
800
816
816
844
858
892
856
842
810
828
870
838
858
856
824
806
762
744
728
794
788
798
840
842
818
850
892
906
920
930
934
908
862
910
886
900
858
862
806
820
796
788
760
730
766
796
820
818
822
818
838
798
802
778
790
800
778
814
800
820
804
812
794
804
804
792
782
820
816
798
774
780
796
800
796
814
764
762
802
806
836
840
850
822
818
808
832
856
882
886
902
902
886
902
908
916
912
918
932
954
920
948
922
940
922
928
934
958
946
942
934
946
958
932
906
876
868
840
894
880
862
878
856
842
864
860
870
834
824
864
898
924
926
900
898
898
886
888
904
918
910
898
876
906
918
898
884
908
890
876
892
860
882
914
878
868
864
876
872
878
880
872
840
800
800
840
882
916
878
896
930
932
940
942
934
932
932
930
950
948
926
882
886
894
924
932
906
910
872
854
874
858
868
868
874
858
892
904
912
900
906
916
904
914
890
892
888
890
900
880
870
866
838
884
886
876
898
860
898
934
920
902
908
890
892
884
870
872
860
860
890
888
900
894
898
910
924
920
920
884
910
892
870
860
842
826
854
844
826
776
800
862
840
876
890
882
886
904
922
908
902
912
944
938
930
904
918
888
916
936
916
892
896
882
926
908
896
898
906
912
916
896
914
954
946
940
932
930
920
930
920
894
890
906
892
868
898
912
928
902
902
902
918
900
924
906
876
874
912
916
912
934
908
924
902
908
908
870
872
918
900
876
886
886
936
920
910
914
914
908
910
914
912
928
942
960
940
930
946
950
938
916
924
906
876
860
848
864
870
902
920
916
912
910
882
872
820
832
794
784
828
826
856
868
860
862
848
850
854
868
866
826
848
836
862
850
884
890
870
822
826
814
860
888
874
888
882
892
866
866
858
862
852
864
838
796
846
820
842
836
842
818
804
852
836
804
806
794
782
774
766
776
772
806
788
812
822
842
836
810
820
830
850
852
854
888
908
916
920
930
912
936
934
932
944
948
914
908
898
884
918
920
928
912
914
918
936
916
896
912
890
886
902
882
886
872
846
830
852
848
848
860
844
840
808
820
798
786
772
788
762
794
768
784
728
686
672
718
738
736
750
734
710
672
666
734
750
758
806
828
826
822
860
864
852
880
874
848
804
862
886
882
864
900
912
914
916
898
932
920
912
910
898
854
832
860
856
876
876
900
868
898
886
890
910
920
932
946
904
892
876
894
870
870
836
878
876
874
854
848
856
890
908
894
862
876
874
886
910
900
876
878
828
852
872
870
876
858
856
812
836
846
892
880
888
892
900
916
892
906
904
916
884
898
906
894
884
830
836
826
846
840
864
834
860
848
818
820
820
786
804
800
774
754
756
764
770
790
766
766
796
790
784
742
778
776
760
820
840
790
762
776
788
778
744
754
782
750
734
744
676
688
670
654
642
658
686
682
748
804
790
796
788
830
810
800
798
814
810
816
820
826
858
850
858
856
898
874
898
888
876
882
900
910
892
884
890
880
896
902
884
902
914
908
924
916
944
908
928
932
934
922
936
938
920
906
906
880
882
882
870
844
858
864
874
892
902
898
926
930
942
960
940
914
928
912
934
902
892
894
890
914
898
908
916
950
920
906
910
916
920
922
916
922
918
896
882
886
878
868
926
920
916
912
912
932
926
904
908
894
874
874
886
868
880
856
888
912
930
926
940
922
898
894
874
872
892
892
902
906
910
896
890
870
866
862
858
858
848
872
868
882
902
890
930
936
922
904
902
900
912
908
886
894
902
914
898
868
858
814
816
862
866
866
862
870
894
894
908
898
912
914
898
894
882
884
880
852
856
856
842
872
906
906
862
886
924
914
880
878
854
874
900
892
848
848
804
804
804
798
824
844
854
866
904
942
952
934
922
916
906
918
876
870
880
888
894
912
916
902
914
884
872
888
894
892
904
924
940
928
904
934
882
894
924
914
896
894
892
882
872
886
876
882
872
896
872
850
872
862
888
922
922
894
908
922
938
936
914
914
896
876
868
858
860
848
872
840
808
806
848
848
842
868
872
862
866
910
884
888
932
932
940
932
946
926
890
878
858
824
796
816
832
830
858
874
882
858
884
874
856
882
898
946
926
932
916
890
906
884
844
824
862
790
812
826
806
804
768
736
762
784
754
750
746
754
736
698
700
712
706
774
830
840
798
782
792
842
866
878
850
866
862
840
850
816
814
824
852
850
890
864
864
856
882
856
852
838
832
836
834
802
818
842
856
854
846
882
868
838
816
796
776
800
776
766
780
804
808
784
808
846
830
820
834
826
810
828
844
850
854
854
844
868
898
914
906
882
898
894
882
872
862
846
868
868
872
832
826
812
834
880
884
842
822
814
820
818
796
794
774
794
808
752
752
746
762
770
752
780
774
808
804
786
824
822
858
856
836
852
860
836
868
872
864
892
878
874
870
884
886
910
920
918
922
922
896
896
928
902
896
910
896
902
896
892
876
874
884
868
876
910
906
932
920
926
898
914
888
890
914
892
864
870
888
868
836
852
854
860
862
878
854
880
858
896
886
892
872
868
890
844
860
870
868
874
894
872
856
864
856
834
848
870
850
840
812
802
808
754
780
778
760
732
676
684
676
710
696
726
700
720
744
744
790
820
798
834
836
830
858
876
868
884
890
902
926
948
942
942
952
910
908
922
924
910
914
926
914
878
862
878
908
926
908
924
930
896
920
906
904
908
898
878
826
804
800
826
856
868
846
848
846
860
896
898
890
894
878
870
862
864
822
846
860
884
868
878
868
906
942
926
924
940
932
940
936
896
910
912
910
914
930
920
900
914
932
950
948
928
868
892
910
908
920
932
938
964
938
926
950
954
940
930
916
906
916
894
904
856
822
816
830
860
838
828
868
878
892
866
854
854
860
896
896
906
924
932
940
942
914
922
930
902
916
910
910
912
912
916
890
914
904
894
906
900
882
908
938
898
894
896
874
868
852
842
808
828
822
830
836
830
832
864
880
876
870
862
844
846
844
778
760
744
722
684
710
736
756
766
764
768
700
704
710
754
756
752
770
816
820
812
798
832
830
790
850
836
848
848
874
854
852
874
876
878
882
826
826
812
780
794
796
820
830
830
846
822
844
836
832
826
798
832
862
866
828
864
864
862
842
832
820
824
820
830
840
830
824
842
820
840
852
876
896
876
866
862
892
900
938
916
930
918
894
906
906
912
892
910
932
906
908
930
934
950
938
950
926
922
906
862
878
888
888
902
862
880
888
882
892
896
878
880
922
958
932
920
908
902
906
900
902
890
884
872
862
884
838
842
854
880
868
854
840
852
868
866
856
860
838
810
806
814
808
822
822
824
794
796
794
802
802
798
784
784
784
778
804
820
832
820
812
818
784
776
788
772
754
798
786
794
792
788
830
840
816
826
796
824
832
854
868
854
842
850
886
912
926
932
918
896
902
882
878
904
916
934
920
890
854
844
858
874
874
880
906
910
926
890
888
864
888
854
842
866
856
838
822
842
848
844
876
884
888
902
902
896
888
890
880
878
918
912
886
886
888
918
906
884
896
908
894
902
892
904
876
876
894
858
842
884
888
848
842
870
852
834
826
824
822
854
878
904
916
924
902
880
900
902
904
864
876
852
892
908
896
926
934
942
938
912
926
902
918
936
950
926
912
940
948
934
908
874
862
850
852
846
838
834
828
812
848
854
810
822
822
