806
822
876
898
908
922
928
912
914
916
892
876
876
880
876
892
878
874
888
892
886
878
880
856
896
892
902
906
892
898
890
898
892
876
872
858
866
868
892
890
884
888
876
898
900
902
904
904
884
892
882
906
886
890
896
912
912
916
910
862
886
894
890
888
900
894
892
878
896
874
882
882
870
856
826
822
840
848
806
808
798
810
814
810
824
830
826
842
848
884
858
836
810
828
890
904
906
890
858
838
832
818
820
862
890
858
840
820
872
890
872
904
886
888
882
880
922
950
932
938
900
892
876
876
840
840
820
832
800
794
796
812
830
838
840
832
838
870
824
828
812
764
748
768
810
788
796
812
822
856
848
890
888
862
862
870
840
870
858
868
888
894
930
920
912
900
914
938
902
878
894
908
886
880
896
914
906
900
922
938
926
918
862
864
914
920
940
940
944
946
928
938
936
934
912
920
922
904
890
904
886
866
858
834
846
828
824
870
824
862
882
850
858
860
864
844
850
860
848
838
800
798
854
846
880
872
884
894
916
888
856
860
874
858
858
838
802
822
844
838
822
840
834
820
844
850
818
804
794
812
812
824
794
794
808
854
832
830
824
862
842
828
850
836
806
816
820
842
878
876
892
924
918
910
912
874
880
866
872
876
912
938
922
898
926
898
898
872
868
896
926
896
910
916
898
914
902
870
896
886
884
910
914
928
910
874
870
850
830
820
836
820
854
854
850
884
908
904
906
888
868
912
902
938
918
946
904
888
890
894
900
908
906
898
878
890
918
896
870
884
878
850
832
830
840
860
846
834
836
806
862
884
928
906
912
922
924
926
934
924
902
914
894
902
900
882
868
900
918
914
928
920
902
894
914
928
926
934
948
930
884
896
890
888
898
886
838
850
838
860
854
882
894
902
914
916
932
918
934
932
952
924
936
918
940
900
886
888
888
844
872
870
872
864
880
846
842
854
860
820
816
830
820
810
780
784
796
780
784
766
772
756
794
750
734
690
710
720
706
778
768
750
740
728
722
762
764
798
822
794
778
774
744
790
804
780
810
836
824
834
822
796
838
838
854
876
864
886
858
870
868
908
866
906
876
898
906
910
904
924
910
928
908
900
880
910
946
926
930
924
914
896
918
918
904
924
906
890
908
920
908
888
892
888
882
902
926
900
926
940
954
946
938
928
938
952
950
954
922
926
904
886
886
884
858
882
898
880
884
884
890
908
886
884
880
834
850
842
808
786
806
812
836
778
780
776
790
786
804
796
798
816
852
842
858
840
908
924
912
904
914
908
892
870
860
850
850
874
854
804
794
872
886
904
864
850
890
914
904
916
874
856
834
828
810
878
884
868
864
804
790
830
870
896
902
856
878
890
878
860
840
840
856
862
872
864
876
890
882
884
870
882
840
830
850
872
918
896
898
896
898
896
884
882
898
874
872
902
918
920
914
896
906
884
874
888
884
880
854
844
844
826
830
846
874
840
868
858
866
906
908
882
920
920
888
892
890
892
870
876
842
864
874
866
870
886
834
856
864
860
884
870
874
852
824
882
882
880
872
876
846
822
830
838
830
870
890
866
882
890
842
838
812
834
822
784
802
802
858
850
846
856
852
832
800
790
778
806
832
846
860
868
850
860
846
852
874
864
884
862
868
890
870
874
868
882
878
882
894
916
898
910
896
892
864
856
856
830
830
810
796
782
814
788
828
852
856
842
830
838
868
902
882
856
896
914
872
886
890
876
896
874
830
816
836
846
842
846
884
896
896
882
868
864
870
890
886
876
844
860
866
840
842
824
826
824
806
830
860
880
848
870
862
884
852
872
890
874
852
870
886
854
832
844
854
870
856
858
858
836
858
874
880
850
842
824
854
854
860
874
850
840
830
842
856
874
872
838
836
826
786
820
854
878
862
848
858
844
870
850
842
866
834
850
860
832
806
818
828
880
906
888
856
874
888
894
880
898
906
904
914
866
866
868
880
874
852
830
836
842
846
856
858
844
850
838
816
860
852
858
862
858
878
882
890
872
852
836
830
846
874
880
832
798
792
830
818
840
888
858
878
902
898
874
892
848
868
854
816
874
886
886
856
862
834
848
868
896
840
844
860
848
832
836
814
824
816
872
876
856
858
864
866
830
822
806
836
874
892
884
884
888
854
898
920
914
924
940
930
938
930
918
906
896
894
866
838
872
858
868
920
896
908
890
866
868
886
898
926
880
886
892
912
884
894
928
942
902
894
892
916
922
890
906
932
936
920
894
880
886
894
896
846
844
846
826
878
846
860
850
852
898
868
822
838
886
874
862
890
896
896
896
898
892
864
852
860
864
844
844
832
790
760
756
696
650
672
664
696
630
598
564
526
536
616
580
614
654
676
698
726
746
732
740
730
682
668
668
682
700
682
682
702
706
720
728
696
696
740
732
700
700
732
742
782
808
804
806
824
832
814
816
824
852
874
880
898
870
894
886
896
930
932
918
924
924
906
910
908
924
944
960
938
936
938
908
896
856
872
862
866
864
848
840
818
838
780
732
748
774
790
852
810
784
766
724
762
828
868
846
834
912
916
908
924
914
900
896
916
900
870
904
882
880
878
912
904
892
902
892
898
902
906
932
908
918
924
924
932
928
900
870
834
832
890
892
880
910
932
912
882
878
916
956
946
930
930
928
936
916
908
894
884
864
888
914
896
866
886
924
910
904
886
890
900
894
886
890
918
922
912
922
928
918
888
908
842
838
822
844
838
860
826
846
854
888
838
858
886
870
894
904
864
878
874
830
826
842
840
840
774
780
788
802
790
796
780
764
734
676
646
684
650
654
688
728
776
794
776
796
782
778
780
768
766
756
748
760
802
808
800
810
808
834
840
852
880
892
890
926
896
900
894
902
890
880
856
840
858
844
852
812
756
768
760
724
746
792
832
830
814
848
852
846
836
872
856
880
890
870
864
862
882
848
874
886
874
860
866
882
896
910
884
894
906
898
912
872
852
850
862
862
856
870
848
876
838
848
854
836
850
848
868
860
894
876
844
836
836
796
824
826
814
802
784
776
788
792
754
786
808
806
800
814
796
794
814
822
816
796
814
796
806
802
794
802
796
772
816
820
808
816
816
784
768
740
704
698
702
704
734
740
776
762
772
812
802
818
792
786
786
768
788
814
788
844
812
862
834
868
876
850
862
868
884
830
862
882
870
892
874
918
888
892
876
862
874
890
918
900
868
864
884
906
890
896
894
910
878
868
870
858
848
882
874
868
880
896
904
904
908
906
878
894
870
866
858
870
892
900
872
866
868
840
830
808
820
854
876
862
856
836
878
852
860
886
866
882
870
888
894
896
892
872
870
908
896
896
894
868
920
898
902
914
902
870
864
852
824
846
848
844
858
856
868
874
840
806
764
792
772
772
776
768
774
796
772
778
750
762
776
804
788
764
788
820
806
800
792
806
802
812
812
840
816
818
810
834
880
890
900
914
920
906
940
936
924
922
922
898
884
904
918
918
932
934
924
912
878
878
856
858
854
856
842
832
830
822
834
850
838
860
844
836
866
866
890
892
864
828
800
812
862
866
864
862
880
860
848
830
852
854
880
888
888
884
872
860
880
846
864
834
890
872
886
900
878
856
886
884
874
882
880
848
870
902
914
920
904
892
888
888
912
894
888
888
896
898
862
886
874
878
900
902
904
914
874
834
824
810
792
776
770
804
804
820
844
866
888
880
896
892
890
860
858
886
930
904
886
878
858
906
928
894
904
892
882
920
938
902
898
908
894
916
926
906
912
872
894
866
854
836
860
840
822
834
800
828
800
790
806
794
840
830
828
860
834
866
892
888
846
862
872
842
838
870
900
890
866
902
894
870
866
894
904
918
908
892
918
928
866
870
884
828
850
864
854
868
874
810
830
812
808
820
818
810
830
818
818
856
856
878
918
900
910
900
898
906
920
924
910
908
874
866
872
902
928
914
910
874
872
902
906
918
910
916
914
938
940
934
930
942
912
888
882
890
856
850
852
832
882
840
842
864
864
888
886
908
876
906
924
898
890
902
894
866
846
872
870
876
868
864
842
864
896
902
920
912
892
898
884
856
854
858
822
868
840
806
778
786
784
790
814
838
842
896
898
922
932
882
876
872
846
872
844
894
848
882
882
882
880
862
848
850
842
854
822
842
842
848
852
834
814
814
814
778
796
814
772
808
748
758
786
782
828
814
818
830
868
882
854
854
832
836
848
860
872
872
876
852
854
846
822
818
806
822
836
824
832
838
832
846
812
824
808
818
786
812
802
818
834
838
842
854
822
860
862
846
818
810
770
778
832
822
798
790
782
770
760
770
818
818
812
804
768
728
748
736
748
756
786
788
842
842
838
816
872
864
874
848
804
854
860
900
898
908
854
844
868
882
886
874
852
830
814
820
828
848
838
846
874
880
882
878
844
852
898
894
894
872
880
870
860
876
882
884
930
894
910
906
886
930
932
912
926
948
930
930
914
908
924
902
884
878
868
866
906
886
890
876
818
796
776
816
832
834
864
860
888
868
830
832
854
836
886
874
882
858
866
902
