602
696
700
734
702
750
768
890
736
762
818
690
686
682
620
590
608
654
710
714
752
730
788
766
654
798
760
598
488
512
548
484
426
414
438
318
292
302
394
396
418
576
578
606
544
580
620
684
710
668
620
602
540
342
286
356
296
372
334
298
342
370
314
200
298
262
306
370
274
352
458
418
500
502
554
572
724
800
790
756
694
584
600
532
572
566
434
354
380
360
374
346
426
494
498
442
562
454
280
190
262
256
348
298
344
436
548
588
588
574
542
526
598
606
576
548
450
500
558
702
704
602
566
498
468
492
614
588
494
528
636
664
588
532
420
490
632
558
584
564
576
390
402
246
296
234
172
70
32
110
142
94
94
38
74
96
170
238
212
282
222
216
260
360
280
206
250
274
354
276
198
186
204
156
206
288
342
372
352
292
290
314
406
422
556
620
590
740
814
752
770
916
1020
1028
1108
1118
1118
1106
1144
1120
1096
1142
1148
1076
1134
930
818
782
860
752
786
738
830
792
654
510
460
320
306
264
338
356
218
212
244
336
298
368
378
384
432
584
566
582
572
610
540
542
530
592
640
648
542
402
224
310
272
282
168
230
234
298
184
158
94
178
180
186
52
58
32
24
70
168
102
108
60
18
4
14
68
34
60
150
140
144
32
88
32
54
96
130
198
158
222
322
222
174
104
84
78
94
178
138
246
210
278
240
326
338
396
342
298
246
254
232
190
136
70
124
32
70
70
154
144
134
26
62
18
76
22
16
84
116
194
150
190
210
228
174
206
258
258
278
334
358
324
266
244
354
418
420
414
296
286
136
82
108
218
92
108
194
150
78
100
194
348
342
388
370
448
430
464
378
470
450
534
508
592
578
564
592
502
690
748
678
702
680
694
732
668
658
698
604
586
588
516
506
406
414
374
524
506
430
430
450
282
210
224
202
110
116
66
88
144
116
156
102
144
166
172
162
176
80
10
52
32
22
114
222
136
174
250
142
182
210
308
340
234
320
356
254
282
296
284
172
158
52
2
12
118
96
22
80
130
146
80
60
100
122
158
94
188
78
124
22
144
148
232
306
180
116
216
188
304
258
272
268
140
272
318
138
154
144
92
120
166
166
50
252
294
304
336
292
398
348
272
280
358
248
300
296
334
376
418
374
428
448
454
298
410
434
530
358
416
390
404
456
618
476
456
486
492
430
452
480
546
472
438
456
384
350
302
268
278
364
398
414
450
526
590
540
474
446
490
452
512
606
572
666
682
680
668
634
682
698
656
762
764
806
802
846
758
602
744
922
876
816
796
818
810
784
758
858
764
626
628
546
546
550
526
612
562
568
658
576
572
588
494
576
514
404
434
448
450
468
426
310
196
222
288
194
274
340
346
278
156
194
148
232
200
70
126
56
22
120
138
28
42
12
20
62
164
98
32
46
96
200
192
126
138
118
216
238
80
46
60
128
86
6
86
24
18
22
58
60
78
30
60
6
6
52
158
78
12
50
62
16
64
112
264
314
346
318
288
252
240
224
138
92
114
162
108
116
274
162
216
122
114
234
222
198
188
194
242
280
154
198
162
54
56
56
78
20
34
62
60
146
188
304
336
380
504
442
436
452
412
388
414
374
382
372
418
382
400
466
494
452
452
518
576
620
622
566
554
448
546
622
658
660
712
704
508
524
588
498
438
416
372
410
530
556
554
538
640
598
576
570
556
690
670
712
630
732
806
868
898
970
1040
972
956
968
898
920
840
834
932
804
724
660
720
848
762
884
934
952
996
864
846
960
882
760
680
584
586
518
678
660
752
678
590
664
602
544
402
386
298
288
224
194
184
200
204
292
358
386
392
412
376
498
462
396
456
482
530
660
682
590
566
568
642
698
594
530
608
568
534
422
562
526
600
558
496
344
222
212
194
76
14
54
64
94
140
8
66
86
104
134
8
44
4
54
54
84
120
112
174
130
42
90
96
24
80
92
186
150
78
34
56
36
28
250
204
96
46
32
114
38
22
20
50
102
64
88
100
60
66
10
64
156
124
118
102
124
152
176
198
144
262
298
258
294
328
352
304
334
334
438
420
324
362
392
534
582
700
708
676
634
606
528
420
412
490
648
634
628
574
608
626
616
562
456
386
450
464
482
426
402
428
384
326
294
290
276
284
234
236
182
146
170
358
346
204
168
110
166
222
234
278
274
180
190
178
316
218
90
58
14
126
106
86
34
24
50
72
98
106
142
88
154
164
154
226
222
240
212
190
202
208
220
208
274
262
276
156
162
66
78
34
64
120
144
62
90
100
128
134
282
272
358
288
310
190
148
182
86
4
76
116
38
14
184
224
298
322
384
456
448
386
336
402
316
364
370
372
338
250
400
472
454
408
454
620
622
658
708
684
730
792
720
696
782
896
980
1068
1092
1182
1176
1184
1214
1120
958
1020
1184
1150
1164
1132
1206
1118
1024
1024
996
996
890
886
924
898
886
736
494
366
384
270
254
92
42
82
60
0
108
44
40
18
16
98
66
14
54
62
152
182
116
70
100
26
22
4
16
104
206
246
254
236
208
162
88
194
290
272
222
226
274
242
296
336
362
394
372
434
336
426
404
446
650
660
642
656
714
676
554
590
502
430
352
210
188
228
130
208
348
472
538
566
360
404
404
526
588
602
554
510
408
538
592
574
592
506
466
452
452
532
542
468
480
464
348
330
216
290
338
328
328
344
270
228
192
276
226
360
202
146
232
146
6
110
86
146
120
102
160
192
126
84
50
20
82
114
180
178
36
8
16
26
46
22
46
118
78
24
54
78
72
60
98
50
4
22
146
162
162
204
218
250
156
184
128
164
188
116
202
358
418
370
304
296
330
298
274
242
202
172
202
252
288
272
284
266
266
364
326
352
342
324
388
426
434
442
508
336
306
264
388
416
420
422
334
216
66
26
120
188
234
292
390
378
442
456
382
314
342
314
234
258
250
326
294
376
324
360
346
298
260
272
292
302
324
304
382
356
384
342
290
244
202
66
76
18
54
160
246
248
324
382
418
324
244
168
226
206
262
144
84
134
166
114
184
232
162
204
194
204
174
204
126
158
238
70
102
4
30
34
152
202
318
426
334
362
346
408
424
494
490
600
606
522
634
634
650
716
706
714
730
650
650
548
528
588
588
556
624
608
494
476
424
442
350
230
320
240
316
272
248
214
178
198
266
274
344
420
432
538
542
434
420
380
358
398
362
322
360
386
330
354
340
450
508
494
578
410
426
322
320
412
438
432
402
328
198
122
124
228
192
142
248
348
286
140
206
170
52
238
244
294
346
572
592
600
600
580
598
726
712
622
674
680
706
556
670
656
706
736
674
622
678
662
630
642
602
576
618
808
818
954
922
1020
926
884
822
760
784
768
852
936
866
792
728
726
720
690
696
564
592
644
600
648
672
690
632
644
748
698
662
756
756
768
784
798
694
684
682
696
588
592
730
702
716
746
766
624
710
654
664
574
644
686
794
892
886
942
918
1012
994
958
980
1096
1140
1182
1226
1248
1280
1268
1286
1232
1178
1050
926
742
652
684
756
734
740
784
738
656
624
654
680
656
652
672
576
494
422
432
472
420
488
326
390
380
426
504
478
438
432
566
720
804
730
672
700
690
700
766
736
734
780
740
672
494
520
508
550
504
562
598
662
604
472
390
380
346
224
254
170
110
132
90
58
54
72
48
64
104
196
338
360
350
498
574
568
510
530
592
592
572
614
542
456
444
458
516
640
696
720
738
636
636
506
460
418
490
502
518
496
388
312
238
372
406
326
302
326
300
286
312
254
264
170
206
122
142
172
162
176
248
264
318
222
352
336
404
484
266
274
312
230
122
36
80
154
132
108
204
266
180
216
312
242
150
24
4
0
14
48
24
142
130
156
146
188
104
118
184
296
402
318
246
198
136
174
66
28
62
38
24
46
44
18
96
144
160
60
38
74
10
16
8
56
66
54
92
44
40
46
92
134
136
88
108
48
36
46
60
86
12
104
122
196
174
172
186
238
324
254
260
278
218
268
278
432
404
470
420
504
582
462
458
378
296
326
270
186
304
294
270
326
312
370
356
350
384
408
300
242
224
180
240
294
394
486
522
500
588
522
458
556
502
560
534
472
542
574
574
518
560
560
558
446
482
400
296
298
354
230
228
316
266
216
308
322
370
430
534
638
718
772
714
608
606
458
440
458
530
470
510
370
318
340
358
276
280
296
278
272
170
82
32
16
6
6
124
126
146
184
220
184
206
194
204
192
164
264
294
246
134
104
104
112
118
158
86
32
10
102
8
140
100
58
72
60
142
128
40
34
62
10
38
32
90
88
118
168
172
114
144
234
274
284
338
238
238
246
170
86
180
184
208
210
178
260
226
316
230
302
320
314
276
204
190
152
200
262
340
394
480
612
542
630
674
574
564
538
612
618
584
714
748
822
854
828
828
786
920
992
1032
1054
1060
1108
1198
1254
1420
1452
1458
1456
1410
1300
1338
1334
1256
1242
1274
1266
1312
1312
1262
1266
1230
1220
1314
1338
1364
1274
1208
1192
1184
1090
1150
1144
1202
1300
1322
1304
1250
1290
1216
1186
1162
1104
1064
1128
1028
1016
942
946
980
938
986
1060
1036
960
958
892
824
756
782
770
724
718
