850
886
842
806
630
570
480
504
454
412
284
248
340
240
208
214
240
222
246
220
154
112
204
142
182
168
110
234
228
260
162
98
38
106
88
74
4
8
48
18
0
56
46
28
62
80
106
64
58
62
44
132
90
174
234
272
376
370
266
206
206
230
224
334
300
326
418
484
438
480
378
428
440
440
416
414
284
202
168
102
174
140
92
130
118
154
174
106
86
116
64
8
80
4
54
24
50
78
172
198
224
216
310
306
376
342
342
308
416
344
304
274
284
206
102
96
2
60
98
124
84
110
4
20
24
56
26
52
62
54
24
148
262
340
318
310
328
256
124
102
116
194
74
18
20
102
132
232
196
172
114
126
94
68
42
100
22
52
38
26
96
178
188
234
220
344
360
332
368
326
296
328
278
244
322
384
390
366
276
268
338
306
342
308
234
204
242
198
152
206
204
156
176
174
158
136
134
128
122
202
136
134
66
144
148
182
92
128
218
318
242
266
254
330
250
282
388
386
432
484
426
308
238
316
180
130
196
228
184
184
214
194
184
256
226
184
150
280
220
266
176
182
190
264
228
182
218
216
106
102
34
44
126
134
104
130
192
244
218
300
364
302
278
342
432
526
522
544
582
550
586
592
658
530
622
582
650
610
594
674
608
646
704
706
630
586
602
630
650
630
542
456
344
322
416
450
506
480
542
522
528
504
426
420
362
324
290
332
252
194
136
212
234
184
152
84
12
18
90
218
196
134
136
228
168
166
114
198
204
340
282
272
146
48
4
50
24
36
46
50
100
52
166
218
176
280
404
430
310
304
324
368
468
466
572
564
552
618
624
600
626
598
562
596
588
566
612
626
656
688
694
668
548
480
454
472
570
644
790
716
694
764
744
688
796
810
812
742
696
658
530
544
586
582
632
642
636
724
774
716
806
784
876
856
904
1006
970
930
886
804
730
578
582
754
832
794
764
768
766
824
804
868
842
660
742
624
586
556
712
692
674
680
710
660
744
742
670
720
794
822
778
760
902
914
930
904
940
1072
1012
944
892
922
1002
1004
1004
968
970
1002
1042
1102
1104
1092
1130
1024
1016
998
1010
1078
1042
938
942
902
880
928
894
910
964
1124
1068
1020
972
930
970
966
962
910
848
896
936
906
990
1008
1058
1016
966
964
914
1056
1058
1120
1198
1232
1162
1260
1266
1218
1186
1196
1150
1108
1078
1104
1046
1082
1056
916
944
976
1070
1036
954
978
1002
1054
1144
1090
1072
986
944
920
932
1014
1008
998
1038
1108
1146
1184
1196
1112
1032
1068
1052
1158
1224
1358
1382
1478
1558
1434
1466
1544
1526
1594
1508
1444
1402
1450
1508
1532
1598
1530
1560
1494
1348
1364
1390
1392
1380
1364
1384
1498
1636
1578
1580
1572
1550
1608
1578
1520
1478
1478
1398
1406
1352
1366
1472
1434
1366
1406
1412
1390
1270
1306
1386
1452
1388
1318
1340
1352
1304
1292
1342
1420
1474
1444
1468
1420
1384
1274
1240
1234
1216
1210
1264
1188
1162
1102
1132
1202
1374
1308
1388
1418
1444
1416
1438
1392
1278
1302
1198
1294
1266
1272
1312
1322
1254
1228
1246
1312
1366
1418
1484
1522
1484
1596
1630
1644
1698
1718
1708
1712
1590
1620
1686
1630
1628
1612
1700
1742
1784
1802
1882
1736
1798
1790
1812
1766
1720
1802
1846
1838
1874
1908
1844
1836
1844
1856
1944
2020
1992
2004
1970
2030
1988
2022
2058
2002
1964
1926
1930
1924
1930
1950
1994
1916
1886
1960
1914
1880
1862
1934
1884
1886
1906
1958
2006
1996
2014
2048
1994
2016
1994
2008
1978
2000
1936
1998
1928
1992
1958
1918
1848
1812
1894
1876
1830
1820
1856
1816
1874
1790
1764
1730
1696
1740
1798
1746
1766
1770
1770
1704
1748
1682
1618
1640
1646
1616
1664
1638
1624
1540
1594
1612
1640
1564
1612
1652
1564
1536
1610
1562
1558
1520
1496
1392
1478
1448
1510
1442
1470
1490
1448
1400
1322
1374
1412
1360
1256
1302
1346
1356
1310
1328
1394
1436
1454
1408
1414
1428
1422
1394
1416
1398
1358
1308
1320
1308
1400
1416
1532
1504
1522
1550
1604
1560
1518
1476
1508
1568
1568
1662
1628
1706
1604
1610
1614
1536
1554
1596
1614
1514
1574
1534
1506
1460
1448
1494
1538
1594
1604
1702
1670
1666
1712
1796
1784
1810
1802
1742
1786
1912
1940
1958
2090
2072
1962
1936
1912
2070
2046
2032
2074
2062
2032
1994
2062
2192
2186
2220
2128
2094
2160
2192
2188
2092
2108
2028
2032
1990
1962
2008
1954
2046
2040
2074
1996
2010
2008
2010
1980
1942
1938
1934
1926
1978
2096
2072
2086
2030
2048
1938
2008
2070
2100
2186
2078
2180
2196
2222
2234
2252
2296
2278
2418
2374
2434
2420
2468
2458
2448
2420
2418
2406
2404
2410
2424
2390
2338
2398
2322
2374
2318
2242
2172
2212
2208
2190
2162
2332
2182
2170
2124
2050
2076
2026
2032
1912
1916
1978
2054
2122
2180
2188
2156
2096
2064
2072
1966
2044
1964
1954
1912
1918
2002
1882
1842
1910
1890
1948
1964
1968
1900
1846
1878
1916
1928
2022
2046
2080
2128
2124
2166
2072
2092
2104
2064
2006
2002
2094
2118
2208
2260
2310
2302
2330
2346
2358
2226
2290
2294
2358
2286
2190
2202
2232
2154
2056
1988
1998
2010
2056
2096
2156
2204
2154
2178
2190
2190
2094
2038
2174
2312
2422
2392
2340
2404
2366
2336
2416
2366
2420
2402
2370
2338
2308
2256
2210
2200
2204
2064
1992
2008
1932
1910
1852
1920
1886
1860
1900
1854
1776
1772
1678
1678
1680
1590
1586
1672
1772
1792
1862
1910
1884
1894
1906
1768
1734
1710
1748
1826
1728
1704
1628
1670
1662
1686
1726
1768
1824
1816
1824
1854
1856
1848
1876
1844
1834
1848
1864
1962
1988
1990
1974
1994
1974
1918
1852
1904
1844
1770
1818
1820
1820
1862
1842
1784
1858
1792
1690
1690
1716
1748
1724
1772
1694
1646
1630
1562
1574
1640
1562
1658
1692
1618
1618
1572
1460
1438
1502
1494
1538
1552
1508
1534
1618
1582
1494
1518
1588
1560
1544
1648
1748
1820
1822
1878
1850
1868
1840
1770
1870
1888
1828
1762
1726
1752
1794
1776
1684
1702
1742
1736
1722
1728
1682
1818
1860
1858
1952
1968
1886
1798
1830
1800
1712
1798
1684
1690
1650
1632
1630
1696
1730
1748
1794
1810
1806
1790
1730
1702
1778
1820
1860
1942
2038
1864
1868
1866
1824
1740
1736
1618
1588
1572
1620
1628
1542
1486
1448
1346
1286
1338
1288
1262
1220
1222
1034
1140
1208
1242
1256
1322
1306
1364
1398
1408
1472
1518
1538
1446
1384
1468
1382
1354
1340
1288
1248
1260
1280
1292
1282
1382
1354
1340
1492
1428
1400
1342
1324
1282
1268
1198
1266
1314
1428
1400
1356
1364
1244
1196
1224
1156
1188
1162
1212
1262
1126
1104
1228
1228
1284
1260
1198
1282
1306
1242
1216
1182
1132
1174
1152
1124
1168
1270
1290
1398
1410
1386
1388
1418
1458
1524
1574
1458
1444
1386
1426
1488
1510
1492
1512
1482
1458
1438
1440
1440
1432
1374
1474
1532
1510
1496
1426
1518
1492
1498
1448
1528
1462
1456
1416
1416
1402
1324
1352
1430
1350
1370
1452
1494
1510
1538
1550
1600
1588
1664
1642
1666
1596
1636
1588
1614
1698
1760
1758
1706
1576
1628
1568
1560
1600
1680
1698
1640
1622
1668
1702
1762
1748
1740
1680
1628
1672
1652
1656
1626
1708
1674
1670
1580
1554
1522
1588
1566
1618
1682
1644
1710
1690
1762
1704
1694
1758
1718
1826
1828
1800
1826
1854
1710
1770
1736
1826
1936
1908
1860
1824
1816
1852
1822
1868
1910
1944
2110
2086
2058
1956
2098
2066
2074
2016
1950
1966
2036
2010
1964
1936
1932
1814
1858
1938
1860
1876
1846
1926
1942
1912
1898
1874
1816
1716
1710
1704
1746
1828
1804
1892
1864
1816
1762
1782
1800
1870
1892
1838
1886
1894
1816
1874
1890
1926
1898
1914
1918
1810
1620
1636
1564
1540
1456
1448
1516
1426
1446
1460
1548
1604
1728
1732
1774
1714
1672
1660
1646
1690
1758
1778
1778
1804
1854
1916
1942
1962
1886
1896
1838
1756
1830
1854
1850
1824
1836
1708
1740
1786
1900
1974
1808
1758
1768
1726
1636
1638
1546
1574
1468
1514
1538
1402
1416
1552
1608
1640
1612
1640
1686
1714
1732
1626
1684
1620
1660
1646
1636
1696
1648
1634
1662
1656
1602
1550
1564
1478
1510
1566
1608
1744
1824
1804
1744
1788
1832
1728
1772
1770
1812
1810
1784
1726
1754
1666
1680
1770
1792
1746
1626
1634
1512
1574
1460
1456
1434
1434
1482
1508
1590
1614
1522
1532
1490
1424
1416
1390
1398
1406
1338
1376
1398
1406
1384
1440
1524
1518
1390
1244
1234
1240
1260
1338
1374
1354
1396
1334
1386
1284
1298
1370
1416
1432
1352
1320
1312
1356
1362
1292
1190
1330
1326
1292
1270
1346
1314
1330
1384
1314
1440
1582
1572
1588
1534
1592
1584
1570
1690
1726
1724
1790
1782
1760
1794
1740
1768
1762
1768
1864
1798
1832
1870
1928
1880
1864
1840
1854
1904
1808
1742
1690
1744
1644
1710
1722
1608
1712
1692
1674
1654
1732
1700
1730
1742
1678
1708
1728
1772
1684
1650
1700
1622
1616
1668
1624
1696
1660
1796
1722
1648
1724
1662
1852
1862
1774
1840
1866
1916
1850
1868
1870
1892
1964
1868
1802
1796
1856
1858
1840
1852
1654
1470
1352
1356
1482
1494
1460
1444
1462
1532
1518
1458
1512
1576
1534
1616
1550
1520
1458
1436
1400
1356
1420
1302
1270
1370
1396
1362
1350
1282
1302
1350
1334
1406
1420
1376
1440
1454
1516
1548
1440
1494
1346
1416
1406
1354
1384
1316
1244
1192
1128
1062
964
930
926
922
910
874
874
828
866
936
896
902
1058
1028
1088
988
968
922
866
804
902
828
890
992
900
880
798
732
676
624
640
528
512
478
474
518
458
414
336
414
418
400
376
500
572
638
658
550
480
492
540
634
584
600
594
492
584
674
586
494
376
350
376
434
506
564
570
534
554
596
542
596
554
640
708
744
852
858
852
768
766
766
718
772
810
704
736
722
764
690
628
544
522
530
534
628
648
582
584
526
542
554
522
454
446
364
332
414
324
330
408
450
346
416
418
444
486
530
486
476
340
358
464
400
416
358
336
374
364
348
362
338
506
510
470
476
380
338
312
246
226
276
200
112
180
240
376
364
346
280
282
372
340
342
304
350
372
350
426
426
494
594
630
636
622
600
648
642
668
708
600
598
640
682
704
848
768
724
654
700
682
710
844
720
672
670
672
594
604
602
492
448
460
344
444
422
324
350
332
378
404
386
456
522
366
340
336
442
444
530
458
500
538
606
692
708
672
626
658
636
606
644
620
670
606
564
566
468
446
502
480
414
494
558
568
520
500
464
538
534
540
480
456
490
438
478
426
422
454
452
476
376
400
490
606
598
666
664
690
602
652
