384
376
396
364
446
454
428
488
510
528
540
512
508
472
458
404
476
514
470
432
400
388
396
396
376
328
316
360
328
372
402
402
356
316
328
326
366
400
436
458
466
404
366
330
326
312
338
272
318
332
336
314
322
296
324
314
248
250
246
220
120
120
116
92
52
114
136
198
190
190
212
234
216
246
224
164
136
144
164
158
168
208
174
164
210
198
194
220
236
210
212
188
188
244
244
270
308
258
206
184
180
204
150
164
176
158
176
182
218
198
204
234
240
230
234
144
166
182
224
216
264
282
238
198
168
166
142
172
174
156
186
208
234
260
238
228
290
240
270
224
256
300
286
304
228
206
194
216
220
214
214
240
288
308
328
340
308
274
322
342
372
334
330
360
320
372
406
388
406
414
390
340
396
408
428
400
448
428
354
394
410
352
376
308
360
324
306
336
384
374
372
404
414
410
430
452
414
370
312
348
366
324
352
362
336
330
306
322
294
358
366
360
362
312
324
298
256
190
164
240
244
324
342
318
298
340
392
400
382
380
416
410
426
438
348
316
338
284
302
344
346
342
364
324
296
260
284
276
274
280
296
350
376
360
408
378
386
360
354
348
354
322
334
322
278
190
214
260
298
394
422
446
440
428
356
384
396
370
334
340
336
350
362
352
428
456
466
406
408
418
478
450
422
410
440
446
400
436
430
396
390
396
326
272
314
324
312
314
304
288
256
224
268
276
368
322
408
366
380
382
350
318
292
282
286
232
208
242
274
280
270
314
294
224
264
282
252
252
236
236
218
234
144
108
80
20
6
14
10
14
68
80
66
88
100
146
102
104
130
134
142
142
138
214
216
186
188
214
200
224
258
298
292
354
348
302
322
348
310
302
246
194
158
118
92
112
126
64
86
66
110
128
146
108
162
126
138
72
8
22
56
20
10
12
34
34
4
34
64
12
12
26
50
18
18
10
26
12
2
38
74
136
118
130
98
146
142
108
110
80
102
118
56
46
28
44
12
46
88
96
154
182
206
272
208
236
238
298
238
272
216
240
196
214
176
168
170
180
188
212
196
200
172
186
172
164
116
100
174
140
132
108
142
140
158
184
234
256
326
252
252
216
210
224
194
224
240
264
252
204
206
206
232
266
290
268
252
248
256
272
250
210
176
188
144
148
132
100
144
150
148
136
176
178
208
140
136
196
152
128
142
102
110
152
134
124
152
172
136
114
90
34
14
44
2
36
60
126
104
68
62
46
46
48
76
12
6
12
6
68
112
128
126
136
160
188
164
194
178
208
218
212
200
204
192
188
152
174
198
174
158
192
196
244
218
262
256
256
276
242
206
172
174
158
124
152
170
226
190
212
230
204
138
158
230
272
276
288
286
306
316
364
354
430
406
440
480
514
508
486
432
368
294
332
318
326
312
338
350
388
400
412
482
512
478
476
496
510
542
520
520
506
468
440
408
408
382
410
406
396
464
470
450
472
464
492
512
522
540
516
544
504
478
510
502
538
438
410
394
428
396
382
364
368
350
308
292
324
282
270
298
276
228
202
198
204
244
246
250
228
222
230
226
258
270
268
216
284
298
298
340
350
364
354
326
338
298
306
328
324
342
370
370
342
360
374
386
408
342
362
392
392
388
414
372
348
284
284
250
214
218
204
198
214
198
144
166
126
164
132
190
144
164
150
176
242
230
176
204
212
180
186
186
188
120
128
104
122
150
142
132
152
118
134
134
112
98
120
82
46
120
78
104
142
182
150
92
66
26
14
12
18
42
40
58
78
96
92
84
80
80
112
160
152
158
148
132
108
100
78
20
32
32
10
12
18
30
40
14
8
34
26
30
44
40
2
14
6
30
60
62
44
96
100
100
104
134
132
92
92
108
102
100
110
122
148
150
164
142
100
84
104
136
166
120
138
168
182
194
210
222
190
212
158
198
214
208
198
290
264
236
286
256
306
308
246
184
236
184
114
102
110
82
10
0
14
8
26
20
46
80
56
76
30
44
66
34
14
28
18
26
68
78
104
126
156
146
108
44
82
96
106
82
46
58
92
104
112
96
60
90
142
158
118
170
136
136
128
144
156
160
148
104
84
78
116
182
188
226
154
132
156
214
218
238
250
268
292
288
308
314
284
262
282
326
304
294
292
238
266
318
278
328
302
258
208
198
238
262
294
266
162
146
154
186
128
152
126
146
122
128
92
124
106
108
124
100
78
94
146
162
154
190
212
288
352
296
310
304
332
366
250
242
244
204
188
182
212
134
154
182
220
200
274
288
278
274
266
234
274
246
218
270
226
234
204
184
186
202
136
70
100
56
80
60
84
30
54
90
22
72
16
2
20
2
50
48
0
22
64
22
18
30
94
68
14
26
80
30
8
38
16
2
4
20
66
20
34
2
6
48
74
80
66
42
82
96
40
40
0
18
52
52
46
78
66
32
8
44
46
66
54
58
28
34
124
172
142
140
140
110
124
126
124
130
136
128
132
136
110
146
160
190
210
182
214
244
228
242
306
284
290
250
204
250
246
250
196
208
232
234
194
238
264
246
254
244
198
172
146
80
30
92
100
108
98
118
160
150
92
50
30
92
54
12
44
48
50
78
68
142
148
124
128
130
106
78
68
60
44
66
50
42
46
2
4
46
20
32
20
22
8
64
62
44
40
42
52
66
42
86
86
66
26
68
60
114
96
76
62
106
64
30
76
130
164
188
180
204
214
320
310
356
406
410
428
450
466
432
456
386
398
438
488
472
476
474
502
520
518
526
546
534
562
592
620
658
632
578
554
522
560
578
524
558
578
608
642
606
610
646
664
668
688
668
674
676
670
698
724
710
734
636
606
600
666
670
676
704
680
658
630
600
606
658
702
696
658
640
648
632
574
658
620
610
584
556
530
458
436
428
386
444
432
394
444
414
406
424
420
446
434
390
334
332
292
308
328
346
362
358
392
358
380
362
340
286
356
364
326
370
416
346
378
382
386
384
396
390
394
356
368
372
416
436
474
438
484
490
438
424
416
416
402
334
292
348
356
336
300
324
310
276
246
268
244
202
236
236
234
254
296
294
268
208
266
288
194
276
330
386
302
322
354
340
284
282
260
312
242
188
258
198
238
282
236
206
194
216
208
168
160
126
114
82
132
86
98
64
48
58
72
82
84
86
4
50
88
134
54
28
60
26
54
40
26
6
12
20
62
116
160
176
210
276
296
266
304
310
280
216
180
174
154
188
190
220
180
138
186
104
92
50
20
10
78
100
132
62
74
68
74
106
118
178
206
226
168
180
198
204
166
188
188
210
210
204
244
184
210
268
270
266
308
322
356
358
324
314
284
338
332
336
336
374
406
392
398
362
312
304
286
302
264
248
242
288
286
252
276
252
272
228
266
248
210
192
170
190
188
190
244
228
278
276
290
222
282
274
292
236
216
184
130
158
208
186
226
174
138
40
2
8
106
128
124
90
28
10
14
34
68
32
68
126
160
138
94
108
146
136
152
120
126
122
114
142
182
178
138
126
158
148
148
154
100
142
122
198
144
96
102
80
98
96
92
42
38
8
32
2
0
12
46
90
86
18
46
58
50
36
66
90
70
82
98
98
86
60
84
4
40
28
28
4
16
8
20
18
28
60
54
76
122
128
100
100
42
78
120
124
132
144
94
100
130
96
62
20
2
6
24
46
62
64
68
44
2
18
20
10
28
24
16
32
98
110
32
66
68
76
84
86
46
108
84
42
0
22
26
32
38
4
12
34
30
84
42
114
80
78
38
50
28
4
0
0
48
34
34
4
28
26
28
40
12
54
68
102
118
100
110
86
138
88
174
172
200
182
208
162
136
148
112
104
58
100
84
94
96
78
100
76
68
72
64
4
28
44
140
148
112
122
110
72
30
12
46
62
62
8
48
68
56
130
132
102
74
40
32
2
0
28
68
56
38
6
26
0
30
38
26
34
80
106
128
136
104
142
158
140
92
68
84
74
82
24
0
30
58
114
102
136
150
164
110
56
32
22
40
12
18
32
40
30
30
6
4
16
12
56
34
0
92
66
14
48
44
30
26
46
62
26
14
102
28
24
46
68
38
32
46
70
38
4
20
22
54
74
68
72
106
126
196
204
210
196
214
186
144
200
162
186
140
132
142
74
86
38
66
32
106
88
48
80
6
2
8
8
0
54
96
116
160
80
52
52
60
28
6
16
34
72
72
74
78
92
114
110
100
118
152
180
196
182
226
226
254
238
224
286
316
326
272
294
342
350
412
384
388
402
352
316
310
282
322
304
338
340
382
400
436
444
494
524
528
476
492
510
472
412
400
366
362
320
346
322
382
330
320
328
264
276
246
244
250
272
204
230
268
216
214
178
152
170
162
140
104
106
132
148
176
160
154
104
36
40
32
18
22
32
54
64
78
54
96
70
86
100
122
134
128
176
126
160
186
174
160
178
192
122
130
130
180
168
130
176
170
196
178
188
134
130
152
126
174
180
200
214
228
196
202
180
202
188
188
216
262
220
260
324
286
300
302
316
344
296
274
260
200
218
210
218
214
142
138
184
136
166
162
