876
874
854
854
850
860
884
874
920
920
904
912
904
898
904
900
932
906
916
906
888
898
908
896
884
888
896
912
902
866
872
876
838
846
876
866
860
880
882
898
898
870
862
886
864
852
852
894
902
928
962
960
952
946
946
940
914
912
942
948
910
916
932
922
936
922
926
948
956
932
946
928
910
904
904
900
868
882
880
884
912
922
920
904
904
914
904
900
882
876
894
888
882
920
912
934
936
920
920
876
872
900
896
940
952
932
910
882
898
888
916
926
942
934
884
914
916
920
932
938
912
884
918
902
918
902
908
904
904
896
910
920
912
930
936
938
938
944
950
898
926
924
946
928
920
942
886
900
928
922
936
936
950
958
944
942
906
910
898
908
904
916
930
940
928
936
952
950
924
942
924
922
916
904
914
910
898
892
920
930
936
942
934
924
934
950
922
916
912
922
934
926
930
916
898
910
926
946
960
932
932
900
908
928
920
904
892
886
900
924
906
918
908
900
904
906
926
934
914
906
924
938
926
928
932
926
882
862
938
920
896
902
936
922
912
870
852
872
856
852
852
812
816
826
858
856
844
856
858
850
842
820
814
806
868
856
888
886
878
880
884
876
912
898
912
934
926
900
886
894
932
910
924
924
926
910
912
884
876
854
856
870
860
862
902
898
908
922
918
916
904
900
878
890
848
854
840
888
886
904
876
862
884
876
860
880
864
848
836
878
910
918
944
950
956
960
958
944
940
942
936
946
970
968
940
950
910
926
912
958
928
942
924
912
900
886
908
894
898
904
912
890
890
860
874
888
904
882
890
900
870
876
882
830
844
840
858
862
874
874
898
874
872
862
862
846
834
860
824
824
810
766
710
706
730
778
756
766
826
816
814
844
872
876
898
900
906
898
900
870
842
868
876
862
864
886
876
876
882
924
908
900
902
892
900
908
922
940
942
924
922
966
942
950
940
946
954
958
940
922
914
892
906
924
942
944
936
914
926
920
904
894
886
876
904
896
890
884
888
876
894
916
914
902
920
898
878
916
894
892
886
892
900
904
908
888
888
892
894
886
914
874
870
850
878
862
866
884
896
910
906
926
884
896
926
916
892
896
882
906
914
928
930
912
916
894
858
856
834
838
822
832
838
812
842
850
866
868
876
872
884
912
920
916
932
914
944
900
926
890
894
910
888
884
884
896
914
918
914
932
918
934
930
926
950
928
932
906
926
932
916
906
894
880
910
910
902
918
894
898
856
838
834
864
874
856
864
856
880
886
842
858
866
890
910
938
918
916
928
924
930
896
882
892
900
920
920
908
910
910
924
914
906
912
908
938
934
924
940
904
886
878
896
898
906
906
904
908
904
894
886
890
874
864
868
850
874
840
880
908
892
928
910
904
920
916
898
916
926
930
910
908
888
868
900
918
918
912
918
900
914
880
880
926
910
892
912
948
946
930
896
924
882
894
912
902
900
906
904
946
938
916
926
864
878
872
892
886
884
894
892
884
894
904
882
868
872
876
860
840
834
818
794
788
802
800
862
834
842
808
854
866
852
886
886
894
884
840
884
904
890
888
906
870
884
864
900
912
902
908
928
906
908
904
902
906
928
908
904
918
912
916
908
906
932
936
922
932
920
922
910
902
916
890
902
918
918
896
858
888
872
834
858
898
898
898
910
908
898
918
886
866
866
848
878
896
940
900
898
890
896
876
858
856
892
878
888
890
890
874
886
860
904
900
924
910
872
854
876
874
884
874
882
894
920
950
934
914
916
892
924
908
910
900
910
900
898
904
910
886
886
886
890
888
888
922
902
880
888
886
904
902
916
918
914
872
860
860
826
848
860
866
862
848
832
862
854
874
884
886
866
896
880
878
900
894
894
906
892
914
864
896
896
882
858
846
836
870
874
856
876
886
884
874
854
876
906
882
910
928
904
902
894
888
906
904
904
912
916
924
926
916
912
908
914
890
934
938
936
918
892
914
908
890
852
862
862
832
820
864
906
898
890
892
872
858
860
882
870
836
844
840
862
848
830
812
804
786
806
826
850
830
790
794
780
794
782
778
808
830
836
856
892
900
916
910
898
928
914
938
932
908
892
888
894
864
834
810
784
722
778
750
770
816
838
806
774
810
780
770
828
808
852
858
894
946
936
916
892
870
888
892
892
888
886
892
904
900
918
922
950
946
942
928
948
936
896
870
910
896
886
894
900
872
878
840
840
852
872
882
884
872
880
884
896
878
876
862
864
868
886
896
876
878
860
858
868
882
896
900
912
928
928
902
898
916
920
916
922
932
914
896
906
900
884
860
864
866
868
870
876
872
902
882
874
858
842
870
888
888
898
900
894
884
878
896
888
880
872
892
898
894
936
936
916
884
874
870
894
904
858
852
882
858
872
880
886
904
914
906
924
908
908
926
942
914
900
908
918
936
918
932
922
916
868
878
870
884
884
918
902
902
912
924
910
886
882
878
892
918
914
908
904
914
942
942
924
922
940
912
910
902
908
894
900
910
862
870
876
884
876
904
878
876
892
920
928
922
920
892
880
868
866
868
876
888
886
882
828
806
846
848
886
888
878
878
868
852
854
872
886
886
870
884
856
870
890
872
878
888
854
864
870
870
872
880
886
870
862
882
904
906
890
886
884
888
910
894
906
926
940
910
906
902
914
898
886
888
858
864
896
914
892
888
870
882
882
892
884
840
866
896
886
910
900
934
900
904
910
910
878
892
884
908
888
904
842
882
888
916
928
932
904
908
930
942
940
922
890
920
930
916
922
920
916
938
940
932
930
922
920
914
916
896
896
862
860
832
856
866
862
856
858
874
864
886
890
892
892
898
906
892
924
950
954
926
950
902
898
928
904
886
878
874
892
892
936
916
918
918
884
866
872
874
876
876
902
888
880
896
896
874
908
918
898
874
880
880
852
852
906
884
884
884
914
936
920
936
920
866
904
918
882
848
848
844
816
826
842
870
826
830
866
840
856
906
910
912
918
922
940
902
876
858
854
860
862
854
856
858
816
838
854
838
830
832
842
816
840
862
838
844
882
860
840
846
842
866
856
860
866
836
868
860
882
886
876
890
916
900
916
930
914
888
904
914
928
918
946
936
946
954
936
932
928
936
920
940
916
890
888
868
876
876
896
942
948
938
952
916
896
878
908
928
924
892
880
918
910
902
898
906
906
906
890
846
862
840
844
858
878
896
896
888
924
898
900
918
950
924
900
906
884
840
870
878
904
896
904
870
848
872
894
882
884
866
868
858
868
906
900
884
886
882
880
846
848
840
878
892
884
904
902
908
916
920
916
922
910
916
936
908
900
912
918
930
930
900
888
928
894
904
878
874
882
872
896
888
858
854
846
856
872
866
842
850
858
856
810
808
808
834
852
868
868
870
890
896
892
880
910
894
876
890
864
844
874
922
916
918
882
902
894
916
924
914
918
928
940
888
914
880
894
902
900
902
930
924
926
948
952
954
928
898
902
916
910
932
926
910
864
834
834
830
834
812
850
878
854
832
828
804
810
784
824
852
834
824
820
838
826
856
872
880
896
894
884
892
892
896
896
882
892
904
920
902
900
910
898
878
866
908
928
936
904
908
886
898
930
930
950
936
926
928
920
906
900
900
894
912
924
938
940
946
924
926
920
900
904
886
898
918
936
920
916
922
944
942
928
942
920
926
924
960
940
900
910
906
902
914
888
884
894
890
900
904
904
894
876
862
850
824
836
862
832
830
828
824
844
854
836
824
826
842
860
876
858
852
846
838
822
804
810
780
770
706
724
752
784
770
790
838
854
874
898
890
920
898
886
890
924
930
924
928
926
934
944
930
922
920
940
944
942
928
952
940
914
906
888
890
914
882
876
866
836
882
878
878
882
896
888
904
910
920
932
942
934
928
920
924
900
908
918
948
926
884
906
918
916
890
868
882
862
836
898
918
918
902
924
920
948
974
960
952
952
936
926
910
908
906
916
910
930
948
922
928
936
924
936
936
950
924
872
884
894
900
918
910
948
926
942
932
938
920
910
924
918
932
926
914
922
948
938
922
908
930
952
952
952
934
938
918
898
910
886
870
878
890
894
908
920
938
950
950
940
940
924
924
868
896
870
880
868
866
862
868
868
862
868
884
872
890
870
892
882
852
890
868
886
900
890
908
930
940
942
922
938
940
926
926
928
916
910
894
902
892
896
908
910
888
896
912
912
898
908
908
924
926
932
944
944
926
868
856
832
838
836
860
896
912
896
872
888
870
876
860
868
864
866
896
896
914
908
904
892
914
904
904
910
918
920
934
934
908
912
872
874
844
808
882
900
938
936
960
958
946
942
938
924
920
916
918
920
920
908
886
880
868
882
882
912
900
900
912
874
882
884
872
862
842
860
870
896
870
906
894
902
858
848
846
828
878
884
884
874
850
904
906
894
862
850
856
884
874
874
844
840
838
874
904
916
918
920
930
922
890
864
878
888
924
896
892
890
906
894
884
854
862
874
844
870
892
870
862
878
856
830
854
840
842
822
836
846
832
892
912
932
948
936
942
924
922
930
926
924
906
906
898
884
872
