738
752
768
726
726
710
666
622
586
610
688
694
648
692
692
646
642
692
708
690
740
744
734
690
678
654
602
598
636
602
584
562
524
588
628
650
622
610
612
634
586
598
616
614
600
584
594
564
578
574
552
598
596
614
604
582
626
652
710
706
748
814
780
780
790
810
824
784
778
762
788
716
694
680
658
694
698
718
738
730
722
718
718
704
704
704
724
720
764
738
730
720
702
712
670
692
710
718
708
730
768
730
758
774
802
830
788
814
826
836
862
830
770
790
788
808
810
794
776
744
738
736
758
794
756
774
758
772
770
742
804
796
764
762
722
732
740
688
702
728
714
750
788
758
742
724
702
696
656
650
628
622
610
642
638
618
600
576
610
622
632
612
612
622
588
580
584
550
522
544
520
492
464
472
492
550
502
488
518
514
506
490
464
504
498
480
458
468
474
484
522
506
498
444
454
460
482
520
560
574
566
546
590
640
664
666
674
656
640
648
648
656
690
646
638
644
664
710
654
614
624
614
586
538
570
542
488
494
516
586
610
568
612
632
626
714
748
752
688
690
692
752
700
722
692
658
668
642
636
646
644
648
666
660
684
738
758
800
776
778
770
758
780
768
794
794
768
766
766
794
768
762
768
748
702
686
706
682
662
680
666
694
714
710
700
768
800
828
842
818
798
828
818
818
802
810
738
724
698
696
688
682
668
710
720
698
700
702
656
652
644
668
646
686
682
746
768
790
754
708
680
716
752
774
756
748
784
790
780
796
774
792
770
758
732
784
758
752
744
780
790
758
804
828
798
764
736
728
700
692
738
744
750
772
772
806
762
780
754
774
778
736
752
748
778
784
784
758
696
716
714
742
784
806
784
782
790
810
814
804
800
776
760
732
696
674
696
674
678
684
674
672
686
688
714
672
640
702
674
672
698
688
684
706
710
736
694
708
718
702
720
752
754
770
738
700
680
666
666
660
700
716
738
736
732
666
652
666
678
636
680
670
678
670
646
670
666
606
620
630
588
594
590
584
568
580
604
608
644
588
596
574
598
556
552
564
610
656
668
666
716
716
720
778
802
796
768
772
768
748
764
754
716
708
732
684
704
684
676
702
722
730
742
774
772
764
754
796
802
784
746
742
726
738
742
800
792
812
812
810
810
800
804
710
712
708
716
762
774
778
792
750
800
796
832
784
776
784
770
798
800
814
818
748
738
746
782
780
758
778
764
758
786
792
766
772
798
788
796
814
850
812
772
762
744
790
780
752
758
766
756
796
766
790
744
724
712
708
668
652
602
606
654
636
662
688
722
718
694
706
726
760
750
754
762
760
780
824
784
760
754
754
766
740
750
764
776
784
776
778
762
754
786
790
742
720
774
762
804
772
810
826
796
786
700
782
780
726
720
676
664
686
720
726
680
688
688
706
696
734
694
656
636
586
604
608
652
642
618
640
670
670
622
620
612
630
628
632
606
604
612
648
604
546
552
546
512
556
594
600
602
602
626
638
648
586
586
580
540
518
540
532
542
464
470
448
428
412
432
432
434
424
378
356
370
368
308
284
330
336
376
362
380
382
386
390
386
408
374
338
332
368
374
412
436
424
388
410
410
454
456
466
440
432
450
446
444
362
368
362
334
322
362
352
364
272
316
358
414
408
500
424
388
374
448
472
498
526
500
488
472
408
412
408
400
450
430
464
440
464
472
474
498
540
558
520
532
482
448
456
416
442
414
472
532
524
526
508
488
498
520
550
570
582
620
622
620
620
636
606
610
576
554
568
518
534
550
524
554
538
490
482
518
464
420
430
400
398
414
418
448
462
478
432
488
472
442
460
452
464
420
444
432
450
404
382
434
460
436
426
410
408
496
450
462
468
464
504
540
482
476
434
492
482
480
468
418
428
430
428
416
434
450
426
414
410
404
454
458
440
454
436
458
410
412
396
396
432
440
388
382
396
470
508
514
478
512
482
468
498
526
536
548
518
530
480
456
486
526
526
528
546
534
540
544
562
530
542
508
504
482
482
466
484
500
528
588
562
560
554
586
560
592
570
522
524
518
504
538
544
602
570
574
570
604
592
544
550
580
566
558
540
532
536
504
568
586
566
524
530
554
536
480
464
456
450
426
366
348
306
312
360
362
352
358
376
408
374
360
334
344
340
384
354
402
382
354
332
306
252
220
234
234
138
96
74
26
52
42
52
28
56
2
90
56
98
84
140
134
118
96
36
28
72
98
92
84
28
2
24
28
38
46
58
54
108
84
62
70
46
28
30
38
44
80
118
114
114
152
160
146
160
196
216
238
198
234
228
216
234
304
350
422
366
394
384
316
328
376
436
450
452
434
430
472
414
426
454
462
476
432
464
444
448
438
432
446
438
436
470
456
544
512
518
532
506
530
546
540
550
504
522
524
506
514
456
462
456
506
522
512
522
560
586
628
606
536
568
574
572
538
538
508
476
474
484
482
512
454
434
484
554
560
576
596
608
628
636
604
620
564
596
582
544
548
532
502
520
548
592
606
596
648
622
620
578
608
612
584
580
624
626
614
648
612
646
640
602
602
616
640
656
688
694
688
708
718
738
706
688
662
720
700
722
720
706
738
752
736
750
728
820
860
844
862
878
862
834
838
822
842
824
846
816
784
810
818
774
812
786
822
808
810
806
816
822
790
778
768
720
736
766
762
724
740
750
766
768
708
706
732
748
754
748
710
694
680
624
638
646
654
664
694
696
694
698
724
680
690
706
682
668
664
662
690
654
646
624
596
592
582
590
598
594
608
606
626
638
682
710
712
698
648
662
662
696
690
668
716
694
714
724
714
714
708
718
746
770
792
794
802
786
778
790
782
778
810
788
798
812
786
780
762
804
816
778
746
788
758
782
798
802
794
836
838
802
788
786
780
798
798
760
742
762
732
678
680
654
658
652
682
638
712
702
710
668
700
626
660
656
688
740
730
760
802
746
756
734
764
758
790
758
754
768
778
768
776
790
770
746
754
730
724
726
748
712
664
662
604
638
628
640
622
602
550
562
524
536
542
570
542
526
566
514
548
566
604
598
624
594
590
596
606
600
624
656
696
680
658
648
678
668
654
644
634
560
554
532
546
508
538
568
600
568
638
622
628
618
606
634
684
730
712
726
670
620
596
590
546
526
540
574
598
524
572
610
628
558
572
580
606
604
664
676
622
628
608
646
630
660
694
676
642
626
624
656
648
644
694
730
738
712
714
746
736
790
760
762
738
764
778
754
784
802
794
760
754
754
788
746
794
790
780
794
832
842
824
832
870
872
888
854
838
834
808
808
812
816
798
800
806
794
834
784
730
726
758
766
784
818
820
794
786
772
822
806
792
816
754
710
700
718
674
700
772
788
758
738
724
738
698
678
706
688
686
690
692
710
686
706
726
730
752
760
728
726
740
708
720
748
758
772
762
786
814
814
794
744
734
698
658
658
702
732
760
780
766
778
774
784
822
786
784
790
786
782
794
772
734
792
756
724
678
698
672
670
730
706
770
802
772
756
762
782
804
808
798
782
816
782
800
752
744
744
718
682
710
714
706
730
766
782
774
830
814
776
734
756
748
746
734
748
730
728
756
756
714
700
726
716
706
656
640
610
658
666
672
642
670
686
696
684
712
690
642
690
656
672
688
682
682
664
652
646
642
658
684
666
654
652
662
684
698
696
678
656
664
626
634
654
652
630
650
610
586
610
620
672
672
646
664
662
676
684
696
712
646
696
672
654
678
634
604
626
606
574
598
590
602
578
526
588
600
594
594
632
666
660
664
648
632
574
566
640
646
630
612
618
572
608
634
630
674
676
662
648
656
726
680
694
692
666
660
662
642
638
646
648
680
656
634
642
598
608
582
530
500
506
458
482
484
470
474
522
550
562
552
556
568
598
632
620
568
600
546
550
514
512
490
450
444
462
480
498
538
538
532
556
558
552
554
556
578
616
582
576
574
586
546
584
528
550
606
666
666
706
720
688
672
672
660
636
658
642
578
538
590
582
546
582
584
592
608
624
624
608
630
610
622
608
544
564
552
472
462
490
530
468
436
440
444
428
514
522
534
474
508
520
548
504
478
468
444
474
548
552
532
532
552
518
534
554
500
466
426
440
458
492
500
480
456
436
416
402
462
438
430
438
424
408
452
412
450
408
402
472
490
530
514
502
504
474
532
530
482
472
464
498
478
508
508
510
518
478
508
482
518
486
546
530
570
592
596
610
552
576
560
570
592
582
586
562
546
528
554
606
638
650
650
640
640
618
610
554
538
556
552
482
466
448
474
464
430
388
366
368
406
434
460
390
400
426
408
368
362
358
330
316
340
348
320
266
260
230
214
178
126
118
130
120
120
148
132
142
138
88
122
150
178
156
70
70
72
122
106
122
136
100
90
96
90
108
110
78
118
126
154
136
122
112
126
132
146
136
140
128
84
140
190
186
154
144
112
210
224
226
242
268
204
226
252
238
214
228
238
132
174
172
140
122
104
90
62
4
8
26
74
36
90
122
116
134
126
58
58
14
4
20
10
66
30
36
14
16
16
60
46
78
68
24
