7694
7628
7598
7598
7718
7776
7856
7754
7656
7570
7548
7576
7502
7564
7628
7720
7754
7702
7664
7614
7572
7590
7606
7662
7524
7492
7452
7550
7550
7604
7536
7514
7480
7514
7618
7490
7514
7666
7636
7628
7578
7664
7614
7656
7666
7668
7700
7700
7720
7742
7810
7698
7710
7700
7644
7678
7680
7608
7568
7614
7690
7696
7706
7766
7878
7856
7796
7876
7950
7948
7970
7934
7932
7926
7786
7812
7786
7688
7772
7730
7714
7606
7714
7816
7854
7888
7802
7770
7688
7630
7702
7680
7660
7690
7790
7704
7838
7836
7882
7868
7880
7872
7918
7742
7788
7724
7620
7594
7592
7676
7586
7566
7500
7492
7546
7556
7574
7492
7488
7476
7526
7452
7612
7698
7588
7574
7446
7512
7432
7494
7492
7356
7468
7490
7392
7368
7424
7294
7314
7502
7516
7480
7568
7680
7720
7724
7696
7540
7558
7516
7492
7570
7574
7504
7522
7506
7596
7676
7682
7690
7594
7614
7704
7788
7822
7678
7730
7696
7662
7640
7716
7642
7666
7600
7474
7518
7498
7530
7602
7588
7644
7710
7744
7846
7892
7894
7860
7908
7816
7694
7762
7674
7774
7784
7782
7824
7854
7854
7876
7854
7832
7822
7738
7678
7662
7624
7624
7704
7714
7672
7668
7604
7524
7538
7580
7606
7540
7654
7624
7584
7536
7600
7596
7628
7572
7624
7714
7596
7482
7526
7594
7690
7662
7666
7776
7752
7774
7672
7698
7704
7622
7464
7410
7500
7508
7548
7490
7582
7728
7750
7744
7688
7676
7686
7672
7696
7548
7592
7590
7542
7616
7596
7582
7536
7446
7530
7588
7558
7486
7422
7530
7458
7528
7492
7462
7558
7552
7538
7468
7518
7574
7540
7538
7568
7518
7480
7518
7566
7580
7514
7620
7542
7536
7564
7584
7558
7524
7604
7468
7518
7486
7522
7430
7392
7378
7450
7530
7532
7472
7530
7642
7578
7526
7530
7732
7700
7674
7554
7512
7578
7614
7540
7636
7604
7586
7604
7520
7592
7596
7642
7752
7792
7820
7740
7746
7750
7718
7728
7872
7848
7846
7908
7870
7912
7904
7860
7752
7718
7708
7674
7682
7594
7620
7648
7714
7700
7640
7630
7662
7814
7852
7924
7980
7966
7900
7996
7900
7920
7960
7950
7920
7946
7942
7942
7876
7832
7842
7798
7668
7610
7646
7722
7640
7582
7614
7624
7718
7568
7546
7552
7490
7502
7516
7522
7368
7492
7492
7514
7588
7560
7484
7460
7442
7372
7430
7490
7470
7514
7392
7364
7364
7446
7462
7446
7476
7480
7478
7428
7476
7452
7526
7560
7686
7640
7650
7726
7700
7716
7724
7706
7766
7648
7674
7792
7806
7822
7670
7622
7428
7442
7450
7568
7558
7598
7540
7612
7572
7558
7610
7606
7490
7500
7426
7452
7608
7550
7544
7512
7464
7364
7316
7330
7334
7294
7434
7408
7384
7372
7554
7520
7504
7596
7534
7502
7472
7506
7410
7446
7474
7464
7338
7356
7416
7422
7464
7378
7262
7298
7364
7392
7374
7354
7408
7462
7482
7592
7600
7660
7646
7642
7624
7622
7564
7666
7552
7548
7556
7574
7628
7648
7768
7726
7742
7740
7758
7816
7714
7728
7706
7722
7692
7696
7672
7678
7702
7778
7650
7680
7594
7602
7674
7648
7600
7634
7544
7548
7616
7520
7482
7440
7444
7584
7672
7588
7616
7692
7664
7700
7740
7682
7594
7632
7682
7652
7586
7610
7588
7648
7700
7598
7646
7596
7582
7572
7608
7680
7550
7496
7520
7506
7518
7548
7500
7574
7518
7422
7460
7446
7334
7358
7266
7262
7290
7348
7406
7400
7448
7576
7604
7400
7336
7360
7410
7354
7342
7356
7304
7284
7260
7188
7322
7350
7502
7508
7482
7540
7650
7586
7642
7620
7666
7656
7668
7788
7872
7990
7886
7890
7868
7756
7792
7888
7880
7828
7834
7834
7722
7736
7706
7704
7770
7794
7818
7778
7756
7760
7614
7754
7722
7756
7814
7824
7924
7936
7964
7968
8016
7898
7810
7664
7696
7582
7558
7584
7582
7612
7602
7616
7668
7632
7622
7660
7648
7732
7604
7626
7590
7592
7618
7460
7418
7558
7560
7534
7678
7692
7582
7514
7624
7644
7626
7682
7660
7664
7688
7606
7554
7406
7490
7482
7434
7480
7542
7466
7480
7438
7414
7484
7450
7548
7498
7532
7488
7558
7540
7476
7422
7364
7350
7306
7312
7418
7454
7482
7498
7576
7676
7592
7676
7672
7718
7738
7712
7778
7764
7722
7716
7682
7524
7544
7414
7472
7480
7580
7464
7548
7630
7644
7568
7650
7608
7602
7486
7602
7458
7574
7660
7620
7680
7648
7530
7654
7672
7624
7570
7530
7528
7530
7624
7648
7646
7746
7758
7790
7732
7676
7570
7574
7630
7720
7722
7782
7772
7808
7748
7656
7538
7444
7518
7504
7458
7460
7402
7492
7468
7424
7466
7470
7360
7438
7530
7552
7560
7586
7612
7602
7614
7518
7546
7542
7426
7522
7456
7352
7400
7460
7494
7586
7674
7668
7704
7676
7772
7730
7658
7666
7624
7718
7690
7698
7676
7696
7672
7648
7682
7788
7850
7744
7780
7750
7834
7790
7836
7878
7784
7760
7804
7820
7752
7750
7700
7758
7716
7752
7622
7578
7550
7442
7496
7524
7550
7532
7538
7600
7684
7518
7568
7638
7710
7808
7758
7712
7636
7498
7504
7484
7522
7566
7616
7648
7624
7604
7558
7570
7544
7558
7532
7462
7296
7268
7340
7304
7352
7336
7318
7310
7254
7284
7230
7296
7342
7366
7290
7250
7370
7494
7416
7490
7480
7576
7606
7566
7478
7454
7566
7678
7558
7642
7614
7536
7530
7556
7518
7522
7532
7576
7484
7574
7608
7748
7812
7726
7770
7744
7768
7722
7826
7842
7770
7860
7838
7908
7946
7974
7930
7822
7918
7948
7856
7744
7726
7680
7642
7650
7590
7522
7586
7604
7516
7536
7614
7612
7662
7510
7580
7672
7610
7636
7468
7502
7628
7508
7498
7526
7692
7654
7676
7670
7658
7610
7598
7614
7602
7496
7484
7388
7530
7682
7622
7596
7724
7868
7842
7852
7854
7874
7840
7762
7722
7748
7624
7712
7676
7692
7646
7648
7660
7714
7720
7686
7698
7710
7614
7554
7612
7620
7646
7624
7718
7686
7760
7714
7876
7926
7892
7792
7730
7842
7772
7702
7830
7782
7838
7798
7686
7712
7732
7820
7812
7798
7756
7690
7722
7730
7718
7676
7658
7590
7646
7674
7652
7606
7576
7540
7540
7580
7658
7710
7710
7666
7656
7588
7600
7656
7542
7614
7574
7526
7546
7542
7578
7438
7564
7574
7550
7642
7714
7714
7664
7728
7600
7648
7626
7544
7538
7542
7614
7694
7652
7656
7740
7692
7780
7708
7692
7606
7528
7520
7628
7620
7550
7488
7472
7536
7526
7444
7388
7400
7398
7424
7466
7612
7732
7584
7498
7586
7534
7624
7584
7530
7410
7392
7300
7396
7382
7424
7460
7530
7516
7492
7576
7628
7686
7734
7714
7662
7670
7732
7764
7768
7706
7670
7706
7702
7720
7670
7674
7732
7742
7734
7682
7734
7784
7824
7850
7808
7830
7872
7860
7862
7750
7748
7764
7696
7772
7762
7780
7690
7764
7818
7832
7768
7650
7578
7596
7660
7682
7660
7660
7700
7754
7784
7858
7804
7672
7644
7688
7606
7650
7764
7746
7798
7724
7632
7704
7728
7740
7716
7552
7610
7630
7566
7654
7618
7730
7738
7800
7854
7740
7764
7702
7720
7740
7746
7866
7998
8046
8050
8068
7948
7998
7944
7832
7778
7720
7694
7694
7758
7716
7752
7776
7764
7574
7608
7560
7508
7532
7542
7438
7354
7416
7470
7440
7426
7362
7304
7340
7312
7362
7442
7478
7464
7480
7526
7596
7648
7604
7608
7610
7510
7544
7550
7602
7574
7560
7502
7552
7552
7618
7578
7522
7526
7566
7580
7538
7582
7588
7660
7714
7762
7676
7818
7822
7762
7852
7888
7870
7880
7864
7902
7906
7840
7806
7704
7616
7686
7700
7640
7700
7714
7844
7808
7850
7958
7932
7880
7866
7826
7774
7710
7616
7712
7712
7736
7796
7730
7776
7784
7730
7722
7758
7864
7790
7832
7856
7890
7908
7820
7692
7704
7656
7770
7862
7832
7878
7838
7854
7832
7828
7836
7760
7706
7704
7742
7790
7722
7834
7906
7842
7788
7838
7838
7854
7836
7746
7762
7614
7604
7570
7642
7630
7634
7694
7724
7642
7740
7664
7608
7700
7602
7560
7502
7512
7458
7438
7428
7466
7570
7424
7460
7452
7480
7422
7446
7498
7512
7594
7476
7526
7618
7608
7492
7504
7514
7464
7466
7576
7438
7474
7336
7370
7430
7538
7518
7596
7608
7574
7500
7428
7254
7318
7406
7510
7426
7436
7478
7502
7550
7506
7628
7542
7448
7590
7536
7470
7430
7610
7562
7630
7668
7676
7698
7638
7722
7642
7586
7554
7582
7514
7674
7592
7582
7704
7732
7762
7710
7730
7788
7738
7782
7748
7780
7776
7896
7896
7848
7772
7740
7748
7716
7608
7612
7652
7678
7648
7632
7628
7562
7696
7642
7636
7684
7698
7720
7694
7638
7500
7476
7518
7498
7520
7552
7656
7688
7742
7704
7724
7764
7786
7834
7806
7732
7758
7658
7582
7624
7620
7622
7610
7674
7674
7614
7536
7492
7596
7590
7568
7508
7526
7448
7406
7406
7356
7254
7278
7352
7376
7450
7334
7374
7336
7248
7266
7318
7244
7296
7352
7382
7312
7380
7444
7362
7262
7264
7180
7168
7234
7194
7234
7290
7172
7266
7288
7370
7386
7392
7326
7348
7402
7490
7372
7458
7434
7438
7522
7510
7480
7504
7520
7508
7562
7570
7626
7636
7662
7568
7452
7494
7516
7670
7628
7524
7570
7532
7570
7644
7632
7692
7698
7622
7604
7600
7582
7578
7556
7614
7660
7680
7602
7534
7374
7440
7504
7518
7480
7316
7370
7396
7282
7318
7364
7272
7386
7378
7454
7488
7510
7450
7492
7538
7540
7358
7400
7458
7514
7546
7592
7580
7546
7618
7668
7480
7416
7558
7558
7524
7444
7386
7524
7480
7406
7420
7410
7380
7448
7436
7472
7454
7418
7428
7264
7298
7342
7258
7258
7288
7292
7326
7340
7344
7314
7370
7446
7500
7522
7494
7506
7494
7602
7610
7498
7466
7532
7566
7480
7438
7432
7502
7534
7506
7540
7618
7694
7654
7604
7578
7666
7638
7556
7538
7498
7450
7524
7564
7534
7524
7414
7454
7612
7568
7608
7634
7602
7542
7486
7582
7524
7488
7558
7546
7532
7558
7692
7804
7710
7708
7792
7752
7798
7798
7796
7686
7706
7698
7752
7720
7782
7804
7886
7840
7812
7798
7750
7680
7560
7602
7694
7502
7512
7626
7628
7648
7608
7630
7656
7676
7644
7544
7572
7602
7604
7588
7716
7604
7608
7530
7408
7380
7342
7448
7402
7422
7442
7436
7448
7448
7498
7560
7478
7426
7448
7462
7486
7418
7438
7424
7494
7440
7398
7358
7422
7430
7478
7428
7392
7436
7452
7496
7530
7596
7684
7610
7574
7546
7572
7678
7630
7728
7684
7658
7602
7638
7632
7516
7570
7482
7472
7508
7544
7638
7526
7536
7484
7390
7486
7394
7304
7280
7376
7478
7506
7514
7460
7398
7402
7492
7530
7534
7448
7480
7620
7654
7604
7670
7608
7578
7586
7616
7638
7608
7700
7540
7394
7332
7434
7582
7636
7606
7514
7582
7482
7534
7418
7438
7374
7352
7352
7382
7414
7496
7520
7592
7446
7322
7310
7414
7358
7356
7394
7208
7118
7328
7274
7206
7262
7360
7384
7338
7330
7402
7436
7462
7440
7428
7392
7466
7452
7506
7560
7506
7458
7452
7568
7490
7480
7472
7484
7438
7436
7472
7556
7516
7638
7606
7640
7566
7536
7434
7490
7412
7430
7396
7430
7464
7456
7496
7544
7432
7462
7410
7360
7344
7306
7264
7198
7148
7156
7080
7092
7148
7104
7116
7136
7046
6962
7020
7048
6984
7018
7004
7012
6974
6988
6956
6966
6938
6872
6810
6830
6700
6702
6800
6884
6914
6792
6834
6930
6978
7030
6886
6894
6984
6866
6784
6738
6802
6840
7000
6990
7156
7130
7062
7034
6968
7060
6964
6922
6966
6922
6862
6976
6918
6918
6996
6990
6978
6992
6890
6946
6786
6766
6698
6840
6842
6888
6864
6794
6756
6786
6858
6900
6794
6798
6814
6854
6768
6746
6782
6844
6806
6884
6828
6820
6822
6846
6766
6766
6708
6676
6716
