8234
8188
8138
8134
8068
8036
8092
8110
8076
8174
8186
8004
8042
8038
7986
7924
7874
8004
8040
8014
8070
8026
8010
8032
7996
8088
8066
7946
7890
7862
7994
7882
7892
7774
7824
7814
7858
7896
7780
7858
7966
7870
7878
7930
8022
8068
8132
8036
8080
8070
8070
8008
8066
8054
8046
8080
8126
8068
7944
7920
7978
7924
8016
8056
8048
8122
8050
8068
8026
7976
7994
7956
8006
8096
8098
8214
8134
8166
8052
8030
7968
7906
7898
7908
7906
7990
8064
8022
8042
8028
8098
8040
8090
8074
8146
8132
8080
8056
8006
7980
8016
8030
8090
8088
8028
7972
7926
7934
7884
7958
7964
7900
7910
7864
7842
7928
7912
7846
7780
7782
7886
7804
7796
7820
7850
7920
7908
7956
7982
7894
7954
7832
7936
7984
8006
8022
7888
7958
7926
7988
7992
7934
7948
7882
7970
7912
7948
7982
7990
8078
7960
7968
7966
7850
7818
7708
7718
7828
7862
7818
7834
7884
7834
7792
7768
7770
7798
7746
7768
7864
7822
7826
7866
7856
7884
7924
7914
8010
7914
7886
7826
7806
7826
7870
7890
7794
7696
7744
7848
7776
7808
7702
7682
7748
7780
7794
7792
7804
7874
7946
7924
7862
7980
7966
7860
7820
7844
7770
7800
7728
7700
7646
7670
7692
7660
7840
8020
8062
8066
7978
7944
7886
7858
7896
7920
7810
7928
7916
7910
7896
7964
7888
7932
7916
7908
7994
8062
8070
8024
7928
7946
7932
7914
7944
7944
8004
7930
7850
7940
7980
7910
7864
7790
7792
7800
7840
7832
7900
7914
7878
7812
7836
7998
8114
8156
8188
8114
8078
8092
8014
8074
8078
8150
8202
8138
8134
8116
8166
8064
8074
8008
8048
8082
8098
8070
8008
7992
8008
8056
8110
8108
8082
8100
8084
8100
8120
8062
8036
7978
7864
8002
8024
7990
8038
8162
8048
8052
8060
8038
7954
7984
8048
7988
7992
7930
7910
7874
7926
7878
7826
7764
7808
7706
7776
7802
7806
7764
7732
7770
7834
7810
7786
7806
7840
7818
7736
7792
7824
7896
7866
7878
7910
7878
7804
7880
7894
7844
7866
7824
7832
7834
7860
7918
7968
7960
7852
7872
7812
7798
7830
7916
7942
7952
7920
8038
7960
8028
8058
8088
8026
8050
8132
8062
8066
8036
8018
7960
8054
8016
8020
7998
8004
8032
8010
8038
8070
7992
7980
8020
7998
7998
7954
7988
7990
7994
8004
8014
8068
8090
8094
8110
8096
8136
8116
8190
8240
8192
8162
8140
8106
8084
7964
7974
7934
7952
7968
7904
7916
7980
8034
8072
8032
8026
8012
8114
8034
7990
8078
7998
7984
7982
8030
7990
8134
8146
8112
8052
8076
8054
8090
8046
8078
8074
8010
8036
8034
7960
7896
7924
7880
7844
7850
7812
7936
7866
7846
7944
7972
7910
7826
7764
7818
7766
7770
7838
7816
7790
7888
7904
7908
7876
7838
7966
7994
8046
7970
7934
7928
8066
8114
8012
8054
8068
8012
8036
7974
7892
7918
7976
7912
8000
8002
7978
7968
8046
7932
7920
7790
7906
7948
7946
7912
7938
7930
7962
7930
7906
7876
7898
7910
7918
7926
7950
8032
8068
8092
8048
8036
7958
7850
7848
7788
7832
7844
7870
7942
7944
8004
8092
8086
8160
8116
8026
8060
8000
7972
7970
8020
8032
8054
8042
7964
8014
7912
7894
8012
8056
8070
7970
7942
7990
7960
7962
8002
8020
7892
7884
7868
7906
8002
7914
7970
7854
7842
7830
7864
7774
7874
7876
7842
7820
7828
7850
7736
7844
7830
7946
7998
7984
7982
7792
7782
7848
7954
7986
8048
8056
8052
8104
8054
8052
8016
8058
7974
8008
8050
8062
8046
8076
8054
8092
8118
8088
7960
7960
8072
8074
7930
8044
8056
8088
8086
8068
8124
8030
7996
8058
7950
7954
7984
8070
8210
8184
8148
8106
8054
7972
7946
8020
7982
8114
8174
8160
8036
8042
8070
8034
7998
7990
8008
8042
8000
8032
8140
8012
7952
8026
7944
7966
7982
8034
7946
7926
8022
8110
8076
8038
8148
8128
8128
8120
8122
8110
8110
8114
8126
8078
8094
8104
8070
8108
8090
8098
8164
8182
8082
8090
8074
7998
8088
8020
8042
7964
8030
8102
8026
8042
8150
7998
7994
7996
8006
7910
7974
7990
7996
7850
7864
7864
7886
7884
8002
7914
7882
7954
8050
8148
8054
8090
8078
8028
8026
8128
7986
7918
7880
8048
8022
7964
7898
7826
7810
7910
7830
7860
7934
7970
7928
7956
7994
7950
7910
7920
7962
8012
7930
7958
7948
7958
7880
7984
7948
7986
8016
7988
7938
7804
7658
7752
7838
7816
7832
7900
7886
7932
7974
7932
8016
7996
7866
7934
7910
7958
7776
7866
7896
7852
7782
7900
8010
8012
7960
8000
7862
7898
7894
7912
7914
7858
7764
7634
7688
7740
7740
7768
7712
7710
7796
7794
7872
7778
7780
7788
7746
7736
7618
7606
7670
7756
7728
7808
7800
7850
7820
7856
7836
7742
7752
7820
7858
7858
7876
7878
7754
7734
7752
7726
7634
7670
7602
7608
7626
7628
7634
7610
7708
7736
7756
7780
7674
7662
7684
7620
7680
7718
7632
7628
7624
7690
7708
7684
7664
7654
7652
7724
7774
7624
7670
7802
7872
7782
7832
7768
7692
7812
7872
7890
7926
7986
7912
7982
7970
7928
7908
7918
7956
7964
7964
8012
8028
7974
7968
7934
8022
8018
8018
7976
8064
8052
8044
8114
8062
8140
8086
7998
8032
7890
7868
7846
7834
7862
7820
7806
7854
7868
7950
7962
7904
7964
8036
8162
8024
7924
7910
7846
7954
8074
7998
7896
7880
7842
7910
8024
8036
8016
7946
7970
7966
8064
8078
8028
7996
7936
7924
7884
7864
7876
7970
7856
7890
7908
7970
7988
8012
7934
7954
7940
7980
7946
7930
7940
7922
7872
7918
7908
7916
7888
7958
8034
7988
8082
8058
8052
7990
7954
7968
7910
7910
8050
7990
7980
7930
8016
8056
8056
7968
7994
7956
7926
7958
7992
7994
7946
7918
7990
8072
7960
7968
8084
7998
8012
8060
8080
8032
8040
8106
8126
8068
7948
8014
8062
8122
8016
8024
8052
8088
8108
8172
8112
8076
8130
8248
8190
8184
8154
8002
7848
7936
7958
7868
7946
7844
7908
7876
7818
7904
7898
7984
8032
8064
8034
7990
7954
7938
8008
7920
7990
7992
7986
7994
7918
7952
8020
8058
7950
8058
8036
8126
8136
8078
7978
7980
8036
8036
8054
8114
8106
7998
8038
8018
8032
8042
7950
7882
7896
8002
7946
7950
7898
7922
7892
7868
7856
7832
7850
7852
7874
7986
8044
8066
8138
8102
8062
8026
8048
8018
8002
8002
8008
8060
8138
8070
8040
7948
7962
7992
7932
7914
7904
8004
7954
7966
7956
8004
8092
8142
8124
8110
8104
8100
8108
8080
8050
8150
8162
8144
8060
8018
7990
7918
7972
7944
7858
7934
7890
7864
7836
7834
7934
8092
8092
8072
8080
8166
8122
8170
8146
8178
8132
8156
8146
8208
8174
8246
8172
8124
7960
7914
7990
8048
8088
8064
8110
8086
8092
8170
8152
8166
8212
8202
8142
8164
8070
7942
8026
8056
8038
8020
7970
7942
8022
8078
7970
7916
7978
7948
7848
8018
7988
7980
7938
7962
7890
7950
7964
7990
7984
7974
8016
8066
8066
8100
8080
8046
8042
8054
8008
8044
8010
8002
7952
7966
7978
8008
8008
8030
7956
8106
8110
7996
8008
8024
8056
8032
8028
8038
8082
8206
8212
8164
8124
8136
8142
8120
8040
8014
7992
8000
7982
7954
8036
8164
8192
8090
8094
8010
7992
7932
7820
7828
7852
7838
7878
7838
7828
7858
7944
8004
7986
7910
7956
7996
8012
7968
8020
7906
8002
8156
8102
8094
8092
8176
8212
8202
8120
8032
8046
8106
8142
8122
8148
8162
8200
8140
8112
8054
8148
8206
8138
8136
8218
8194
8084
8092
8262
8244
8228
8208
8110
8044
8034
8028
8118
8122
8110
8114
8148
8140
8162
8204
8300
8214
8226
8208
8124
8116
8150
8108
8142
8054
8072
8108
8088
8024
7994
8060
7970
8046
8004
8032
8052
8080
7950
8082
8154
8086
8088
8096
7978
8086
8062
8044
8032
8014
8068
8018
8028
7990
8044
8054
8042
8022
8078
8094
8096
8102
8106
8118
7976
7982
7906
7972
8062
8080
7998
8128
8176
8088
8174
8126
8174
8294
8228
8156
8066
8004
8056
8078
8082
7944
7960
7972
7944
7998
8000
7960
7938
7866
7866
7866
7868
7900
7822
7850
7826
7820
7954
8000
7956
7908
7910
7902
7888
7948
8024
8002
7986
8024
7860
7914
7884
7832
7758
7804
7798
7894
7832
7778
7866
7788
7880
7872
7830
7788
7806
7836
7768
7686
7624
7646
7606
7730
7750
7786
7812
7906
7888
7956
7930
7960
7980
8018
7982
7920
7976
8092
8070
8146
8232
8232
8186
8190
8112
8110
8076
8058
8088
7996
7940
7990
8064
7994
7932
7922
7882
7884
7930
8028
8008
8026
8012
8000
8066
7962
7942
7920
8066
8038
8068
8056
8064
8034
8078
7970
7954
7912
7984
8024
7956
7998
7974
8032
8190
8154
8092
8046
8144
8114
8088
8034
7984
8014
8130
8132
8102
7978
7938
7994
7928
7872
7880
7980
8000
7794
7806
7856
7872
7940
7990
8016
7930
8006
7942
7922
7872
7936
7894
8024
8014
7972
7976
7996
8000
7980
8012
8060
7990
8030
7982
7984
7988
7918
7968
7980
7922
7890
7832
7854
7838
7806
7864
7854
7966
7946
7838
7832
7902
7986
7916
7902
7888
7774
7772
7746
7818
7888
7804
7826
7828
7828
7926
7850
8010
8046
7992
7984
7944
7884
7886
7910
7946
7974
8008
7912
7912
7872
7864
7840
7836
7938
8000
7934
7956
7924
8022
7946
7902
7874
7860
7818
7742
7750
7790
7684
7734
7702
7744
7824
7868
7952
7984
7924
7980
7988
7976
7966
7922
7842
7864
7908
7862
7844
7886
7904
7932
7908
7928
7968
7968
7988
7998
8068
8048
8016
8092
8062
7972
7962
7938
7974
7976
8016
8044
7950
7952
7920
7974
7978
8000
7958
7920
8020
8078
8106
8118
8116
8078
8012
8054
8062
7998
8046
8070
7994
8084
8042
8102
8050
8050
8050
8078
8020
7946
8076
8086
8122
8150
8154
8124
8038
8004
8116
8006
8000
8028
8086
8044
8078
8074
8024
7986
8022
8038
8036
7984
8000
8000
8118
7978
8080
8100
7948
8038
8068
8076
8098
8156
8002
7978
8050
7998
7986
8048
8014
8070
7988
7916
7904
7872
7796
7884
7936
7896
7936
7900
7964
7908
7896
7836
7826
7880
7844
7902
7952
8028
8036
7944
7854
7926
7932
7960
7964
8056
8016
8136
8060
7972
7934
7920
7892
7910
7856
7906
7898
7908
7984
7860
7942
7842
7940
7954
7888
7854
7866
7976
8004
7994
8004
8054
8136
8100
8066
8014
7930
7926
7992
8090
7996
8026
8006
8042
8068
7956
7954
7854
7962
7890
7878
7936
7948
7974
7964
7984
7982
8000
8050
8024
8098
7992
7974
7918
7986
8034
8000
7978
8120
8178
8066
8138
8064
7998
8032
8002
8042
8016
7996
8000
8054
8002
7950
8006
8042
8032
7994
7964
7976
8120
8116
8110
8004
7980
7894
7906
7860
7850
7852
7804
7890
7844
7822
7810
7756
7816
7926
7954
8054
8018
8014
8028
7996
8100
8114
7960
7896
7992
8042
7978
7918
7992
7940
7936
7864
7868
7858
7816
7770
7836
7844
7794
7836
7762
7842
7826
7808
7768
7812
7844
7852
7846
7736
7806
7802
7820
7902
7946
8036
7992
7994
8062
8036
7992
8070
7982
7938
7926
7962
7952
7922
8040
8092
8216
8246
8238
8104
8070
8166
8150
8152
8158
8138
8212
8206
8160
8166
8154
8142
8194
8124
8136
8124
8040
8100
8140
8080
8060
8154
8150
8188
8134
8236
8194
8174
8182
8180
8146
8072
8136
8040
8100
8000
7908
7864
7922
7900
7916
7938
7964
7956
7992
8038
8004
7996
7968
8018
7962
7912
7924
7988
7926
7922
7906
7756
7682
7594
7510
7578
7592
7658
7688
7652
7536
7668
7668
7656
7742
7758
7746
7760
7726
7800
7786
7800
7742
7890
7880
7888
7862
7812
7848
7858
7746
7818
7850
7904
7894
7876
7846
7876
7868
7788
7706
7760
7730
7762
7778
7920
7868
7922
7914
7934
7968
7940
7970
8018
8050
8122
8132
7992
7982
7966
