392
416
460
420
370
382
372
418
386
420
440
388
376
350
356
360
290
272
276
258
266
244
238
272
250
302
284
288
282
228
186
196
212
276
276
282
276
272
328
332
338
280
324
282
292
256
298
272
236
206
196
194
204
222
222
240
278
318
320
266
280
274
248
284
260
278
316
240
242
234
150
104
122
56
122
128
166
232
240
202
242
238
256
268
240
214
220
174
184
144
98
130
76
94
88
102
182
154
152
160
156
160
148
144
130
98
112
64
90
54
70
76
66
52
34
14
30
76
88
48
86
68
76
160
134
198
134
126
108
146
164
176
192
126
108
72
76
82
78
46
92
106
100
54
52
70
40
32
0
2
48
44
72
60
148
130
92
118
66
66
14
58
30
112
80
130
54
70
20
2
32
4
0
4
22
62
44
24
24
42
18
6
30
26
30
72
52
38
12
10
42
24
10
14
10
46
22
16
10
30
6
20
80
96
116
80
104
102
150
118
148
206
200
236
282
200
236
262
194
142
116
152
144
192
178
136
90
72
72
60
66
108
122
90
70
144
186
180
142
78
72
66
92
136
132
128
164
196
166
134
142
194
200
218
176
188
162
138
166
158
194
184
116
102
108
198
178
166
152
176
188
132
134
94
84
58
56
66
92
134
102
90
102
160
176
142
166
164
176
112
98
112
32
76
116
114
88
50
76
92
110
130
186
140
166
150
136
160
158
188
144
186
170
106
150
128
96
108
98
142
96
70
58
156
144
168
178
238
224
212
252
316
368
330
360
342
302
326
352
370
350
308
282
316
304
232
214
182
176
254
220
200
204
274
316
302
326
258
240
264
300
292
260
234
146
238
270
322
262
274
266
270
228
228
244
266
290
352
364
392
404
434
418
446
460
406
422
404
392
416
414
402
448
460
482
460
458
434
426
452
438
396
418
354
368
372
432
398
368
412
400
402
410
414
390
472
418
424
406
406
426
420
448
414
330
314
292
258
234
310
264
272
316
308
254
292
350
366
354
402
462
434
354
358
336
368
342
366
388
342
348
350
356
406
446
478
436
440
466
498
490
536
508
422
402
380
408
378
334
352
288
256
234
266
256
288
318
238
266
290
278
262
284
348
326
316
378
324
326
330
310
320
302
318
282
216
186
232
222
192
236
254
262
218
158
196
264
238
200
204
264
240
102
120
74
54
16
52
80
52
78
62
100
102
112
156
164
166
232
186
196
228
264
290
246
226
212
206
208
158
174
162
208
212
194
194
118
54
120
158
160
182
156
166
150
158
116
40
38
8
54
82
48
58
20
6
38
46
32
32
56
80
102
112
114
100
100
142
186
200
190
226
264
232
224
124
130
148
140
192
192
202
166
100
4
48
40
68
22
38
104
120
124
150
110
74
100
146
38
56
38
2
50
62
16
24
32
34
6
22
18
16
14
24
56
64
110
148
160
176
142
102
32
16
8
22
10
2
34
56
58
50
44
80
64
80
96
106
110
146
32
44
34
26
36
46
64
50
36
12
2
46
120
116
88
18
10
62
54
106
74
42
2
22
66
50
74
46
46
8
54
6
6
2
6
32
10
26
66
70
86
28
34
56
62
94
88
88
18
26
32
24
52
116
164
164
118
156
236
184
178
180
178
218
240
188
208
150
180
128
114
140
108
96
98
118
104
134
156
184
202
216
256
216
242
266
226
258
266
222
198
186
158
206
228
258
224
218
180
180
182
224
200
216
242
250
238
192
210
218
216
264
270
248
200
232
200
140
158
196
174
94
34
28
36
10
14
58
70
64
62
78
46
4
12
20
14
22
14
40
68
54
72
70
44
26
2
24
2
44
96
122
144
106
92
26
44
70
40
44
124
114
114
126
92
10
18
60
66
2
10
38
18
18
2
8
8
16
4
28
24
14
26
22
22
76
54
48
84
70
114
150
110
44
64
4
16
2
2
4
40
64
24
4
58
10
48
70
78
48
70
104
132
100
34
2
12
30
24
26
8
28
74
26
40
72
104
102
102
74
98
128
150
202
196
220
272
258
224
202
220
206
204
202
192
204
256
246
172
218
160
144
98
92
88
38
16
12
54
68
68
148
72
52
58
30
44
30
64
64
100
116
188
150
138
136
164
178
168
126
116
184
108
124
160
190
212
210
180
226
214
186
178
154
150
186
248
204
192
198
224
222
258
262
232
186
224
254
242
262
248
216
252
266
272
266
230
194
206
222
200
234
192
124
148
140
126
96
122
106
92
70
64
48
60
50
78
50
70
74
78
84
142
136
142
88
54
50
4
18
18
8
34
54
64
46
26
8
30
20
40
32
36
54
110
128
168
102
48
74
114
186
252
278
322
256
308
320
270
236
176
154
96
124
186
234
240
218
204
216
280
148
178
208
216
152
158
134
90
60
34
32
18
52
76
30
46
42
90
110
104
54
2
66
130
122
118
98
88
124
162
156
132
92
128
212
200
230
254
224
268
258
300
330
330
314
348
400
406
394
410
426
344
306
228
170
140
114
140
160
104
84
106
108
96
122
158
176
150
174
190
126
122
104
126
76
62
60
52
18
52
128
112
130
152
94
118
154
134
184
166
178
190
176
152
196
212
190
146
122
106
110
184
200
168
204
208
164
192
174
160
140
100
118
120
170
166
170
174
206
240
206
188
148
106
118
136
158
202
238
250
276
290
252
258
232
242
206
204
112
76
72
34
28
16
46
32
38
56
80
142
108
82
104
80
70
14
4
74
92
162
134
156
172
208
214
226
238
200
258
222
236
206
110
50
40
58
138
118
48
28
42
120
162
160
116
64
46
74
44
20
18
6
64
114
76
76
52
46
8
8
34
2
26
8
74
90
170
168
168
146
114
48
60
32
26
42
14
74
90
48
122
90
120
100
80
72
46
36
14
28
24
54
16
10
14
34
34
8
24
26
36
46
14
30
10
52
112
174
174
222
232
238
206
262
208
254
238
270
282
296
344
328
242
246
216
216
264
262
252
204
154
128
76
96
164
88
104
146
124
72
84
80
40
32
96
72
170
138
192
208
100
94
62
8
10
26
48
100
116
134
192
186
174
172
184
228
170
152
98
60
22
18
18
4
26
14
2
10
20
40
56
32
48
36
106
48
42
54
102
84
118
122
54
58
58
84
52
82
78
14
12
36
34
56
52
34
46
96
88
124
150
138
186
172
188
196
210
234
236
244
288
320
340
372
402
408
444
424
432
434
474
462
498
498
476
472
442
434
466
456
450
420
414
328
330
292
336
358
336
348
378
302
372
362
354
350
308
264
270
236
228
318
344
268
230
284
282
346
336
342
346
312
314
308
334
320
388
368
358
332
354
400
394
444
502
538
534
588
566
546
566
584
576
598
558
586
538
486
540
522
510
556
540
558
554
540
498
460
512
464
432
438
458
474
528
502
470
480
514
518
550
590
608
488
470
412
442
464
410
414
454
482
524
516
538
534
556
568
556
592
598
632
624
596
582
572
622
594
590
614
640
612
596
544
576
552
538
518
534
592
536
532
508
546
578
586
594
568
556
526
552
556
562
526
532
522
518
510
494
518
486
466
442
478
550
558
516
518
512
520
452
480
442
456
432
382
460
456
452
438
436
458
426
412
376
392
456
410
418
392
386
372
292
312
336
286
280
234
220
210
180
168
152
160
184
110
106
118
86
122
164
158
120
138
172
138
180
182
192
176
150
122
120
134
176
202
230
206
256
236
288
262
308
324
284
254
206
206
188
196
224
232
182
182
188
256
268
238
216
202
240
320
316
310
222
234
252
202
176
148
226
206
222
208
202
162
174
170
184
194
256
242
266
270
276
266
282
312
236
262
276
266
310
324
316
300
314
390
370
366
326
328
342
348
342
324
326
314
264
252
286
252
226
256
240
250
252
310
324
312
320
346
310
256
264
234
222
246
268
220
224
292
258
206
240
176
136
114
74
158
196
240
208
144
118
100
138
184
188
126
112
92
2
60
46
60
2
64
32
76
50
46
8
4
2
14
92
82
80
30
64
86
140
86
186
144
126
154
204
234
232
138
88
70
0
32
14
50
58
54
68
108
56
28
96
82
72
96
84
36
56
8
28
10
4
8
68
46
64
68
42
2
36
30
44
50
58
94
2
24
14
56
76
50
42
26
12
52
16
36
28
20
48
52
74
30
72
88
86
98
168
182
232
238
180
152
124
88
84
36
58
12
32
76
82
26
18
46
58
84
8
38
82
50
16
20
24
30
2
28
34
10
12
6
34
68
28
10
46
46
92
154
122
140
94
92
68
58
88
106
76
66
96
58
94
136
118
106
150
170
152
170
166
96
124
162
142
196
158
180
114
150
168
210
180
188
180
136
80
44
12
30
46
38
86
44
58
70
108
74
82
156
112
170
168
220
186
216
222
208
254
268
284
270
256
286
306
304
352
332
294
314
266
288
318
304
314
302
330
336
334
342
380
422
416
450
458
446
494
510
460
468
520
506
494
510
478
466
460
472
456
490
486
536
478
456
434
400
412
426
422
448
408
394
442
500
514
492
494
510
486
526
550
548
574
584
560
564
530
