3566
3550
3532
3512
3520
3500
3556
3558
3488
3442
3458
3508
3520
3574
3598
3550
3462
3446
3524
3534
3514
3470
3440
3498
3508
3474
3508
3496
3468
3484
3544
3562
3546
3548
3562
3560
3466
3408
3380
3386
3464
3510
3486
3482
3434
3380
3370
3430
3450
3460
3466
3420
3452
3442
3446
3458
3458
3454
3414
3390
3412
3388
3426
3492
3536
3500
3502
3594
3582
3508
3508
3450
3468
3436
3490
3462
3478
3470
3464
3460
3422
3574
3558
3576
3550
3618
3518
3514
3454
3498
3518
3454
3464
3474
3436
3462
3456
3484
3548
3560
3592
3604
3578
3594
3534
3530
3578
3624
3598
3602
3582
3484
3500
3462
3462
3530
3502
3456
3482
3508
3430
3440
3456
3404
3384
3436
3364
3456
3412
3406
3416
3432
3402
3430
3490
3534
3500
3524
3474
3522
3592
3552
3610
3592
3628
3572
3564
3596
3602
3646
3590
3594
3592
3648
3656
3608
3588
3636
3580
3566
3548
3532
3504
3504
3440
3430
3478
3554
3624
3634
3612
3672
3620
3556
3522
3626
3588
3548
3582
3614
3650
3690
3690
3690
3682
3648
3556
3568
3510
3550
3516
3542
3540
3498
3536
3532
3502
3494
3486
3484
3500
3482
3490
3478
3398
3478
3492
3496
3338
3354
3392
3474
3496
3394
3452
3416
3490
3516
3518
3476
3452
3454
3428
3466
3500
3446
3420
3396
3420
3434
3436
3428
3410
3410
3464
3382
3390
3478
3476
3448
3460
3502
3512
3602
3614
3624
3592
3590
3512
3458
3452
3470
3460
3458
3444
3420
3452
3382
3420
3420
3462
3486
3566
3584
3572
3594
3640
3552
3578
3542
3662
3672
3710
3656
3672
3680
3672
3672
3688
3678
3636
3572
3548
3566
3546
3584
3590
3506
3570
3522
3526
3582
3570
3552
3570
3566
3556
3560
3562
3530
3548
3500
3464
3508
3544
3502
3506
3480
3452
3508
3498
3450
3524
3536
3508
3484
3566
3552
3472
3438
3458
3478
3484
3476
3498
3528
3530
3568
3576
3490
3492
3504
3548
3554
3532
3480
3496
3428
3448
3532
3552
3528
3552
3584
3592
3544
3484
3472
3496
3516
3510
3384
3478
3514
3478
3498
3548
3582
3570
3582
3580
3548
3632
3576
3588
3574
3582
3618
3666
3654
3624
3556
3586
3586
3564
3534
3528
3586
3562
3540
3560
3494
3494
3520
3438
3450
3362
3356
3342
3354
3396
3378
3366
3426
3496
3502
3458
3440
3492
3460
3506
3466
3470
3418
3454
3472
3440
3500
3472
3478
3482
3424
3436
3454
3492
3498
3500
3482
3482
3526
3482
3420
3494
3398
3540
3560
3550
3590
3630
3596
3598
3592
3622
3628
3622
3630
3616
3600
3610
3606
3612
3634
3596
3588
3538
3532
3608
3588
3562
3564
3492
3536
3566
3530
3402
3424
3480
3496
3460
3462
3486
3506
3446
3458
3458
3424
3464
3478
3482
3444
3406
3364
3382
3414
3462
3472
3540
3562
3626
3568
3532
3520
3506
3490
3502
3510
3538
3524
3488
3496
3482
3480
3458
3418
3482
3530
3492
3506
3494
3538
3556
3544
3506
3516
3598
3628
3608
3610
3572
3560
3560
3584
3542
3598
3574
3546
3526
3546
3548
3488
3516
3494
3512
3522
3594
3584
3586
3610
3578
3606
3646
3604
3640
3604
3638
3662
3638
3616
3548
3478
3492
3522
3480
3392
3416
3434
3488
3432
3418
3454
3488
3502
3522
3512
3438
3476
3512
3502
3560
3530
3560
3520
3606
3598
3628
3694
3684
3676
3668
3634
3626
3576
3490
3502
3512
3454
3428
3430
3418
3498
3474
3510
3496
3420
3470
3512
3576
3580
3598
3600
3626
3596
3624
3598
3522
3490
3496
3492
3522
3498
3498
3484
3524
3566
3532
3504
3452
3556
3510
3598
3600
3568
3522
3516
3508
3538
3540
3530
3506
3496
3460
3522
3550
3576
3586
3580
3552
3478
3496
3490
3494
3462
3434
3380
3424
3462
3364
3400
3432
3434
3434
3424
3424
3480
3474
3416
3476
3496
3562
3556
3496
3532
3512
3516
3482
3470
3410
3446
3450
3414
3428
3412
3340
3402
3430
3400
3462
3444
3434
3524
3522
3584
3542
3606
3562
3584
3606
3572
3640
3550
3584
3580
3594
3602
3580
3590
3528
3570
3570
3612
3540
3576
3540
3562
3542
3528
3544
3518
3542
3604
3508
3408
3456
3506
3534
3566
3538
3550
3522
3550
3554
3580
3648
3650
3584
3602
3538
3520
3532
3538
3528
3528
3530
3536
3610
3616
3750
3724
3676
3642
3702
3616
3592
3528
3532
3506
3486
3512
3504
3428
3452
3454
3442
3446
3508
3524
3550
3550
3592
3582
3598
3534
3492
3474
3520
3478
3462
3424
3412
3438
3426
3470
3456
3438
3382
3444
3392
3356
3316
3362
3408
3412
3430
3452
3438
3502
3526
3518
3518
3532
3524
3524
3508
3552
3520
3552
3578
3564
3554
3526
3544
3546
3540
3516
3524
3510
3560
3510
3528
3556
3566
3494
3496
3480
3540
3502
3486
3484
3516
3540
3518
3532
3552
3580
3540
3586
3550
3562
3530
3486
3480
3474
3478
3540
3532
3566
3574
3542
3484
3496
3508
3504
3520
3498
3530
3456
3450
3446
3342
3354
3410
3416
3452
3490
3556
3614
3600
3554
3520
3518
3566
3518
3450
3452
3418
3444
3440
3448
3436
3456
3462
3502
3434
3442
3524
3458
3438
3434
3464
3430
3486
3472
3478
3440
3450
3444
3456
3524
3476
3392
3376
3334
3406
3386
3438
3430
3492
3528
3524
3558
3542
3518
3496
3556
3514
3538
3520
3566
3510
3454
3494
3424
3432
3486
3542
3622
3642
3512
3472
3484
3504
3592
3672
3682
3686
3664
3668
3690
3610
3636
3648
3712
3714
3706
3736
3734
3778
3730
3712
3708
3684
3644
3628
3554
3590
3556
3584
3586
3502
3608
3604
3610
3642
3668
3684
3684
3648
3684
3720
3670
3622
3624
3582
3554
3556
3540
3532
3490
3524
3546
3512
3620
3584
3550
3602
3616
3582
3606
3598
3548
3572
3534
3508
3484
3466
3502
3470
3424
3420
3468
3446
3456
3482
3532
3632
3590
3550
3540
3588
3574
3584
3562
3544
3574
3582
3582
3542
3548
3614
3558
3520
3564
3608
3618
3626
3570
3534
3548
3630
3656
3646
3592
3612
3594
3664
3602
3672
3706
3716
3676
3656
3598
3608
3598
3586
3554
3576
3468
3508
3492
3500
3494
3602
3546
3554
3516
3444
3488
3504
3496
3556
3614
3590
3602
3600
3600
3610
3592
3526
3530
3540
3536
3506
3510
3540
3526
3608
3580
3522
3522
3516
3522
3544
3526
3470
3476
3440
3448
3454
3414
3480
3546
3572
3568
3508
3520
3512
3538
3448
3540
3558
3558
3540
3596
3518
3532
3516
3466
3518
3550
3602
3548
3520
3556
3522
3550
3524
3550
3574
3606
3584
3618
3574
3582
3546
3560
3526
3580
3558
3548
3546
3590
3592
3564
3544
3558
3620
3598
3568
3534
3520
3558
3592
3588
3578
3526
3596
3568
3524
3582
3582
3592
3574
3544
3548
3556
3600
3604
3644
3542
3580
3610
3628
3610
3610
3616
3600
3596
3688
3744
3760
3740
3774
3728
3722
3698
3632
3586
3674
3682
3662
3636
3648
3698
3672
3638
3608
3606
3628
3592
3550
3538
3572
3518
3518
3568
3580
3596
3614
3646
3670
3652
3576
3556
3560
3578
3600
3646
3704
3676
3668
3624
3664
3624
3624
3676
3688
3662
3634
3558
3482
3508
3532
3590
3608
3538
3482
3498
3556
3668
3652
3624
3618
3616
3646
3626
3566
3554
3510
3480
3470
3468
3492
3482
3498
3510
3458
3470
3434
3370
3396
3356
3400
3438
3420
3382
3346
3326
3342
3316
3340
3352
3380
3360
3406
3370
3348
3336
3340
3380
3326
3312
3362
3384
3448
3412
3420
3396
3336
3360
3418
3376
3340
3338
3262
3200
3128
3052
3092
3144
3170
3246
3216
3236
3230
3218
3180
3128
3056
3048
3086
3164
3170
3166
3130
3154
3178
3144
3172
3196
3130
3130
3200
3206
3238
3172
3134
3186
3126
3126
3066
3048
3104
3086
3142
3128
3210
3288
3260
3282
3240
3280
3258
3266
3322
3318
3388
3390
3376
3416
3320
3350
3402
3328
3334
3318
3308
3314
3304
3366
3288
3278
3324
3274
3232
3182
3260
3206
3216
3244
3338
3318
3294
3304
3330
3326
3358
3364
3446
3454
3386
3404
3468
3524
3522
3516
3526
3516
3538
3552
3534
3540
3520
3562
3530
3468
3448
3402
3400
3464
3480
3466
3422
3382
3446
3398
3434
3428
3424
3398
3376
3382
3422
3462
3470
3534
3490
3578
3560
3568
3598
3610
3546
3544
3488
3506
3504
3544
3532
3576
3546
3558
3472
3504
3500
3568
3508
3496
3474
3460
3408
3468
3490
3408
3440
3400
3394
3420
3466
3490
3530
3492
3546
3536
3550
3532
3488
3488
3564
3566
3560
3548
3542
3536
3566
3528
3492
3502
3450
3502
3606
3624
3546
3504
3574
3680
3676
3630
3634
3592
3560
3512
3460
3456
3512
3490
3430
3438
3408
3412
3438
3456
3362
3364
3392
3410
3410
3426
3384
3404
3430
3414
3414
3456
3462
3380
3400
3462
3490
3540
3492
3464
3500
3488
3414
3418
3450
3504
3518
3572
3530
3504
3440
3468
3450
3468
3450
3448
3440
3446
3434
3420
3456
3492
3498
3458
3460
3492
3422
3516
3562
3582
3544
3536
3494
3508
3460
3464
3512
3576
3572
3618
3616
3678
3618
3630
3646
3686
3660
3684
3604
3556
3572
3620
3584
3612
3556
3560
3566
3596
3572
3578
3580
3582
3600
3608
3624
3608
3634
3638
3636
3612
3588
3620
3654
3684
3666
3656
3674
3696
3610
3640
3596
3626
3624
3588
3554
3594
3558
3564
3596
3610
3560
3574
3536
3586
3604
3654
3612
3596
3640
3644
3634
3626
3658
3628
3614
3632
3600
3552
3654
3670
3568
3572
3600
3542
3460
3446
3510
3452
3506
3496
3500
3474
3468
3388
3488
3510
3576
3538
3504
3484
3466
3542
3520
3522
3502
3584
3584
3498
3474
3514
3496
3534
3514
3500
3556
3570
3594
3584
3510
3570
3562
3586
3548
3558
3528
3596
3518
3550
3526
3580
3532
3498
3464
3520
3554
3576
3596
3580
3548
3492
3468
3452
3462
3528
3506
3492
3470
3522
3482
3528
3540
3540
3566
3562
3578
3644
3648
3704
3716
3716
3640
3596
3574
3614
3628
3594
3626
3550
3462
3410
3402
3410
3340
3504
3534
3592
3614
3576
3576
3596
3610
3630
3600
3616
3570
3578
3556
3526
3484
3552
3560
3576
3634
3586
3494
3466
3402
3398
3448
3494
3534
3552
3622
3554
3536
3490
3502
3528
3544
3576
3592
3540
3478
3538
3528
3536
3512
3492
3540
3500
3532
3548
3606
3624
3636
3598
3606
3624
3608
3596
3612
3618
3626
3644
3652
3652
3672
3636
3606
3628
3612
3616
3594
3518
3484
3466
3506
3534
3578
3470
3452
3430
3458
3524
3514
3508
3504
3488
3532
3462
3486
3440
3546
3578
3598
3610
3614
3556
3556
3578
3624
3650
3672
3706
3668
3666
3664
3620
3576
3516
3466
3520
3526
3474
3444
3440
3432
3438
3474
3476
3460
3512
3444
3484
3470
3494
3472
3496
3520
3500
3460
3460
3484
3560
3586
3586
3556
3526
3524
3482
3508
3520
3488
3574
3536
3556
3532
3578
3534
3534
3534
3560
3572
3622
3576
3574
3542
3558
3562
3586
3580
3516
3486
3452
3436
3454
3394
3414
3440
3386
3452
3496
3474
3498
3534
3566
3612
3562
3532
3500
3528
3478
3468
3480
3490
3480
3564
3604
3570
3562
3536
3566
3516
3486
3482
3524
3488
3552
3498
3508
3480
3500
3506
3538
3540
3572
3580
3548
3510
3494
3406
3410
3434
3456
3460
3422
3406
3378
3370
3362
3334
3310
3302
3282
3342
3336
3336
3358
3340
3400
3428
3440
3464
3388
3426
3470
3514
3544
3480
3462
3474
3456
3516
3552
3562
3586
3496
3566
3562
3518
3500
3526
3510
3502
3474
3468
3512
3556
3520
3512
3504
3480
3406
3396
3432
3452
3496
3536
3542
3602
3640
3610
3614
3584
3518
3554
3578
3606
3604
3594
3544
3542
3522
3568
3508
3536
3562
3500
3490
3478
3512
3534
3536
3502
3496
3540
3530
3516
3470
3456
3486
3530
3500
3442
3490
3450
3466
3416
3436
3420
3472
3494
3522
3536
3530
3564
3550
3594
