48
36
8
38
32
14
0
32
60
8
46
80
54
56
120
144
120
132
138
132
186
152
204
128
202
204
212
106
154
104
108
50
48
72
88
42
52
76
64
6
12
10
10
42
10
38
20
48
32
64
64
40
12
62
114
62
84
108
90
156
190
184
194
206
208
242
230
212
240
270
236
210
238
310
312
300
264
254
230
232
260
200
220
192
218
172
186
230
218
216
168
122
154
172
200
220
174
192
256
232
226
288
290
234
218
134
150
100
80
150
128
154
70
96
90
98
92
126
144
104
86
62
110
132
142
174
160
184
196
218
142
66
38
30
20
92
98
122
88
90
116
90
56
64
56
72
132
120
122
102
90
102
86
88
58
64
48
60
84
60
76
64
80
112
120
160
160
106
104
112
96
158
182
144
146
104
100
116
178
160
166
194
168
212
176
172
162
162
290
372
360
350
356
412
422
412
372
392
478
428
390
426
434
400
380
342
316
322
364
364
358
372
346
356
338
336
308
294
216
242
262
264
284
244
178
190
192
142
162
128
64
8
38
30
72
52
68
82
104
76
16
10
16
6
34
32
4
16
132
124
152
224
240
224
174
228
226
230
150
134
138
144
122
90
112
148
172
248
210
132
84
120
126
180
248
254
270
242
262
246
280
232
250
256
232
232
240
298
330
410
440
442
386
426
450
412
450
464
544
526
520
514
512
570
620
568
576
524
468
488
518
510
500
502
498
498
494
472
482
478
422
426
494
466
500
490
520
542
548
542
534
592
612
656
596
640
638
644
658
636
632
624
580
568
622
600
596
592
584
618
636
644
702
682
670
642
670
700
686
670
688
696
646
666
644
598
582
566
576
534
504
476
536
484
522
456
474
444
394
410
426
458
444
488
458
486
462
394
362
350
362
302
282
280
324
298
308
318
356
370
348
374
388
380
392
488
480
516
530
588
622
628
648
630
670
656
600
562
614
658
634
686
690
718
744
736
748
700
652
666
628
634
640
656
638
690
672
670
650
630
598
564
574
518
424
412
398
422
382
322
278
298
322
260
276
260
252
234
198
232
280
280
334
376
360
386
328
306
300
306
312
298
342
340
286
280
282
236
236
260
284
252
252
256
260
274
302
290
310
308
296
300
262
270
276
232
238
272
166
140
168
170
182
210
180
162
142
154
168
208
212
156
186
184
142
190
160
210
162
192
218
222
246
316
314
306
290
304
332
386
394
382
374
394
416
476
442
450
454
466
486
466
458
460
510
442
462
444
456
356
312
342
324
326
332
324
318
224
196
192
198
216
248
194
264
276
304
296
282
302
288
326
304
236
224
228
248
220
218
200
246
178
182
162
142
170
172
218
172
180
224
212
212
182
228
212
186
112
128
110
44
58
70
72
60
86
16
78
84
62
50
110
114
108
88
32
82
96
66
42
34
32
0
26
20
4
12
2
14
56
14
24
30
16
40
44
74
78
22
66
62
54
60
104
108
108
54
104
148
154
164
148
96
78
78
118
56
6
20
16
12
8
12
4
82
124
108
106
52
16
0
24
58
34
52
14
36
26
30
34
24
12
38
6
66
54
50
22
10
44
32
42
30
62
86
94
58
84
64
58
64
102
66
56
14
42
46
54
84
68
84
90
52
92
26
54
26
58
114
140
114
130
134
130
156
130
126
94
66
20
54
14
32
22
14
62
92
128
144
142
134
124
60
90
100
144
148
104
108
110
84
44
20
14
8
44
16
14
26
56
30
66
124
52
76
72
48
18
66
20
22
120
106
100
78
108
110
144
156
148
136
158
214
216
240
214
240
208
180
206
154
144
152
140
158
112
134
78
88
120
56
82
142
98
100
66
62
102
170
126
126
142
146
172
270
340
346
288
266
268
218
250
258
304
312
340
320
238
252
232
284
340
328
318
258
308
372
330
276
266
332
334
312
306
348
396
428
428
394
384
426
492
482
468
432
436
432
392
432
452
472
504
490
470
466
496
454
486
474
514
514
474
482
480
528
540
564
576
562
592
586
564
596
586
606
574
580
554
604
592
576
580
586
672
684
694
626
634
644
626
594
582
616
614
588
582
522
516
516
560
510
522
524
550
528
522
472
472
466
480
504
458
408
432
402
440
458
414
354
374
424
434
396
394
404
404
412
422
402
398
398
366
390
384
398
446
448
394
412
422
354
350
404
396
376
316
330
304
334
318
330
384
400
384
392
362
328
344
384
372
386
380
420
460
436
390
380
398
440
450
438
438
470
488
402
342
358
334
336
344
344
398
404
380
404
378
334
340
364
376
304
286
310
312
292
282
306
254
268
292
240
182
214
212
234
244
270
320
332
280
280
284
292
274
324
292
292
294
272
254
216
214
264
252
232
258
228
278
300
246
204
168
158
128
116
72
86
100
144
150
106
176
220
228
292
266
320
334
368
372
402
400
366
398
366
364
380
320
360
302
336
280
278
342
304
324
294
244
248
220
252
312
298
300
246
246
152
114
94
114
96
102
112
142
122
130
114
84
52
114
112
104
118
190
252
222
250
242
222
234
208
176
164
152
198
196
180
170
176
180
182
262
272
238
252
218
228
204
154
166
224
180
178
162
152
104
120
96
108
114
138
124
118
34
24
46
40
80
68
62
86
114
64
130
132
102
44
90
122
138
148
124
132
108
168
126
60
92
138
166
186
140
170
162
164
68
182
154
108
98
164
162
182
152
162
144
174
120
128
98
106
22
18
68
60
66
18
30
46
74
88
102
60
24
26
4
58
96
104
166
126
126
120
166
70
0
8
4
14
48
8
28
6
54
86
168
206
204
202
188
160
108
112
72
102
94
90
84
98
70
34
12
16
0
32
26
30
44
118
132
112
156
212
242
236
198
202
204
262
256
298
282
290
304
314
242
244
246
170
220
190
194
138
118
106
96
142
142
156
176
182
186
220
220
260
314
266
306
314
330
360
364
378
330
312
320
318
266
268
320
344
318
296
272
272
280
308
282
318
314
366
356
372
328
336
352
340
314
338
410
392
368
368
380
344
320
364
348
306
286
276
264
216
228
286
216
260
252
232
270
300
314
282
308
300
290
332
330
376
422
482
456
468
448
446
458
488
514
462
402
404
400
458
474
478
520
468
418
426
390
364
414
386
426
466
486
458
492
526
544
528
510
484
506
512
488
404
430
434
444
446
416
458
442
446
460
472
512
514
498
468
444
458
370
376
384
436
430
470
460
480
440
450
444
384
344
370
364
376
384
422
406
384
392
422
404
380
382
382
384
374
376
368
324
308
344
298
326
330
296
300
320
370
340
338
366
432
456
498
554
592
600
624
610
610
632
662
660
658
672
660
666
678
632
600
574
536
548
498
516
542
504
496
522
492
522
560
530
538
512
474
474
430
438
444
476
516
484
444
470
470
496
516
504
522
502
516
538
516
526
552
558
584
530
504
556
550
582
584
580
536
530
530
510
542
508
508
492
516
530
526
530
498
492
506
466
500
494
504
500
526
560
528
550
566
510
490
528
514
494
458
472
506
484
454
458
500
456
464
530
526
508
554
520
498
504
566
570
552
536
470
446
460
496
518
526
508
522
554
544
502
474
380
332
318
306
334
336
330
368
346
392
424
386
376
430
430
410
438
438
402
418
398
358
378
368
402
408
442
388
388
382
392
404
384
362
338
360
394
408
414
394
404
410
428
398
406
464
466
480
468
472
440
438
418
410
434
460
480
486
494
496
512
534
554
550
496
456
494
464
424
408
394
352
356
420
396
384
400
402
420
402
352
374
318
318
240
180
188
244
202
290
298
264
210
232
268
266
226
200
208
220
266
284
324
322
326
304
300
298
282
222
184
178
166
160
154
154
182
118
48
36
58
70
122
128
132
74
74
48
62
106
114
132
80
60
66
112
106
104
94
116
120
106
98
130
94
100
116
64
62
26
36
70
50
60
64
14
8
28
44
66
122
84
68
96
120
176
188
176
182
74
64
16
66
98
160
118
126
120
112
110
56
46
42
24
32
12
36
62
108
86
110
146
128
96
64
116
136
162
124
116
134
124
162
188
178
214
228
300
306
268
272
316
354
290
284
318
334
350
280
274
284
212
150
192
166
172
120
174
208
260
266
228
288
314
302
292
308
316
338
322
390
364
280
260
242
246
186
164
128
116
152
180
186
178
196
196
192
136
146
220
204
218
150
138
230
226
248
248
278
270
232
318
300
260
276
288
342
366
314
292
334
324
364
368
322
296
310
278
294
298
312
294
328
360
298
282
268
272
266
216
222
268
244
214
206
166
94
158
132
118
168
146
128
94
148
150
206
196
150
126
180
182
230
230
204
210
218
172
158
160
122
144
112
144
118
134
124
158
156
150
46
14
32
36
30
92
60
62
54
16
34
66
4
6
58
22
26
76
112
118
86
94
126
110
96
112
76
130
140
112
136
152
126
116
130
58
72
20
4
2
18
26
90
88
26
48
78
56
92
92
92
138
132
84
62
34
22
16
44
52
122
136
154
84
88
106
194
150
74
82
110
138
148
130
234
272
282
286
286
292
302
254
260
222
218
284
292
268
