3448
3472
3418
3370
3360
3420
3434
3410
3446
3452
3454
3514
3538
3578
3580
3520
3450
3450
3458
3426
3460
3420
3450
3430
3450
3502
3490
3484
3476
3564
3542
3556
3530
3540
3506
3462
3436
3572
3530
3530
3450
3480
3454
3490
3488
3546
3526
3576
3602
3578
3538
3582
3638
3594
3572
3522
3580
3590
3606
3606
3600
3640
3616
3570
3540
3564
3620
3556
3496
3452
3474
3524
3486
3496
3502
3500
3574
3598
3572
3560
3550
3478
3516
3494
3468
3492
3500
3498
3466
3444
3446
3494
3522
3586
3576
3622
3546
3548
3548
3516
3504
3520
3516
3464
3456
3424
3408
3328
3360
3350
3364
3360
3334
3368
3344
3350
3374
3412
3422
3434
3408
3504
3508
3458
3462
3440
3468
3530
3506
3556
3606
3598
3558
3526
3518
3588
3592
3522
3518
3600
3596
3600
3566
3538
3548
3576
3556
3568
3466
3456
3446
3544
3526
3478
3504
3556
3574
3558
3518
3508
3386
3382
3418
3426
3412
3494
3536
3532
3494
3486
3446
3454
3340
3372
3282
3236
3280
3344
3360
3378
3396
3460
3562
3500
3494
3508
3430
3478
3458
3398
3408
3368
3370
3384
3406
3466
3504
3558
3590
3510
3538
3546
3490
3530
3532
3564
3586
3612
3572
3584
3596
3528
3490
3480
3500
3572
3550
3486
3498
3472
3526
3502
3558
3626
3618
3674
3600
3592
3532
3490
3528
3578
3536
3550
3602
3552
3540
3590
3548
3602
3572
3552
3606
3564
3544
3530
3496
3548
3468
3510
3478
3488
3502
3504
3524
3534
3482
3442
3454
3480
3544
3550
3572
3588
3592
3652
3596
3588
3594
3642
3614
3622
3508
3600
3562
3576
3524
3540
3606
3638
3622
3652
3692
3688
3682
3688
3602
3526
3532
3530
3522
3522
3484
3498
3420
3456
3452
3380
3392
3414
3420
3452
3400
3392
3416
3410
3458
3482
3518
3564
3592
3586
3606
3530
3608
3514
3544
3562
3538
3518
3608
3606
3600
3552
3498
3464
3494
3544
3512
3520
3474
3484
3492
3450
3374
3426
3374
3438
3534
3556
3516
3518
3466
3454
3456
3366
3390
3420
3416
3410
3378
3446
3478
3438
3444
3402
3454
3444
3412
3440
3428
3404
3350
3400
3524
3482
3472
3468
3456
3442
3472
3364
3404
3408
3354
3380
3374
3412
3456
3434
3460
3442
3476
3438
3438
3442
3450
3404
3448
3402
3448
3448
3452
3462
3454
3452
3442
3426
3438
3430
3490
3460
3418
3418
3370
3326
3316
3302
3330
3400
3304
3266
3216
3116
3124
3162
3160
3174
3182
3222
3240
3296
3258
3296
3244
3282
3278
3278
3224
3296
3300
3260
3240
3226
3098
3192
3200
3190
3176
3198
3200
3222
3234
3148
3140
3124
3174
3156
3212
3178
3222
3276
3252
3294
3274
3250
3264
3302
3284
3304
3258
3214
3174
3156
3084
3196
3198
3196
3174
3180
3096
3200
3158
3186
3190
3262
3216
3194
3146
3158
3256
3198
3266
3246
3306
3258
3352
3312
3292
3282
3284
3254
3226
3238
3216
3266
3252
3278
3300
3270
3262
3250
3338
3308
3304
3222
3186
3262
3244
3248
3270
3308
3302
3310
3314
3410
3318
3330
3410
3428
3508
3502
3428
3412
3446
3370
3336
3396
3416
3422
3340
3284
3330
3412
3358
3354
3356
3420
3386
3356
3378
3376
3400
3366
3374
3416
3452
3422
3394
3420
3348
3406
3350
3366
3410
3470
3474
3442
3384
3442
3450
3528
3550
3540
3538
3500
3514
3460
3410
3416
3448
3444
3452
3480
3500
3542
3546
3506
3530
3510
3518
3494
3458
3504
3424
3448
3472
3450
3496
3544
3554
3520
3480
3414
3392
3426
3406
3362
3364
3380
3432
3424
3422
3448
3464
3422
3448
3402
3420
3434
3422
3472
3478
3450
3490
3464
3424
3386
3460
3540
3600
3552
3568
3598
3578
3554
3522
3526
3484
3406
3404
3330
3338
3380
3388
3330
3334
3380
3370
3520
3498
3534
3548
3550
3562
3566
3576
3574
3592
3650
3612
3536
3530
3520
3572
3560
3588
3556
3584
3586
3614
3602
3594
3590
3586
3618
3666
3686
3636
3628
3562
3518
3538
3576
3520
3544
3466
3528
3474
3436
3458
3454
3440
3382
3356
3396
3290
3358
3388
3416
3466
3498
3494
3494
3460
3520
3502
3514
3484
3442
3494
3522
3512
3582
3584
3624
3568
3576
3574
3600
3516
3446
3456
3478
3434
3398
3426
3434
3452
3442
3454
3440
3430
3442
3436
3474
3546
3448
3418
3478
3436
3290
3374
3372
3376
3434
3452
3396
3404
3350
3366
3308
3284
3308
3264
3290
3332
3304
3334
3302
3286
3276
3282
3286
3322
3320
3298
3306
3330
3366
3394
3428
3426
3334
3388
3368
3398
3398
3322
3368
3376
3348
3324
3334
3336
3396
3362
3362
3358
3432
3464
3540
3450
3478
3416
3496
3526
3484
3452
3438
3450
3474
3434
3492
3528
3530
3550
3546
3478
3496
3500
3498
3474
3466
3464
3436
3432
3448
3492
3446
3478
3432
3374
3374
3382
3392
3438
3442
3438
3444
3438
3484
3388
3356
3352
3388
3462
3494
3482
3550
3542
3502
3550
3560
3616
3670
3674
3664
3626
3610
3600
3594
3610
3528
3590
3508
3590
3582
3568
3544
3524
3534
3530
3526
3496
3512
3426
3444
3416
3518
3508
3550
3530
3528
3470
3440
3478
3466
3484
3456
3446
3448
3480
3478
3534
3502
3512
3490
3478
3516
3458
3524
3558
3596
3618
3702
3648
3704
3700
3602
3612
3632
3568
3540
3518
3572
3510
3498
3476
3448
3486
3500
3558
3570
3570
3518
3546
3548
3580
3572
3574
3518
3516
3478
3464
3526
3578
3574
3560
3592
3544
3550
3482
3390
3466
3544
3538
3524
3542
3484
3580
3540
3512
3506
3520
3438
3446
3470
3456
3474
3496
3558
3582
3534
3516
3552
3568
3606
3620
3576
3612
3616
3580
3590
3558
3500
3516
3558
3616
3622
3632
3656
3620
3690
3690
3632
3652
3610
3552
3584
3514
3536
3504
3568
3522
3532
3546
3522
3526
3558
3526
3504
3526
3582
3640
3570
3566
3594
3610
3570
3534
3490
3570
3566
3556
3564
3572
3566
3544
3530
3598
3516
3472
3488
3510
3474
3422
3406
3472
3474
3526
3550
3592
3584
3668
3642
3602
3618
3664
3676
3640
3608
3612
3620
3670
3672
3628
3576
3580
3630
3626
3644
3590
3592
3576
3616
3602
3582
3564
3552
3578
3534
3592
3596
3612
3616
3582
3584
3608
3610
3586
3664
3622
3538
3598
3606
3562
3518
3532
3476
3530
3420
3434
3470
3470
3446
3424
3418
3416
3444
3502
3508
3600
3594
3568
3552
3566
3536
3450
3500
3500
3516
3544
3496
3478
3522
3486
3454
3456
3398
3456
3424
3414
3404
3318
3336
3410
3418
3414
3402
3454
3476
3474
3522
3554
3596
3550
3594
3508
3442
3514
3490
3468
3400
3446
3420
3434
3384
3324
3340
3348
3292
3334
3350
3300
3292
3282
3220
3300
3336
3338
3332
3304
3288
3372
3368
3384
3402
3362
3284
3174
3242
3296
3270
3296
3368
3330
3306
3420
3416
3450
3450
3488
3442
3466
3444
3440
3406
3410
3358
3314
3286
3332
3358
3276
3240
3210
3216
3246
3292
3306
3438
3516
3446
3486
3540
3504
3514
3514
3466
3442
3424
3388
3330
3346
3370
3340
3346
3340
3306
3312
3332
3298
3260
3218
3262
3308
3282
3238
3312
3406
3380
3390
3346
3322
3368
3372
3322
3312
3338
3318
3370
3322
3330
3376
3422
3478
3414
3482
3414
3360
3304
3400
3392
3374
3432
3512
3594
3608
3548
3608
3572
3542
3474
3428
3490
3496
3570
3518
3498
3506
3512
3530
3540
3440
3480
3492
3424
3320
3336
3334
3346
3240
3250
3304
3330
3338
3406
3382
3408
3468
3464
3486
3522
3478
3506
3432
3390
3386
3392
3414
3490
3504
3470
3390
3336
3320
3392
3396
3396
3452
3514
3512
3572
3598
3548
3628
3578
3556
3554
3586
3508
3536
3558
3626
3626
3610
3598
3478
3480
3478
3466
3502
3514
3490
3456
3484
3508
3464
3530
3432
3440
3448
3440
3406
3370
3352
3298
3354
3414
3446
3458
3406
3492
3438
3492
3496
3508
3494
3524
3532
3554
3572
3576
3598
3568
3676
3676
3654
3634
3596
3596
3574
3554
3556
3580
3530
3578
3598
3544
3564
3516
3498
3498
3462
3444
3374
3476
3480
3508
3570
3554
3564
3544
3556
3536
3602
3540
3566
3582
3542
3572
3604
3590
3554
3572
3582
3594
3564
3568
3444
3374
3438
3478
3472
3438
3420
3392
3384
3358
3376
3436
3362
3402
3364
3324
3402
3472
3460
3340
3318
3332
3290
3340
3328
3342
3378
3418
3442
3512
3514
3472
3442
3454
3526
3502
3500
3544
3490
3508
3502
3558
3524
3492
3504
3484
3424
3382
3428
3434
3510
3464
3520
3490
3450
3490
3526
3502
3464
3490
3504
3502
3552
3484
3516
3488
3554
3552
3530
3498
3528
3502
3584
3580
3648
3624
3666
3640
3672
3640
3580
3596
3586
3592
3544
3520
3420
3474
3466
3444
3500
3502
3450
3452
3406
3448
3420
3426
3438
3404
3352
3392
3432
3444
3440
3396
3460
3444
3520
3490
3544
3482
3412
3430
3412
3444
3460
3464
3508
3540
3538
3536
3538
3538
3550
3538
3562
3502
3540
3574
3572
3546
3566
3582
3554
3500
3486
3512
3514
3550
3520
3576
3614
3640
3694
3648
3654
3598
3614
3608
3614
3558
3542
3518
3510
3512
3508
3474
3542
3552
3598
3644
3684
3720
3734
3676
3668
3658
3736
3674
3614
3640
3678
3642
3634
3614
3572
3560
3556
3514
3454
3388
3368
3414
3338
3302
3362
3356
3362
3378
3414
3462
3414
3418
3454
3450
3482
3466
3524
3498
3450
3470
3530
3490
3526
3504
3490
3536
3560
3490
3518
3560
3584
3590
3534
3494
3488
3468
3354
3342
3348
3292
3252
3270
3348
3276
3296
3442
3302
3382
3372
3410
3346
3412
3382
3300
3264
3262
3270
3274
3222
3218
3268
3336
3332
3336
3370
3492
3432
3390
3386
3362
3258
3262
3228
3200
3224
3198
3180
3092
3110
3108
3118
3222
3202
3186
3198
3154
3142
3166
3266
3256
3248
3284
3300
3306
3226
3232
3296
3308
3260
3250
3258
3246
3250
3250
3266
3214
3158
3162
3160
3240
3198
3144
3100
3128
3084
3164
3150
3188
3114
3070
3132
3144
3190
3226
3316
3276
3346
3268
3360
3350
3278
3302
3210
3244
3170
3200
3226
3212
3310
3272
3264
3266
3284
3244
3328
3280
3278
3264
3296
3280
3292
3312
3302
3404
3364
3332
3328
3336
3324
3300
3296
3358
3352
3296
3402
3382
3398
3442
3418
3406
3528
3552
3582
3578
3552
3522
3592
3598
3642
3554
3510
3474
3492
3490
3538
3494
3522
3540
3472
3474
3488
3510
3526
3536
3542
3562
3584
3568
3568
3558
3602
3602
3570
3564
3576
3546
3494
3448
3406
3466
3490
3572
3564
3576
3552
3534
3540
3600
3568
3560
3532
3586
3600
3658
3584
3578
3560
3604
3534
3580
3578
3482
3542
3530
3582
3568
3636
3650
3624
3646
3688
3666
3676
3718
3666
3702
3600
3578
3596
3626
3580
3528
3476
3594
3586
3598
3568
3528
3602
3514
3444
3504
3522
3500
3492
3520
3520
3562
3598
3538
3574
3498
3532
3500
3450
3488
3502
3512
3528
3558
3532
3520
3514
3524
3572
3512
3568
3520
3454
3524
3510
3502
3490
3396
3466
3466
3458
3358
3386
3444
3470
3454
3480
3468
3484
3506
3550
3546
3508
3494
3496
3494
3530
3580
3616
3616
3612
3566
3520
3588
3586
3518
3416
3400
3348
3344
3404
3408
3444
3428
3442
3514
3444
3444
3474
3496
3504
3542
3564
3572
3578
3532
3512
3532
3484
3518
3546
3590
3580
3588
3644
3602
3610
3632
3646
3666
3654
3576
3596
3582
3608
3588
3596
3532
3552
3642
3564
3570
3584
3578
3598
3602
3606
3592
3604
3572
3594
3604
3600
3608
3564
3548
3546
3566
3604
3558
3552
3520
3526
3498
3500
3522
3478
3486
3504
3476
3518
3536
3538
3552
3524
3478
3496
3504
3484
3522
3602
3552
3520
3540
3578
3544
3540
3552
3534
3540
3576
3538
3546
3630
3608
3672
3690
3696
3686
3674
3650
3656
3536
3600
3646
3606
3578
3544
3624
3612
3596
3616
