714
636
710
738
716
800
782
778
718
578
474
556
532
608
676
592
572
520
482
468
458
450
302
398
496
442
436
350
304
302
290
294
274
338
374
386
336
408
338
246
352
370
334
334
330
168
70
156
150
170
268
328
338
292
340
462
410
296
270
314
378
382
376
266
216
232
310
408
372
490
414
294
290
310
244
124
148
162
70
8
52
156
128
172
290
348
380
386
368
480
482
466
584
632
682
688
660
734
816
794
772
768
700
720
794
764
816
812
796
792
728
744
808
796
878
890
854
886
754
802
830
706
700
712
668
764
852
848
812
878
892
788
898
932
1094
1136
1202
1276
1202
1346
1414
1496
1628
1682
1652
1588
1622
1596
1690
1724
1750
1810
1858
1868
1832
1738
1756
1660
1606
1506
1570
1596
1652
1616
1582
1628
1604
1590
1562
1688
1766
1686
1698
1646
1806
1788
1816
1752
1766
1624
1534
1524
1538
1558
1640
1504
1476
1414
1388
1424
1470
1510
1470
1490
1518
1536
1624
1512
1528
1532
1642
1738
1720
1774
1768
1778
1590
1598
1480
1574
1576
1472
1540
1596
1434
1510
1476
1478
1522
1534
1568
1580
1598
1696
1722
1740
1734
1618
1656
1598
1576
1646
1658
1762
1704
1686
1634
1698
1680
1664
1666
1616
1688
1694
1654
1676
1852
1778
1796
1780
1836
1774
1738
1674
1760
1700
1662
1606
1708
1816
1792
1762
1734
1624
1752
1766
1588
1680
1700
1694
1716
1690
1570
1696
1740
1760
1744
1724
1800
1762
1644
1720
1740
1704
1780
1806
1730
1770
1830
1898
1912
1952
1868
1836
1884
1846
1872
1956
2032
2056
1946
1906
1982
1964
1976
1972
1954
1938
1884
1876
1820
1896
1790
1722
1690
1716
1828
1974
1816
1860
1990
1968
1880
1774
1778
1680
1624
1596
1624
1664
1676
1780
1754
1686
1664
1672
1718
1710
1732
1736
1810
1836
1810
1760
1744
1764
1658
1686
1686
1580
1576
1598
1638
1646
1690
1776
1726
1728
1714
1684
1786
1880
1870
1808
1890
1884
1944
1982
1972
2086
2012
1970
2040
1964
1922
1904
1870
1842
1776
1770
1774
1768
1882
1802
1748
1652
1670
1696
1702
1774
1796
1792
1724
1786
1734
1604
1678
1602
1656
1580
1634
1572
1514
1464
1502
1588
1570
1610
1586
1608
1636
1576
1596
1562
1500
1492
1380
1328
1406
1372
1360
1254
1312
1306
1316
1300
1370
1394
1466
1422
1476
1426
1468
1352
1328
1274
1166
1198
1272
1326
1326
1228
1260
1234
1238
1286
1330
1344
1324
1210
1198
1154
1174
1048
1094
1134
1154
1184
1164
1080
1086
1198
1214
1158
1220
1102
1020
1024
940
846
796
766
842
814
794
744
758
738
872
908
876
736
750
618
630
564
518
552
586
572
588
598
640
620
590
646
712
742
702
680
652
648
646
674
600
586
578
542
520
508
392
450
426
398
356
380
294
278
374
404
392
310
280
294
378
368
476
444
432
424
454
376
412
516
494
444
508
458
432
380
402
458
386
418
464
526
534
630
594
606
666
726
646
638
602
620
674
784
658
690
722
698
610
656
604
592
650
604
670
702
682
652
594
434
272
240
216
150
262
222
288
258
354
336
400
488
652
660
726
664
666
550
528
574
506
556
592
552
588
494
568
592
608
566
524
490
486
530
414
420
326
292
190
154
98
118
186
248
236
156
146
154
50
2
2
34
72
110
30
100
8
144
280
96
40
214
46
76
72
72
82
178
52
16
38
58
20
24
40
72
170
196
90
170
216
208
128
52
96
80
2
34
100
112
198
266
242
226
240
244
282
244
288
320
354
320
294
276
298
264
156
196
204
266
248
274
266
220
224
108
62
170
78
124
104
28
52
60
56
96
172
254
236
122
132
38
0
110
20
60
76
54
50
138
258
242
362
432
472
394
266
360
262
238
196
204
286
212
302
206
132
208
314
230
298
214
68
82
44
34
2
22
30
30
182
150
126
66
138
46
68
120
114
18
114
124
140
146
244
186
196
152
176
114
80
58
26
50
48
2
54
4
62
36
18
118
114
158
128
68
158
214
220
204
146
248
178
134
66
52
52
34
22
128
104
90
76
86
110
24
136
122
38
50
68
30
74
116
164
156
146
104
46
52
56
36
86
46
18
94
32
48
106
124
198
190
252
298
182
64
78
56
88
88
54
2
30
40
86
70
58
22
8
22
12
14
30
12
32
144
208
334
348
236
228
254
228
208
190
234
322
238
258
278
276
286
134
64
8
6
122
160
138
246
216
214
228
124
78
90
98
146
2
8
144
216
156
242
220
232
292
386
484
478
576
546
500
598
580
658
722
724
620
508
590
614
484
642
542
488
492
508
632
686
696
696
664
616
516
538
572
600
496
394
518
478
426
456
270
326
276
328
348
454
456
390
456
546
596
440
514
398
430
560
556
566
458
428
452
430
372
446
528
644
730
678
678
798
768
842
968
1000
1022
1026
974
950
1122
1146
1102
1068
1020
862
880
876
824
866
844
942
920
1024
986
1028
1004
906
1004
1110
1242
1074
938
884
850
796
798
822
796
764
818
858
848
890
796
818
938
870
832
874
988
984
1106
1120
1060
1026
1076
1096
978
990
924
930
882
918
828
740
836
842
828
644
634
622
540
440
494
294
330
232
286
306
298
382
414
426
434
442
600
574
418
310
372
344
230
158
174
158
178
124
146
210
310
352
342
330
290
294
266
274
236
194
242
310
250
370
404
410
424
436
578
682
558
616
552
456
424
416
612
622
570
630
568
674
678
574
644
600
644
754
796
742
652
628
664
814
798
790
734
806
856
862
846
726
686
684
664
708
710
744
724
708
628
630
662
728
676
684
578
510
446
534
510
534
452
500
514
516
572
576
574
536
538
626
614
710
604
584
610
644
626
606
570
572
596
600
594
598
656
610
634
718
858
828
958
852
826
776
804
792
848
842
792
910
892
886
902
826
756
650
570
568
698
710
582
662
714
724
770
838
830
880
962
942
1022
906
906
902
848
898
848
770
868
844
772
688
698
688
580
536
598
452
456
474
566
758
694
700
730
702
750
646
640
580
654
584
576
590
548
584
594
586
522
574
590
560
600
618
558
404
400
364
428
450
520
476
460
560
484
686
698
604
726
800
784
790
574
474
524
436
518
588
670
658
704
762
814
662
720
818
936
732
698
686
690
616
600
638
764
768
758
702
628
552
604
622
658
612
624
598
622
682
626
604
582
480
400
424
364
254
310
358
378
380
366
338
290
392
322
372
504
398
360
388
332
380
456
370
348
330
182
150
54
58
4
44
18
54
24
58
66
42
8
10
110
112
218
154
198
216
254
230
274
288
282
252
328
302
346
302
292
260
296
232
104
68
52
96
210
210
112
86
46
104
32
88
98
220
250
228
124
126
208
208
258
242
146
136
74
106
76
138
212
216
130
98
110
110
120
244
134
128
216
252
400
342
468
458
564
570
606
584
594
590
496
540
548
558
506
518
408
378
382
320
346
436
426
382
460
514
576
534
418
430
586
624
554
576
632
676
708
664
712
804
896
842
788
828
840
906
792
742
754
828
920
856
936
1026
956
994
918
942
978
1080
1074
868
964
974
1028
1030
1088
1106
1136
1064
1054
1024
1054
1114
1040
1192
1170
1162
1292
1236
1270
1304
1304
1308
1218
1192
1246
1290
1360
1262
1296
1268
1288
1212
1138
990
982
922
934
932
1056
1158
1150
1106
1176
1164
1094
1056
1068
1048
972
972
1082
1138
1174
1114
1098
1168
1216
1226
1196
1276
1294
1340
1364
1280
1204
1072
1030
1096
1144
1214
1124
1040
1034
912
816
808
780
830
750
832
732
748
764
696
680
744
774
722
822
770
646
676
706
758
860
912
1000
948
984
830
932
984
982
1032
990
996
1060
1050
1008
964
944
922
1022
962
934
862
810
878
862
840
854
860
890
998
1066
1008
1152
1112
1170
1216
1192
1126
1014
998
1048
1036
1090
1100
1036
922
940
880
878
900
774
738
674
640
576
550
604
682
612
586
498
516
380
344
374
434
380
474
528
638
640
666
750
784
910
956
862
866
838
804
726
724
678
732
824
972
1010
1000
992
1056
1040
964
968
900
938
936
944
980
942
976
870
886
818
974
1070
1054
1050
1222
1208
1334
1356
1282
1110
1002
996
982
1016
968
882
928
796
828
750
596
620
606
630
584
544
528
554
534
590
560
596
592
498
518
442
506
436
420
352
270
266
286
314
384
294
328
346
304
248
250
252
398
368
348
252
242
304
306
342
308
254
340
276
368
336
342
286
220
362
430
416
306
344
350
400
426
490
470
392
416
366
516
516
480
404
440
476
554
548
538
602
610
516
526
526
508
694
850
886
716
644
734
790
832
868
866
854
960
1044
1000
874
932
924
920
948
860
864
872
1022
944
872
786
754
734
628
566
568
676
572
554
562
574
556
600
500
450
458
470
446
472
474
432
536
564
606
576
536
462
472
516
440
386
382
470
540
408
384
444
486
438
434
486
560
610
634
738
776
668
548
588
616
628
494
536
632
594
508
384
410
546
610
690
668
626
654
620
576
542
548
496
502
486
416
440
488
624
630
684
692
668
626
544
642
582
502
616
572
440
394
452
452
462
482
530
402
418
402
306
308
228
298
240
138
120
94
208
122
80
10
12
36
88
6
114
252
342
386
448
468
500
576
630
634
700
548
536
488
416
468
424
268
322
428
422
532
628
698
768
738
746
732
774
792
746
828
930
988
974
898
870
898
1016
1046
1022
1006
992
900
918
884
888
892
910
854
852
946
970
914
942
912
1058
1100
1144
1120
1138
1250
1274
1264
1272
1268
1288
1360
1384
1330
1274
1190
1098
1126
1046
922
1044
980
1000
930
994
1024
1040
1018
1058
984
1028
1092
1062
1128
1154
1232
1188
1264
1362
1212
1282
1206
1112
1156
984
888
866
758
716
746
642
614
506
518
436
466
424
438
372
256
226
272
272
