7082
7144
7026
6954
6972
7016
6984
7010
7124
7098
7186
7246
7038
7094
7098
6984
6970
6994
6846
6900
6806
6814
6886
6926
6796
6852
6728
6742
6656
6780
6842
6868
6930
6952
6948
6886
6828
6816
6844
6752
6704
6778
6768
6774
6708
6738
6696
6638
6618
6594
6568
6590
6754
6776
6788
6724
6740
6800
6848
6862
6918
6958
6926
6806
6794
6740
6818
6970
7088
7050
7130
7114
7044
6990
7064
6934
6960
6934
6876
6902
6844
6808
6844
6722
6792
6652
6610
6622
6630
6644
6758
6764
6678
6754
6756
6866
6982
6930
6988
7094
7032
7064
6964
7046
7024
7010
6876
6882
6932
6890
6832
6882
6780
6726
6714
6770
6708
6686
6826
6954
7008
7128
7118
7084
7028
6964
7018
7064
7050
6944
6960
7110
7122
7076
6966
7106
6960
7052
7100
7112
7160
7044
7078
7072
7060
7166
7196
7156
7208
7196
7222
7224
7282
7348
7384
7470
7360
7286
7260
7230
7198
7228
7194
7312
7324
7218
7174
7094
7138
7096
7164
7110
7028
6978
6934
6934
6924
6888
6900
6864
6924
7002
7060
7074
7160
7208
7120
7018
7104
7070
7090
7082
7038
6986
6990
7088
7174
7036
6998
6974
6968
6836
6900
6882
6896
6960
6924
6966
6964
6868
6810
6880
6874
6806
6912
6986
6920
6848
6774
6714
6754
6842
6802
6750
6752
6782
6822
6840
6806
6768
6868
6816
6754
6834
6802
6848
6862
6746
6716
6694
6736
6752
6818
6754
6676
6648
6734
6718
6748
6750
6710
6622
6666
6748
6726
6664
6640
6674
6624
6478
6692
6686
6690
6792
6640
6708
6692
6668
6648
6704
6660
6776
6704
6766
6640
6526
6712
6806
6666
6610
6654
6702
6718
6646
6604
6544
6552
6744
6752
6732
6756
6852
6826
6880
6810
6794
6722
6830
6902
6884
6748
6790
6804
6786
6714
6582
6536
6486
6530
6370
6348
6332
6396
6454
6480
6510
6476
6464
6512
6496
6424
6550
6594
6714
6618
6558
6642
6552
6586
6634
6668
6720
6682
6726
6754
6768
6848
6814
6892
6978
6956
6888
6930
7006
7006
7022
7070
7100
7024
6944
7000
7026
7028
7088
7090
7164
7086
7134
7038
7052
7016
6960
6976
6910
6840
6928
6924
6916
6938
7084
7068
7020
7082
7082
7074
7140
7306
7362
7344
7284
7308
7378
7336
7386
7196
7280
7204
7150
7322
7348
7264
7198
7260
7350
7340
7424
7352
7406
7290
7232
7186
7076
7212
7282
7388
7268
7386
7342
7262
7250
7152
7072
7150
7196
7184
7166
7100
7138
7126
7198
7232
7170
7236
7370
7448
7484
7546
7444
7516
7434
7466
7438
7420
7452
7568
7480
7504
7440
7392
7366
7262
7342
7312
7326
7278
7240
7382
7274
7314
7352
7272
7248
7274
7332
7318
7264
7144
7208
7228
7154
7158
7232
7172
7252
7174
7258
7242
7220
7272
7298
7268
7358
7260
7226
7212
7198
7284
7198
7120
7134
7178
7206
7256
7268
7150
7106
7214
7220
7130
7140
7144
7128
7130
7232
7152
7258
7324
7272
7208
7206
7166
7116
7260
7368
7430
7286
7140
7088
6998
6978
6954
7086
7018
6810
6916
7088
7132
7118
7114
7110
7070
7116
7124
7160
7138
7218
7198
7176
7254
7218
7280
7304
7300
7196
7136
7098
7162
7210
7338
7364
7420
7308
7362
7282
7366
7348
7388
7356
7416
7470
7522
7498
7506
7488
7582
7690
7790
7800
7790
7706
7722
7630
7494
7424
7430
7476
7514
7572
7406
7354
7414
7568
7534
7554
7554
7612
7592
7696
7794
7748
7730
7704
7730
7656
7544
7614
7576
7538
7414
7308
7370
7398
7344
7342
7360
7316
7428
7516
7518
7516
7572
7486
7540
7644
7718
7678
7718
7684
7652
7626
7612
7672
7622
7554
7644
7566
7498
7486
7492
7574
7452
7370
7378
7366
7336
7334
7356
7256
7298
7246
7254
7212
7164
7162
7130
7126
7176
7236
7274
7334
7276
7418
7262
7172
7138
6978
6976
7084
7200
7306
7314
7240
7310
7248
7322
7356
7254
7362
7220
7264
7252
7220
7162
7124
7056
7044
7018
7114
7108
7102
7180
7216
7136
7106
7216
7166
7198
7184
7156
7276
7332
7340
7308
7236
7214
7216
7230
7302
7378
7230
7188
7142
7256
7178
7100
7084
7118
7142
7260
7246
7146
7170
7198
7270
7278
7190
7212
7276
7350
7216
7320
7308
7310
7386
7450
7398
7398
7456
7404
7480
7458
7560
7584
7644
7614
7550
7572
7530
7496
7400
7408
7482
7436
7394
7416
7402
7382
7322
7274
7266
7396
7238
7310
7226
7098
7080
7124
7230
7234
7188
7176
7158
7178
7062
7102
7226
7170
7164
7220
7294
7260
7228
7136
7228
7100
7102
7144
7120
7128
7220
7264
7300
7384
7390
7448
7420
7458
7434
7458
7462
7422
7282
7202
7200
7052
7018
6970
7058
7112
7148
6956
6946
7176
7214
7234
7382
7530
7536
7450
7414
7444
7374
7462
7528
7480
7478
7486
7424
7388
7310
7164
7118
7320
7308
7432
7328
7292
7416
7450
7490
7566
7482
7560
7554
7712
7660
7682
7590
7540
7564
7538
7466
7404
7432
7390
7478
7434
7282
7232
7212
7438
7432
7584
7684
7600
7578
7610
7518
7594
7578
7442
7456
7390
7368
7350
7452
7384
7434
7486
7406
7374
7346
7378
7236
7176
7280
7242
7172
7176
7124
7098
7168
7222
7244
7276
7206
7272
7308
7260
7250
7314
7376
7388
7350
7400
7388
7402
7286
7274
7284
7330
7248
7254
7190
7112
7150
7236
7244
7228
7206
7074
7066
7068
7094
7006
6986
7046
6832
6684
6812
6942
6930
7102
7070
7068
7160
7086
7184
7174
7108
7208
7190
7026
7022
7168
7154
7110
6994
7074
7214
7238
7212
7112
7050
7048
7128
7140
7106
7196
7198
7184
7148
7090
7170
7172
7216
7300
7228
7148
7282
7212
7208
7152
7042
7144
7276
7186
7154
7272
7328
7318
7232
7190
7172
7224
7280
7314
7246
7228
7264
7238
7252
7194
7190
7118
7104
7262
7200
7132
7132
7116
7084
7030
7164
7048
6954
6874
6958
6868
7016
7062
7170
7380
7368
7340
7382
7314
7280
7300
7268
7278
7098
7172
7168
7306
7288
7282
7404
7362
7396
7462
7430
7410
7462
7486
7334
7268
7306
7280
7318
7264
7292
7252
7252
7416
7368
7350
7342
7434
7356
7320
7342
7350
7308
7452
7512
7618
7604
7528
7610
7634
7620
7574
7428
7532
7554
7444
7334
7258
7450
7388
7354
7262
7364
7410
7382
7402
7384
7390
7408
7500
7486
7470
7410
7332
7264
7286
7206
7104
7052
6994
7080
7212
7108
7174
7096
7160
7286
7184
7234
7192
7206
7276
7194
7388
7428
7496
7534
7522
7502
7444
7450
7350
7380
7486
7500
7452
7350
7400
7434
7414
7462
7334
7284
7286
7398
7396
7468
7516
7426
7408
7416
7550
7456
7658
7646
7548
7576
7544
7546
7536
7518
7498
7460
7502
7470
7408
7526
7508
7452
7490
7504
7586
7486
7492
7468
7376
7370
7398
7402
7468
7420
7356
7406
7364
7430
7532
7592
7666
7638
7616
7616
7610
7534
7538
7454
7432
7512
7544
7554
7568
7468
7560
7534
7524
7536
7492
7468
7436
7602
7554
7618
7542
7562
7658
7622
7548
7480
7418
7336
7344
7372
7478
7428
7558
7650
7684
7760
7738
7738
7824
7812
7716
7602
7730
7742
7644
7664
7706
7648
7622
7636
7644
7588
7680
7682
7772
7692
7666
7530
7482
7576
7572
7534
7570
7662
7602
7616
7642
7578
7558
7602
7678
7734
7660
7490
7620
7524
7448
7480
7404
7358
7282
7378
7446
7376
7504
7566
7512
7460
7486
7436
7404
7504
7590
7482
7476
7368
7492
7456
7396
7416
7466
7384
7338
7334
7330
7318
7366
7404
7344
7298
7364
7372
7314
7374
7482
7418
7474
7430
7248
7114
7106
7196
7082
7148
7188
7118
7078
7028
6966
6934
7072
7130
7102
7136
7218
7262
7394
7448
7488
7562
7528
7528
7426
7412
7392
7270
7228
7318
7334
7380
7358
7338
7290
7186
7090
7068
7140
7078
7012
6970
7036
7108
7150
7044
7048
7132
7216
7108
7172
7246
7200
7318
7296
7244
7214
7178
7214
7162
7094
7122
7126
7012
6978
7130
7148
7156
7110
7106
7124
7174
7174
7182
7226
7300
7356
7360
7362
7400
7430
7332
7176
7352
7400
7442
7366
7444
7464
7460
7592
7572
7590
7570
7454
7442
7380
7286
7280
7352
7318
7228
7210
7150
7252
7316
7260
7452
7402
7544
7518
7498
7522
7504
7430
7414
7416
7406
7366
7372
7362
7368
7444
7328
7386
7426
7486
7448
7352
7344
7384
7412
7374
7440
7510
7382
7438
7440
7460
7506
7478
7476
7470
7500
7420
7326
7190
7128
7048
7086
7122
7076
7142
7126
7244
7280
7200
7168
7200
7186
7074
7178
7226
7102
6888
7046
7096
7120
7000
6926
7052
7022
6994
7044
6946
7016
7030
6988
6902
6908
6950
6962
6938
6918
6980
7018
6826
7042
7120
7194
7102
7064
7074
7104
7134
7054
7162
7112
7176
7070
7060
7126
7042
7116
7034
6982
6976
7040
7044
7052
7144
7222
7210
7212
7168
7440
7436
7558
7530
7654
7560
7506
7528
7550
7550
7496
7544
7484
7430
7442
7448
7354
7266
7156
7130
7202
7306
7210
7394
7398
7326
7262
7176
7186
7222
7256
7180
7186
7114
7104
7118
7088
7004
7010
7016
7028
7004
7038
6974
6882
7010
7078
7074
7198
7060
7012
7000
7090
7196
7168
7042
7106
7140
7108
7102
7046
7068
6934
7084
7108
7200
7112
7204
7200
7194
7118
7180
7230
7280
7208
7278
7256
7304
7298
7360
7380
7406
7442
7462
7358
7298
7240
7294
7346
7382
7472
7476
7450
7530
7504
7510
7602
7612
7648
7568
7628
7580
7578
7630
7514
7458
7622
7514
7626
7664
7510
7510
7500
7336
7366
7224
7248
7208
7220
7274
7336
7344
7282
7328
7404
7372
7370
7356
7304
7258
7128
7088
7074
6946
6958
6942
6896
6966
6912
6940
6932
6952
7044
7024
7100
7190
7344
7342
7400
7388
7344
7320
7354
7366
7374
7328
7274
7200
7262
7200
7186
7226
7384
7372
7480
7468
7394
7474
7482
7412
7398
7434
7470
7530
7532
7506
7498
7534
7488
7460
7380
7352
7334
7198
7164
7204
7178
7152
7210
7258
7162
7176
7130
7178
7250
7282
7240
7216
7236
7260
7260
7326
7326
7268
7252
7344
7390
7424
7272
7316
7268
7290
7330
7262
7192
7228
7294
7338
7424
7352
7240
7278
7262
7328
7354
7286
7254
7254
7200
7268
7236
7258
7302
7266
7256
7252
7256
7266
7180
7126
7176
7054
7012
6920
7012
6900
7044
7066
7112
7172
7134
7240
7298
7340
7416
7370
7314
7258
7098
7048
7020
7054
7162
7314
7290
7296
7134
7024
7096
7106
6972
7038
7036
7164
7228
7248
7220
7156
7136
7118
6994
7058
7078
7064
7096
7020
7028
7070
7150
7060
7050
7120
7232
7234
7338
7398
7410
7394
7398
7422
7552
7640
7680
7604
7796
7742
7708
7614
7606
7472
7556
7614
7594
7584
7632
7626
7630
7622
7594
7594
7564
7688
7658
7710
7546
7504
7472
7388
7292
7234
7250
7308
7268
7322
7338
7284
7346
7330
7254
7216
7190
7142
7136
7112
7234
7232
7150
7256
7228
7278
7316
7232
7276
7258
7186
7314
7364
7458
7480
7374
7340
7358
7296
7336
7396
7400
7406
7456
7500
7586
7526
7528
7472
7442
7550
7508
7510
7404
7480
7496
7416
7460
7436
7498
7426
7442
7430
7378
7342
7322
7270
7344
7418
7414
7568
7582
7562
7466
7440
7452
7526
7460
7508
7452
7456
7412
7360
7350
7198
7174
7144
7230
7184
7292
7290
7258
7208
7216
7122
7226
7248
7154
7132
7224
7142
7202
7148
7212
7116
7074
7170
7116
7138
7032
7006
7134
7184
7170
7114
7102
7140
7260
7150
7186
7286
7232
7224
7120
7190
7162
7154
7172
7232
7304
7234
7290
7240
7362
7254
7258
7184
7160
7176
7132
7266
7218
7304
7292
7166
7188
7198
7198
7254
7242
7270
7226
7406
7406
7280
7308
7386
7276
7330
7318
7284
7322
7454
7434
7422
7516
7494
7568
7544
7642
7634
7736
7758
7654
7594
7584
7496
7612
7662
7704
7708
7776
7792
7692
7680
7594
7628
7594
7564
7524
7500
