3092
3128
3142
3188
3194
3206
3196
3220
3102
3172
3280
3258
3214
3246
3284
3232
3210
3234
3290
3230
3210
3202
3234
3102
3028
3048
3100
3064
3070
3054
3050
2994
2974
3072
3068
3004
3046
2998
3006
3034
3056
3030
3098
3114
3170
3200
3246
3166
3116
3066
3028
3034
2992
3054
3042
3076
3084
3198
3258
3178
3104
3078
3046
2980
2938
2968
2996
3084
3014
3054
3122
3196
3196
3138
3064
3046
3006
3032
3020
3004
2990
3072
3048
3050
2992
3004
2870
2880
2838
2888
2866
2870
2820
2892
2882
2952
2996
3006
2998
2886
2878
2956
2976
2932
2878
2920
2910
2786
2808
2818
2748
2712
2684
2784
2792
2818
2854
2888
2880
2842
2814
2800
2886
2978
3010
3032
3092
3062
3000
3036
3030
3044
3058
3136
3178
3162
3256
3326
3306
3218
3194
3212
3174
3240
3168
3176
3184
3218
3250
3158
3218
3168
3158
3200
3186
3242
3188
3198
3230
3212
3316
3298
3242
3228
3232
3266
3294
3252
3202
3158
3164
3220
3184
3142
3170
3152
3136
3092
3070
3080
3048
3082
3072
3136
3070
3100
3042
3042
3072
3088
3134
3068
3108
3124
3226
3246
3312
3398
3440
3434
3418
3402
3410
3478
3438
3382
3388
3340
3360
3402
3332
3302
3272
3292
3276
3266
3392
3404
3428
3504
3496
3456
3334
3324
3410
3418
3412
3396
3404
3356
3338
3372
3402
3412
3438
3436
3452
3426
3382
3370
3370
3354
3412
3428
3428
3404
3456
3472
3396
3360
3338
3326
3440
3436
3386
3468
3486
3532
3524
3438
3446
3496
3500
3438
3440
3434
3386
3372
3360
3370
3302
3320
3266
3378
3356
3446
3402
3370
3316
3354
3318
3296
3322
3316
3310
3364
3344
3310
3272
3206
3196
3192
3246
3266
3222
3244
3298
3274
3276
3306
3268
3324
3310
3280
3278
3204
3262
3232
3248
3228
3188
3222
3210
3212
3230
3260
3282
3326
3340
3328
3350
3324
3340
3446
3420
3430
3390
3382
3300
3276
3288
3384
3426
3418
3434
3408
3410
3376
3352
3408
3388
3394
3366
3418
3424
3420
3458
3402
3386
3372
3386
3442
3458
3390
3414
3500
3536
3486
3438
3468
3486
3468
3456
3438
3436
3396
3404
3384
3366
3378
3418
3492
3434
3408
3378
3378
3394
3448
3456
3530
3556
3534
3516
3468
3442
3446
3452
3408
3346
3378
3382
3492
3454
3434
3468
3486
3500
3544
3478
3484
3472
3360
3382
3362
3282
3328
3360
3356
3400
3400
3456
3516
3512
3536
3470
3478
3446
3418
3416
3406
3400
3302
3270
3294
3322
3316
3316
3316
3240
3208
3256
3272
3318
3362
3356
3372
3280
3346
3334
3344
3334
3368
3362
3374
3398
3416
3474
3430
3450
3412
3440
3428
3428
3392
3312
3328
3370
3384
3422
3386
3298
3310
3260
3246
3180
3112
3130
3074
3162
3098
3144
3168
3156
3196
3172
3218
3222
3300
3334
3288
3336
3358
3306
3336
3400
3482
3496
3488
3374
3342
3370
3400
3390
3418
3470
3496
3412
3424
3464
3420
3332
3338
3280
3270
3262
3284
3340
3310
3314
3226
3256
3282
3318
3334
3336
3254
3200
3216
3272
3250
3360
3356
3324
3338
3310
3334
3356
3360
3310
3308
3374
3310
3324
3294
3358
3364
3414
3502
3474
3402
3448
3406
3438
3418
3402
3466
3458
3420
3432
3402
3380
3446
3428
3464
3330
3318
3316
3328
3412
3486
3508
3424
3408
3410
3372
3350
3304
3286
3286
3328
3328
3332
3364
3460
3476
3438
3328
3328
3294
3310
3312
3266
3246
3276
3278
3216
3266
3320
3358
3350
3328
3290
3292
3358
3348
3370
3376
3246
3304
3302
3244
3306
3290
3326
3340
3382
3346
3356
3318
3302
3326
3324
3342
3396
3392
3454
3514
3524
3524
3484
3456
3434
3482
3454
3416
3442
3466
3438
3422
3480
3430
3366
3372
3334
3404
3420
3368
3318
3282
3270
3290
3286
3306
3346
3370
3404
3456
3356
3366
3330
3324
3312
3350
3356
3298
3230
3226
3124
3166
3148
3204
3244
3314
3272
3298
3228
3232
3204
3136
3134
3082
3138
3116
3182
3216
3180
3128
3128
3154
3200
3202
3200
3114
3126
3196
3164
3218
3164
3102
3082
2988
2994
2936
2906
2926
2964
2946
2956
2926
2854
2880
2924
2884
2888
2986
2990
2992
2968
3016
2976
2930
2912
2950
2972
3072
3054
2972
3024
3092
3128
3154
3096
3112
3196
3200
3216
3252
3242
3288
3334
3302
3258
3218
3268
3260
3254
3218
3260
3206
3224
3144
3108
3106
3148
3142
3108
3124
3136
3152
3124
3058
3042
3046
3074
3108
3128
3190
3204
3240
3174
3160
3054
3060
3086
2980
3064
3102
3128
3078
3108
3172
3186
3166
3108
3106
3038
2948
2910
2896
2926
3006
3046
2992
3022
2984
3056
3030
3064
3070
2958
2900
3008
3034
3094
3128
3134
3086
3056
3056
3074
3028
2982
2940
2946
3014
2976
2982
2980
2962
3042
2980
3072
3076
3164
3158
3128
3124
3118
3096
3058
3118
3160
3196
3230
3258
3250
3284
3232
3254
3310
3290
3318
3396
3402
3314
3354
3364
3322
3346
3366
3348
3322
3332
3326
3374
3406
3404
3320
3272
3262
3248
3332
3306
3256
3290
3328
3322
3312
3298
3352
3394
3420
3366
3378
3400
3402
3352
3404
3408
3444
3554
3494
3538
3550
3526
3506
3548
3576
3602
3548
3590
3580
3574
3552
3540
3510
3470
3436
3446
3376
3314
3298
3346
3370
3348
3352
3300
3370
3406
3420
3344
3388
3378
3332
3354
3414
3386
3414
3344
3314
3394
3446
3508
3496
3490
3532
3576
3490
3438
3398
3382
3344
3348
3348
3318
3266
3222
3172
3204
3192
3214
3296
3328
3332
3304
3322
3348
3324
3312
3328
3344
3318
3310
3262
3342
3394
3372
3338
3282
3324
3314
3360
3376
3376
3428
3344
3426
3404
3370
3348
3380
3400
3384
3350
3286
3304
3308
3294
3374
3370
3444
3400
3394
3414
3462
3482
3520
3490
3482
3462
3470
3384
3346
3312
3288
3254
3284
3306
3348
3380
3376
3368
3416
3338
3354
3228
3248
3264
3274
3254
3214
3238
3302
3288
3232
3284
3320
3300
3280
3366
3380
3332
3366
3308
3306
3354
3344
3414
3412
3316
3420
3428
3422
3454
3398
3404
3452
3452
3420
3298
3270
3286
3316
3346
3376
3384
3428
3490
3382
3358
3364
3322
3332
3246
3220
3272
3294
3372
3272
3310
3292
3316
3302
3308
3250
3220
3156
3134
3148
3132
3176
3172
3098
3130
3154
3180
3214
3238
3280
3284
3218
3226
3296
3204
3240
3258
3164
3234
3246
3176
3130
3152
3160
3126
3128
3128
3202
3170
3096
3186
3140
3114
3186
3118
3122
3214
3228
3208
3214
3200
3152
3194
3260
3252
3322
3448
3450
3480
3470
3448
3412
3420
3370
3334
3350
3304
3320
3362
3358
3296
3328
3318
3386
3338
3182
3118
3070
3164
3156
3146
3162
3210
3196
3226
3288
3282
3278
3238
3288
3194
3196
3176
3176
3200
3282
3296
3298
3242
3224
3264
3272
3170
3134
3186
3242
3290
3342
3290
3228
3164
3204
3166
3156
3136
3214
3172
3202
3214
3236
3282
3102
3102
3122
3084
3146
3186
3174
3136
3222
3148
3194
3154
3140
3128
3164
3146
3132
3048
3112
3122
3076
3108
3056
2962
3062
3104
3148
3116
3136
3074
3104
3020
3040
3100
3160
3200
3188
3118
3052
3048
3048
3066
3072
3130
3132
3168
3228
3248
3296
3262
3324
3378
3402
3358
3312
3328
3320
3394
3346
3264
3250
3258
3320
3406
3442
3418
3488
3462
3402
3404
3370
3274
3284
3288
3392
3368
3424
3438
3470
3378
3406
3442
3472
3502
3488
3462
3434
3358
3364
3414
3370
3388
3302
3320
3268
3324
3302
3294
3276
3230
3238
3262
3312
3290
3234
3176
3224
3118
3114
3052
3112
3148
3186
3248
3278
3296
3272
3354
3372
3354
3332
3278
3304
3286
3266
3204
3262
3286
3204
3244
3262
3290
3328
3408
3420
3370
3380
3354
3376
3362
3238
3238
3176
3130
3076
3132
3074
3056
3008
3006
3002
2918
2970
2934
2958
2886
2930
2982
3112
3164
3268
3218
3182
3194
3262
3272
3308
3312
3254
3260
3322
3344
3314
3342
3258
3244
3200
3126
3214
3246
3170
3160
3224
3196
3226
3260
3318
3386
3354
3306
3296
3322
3280
3348
3398
3472
3454
3390
3372
3320
3392
3420
3412
3486
3440
3486
3476
3510
3418
3374
3348
3294
3316
3322
3338
3336
3372
3396
3416
3298
3318
3386
3404
3370
3384
3262
3298
3296
3408
3438
3372
3394
3458
3522
3520
3574
3524
3484
3520
3528
3472
3524
3416
3398
3412
3320
3316
3296
3302
3264
3256
3244
3186
3182
3242
3286
3264
3244
3290
3234
3290
3360
3348
3358
3394
3364
3396
3378
3382
3372
3316
3390
3402
3368
3424
3368
3432
3446
3484
3482
3468
3452
3432
3414
3464
3414
3428
3344
3412
3406
3442
3366
3384
3404
3440
3456
3462
3494
3468
3450
3378
3350
3390
3314
3228
3308
3312
3310
3332
3338
3290
3340
3310
3278
3350
3282
3308
3234
3228
3138
3176
3238
3164
3162
3182
3194
3140
3228
3184
3248
3290
3298
3276
3254
3278
3298
3352
3224
3198
3210
3332
3288
3282
3324
3292
3266
3244
3232
3204
3188
3140
3150
3150
3164
3152
3116
3138
3150
3062
3036
3118
3228
3166
3142
3136
3106
3204
3148
3134
3188
3224
3218
3272
3340
3378
3444
3490
3518
3468
3486
3444
3450
3508
3528
3494
3496
3500
3476
3434
3464
3422
3424
3440
3484
3414
3440
3436
3382
3416
3406
3348
3360
3328
3460
3422
3414
3292
3272
3276
3300
3344
3382
3344
3242
3282
3326
3330
3318
3362
3362
3406
3446
3438
3418
3492
3480
3528
3536
3478
3414
3478
3444
3470
3510
3472
3496
3434
3448
3396
3368
3302
3380
3370
3282
3252
3288
3178
3228
3162
3174
3266
3210
3296
3312
3324
3292
3328
3406
3422
3422
3396
3496
3492
3436
3456
3422
3478
3428
3390
3410
3364
3336
3342
3350
3416
3370
3426
3444
3416
3380
3380
3358
3384
3422
3326
3302
3416
3430
3374
3370
3434
3408
3442
3426
3366
3392
3388
3436
3362
3322
3380
3394
3360
3294
3268
3212
3234
3240
3268
3358
3362
3320
3266
3214
3254
3278
3232
3262
3240
3242
3298
3350
3380
3392
3378
3324
3178
3198
3158
3168
3214
3266
3298
3324
3302
3294
3368
3350
3332
3326
3390
3442
3426
3428
3428
3368
3254
3208
3230
3198
3286
3280
3288
3302
3330
3334
3320
3226
3358
3308
3242
3236
3216
3338
3358
3326
3372
3382
3382
3296
3304
3272
3280
3284
3272
3264
3396
3318
3328
3354
3388
3404
3424
3450
3378
3426
3464
3506
3422
3406
3374
3404
3360
3330
3304
3358
3418
3424
3442
3372
3360
3342
3282
3302
3332
3260
3256
3310
3290
3338
3230
3244
3190
3192
3184
3196
3236
3268
3296
3296
3290
3292
3306
3222
3304
3322
3254
3146
3144
3132
3082
3076
3064
3020
3032
3098
3140
3156
3132
3162
3118
3130
3144
3168
3250
3300
3204
3248
3238
3240
3274
3284
3300
3310
3298
3344
3344
3298
3292
3308
3264
3260
3282
3320
3330
3430
3412
3448
3420
3454
3434
3346
3330
3240
3284
3262
3206
3218
3222
3254
3250
3256
3338
3292
3260
3244
3218
3132
3114
3154
3152
3176
3214
3178
3216
3272
3232
3234
3262
3210
3228
3178
3212
3280
3308
3232
3194
3252
3286
3324
3378
3404
3368
3486
3498
3486
3448
3404
3426
3430
3370
3328
3308
3320
3252
3378
3466
3506
3456
3418
3356
3286
3204
3164
3146
3174
3174
3146
3140
3268
3300
3310
3218
3268
3300
3292
3274
3336
3298
3248
3200
3148
3100
3098
3218
3322
3248
3234
3176
3166
3148
3184
3254
3148
3268
3324
3234
3364
3384
3370
3342
3388
3294
3302
3322
3350
3394
3414
3378
3426
3440
3484
3510
3518
3508
3528
3444
3392
3382
3374
3390
3440
3398
3356
3376
3378
3410
3392
3420
3434
3368
3432
3448
3344
3398
3412
3376
3354
3348
3432
3476
3484
3506
3538
3544
3542
3496
3488
3494
3570
3554
3604
3532
3544
3540
3542
3500
3464
3464
3430
