3192
3238
3198
3152
3152
3220
3202
3156
3194
3262
3242
3238
3276
3344
3402
3430
3344
3332
3314
3336
3342
3318
3246
3206
3250
3254
3284
3290
3270
3202
3260
3232
3304
3238
3242
3222
3222
3172
3212
3136
3176
3058
3042
3090
3092
3092
3132
3220
3274
3240
3278
3294
3268
3298
3268
3208
3274
3248
3240
3278
3330
3390
3416
3420
3450
3424
3378
3432
3422
3512
3458
3420
3416
3396
3336
3332
3244
3270
3288
3232
3308
3328
3310
3368
3394
3350
3328
3378
3328
3338
3358
3330
3292
3292
3296
3324
3318
3262
3236
3330
3286
3234
3224
3188
3234
3194
3208
3226
3310
3368
3408
3328
3240
3200
3204
3084
3080
3136
3230
3278
3262
3280
3272
3218
3226
3288
3292
3318
3294
3344
3344
3340
3280
3322
3398
3400
3348
3286
3424
3432
3444
3406
3420
3402
3388
3414
3432
3394
3444
3446
3386
3400
3372
3434
3356
3374
3440
3438
3474
3440
3446
3550
3474
3466
3370
3364
3362
3338
3356
3384
3430
3408
3388
3454
3550
3446
3506
3576
3612
3556
3568
3586
3496
3518
3542
3530
3438
3330
3308
3218
3292
3308
3278
3348
3350
3314
3292
3308
3234
3262
3326
3282
3238
3244
3226
3272
3226
3242
3214
3110
3138
3066
3072
3170
3208
3236
3228
3198
3222
3244
3216
3214
3208
3226
3204
3254
3194
3214
3230
3224
3226
3218
3144
3156
3246
3244
3194
3218
3280
3294
3288
3326
3264
3288
3308
3288
3228
3254
3238
3314
3364
3284
3222
3178
3306
3256
3228
3318
3324
3372
3366
3316
3328
3340
3358
3302
3292
3278
3282
3250
3292
3240
3312
3328
3252
3216
3256
3214
3218
3276
3304
3290
3330
3312
3286
3244
3250
3236
3222
3212
3188
3196
3200
3140
3200
3188
3182
3136
3136
3134
3116
3138
3144
3058
3132
3078
3116
3206
3190
3188
3202
3192
3212
3220
3164
3120
3128
3180
3248
3310
3336
3356
3324
3310
3264
3272
3320
3394
3406
3468
3440
3424
3408
3370
3350
3310
3330
3334
3362
3334
3338
3284
3248
3330
3374
3316
3352
3318
3360
3334
3380
3370
3340
3356
3392
3330
3312
3268
3228
3362
3412
3384
3392
3316
3272
3292
3256
3366
3366
3364
3330
3232
3328
3292
3342
3340
3398
3412
3352
3398
3362
3330
3368
3386
3330
3254
3228
3288
3312
3294
3242
3366
3408
3270
3268
3306
3322
3286
3262
3250
3194
3210
3232
3242
3252
3302
3242
3268
3280
3306
3316
3284
3262
3330
3360
3358
3374
3430
3508
3486
3460
3454
3360
3372
3364
3310
3228
3228
3274
3352
3372
3344
3400
3410
3452
3416
3438
3430
3444
3474
3470
3358
3338
3386
3438
3426
3402
3336
3314
3352
3238
3246
3208
3244
3296
3370
3298
3244
3274
3300
3274
3306
3306
3258
3198
3192
3312
3268
3258
3344
3354
3394
3406
3366
3340
3250
3242
3270
3308
3336
3256
3230
3306
3282
3282
3254
3202
3282
3280
3254
3362
3304
3328
3232
3172
3164
3148
3132
3096
3140
3162
3150
3174
3130
3176
3192
3142
3272
3294
3234
3256
3254
3298
3256
3212
3256
3268
3226
3194
3192
3150
3182
3138
3126
3146
3114
3172
3182
3054
3098
3054
3120
3178
3196
3250
3322
3366
3438
3366
3344
3326
3338
3346
3316
3378
3386
3428
3412
3412
3386
3360
3420
3354
3292
3248
3308
3250
3176
3126
3108
3070
3092
3102
3054
2956
3010
2998
3066
3142
3238
3272
3200
3174
3186
3122
3102
3054
3064
3154
3192
3194
3328
3298
3288
3218
3196
3206
3256
3248
3194
3156
3212
3182
3066
3078
3048
2994
3046
3132
3150
3068
3076
3032
3044
3018
3030
3040
3096
3000
2986
3116
3106
3104
2966
2928
2942
2904
2930
2892
2898
2944
3004
2924
3014
3018
2974
2994
3112
3078
3084
3112
3142
3088
3070
2940
2948
2920
3008
3008
3082
3110
3112
3168
3034
3008
2990
2982
3022
3100
3094
3096
3090
3096
3150
3118
3054
3094
3076
3056
3162
3188
3254
3332
3310
3338
3302
3314
3322
3342
3292
3266
3294
3272
3366
3316
3340
3286
3278
3272
3280
3244
3172
3060
3118
3080
3008
2982
3068
3152
3136
3186
3150
3216
3148
3190
3138
3290
3276
3262
3344
3370
3390
3350
3352
3372
3384
3438
3426
3460
3436
3374
3366
3270
3214
3150
3122
3098
3086
3082
3114
3156
3170
3200
3226
3254
3248
3228
3270
3276
3314
3358
3398
3380
3372
3336
3304
3326
3284
3364
3324
3290
3302
3314
3334
3340
3346
3370
3370
3322
3296
3284
3266
3258
3354
3440
3496
3416
3374
3314
3288
3368
3316
3402
3442
3402
3424
3432
3386
3328
3330
3258
3228
3278
3330
3364
3364
3334
3354
3268
3244
3204
3246
3216
3214
3214
3108
3094
3080
3068
3056
3196
3222
3194
3082
3130
3080
3048
3118
3174
3166
3196
3186
3192
3210
3194
3138
3094
2970
2960
2900
2972
3094
3080
3078
3070
3134
3206
3216
3160
3182
3138
3164
3116
3102
3136
3088
3024
3014
2978
3082
3098
3120
3134
3058
2990
2964
2974
2956
2960
2982
2900
2954
2992
2976
3008
2920
3030
3074
3106
3122
3120
3174
3298
3224
3178
3146
3174
3194
3206
3178
3112
3114
3230
3220
3210
3214
3228
3272
3262
3212
3244
3208
3186
3124
3142
3208
3226
3194
3276
3204
3188
3224
3168
3098
3068
3070
2998
3012
3086
3112
3100
3042
3066
3076
3162
3206
3274
3252
3180
3182
3164
3096
3138
3128
3148
3094
3140
3134
3134
3156
3168
3110
3160
3242
3206
3188
3176
3178
3206
3090
3054
3048
3120
3136
3198
3228
3188
3140
3066
3110
3138
3046
3072
3148
3202
3258
3276
3318
3246
3350
3336
3342
3346
3376
3250
3162
3176
3198
3202
3264
3262
3208
3136
3166
3152
3180
3198
3210
3260
3302
3348
3340
3280
3208
3196
3246
3260
3264
3232
3278
3316
3354
3334
3308
3334
3352
3418
3446
3396
3466
3410
3434
3374
3330
3340
3372
3350
3394
3358
3398
3372
3438
3422
3376
3348
3312
3294
3322
3222
3268
3240
3238
3208
3156
3154
3128
3102
3108
3154
3128
3066
3050
3052
3092
3088
3210
3108
3162
3218
3162
3176
3194
3192
3214
3190
3174
3088
3072
3066
3094
3124
3072
3068
2986
2956
3020
2964
2972
2922
2952
3004
3108
3166
3118
3018
3000
3078
3046
3126
3162
3156
3224
3192
3278
3338
3382
3304
3310
3338
3380
3406
3358
3322
3310
3302
3234
3260
3290
3300
3284
3282
3332
3284
3318
3340
3318
3278
3320
3406
3392
3416
3376
3318
3362
3384
3388
3464
3420
3336
3332
3404
3412
3332
3338
3362
3346
3322
3374
3304
3320
3252
3242
3144
3162
3190
3202
3190
3174
3216
3198
3208
3238
3224
3290
3330
3410
3382
3342
3306
3382
3328
3264
3238
3152
3158
3172
3132
3160
3138
3074
3006
3080
3230
3248
3254
3330
3386
3370
3314
3258
3286
3268
3220
3212
3096
3156
3204
3170
3238
3270
3248
3152
3062
3040
2986
3070
3150
3162
3106
3134
3120
3140
3074
3056
3064
3030
3030
3144
3106
3062
3128
3088
3128
3122
3148
3042
3110
3190
3106
3168
3082
3114
3114
3054
3088
3128
3142
3090
3082
3022
3196
3196
3264
3276
3294
3314
3330
3340
3406
3422
3340
3368
3426
3408
3430
3390
3348
3312
3354
3374
3294
3268
3346
3364
3416
3346
3260
3220
3226
3232
3200
3202
3212
3210
3228
3262
3226
3228
3250
3152
3224
3254
3254
3250
3328
3268
3240
3324
3352
3380
3444
3526
3504
3426
3390
3380
3374
3380
3348
3448
3526
3522
3620
3646
3570
3598
3550
3506
3446
3494
3510
3440
3430
3482
3446
3442
3476
3390
3410
3476
3458
3498
3434
3444
3352
3410
3412
3390
3342
3304
3240
3264
3220
3240
3328
3322
3322
3314
3246
3276
3260
3190
3200
3196
3204
3214
3186
3106
3100
3114
3170
3208
3214
3166
3210
3232
3264
3280
3258
3332
3330
3370
3404
3386
3394
3364
3372
3372
3390
3328
3316
3316
3316
3336
3302
3268
3250
3274
3220
3252
3270
3258
3224
3352
3296
3394
3388
3354
3316
3234
3204
3220
3290
3322
3352
3336
3444
3390
3324
3240
3218
3188
3276
3254
3308
3258
3218
3194
3136
3176
3186
3234
3220
3294
3248
3364
3370
3446
3448
3356
3344
3314
3356
3362
3212
3194
3200
3230
3206
3220
3232
3240
3316
3260
3276
3304
3304
3328
3316
3304
3204
3212
3196
3320
3308
3254
3254
3322
3336
3350
3332
3278
3314
3218
3252
3322
3284
3316
3320
3336
3306
3272
3306
3230
3196
3180
3074
3022
3074
3100
2994
3074
3046
3084
3010
2988
2940
2950
2992
3046
3032
3036
3082
3120
3144
3192
3132
3098
3022
3060
3044
3056
3148
3160
3114
3118
3150
3122
3132
3038
3056
3048
3004
2926
2890
2894
2888
2914
2902
2928
2900
2936
2988
2976
3026
3054
3060
3072
3154
3138
3184
3138
3148
3208
3248
3262
3190
3184
3186
3260
3246
3280
3216
3242
3254
3246
3234
3196
3136
3076
3098
3026
2972
3036
3042
2996
3098
3158
3206
3216
3162
3118
3252
3220
3270
3190
3210
3228
3212
3254
3234
3204
3300
3242
3266
3226
3198
3212
3164
3166
3110
3146
3144
3068
3042
3036
3048
3042
3066
3074
3046
3036
3078
3126
3152
3192
3222
3204
3134
3128
3094
3138
3174
3146
3104
3096
3136
3062
3104
3132
3164
3174
3272
3322
3368
3292
3228
3218
3126
3120
3172
3218
3198
3068
3106
3086
3068
3116
3062
3016
3068
3100
3096
3236
3134
3088
2986
2998
3008
2984
2980
3038
3118
3184
3164
3250
3336
3310
3368
3356
3406
3372
3322
3348
3358
3348
3302
3258
3252
3226
3260
3222
3196
3130
3134
3116
3086
3098
3138
3186
3174
3286
3238
3164
3216
3172
3154
3158
3066
3120
3116
3106
3090
3150
3204
3160
3094
3098
3142
3192
3158
3188
3182
3160
3216
3268
3240
3302
3208
3284
3274
3236
3306
3308
3416
3430
3418
3406
3364
3348
3402
3386
3406
3310
3326
3300
3244
3288
3326
3290
3344
3372
3318
3338
3436
3484
3468
3500
3538
3532
3504
3468
3438
3420
3328
3340
3396
3520
3544
3524
3456
3438
3420
3392
3318
3378
3454
3434
3422
3440
3350
3330
3370
3300
3232
3230
3302
3348
3298
3314
3326
3390
3372
3362
3342
3384
3384
3402
3446
3468
3408
3344
3358
3408
3398
3422
3480
3518
3496
3460
3510
3512
3460
3558
3498
3484
3472
3390
3424
3384
3364
3342
3314
3320
3300
3398
3394
3440
3368
3424
3460
3420
3414
3444
3476
3520
3584
3556
3542
3568
3504
3528
3460
3404
3454
3456
3442
3494
3516
3450
3454
3376
3380
3334
3340
3322
3286
3300
3402
3462
3426
3416
3360
3338
3308
3316
3344
3388
3434
3428
3416
3474
3398
3426
3390
3336
3326
3316
3330
3354
3312
3328
3348
3290
3400
3378
3428
3360
3306
3254
3196
3218
3234
3150
3140
3124
3128
3146
3136
3152
3144
3126
3090
3110
3082
3080
3120
3148
3264
3104
3162
3266
3228
3196
3264
3308
3304
3296
3290
3304
3308
3342
3284
3308
3292
3296
3386
3364
3360
3390
3412
3426
3380
3304
3316
3310
3334
3290
3286
3248
3316
3238
3290
3192
3158
3170
3154
3100
3108
3136
3146
3204
3240
3290
3292
3338
3386
3410
3422
3408
3418
3434
3448
3544
3526
3552
3412
3434
3336
3322
3364
3346
3312
3252
3262
3300
3296
3202
3192
3274
3358
3330
3310
3330
3306
3276
3256
3230
3202
3130
3104
3128
3108
3102
3084
3042
3042
3032
3034
3022
3136
3176
3148
3112
3080
3080
3076
3044
2988
3036
3006
3000
2916
3008
3052
3008
2956
2876
2912
2894
2994
2992
2928
2936
2908
2938
2992
2926
2930
2928
2986
2938
2992
2966
2954
3016
2988
2974
3012
2918
2864
2836
2776
2818
2868
2930
2948
2870
2870
2946
2978
2950
2910
2884
2868
2858
2908
3046
3126
3058
3072
3056
3030
2970
2938
2998
3026
2984
2916
2888
2930
2910
2874
2956
2976
2976
2916
2906
2888
2902
2804
2902
2880
2812
2860
2878
3016
3106
3134
3068
