722
708
706
746
718
676
674
676
690
646
658
652
664
634
646
624
686
700
706
720
668
650
686
712
716
750
732
720
692
684
682
676
656
628
630
674
690
688
692
706
670
710
698
668
638
660
688
638
674
688
674
696
776
798
796
806
842
858
868
842
848
834
794
794
828
836
852
858
838
836
834
752
766
804
794
804
824
816
832
844
838
850
836
812
794
772
748
756
772
802
782
778
752
770
752
740
736
720
680
672
650
596
632
634
660
684
694
648
626
660
644
676
630
602
592
634
640
670
680
726
704
672
640
640
624
572
550
576
532
522
532
608
600
614
632
638
650
674
658
674
680
714
736
736
744
782
798
746
742
760
770
780
798
790
778
776
826
832
862
866
842
848
846
842
806
838
860
858
836
828
814
816
800
764
764
798
832
844
822
824
840
848
860
862
836
880
860
862
826
800
804
842
828
862
828
818
778
764
742
752
772
726
734
776
756
758
732
742
696
706
712
722
784
788
822
848
820
828
828
842
804
808
820
866
898
876
872
872
858
860
852
836
832
886
868
896
880
882
910
916
910
878
850
826
836
844
834
790
790
826
816
814
836
816
814
812
866
878
860
858
860
836
802
784
750
736
702
690
712
698
712
738
772
714
750
762
790
764
756
710
772
748
760
756
750
746
758
798
816
822
798
802
760
806
830
782
798
808
772
766
778
788
818
842
842
798
766
750
772
788
780
770
682
706
708
674
676
688
662
666
690
722
730
702
692
754
802
804
814
816
822
828
800
782
784
776
786
770
804
784
720
714
694
706
734
716
698
692
710
766
794
814
776
738
708
688
654
640
628
618
636
670
666
638
658
616
624
644
630
600
632
706
702
696
714
666
706
684
726
722
688
680
666
642
674
656
668
656
678
652
616
628
618
600
650
622
644
666
712
676
658
634
662
634
664
676
632
666
714
704
670
656
700
736
704
634
644
616
588
608
638
658
704
728
702
722
696
698
702
700
660
666
632
634
682
704
694
710
722
692
680
708
744
768
790
770
742
726
728
738
732
770
762
752
754
770
730
726
718
704
666
666
654
604
658
702
708
730
718
700
734
744
752
764
770
794
782
758
740
758
804
782
780
780
772
776
726
750
732
724
722
728
714
762
738
784
810
836
812
794
794
768
832
826
786
800
798
774
770
752
748
794
812
824
850
860
864
840
816
830
812
836
818
800
796
788
800
814
816
830
844
808
810
818
820
848
856
782
760
792
784
788
760
734
766
810
806
806
808
780
776
758
734
766
774
784
784
808
838
806
768
792
814
850
854
846
820
816
796
826
800
762
750
738
750
728
734
722
704
738
718
678
630
650
650
690
698
726
728
706
742
714
720
708
660
638
664
632
628
652
654
698
686
678
642
664
694
710
676
626
616
614
608
608
642
648
670
746
734
718
698
670
698
710
724
708
660
636
670
642
682
668
648
644
666
642
690
706
714
722
716
740
730
742
762
758
778
760
744
748
768
784
786
804
798
798
792
800
834
856
872
850
882
892
910
892
900
878
864
872
846
828
818
854
872
828
834
834
852
860
866
870
840
844
808
862
848
824
818
858
852
846
842
844
858
836
778
786
788
744
738
724
740
704
738
762
718
718
680
710
694
768
770
724
724
754
760
782
790
818
804
822
828
828
820
772
744
692
714
736
770
752
790
850
836
840
788
828
786
816
840
832
826
806
800
792
834
816
830
842
810
844
846
858
840
838
834
836
860
894
880
906
926
880
900
920
858
838
810
806
804
838
870
868
870
868
892
840
862
854
824
856
870
854
804
830
850
850
866
830
832
866
850
836
844
840
836
816
870
892
904
902
918
892
892
874
808
810
828
798
774
772
770
782
814
786
764
768
762
738
774
766
744
712
694
656
706
730
710
744
694
678
688
676
680
660
670
724
726
722
744
756
798
778
730
712
724
720
750
786
812
812
788
826
848
838
860
804
806
806
800
770
794
804
772
744
670
680
716
740
748
752
764
792
792
794
778
764
734
754
764
746
734
770
782
746
718
762
788
786
796
808
772
738
700
650
650
616
608
572
596
586
576
546
524
524
564
606
568
580
560
568
558
580
568
570
526
498
478
420
386
396
418
448
440
436
470
460
476
454
480
464
438
444
464
492
462
462
470
436
406
426
432
412
436
478
482
538
562
560
576
582
536
584
642
636
652
686
696
730
674
700
728
724
720
700
702
728
758
758
764
760
744
756
782
762
742
770
756
746
728
712
678
668
588
550
570
560
486
490
526
516
518
538
560
562
570
570
584
620
582
588
626
580
592
576
606
618
616
588
574
568
522
504
504
528
542
530
522
536
476
478
498
544
520
530
566
544
532
546
600
670
632
654
636
644
692
750
734
688
708
724
724
744
774
748
768
764
798
810
852
874
858
838
810
834
810
774
744
748
774
752
716
692
668
634
692
690
688
690
702
720
744
746
732
718
710
726
682
662
672
694
686
652
698
712
678
652
642
678
662
688
686
698
656
726
768
778
736
764
746
776
754
692
704
720
648
618
586
578
542
508
534
502
482
446
466
512
594
610
602
578
542
526
542
546
532
506
504
498
474
492
516
520
506
486
532
526
520
526
488
534
584
548
542
534
508
526
586
550
542
550
586
640
616
630
636
666
662
646
662
650
658
660
712
702
746
742
718
724
718
734
740
770
744
716
702
686
642
652
704
724
700
728
718
700
734
800
866
850
858
880
834
822
810
814
778
764
778
798
814
812
828
826
856
862
842
836
816
784
832
858
880
886
912
888
878
854
826
846
820
800
832
816
820
832
814
812
814
778
788
820
788
818
854
816
766
794
842
822
824
810
780
786
800
810
818
834
800
788
806
836
848
812
756
756
762
790
822
800
800
796
780
742
750
706
722
700
712
684
666
654
640
638
626
610
646
616
620
618
576
590
560
540
520
504
460
514
492
474
528
560
506
522
528
532
550
514
544
484
490
492
524
548
510
470
478
540
568
568
580
572
578
530
526
560
520
510
568
510
548
548
562
638
684
724
752
730
728
704
694
688
696
686
720
746
698
758
788
830
810
778
766
820
844
824
824
758
768
716
758
718
694
712
710
718
710
666
686
696
722
718
702
706
742
746
780
752
744
738
702
682
712
742
692
686
718
718
718
702
678
686
718
718
714
702
668
678
704
708
740
766
758
746
700
724
724
678
680
696
710
754
752
772
786
782
772
766
742
720
754
752
740
700
690
750
732
698
748
724
720
744
786
820
802
766
750
768
786
758
792
814
806
796
848
848
884
862
830
808
800
782
762
674
690
710
704
694
736
734
768
786
826
808
848
860
840
830
838
832
832
826
810
824
802
854
832
836
816
822
786
820
804
836
816
834
808
820
794
814
810
796
760
782
810
852
822
836
840
844
838
812
830
848
788
770
788
786
792
802
802
828
842
862
834
832
854
840
822
840
816
786
802
792
796
760
736
760
770
776
778
750
748
754
742
718
708
766
738
718
736
778
788
790
796
792
788
790
766
750
744
768
760
734
736
774
764
796
786
802
792
760
762
780
788
738
732
686
674
684
674
696
700
688
700
686
664
674
740
740
750
680
660
708
710
698
712
734
732
790
784
796
772
762
782
770
752
794
776
734
746
730
746
762
738
752
738
710
700
718
736
718
742
698
668
676
644
626
632
656
642
676
620
652
660
656
666
648
656
646
648
658
708
704
726
748
756
806
782
768
762
744
732
706
696
734
776
788
790
778
748
764
810
792
736
770
824
806
778
760
716
706
726
720
724
732
758
750
752
746
760
770
770
816
824
780
726
716
680
712
728
754
770
782
804
784
732
730
690
720
720
788
764
772
754
752
744
718
702
720
736
782
782
768
742
710
680
712
692
628
630
610
608
632
636
646
688
692
672
680
676
720
696
722
714
754
696
690
692
648
682
690
718
746
754
778
796
774
782
774
730
756
768
772
786
768
742
688
720
738
734
750
738
750
780
732
696
676
694
710
694
654
678
714
716
680
624
650
682
678
684
722
694
732
702
754
746
776
740
748
750
778
692
652
624
658
676
624
646
648
630
658
714
724
708
718
710
764
766
760
744
748
716
724
726
710
726
726
716
692
718
788
742
714
712
712
696
738
728
742
744
750
718
726
724
714
760
728
708
684
706
704
758
774
772
814
838
832
848
864
858
868
840
838
852
840
818
828
846
830
836
822
802
786
748
762
768
804
808
774
760
770
792
782
792
802
830
794
810
792
800
830
822
834
816
796
808
814
846
850
770
792
780
808
796
792
804
794
806
838
822
828
792
752
750
754
754
734
726
706
702
734
736
744
668
702
692
696
674
718
716
706
690
666
678
734
740
756
796
760
788
776
740
778
784
768
752
746
736
750
754
686
678
706
648
688
628
572
558
590
602
620
632
638
642
594
588
592
570
572
562
582
600
596
616
630
622
590
542
574
600
572
568
516
488
500
472
464
466
472
520
486
532
492
456
424
394
356
368
404
440
396
404
350
392
394
342
354
362
376
384
344
340
322
362
406
418
400
402
384
410
420
444
516
422
448
456
484
486
506
