7264
7120
7104
7018
7080
6998
7084
7040
7156
7242
7348
7340
7400
7426
7404
7534
7532
7548
7610
7692
7666
7516
7574
7500
7564
7464
7598
7552
7500
7442
7532
7530
7532
7408
7376
7334
7354
7262
7256
7244
7074
7036
7122
7076
7118
7118
7154
7202
7196
7306
7356
7328
7264
7288
7360
7236
7332
7114
7236
7214
7226
7104
7090
7024
7050
6966
6880
6910
7104
6972
6882
6976
7094
7206
7156
7032
7148
7214
7220
7216
7126
7194
7240
7274
7242
7180
7130
7228
7250
7176
7216
7256
7206
7144
7182
7002
6966
7008
6998
6996
7072
7142
7176
7176
7112
7032
7008
7112
7026
7048
7176
7108
7086
7092
7206
7192
7336
7298
7270
7298
7312
7264
7162
7210
7232
7190
7118
7084
6974
6790
6736
6770
6740
6702
6696
6708
6692
6760
6798
6818
6778
6788
6740
6808
6862
6966
7012
7164
7082
6996
7008
6978
6904
7068
7100
7160
7196
7212
7202
7286
7326
7456
7372
7276
7274
7294
7310
7422
7424
7410
7462
7402
7416
7410
7348
7376
7356
7258
7288
7462
7408
7372
7312
7266
7198
7176
7222
7310
7350
7390
7488
7424
7418
7306
7242
7170
7194
7232
7268
7270
7256
7314
7236
7244
7274
7336
7426
7400
7410
7374
7416
7358
7390
7388
7424
7292
7244
7280
7192
7172
7182
7256
7392
7252
7322
7242
7356
7334
7282
7314
7286
7334
7262
7284
7256
7194
7318
7288
7232
7286
7364
7456
7446
7328
7238
7304
7352
7374
7494
7554
7544
7558
7622
7532
7470
7508
7396
7418
7412
7376
7432
7442
7472
7458
7448
7506
7490
7516
7414
7446
7432
7556
7420
7398
7440
7426
7388
7320
7400
7402
7406
7376
7460
7392
7426
7392
7300
7290
7206
7240
7256
7266
7376
7330
7460
7412
7298
7348
7278
7200
7220
7308
7314
7378
7434
7400
7320
7156
7156
7178
7066
7148
7154
7086
7104
7184
7296
7180
7294
7106
7054
7126
7146
7216
7252
7274
7328
7330
7354
7404
7266
7288
7212
7202
7144
7264
7346
7310
7346
7362
7314
7320
7276
7162
7112
7044
6992
7000
6916
7030
7008
7034
7012
7006
7042
7136
7152
6922
6980
7086
7002
6974
7020
7008
7104
6950
7008
7188
7064
7126
7136
7006
7144
7186
7214
7182
7176
7234
7168
7190
7126
7084
7038
7052
7154
7024
7130
7148
7154
7016
6938
7046
6986
7000
6960
6890
6886
6848
6812
6756
6802
6830
7000
6982
7062
6900
6972
6960
7088
7094
6998
7028
7010
7026
7002
7110
7126
7080
7076
6994
6974
6872
6894
6792
6706
6630
6486
6384
6380
6510
6476
6436
6454
6474
6566
6594
6738
6738
6740
6728
6744
6622
6708
6608
6618
6528
6670
6742
6780
6884
7032
7082
7182
7156
7052
7036
7072
7126
7058
7076
7152
7024
6988
7090
7000
7126
7242
7250
7172
7272
7316
7340
7350
7452
7460
7398
7364
7384
7442
7436
7434
7388
7312
7332
7366
7484
7406
7448
7394
7328
7334
7348
7380
7452
7356
7466
7408
7462
7440
7390
7410
7476
7482
7492
7456
7436
7466
7482
7450
7540
7584
7562
7616
7684
7692
7668
7574
7516
7504
7480
7384
7368
7342
7286
7192
7160
7174
7308
7272
7234
7308
7296
7374
7292
7356
7364
7454
7398
7244
7190
7200
7182
7160
7104
7188
7158
7164
7340
7314
7316
7346
7406
7466
7404
7484
7384
7430
7352
7386
7366
7352
7430
7454
7464
7276
7338
7464
7410
7230
7202
7078
7196
7200
7206
7276
7392
7398
7332
7346
7342
7300
7264
7372
7488
7334
7384
7246
7400
7350
7378
7276
7414
7484
7476
7490
7276
7352
7262
7260
7284
7250
7284
7360
7454
7312
7254
7232
7364
7354
7310
7194
7156
7042
7034
7080
7180
7152
7230
7158
7188
7268
7174
7162
7198
7358
7380
7336
7298
7306
7256
7236
7182
7254
7312
7216
7222
7158
7224
7222
7172
7290
7308
7462
7588
7500
7632
7620
7616
7672
7598
7598
7592
7520
7512
7476
7384
7448
7382
7326
7296
7470
7386
7296
7294
7384
7450
7382
7462
7478
7506
7358
7172
7256
7212
7288
7306
7242
7282
7138
7098
6990
6962
6978
7096
7038
7000
6952
6966
6912
6980
6910
6982
7020
6940
7006
7008
6924
7022
6880
6812
6766
6788
6784
6776
6748
6798
6876
6934
6962
6950
6928
6814
6794
6834
6764
6812
6798
6704
6814
6866
6812
6830
6914
6926
6784
6676
6816
6882
6976
6880
6956
6952
6986
6852
6854
6828
6946
6940
7070
7038
6974
6882
6880
6938
6948
6986
6998
7008
6994
6960
6986
7022
7102
7174
7216
7076
7058
6962
7126
7278
7186
7052
7040
7044
6944
6908
7010
7044
7098
7146
7056
7064
7152
6968
7118
7082
7222
7190
7176
7088
7048
7190
7252
7268
7296
7254
7422
7404
7406
7524
7566
7480
7542
7544
7442
7476
7328
7328
7474
7420
7474
7590
7548
7692
7606
7586
7610
7598
7558
7646
7670
7646
7600
7646
7540
7442
7506
7384
7472
7400
7302
7402
7406
7374
7308
7302
7266
7302
7362
7332
7212
7288
7240
7392
7372
7444
7448
7408
7370
7442
7596
7594
7590
7642
7458
7452
7536
7542
7538
7606
7552
7412
7332
7226
7316
7378
7378
7380
7212
7276
7402
7422
7468
7652
7654
7576
7504
7454
7384
7468
7448
7322
7356
7198
7212
7122
7154
7270
7194
7170
7270
7470
7530
7564
7398
7322
7288
7326
7324
7282
7318
7266
7212
7330
7392
7510
7460
7350
7248
7408
7446
7380
7274
7334
7226
7154
7170
7180
7200
7150
6990
7050
7036
6930
6866
6900
6908
7032
7046
7106
7250
7156
7154
7112
7034
7064
7022
7056
7078
7034
7138
7164
7058
7130
7172
7144
7150
7212
7282
7216
7134
7000
6990
7036
7166
7294
7300
7256
7266
7404
7362
7294
7324
7308
7258
7194
7176
7180
7154
7296
7368
7434
7442
7414
7296
7398
7310
7192
7216
7228
7288
7210
7300
7366
7352
7442
7498
7448
7308
7296
7252
7274
7236
7170
7140
7144
7154
6986
7112
7108
7010
7092
7092
7020
7054
7120
7054
6996
7150
7134
7082
7046
7068
7080
7034
7004
7090
7208
7152
7118
7158
7016
6986
7024
6984
7046
7052
6978
7098
7118
7088
7216
7210
7134
7244
7116
7120
7072
7052
7050
7062
7038
7148
7160
7084
7096
7038
7124
7260
7312
7362
7460
7412
7280
7318
7240
7210
7292
7140
7082
7020
6990
6982
7042
7158
7186
7210
7126
7086
6964
6928
6924
7014
7036
7000
6962
6974
6946
7010
7046
7090
7038
7058
6916
7114
7154
7156
7170
7058
7260
7210
7264
7274
7312
7422
7286
7280
7176
7070
7032
7096
7254
7236
7188
7082
7158
7162
7142
7116
7270
7260
7302
7200
7280
7316
7326
7344
7156
7214
7254
7270
7218
7196
7274
7228
7100
7192
7194
7180
7204
7190
7186
7144
7158
7226
7378
7326
7228
7180
7214
7262
7186
7046
7202
7288
7296
7286
6948
6864
6866
6942
6930
6904
6918
6840
6918
7018
7036
7072
7140
7194
7266
7282
7240
7170
7244
7206
7162
7316
7214
7208
7200
7154
7166
7110
7158
7190
7318
7296
7280
7274
7284
7186
7248
7242
7256
7362
7450
7364
7364
7426
7502
7584
7680
7578
7552
7598
7620
7580
7510
7566
7592
7584
7506
7514
7416
7532
7612
7462
7544
7496
7466
7426
7444
7434
7420
7398
7434
7494
7532
7496
7478
7524
7528
7602
7554
7598
7476
7442
7458
7452
7448
7350
7266
7328
7318
7330
7370
7386
7330
7220
7292
7440
7418
7484
7448
7398
7404
7338
7420
7392
7350
7426
7412
7420
7426
7364
7300
7432
7372
7310
7354
7242
7142
7122
7216
7314
7344
7390
7498
7382
7358
7376
7270
7252
7382
7408
7406
7320
7194
7276
7314
7242
7300
7344
7344
7322
7352
7268
7342
7346
7284
7270
7310
7190
7108
7214
7128
7016
7114
7230
7312
7316
7328
7254
7194
7196
7256
7300
7292
7290
7284
7398
7412
7342
7456
7490
7484
7578
7498
7472
7338
7324
7322
7342
7356
7376
7372
7346
7308
7262
7258
7284
7242
7340
7290
7074
7062
7104
7070
6998
7038
7040
6950
6942
7006
7060
7172
7214
7290
7202
7182
7120
7036
7218
7278
7220
7226
7196
7196
7202
7138
7080
7022
6994
7060
7132
7336
7320
7376
7362
7320
7368
7488
7470
7532
7466
7390
7330
7276
7324
7318
7206
7186
7130
7232
7316
7332
7334
7348
7454
7470
7574
7536
7524
7444
7464
7454
7428
7438
7380
7358
7374
7522
7570
7512
7396
7338
7384
7438
7432
7446
7324
7284
7208
7298
7400
7410
7510
7568
7636
7658
7678
7574
7558
7572
7582
7664
7644
7614
7520
7442
7376
7374
7342
7446
7316
7322
7400
7332
7408
7354
7390
7418
7446
7446
7406
7372
7372
7432
7402
7340
7358
7338
7310
7310
7314
7260
7294
7262
7366
7410
7494
7502
7568
7478
7400
7406
7384
7336
7362
7430
7574
7606
7536
7506
7448
7394
7366
7374
7344
7364
7306
7280
7288
7298
7128
7106
7172
7054
7114
7086
7082
7098
7048
7148
7280
7238
7146
6988
6834
6834
6920
6962
6992
6976
6988
6962
7086
7030
6912
6942
6990
7036
7178
7034
7002
6954
6842
6862
6866
6984
6992
7114
7238
7150
7092
7100
7066
7058
7006
7068
7030
7082
7210
7234
7304
7352
7340
7342
7366
7398
7396
7372
7342
7308
7336
7290
7278
7338
7398
7414
7394
7442
7510
7432
7410
7450
7504
7380
7342
7270
7254
7358
7402
7412
7308
7334
7528
7562
7630
7494
7554
7548
7458
7508
7564
7690
7714
7738
7584
7542
7462
7344
7324
7284
7364
7366
7352
7376
7282
7242
7354
7456
7566
7544
7464
7390
7410
7486
7496
7318
7394
7402
7384
7380
7418
7322
7254
7316
7276
7212
7212
7262
7226
7182
7186
7170
7164
7134
7170
7244
7210
7174
7252
7308
7300
7198
7192
7236
7186
7250
7218
7192
7232
7280
7344
7248
7222
7180
7180
7162
7094
7120
7112
7054
7164
7240
7320
7294
7280
7286
7292
7288
7276
7212
7258
7308
7334
7358
7358
7288
7334
7424
7456
7418
7462
7460
7374
7432
7468
7522
7542
7556
7564
7640
7630
7642
7750
7614
7642
7676
7730
7694
7634
7584
7586
7600
7580
7646
7636
7602
7644
7460
7558
7474
7484
7412
7372
7426
7480
7532
7492
7510
7354
7452
7446
7404
7280
7344
7318
7184
7156
7208
7118
7218
7306
7290
7134
6994
7066
7112
7124
7048
7102
7272
7228
7200
7160
7072
6956
6962
7068
7164
7084
7162
7236
7202
7230
7208
7286
7222
7320
7182
7130
7220
7108
7302
7396
7352
7200
7196
7200
7134
7136
7088
7116
7228
7214
7170
7220
7208
7328
7270
7444
7480
7504
7482
7394
7430
7468
7322
7306
7400
7384
7362
7230
7324
7294
7314
7376
7246
7342
7330
7276
7190
7154
7082
7104
7024
7026
7050
7018
6998
6978
6942
6994
6878
7042
7098
7184
7176
7170
7286
7264
7346
7430
7560
7534
7492
7470
7496
7430
7590
7542
7536
7586
7442
7566
7438
7354
7480
7396
7444
7346
7400
7404
7480
7526
7572
7670
7722
7690
7640
7460
7422
7516
7554
7444
7456
7384
7300
7340
7276
7170
7306
7242
7256
7236
7132
7110
7150
7176
7108
7052
6980
6964
7008
7064
6958
7000
7034
6974
6934
6970
7008
6926
6898
6892
6916
6828
6806
6918
6944
6966
6922
6922
6952
7042
7088
7054
6994
7104
7068
7130
6944
7022
7010
7006
6896
7024
7000
6964
6896
6870
6920
6940
6984
7110
7198
7156
7088
7014
6916
6876
7000
7040
7004
7094
7088
6952
6954
6898
6798
6844
6886
7064
7076
7104
7064
7258
7192
7194
7106
7130
7144
7130
7248
7258
7278
7338
7350
7278
7262
7192
7112
7096
7044
7114
7108
7266
7256
7350
7302
7276
7296
7224
7158
7192
7142
7328
7298
7224
7208
7230
7122
7146
7154
7256
7202
6994
7064
7102
7134
7220
7030
7028
7158
7226
7194
7192
7248
7266
7256
7278
7340
7344
7328
7288
7244
7350
7418
7470
7532
7546
7570
7456
7462
7392
7388
7328
7450
7480
7354
7292
7250
7344
7244
7170
7110
7046
6938
6832
6742
6776
6682
6798
6818
6874
6808
