3504
3514
3554
3542
3576
3566
3526
3472
3506
3540
3510
3542
3638
3682
3638
3588
3576
3600
3606
3562
3516
3502
3450
3416
3432
3454
3404
3466
3504
3446
3426
3462
3472
3472
3504
3508
3508
3536
3562
3586
3526
3552
3506
3546
3596
3574
3578
3562
3592
3592
3586
3534
3476
3426
3404
3524
3558
3484
3466
3442
3504
3472
3406
3426
3384
3426
3382
3376
3318
3384
3356
3376
3414
3460
3466
3340
3388
3414
3316
3332
3342
3344
3312
3278
3238
3244
3252
3318
3376
3462
3430
3370
3366
3428
3368
3386
3398
3324
3330
3352
3380
3340
3368
3386
3370
3444
3448
3426
3436
3406
3530
3548
3558
3538
3544
3576
3560
3584
3572
3560
3510
3542
3570
3578
3628
3636
3628
3614
3552
3516
3450
3470
3454
3506
3488
3508
3484
3492
3452
3530
3532
3466
3474
3522
3502
3482
3424
3464
3424
3402
3438
3446
3468
3396
3472
3462
3502
3506
3544
3504
3476
3444
3484
3486
3482
3538
3518
3498
3406
3446
3562
3548
3484
3364
3324
3338
3326
3344
3366
3360
3394
3412
3392
3322
3418
3450
3416
3406
3376
3424
3388
3456
3504
3464
3460
3442
3492
3472
3498
3490
3478
3392
3420
3414
3510
3474
3506
3438
3454
3482
3500
3490
3502
3548
3514
3512
3446
3514
3578
3584
3582
3572
3490
3476
3478
3470
3390
3322
3344
3366
3322
3310
3330
3350
3364
3338
3322
3308
3336
3462
3436
3440
3432
3362
3416
3500
3424
3448
3404
3398
3388
3386
3480
3428
3440
3430
3442
3388
3374
3440
3364
3376
3326
3286
3226
3362
3358
3400
3394
3390
3386
3400
3360
3370
3380
3426
3410
3400
3366
3322
3294
3382
3482
3514
3496
3456
3464
3448
3496
3508
3508
3502
3548
3558
3510
3596
3602
3610
3634
3636
3652
3656
3656
3658
3546
3532
3512
3616
3602
3580
3526
3574
3616
3534
3610
3516
3508
3544
3604
3598
3634
3568
3566
3542
3526
3546
3510
3512
3510
3538
3482
3526
3544
3530
3478
3438
3410
3456
3446
3340
3370
3392
3318
3450
3486
3478
3496
3548
3562
3480
3474
3550
3528
3540
3548
3508
3536
3510
3508
3506
3416
3408
3390
3390
3416
3468
3550
3498
3530
3462
3508
3556
3538
3542
3606
3632
3622
3570
3558
3552
3556
3594
3474
3588
3554
3540
3480
3488
3442
3502
3500
3550
3592
3638
3596
3612
3606
3602
3632
3628
3542
3500
3526
3498
3496
3464
3450
3430
3430
3336
3316
3406
3416
3418
3404
3364
3320
3342
3326
3282
3374
3324
3406
3496
3480
3438
3464
3470
3458
3414
3380
3354
3386
3400
3358
3370
3376
3450
3458
3528
3536
3606
3616
3610
3608
3574
3578
3584
3582
3584
3534
3548
3556
3554
3532
3468
3534
3576
3650
3578
3556
3554
3604
3476
3478
3488
3464
3444
3470
3472
3516
3488
3452
3422
3428
3390
3384
3356
3300
3264
3386
3378
3358
3404
3322
3370
3316
3392
3394
3346
3390
3418
3388
3376
3376
3348
3400
3428
3414
3444
3484
3470
3526
3528
3476
3498
3478
3466
3390
3422
3460
3448
3330
3334
3304
3338
3296
3342
3344
3360
3454
3482
3476
3394
3474
3504
3500
3492
3532
3492
3476
3530
3494
3414
3472
3460
3492
3476
3492
3546
3518
3496
3462
3424
3440
3470
3452
3388
3414
3402
3354
3368
3386
3356
3352
3344
3298
3286
3272
3320
3356
3398
3472
3500
3530
3554
3560
3478
3400
3376
3436
3430
3314
3396
3352
3362
3382
3424
3408
3438
3462
3550
3504
3494
3464
3502
3462
3492
3462
3498
3504
3526
3524
3460
3578
3596
3570
3558
3462
3472
3428
3520
3420
3442
3496
3404
3380
3378
3410
3388
3412
3462
3490
3498
3542
3472
3474
3522
3498
3450
3430
3450
3444
3440
3422
3378
3304
3320
3344
3462
3412
3382
3406
3372
3376
3456
3496
3454
3384
3406
3388
3382
3302
3426
3414
3466
3472
3466
3488
3518
3602
3556
3602
3590
3562
3518
3480
3524
3472
3428
3446
3406
3484
3510
3486
3466
3468
3544
3526
3554
3542
3590
3532
3590
3602
3568
3576
3572
3534
3562
3524
3530
3594
3540
3482
3454
3472
3438
3382
3426
3452
3470
3494
3540
3516
3504
3462
3482
3502
3572
3552
3572
3552
3524
3542
3486
3470
3450
3454
3448
3468
3500
3488
3508
3476
3486
3496
3534
3502
3466
3420
3416
3384
3384
3436
3388
3384
3364
3380
3422
3376
3358
3390
3408
3446
3412
3412
3380
3388
3416
3386
3414
3462
3452
3512
3484
3376
3364
3380
3480
3492
3416
3420
3414
3432
3490
3564
3576
3470
3508
3492
3398
3340
3456
3434
3470
3574
3552
3496
3504
3508
3524
3536
3436
3510
3458
3372
3348
3316
3346
3408
3398
3344
3348
3308
3422
3396
3352
3304
3300
3360
3356
3326
3326
3308
3308
3282
3292
3318
3326
3340
3386
3372
3390
3336
3338
3254
3308
3248
3218
3270
3326
3296
3386
3416
3304
3316
3332
3240
3284
3250
3254
3302
3266
3182
3188
3180
3172
3236
3276
3270
3336
3324
3322
3364
3414
3374
3356
3366
3364
3324
3350
3382
3330
3288
3368
3440
3502
3524
3542
3528
3522
3556
3476
3504
3476
3392
3368
3436
3440
3482
3420
3436
3520
3496
3508
3522
3470
3394
3392
3396
3426
3380
3288
3286
3362
3374
3428
3394
3392
3376
3398
3466
3468
3530
3608
3568
3584
3524
3512
3510
3456
3474
3414
3368
3338
3424
3428
3416
3450
3466
3458
3524
3448
3468
3460
3446
3486
3472
3558
3532
3480
3510
3502
3518
3550
3568
3524
3438
3440
3464
3454
3418
3392
3398
3422
3412
3478
3484
3452
3508
3494
3478
3478
3448
3498
3470
3460
3476
3426
3386
3342
3388
3398
3408
3426
3414
3480
3534
3540
3438
3428
3478
3506
3496
3460
3486
3484
3462
3490
3478
3502
3504
3584
3578
3542
3500
3466
3526
3484
3484
3456
3476
3446
3470
3480
3538
3588
3570
3562
3542
3558
3536
3494
3510
3494
3518
3508
3498
3420
3376
3300
3368
3434
3436
3416
3430
3448
3402
3464
3462
3512
3552
3568
3578
3572
3604
3526
3534
3556
3596
3620
3636
3626
3670
3636
3626
3606
3650
3590
3602
3568
3582
3554
3522
3514
3556
3562
3504
3490
3486
3498
3474
3564
3486
3446
3500
3538
3462
3434
3394
3382
3440
3456
3520
3512
3586
3580
3574
3620
3602
3590
3622
3536
3576
3612
3560
3524
3498
3440
3534
3566
3540
3562
3448
3492
3466
3504
3496
3508
3554
3542
3550
3478
3490
3486
3558
3586
3536
3560
3490
3550
3498
3436
3404
3458
3510
3488
3496
3508
3480
3464
3478
3500
3488
3436
3472
3506
3468
3480
3522
3476
3462
3490
3506
3514
3472
3514
3522
3522
3466
3460
3428
3458
3444
3396
3450
3418
3374
3472
3534
3550
3576
3566
3432
3462
3470
3510
3462
3482
3506
3534
3520
3486
3470
3538
3526
3506
3522
3532
3536
3480
3504
3544
3568
3562
3576
3578
3606
3642
3600
3618
3642
3628
3522
3502
3432
3414
3456
3516
3514
3448
3494
3442
3402
3390
3382
3356
3292
3404
3350
3382
3390
3410
3450
3484
3466
3474
3442
3422
3384
3380
3308
3386
3364
3364
3420
3454
3448
3402
3414
3386
3342
3400
3380
3424
3480
3506
3450
3438
3392
3422
3376
3380
3458
3486
3508
3476
3472
3428
3500
3388
3450
3414
3296
3324
3418
3434
3456
3430
3420
3396
3430
3482
3458
3424
3390
3322
3212
3298
3272
3214
3178
3202
3246
3262
3246
3328
3332
3362
3410
3442
3388
3428
3432
3420
3412
3464
3440
3456
3486
3414
3350
3380
3364
3434
3482
3492
3490
3460
3508
3540
3492
3472
3450
3340
3316
3342
3364
3320
3352
3328
3258
3286
3358
3514
3494
3422
3494
3486
3454
3428
3458
3442
3442
3480
3480
3388
3408
3410
3420
3360
3318
3374
3354
3392
3400
3338
3364
3394
3392
3404
3344
3338
3390
3384
3424
3400
3286
3332
3398
3446
3402
3376
3344
3288
3290
3290
3346
3352
3414
3436
3416
3356
3348
3354
3426
3442
3422
3466
3394
3484
3520
3448
3442
3428
3390
3390
3358
3350
3352
3428
3394
3308
3258
3274
3278
3210
3282
3288
3302
3304
3254
3242
3176
3148
3160
3186
3200
3180
3232
3192
3264
3202
3262
3294
3128
3142
3208
3234
3216
3188
3188
3230
3166
3182
3216
3200
3296
3274
3332
3298
3362
3366
3304
3316
3322
3336
3264
3322
3298
3360
3356
3426
3504
3530
3524
3474
3556
3516
3514
3526
3462
3460
3394
3464
3530
3554
3534
3470
3470
3384
3430
3486
3462
3414
3404
3440
3518
3514
3502
3512
3474
3542
3496
3520
3468
3506
3460
3456
3566
3650
3604
3550
3552
3494
3534
3524
3554
3580
3552
3550
3494
3532
3602
3600
3562
3598
3566
3546
3576
3500
3430
3458
3394
3386
3354
3462
3436
3402
3472
3566
3476
3518
3478
3532
3582
3564
3574
3620
3584
3638
3616
3606
3644
3540
3526
3504
3472
3484
3508
3508
3516
3508
3466
3470
3482
3448
3388
3464
3516
3544
3516
3564
3500
3468
3488
3424
3378
3392
3376
3316
3390
3308
3318
3332
3332
3348
3330
3350
3384
3430
3460
3474
3380
3370
3428
3368
3348
3344
3358
3310
3320
3302
3346
3358
3358
3352
3364
3370
3320
3310
3316
3366
3304
3334
3340
3400
3420
3434
3482
3404
3386
3368
3382
3390
3436
3372
3318
3366
3380
3398
3326
3300
3268
3280
3298
3344
3310
3352
3342
3312
3350
3344
3312
3312
3280
3296
3304
3262
3282
3220
3220
3342
3344
3274
3290
3232
3256
3222
3224
3266
3188
3242
3224
3288
3240
3248
3238
3280
3226
3246
3282
3294
3272
3312
3298
3336
3338
3294
3318
3376
3328
3358
3394
3406
3430
3448
3474
3528
3550
3562
3490
3516
3514
3514
3536
3526
3506
3522
3496
3510
3492
3466
3474
3468
3442
3506
3520
3460
3488
3418
3456
3412
3416
3432
3476
3416
3428
3376
3390
3330
3384
3404
3448
3526
3448
3496
3542
3530
3498
3504
3516
3554
3508
3494
3550
3492
3576
3540
3522
3462
3562
3566
3616
3568
3500
3452
3380
3412
3396
3382
3392
3322
3458
3458
3428
3424
3390
3368
3298
3312
3368
3376
3366
3366
3396
3368
3380
3362
3392
3416
3414
3406
3442
3402
3342
3370
3344
3398
3382
3364
3316
3350
3352
3406
3322
3394
3370
3386
3426
3358
3336
3392
3434
3424
3488
3482
3512
3498
3478
3434
3510
3528
3494
3454
3460
3484
3512
3504
3474
3386
3366
3348
3396
3458
3578
3522
3440
3484
3508
3570
3572
3600
3652
3566
3532
3512
3536
3532
3570
3518
3560
3544
3438
3480
3420
3486
3496
3548
3530
3536
3572
3556
3516
3410
3378
3462
3462
3526
3526
3576
3518
3474
3458
3430
3438
3420
3486
3520
3516
3508
3522
3510
3536
3552
3518
3540
3528
3500
3404
3422
3420
3464
3458
3448
3474
3450
3436
3410
3392
3440
3400
3440
3404
3402
3434
3420
3382
3392
3420
3468
3442
3478
3464
3478
3484
3482
3518
3484
3460
3504
3512
3548
3588
3596
3548
3586
3592
3560
3498
3474
3514
3502
3566
3560
3528
3550
3578
3558
3548
3524
3566
3538
3548
3526
3520
3552
3582
3582
3568
3540
3568
3540
3452
3496
3464
3426
3404
3452
3466
3454
3450
3432
3424
3360
3288
3194
3242
3372
3302
3344
3340
3312
3350
3372
3290
3304
3364
3404
3390
3412
3442
3482
3406
3460
3426
3386
3408
3380
3460
3458
3424
3426
3452
3504
3522
3562
3518
3422
3496
3530
3466
3398
3392
3358
3380
3386
3352
3352
3258
3316
3372
3354
3378
3378
3404
3370
3384
3350
3392
3368
3380
3320
3254
3302
3344
3296
3302
3250
3310
3268
3252
3198
3256
3270
3198
3180
3204
3214
3252
3240
3214
3200
3262
3240
3244
3254
3330
3324
3300
3372
3386
3390
3358
3330
3362
3384
3388
3464
3436
3434
3436
3428
3460
3458
3456
3488
3386
3340
3382
3400
3384
3384
3400
3434
3454
3494
3504
3448
3424
3382
3384
3388
3382
3356
3346
3336
3326
3424
3438
3414
3358
3328
3272
3226
3210
3180
3204
3264
