134
162
178
140
108
98
110
126
152
178
162
142
122
136
176
144
182
154
178
208
192
244
178
204
166
216
156
162
144
114
132
92
40
18
46
68
86
98
102
146
150
136
110
56
36
24
58
108
124
146
142
128
112
74
118
66
64
24
2
6
6
44
72
92
82
126
106
74
32
42
16
62
46
58
22
56
104
66
34
2
28
48
26
10
36
6
6
38
22
70
38
56
0
10
16
74
56
46
22
48
44
16
4
10
26
46
62
76
50
46
86
96
58
40
70
104
80
40
22
14
64
54
44
92
118
126
126
172
194
190
156
164
154
186
216
172
168
140
84
122
134
174
96
74
88
48
106
126
186
100
118
114
124
110
120
118
148
184
162
184
114
94
104
168
148
160
248
214
284
286
264
186
180
168
216
230
210
176
226
194
190
162
138
116
98
56
58
26
44
64
20
40
32
14
0
18
30
76
142
136
162
246
254
308
286
314
316
298
280
252
270
238
230
108
28
18
28
26
6
68
62
20
46
18
38
18
52
44
20
44
68
74
102
102
144
132
94
126
112
134
130
118
66
84
70
108
60
136
140
126
108
58
100
98
72
2
28
6
24
16
18
18
24
14
22
32
42
48
54
12
94
94
56
2
42
8
110
146
102
130
180
266
280
306
348
390
404
400
394
426
426
430
434
394
352
364
350
364
386
394
440
412
470
434
448
460
446
490
488
536
494
474
436
412
430
404
402
492
474
522
546
522
550
544
558
616
584
638
610
586
582
566
572
566
572
550
518
530
474
450
412
406
444
472
428
472
482
530
526
570
554
546
520
478
476
462
514
514
534
582
568
544
574
596
556
582
584
604
580
562
614
678
656
590
584
560
580
626
590
586
608
620
546
548
498
488
476
484
502
488
486
450
428
388
378
310
362
372
386
452
446
458
436
462
452
434
468
438
434
446
440
486
420
400
406
432
422
452
404
336
266
336
334
362
346
374
388
440
412
442
428
376
396
398
430
422
408
368
374
392
350
328
262
306
270
290
258
228
198
128
122
88
56
36
90
52
46
30
4
40
68
42
22
30
30
60
92
110
106
90
4
58
36
20
30
74
62
30
104
140
186
138
130
154
178
214
192
220
182
174
166
226
200
216
192
202
198
208
230
258
308
330
338
334
242
234
180
194
192
138
160
130
200
184
122
158
162
92
70
30
40
98
100
102
68
62
150
108
150
210
234
234
208
210
210
204
244
224
272
276
300
220
196
178
156
196
198
232
230
252
228
192
168
194
236
304
296
316
296
308
310
254
276
216
232
200
208
216
180
198
190
156
112
34
60
76
126
210
282
274
300
302
276
256
220
234
250
260
258
226
202
274
276
254
300
338
292
322
320
280
316
328
342
306
302
316
306
280
264
252
286
232
216
272
280
282
252
258
262
278
260
284
254
264
186
238
276
262
252
256
280
284
304
264
300
298
260
262
310
338
354
334
374
336
302
336
294
290
316
308
274
322
294
338
380
458
414
416
404
408
430
466
464
454
426
434
396
424
396
428
418
446
472
522
542
478
460
430
434
486
390
372
388
318
324
318
266
276
284
342
352
352
358
336
338
316
292
236
242
238
214
246
238
244
216
302
286
308
342
374
390
384
384
430
438
458
494
450
430
462
464
480
440
384
338
318
332
306
262
250
236
288
232
306
298
268
314
292
246
200
166
104
68
122
148
168
194
190
214
226
248
246
256
226
180
184
172
164
176
162
132
22
32
4
58
58
74
44
50
80
136
146
134
130
126
128
136
148
136
110
100
74
70
58
72
40
38
16
78
112
188
200
208
244
246
186
214
194
172
146
118
80
120
190
226
226
186
122
112
114
106
124
148
134
126
86
92
54
88
32
38
50
36
4
12
60
78
132
152
146
148
192
230
214
200
148
114
190
204
194
270
306
298
308
294
238
304
320
310
278
222
164
146
176
174
204
210
216
214
238
210
270
288
244
210
182
214
210
180
132
138
134
160
132
188
274
292
278
328
326
312
274
202
244
248
328
352
406
486
444
448
428
406
350
340
350
316
286
246
278
264
228
256
264
226
176
76
112
116
124
124
68
136
110
58
88
34
44
64
136
200
158
82
80
80
26
2
14
44
30
12
32
40
38
50
10
14
54
2
24
52
84
36
42
44
48
82
160
136
152
148
212
168
138
130
104
108
158
178
170
180
190
220
242
196
206
194
166
208
192
174
208
152
158
150
118
132
150
176
154
214
200
186
192
246
256
330
362
362
390
362
308
276
278
248
326
308
304
306
264
278
266
248
154
156
168
148
120
138
120
98
136
98
56
64
66
22
34
48
64
32
40
40
126
138
108
134
156
178
146
134
122
114
148
164
200
210
150
130
162
214
220
224
188
226
232
218
246
220
238
216
180
204
194
232
218
208
194
230
276
278
296
288
272
268
226
260
204
204
228
158
216
246
192
156
60
46
64
82
38
86
50
32
22
40
50
44
10
14
82
32
66
58
98
48
22
84
86
66
130
180
148
96
98
138
150
88
98
66
16
10
62
58
100
60
88
110
142
108
66
76
42
38
76
84
134
174
200
168
226
202
198
214
260
222
244
218
196
226
162
126
106
110
88
40
22
28
34
48
38
44
60
58
86
164
216
178
198
268
304
322
274
262
292
284
316
314
328
304
346
252
294
284
328
340
320
314
284
286
300
288
304
336
318
288
292
234
216
160
192
164
174
152
182
168
180
164
192
202
190
190
164
220
216
138
156
164
168
120
146
98
88
84
108
110
76
68
128
132
132
132
146
112
166
210
204
200
152
144
152
126
114
50
46
6
60
26
14
22
44
58
110
70
58
84
60
20
30
18
30
34
34
82
100
108
76
98
88
92
44
24
42
64
28
58
66
132
140
134
104
80
46
60
40
26
106
20
22
36
78
32
66
26
16
10
58
124
114
34
66
72
78
74
92
50
6
86
112
156
140
146
158
160
156
166
210
198
236
232
242
240
226
220
250
274
298
230
220
218
214
218
210
202
194
110
84
92
108
58
52
60
6
22
44
28
64
52
24
90
146
66
64
64
30
64
108
84
88
50
58
76
80
140
140
166
164
212
218
208
178
182
182
112
94
96
64
48
0
20
10
46
62
64
44
74
84
30
26
48
22
16
4
34
60
116
118
146
224
220
280
200
194
240
234
294
226
242
230
256
270
258
272
280
248
188
180
202
170
128
120
114
150
126
112
88
22
42
2
50
14
18
2
30
14
50
10
24
22
30
30
50
50
14
18
20
40
8
18
34
10
32
8
30
40
16
22
36
64
58
102
118
138
130
106
102
56
6
32
30
32
10
18
52
30
48
114
162
146
200
202
210
190
188
236
222
270
270
322
298
300
294
262
240
178
208
206
174
170
200
200
264
276
314
282
274
330
338
314
302
276
266
250
268
270
306
312
332
332
358
376
330
354
310
390
382
428
460
478
496
550
540
486
460
458
430
392
404
372
356
330
386
398
334
298
326
322
296
292
316
292
236
252
286
184
220
228
194
166
128
144
120
54
62
10
12
2
4
34
34
26
16
36
38
20
6
40
62
36
36
26
2
0
30
20
12
4
14
10
46
18
12
22
64
98
140
110
178
212
224
232
218
224
136
154
132
160
162
100
92
70
112
90
50
42
4
68
60
40
38
14
20
32
12
32
80
86
68
78
144
144
134
92
116
100
90
106
128
110
74
66
98
172
226
262
280
304
254
222
202
216
162
188
190
134
154
174
178
176
190
178
210
280
316
280
306
304
368
364
342
356
366
346
314
340
366
378
388
400
402
436
486
498
484
518
480
480
498
542
462
428
396
376
436
412
410
398
366
350
412
386
390
444
410
376
356
356
290
342
366
352
424
380
382
350
336
378
418
372
332
346
300
286
284
262
244
292
278
252
216
162
184
184
182
194
180
176
202
220
254
202
216
230
182
158
138
110
140
158
118
152
168
204
230
264
268
256
260
222
180
162
168
260
218
206
208
188
166
146
184
144
94
180
178
126
160
168
98
112
142
96
92
44
68
48
44
32
26
4
50
26
24
24
30
28
10
4
24
34
64
8
70
40
18
36
56
60
80
52
12
6
10
28
24
60
106
60
58
68
104
120
132
80
62
12
24
26
20
32
34
6
32
94
150
144
178
170
142
178
230
148
126
132
162
198
210
180
192
274
270
300
354
330
362
320
272
272
216
192
180
182
158
126
160
174
156
180
196
152
116
126
106
122
162
130
134
140
112
162
136
122
66
2
10
20
16
48
54
66
82
166
240
272
236
282
294
244
256
250
252
240
156
140
110
88
142
184
188
230
180
180
168
218
216
182
214
192
202
142
112
116
122
156
120
96
66
120
90
106
122
184
154
128
136
182
188
174
90
142
150
124
120
94
102
94
136
144
180
172
178
164
56
74
86
88
68
124
130
70
118
140
176
160
146
188
218
158
138
182
120
140
148
134
142
216
236
210
198
134
184
150
118
120
120
80
86
78
52
132
194
206
154
206
204
196
198
134
58
6
42
46
26
62
100
184
186
154
112
128
88
70
