490
494
482
486
490
500
502
498
518
514
536
554
494
474
532
526
560
544
578
540
502
516
508
532
504
478
476
520
520
522
524
530
536
548
536
578
540
548
544
574
566
544
494
464
478
468
496
554
590
530
518
560
582
584
606
574
586
618
616
650
642
632
632
670
670
630
570
548
524
588
600
564
608
668
650
630
586
600
596
562
512
502
520
566
574
592
590
610
592
568
556
596
642
626
600
614
624
662
646
636
646
638
676
692
766
786
826
802
806
798
808
798
850
872
874
852
822
850
832
834
828
840
840
814
844
884
864
884
904
874
872
846
852
800
810
808
782
818
820
816
820
852
882
856
828
856
862
824
846
872
836
854
814
812
816
814
812
810
782
756
696
708
724
718
732
732
714
682
672
692
692
696
668
696
688
720
724
690
680
712
708
702
728
740
754
768
780
770
786
818
800
796
774
788
788
814
818
796
790
796
880
920
926
906
928
906
908
866
896
920
922
924
910
880
902
886
874
880
856
838
874
890
862
866
866
856
846
822
838
828
858
856
834
818
834
822
792
802
836
784
796
832
830
808
810
836
840
854
848
840
842
826
840
832
858
860
890
886
842
826
832
850
858
854
854
844
784
830
830
842
796
792
764
778
772
812
840
822
812
826
838
818
804
810
812
850
846
832
848
806
844
822
784
816
846
916
888
882
936
940
908
876
882
872
822
802
840
820
782
770
774
732
744
786
772
792
784
734
736
754
748
736
718
694
648
626
674
656
678
668
684
692
720
722
728
730
732
678
672
686
666
702
712
732
746
674
648
640
642
608
598
630
592
602
574
582
612
666
672
682
660
666
674
668
636
644
640
612
654
678
694
694
744
752
762
772
780
784
756
742
766
782
814
792
778
744
744
760
794
812
820
778
802
794
778
778
776
836
860
876
866
894
868
858
874
862
858
874
860
878
854
868
902
876
862
904
904
920
910
904
890
900
838
866
862
810
840
864
872
854
886
910
884
886
898
866
846
848
860
862
858
864
862
898
880
864
884
854
866
868
836
818
830
858
838
850
884
856
852
830
830
864
858
838
818
842
912
918
872
840
856
844
858
868
870
886
900
906
922
888
886
898
906
912
910
884
860
866
818
814
788
804
816
772
774
736
706
726
676
702
668
664
696
704
702
708
678
722
734
778
802
794
804
790
784
814
816
872
904
878
890
848
862
878
856
874
804
804
842
812
774
764
760
734
698
684
690
688
716
724
694
650
666
728
748
762
766
790
792
790
760
786
768
744
736
774
740
768
770
808
848
878
830
832
822
816
824
820
800
794
808
804
788
786
806
810
830
834
820
834
856
844
832
878
880
876
844
844
886
870
856
882
906
922
896
884
874
874
848
876
872
870
868
826
774
772
754
730
756
812
816
838
868
864
836
822
860
892
886
914
900
876
886
872
856
856
854
866
854
872
862
844
862
856
868
888
878
892
828
850
872
898
892
898
908
896
870
842
826
836
828
856
896
898
862
882
868
864
888
880
878
874
886
884
910
916
918
908
908
910
906
866
870
902
900
854
832
810
808
810
834
786
770
740
730
732
724
734
754
780
746
746
792
770
768
734
766
822
834
836
870
842
876
842
892
882
912
898
884
888
878
860
876
892
860
868
864
904
904
922
904
906
892
874
884
870
880
882
876
812
800
826
848
884
894
902
934
920
902
932
926
904
902
882
884
916
916
906
904
870
886
868
900
888
896
918
908
888
922
894
880
884
886
870
870
858
860
842
826
790
774
760
724
744
714
728
780
774
734
700
666
656
678
708
720
700
752
768
764
750
728
754
744
712
722
738
730
708
730
746
754
782
798
808
850
848
894
902
914
910
888
862
880
850
848
828
850
836
856
846
866
892
906
896
922
926
926
916
862
888
852
854
828
884
858
836
830
866
864
850
838
810
794
814
814
844
812
770
730
732
738
762
766
750
732
716
688
698
704
646
648
584
542
532
552
518
480
476
480
504
488
458
482
486
530
596
574
624
632
666
654
620
646
634
646
650
582
602
650
634
646
614
644
636
630
670
642
580
554
528
574
622
654
646
652
638
636
682
712
672
594
626
608
614
590
562
560
508
520
580
578
586
610
598
608
626
670
656
688
664
636
632
652
668
632
654
634
644
640
656
626
612
628
616
642
648
668
670
664
680
672
678
712
712
736
752
732
700
710
668
646
684
718
722
746
728
732
722
708
738
738
716
678
682
668
660
676
676
668
648
684
730
708
726
722
706
708
756
800
826
778
762
758
768
752
738
724
710
730
714
720
718
736
706
692
688
646
682
690
702
736
760
770
774
776
762
772
790
760
752
784
770
768
784
782
770
808
802
824
814
808
782
790
810
810
790
824
834
814
822
810
794
788
760
756
780
794
796
796
832
820
804
788
770
802
768
786
818
820
832
838
840
876
892
896
898
912
874
870
894
888
886
894
876
868
872
882
882
904
898
892
906
876
870
872
842
840
858
826
844
834
802
806
824
856
828
826
818
838
846
852
856
892
858
854
866
838
800
814
852
868
864
834
808
788
800
780
832
836
832
816
826
816
820
812
800
802
790
768
816
776
756
758
780
770
810
818
802
814
848
862
924
918
880
892
880
882
904
902
916
922
928
916
900
892
870
900
870
842
850
866
870
864
866
890
870
850
854
854
810
810
862
826
844
848
860
818
834
826
840
880
896
892
888
918
896
928
918
888
878
858
860
874
894
902
880
880
844
848
826
812
806
798
764
776
770
788
814
816
832
808
816
804
836
842
866
818
858
876
884
880
916
876
876
868
860
858
840
788
768
814
848
834
852
844
854
874
858
868
904
886
886
868
848
848
852
802
796
790
776
816
858
838
860
846
838
884
876
874
860
880
858
816
804
812
818
814
808
818
818
802
760
752
704
730
708
712
724
744
706
740
742
708
762
790
780
810
812
814
814
814
818
802
806
788
790
780
770
794
778
860
874
868
862
884
884
910
922
888
864
886
892
858
848
856
886
898
876
858
830
830
846
846
846
876
834
810
810
804
820
806
838
856
856
852
850
860
844
834
826
860
862
840
804
838
866
850
844
852
850
830
820
756
736
744
738
708
754
756
764
730
738
760
732
674
688
694
716
674
696
726
756
758
756
746
724
742
750
740
758
746
748
740
744
794
798
792
826
862
852
868
840
834
878
878
874
908
902
882
898
882
864
890
906
922
932
924
936
896
916
922
908
958
942
932
896
906
896
882
894
884
858
854
854
876
860
846
834
834
866
880
914
918
912
900
924
918
908
884
876
876
826
808
824
802
782
768
750
762
786
772
730
764
738
760
778
776
810
792
790
756
752
748
810
778
780
758
748
756
772
732
694
734
760
766
746
740
738
742
724
728
738
734
706
686
686
662
640
628
656
658
680
644
658
628
612
576
574
614
610
626
640
646
654
596
626
630
674
722
688
688
674
690
680
708
694
696
688
670
690
706
700
666
652
620
598
656
660
644
664
676
694
700
682
684
616
646
708
694
686
738
734
728
678
654
630
694
704
720
700
648
594
602
640
646
646
672
636
614
650
638
654
690
712
732
718
710
678
640
714
736
694
710
694
658
670
704
742
722
760
762
764
774
820
832
838
824
862
868
844
832
854
854
806
826
804
834
860
842
834
860
808
828
796
800
766
802
790
834
840
800
786
796
786
814
786
778
782
812
836
822
844
840
844
830
832
838
812
790
746
724
790
790
834
838
852
884
882
846
854
814
814
796
818
838
832
784
760
756
778
750
752
764
770
774
748
754
760
778
756
772
730
750
746
752
766
740
712
716
710
744
712
724
680
650
674
654
634
622
634
652
672
706
700
718
700
676
676
704
730
712
720
676
676
660
684
650
634
610
540
582
616
586
556
594
636
644
680
690
696
680
650
616
632
634
628
662
686
670
650
646
628
636
650
664
676
692
702
704
720
716
710
710
710
726
728
710
680
652
642
680
642
678
646
600
608
616
584
574
618
634
656
704
746
758
762
728
780
758
784
794
770
798
728
752
766
820
832
798
806
770
756
754
784
810
814
814
830
820
844
874
876
892
902
890
888
894
896
900
868
874
878
872
840
844
804
804
824
822
798
826
826
820
842
808
826
834
840
794
830
864
832
856
856
808
812
810
808
820
788
836
810
776
806
830
808
826
836
850
818
806
814
780
736
752
794
802
788
830
860
880
866
836
794
804
790
818
810
806
822
830
840
828
786
798
844
828
828
800
852
826
840
842
866
872
878
902
898
888
852
848
848
872
898
908
902
940
896
890
868
880
890
844
844
848
872
868
868
832
840
830
822
812
792
838
856
878
838
854
898
900
914
922
914
922
898
906
888
906
888
880
888
878
862
854
820
842
840
870
900
922
908
894
864
876
914
878
880
880
830
854
856
872
878
836
826
840
844
850
880
910
894
854
888
894
884
904
906
900
896
932
926
920
940
902
872
864
896
882
858
838
852
850
884
896
874
882
902
932
902
846
876
832
830
826
814
842
788
784
814
838
840
822
820
818
804
774
744
748
756
774
752
768
764
770
808
822
832
896
878
