7722
7792
7796
7838
7874
7880
7790
7706
7652
7690
7624
7618
7790
7786
7774
7788
7842
7872
7842
7758
7816
7822
7920
7930
7922
7856
7874
7842
7866
7916
7946
7936
7900
7838
7884
7852
7798
7804
7846
7788
7962
7882
7886
7816
7758
7728
7768
7690
7608
7550
7544
7588
7592
7654
7676
7736
7676
7696
7664
7660
7694
7710
7672
7708
7648
7650
7666
7722
7592
7512
7562
7626
7678
7656
7710
7650
7664
7548
7594
7602
7626
7658
7632
7698
7702
7674
7656
7688
7682
7698
7662
7800
7832
7768
7718
7662
7740
7614
7558
7592
7570
7556
7648
7688
7776
7746
7682
7646
7580
7698
7644
7674
7728
7772
7768
7808
7878
7948
7998
7982
7850
7822
7918
7938
7990
8006
7956
7926
7870
7816
7792
7870
7778
7814
7742
7750
7768
7854
7894
7910
8064
8084
8040
8022
7984
7978
8014
7952
7896
7914
7920
7988
7928
7862
7852
7856
7918
7906
7894
7880
7884
7832
7870
7952
8112
8030
8052
8054
8110
8132
8114
8094
8052
8012
8012
8080
8166
8094
8138
8200
8310
8306
8278
8236
8246
8196
8132
8222
8256
8240
8182
8180
8200
8208
8164
8098
8110
8076
8054
8110
8090
8078
8138
8098
8120
8138
8174
8286
8262
8180
8144
8100
8214
8230
8158
8184
8132
8136
8114
8108
8124
8096
8046
7988
8024
8040
8044
8036
8030
8008
7976
7864
7968
7966
7982
7982
7854
7894
7868
7966
7994
7992
7964
7902
7800
7862
7862
7876
8038
8018
7962
7956
7938
7950
7876
7904
7872
7824
7822
7764
7720
7646
7590
7672
7644
7662
7606
7574
7570
7578
7590
7554
7536
7626
7618
7714
7732
7718
7698
7700
7736
7756
7732
7734
7794
7830
7850
7874
7902
7982
7968
7938
8012
7898
7912
7892
7822
7842
7916
7906
7976
8062
8052
7924
7986
7970
8000
7934
7936
8082
8038
8020
7976
7900
7800
7846
7864
7950
7974
7854
7932
7902
7904
7876
7874
7788
7818
7878
7836
7946
7912
7982
7892
8036
8028
8052
8082
8136
8052
8118
8058
8066
8142
8126
8130
8202
8144
8142
8160
8212
8194
8174
8190
8156
8072
8148
8150
8120
8154
8184
8138
8154
8132
8076
8074
8144
8118
8126
8190
8138
8108
8066
8012
8124
8174
8166
8172
8138
8182
8186
8076
7994
8058
8182
8158
8180
8194
8216
8184
8114
8070
8030
8076
8036
7964
7974
8066
8142
8166
8196
8170
8114
8076
8106
8104
8080
8116
8132
8018
7934
7926
7924
7820
7810
7880
7852
7814
7838
7826
7816
7908
7890
7930
7910
7914
7828
7716
7704
7702
7710
7766
7816
7770
7788
7902
7860
7886
7942
7954
7970
7978
8014
8062
8064
8036
7930
7960
8012
7976
7982
8030
8104
8108
8088
8060
8130
8104
8074
8010
8026
8034
8042
8066
8004
8034
7926
7860
8010
8006
7952
7936
7968
7912
7948
7936
7942
7998
7944
7926
7958
7964
7946
7940
7960
7930
7946
7984
7990
8018
8038
7982
8056
8050
8008
8000
7996
7974
7846
7786
7660
7630
7630
7630
7674
7644
7712
7682
7802
7722
7690
7692
7624
7690
7692
7650
7692
7602
7652
7664
7704
7696
7822
7734
7790
7782
7788
7834
7730
7808
7786
7914
8054
8046
8022
8074
8160
7998
7946
7990
7874
7872
7896
7908
7906
7942
7996
8026
8058
8002
8058
8010
8032
7976
7958
7906
7942
7946
8000
8156
8000
8032
8086
8038
8010
8068
8030
8032
7924
7946
7926
7924
7874
7888
7910
7828
7798
7812
8028
8030
8014
8030
8090
8066
7990
7994
8038
8022
8018
7976
8030
8122
8112
8132
8032
8046
8080
8020
8032
8096
8162
8224
8188
8262
8208
8146
8104
8078
7962
8050
8078
8078
7996
8026
7998
7974
8060
8044
7856
7876
7998
7968
7920
8058
8074
8176
8136
8124
8116
8170
8184
8058
7890
7942
8010
8004
8050
8112
8032
7942
7918
7940
7926
7930
8000
7944
7950
7966
7812
7766
7838
7846
7882
7944
7996
7936
7876
7908
7890
7908
7954
7920
7948
7870
7848
7930
7902
7770
7804
7770
7736
7780
7826
7844
7842
7804
7840
7922
7786
7746
7858
7880
7882
7852
7956
7884
7810
7800
7846
7742
7680
7638
7766
7824
7852
7904
8038
8012
8068
8026
7956
7924
7996
7972
7994
7972
8004
8096
8090
8098
8040
8010
8034
8028
7914
8008
7920
7864
7904
7966
7914
7986
8024
7888
7810
7918
7932
8018
8004
7958
7896
7902
7882
7878
7818
7842
7910
7946
7984
8080
8096
8032
7952
7986
7904
7908
7986
8022
8034
7958
7992
8008
8004
7964
7924
7970
7936
7934
7966
7898
7824
7936
7864
7770
7828
7804
7784
7780
7704
7754
7858
7858
7890
7880
7866
7858
7838
7862
7850
7882
7924
7982
7976
7932
7956
7956
7954
7992
8016
8006
7970
7876
7742
7728
7750
7834
7854
7770
7878
7814
7760
7676
7646
7586
7564
7552
7462
7438
7442
7458
7494
7564
7630
7704
7792
7762
7912
7916
7846
7832
7832
7862
7838
7796
7838
7882
7798
7768
7844
7884
7896
7934
7922
7916
7942
8036
8060
7998
8064
8054
8014
7972
8052
7996
8076
8108
8088
8066
8098
8108
8072
8136
8050
8142
8084
8110
8074
8116
8136
8032
8044
8090
8064
7988
7930
7944
7950
7938
8022
8078
8144
8070
8202
8160
8120
8132
8074
7992
8024
7970
7892
7906
7842
7920
7960
7898
8026
7968
7978
7902
7872
7840
7936
7926
7848
7892
7918
7910
7876
7810
7818
7790
7750
7780
7816
7732
7756
7744
7760
7926
7852
7956
8014
8014
8008
8074
8072
8162
8146
8140
8052
8074
8090
8028
8046
8080
8038
8076
8098
8090
8014
8040
8102
8164
8186
8068
8050
8008
8010
8114
8134
8154
8048
8012
8042
8094
8064
8014
8038
8008
7888
7838
7804
7860
7896
7966
8090
8086
8042
8044
7998
8008
8098
8070
8032
8056
8058
7998
7980
7884
7902
7878
7950
7946
8006
8012
8120
8022
7942
7962
8058
7974
7940
7952
8066
8020
7960
7982
8010
7968
7942
7928
7990
7998
8064
8136
8046
8078
8170
8192
8156
8024
8024
8054
8010
8064
8068
8066
8088
8118
7984
7974
7988
7966
8026
8016
8030
7980
7898
7948
7966
8052
8042
8002
7948
7990
8008
8014
7992
8002
7932
7972
7858
7878
7932
7986
7980
8048
8102
8016
8024
8040
8052
8084
8116
8190
8194
8228
8200
8190
8062
8036
7996
8126
8130
8076
7938
7946
7960
7998
7972
8020
8046
7942
7998
7966
7954
7996
8030
8022
8006
8046
7982
7960
8016
8104
8024
7986
7996
8024
7962
7930
8004
8004
7936
8038
8096
7998
8016
8022
7986
8056
8016
8122
8164
8114
8220
8148
8204
8190
8196
8152
8258
8232
8218
8098
8108
8090
8036
8020
7882
7830
7848
7806
7764
7808
7776
7846
7842
7892
7826
7794
7688
7760
7756
7826
7840
7832
7844
7966
8038
8106
8060
8076
7974
8020
8072
7950
8024
8088
8134
8058
8054
8076
8152
8122
8052
7978
7858
7864
7864
7914
7878
7952
7886
7850
7794
7800
7804
7748
7844
7896
7924
7958
7892
8014
8112
8040
7992
8058
7986
7972
8038
8056
8120
8110
8114
8132
8170
8092
8150
8146
8164
8236
8256
8204
8170
8198
8312
8334
8286
8208
8292
8290
8254
8248
8176
8172
8164
8208
8204
8172
8096
8120
8102
8056
8050
7988
7946
7936
7828
7836
7768
7834
7880
7892
7778
7848
7790
7744
7726
7756
7826
7876
7908
7936
7878
7838
7790
7816
7852
7842
7834
7842
7844
7896
7810
7786
7854
7874
7850
7872
7852
7918
7932
7882
7934
7912
7864
7866
7862
7868
7980
8004
7970
7924
7988
7996
7846
7912
7898
7870
7782
7820
7820
7810
7844
7844
7742
7742
7792
7794
7784
7862
7814
7850
7840
7934
7930
7872
7848
7736
7660
7652
7708
7816
7850
7866
7670
7566
7724
7674
7676
7716
7848
7780
7810
7944
7938
7866
7812
7862
7862
7774
7872
7804
7756
7886
7880
7850
7874
7842
7866
7950
7948
8054
7976
7934
7946
7950
7892
7970
7928
7970
7960
7908
7822
7842
7886
7922
7892
7894
7830
7854
7890
7948
8064
8004
7968
7928
7908
7986
8018
8044
8054
8124
8078
8112
8142
8018
8038
7982
7994
7980
8046
8176
8160
8110
8088
8100
8108
8082
8128
7936
7940
7982
8024
7990
7994
7992
7926
7898
7912
7968
7790
7810
7850
7974
7922
7862
7882
7898
7772
7780
7906
7920
7884
7948
7972
7976
8092
8036
8028
7932
7908
8006
7962
7910
7842
7842
7808
7788
7930
7982
7986
8068
8024
8056
8102
7982
7914
7934
7972
8038
8038
7940
7974
7934
7908
7974
8026
8048
7986
8068
8016
7912
7902
7950
8056
8114
8082
8068
8060
8098
8070
8098
8078
8038
7910
7930
7882
7842
7846
7784
7760
7650
7604
7688
7664
7698
7752
7758
7818
7836
7848
7852
7780
7772
7818
7798
7784
7808
7922
7818
7880
7770
7788
7854
7820
7850
7836
7776
7824
7896
7912
7994
7922
8000
8002
7974
7984
7978
8004
8134
8102
7950
7970
7958
7986
7932
7986
7986
7908
7860
7916
7880
7914
7934
7912
7860
7914
7946
7936
7970
7982
7970
7904
7928
7970
7850
7862
7906
7952
7864
7884
7910
7986
7980
8016
8062
8056
8098
8138
8162
8134
8074
8006
8058
8060
8028
7972
7956
7928
7952
7912
7974
8008
8084
8122
8062
8030
7948
7966
7996
8054
7980
7958
7890
7942
7984
7820
7828
7838
7820
7752
7722
7794
7850
7880
7860
7922
7962
7936
7942
7908
7770
7770
7728
7724
7822
7788
7734
7742
7648
7690
7636
7674
7744
7736
7738
7666
7674
7686
7774
7694
7736
7642
7618
7768
7750
7730
7852
7810
7766
7804
7778
7804
7786
7832
7878
7932
7916
7982
8070
7960
8004
7978
8002
8048
7966
7918
7952
8072
8126
8102
8012
8002
7940
7892
7988
7944
7986
8058
8040
7906
7966
8010
7946
7914
7912
8004
7920
7796
7718
7838
7772
7804
7896
7840
7846
7928
7854
7856
7910
7952
7984
7888
7804
7756
7654
7704
7638
7536
7570
7532
7484
7712
7736
7848
7796
7810
7800
7794
7794
7742
7798
7834
7898
7860
7956
7948
7994
8020
7944
7884
7904
7986
8106
8128
8094
8084
8090
8174
8180
8024
7850
7878
7866
7876
7892
7934
7824
7976
7922
7882
7866
7906
8020
7990
8048
8032
8050
8014
8036
8030
8042
8036
7830
7914
8074
8106
8022
8016
8006
8014
7960
7964
8086
8058
8216
8220
8238
8156
8124
8072
8008
8028
8048
8088
8036
8044
8052
8062
7964
7996
7868
7884
7896
7852
7880
7886
7968
7948
7978
7892
7826
7932
7872
7938
7892
7900
7784
7890
7974
7966
7860
7862
7932
8034
7938
7924
7868
7814
7792
7824
7700
7872
7920
7966
8004
8018
8070
8136
8116
8128
8094
8132
8018
7964
7856
7818
7824
7828
7856
7890
7900
7946
7910
7922
8024
8074
8014
8034
8006
8058
8038
8012
7930
7844
7814
7844
7916
7898
7988
7940
7836
7800
7808
7758
7758
7680
7742
7754
7792
7810
7814
7872
7876
7844
7960
7964
7938
7924
8042
7980
8020
7946
7950
7988
7918
7932
7904
7932
7840
7916
7874
7914
7890
7864
7924
7934
7900
7950
7960
7932
7906
7862
7832
7846
7892
7886
7898
7748
7758
7704
7726
7786
7736
7834
7700
7780
7846
7808
7870
7866
7858
7836
7860
7916
7972
7968
7856
7898
7860
7844
7774
7846
7792
7868
7890
7898
7852
7884
7740
7760
7836
7950
7958
7912
7976
8128
8172
8146
8042
8060
8044
7996
7922
7974
8108
8020
7960
7942
7846
7876
7806
7828
7854
7866
7962
7872
7920
7864
7902
7892
7898
7854
7902
8022
8082
8114
8146
8150
8136
8026
8106
8092
8100
8030
8104
8044
8014
8044
8010
8048
7962
8056
8002
7962
7942
7986
8046
7928
7924
7898
7920
7868
7946
7980
7942
7910
7844
7980
7976
7940
7836
7838
7888
7976
7906
8012
7962
7980
7832
7814
7802
7770
7872
7902
7980
7992
8006
7978
8062
8212
8158
8170
8154
8140
8116
8114
8016
8016
7980
8058
8064
8022
7930
7838
7788
7794
7858
7822
7844
7872
7964
7970
7866
7726
7738
7724
