628
672
590
614
552
564
462
514
478
452
344
436
426
346
390
374
472
380
384
348
374
384
472
372
278
268
258
278
252
152
272
194
314
400
332
248
122
156
214
222
178
144
162
140
238
242
306
290
398
500
458
358
296
274
326
342
368
462
502
602
498
454
458
480
492
432
454
408
408
404
502
496
472
438
456
482
446
334
226
276
274
402
492
492
420
564
400
290
380
400
354
350
400
440
392
456
352
346
352
384
440
536
540
406
430
370
416
456
450
398
358
296
338
450
566
530
434
312
306
370
400
442
654
520
508
492
512
478
544
546
576
586
636
614
538
586
578
544
668
594
672
732
746
772
734
708
668
728
784
824
850
888
836
858
902
858
894
870
846
828
882
798
798
758
772
710
742
686
756
808
732
812
774
864
1016
990
956
852
802
788
856
794
756
804
628
678
612
548
472
558
530
494
490
376
400
358
442
424
504
404
368
242
206
256
184
96
12
12
12
96
72
32
54
80
62
30
104
216
200
80
64
20
108
188
116
194
252
292
336
458
544
684
732
756
782
634
580
554
552
684
622
570
710
790
888
740
764
802
846
800
856
730
790
806
920
926
1010
1084
980
938
892
946
938
930
922
914
962
902
952
1008
976
926
1054
1004
966
1094
1042
1078
1016
1138
1172
1158
1062
1118
1082
990
942
916
1016
1056
1060
938
882
766
754
828
756
772
736
758
758
776
846
904
892
924
958
944
954
926
950
1024
992
976
1088
1006
992
924
948
1058
1084
1080
1124
1046
1094
1084
1046
1112
1206
1168
1190
1104
1176
1146
1154
1098
1112
1146
1218
1298
1306
1264
1214
1188
1038
1064
1144
1098
1032
1102
1064
1152
1240
1202
1182
1140
1082
1180
1200
1166
1246
1254
1238
1314
1262
1136
1060
1176
1112
1178
1158
1122
1076
1134
1030
1168
1254
1336
1442
1574
1596
1600
1520
1526
1608
1562
1514
1560
1548
1542
1628
1596
1772
1652
1724
1722
1714
1830
1788
1862
1808
1792
1864
1814
1828
1830
1730
1750
1796
1842
1872
1882
1942
1876
1884
1912
1938
1934
1898
1860
1890
2006
1844
1896
1826
1806
1746
1788
1804
1920
1998
1934
1934
1926
1970
1916
2020
1984
1946
1860
1908
2026
1990
2028
2002
2060
1996
1888
1834
1844
1916
2026
1970
1984
1930
1826
1840
1836
1796
1726
1722
1700
1654
1608
1582
1524
1504
1458
1368
1396
1328
1130
1182
1166
1314
1380
1420
1336
1418
1388
1304
1324
1312
1122
1166
1170
1118
1190
1194
1172
1188
1234
1244
1222
1212
1286
1340
1384
1346
1322
1342
1362
1308
1348
1372
1430
1442
1468
1422
1422
1386
1350
1314
1300
1286
1252
1194
1270
1290
1310
1318
1370
1380
1434
1362
1400
1398
1456
1348
1354
1288
1412
1410
1474
1448
1464
1442
1364
1220
1224
1244
1274
1180
1084
1020
1094
1174
1148
1196
1262
1260
1318
1264
1248
1276
1196
1162
1030
884
768
874
912
822
792
812
852
812
710
746
726
810
818
776
774
714
698
722
718
792
842
844
794
880
908
966
992
908
878
1018
1022
1054
1042
1050
1100
1020
1104
1140
1188
1190
1248
1206
1296
1426
1426
1406
1564
1620
1564
1468
1614
1694
1666
1646
1622
1708
1716
1606
1670
1628
1676
1768
1790
1638
1684
1624
1652
1646
1654
1602
1526
1498
1458
1354
1252
1210
1146
1136
1136
1126
1174
1098
1122
1146
1234
1198
1064
1076
976
1038
1042
1042
1126
1070
1012
1030
980
854
914
1012
1088
1118
1048
1112
1090
1052
976
954
894
850
858
752
714
800
778
740
606
530
520
532
410
456
466
482
526
434
594
522
426
460
414
428
554
606
646
600
706
720
754
744
672
680
644
630
658
562
614
482
398
442
456
522
466
346
320
364
532
566
608
602
480
514
510
534
420
460
428
470
446
558
546
462
604
740
736
658
736
770
778
802
702
638
612
674
688
722
762
838
904
858
774
656
562
558
608
682
800
846
824
870
820
798
734
644
552
574
716
730
898
952
898
888
968
950
1042
1100
1130
1042
988
1018
1046
1028
974
974
900
892
766
698
582
542
548
568
698
784
772
768
806
680
666
710
696
544
550
558
464
456
324
212
290
356
416
394
424
426
438
452
540
552
522
532
566
556
522
468
594
560
620
538
498
390
300
330
324
326
346
408
394
382
418
436
404
434
314
414
422
410
444
498
466
340
416
386
346
312
192
150
232
238
220
260
296
260
304
322
434
416
332
258
246
206
132
70
82
26
16
10
0
82
78
72
122
52
18
36
64
84
62
206
276
344
410
460
384
472
520
576
662
716
778
846
740
796
786
730
720
684
734
678
680
690
676
600
554
424
504
510
396
428
380
272
338
214
154
160
136
14
68
98
24
58
0
106
194
194
142
188
12
2
10
8
16
48
22
78
122
168
52
50
102
152
66
186
292
150
10
92
230
228
276
218
318
312
254
268
240
168
142
200
182
158
10
6
94
86
44
70
84
22
112
112
10
102
128
118
70
102
68
114
156
98
92
30
22
36
24
84
16
2
48
48
2
18
34
184
182
310
256
294
312
354
304
304
358
362
356
348
302
238
184
220
150
194
146
136
138
34
8
26
70
26
110
30
62
114
22
140
246
172
172
204
96
116
112
220
216
150
112
158
58
98
226
66
28
68
120
112
40
100
94
96
240
314
334
198
262
250
250
166
100
186
178
312
346
360
364
378
320
234
330
292
246
236
178
108
148
92
22
100
52
140
76
144
76
18
56
130
24
28
92
26
58
124
158
144
154
250
290
268
278
318
298
326
354
356
310
356
428
420
422
390
414
454
450
436
548
594
410
524
504
440
518
440
352
414
486
508
486
366
360
288
166
140
270
208
276
376
402
364
324
380
528
436
438
384
444
404
402
328
214
216
338
438
410
586
522
452
426
464
410
380
328
318
208
228
362
362
302
144
124
12
26
30
80
182
156
46
94
94
2
46
32
60
46
88
70
36
104
44
130
228
300
288
348
374
416
282
306
320
324
388
420
366
390
236
140
200
286
216
222
192
98
104
180
132
122
108
26
152
128
122
190
180
314
232
250
312
380
520
448
464
428
384
428
502
498
468
498
468
574
596
624
646
736
654
588
510
472
552
564
600
668
626
666
848
804
874
770
810
788
768
730
620
644
662
704
678
550
554
614
556
520
592
624
562
540
556
612
486
664
682
722
654
694
676
586
586
578
516
402
378
310
328
402
242
266
272
296
370
368
466
384
462
602
588
468
628
612
510
404
500
478
524
580
508
420
478
592
604
620
616
580
610
550
578
560
490
516
424
384
448
304
382
310
360
340
242
298
278
330
330
234
156
170
102
42
14
50
8
16
82
152
170
106
162
170
198
158
130
200
212
192
202
236
296
268
406
470
418
456
618
608
596
584
540
340
396
424
404
454
466
546
596
546
520
642
628
644
528
498
540
528
508
422
482
370
424
502
500
462
474
410
496
454
516
562
528
508
588
688
688
622
630
650
662
554
554
542
626
660
568
480
466
454
472
494
476
530
548
574
610
618
586
542
448
460
476
426
414
324
402
514
548
548
510
592
598
628
702
694
672
638
624
686
580
532
414
478
482
440
514
456
570
494
462
330
386
358
350
360
326
320
312
294
278
302
122
254
230
254
140
92
100
116
38
26
46
20
18
106
52
116
140
124
152
80
66
198
222
292
286
222
252
280
272
256
204
164
176
128
104
166
194
132
126
44
32
82
126
144
168
158
142
234
322
478
444
500
578
498
486
462
474
412
346
256
304
482
506
546
434
446
342
354
362
400
354
372
376
352
284
4
66
50
138
88
156
136
154
92
150
48
134
176
208
216
292
194
248
194
238
176
170
204
300
266
166
246
286
258
80
22
4
142
114
130
250
202
290
276
246
276
278
334
296
268
256
240
176
192
102
102
32
26
146
86
18
86
10
10
12
20
72
140
182
236
148
228
308
218
164
178
52
20
32
86
168
102
88
76
164
142
148
122
72
162
176
162
92
16
6
2
46
78
70
14
88
124
136
132
240
336
214
308
336
396
206
196
108
74
56
64
10
14
20
62
52
56
98
128
100
110
144
118
110
90
62
126
198
144
138
76
80
10
4
60
58
0
28
46
20
46
124
156
356
500
508
436
350
310
212
356
446
450
408
416
410
356
536
436
390
304
232
122
190
224
252
108
4
76
44
86
194
104
198
200
334
396
420
392
324
306
204
140
142
82
108
152
170
114
20
88
148
182
200
126
48
44
146
82
172
174
196
238
204
234
218
274
278
218
220
262
196
330
426
536
430
512
550
552
562
674
618
668
616
624
676
672
736
748
698
662
602
576
600
442
416
372
326
274
366
376
292
340
390
466
548
600
578
640
658
644
614
522
444
286
410
452
496
496
466
522
428
446
446
390
436
516
326
346
290
364
310
214
166
170
214
256
258
392
406
396
408
428
512
488
572
680
658
716
662
658
596
560
616
670
680
646
746
656
602
614
474
488
484
502
490
456
422
298
344
366
460
536
510
400
534
568
646
492
444
382
400
354
348
386
298
236
286
214
100
14
70
18
28
40
146
140
52
2
198
132
126
156
168
222
232
346
200
178
274
284
310
276
136
140
162
84
150
220
150
148
46
56
96
116
18
64
102
80
102
114
74
72
154
172
222
310
210
222
306
374
398
396
452
308
254
308
406
362
396
464
444
434
602
528
532
406
344
208
288
258
192
212
286
210
150
216
286
348
426
370
306
364
352
358
398
344
362
440
452
390
476
430
384
452
550
574
504
440
388
436
378
430
360
368
354
500
512
454
492
472
