518
500
498
502
528
488
464
476
474
464
424
382
404
412
436
428
356
356
380
382
370
372
380
320
298
278
274
292
250
272
314
290
322
348
332
298
342
300
304
302
344
354
350
300
316
266
248
226
224
214
222
226
222
296
300
238
258
296
268
256
272
286
342
344
388
374
404
436
410
358
354
312
346
346
364
414
412
422
512
586
572
610
562
558
574
594
644
594
644
660
712
754
728
754
744
696
764
802
796
802
720
686
718
712
782
766
766
780
756
750
736
760
712
694
660
750
738
714
642
612
628
638
648
666
678
684
684
682
712
696
702
708
654
682
642
630
666
638
628
588
582
582
580
564
530
542
552
540
610
614
674
692
702
644
636
618
618
618
596
602
554
586
558
512
508
530
506
470
518
496
504
486
496
494
520
500
464
488
504
484
452
452
478
474
444
418
394
422
428
416
436
494
506
504
548
476
482
460
464
470
462
482
466
454
452
402
400
422
418
410
386
392
434
440
420
404
372
342
376
348
426
358
356
366
324
312
310
246
262
274
268
222
204
164
194
198
176
158
146
126
116
94
68
10
22
58
46
18
4
2
34
34
92
96
96
70
46
78
90
126
56
18
2
2
24
32
60
76
58
80
12
20
66
84
80
56
56
66
120
184
208
206
236
224
196
208
192
218
234
286
234
282
246
192
256
262
258
308
354
378
366
350
368
324
320
334
286
334
298
380
394
450
412
406
402
432
396
352
336
326
326
342
330
344
388
354
326
306
288
316
252
254
326
346
384
410
470
496
488
498
480
494
542
486
474
508
486
504
524
488
492
512
540
524
482
522
540
544
572
542
516
546
576
594
560
560
560
542
532
538
528
510
504
494
484
520
526
452
466
434
452
458
506
512
574
582
568
572
578
502
478
506
474
478
540
482
548
494
472
488
546
598
624
642
656
634
640
604
582
570
556
584
582
622
636
604
624
634
574
594
574
558
524
572
626
640
650
638
628
624
644
662
648
648
670
634
640
648
584
606
640
658
624
620
632
614
588
558
516
508
480
522
522
510
496
506
506
544
582
566
532
564
544
524
544
542
584
606
600
626
634
658
614
546
558
552
536
536
532
522
518
480
438
458
454
408
456
544
534
522
526
502
500
442
416
474
460
476
462
480
434
402
364
314
310
314
296
280
288
288
266
238
238
308
350
308
266
332
286
246
278
258
250
166
154
124
134
154
186
178
204
212
244
182
200
228
248
284
332
314
310
300
284
316
330
362
290
306
288
338
324
290
268
254
264
266
260
232
274
304
344
332
310
324
338
366
344
304
282
282
312
328
304
240
286
332
298
252
266
326
284
254
234
274
238
268
296
274
320
310
332
326
390
400
410
428
418
432
382
424
458
368
330
356
390
340
314
308
286
330
350
336
340
238
258
280
320
312
318
324
314
356
360
366
352
296
288
320
338
256
272
272
292
284
246
262
294
218
256
274
284
288
276
302
314
256
290
288
310
338
294
290
360
350
318
332
358
410
470
486
516
534
480
474
504
512
536
556
542
478
492
528
548
554
552
564
504
458
482
458
484
470
464
472
406
438
410
390
404
412
392
384
398
346
360
332
348
374
318
324
318
332
326
302
340
324
286
310
350
362
352
370
398
426
436
408
402
362
338
326
322
282
268
288
334
314
306
290
244
242
254
230
220
278
196
230
270
282
312
318
328
360
320
308
320
322
340
276
224
182
208
184
190
168
214
156
176
262
282
286
320
334
326
336
344
386
348
416
466
438
456
494
538
550
562
552
562
544
522
548
544
548
582
550
550
574
566
558
562
556
562
566
556
534
572
546
564
542
550
500
504
546
552
526
524
542
542
536
522
580
566
526
470
490
442
454
398
390
344
352
316
308
328
282
278
272
300
280
316
316
346
318
340
322
384
404
424
422
396
440
422
428
400
456
506
480
466
450
484
498
462
438
420
416
380
374
360
318
252
332
326
268
252
206
230
246
210
282
254
196
282
274
256
276
266
300
306
324
296
316
364
346
348
370
380
414
406
368
346
360
312
332
294
292
240
234
232
292
314
306
314
288
242
254
250
250
228
230
220
256
182
134
156
198
218
182
150
114
140
182
156
138
94
96
106
120
100
156
212
270
254
228
212
262
266
274
290
338
378
412
388
426
488
468
416
462
418
450
484
494
458
462
532
516
528
564
632
640
598
582
552
540
560
616
612
632
624
630
654
680
638
644
626
606
638
644
602
618
666
602
566
610
662
632
638
674
720
654
732
680
658
668
646
626
640
594
652
644
654
656
646
666
652
634
668
676
730
720
684
716
708
688
686
612
566
562
536
594
614
600
562
578
594
594
576
566
648
650
638
620
662
688
672
726
724
702
692
724
710
712
724
714
698
680
654
642
560
598
638
604
590
602
540
594
660
652
618
624
612
632
584
504
504
484
456
510
550
560
544
494
524
546
580
520
532
588
618
644
696
724
776
742
716
758
774
798
766
748
776
722
726
682
736
718
728
700
692
710
714
726
760
760
794
826
778
804
802
802
810
798
790
760
742
700
664
718
674
694
646
686
686
738
724
714
714
722
708
692
674
674
624
614
644
622
622
612
586
578
544
610
622
574
594
588
558
524
508
530
562
536
538
520
486
490
470
396
438
426
432
468
464
482
488
502
520
496
538
514
484
470
536
480
516
518
492
514
570
572
576
528
554
572
574
550
570
542
530
500
528
544
600
578
608
562
548
598
588
578
608
552
526
524
562
546
574
554
578
604
616
576
564
560
564
560
518
478
496
476
486
482
446
402
448
452
510
526
492
540
528
530
556
542
558
560
588
622
638
690
688
652
706
750
800
774
774
790
770
782
746
758
758
790
752
744
728
762
738
740
738
738
760
786
790
802
838
800
788
818
768
726
726
742
758
746
710
706
658
646
682
666
638
678
670
694
678
672
670
648
662
668
700
688
676
656
638
616
602
616
656
652
612
598
580
578
590
606
596
624
618
672
660
734
760
726
704
722
752
746
744
736
732
708
686
636
684
630
632
564
596
644
640
592
640
638
630
598
582
586
618
612
618
620
590
632
640
612
582
560
522
514
500
458
458
504
514
512
540
558
480
486
512
430
462
512
522
556
528
534
504
516
574
570
570
610
658
682
668
686
698
752
750
790
752
710
752
814
804
740
718
698
694
720
722
738
724
690
692
732
750
770
778
794
786
728
714
708
692
714
702
680
672
706
728
702
652
658
630
628
626
526
508
484
512
522
508
438
458
390
424
410
456
486
532
568
522
526
526
510
520
560
594
582
564
530
526
508
486
514
502
552
576
596
610
618
580
612
618
622
594
552
556
612
650
682
638
634
654
676
638
624
636
674
682
656
684
662
654
598
582
584
542
548
540
608
616
608
632
632
670
658
664
652
598
670
640
652
640
674
638
658
666
690
694
662
644
638
654
678
698
724
676
628
610
648
664
680
654
628
618
660
678
656
678
666
654
650
642
638
636
634
650
582
568
574
570
548
542
570
608
622
602
638
622
626
604
596
618
610
592
560
548
558
548
532
586
560
594
602
592
584
576
568
542
602
648
648
680
662
686
686
678
730
696
674
626
634
618
626
644
682
694
684
684
664
634
580
640
656
710
754
758
754
744
750
738
764
754
772
770
728
722
692
688
674
680
688
660
652
660
626
578
652
636
632
648
686
656
698
706
720
724
738
754
698
716
652
654
632
650
690
654
694
722
678
702
670
702
682
690
694
716
678
648
622
574
534
556
526
556
562
566
566
592
594
592
624
632
586
636
702
700
710
706
714
730
698
720
718
710
724
770
770
762
748
720
656
738
678
698
728
746
740
716
718
702
778
748
726
730
744
730
724
712
656
684
702
702
656
632
648
678
674
668
644
648
610
618
610
598
546
570
516
592
540
550
532
536
490
436
458
450
476
446
522
544
572
580
580
570
538
496
494
536
514
528
524
548
564
550
598
548
552
538
538
630
672
636
666
648
668
666
626
636
580
614
622
588
560
540
534
478
514
404
390
370
346
370
374
314
290
218
176
180
224
264
318
294
272
252
260
268
188
172
228
278
238
248
280
322
256
232
258
282
316
358
340
394
368
426
392
458
460
440
462
450
452
474
444
446
424
440
430
494
490
486
504
520
538
472
482
466
480
456
428
442
460
448
446
446
452
420
414
468
432
428
458
530
538
530
510
490
514
522
546
594
560
568
586
624
594
598
582
594
582
558
544
552
568
586
574
564
580
558
574
574
566
560
586
576
518
520
474
536
540
520
534
546
554
546
562
544
508
546
540
572
544
534
558
612
664
622
606
646
712
656
654
646
648
654
640
622
670
646
650
626
678
668
662
704
744
770
756
734
720
658
648
638
688
758
752
774
734
748
712
740
742
724
728
756
788
780
748
776
744
704
684
656
698
676
674
650
676
648
632
660
634
650
646
606
650
668
616
582
630
676
688
682
706
646
648
638
624
620
656
658
664
716
680
716
746
742
748
764
768
750
662
664
614
568
568
630
644
626
656
628
630
622
606
538
540
544
546
516
546
562
512
524
558
600
600
