1326
1230
1294
1336
1160
1168
1168
1242
1160
964
842
812
690
848
608
656
658
464
302
250
262
388
478
402
322
538
540
584
588
434
248
180
306
370
536
526
618
740
702
630
388
274
308
200
18
10
154
62
10
54
152
100
116
246
262
330
246
322
312
520
434
456
396
376
520
480
538
586
600
516
592
496
366
254
432
382
182
128
196
262
356
270
264
340
316
190
128
92
140
62
146
114
84
158
288
402
436
418
386
302
284
340
630
654
778
852
744
660
544
454
518
580
434
502
536
426
552
500
462
410
306
298
228
60
64
182
48
100
88
30
48
18
46
72
150
50
34
0
4
190
146
102
244
274
486
390
312
386
300
206
238
170
214
320
390
228
156
188
240
272
244
120
80
32
44
58
28
148
18
48
30
74
122
198
132
144
316
256
206
300
332
302
258
424
424
502
704
750
710
570
484
492
492
478
588
520
552
460
550
486
500
380
300
216
278
410
324
284
140
112
18
144
172
218
176
304
250
82
304
360
240
306
318
446
464
396
312
426
646
610
630
648
640
462
432
304
556
604
550
572
428
286
240
290
148
314
402
388
380
522
402
186
36
120
32
124
158
178
192
198
240
312
242
236
312
342
306
306
298
164
138
292
512
378
478
666
682
676
736
770
746
874
964
932
984
962
1046
984
948
912
856
882
790
682
566
554
774
912
912
1060
988
1004
974
1030
1268
1364
1320
1394
1186
860
728
750
752
868
1044
1184
994
1036
1112
1180
1246
1190
1248
1268
1188
1304
1304
1446
1316
1266
1202
1118
1006
992
990
990
820
696
834
720
748
944
1052
1120
1034
1186
1216
1138
1080
1074
1022
1256
1352
1366
1378
1464
1646
1688
1636
1642
1622
1594
1430
1570
1632
1544
1600
1596
1696
1590
1624
1572
1630
1550
1538
1696
1736
1628
1634
1562
1482
1358
1478
1572
1572
1634
1716
1662
1708
1854
1948
1902
1844
1838
1896
1906
1774
1542
1734
1770
1866
2044
1976
1938
1850
1766
1854
1822
1954
1926
1890
1676
1506
1602
1610
1532
1448
1466
1362
1346
1498
1530
1608
1722
1632
1718
1672
1846
1844
1780
1802
1826
1730
1878
1914
1892
1848
1698
1768
1972
1962
1806
1774
1770
1782
1806
1756
1738
1668
1554
1642
1576
1444
1416
1422
1412
1320
1494
1378
1424
1312
1296
1318
1230
1122
1090
1090
1262
1242
1134
1156
1196
1084
1140
1002
1072
1144
1292
1304
1318
1236
1326
1202
1032
1010
964
1016
970
960
992
932
1102
1012
1118
1038
1126
992
852
882
998
944
1044
1010
1136
1354
1266
1248
1032
1062
844
722
618
706
784
696
614
582
660
642
530
422
572
446
530
520
546
524
484
442
404
654
674
562
514
468
356
380
366
516
474
596
666
604
824
714
652
722
788
842
766
760
728
730
752
950
1036
1114
1154
1292
1292
1494
1610
1494
1412
1328
1376
1426
1342
1438
1426
1440
1500
1532
1542
1456
1424
1332
1400
1292
1326
1464
1612
1490
1478
1582
1422
1394
1500
1460
1512
1402
1446
1292
1268
1212
1266
1186
1082
984
1096
1192
1182
1006
1080
1100
1178
1002
988
1074
1160
1164
1330
1520
1580
1560
1484
1610
1608
1584
1478
1340
1468
1472
1350
1096
1070
1086
1068
1044
1038
1058
1006
1250
1164
1190
1292
1118
1120
1086
1136
1246
1240
1456
1528
1568
1456
1356
1516
1438
1490
1456
1504
1460
1474
1364
1378
1474
1334
1236
1234
1204
1318
1194
1096
1218
962
954
884
798
678
782
848
1000
852
814
724
722
650
496
460
444
482
416
376
346
310
174
50
16
72
8
118
130
180
164
268
232
244
264
134
128
340
370
224
116
72
18
150
86
222
196
234
242
224
172
146
384
408
690
770
852
840
952
1102
926
866
796
906
992
1036
858
814
774
768
898
944
978
982
986
944
834
734
678
806
826
558
520
440
414
250
186
256
156
236
108
70
286
558
714
788
774
866
918
948
944
886
752
684
736
704
740
732
792
862
836
800
972
976
954
1114
1134
1134
1106
1114
1012
950
990
1060
1030
928
818
772
846
728
836
778
684
648
798
878
658
662
676
674
666
752
778
644
684
932
934
988
1178
1338
1486
1378
1246
1200
1190
1116
1056
1102
1152
1206
1168
1176
1166
1184
1046
952
748
736
802
936
990
958
942
892
898
920
986
924
888
820
838
876
1020
938
1004
1034
958
1150
956
912
736
916
928
808
892
806
876
1104
1156
1024
1020
866
912
1014
1036
866
930
896
1032
870
984
936
1052
866
988
806
762
906
990
962
984
1210
1190
1194
1200
1194
1068
1096
1004
920
734
846
702
864
1030
1016
878
658
608
494
576
608
616
516
372
268
220
62
46
180
364
390
354
322
242
146
270
80
16
30
148
286
328
404
230
246
132
216
78
132
114
78
96
176
58
102
188
40
22
294
250
336
282
256
360
294
238
302
376
238
250
310
354
578
566
484
484
338
232
262
194
84
240
338
158
424
382
402
444
400
656
584
576
540
398
484
414
366
214
68
200
270
108
4
54
174
250
66
94
28
170
228
118
102
12
48
114
154
96
222
292
308
26
128
318
322
342
326
250
312
406
480
306
290
350
224
410
464
432
398
478
416
480
542
514
482
478
592
550
590
582
670
492
418
546
510
534
572
566
450
650
576
770
866
840
706
698
756
756
710
556
476
372
380
436
248
212
62
52
26
16
170
104
98
56
14
100
110
270
342
382
638
646
672
880
844
698
796
872
954
1044
1094
1100
1108
1148
1194
988
856
844
770
694
638
544
692
678
718
732
624
656
752
608
422
594
574
546
506
498
484
624
638
534
302
330
242
350
370
314
270
308
216
280
232
294
330
306
306
400
420
220
216
276
400
328
378
266
262
300
424
548
402
434
678
554
296
266
140
124
60
178
366
420
298
318
458
444
592
466
440
316
180
144
370
372
306
204
268
118
214
250
312
366
252
36
12
106
16
12
12
158
256
406
470
408
406
386
406
294
362
236
378
450
478
326
356
212
176
208
394
330
410
446
456
494
726
954
944
862
840
916
932
694
830
880
828
926
742
618
592
662
624
418
292
422
338
280
360
380
380
486
558
416
374
124
190
178
4
218
124
32
68
4
112
70
56
46
202
174
260
306
274
260
426
476
348
344
254
324
368
362
250
362
350
428
364
294
270
168
22
22
156
352
316
512
652
672
734
856
924
932
1094
1048
1050
1000
1050
1358
1358
1364
1340
1214
1102
1002
1012
966
822
766
982
928
988
988
946
862
1046
1000
1088
1368
1236
1120
1188
966
1180
1152
1042
876
872
882
804
898
798
840
866
808
908
820
786
824
906
766
562
530
460
362
302
220
240
158
266
282
518
410
472
546
504
562
536
562
544
480
290
314
366
308
204
466
638
440
548
498
560
672
828
838
734
494
444
542
424
528
626
650
574
560
550
554
492
488
532
642
656
512
586
518
598
570
694
592
716
556
622
622
364
302
348
422
436
634
520
574
542
642
704
832
918
974
1110
1116
1060
1120
1130
1114
1252
1380
1396
1372
1338
1278
1262
1224
1040
964
1114
1076
1240
1232
1326
1402
1288
1228
1146
1140
1398
1614
1676
1560
1662
1640
1674
1582
1386
1482
1558
1550
1564
1508
1498
1518
1448
1446
1414
1270
1394
1388
1604
1602
1880
1930
1878
1794
1800
1810
1816
1800
1686
1758
1756
1764
1888
1870
1964
2030
1722
1714
1708
1668
1682
1792
1716
1888
2140
2052
1930
1880
1864
1808
1606
1542
1630
1468
1378
1566
1618
1672
1796
1836
1990
2026
2232
2256
2088
2090
2100
1974
1970
1962
1822
1748
1752
1912
1988
1776
1532
1288
1230
1190
1352
1392
1268
1302
1280
1292
1242
1532
1622
1454
1598
1524
1514
1386
1276
1248
1244
1240
1226
1200
1034
906
898
940
870
672
798
856
776
744
820
784
834
730
814
890
822
716
750
572
586
434
254
80
74
24
86
20
44
110
104
66
10
156
50
26
62
152
176
32
100
214
252
332
268
298
234
182
314
254
124
292
64
192
160
214
106
246
146
174
106
52
86
78
200
178
192
0
58
16
72
32
22
52
92
100
286
308
184
30
140
184
174
116
158
248
308
328
550
518
658
604
676
682
716
874
810
756
792
824
854
928
878
904
952
868
740
660
594
704
798
892
782
852
832
938
1122
1116
1158
1150
1042
1102
1102
988
1022
930
856
914
1024
932
1064
992
1036
1066
1006
924
844
810
774
922
1034
892
842
814
1118
1232
1194
1308
1430
1326
1222
1184
1368
1236
1312
1214
1308
1394
1292
1208
1054
1060
974
1022
1012
1032
1064
1222
1192
1246
1166
1180
1110
1094
1162
1206
1278
1218
1344
1248
1314
1178
1136
1160
1264
1168
1188
1058
1086
1044
1042
980
932
888
916
892
710
710
670
836
918
822
750
712
650
754
828
614
638
418
456
444
386
484
482
368
296
288
288
110
160
354
384
706
672
534
434
524
496
408
530
486
430
316
488
542
546
568
536
708
628
612
750
756
898
1036
1144
836
764
612
666
558
638
640
586
746
726
754
854
922
836
1014
910
1026
1220
1086
1162
1178
1104
1178
1216
1246
1156
942
854
842
974
926
810
708
774
950
846
774
642
578
692
712
604
642
528
496
382
558
492
416
348
272
224
278
388
490
586
550
550
684
666
658
766
790
836
890
904
978
1014
858
1146
976
1170
1240
1258
1242
1202
1306
1288
1428
1362
1270
1226
1398
1316
1302
1190
1126
1138
1196
1320
1334
1304
1318
1322
1066
1018
1010
1126
1196
1064
1026
1034
946
996
876
1030
1114
1252
1124
1018
916
1090
1064
1136
1116
1208
1262
1304
1480
1656
1656
1606
1726
1642
1582
1454
1392
1382
1106
1152
1228
1236
1188
1204
1148
1328
1396
1218
1196
1278
1276
1270
1360
1342
1448
1366
1314
1190
1186
1224
1126
1018
1016
1132
1052
1064
1200
1274
1452
1548
1598
1376
1498
1620
1552
1766
1700
1586
1500
1470
1410
1318
1164
1106
1206
1228
1238
1334
1506
1664
1704
1796
1998
1932
1966
2032
2022
1850
1710
1770
1746
1974
1874
1786
1706
1536
1436
1494
1454
1376
1438
1552
1518
1470
1498
1394
1440
1454
1674
1708
1754
1928
1970
1932
1900
1934
