3464
3504
3434
3542
3530
3566
3594
3574
3588
3582
3536
3490
3510
3494
3466
3432
3502
3474
3528
3468
3436
3428
3432
3508
3566
3546
3600
3642
3566
3542
3526
3564
3618
3662
3660
3572
3606
3614
3568
3634
3536
3546
3616
3616
3592
3562
3642
3664
3612
3612
3610
3624
3674
3732
3712
3672
3684
3648
3568
3596
3564
3512
3500
3498
3562
3544
3580
3604
3578
3602
3566
3606
3630
3572
3610
3622
3628
3622
3552
3486
3516
3472
3508
3536
3570
3598
3592
3580
3566
3644
3592
3566
3514
3454
3428
3448
3462
3482
3530
3500
3428
3462
3418
3474
3514
3484
3498
3494
3474
3504
3530
3514
3516
3560
3604
3604
3582
3560
3570
3570
3600
3586
3596
3606
3578
3598
3568
3576
3608
3680
3648
3608
3632
3638
3622
3630
3600
3604
3634
3670
3620
3680
3680
3644
3674
3628
3696
3692
3662
3636
3616
3656
3622
3638
3598
3604
3596
3586
3552
3604
3634
3654
3696
3716
3692
3674
3678
3686
3754
3752
3684
3644
3626
3638
3654
3628
3612
3648
3560
3532
3596
3542
3540
3628
3648
3586
3644
3652
3606
3538
3528
3506
3582
3618
3656
3626
3628
3618
3598
3578
3578
3520
3456
3488
3498
3486
3534
3550
3572
3634
3638
3564
3634
3600
3548
3546
3516
3508
3496
3430
3402
3392
3456
3472
3414
3462
3480
3512
3472
3544
3540
3528
3486
3502
3472
3522
3550
3582
3666
3618
3634
3602
3592
3570
3534
3590
3544
3542
3590
3598
3638
3658
3610
3660
3652
3644
3652
3634
3676
3662
3716
3712
3726
3690
3636
3652
3720
3744
3774
3754
3746
3714
3714
3720
3732
3736
3738
3658
3648
3606
3582
3598
3576
3538
3494
3592
3606
3626
3616
3638
3558
3512
3448
3566
3500
3528
3580
3630
3600
3572
3578
3512
3522
3540
3598
3606
3658
3624
3586
3544
3566
3532
3504
3502
3522
3450
3526
3500
3606
3636
3584
3584
3488
3440
3458
3458
3410
3392
3482
3432
3364
3420
3402
3356
3342
3368
3372
3424
3452
3412
3472
3426
3368
3402
3464
3428
3402
3346
3396
3368
3372
3396
3452
3458
3422
3398
3356
3406
3424
3446
3470
3450
3390
3386
3404
3486
3478
3510
3474
3416
3450
3456
3452
3482
3484
3470
3522
3568
3582
3482
3516
3476
3462
3420
3452
3480
3494
3508
3536
3532
3570
3578
3572
3538
3550
3562
3560
3576
3564
3588
3638
3598
3624
3654
3638
3632
3650
3604
3566
3578
3610
3584
3572
3544
3628
3598
3606
3632
3612
3616
3622
3608
3602
3678
3686
3666
3584
3598
3634
3632
3588
3654
3614
3622
3554
3528
3558
3520
3482
3550
3526
3522
3492
3542
3554
3496
3526
3558
3626
3602
3590
3506
3458
3532
3504
3524
3434
3470
3480
3496
3582
3588
3658
3644
3614
3630
3618
3632
3604
3598
3542
3586
3604
3606
3656
3630
3682
3662
3668
3594
3596
3596
3566
3622
3598
3642
3662
3664
3666
3644
3592
3614
3576
3580
3642
3666
3642
3638
3612
3626
3618
3586
3562
3636
3578
3550
3528
3558
3446
3494
3464
3432
3442
3466
3558
3560
3602
3636
3668
3662
3644
3614
3586
3538
3570
3576
3602
3626
3638
3584
3584
3532
3542
3506
3494
3472
3526
3524
3554
3568
3546
3512
3554
3586
3560
3522
3526
3580
3540
3602
3624
3600
3612
3572
3576
3540
3488
3524
3618
3644
3552
3622
3618
3780
3758
3682
3728
3718
3674
3692
3682
3560
3588
3654
3660
3642
3674
3680
3650
3638
3652
3600
3626
3608
3576
3578
3546
3560
3480
3454
3502
3480
3492
3418
3518
3546
3538
3478
3390
3392
3368
3406
3412
3408
3404
3392
3350
3348
3440
3438
3410
3404
3424
3410
3424
3486
3486
3528
3504
3524
3518
3552
3502
3582
3568
3558
3594
3568
3582
3556
3588
3582
3600
3530
3526
3460
3456
3494
3530
3556
3582
3512
3486
3538
3574
3630
3670
3662
3692
3654
3598
3636
3588
3600
3604
3506
3558
3526
3520
3496
3526
3552
3510
3500
3458
3378
3442
3478
3484
3552
3550
3516
3534
3510
3538
3542
3568
3532
3506
3508
3532
3498
3528
3512
3522
3522
3500
3492
3562
3554
3548
3546
3580
3568
3560
3526
3482
3436
3456
3484
3418
3374
3308
3392
3428
3448
3470
3542
3526
3456
3508
3548
3642
3672
3680
3700
3680
3632
3654
3660
3616
3604
3622
3588
3604
3620
3546
3526
3484
3518
3540
3530
3478
3492
3446
3444
3488
3498
3454
3428
3502
3454
3456
3478
3468
3458
3494
3478
3478
3486
3488
3436
3420
3384
3394
3378
3408
3400
3404
3390
3404
3400
3444
3370
3378
3380
3312
3350
3280
3266
3244
3302
3358
3416
3442
3466
3532
3442
3420
3462
3498
3492
3462
3424
3386
3408
3504
3572
3540
3480
3526
3496
3520
3492
3514
3514
3468
3426
3398
3368
3372
3466
3458
3440
3446
3418
3422
3394
3472
3522
3538
3554
3472
3436
3390
3464
3516
3512
3472
3448
3484
3472
3428
3430
3406
3426
3418
3446
3462
3506
3474
3548
3514
3552
3518
3480
3468
3428
3448
3522
3552
3590
3578
3568
3532
3524
3528
3536
3560
3544
3592
3550
3604
3622
3634
3606
3620
3668
3662
3624
3568
3544
3552
3520
3452
3470
3496
3492
3520
3472
3550
3564
3594
3582
3542
3486
3408
3388
3504
3522
3504
3534
3500
3482
3478
3524
3558
3562
3594
3634
3646
3628
3614
3590
3594
3610
3608
3528
3552
3528
3448
3418
3490
3484
3468
3534
3484
3500
3518
3480
3588
3616
3558
3510
3476
3444
3392
3410
3396
3286
3290
3288
3336
3298
3306
3266
3286
3324
3300
3280
3330
3384
3394
3370
3304
3372
3392
3356
3356
3424
3434
3430
3392
3448
3446
3436
3450
3420
3470
3434
3396
3400
3390
3384
3488
3516
3528
3534
3552
3576
3538
3530
3568
3628
3644
3604
3580
3578
3602
3526
3546
3570
3600
3560
3592
3622
3612
3596
3662
3618
3604
3638
3624
3610
3626
3620
3618
3592
3660
3668
3640
3602
3532
3510
3492
3528
3532
3594
3592
3586
3576
3612
3604
3536
3504
3494
3464
3470
3468
3426
3436
3450
3496
3388
3398
3474
3434
3470
3404
3414
3342
3352
3340
3392
3434
3436
3388
3380
3396
3454
3444
3384
3328
3366
3402
3448
3474
3442
3434
3404
3332
3364
3440
3422
3412
3452
3364
3424
3466
3482
3436
3416
3404
3404
3394
3478
3472
3398
3350
3306
3384
3442
3380
3360
3378
3406
3458
3490
3508
3504
3478
3504
3470
3508
3482
3426
3474
3534
3574
3546
3534
3496
3562
3552
3564
3486
3464
3482
3448
3478
3494
3500
3518
3516
3396
3432
3458
3456
3434
3488
3458
3444
3384
3400
3400
3508
3562
3494
3502
3436
3462
3408
3390
3358
3302
3312
3276
3338
3344
3384
3372
3354
3444
3484
3532
3516
3546
3574
3600
3526
3528
3502
3558
3496
3514
3526
3492
3466
3468
3454
3410
3442
3502
3542
3496
3498
3530
3598
3546
3514
3518
3486
3514
3442
3538
3522
3614
3634
3658
3630
3636
3660
3660
3726
3718
3674
3698
3706
3696
3716
3698
3722
3736
3640
3616
3648
3640
3638
3596
3624
3582
3590
3648
3632
3566
3528
3526
3554
3598
3564
3616
3570
3630
3656
3658
3662
3662
3682
3696
3736
3718
3696
3674
3594
3582
3598
3650
3626
3670
3650
3654
3684
3612
3558
3548
3466
3558
3484
3510
3514
3524
3528
3568
3588
3536
3532
3476
3532
3576
3516
3554
3570
3626
3552
3550
3540
3616
3630
3552
3610
3614
3672
3664
3630
3626
3596
3640
3706
3698
3714
3732
3684
3742
3730
3722
3706
3702
3674
3670
3642
3638
3638
3600
3562
3474
3434
3370
3390
3434
3422
3468
3510
3546
3578
3624
3618
3606
3556
3518
3408
3440
3424
3410
3424
3472
3488
3476
3506
3492
3496
3494
3512
3538
3578
3622
3514
3590
3590
3606
3582
3564
3628
3582
3560
3602
3588
3616
3668
3624
3620
3668
3726
3684
3702
3672
3700
3670
3696
3720
3686
3686
3674
3648
3616
3610
3596
3642
3652
3662
3606
3582
3612
3622
3644
3644
3574
3562
3550
3502
3510
3518
3554
3490
3504
3536
3612
3576
3578
3520
3462
3458
3474
3464
3450
3418
3388
3432
3384
3392
3444
3468
3488
3488
3502
3542
3554
3534
3458
3478
3516
3442
3364
3306
3270
3336
3348
3350
3406
3418
3368
3410
3460
3514
3566
3532
3524
3530
3592
3570
3566
3626
3624
3672
3708
3700
3678
3684
3686
3644
3610
3622
3640
3646
3634
3636
3616
3578
3564
3512
3558
3562
3550
3598
3628
3586
3554
3566
3532
3540
3514
3570
3614
3632
3608
3592
3602
3640
3632
3668
3640
3622
3604
3592
3580
3546
3612
3592
3586
3600
3584
3500
3536
3600
3574
3592
3602
3588
3618
3658
3652
3692
3688
3708
3596
3560
3558
3558
3552
3484
3482
3486
3490
3486
3476
3492
3502
3508
3464
3502
3538
3508
3512
3518
3498
3486
3610
3540
3526
3570
3576
3610
3582
3574
3590
3556
3622
3598
3586
3600
3586
3602
3622
3596
3598
3582
3520
3586
3554
3578
3652
3660
3718
3688
3698
3678
3704
3714
3720
3704
3710
3712
3684
3652
3632
3692
3670
3688
3722
3682
3714
3634
3632
3616
3654
3610
3594
3620
3586
3574
3614
3634
3614
3596
3572
3568
3504
3516
3504
3502
3428
3504
3476
3532
3544
3616
3620
3616
3642
3648
3632
3654
3756
3718
3672
3594
3608
3614
3626
3666
3606
3660
3642
3644
3662
3620
3548
3496
3550
3510
3504
3534
3512
3552
3564
3542
3628
3614
3610
3592
3596
3608
3620
3664
3702
3660
3640
3594
3592
3614
3694
3718
3710
3702
3664
3728
3716
3690
3700
3708
3686
3576
3564
3540
3522
3514
3532
3534
3538
3500
3472
3514
3486
3560
3572
3578
3638
3688
3728
3692
3694
3666
3646
3612
3682
3700
3658
3636
3630
3672
3600
3538
3592
3590
3662
3620
3642
3678
3684
3626
3596
3502
3546
3588
3546
3566
3526
3602
3640
3654
3656
3640
3602
3652
3684
3650
3604
3570
3570
3542
3572
3600
3644
3644
3660
3662
3656
3652
3600
3598
3594
3664
3672
3670
3614
3632
3596
3624
3654
3676
3676
3652
3658
3680
3612
3654
3640
3628
3594
3602
3558
3544
3594
3528
3608
3550
3512
3554
3504
3584
3558
3588
3620
3672
3654
3636
3638
3644
3652
3706
3726
3660
3608
3546
3514
3558
3586
3594
3576
3562
3560
3538
3592
3600
3562
3614
3630
3614
3584
3588
3654
3624
3670
3628
3612
3562
3602
3614
3594
3604
3646
3582
3648
3680
3654
3656
3710
3698
3714
3700
3696
3668
3682
3662
3608
3594
3590
3648
3604
3538
3520
3508
3560
3594
3620
3600
3632
3566
3622
3664
3670
3634
3560
3534
3552
3540
3570
3552
3574
3514
3552
3576
3562
3580
3590
3644
3578
3568
3554
3526
3532
3568
3564
3552
3494
3506
3446
3508
3512
3498
3510
3532
3500
3508
3496
3434
3506
3522
3490
3488
3520
3502
3520
3494
3442
3452
3434
3466
3440
3374
3372
3278
3404
3400
3450
3456
3476
3474
3440
3426
3430
3468
3398
3408
3358
3436
3464
3436
3430
3462
3446
3514
3486
3524
3554
3544
3506
3470
3556
3560
3556
3580
3554
3456
3520
3536
3534
3520
3566
3592
3646
3684
3650
3616
3606
3636
3582
3600
3580
3578
3652
3602
3636
3588
3650
3626
3660
3626
3558
3574
3560
3552
3484
3532
3414
3464
3482
3530
3546
3544
3552
3516
3536
3540
3488
3536
3544
3488
3546
3616
3600
3610
3616
3604
3618
3594
3566
3590
3630
3628
3622
3638
3676
3698
3720
3696
3682
3598
3546
3586
3630
3540
3626
3634
3616
3638
3604
3580
3640
3658
3612
3654
3598
3634
3662
3692
3710
3674
3662
3676
3660
3706
3642
3636
3568
3626
3672
3638
3660
3666
3648
3692
3656
3628
3572
3642
3612
3638
3600
3596
3558
3612
3594
3576
3578
3488
3558
3536
3486
3518
3516
3536
3600
3584
3518
3544
3514
3494
3488
3576
3538
3570
3554
3524
3520
3546
3578
3584
3568
3530
3546
3582
3558
3512
3550
3586
3574
3558
3552
3524
3570
