452
458
452
512
514
512
554
536
542
582
632
624
566
500
562
568
522
488
512
596
592
572
660
660
620
664
630
678
724
700
694
724
710
746
760
748
750
738
756
750
780
786
740
684
714
730
740
782
752
762
764
798
796
792
816
794
806
744
752
744
792
760
756
762
716
704
650
654
668
630
664
656
636
614
628
622
640
716
736
764
786
768
728
708
688
600
610
610
592
578
576
534
494
498
482
476
508
494
472
462
460
486
510
470
482
464
458
476
464
434
416
390
390
396
452
368
398
416
354
378
366
374
322
340
328
304
236
208
248
226
298
344
374
354
306
316
364
292
318
298
316
340
382
386
368
314
294
274
282
308
310
364
400
336
264
242
282
274
212
156
152
184
116
98
118
198
184
254
236
150
236
280
286
250
214
250
154
178
222
240
244
252
222
186
248
258
194
238
248
198
176
180
150
210
234
240
238
266
288
286
272
308
324
278
304
304
252
206
230
228
262
240
282
276
306
300
370
348
382
344
370
282
242
256
296
286
300
302
338
340
340
356
360
378
378
410
406
420
406
414
354
422
454
436
394
380
392
352
348
308
318
330
402
458
404
440
350
304
300
292
284
266
272
250
290
286
322
318
342
346
340
292
280
274
256
272
280
256
118
110
104
174
188
162
154
146
112
176
160
190
154
154
146
164
186
110
120
88
112
78
84
36
56
38
64
86
94
104
104
136
78
168
194
186
176
190
172
158
146
58
110
106
106
94
90
66
6
38
16
4
26
44
84
72
96
94
150
160
150
136
122
108
108
160
170
182
180
168
110
132
160
208
194
236
256
334
286
258
246
208
192
220
246
286
284
310
306
326
334
302
292
356
400
366
356
320
340
316
292
306
358
346
318
276
268
270
322
334
344
296
270
324
386
384
386
350
338
372
434
450
496
466
452
466
446
468
494
538
520
488
504
476
502
532
528
504
494
486
528
586
550
612
602
586
596
574
564
582
594
580
582
610
622
590
562
642
638
662
688
708
676
676
628
662
628
658
662
652
678
680
664
654
696
648
666
700
692
676
714
694
724
796
784
806
788
794
778
740
708
736
764
746
802
790
752
758
770
786
758
778
768
720
700
706
730
744
744
718
690
720
736
760
718
720
680
640
614
632
606
644
652
654
700
666
676
686
702
658
698
666
690
728
740
728
762
734
708
706
754
734
722
710
690
736
736
648
624
648
620
590
582
602
638
628
674
614
620
612
662
676
674
686
664
680
652
654
660
586
570
556
510
526
562
592
596
590
592
538
524
556
552
552
530
532
568
616
646
652
660
624
670
718
682
704
678
666
700
690
668
654
656
644
600
608
596
596
590
640
658
630
670
632
648
628
652
684
684
646
644
620
682
674
644
644
648
674
650
650
640
640
652
686
734
742
748
724
688
700
688
744
744
694
732
722
702
768
806
760
742
704
642
642
630
654
638
624
630
640
614
630
622
642
618
650
658
654
664
560
598
648
614
678
696
692
692
660
694
686
692
714
724
754
736
692
700
698
718
726
660
602
560
554
502
576
600
564
510
504
528
542
534
516
488
472
506
528
580
590
576
594
600
620
562
534
534
506
492
514
528
486
472
498
474
452
478
466
452
418
390
352
324
256
346
316
296
320
324
304
284
334
322
336
298
282
258
288
266
248
250
222
294
280
256
268
282
276
246
198
164
128
82
90
156
156
108
132
128
102
102
106
74
66
106
122
134
122
144
114
122
104
128
130
142
150
120
106
132
176
176
146
150
138
178
196
178
148
166
174
212
184
230
232
188
142
152
136
122
148
136
22
2
28
18
44
48
114
100
166
112
126
48
68
44
50
66
76
44
26
58
34
64
62
16
2
14
28
20
32
6
14
42
22
6
18
56
110
90
178
160
162
154
148
160
184
188
138
150
134
166
168
190
230
218
144
148
142
160
160
202
210
172
164
170
156
186
188
200
182
162
194
212
224
234
216
208
186
210
190
164
164
260
272
272
224
206
188
180
134
144
142
130
94
154
154
198
134
100
72
80
54
36
106
118
156
122
176
176
182
130
120
124
130
100
92
102
74
98
94
104
52
50
70
74
84
148
78
70
52
38
22
58
12
20
78
120
78
122
160
132
148
174
162
194
214
168
212
214
204
202
186
212
254
226
210
216
230
258
252
266
242
222
192
204
204
194
204
174
140
196
210
238
244
264
272
204
226
212
156
98
108
136
120
88
78
80
102
122
108
88
68
16
30
92
100
120
68
56
74
112
86
78
88
78
84
112
92
56
40
32
36
14
44
86
28
52
20
8
8
10
60
52
88
82
114
52
62
38
14
50
30
0
28
4
68
46
22
30
38
78
54
28
50
6
8
28
60
76
74
70
130
68
48
90
176
190
156
218
238
186
228
288
320
310
342
406
418
424
394
432
442
440
462
472
506
498
476
474
516
528
524
514
504
462
462
448
432
422
470
422
412
428
448
460
426
376
400
404
382
382
460
458
424
462
452
498
500
546
532
464
434
470
492
488
558
598
570
558
508
540
592
550
576
586
590
576
512
482
490
516
504
530
546
542
566
570
564
614
620
642
588
588
612
594
590
610
628
620
616
636
552
530
518
502
482
480
472
498
514
508
520
506
514
492
512
510
496
484
460
436
404
384
374
398
430
424
404
388
386
380
394
386
408
414
428
352
326
310
306
364
342
358
382
368
304
280
272
240
236
216
216
208
202
248
216
182
196
236
198
220
152
146
98
100
88
136
168
114
94
82
68
68
110
182
184
226
224
216
214
202
198
228
208
168
176
214
144
182
174
172
140
112
122
104
112
16
46
60
44
20
32
58
34
48
114
142
144
184
208
206
242
284
240
288
260
262
300
328
328
340
360
338
344
366
400
406
376
334
316
346
370
350
352
310
332
368
310
306
278
268
208
218
250
266
262
252
238
254
260
248
218
188
170
166
188
140
188
138
190
158
74
28
24
40
62
112
130
128
114
100
88
56
62
94
94
106
116
154
160
210
236
230
280
300
272
260
322
304
304
300
260
278
284
256
222
242
264
258
244
270
270
216
294
340
328
294
328
364
356
374
370
344
362
376
380
426
378
362
350
356
380
396
424
460
496
514
510
466
442
418
440
480
508
468
472
460
448
502
500
428
408
400
408
380
352
308
282
306
326
334
360
376
338
324
306
260
214
186
200
182
158
190
160
178
176
192
150
130
174
162
182
236
196
162
122
114
108
66
98
130
124
116
146
114
90
132
118
88
90
100
72
8
10
10
10
24
12
44
58
80
110
76
100
54
14
18
2
30
22
36
14
28
90
92
46
54
30
32
18
22
28
26
48
50
62
110
142
82
92
118
90
48
26
36
10
10
28
24
8
48
30
6
8
44
100
100
80
40
32
2
22
12
2
44
50
68
88
86
86
116
130
110
110
82
114
122
102
118
74
38
14
44
100
100
72
104
112
96
118
76
82
110
114
124
52
92
140
134
116
74
48
16
40
52
70
62
16
20
102
62
62
58
66
18
36
40
14
24
48
52
2
66
64
40
4
88
58
94
18
8
6
2
22
2
36
66
16
16
40
54
18
20
120
84
70
66
116
114
70
86
150
128
104
86
114
130
140
134
156
170
168
174
72
36
62
28
44
36
28
16
32
4
12
106
70
90
126
136
134
110
82
60
98
102
58
34
24
42
78
86
78
90
60
50
22
22
58
108
116
112
146
142
116
94
84
164
164
168
180
144
118
106
98
92
162
208
202
174
182
262
324
348
322
354
334
404
374
434
454
508
544
538
510
500
510
516
502
534
530
502
490
478
474
418
450
472
390
420
394
358
398
338
280
276
244
272
302
342
356
362
386
350
348
338
324
272
198
150
128
114
118
110
158
192
208
202
202
204
170
150
98
64
42
34
102
108
94
108
118
174
236
240
218
232
208
160
134
112
142
120
72
64
24
12
12
12
34
58
102
106
106
82
38
40
62
74
34
62
70
80
142
126
60
42
92
98
140
90
134
110
104
112
76
156
140
146
156
92
70
134
66
104
134
174
166
112
38
30
52
76
98
112
150
164
158
162
206
198
188
170
168
164
156
144
130
94
62
46
6
48
14
60
74
98
114
64
54
44
90
84
96
86
66
76
68
72
30
26
40
42
76
100
94
116
132
114
94
60
66
42
0
34
34
44
64
84
132
50
16
72
50
38
40
62
42
46
38
100
72
130
144
162
76
60
22
18
6
34
24
38
32
8
28
74
26
16
24
60
72
42
20
22
120
130
160
128
162
166
172
140
140
178
176
90
106
156
182
166
212
234
236
238
260
304
308
298
306
286
304
318
370
416
442
460
444
438
430
412
380
426
380
370
404
424
364
374
432
420
384
390
438
474
496
498
506
494
460
510
468
460
464
486
478
504
518
480
484
496
456
418
422
510
510
544
542
480
530
596
594
586
604
608
652
632
654
592
620
628
654
674
620
606
618
628
618
574
568
616
582
632
666
684
718
678
628
632
628
626
642
642
672
680
650
628
678
666
658
652
626
598
588
550
548
570
560
528
536
504
512
470
464
