742
716
740
760
736
786
806
826
818
772
718
722
700
668
670
670
696
660
700
724
698
678
666
644
626
636
648
664
682
654
638
666
726
750
746
756
822
824
796
814
804
838
812
764
790
788
810
800
782
776
788
738
714
648
646
654
716
686
686
750
734
748
720
714
708
696
698
720
718
698
666
646
654
664
650
668
692
720
712
750
778
754
776
782
776
770
760
788
826
822
810
768
774
712
706
706
710
684
662
636
642
596
602
586
594
592
616
600
608
606
600
534
510
566
540
520
500
564
582
566
594
582
616
596
540
524
544
556
582
576
576
562
542
552
546
474
464
458
478
424
394
364
420
436
444
482
498
464
416
408
394
452
462
518
494
474
478
486
466
480
486
452
450
386
364
372
410
368
342
360
320
310
262
302
256
256
254
280
314
316
366
360
372
326
370
396
362
320
358
384
400
356
408
360
410
400
440
488
406
388
398
380
376
408
380
410
426
446
458
458
438
390
376
440
406
398
396
424
308
304
296
284
264
302
278
260
282
270
242
242
242
260
284
310
294
274
286
314
336
352
288
328
310
256
198
176
170
156
194
164
132
122
42
12
54
42
42
8
12
28
48
62
18
30
46
0
16
6
20
78
82
82
76
52
62
14
16
50
6
42
32
16
44
52
40
24
34
22
8
26
28
14
46
60
116
174
204
182
228
238
222
236
278
302
310
370
366
350
312
306
282
250
284
294
284
254
246
208
206
224
186
186
172
164
168
196
184
168
202
252
296
306
304
330
356
402
388
396
434
462
446
438
446
416
376
316
306
284
294
242
270
286
262
254
248
328
330
316
306
302
314
308
308
288
280
310
288
276
274
290
298
262
222
240
228
130
118
140
148
166
216
208
206
294
282
292
264
256
256
278
278
272
322
250
218
216
194
180
144
156
132
160
176
122
156
228
212
252
260
254
220
188
220
250
288
302
324
340
298
256
232
222
228
190
218
214
318
236
228
228
228
318
290
280
282
322
312
268
226
286
308
318
338
312
344
348
404
376
386
358
328
302
332
282
236
236
246
282
326
320
312
278
324
336
352
362
382
426
440
438
388
392
408
432
452
472
470
484
432
426
422
458
494
514
540
578
580
594
590
590
574
592
554
522
540
554
544
578
574
542
482
544
524
522
494
458
438
440
444
414
406
416
434
448
384
346
340
262
284
244
224
238
264
248
220
236
264
264
232
250
224
220
220
168
178
174
140
132
132
114
102
106
120
120
126
80
26
12
12
2
48
52
54
24
18
46
22
0
26
58
70
90
50
38
46
56
20
68
98
76
36
52
68
104
96
22
52
22
22
54
38
132
172
158
176
168
190
268
300
322
350
416
416
380
338
344
334
294
278
350
282
286
292
268
272
254
300
326
312
344
354
334
406
464
444
448
400
406
406
424
422
446
452
442
464
418
488
518
530
524
474
414
430
420
382
332
320
312
272
240
238
252
222
236
236
274
222
216
204
238
268
290
246
192
232
268
252
246
224
180
142
154
182
172
172
158
142
150
94
118
136
94
126
104
34
38
24
20
18
50
40
94
76
22
10
32
16
36
32
20
14
30
16
22
64
54
48
112
108
40
12
80
132
136
150
152
156
160
162
120
124
146
172
182
170
150
190
254
300
290
302
348
326
280
310
300
314
320
308
248
258
280
342
328
344
320
370
362
340
322
304
290
264
266
280
296
284
286
260
300
338
324
266
284
254
336
354
416
420
406
392
392
354
394
398
362
360
366
358
338
330
356
342
350
346
378
468
494
490
508
520
508
574
558
588
584
642
640
662
672
642
618
608
554
552
544
528
488
462
486
480
504
534
518
538
564
548
504
478
476
490
462
478
480
440
414
366
408
454
494
518
478
540
526
516
498
470
484
426
390
412
446
478
460
434
438
364
344
364
352
322
348
364
336
358
336
308
310
316
254
240
176
188
218
200
230
264
262
256
260
256
306
352
348
314
310
372
370
388
432
444
518
468
420
470
494
514
508
522
500
498
460
414
396
404
442
398
388
342
304
272
264
254
288
276
290
242
198
180
126
130
142
164
118
132
116
128
188
232
214
198
188
166
122
182
210
268
282
258
246
250
252
242
272
314
328
292
296
294
298
304
330
330
318
346
344
358
340
384
396
472
494
504
488
458
464
456
398
438
436
454
446
398
438
476
464
426
400
418
438
458
438
378
470
480
464
460
446
398
408
424
388
344
308
304
284
252
330
326
338
402
436
454
452
452
514
506
494
520
536
542
520
526
536
500
474
450
416
380
430
454
488
482
484
402
420
392
358
314
256
240
278
250
202
182
154
228
274
248
244
304
300
284
330
320
254
258
238
206
214
190
158
158
172
178
156
150
150
138
114
88
62
86
106
92
90
60
86
90
94
88
134
110
166
154
120
78
104
110
152
114
136
124
140
198
232
180
180
182
182
168
154
140
104
144
108
160
136
178
206
166
216
210
176
272
246
230
210
258
262
238
264
250
342
330
298
344
372
320
300
300
306
324
304
294
272
306
298
314
398
356
360
314
336
342
316
344
340
340
384
412
430
442
452
498
486
500
468
456
506
536
528
538
548
534
570
568
586
596
618
610
620
590
560
568
600
584
586
576
574
602
544
528
524
578
576
592
574
630
640
658
650
612
568
614
600
594
604
608
622
620
686
702
678
666
704
734
744
712
684
664
644
644
638
626
658
628
626
616
568
592
624
634
652
604
638
614
598
584
618
616
648
630
638
696
688
752
740
760
740
718
738
716
746
708
738
748
712
752
746
714
696
682
680
668
700
692
704
706
718
686
668
678
732
748
750
770
818
792
794
828
824
818
804
752
770
796
788
772
794
776
752
812
844
806
828
832
836
834
832
826
830
824
856
862
834
792
812
806
810
790
754
778
838
776
800
742
722
688
654
706
704
658
698
714
706
670
608
640
646
678
696
630
634
628
656
664
678
730
756
806
806
772
826
818
842
840
836
818
800
824
824
826
824
798
800
810
766
740
690
644
648
672
656
594
608
590
604
620
616
604
556
554
586
600
620
576
574
552
528
604
520
548
534
514
546
476
442
430
418
386
406
450
484
492
432
392
344
316
338
350
330
332
296
248
272
266
306
298
294
292
326
312
318
280
270
266
288
256
216
258
278
256
240
276
276
276
268
280
268
244
282
314
310
296
268
294
266
274
280
258
276
260
216
208
234
222
226
260
288
242
234
240
272
262
206
210
254
276
298
300
328
334
286
260
258
244
308
306
300
338
340
348
368
408
378
420
522
488
436
458
488
444
470
434
436
450
462
450
470
476
470
426
404
464
480
462
486
486
510
510
506
568
564
606
616
622
570
542
530
582
626
582
600
616
652
654
626
612
610
636
614
616
568
546
534
492
502
562
596
616
616
622
696
656
660
632
690
676
664
668
686
694
696
710
752
754
762
786
778
770
768
756
776
752
726
704
692
696
704
698
710
706
730
736
750
758
802
768
784
826
828
848
856
846
838
798
790
796
784
762
802
752
772
754
720
686
672
658
666
662
674
698
698
678
706
760
726
694
682
674
702
706
696
668
634
634
630
630
604
644
614
616
628
606
634
678
668
672
634
646
634
658
678
664
606
566
594
572
608
632
634
630
662
662
664
674
744
742
756
750
786
794
770
760
762
708
694
692
734
696
710
682
658
610
620
618
592
600
574
564
578
604
608
574
600
590
644
624
626
598
602
572
572
564
592
594
546
596
576
598
630
604
522
520
470
478
488
492
482
486
506
532
510
510
526
494
496
492
514
538
518
494
488
532
520
590
568
544
584
580
584
600
560
570
526
474
452
452
502
536
558
550
562
540
560
596
630
626
594
588
570
548
592
612
572
542
524
580
578
616
616
618
626
614
610
616
612
614
636
616
680
700
700
692
726
736
706
700
648
666
630
620
588
570
600
556
548
566
614
604
606
614
630
606
610
602
642
630
642
624
612
626
612
594
554
548
556
578
562
528
526
530
514
490
520
534
494
530
554
516
558
516
510
520
480
472
446
426
466
464
500
504
496
496
478
494
494
458
456
420
440
452
484
460
474
486
500
556
548
546
528
524
540
538
550
488
456
456
438
428
424
446
452
486
448
474
424
428
428
474
504
572
564
526
508
454
450
456
436
456
416
388
376
402
440
460
494
472
450
460
462
414
462
452
498
490
516
544
550
584
566
514
482
498
444
462
402
430
462
428
392
400
410
430
404
444
420
390
398
426
410
466
432
470
466
484
456
456
402
338
312
266
268
300
306
288
246
168
164
144
124
106
106
106
108
70
54
58
26
26
14
2
2
0
46
0
76
58
64
122
160
196
194
178
178
184
128
106
132
164
102
62
28
62
48
62
54
30
34
36
18
8
44
56
58
60
46
60
2
62
94
116
110
128
184
224
240
230
276
314
334
320
288
292
344
370
426
406
382
408
384
432
442
488
452
442
478
478
488
532
538
524
538
578
580
622
598
560
542
504
544
546
532
530
484
466
430
444
472
462
504
468
474
466
442
446
426
406
398
418
384
386
418
418
426
450
468
424
384
