1836
1738
1680
1598
1362
1252
1358
1504
1420
1464
1452
1520
1348
1210
1390
1364
1504
1450
1340
1290
1494
1504
1448
1448
1282
1296
1398
1316
1306
1222
1156
992
906
770
832
870
782
898
924
914
888
944
984
978
982
1024
1040
988
874
988
944
604
522
434
494
376
480
348
322
278
240
358
292
436
498
550
650
668
698
792
784
934
788
742
682
630
518
396
360
340
474
338
490
524
422
308
314
286
462
616
552
520
442
468
616
564
652
690
510
672
720
560
494
406
466
638
700
804
594
704
826
644
550
634
640
676
836
932
792
918
980
878
800
902
950
868
802
742
844
878
782
736
524
464
346
104
28
72
64
92
42
126
42
92
184
208
232
42
22
114
34
146
268
234
356
492
436
510
408
570
530
314
100
264
384
470
524
524
516
604
470
558
462
552
496
620
668
470
256
318
358
328
284
496
402
296
130
248
388
412
318
250
442
528
362
318
366
310
368
324
322
228
228
218
290
234
196
162
280
238
278
206
174
178
266
270
300
292
174
200
264
176
308
426
546
498
770
708
716
460
434
580
572
714
720
672
586
594
682
730
678
696
566
508
342
432
322
346
310
372
364
324
304
368
478
410
406
332
558
708
698
706
674
522
518
478
502
458
516
364
328
188
148
44
214
240
148
54
156
78
8
40
8
64
226
154
212
174
174
328
158
218
460
400
336
266
492
404
420
286
340
174
284
462
344
458
260
214
132
236
284
136
234
294
502
252
196
6
32
90
124
120
102
34
112
236
276
264
312
528
454
514
666
674
802
730
594
592
516
538
566
556
648
620
538
622
498
420
312
452
404
408
352
352
290
166
326
454
542
528
412
426
576
870
768
652
440
378
524
450
548
662
706
876
772
884
852
924
882
1068
1228
1192
1160
1068
926
804
688
622
720
748
786
830
734
656
902
852
982
972
1054
1170
1328
1360
1252
1136
1192
1136
1232
1048
1070
1068
866
836
892
940
996
1160
1118
1010
1122
1132
1090
1146
1196
1154
1160
1184
1022
950
922
904
1048
1144
1122
1140
1162
1116
1208
1368
1296
1316
1212
1210
1310
1652
1516
1526
1530
1524
1518
1384
1378
1372
1322
1376
1466
1446
1492
1522
1552
1478
1544
1598
1580
1564
1548
1318
1270
1222
1178
1096
1236
1060
1058
1132
1066
1104
1342
1352
1206
1246
1128
1158
1064
1264
1094
952
916
900
784
858
740
816
744
518
428
452
682
576
850
830
844
994
706
858
718
786
766
698
526
502
502
172
234
394
246
122
164
158
222
58
44
50
32
86
300
230
66
82
130
148
102
64
94
18
12
52
62
90
56
188
206
40
142
160
80
70
256
274
276
234
194
248
334
172
116
210
352
410
412
406
298
216
70
84
122
10
166
254
60
52
124
12
58
124
74
52
124
56
26
98
84
184
84
100
204
294
30
220
228
164
206
26
6
28
220
292
280
198
408
304
450
518
440
296
328
300
420
300
330
384
464
346
234
512
590
880
892
724
422
358
266
70
196
166
66
110
30
212
348
498
376
294
442
532
524
592
384
406
296
356
494
474
502
216
122
28
220
210
184
210
358
560
446
390
384
418
568
582
522
820
858
794
832
762
934
978
1064
1048
1144
1036
1008
1064
1128
1218
1334
1314
1380
1184
1154
1240
1262
1236
1342
1232
1186
1082
1154
988
792
850
862
790
1008
992
934
954
842
992
952
924
820
832
996
962
1046
1022
1128
994
1168
1190
1270
1348
1118
1134
980
1038
1000
1016
932
1014
1122
1108
986
992
914
928
964
1054
1230
1220
1062
994
948
700
828
892
898
784
700
754
702
850
882
734
842
994
1058
1268
1356
1164
1408
1388
1424
1408
1532
1504
1376
1496
1590
1778
1740
1816
1600
1442
1408
1416
1414
1474
1488
1528
1536
1452
1426
1548
1560
1672
1452
1502
1440
1214
1324
1530
1382
1302
1400
1312
1494
1322
1264
1248
1276
1164
1142
1182
1014
996
892
868
1054
920
882
1056
1152
1034
1112
1166
1052
896
988
842
786
822
732
718
690
852
870
646
554
490
464
530
506
410
572
684
658
652
630
402
280
142
16
114
142
254
342
426
280
190
100
82
20
168
66
372
396
308
346
262
214
184
240
206
274
256
374
416
216
284
282
158
42
174
230
156
180
172
142
100
314
286
238
268
272
276
216
224
74
174
106
44
90
84
12
8
8
138
174
130
150
8
58
140
196
384
328
318
324
432
530
632
596
678
596
480
422
412
374
274
284
334
354
106
324
332
312
464
664
534
476
488
538
622
730
430
264
230
248
174
172
70
38
34
194
98
82
14
20
48
104
250
268
266
342
414
444
556
398
416
266
354
360
256
232
200
68
196
160
134
42
114
164
126
118
180
294
254
218
292
304
406
394
224
156
172
212
70
56
92
300
492
600
482
374
604
558
582
554
624
806
792
716
704
642
712
610
664
596
578
474
466
562
494
358
436
356
456
382
192
88
22
118
190
14
54
38
14
24
64
118
72
68
300
376
324
324
238
214
280
442
278
190
288
470
324
274
280
254
302
370
252
188
132
56
56
134
144
156
202
218
282
166
276
164
260
262
348
340
324
448
526
616
574
458
332
480
396
578
608
578
374
528
576
672
828
886
980
1004
874
850
838
772
736
608
620
514
384
412
574
532
580
650
578
584
660
794
748
638
640
490
480
532
542
524
316
510
236
378
450
328
346
438
504
452
564
452
420
410
296
286
384
334
194
44
64
16
82
142
74
4
126
108
100
32
80
184
62
12
74
90
208
396
400
354
338
176
244
48
124
52
54
208
216
164
342
332
218
218
232
366
334
470
470
444
590
516
424
470
462
474
184
194
228
38
154
224
40
140
160
284
78
236
188
180
212
212
112
58
138
232
78
0
62
162
176
66
58
158
32
172
148
274
292
156
172
24
154
200
138
102
68
48
86
52
124
168
86
158
244
482
470
682
614
476
498
496
382
452
178
202
116
190
244
204
252
56
100
2
70
30
94
226
28
142
190
100
52
278
322
446
356
140
18
78
120
68
96
78
202
364
410
320
294
168
186
268
106
36
50
112
78
122
74
74
68
12
134
154
120
302
266
102
92
340
478
302
540
620
628
640
458
478
560
606
600
782
624
518
534
610
422
226
6
64
100
232
240
206
156
132
284
330
280
248
286
240
100
208
314
314
522
450
486
462
268
508
492
462
334
338
408
342
372
228
230
202
190
70
68
148
102
68
112
88
128
170
424
426
578
586
454
558
528
470
286
246
194
236
208
200
70
90
80
60
22
180
222
292
252
136
72
190
176
218
210
238
230
162
112
20
4
0
6
146
50
234
196
60
24
58
82
116
90
82
182
230
274
316
458
500
466
236
276
306
178
162
198
208
212
222
276
0
88
198
266
134
236
130
262
284
250
294
140
110
114
50
124
92
198
384
338
420
414
384
346
314
178
158
70
30
30
70
28
14
122
114
84
236
254
420
380
416
468
424
492
508
572
554
658
704
710
732
694
796
680
620
532
678
610
656
718
682
622
672
616
572
370
506
564
592
560
624
722
874
822
722
880
868
956
780
862
1008
868
726
716
718
818
732
826
1046
938
916
862
748
704
756
966
868
868
882
936
1070
1192
1326
1364
1520
1462
1438
1358
1364
1304
1364
1248
1418
1250
1316
1402
1544
1256
1168
1110
934
972
1062
1130
1304
1466
1516
1638
1742
1626
1696
1854
1844
1852
1656
1672
1710
1714
1596
1618
1460
1542
1562
1534
1568
1400
1314
1290
1188
1170
1234
1178
1362
1386
1210
1260
1222
1110
1242
1214
1176
1188
1202
1134
1224
1280
1210
1276
1404
1410
1278
1104
956
700
634
630
682
616
226
210
86
62
284
422
416
470
530
400
396
490
460
532
536
630
674
728
850
1006
1064
1312
1102
992
1148
1294
1314
1306
1262
1320
1426
1386
1406
1406
1324
1400
1482
1670
1802
1826
1814
1998
1976
2082
2088
2052
2148
2028
2050
2120
2120
2032
2024
2156
2196
2018
2022
2030
2038
1900
1890
1886
2030
2074
2032
2190
2208
2312
2302
2210
2220
2218
2240
2094
2158
2128
2034
1962
1948
1948
1746
1772
1812
1732
1874
1900
1798
1894
1776
1578
1744
1844
1948
1988
1850
1726
1594
1608
1580
1548
1510
1408
1676
1618
1572
1386
1126
1172
1042
952
1028
1062
1020
1002
1024
878
740
716
682
664
776
720
776
670
722
736
628
568
634
506
424
454
332
396
314
280
408
460
584
694
764
822
640
610
616
670
596
696
822
876
916
922
920
896
1174
1126
1062
914
840
894
814
832
966
1038
906
826
870
986
1068
1196
1260
1204
1130
1320
1328
1430
1408
1260
1172
1196
956
1054
1100
1070
1088
1102
1098
1182
1146
928
1062
1194
1178
1112
1108
996
846
1110
920
870
820
924
1026
1040
870
816
774
822
744
774
880
820
638
512
494
384
332
100
62
140
96
214
284
136
134
106
98
18
46
68
50
140
72
32
16
50
136
256
40
128
306
150
152
248
332
338
368
314
370
338
380
268
48
106
110
226
204
146
476
628
620
520
486
662
618
462
602
582
610
706
938
1022
976
1086
1216
1252
1284
1140
1120
902
908
1018
856
840
886
986
1128
1128
994
832
842
538
386
334
264
334
386
590
490
540
688
798
620
654
468
464
440
500
564
424
448
330
306
276
282
218
256
430
362
314
358
332
352
514
602
528
610
444
480
422
344
330
404
286
278
258
212
208
58
4
64
6
236
262
238
246
108
236
108
54
30
330
562
540
448
586
718
904
684
634
556
500
394
356
288
142
240
230
614
422
702
828
842
576
588
690
560
448
548
580
632
318
380
564
704
788
818
572
584
702
806
698
754
688
702
648
856
776
894
806
816
884
902
1016
966
1042
1068
930
712
594
