276
190
210
150
132
162
174
174
140
168
136
114
134
128
136
146
110
88
66
50
48
82
112
122
150
108
142
120
102
72
62
54
100
70
28
2
38
30
82
100
178
112
128
116
138
172
134
112
86
66
48
60
120
134
136
64
26
42
106
66
86
134
88
134
102
108
112
82
76
146
104
90
78
62
60
50
48
30
2
4
40
52
128
120
214
208
236
280
262
230
172
150
162
188
206
206
208
154
162
96
142
148
80
58
20
50
100
40
106
140
114
96
120
124
78
94
92
14
2
26
38
58
40
76
100
26
34
40
2
14
38
54
42
60
14
22
20
20
24
6
12
20
16
44
66
88
60
2
60
84
32
14
40
6
30
44
52
70
64
0
28
10
22
26
54
92
84
44
78
20
62
78
16
12
14
14
44
34
14
44
52
52
12
16
24
6
10
16
100
56
76
108
98
116
154
174
168
176
182
232
248
270
318
354
378
316
282
286
326
352
358
352
318
272
186
192
176
216
148
118
150
190
176
194
172
198
262
250
244
258
248
262
276
308
328
332
274
270
320
338
350
376
382
362
364
376
368
364
318
310
302
278
222
206
220
216
180
154
110
144
138
160
142
164
154
192
272
248
184
164
218
122
106
142
140
184
152
188
168
192
144
198
132
150
108
134
102
122
106
156
156
114
56
52
94
88
130
106
132
146
118
198
282
218
212
216
174
198
162
164
194
170
164
150
184
142
204
202
130
144
158
172
144
134
154
160
150
152
160
184
234
196
150
154
182
174
158
130
80
78
72
94
60
98
32
132
100
154
114
120
114
76
40
74
54
50
30
70
18
16
12
24
118
174
182
214
192
214
282
292
226
202
178
182
160
166
218
182
234
276
334
376
336
366
382
414
366
380
364
366
376
418
368
422
498
456
458
438
466
440
406
372
428
416
390
378
346
364
418
360
320
336
352
404
432
414
444
386
390
478
508
474
496
468
496
434
466
454
440
414
358
378
428
438
392
448
426
404
394
340
352
382
324
384
364
328
322
326
336
282
296
256
300
310
302
326
326
314
296
304
336
232
240
186
170
188
222
236
240
242
214
194
186
200
210
174
194
220
224
142
118
134
54
66
58
108
112
72
128
190
210
216
264
274
288
272
218
256
332
298
222
208
124
90
96
144
160
154
132
134
140
104
132
182
200
158
126
180
190
206
202
210
144
128
140
78
110
72
100
150
180
168
194
210
276
298
244
256
282
282
350
300
284
270
266
316
280
344
366
344
288
226
198
170
168
76
50
70
96
144
186
210
224
154
110
124
124
90
86
62
78
92
58
120
180
162
170
112
130
138
146
68
76
38
14
26
64
20
52
50
104
144
194
178
156
132
162
166
170
182
238
228
210
202
286
298
290
332
398
398
380
372
368
328
320
412
342
378
364
364
420
418
356
382
388
340
354
420
374
350
322
350
316
266
314
332
304
286
274
256
200
178
152
104
86
74
102
50
26
48
96
32
18
16
52
54
80
104
118
166
160
172
180
160
170
142
126
154
124
54
44
20
2
22
40
40
26
60
44
56
8
26
34
38
76
46
28
50
20
2
24
8
12
12
22
4
26
36
68
78
100
108
116
172
142
72
94
62
16
28
60
112
64
160
98
88
100
88
6
34
32
94
62
38
2
30
24
24
22
34
76
140
94
98
116
98
144
140
130
126
136
192
70
130
134
106
98
50
30
14
20
32
2
22
58
28
50
138
144
152
124
114
162
170
170
106
140
104
132
150
158
142
164
174
228
206
178
166
80
84
86
54
76
38
50
78
46
46
62
120
132
150
98
142
100
78
44
10
12
18
6
72
54
82
134
100
30
4
38
18
34
94
84
96
110
86
106
96
98
58
84
74
28
6
12
58
86
68
128
156
28
4
34
12
22
34
6
84
108
130
134
120
70
62
20
0
38
16
36
14
36
30
2
14
6
28
12
26
28
2
12
4
32
60
40
44
80
34
60
52
150
176
196
220
200
190
176
132
86
146
128
136
124
118
84
94
114
144
126
128
158
148
80
58
144
76
118
120
148
158
180
192
202
200
178
202
202
234
268
252
202
234
256
282
274
290
316
304
286
254
286
302
320
280
292
310
298
296
298
366
322
318
310
290
316
308
326
328
334
382
314
342
336
330
340
346
328
346
418
470
468
464
396
382
416
428
428
432
460
464
434
456
492
458
480
416
436
424
440
414
406
426
448
450
510
480
454
456
450
422
454
460
382
430
404
394
416
438
500
508
554
532
530
554
572
548
536
434
466
382
374
366
382
280
236
274
256
300
328
346
340
350
328
354
284
254
332
368
366
362
320
386
390
388
420
424
382
382
410
398
368
356
312
398
408
410
432
442
432
478
406
338
332
264
300
274
270
320
286
216
282
268
292
310
282
368
354
350
302
282
350
302
292
318
346
300
302
316
320
372
430
378
356
320
322
312
314
234
242
202
192
246
262
264
262
276
326
282
328
324
362
346
276
224
230
244
216
212
172
140
136
170
178
202
170
208
212
220
286
250
190
236
270
266
218
210
208
180
182
138
132
132
100
80
78
44
30
38
76
30
6
8
22
24
88
80
66
100
108
128
116
90
22
10
26
56
66
2
16
34
8
10
42
36
34
38
12
98
100
96
106
58
52
86
78
118
158
216
226
184
152
76
50
72
106
166
160
114
82
98
52
44
20
12
6
22
36
28
80
56
72
102
86
100
154
118
166
162
190
214
276
286
266
290
326
294
276
274
274
246
218
260
264
206
232
260
268
258
292
280
294
282
266
252
234
216
212
248
302
274
284
326
286
276
242
262
310
312
336
290
326
368
412
418
430
400
408
424
464
426
478
466
448
440
386
318
266
254
270
272
252
238
224
276
210
206
216
224
218
250
256
222
252
232
190
204
160
226
248
260
292
290
304
290
258
234
258
288
252
254
310
370
348
368
374
388
376
422
410
394
400
356
384
364
392
432
418
450
486
562
520
512
522
466
456
406
448
476
480
466
470
494
498
502
480
516
510
560
578
574
618
590
626
636
642
640
634
678
688
652
682
668
656
660
664
664
672
642
622
684
640
610
652
688
692
672
674
672
692
670
706
720
734
658
728
744
764
782
810
816
800
788
738
736
778
730
738
760
742
760
702
706
686
736
734
698
638
714
704
664
666
702
706
706
722
698
722
714
688
720
726
686
670
702
674
690
700
692
696
680
638
668
684
668
640
610
662
636
648
628
660
666
642
598
636
616
590
586
596
602
630
598
570
568
550
582
564
542
570
590
550
566
596
542
562
544
548
564
500
484
480
514
558
600
596
640
636
624
648
638
664
646
678
706
730
676
670
684
688
664
652
646
654
684
682
686
640
630
626
598
524
484
462
464
442
464
540
518
518
498
482
482
448
410
414
492
470
482
520
462
400
360
382
336
266
254
230
292
302
316
282
278
282
264
236
210
198
230
218
206
184
186
212
198
186
190
114
160
200
234
228
234
256
250
300
270
278
294
302
310
376
370
362
394
374
432
492
518
536
568
560
536
586
632
590
604
568
542
542
606
604
580
552
536
570
584
612
562
548
574
534
570
558
566
588
576
542
498
476
494
450
444
476
422
416
434
430
410
360
446
448
394
396
458
458
526
592
640
612
548
560
460
490
456
452
446
420
400
398
388
346
334
324
346
410
400
412
436
420
448
378
396
382
422
396
392
450
452
440
412
420
408
402
468
480
540
548
574
546
488
484
510
506
538
496
466
468
480
432
426
422
400
372
366
338
310
306
286
264
230
182
148
132
136
142
168
150
166
152
180
210
234
220
232
240
254
306
366
420
400
394
384
396
408
398
392
390
352
392
364
358
350
366
364
398
382
314
282
312
266
336
326
260
294
340
348
374
358
408
390
410
388
368
340
268
232
190
236
280
234
230
254
232
220
222
160
100
126
106
118
144
178
146
86
104
92
86
78
110
104
92
52
68
56
12
64
94
94
108
102
102
96
90
122
120
112
100
102
78
64
32
34
46
8
12
14
38
34
38
56
82
66
40
72
108
86
60
62
32
76
110
84
86
80
12
6
22
34
54
34
48
94
68
76
32
42
10
10
16
16
56
32
46
60
108
54
82
66
80
122
144
162
184
146
144
158
174
170
208
180
182
132
126
202
236
210
284
292
232
262
270
304
300
280
236
328
334
308
320
366
382
370
290
368
368
350
334
324
372
288
304
296
330
312
308
304
356
414
422
420
430
444
416
428
466
496
536
520
464
496
486
478
470
398
412
436
430
456
452
488
522
474
412
386
408
400
394
408
390
342
330
348
362
366
388
384
430
490
440
470
480
430
460
456
442
406
410
416
384
398
336
366
320
374
312
300
270
284
260
206
274
292
308
312
314
344
322
336
356
384
390
396
370
360
372
404
368
402
388
340
282
276
278
238
208
246
228
282
266
250
324
336
316
312
282
300
310
342
384
352
362
324
338
300
332
332
376
380
260
238
226
282
286
332
302
312
310
318
226
234
208
226
288
288
300
280
274
284
262
260
192
196
238
230
260
196
138
166
246
238
