874
868
836
836
808
786
780
838
836
846
866
884
872
862
858
868
872
872
874
878
884
898
878
874
872
862
838
818
856
808
768
738
750
734
750
750
702
736
708
680
680
698
740
732
722
688
726
742
768
752
742
742
756
762
758
792
786
786
776
776
766
752
740
752
750
780
806
846
846
858
836
860
868
840
886
878
878
866
834
826
822
784
760
790
776
794
802
824
832
806
814
818
782
770
786
830
836
832
840
848
866
894
892
876
822
848
850
862
820
828
804
824
828
856
834
822
834
830
842
834
824
850
824
792
784
796
836
856
870
888
890
876
872
860
848
850
890
880
880
890
868
856
832
832
826
844
870
860
830
892
896
894
912
912
936
902
882
904
896
866
824
822
836
830
856
874
872
866
876
908
910
932
928
872
892
910
916
896
846
854
880
886
866
882
884
892
898
890
892
886
878
878
906
902
888
876
890
876
852
840
864
864
848
874
910
912
914
900
910
884
910
894
902
870
870
874
892
906
910
896
930
922
922
942
924
932
892
884
916
896
854
842
840
866
884
886
860
860
854
860
836
850
862
860
874
874
884
898
898
884
878
878
872
874
872
864
900
896
890
890
896
890
902
924
914
916
894
834
828
844
840
892
868
854
886
890
866
850
872
872
896
914
930
930
918
890
852
856
874
892
888
876
852
824
822
848
888
888
896
892
870
858
880
876
880
874
860
846
858
872
878
874
870
862
898
938
934
932
906
904
938
906
890
870
866
852
844
882
878
882
860
848
880
854
880
884
850
882
886
888
834
828
826
838
890
864
820
870
876
882
870
838
858
848
844
822
838
842
808
814
824
810
802
788
748
768
762
748
776
780
796
758
816
850
860
854
866
878
856
856
840
828
806
818
804
774
730
764
732
674
656
660
682
668
652
662
682
708
750
760
758
798
784
750
782
766
784
826
818
790
800
806
798
804
750
794
826
806
812
834
826
836
848
872
856
868
876
862
882
850
848
848
834
806
790
818
812
786
762
804
794
786
846
832
802
828
828
800
808
812
830
828
828
838
826
866
878
876
846
836
822
790
784
756
778
802
820
786
806
812
788
792
802
826
798
798
804
808
792
806
812
820
822
806
782
730
796
764
766
750
734
748
780
800
778
760
750
762
822
842
856
882
878
884
890
856
834
822
818
822
802
828
840
828
830
840
874
882
868
872
860
882
878
886
856
868
830
804
792
770
790
754
756
784
796
798
738
724
702
718
732
754
718
724
692
708
718
728
720
740
712
736
714
728
736
722
686
690
666
704
738
708
724
756
756
770
794
786
814
794
766
794
774
762
762
748
708
718
730
726
732
732
730
666
676
656
654
660
690
674
670
664
696
714
710
700
706
758
764
732
728
726
766
716
710
720
722
710
686
650
604
600
614
596
596
604
652
632
664
680
682
684
676
712
722
688
662
680
660
646
606
624
590
540
572
558
598
660
654
642
664
664
668
662
666
650
628
616
590
582
638
676
716
732
728
684
696
662
664
694
694
680
704
658
662
676
692
716
730
734
720
704
722
680
684
684
702
652
630
626
630
604
606
590
574
612
586
552
514
504
514
534
470
466
472
474
522
532
528
518
498
504
520
546
512
490
536
546
530
554
532
544
538
512
540
508
558
584
602
602
626
604
586
574
576
606
668
646
678
644
660
654
634
612
618
586
598
674
702
728
754
746
690
712
720
724
742
694
710
726
738
696
688
724
736
772
822
820
812
798
816
814
774
804
792
800
798
814
836
844
874
890
852
816
820
844
852
814
802
808
814
816
826
822
844
874
856
880
884
910
906
916
908
888
838
836
864
842
808
804
814
838
824
824
834
800
830
828
778
830
868
894
868
898
878
880
882
884
874
878
888
864
864
894
888
892
922
888
866
858
860
868
860
864
858
868
890
888
880
872
862
862
806
840
814
838
852
840
834
850
866
838
816
816
814
814
800
850
854
860
842
866
858
862
870
870
870
898
876
896
888
876
824
840
816
826
842
870
848
832
804
818
768
746
732
718
738
762
774
754
770
724
740
700
692
648
668
686
634
626
632
624
614
566
534
530
556
544
542
506
520
530
472
456
438
438
418
476
432
452
452
456
454
432
468
454
456
434
464
492
456
480
480
502
540
572
556
538
554
572
604
638
682
692
682
704
710
762
778
728
784
844
816
838
850
836
868
842
820
770
788
806
858
824
822
862
880
860
868
856
784
782
766
810
798
784
788
782
754
762
784
770
734
760
778
754
750
718
720
686
672
664
652
590
544
576
578
552
554
550
560
552
578
580
634
640
608
608
600
570
612
648
646
618
628
626
626
624
602
642
642
652
660
664
656
676
678
682
692
668
692
734
704
704
684
686
694
724
694
668
690
676
718
726
708
678
674
682
688
658
664
630
574
620
602
636
676
684
718
678
680
686
702
700
764
782
780
770
796
850
868
876
880
846
852
854
862
822
838
874
824
842
778
744
770
760
748
722
686
692
702
672
660
702
710
704
756
746
746
750
732
680
660
672
670
688
668
672
702
720
688
696
706
712
728
714
702
736
738
776
814
760
776
772
762
798
776
816
828
816
806
836
826
866
862
824
860
864
850
848
848
858
872
852
894
896
872
878
898
896
894
854
886
872
890
900
870
896
916
896
862
862
846
800
846
834
872
906
916
942
934
914
878
864
880
886
864
888
882
864
838
854
876
892
910
898
874
878
892
868
848
830
822
832
830
812
814
854
852
852
862
880
846
800
820
808
782
814
810
778
740
770
798
832
850
840
836
876
856
860
840
876
870
890
886
882
892
906
874
886
870
870
866
870
892
898
876
868
876
846
876
852
854
862
858
826
820
824
794
804
874
842
844
870
870
854
810
786
826
796
802
838
824
796
796
790
754
778
778
844
854
836
850
782
810
818
834
834
822
824
844
870
866
842
836
846
856
866
848
836
856
822
796
852
822
840
846
800
834
828
796
848
856
876
864
846
856
846
848
830
852
874
826
820
756
796
814
802
722
754
768
764
754
738
744
754
746
730
744
728
714
742
700
704
738
732
724
702
726
738
728
724
708
710
672
686
708
748
700
704
720
728
740
740
790
776
796
796
806
804
812
832
854
878
862
886
858
832
796
806
818
828
870
854
890
882
870
870
866
880
866
850
872
866
866
818
812
866
872
834
834
844
836
818
856
858
830
830
842
814
842
856
862
818
806
788
790
766
808
808
822
798
808
842
852
868
900
910
908
906
854
832
818
828
860
858
878
864
888
884
874
888
892
892
862
878
868
894
916
890
878
868
872
868
878
860
854
812
804
840
852
872
886
932
908
906
894
904
908
866
882
868
826
822
836
802
814
828
796
822
816
776
790
788
784
786
828
846
810
854
860
872
870
910
902
912
932
916
880
860
858
844
842
858
872
884
902
898
866
854
860
844
818
806
800
762
768
768
794
810
760
822
784
748
760
810
830
848
814
820
820
826
816
820
858
898
872
882
870
834
848
860
822
842
834
830
818
814
832
852
844
834
836
868
892
900
888
892
890
898
868
870
876
884
882
882
872
884
860
848
810
770
792
790
806
754
750
744
750
736
754
774
760
788
810
852
878
872
870
894
874
858
872
886
888
888
900
912
930
894
914
898
890
920
908
882
854
870
898
892
896
898
918
888
892
874
890
890
876
858
862
854
846
808
834
834
836
810
800
842
880
868
878
862
876
836
846
830
864
898
900
884
878
868
882
882
912
890
928
906
862
888
830
834
858
842
844
876
884
894
896
884
870
856
876
874
840
872
888
894
866
872
886
864
870
868
890
850
804
822
818
840
864
834
840
826
824
808
830
800
804
786
738
776
800
804
824
772
790
816
828
820
862
832
810
800
826
844
828
790
838
854
822
810
842
824
860
856
856
854
838
848
848
834
844
888
886
900
908
896
912
884
902
898
878
862
856
888
870
854
858
830
800
824
802
772
730
700
760
728
702
678
682
656
670
696
718
740
768
750
708
736
754
786
756
740
714
708
666
684
694
718
728
726
778
792
828
828
818
782
836
844
840
890
888
858
850
848
832
842
862
864
884
878
860
860
890
904
892
902
912
914
880
878
882
880
884
866
870
856
840
856
842
836
834
852
800
828
802
838
850
856
838
848
886
850
858
904
912
890
868
880
862
872
866
862
858
862
868
858
896
920
922
908
896
918
876
902
924
922
916
914
880
866
852
860
850
886
888
896
876
842
838
806
798
818
802
768
760
798
830
798
810
772
772
800
822
810
824
824
804
790
832
826
862
840
840
818
822
830
820
826
878
882
874
888
870
836
798
754
740
726
698
682
688
754
822
854
908
864
882
888
878
882
876
874
880
884
904
890
882
896
838
822
844
860
876
876
858
848
832
840
832
820
800
852
858
864
900
910
884
874
878
884
870
828
822
796
822
808
800
812
796
796
788
758
766
750
708
726
742
754
758
754
742
792
778
746
738
724
710
738
782
786
786
758
750
752
778
784
798
784
788
810
830
836
810
848
848
836
868
896
908
920
944
918
914
932
950
918
942
920
928
922
916
926
888
924
944
920
