3048
3126
3176
3140
3150
3192
3130
3056
3106
3164
3180
3196
3216
3218
3186
3240
3152
3098
3128
3164
3222
3110
3046
3046
3050
3048
2878
2868
2840
2780
2894
2888
2950
2970
2944
3034
2950
3004
3128
3160
3140
3172
3136
3060
3042
3030
3042
3004
2938
2926
2892
2864
2920
2816
2882
2924
3050
3084
2986
2964
3024
3056
3036
3012
3028
3060
3158
3194
3202
3234
3204
3270
3222
3126
3156
3124
3076
3210
3202
3180
3096
3154
3114
3168
3166
3168
3184
3158
3154
3204
3136
3072
3132
3154
3100
3062
3056
3102
3058
2986
3000
3032
2992
3108
3016
2992
3074
2976
3032
2934
2926
2896
2894
2876
2872
2860
2918
2890
2860
2792
2860
2886
2882
2756
2814
2814
2844
2796
2760
2752
2772
2842
2776
2774
2782
2728
2748
2700
2650
2576
2576
2580
2690
2708
2688
2788
2764
2774
2630
2638
2580
2564
2584
2642
2616
2626
2720
2766
2776
2788
2756
2770
2738
2684
2802
2736
2710
2650
2758
2698
2730
2676
2724
2692
2686
2716
2694
2702
2726
2760
2706
2658
2732
2708
2744
2750
2728
2658
2612
2616
2660
2692
2658
2628
2592
2534
2530
2550
2540
2492
2568
2630
2640
2758
2704
2640
2634
2608
2568
2688
2676
2680
2658
2676
2666
2620
2578
2540
2550
2630
2582
2616
2520
2520
2482
2460
2406
2434
2386
2376
2346
2404
2334
2364
2290
2252
2348
2384
2438
2486
2514
2488
2508
2514
2444
2564
2546
2562
2528
2542
2514
2566
2628
2692
2680
2614
2538
2490
2488
2506
2440
2408
2400
2384
2352
2382
2470
2488
2448
2376
2400
2404
2322
2392
2332
2342
2442
2508
2530
2418
2402
2480
2594
2504
2482
2418
2420
2420
2422
2512
2540
2388
2424
2368
2372
2372
2236
2248
2286
2348
2350
2342
2372
2414
2384
2450
2490
2502
2554
2572
2578
2538
2474
2280
2334
2322
2302
2352
2390
2298
2302
2268
2292
2254
2234
2236
2236
2256
2270
2260
2362
2376
2350
2384
2412
2422
2396
2454
2460
2490
2518
2512
2554
2548
2560
2604
2584
2604
2622
2618
2704
2630
2616
2604
2646
2582
2684
2686
2630
2672
2626
2602
2610
2538
2442
2366
2384
2304
2326
2408
2420
2426
2524
2462
2402
2386
2380
2338
2448
2504
2596
2558
2470
2436
2450
2486
2528
2490
2514
2558
2570
2598
2612
2620
2542
2576
2580
2540
2630
2668
2736
2810
2800
2874
2860
2840
2832
2868
2850
2914
2846
2810
2830
2872
2912
2930
2812
2818
2822
2830
2734
2720
2730
2706
2700
2752
2702
2730
2774
2760
2776
2728
2832
2810
2808
2738
2812
2754
2714
2632
2578
2568
2618
2680
2648
2584
2570
2592
2558
2492
2518
2612
2622
2614
2734
2710
2660
2616
2652
2672
2716
2664
2638
2606
2556
2524
2670
2614
2576
2630
2576
2560
2496
2506
2464
2502
2500
2516
2586
2552
2634
2650
2618
2508
2480
2458
2448
2404
2302
2350
2504
2580
2490
2544
2548
2546
2626
2662
2650
2710
2652
2588
2566
2496
2522
2534
2540
2570
2630
2692
2654
2736
2734
2646
2666
2632
2656
2668
2620
2660
2666
2744
2750
2832
2810
2770
2744
2702
2672
2728
2680
2624
2666
2726
2822
2830
2754
2838
2738
2754
2728
2748
2742
2702
2592
2544
2578
2434
2564
2578
2586
2566
2584
2644
2628
2662
2668
2726
2674
2622
2656
2710
2774
2706
2708
2694
2754
2790
2818
2756
2782
2880
2974
2870
2858
2920
2876
2876
2880
2820
2846
2782
2850
2810
2796
2832
2860
2948
2932
2958
2962
2934
3020
2948
2950
2890
2902
2950
3022
3026
3154
3162
3166
3170
3086
3118
3074
3074
2990
2944
2984
3066
3140
3118
3044
3102
3040
3036
2982
2964
3036
3044
3040
2994
2916
2908
2908
2956
2962
2898
2868
2908
2998
2958
2994
2950
3050
2974
2926
2994
2896
2950
2894
2812
2746
2762
2810
2932
2878
2914
2944
3028
2986
2934
2928
2892
2928
2862
2908
2984
2926
2896
2838
2746
2788
2790
2680
2666
2584
2548
2516
2522
2506
2530
2468
2544
2644
2590
2682
2736
2688
2682
2678
2672
2694
2686
2690
2614
2652
2660
2564
2584
2650
2718
2728
2676
2706
2712
2700
2630
2664
2700
2612
2480
2462
2348
2364
2354
2322
2306
2312
2316
2304
2300
2320
2346
2454
2406
2354
2378
2450
2432
2414
2394
2332
2254
2254
2236
2288
2378
2426
2430
2388
2448
2392
2302
2440
2494
2476
2464
2442
2464
2412
2402
2392
2514
2668
2718
2632
2640
2572
2718
2760
2660
2610
2634
2548
2582
2528
2532
2566
2516
2600
2572
2552
2592
2660
2660
2700
2588
2564
2698
2640
2658
2588
2622
2708
2678
2602
2634
2666
2632
2560
2542
2414
2476
2490
2594
2688
2744
2788
2722
2770
2744
2844
2782
2828
2858
2880
2766
2782
2798
2856
2866
2922
2926
2946
2946
2918
2836
2918
2952
2922
2910
2878
2878
2862
2802
2742
2716
2726
2680
2644
2590
2558
2616
2616
2486
2704
2586
2658
2738
2766
2812
2750
2750
2724
2772
2852
2888
2916
2934
2992
2990
3018
2924
2896
2886
2824
2814
2830
2832
2778
2814
2738
2790
2832
2892
2846
2848
2762
2762
2746
2676
2648
2758
2750
2720
2710
2804
2834
2896
2898
2920
2960
2878
2872
2876
2880
2926
2940
2966
2872
2900
2864
2838
2832
2764
2742
2702
2738
2706
2762
2794
2860
2884
2914
2920
2938
2988
2970
2906
2962
2996
2962
2888
2956
2934
2996
3024
3046
3054
3098
3064
3054
2990
3032
3116
3080
3066
3080
3088
3060
2980
3026
3128
3100
3108
3058
3014
3060
3068
3022
3056
3034
2958
2956
3034
2924
2840
2862
2818
2880
2932
2850
2886
2864
2832
2876
2928
2978
2958
2956
3010
3020
3052
2898
2898
2894
2782
2766
2800
2774
2660
2770
2760
2846
2844
2748
2784
2796
2920
2962
3016
3018
2992
3046
2980
2946
2888
3008
2908
2900
2788
2756
2740
2802
2768
2796
2728
2640
2678
2742
2756
2764
2652
2612
2654
2642
2626
2612
2584
2586
2670
2560
2512
2624
2598
2512
2508
2528
2524
2712
2768
2732
2718
2670
2592
2646
2678
2572
2594
2618
2528
2476
2554
2516
2496
2548
2602
2568
2534
2504
2502
2556
2548
2616
2736
2786
2782
2774
2718
2662
2560
2482
2518
2586
2686
2724
2724
2772
2768
2704
2704
2668
2632
2576
2616
2624
2642
2524
2588
2566
2554
2610
2464
2434
2458
2524
2590
2664
2612
2610
2556
2600
2548
2494
2480
2486
2460
2332
2306
2252
2322
2394
2460
2512
2550
2556
2584
2582
2606
2574
2546
2574
2652
2586
2606
2596
2530
2514
2576
2596
2586
2682
2698
2708
2764
2794
2786
2782
2760
2698
2550
2610
2606
2592
2584
2568
2528
2506
2520
2514
2504
2536
2574
2636
2576
2570
2520
2510
2490
2532
2576
2608
2646
2652
2612
2686
2776
2754
2700
2686
2644
2578
2612
2652
2722
2764
2784
2756
2794
2816
2844
2904
2882
2872
2856
2898
2858
2794
2784
2790
2752
2746
2754
2774
2778
2742
2718
2678
2606
2526
2540
2630
2630
2654
2636
2604
2548
2494
2466
2452
2424
2394
2522
2500
2400
2378
2410
2340
2424
2490
2516
2438
2388
2414
2404
2366
2382
2394
2456
2372
2316
2414
2398
2352
2354
2308
2356
2490
2388
2306
2194
2304
2352
2436
2512
2540
2614
2690
2608
2580
2636
2700
2700
2626
2550
2544
2504
2438
2436
2378
2498
2374
2428
2472
2502
2432
2526
2474
2464
2494
2566
2502
2516
2484
2466
2430
2430
2372
2360
2288
2292
2158
2110
2116
2164
2218
2180
2192
2126
2148
2126
2206
2194
2184
2196
2306
2442
2430
2380
2326
2408
2320
2292
2284
2244
2180
2262
2270
2206
2244
2260
2222
2128
2184
2202
2062
2034
1992
1878
1862
2006
1836
1836
1794
1922
1988
1918
1902
1876
1866
1892
1960
1970
1904
1942
1904
1920
1898
1890
1814
1846
1746
1768
1768
1750
1718
1748
1816
1738
1750
1796
1744
1746
1638
1612
1616
1590
1658
1492
1528
1530
1656
1742
1852
1788
1820
1864
1944
1912
1972
1960
2002
2052
2030
2064
2054
2064
2084
2088
2148
2186
2314
2294
2236
2214
2156
2140
2168
2138
2134
2104
2102
2156
2248
2248
2292
2356
2278
2304
2300
2330
2424
2324
2336
2344
2376
2388
2374
2364
2320
2196
2230
2240
2160
2288
2282
2358
2394
2256
2236
2240
2142
2216
2236
2260
2262
2268
2292
2296
2268
2342
2280
2204
2210
2210
2248
2178
2104
2116
2096
2230
2182
2208
2134
2146
2140
2084
2114
2126
2146
2056
2038
1974
1898
1956
1990
1968
2024
2162
2146
2126
2126
2150
2204
2088
2074
2138
2094
2086
2044
2018
2006
1974
1854
1980
1994
1986
2040
2064
2070
2084
2078
2070
1986
1958
2042
2082
2116
2202
2216
2240
2252
2258
2220
2168
2160
2256
2244
2266
2358
2382
2368
2494
2476
2464
2330
2256
2310
2250
2236
2202
2240
2264
2272
2310
2278
2336
2304
2300
2242
2324
2236
2270
2344
2376
2256
2256
2260
2256
2278
2300
2420
2476
2460
2582
2578
2512
2542
2536
2480
2486
2378
2448
2426
2404
2388
2248
2196
2158
2262
2220
2336
2344
2356
2460
2438
2396
2496
2548
2504
2518
2462
2526
2550
2496
2598
2526
2554
2538
2544
2454
2416
2466
2460
2468
2356
2426
2280
2280
2428
2426
2452
2420
2390
2460
2516
2438
2466
2434
2462
2410
2384
2460
2496
2504
2526
2536
2552
2516
2404
2398
2412
2376
2258
2202
2180
2226
2200
2276
2292
2182
2180
2206
2316
2210
2180
2168
2226
2260
2132
2200
2110
2096
2064
2032
2130
2122
2174
2164
2170
2098
2052
2060
2020
2060
2146
2210
2278
2250
2270
2338
2478
2422
2360
2392
2492
2498
2500
2440
2386
2342
2368
2272
2322
2322
2312
2270
2198
2248
2190
2128
2172
2120
2054
2136
2102
2198
2208
2222
2184
2238
2174
2108
2038
2086
2084
2218
2272
2164
2292
2194
2146
2124
2080
2102
2144
2100
2074
2052
2082
2066
2098
2006
1934
1946
1936
1862
1914
1908
1930
1828
1898
1896
2022
2042
2004
2070
2032
1930
1908
1858
1804
1780
1770
1674
1654
1594
1512
1438
1334
1344
1326
1336
1256
1270
1228
1212
1244
1224
1178
1290
1228
1272
1290
1198
1340
1380
1290
1312
1234
1164
1254
1264
1238
1250
1264
1242
1264
1420
1382
1354
1296
1258
1272
1220
1134
1226
1236
1376
1340
1270
1188
1180
1076
1070
1120
1098
968
1012
1014
986
1032
1102
1102
1108
1158
1086
1102
1076
1022
1102
964
986
1014
968
918
944
936
928
822
760
824
748
758
760
740
586
614
618
476
486
524
552
444
456
388
482
434
478
466
478
454
358
420
414
320
346
346
458
406
360
432
332
380
352
428
412
506
566
586
642
654
666
766
890
818
742
758
756
680
742
816
880
948
1036
1076
1174
1156
1212
1272
1318
1256
1310
1332
1342
1408
1330
1384
1396
1478
1464
1466
1410
1436
1420
1374
1350
1466
1486
1600
1586
1568
1556
1530
1592
1594
1612
1606
1568
1626
1608
1512
1590
1630
1586
1580
1524
1654
1604
1590
1626
1576
1588
1588
1636
1626
1600
1610
1630
1646
1752
1736
1796
1798
1736
1730
1614
1592
1590
1618
1640
1642
1604
1628
1514
1464
1470
1490
1494
1530
1620
1652
1638
1614
1560
1594
1526
1540
1552
1552
1498
1498
1454
1436
1370
1378
1450
1420
1498
1432
1482
1540
1572
1610
1624
1598
1662
1702
1624
1570
1598
1666
1552
1562
1610
1596
1590
1572
1508
1490
1496
1498
1562
1664
1736
1780
1706
1698
1652
1632
1820
1872
1814
1834
1844
1936
1860
1824
1800
1828
1866
1862
1992
2062
2022
2040
1914
1972
2016
1998
2024
1978
1954
1948
2008
2030
2058
1966
2000
1916
1964
2042
2010
1908
1902
1908
1982
2078
2066
2060
2034
2024
2004
2074
2086
2120
2232
2194
2176
2086
2052
2052
2106
2078
2074
2176
2096
