194
116
104
96
34
18
74
92
12
66
122
124
156
68
0
118
138
72
170
156
196
188
106
68
102
88
248
170
216
226
212
206
210
174
106
98
90
132
162
194
330
322
220
184
212
228
288
278
354
274
290
324
258
320
390
516
604
550
566
602
620
646
602
442
464
450
500
524
630
612
594
660
762
828
788
868
748
872
886
816
746
650
634
686
566
480
418
510
484
494
572
552
550
464
478
580
506
566
652
656
734
698
752
786
754
790
782
656
732
864
1032
1064
962
912
932
950
1034
1072
1042
942
990
926
776
862
948
994
1000
992
1024
932
846
848
846
768
922
918
866
770
724
842
746
780
746
736
720
634
674
558
628
626
504
440
368
404
510
426
346
340
376
318
394
472
514
620
706
580
566
618
606
574
550
460
448
450
268
340
330
390
410
432
458
562
614
688
620
670
658
668
670
584
588
690
764
742
646
692
626
544
578
638
564
578
604
586
472
388
318
310
368
478
550
628
590
654
622
608
564
602
546
678
742
772
780
698
660
728
704
670
644
866
808
868
836
830
936
928
996
1002
914
866
874
914
928
952
954
1070
1068
1118
1112
1060
1136
1162
1170
1222
1274
1158
1082
1120
1128
1074
1062
1002
1030
1046
1182
1188
1264
1170
1162
1252
1122
1110
1112
1180
1128
1174
1030
1040
1058
1064
972
890
964
858
808
832
814
786
808
762
724
776
716
748
792
826
776
712
752
798
722
768
842
860
846
802
810
896
950
1012
1030
1056
1044
980
970
878
958
926
880
830
802
876
896
1008
892
956
986
860
844
808
860
844
872
838
856
858
948
966
1036
978
882
828
816
820
822
798
764
900
814
898
880
984
982
938
968
922
900
936
904
844
948
982
966
866
950
882
832
842
790
780
878
800
862
786
816
818
822
870
696
578
632
658
666
638
680
686
756
856
780
684
576
500
468
484
436
314
262
306
284
322
216
294
334
326
394
506
534
428
430
468
538
582
552
598
656
562
572
676
684
754
730
746
786
782
766
664
722
646
652
666
740
804
840
748
810
834
896
828
824
794
830
812
746
680
700
644
610
616
446
436
430
482
360
366
288
170
156
94
48
46
34
32
84
74
10
86
48
50
14
70
98
44
2
114
8
52
82
50
18
114
54
12
72
66
44
54
202
336
406
472
552
622
698
714
724
722
656
684
844
920
884
924
878
906
874
914
884
836
762
812
802
784
768
924
870
736
732
742
724
814
872
910
918
836
766
748
700
672
590
700
626
610
640
704
626
760
736
726
804
786
770
722
834
836
822
850
868
914
932
994
934
934
1040
1072
1112
1086
1164
1262
1232
1258
1158
1082
1170
1284
1216
1182
1174
1272
1294
1182
1228
1308
1314
1302
1182
1142
1100
1130
1120
1006
1004
910
810
866
868
824
746
866
794
876
828
722
780
794
884
902
888
848
738
656
592
564
544
510
442
448
388
372
340
406
408
336
272
256
228
144
140
276
208
228
266
142
194
324
210
216
224
140
200
118
56
8
162
214
230
178
168
204
210
190
300
292
288
182
40
14
126
118
18
38
62
58
110
110
42
74
38
12
34
6
8
146
40
138
204
320
194
222
244
210
256
240
252
244
228
248
100
52
28
4
92
66
78
64
62
162
182
164
192
180
244
180
190
200
294
288
330
396
468
378
298
212
172
184
184
176
100
124
120
242
252
126
78
24
42
30
74
194
96
88
136
198
236
74
26
26
0
8
28
6
40
38
40
34
60
4
6
32
70
10
62
62
180
342
422
512
458
520
572
562
578
634
632
750
702
738
778
764
732
636
640
612
662
572
568
558
482
388
346
290
388
424
352
448
412
416
478
400
404
416
454
510
504
550
464
564
616
640
596
532
530
466
342
388
430
406
494
490
456
520
400
476
516
422
474
430
376
340
362
284
240
192
130
88
94
92
124
126
58
86
140
92
188
256
186
114
116
70
102
2
146
158
114
164
70
98
126
172
134
302
312
326
372
322
264
270
274
234
312
304
320
342
342
346
250
132
150
110
82
250
146
214
228
214
190
108
186
188
192
200
266
130
114
56
104
134
166
206
200
110
130
190
234
254
166
264
324
224
194
210
194
128
148
70
76
78
136
178
250
300
250
134
116
134
94
96
186
278
194
328
166
104
14
12
36
66
36
120
86
190
132
202
104
108
154
310
332
306
268
158
248
284
188
320
324
434
358
402
376
398
402
426
380
430
384
424
544
554
554
632
558
516
386
418
480
576
652
650
780
730
676
666
726
620
642
646
526
450
512
546
520
480
488
560
620
660
632
690
554
648
558
596
598
716
660
752
778
914
826
800
726
768
780
852
802
900
928
1132
1214
1280
1260
1406
1416
1366
1278
1114
1212
1268
1176
1232
1240
1234
1154
1156
1170
1150
1224
1260
1356
1394
1364
1356
1352
1320
1318
1396
1384
1300
1278
1326
1274
1302
1370
1344
1264
1248
1182
1142
1152
1074
1100
1040
996
1102
1156
1182
1148
1240
1032
1006
1072
920
990
1026
1018
1046
980
1004
1080
1158
1190
1188
1178
1156
1246
1266
1224
1134
1184
1170
1214
1194
1230
1274
1250
1314
1316
1252
1318
1458
1466
1460
1470
1498
1434
1428
1486
1442
1328
1392
1418
1490
1504
1500
1460
1446
1462
1422
1564
1614
1522
1378
1252
1124
1064
1144
1120
1104
1034
944
882
780
850
794
728
646
666
656
592
566
580
634
628
640
714
768
722
658
674
780
862
750
664
714
662
690
820
714
786
730
722
892
816
834
756
832
704
702
676
726
762
810
832
770
818
718
692
690
756
772
834
900
866
906
962
932
950
948
970
932
880
786
816
852
748
754
664
660
770
776
870
812
788
792
882
784
868
880
778
594
554
474
482
462
602
626
586
556
416
386
364
442
456
460
550
682
564
448
458
306
196
282
284
288
228
88
54
92
68
24
2
48
8
76
36
10
20
12
88
238
278
150
128
126
238
250
152
94
72
38
86
162
128
96
104
128
94
56
94
94
234
114
112
82
40
24
44
116
132
176
202
240
328
318
270
174
240
188
110
112
124
124
18
80
40
114
82
24
114
130
146
146
220
352
396
484
408
500
488
402
408
240
208
258
164
90
32
68
70
178
154
110
36
6
24
6
6
108
6
76
48
100
156
140
194
208
190
194
114
100
80
106
158
198
232
276
394
308
192
146
190
184
192
166
278
248
174
156
144
96
172
232
274
250
156
208
202
206
180
208
156
160
128
30
164
230
296
206
164
92
68
36
72
48
82
54
16
74
44
22
46
36
22
80
62
72
28
50
44
140
252
302
374
374
322
272
224
186
220
364
328
424
470
472
526
540
580
554
444
576
506
512
460
516
614
586
528
610
562
546
528
568
574
662
692
672
708
774
654
664
584
522
478
498
506
544
482
380
390
420
376
474
414
434
444
542
560
580
698
602
654
740
748
716
680
620
620
514
368
312
358
390
338
350
252
238
108
16
44
34
96
194
216
200
254
184
192
196
190
258
164
294
376
374
372
456
484
410
324
376
388
372
288
262
254
214
204
290
262
354
270
306
340
386
500
566
458
430
526
440
380
428
488
420
538
532
478
436
444
520
518
450
414
540
602
520
468
368
358
578
616
632
638
586
598
624
554
494
382
354
376
462
490
430
452
400
366
470
442
478
522
592
492
446
482
524
568
608
590
644
558
580
396
372
436
422
378
446
430
478
502
558
552
340
454
506
504
408
248
298
310
334
258
288
222
290
454
284
220
198
112
178
172
206
202
218
248
258
240
146
220
288
338
290
446
506
582
556
492
620
592
494
470
338
338
426
528
510
514
490
570
656
608
622
732
758
740
568
590
522
590
586
568
548
560
470
376
416
576
554
542
574
562
568
572
630
634
618
622
618
666
736
806
944
906
894
828
754
692
660
648
612
568
548
524
598
570
546
580
652
586
692
694
572
526
402
366
406
386
290
320
324
276
316
316
296
272
322
420
478
486
536
478
550
530
364
288
280
310
414
368
336
360
282
338
446
440
358
446
442
362
404
396
536
608
622
598
588
600
648
600
680
788
772
716
742
730
606
504
630
696
750
886
796
806
894
922
906
786
700
692
648
764
680
692
596
552
642
654
678
654
686
566
574
570
610
636
710
570
432
392
568
542
472
374
246
194
128
168
212
162
268
394
348
318
292
246
250
214
218
182
232
186
82
130
120
124
172
286
216
236
222
268
296
216
244
196
212
332
408
430
350
398
392
426
276
262
326
370
272
402
440
464
584
598
620
568
564
548
500
460
388
592
588
610
566
666
664
590
588
536
462
518
586
618
638
620
464
414
500
456
526
644
678
736
798
782
628
524
532
500
384
392
382
360
370
404
358
356
362
526
736
708
674
562
582
586
584
630
676
612
652
636
694
638
726
882
886
954
946
1028
1008
958
946
866
876
834
754
780
878
918
888
956
934
992
848
770
956
952
906
902
886
988
984
1038
1118
1080
1090
1254
1248
1228
1158
1118
1144
1176
1144
1244
1232
1222
1166
1170
1032
934
926
900
890
948
940
1044
932
910
930
938
992
1058
1078
1114
1096
1154
1098
1114
1250
1198
1026
1076
976
1088
1026
1072
1042
972
1000
986
970
1022
918
824
882
878
872
858
852
934
888
894
862
872
922
928
866
922
1030
994
1032
1214
1220
1266
1252
1374
1198
1222
1136
1040
1082
1128
1120
1110
1060
948
858
840
926
956
1024
948
948
930
996
968
984
948
1006
1040
1194
1390
1316
1328
1256
1314
1252
