3474
3534
3532
3450
3440
3480
3464
3486
3498
3516
3402
3440
3496
3454
3378
3334
3262
3232
3256
3314
3384
3332
3384
3350
3368
3378
3362
3348
3398
3428
3424
3444
3410
3422
3418
3430
3478
3450
3438
3436
3414
3456
3516
3494
3520
3512
3472
3458
3444
3442
3400
3354
3398
3334
3418
3444
3474
3526
3484
3422
3406
3432
3406
3400
3316
3202
3236
3246
3254
3272
3218
3292
3328
3344
3360
3394
3380
3390
3408
3460
3498
3472
3428
3468
3442
3418
3294
3290
3296
3384
3356
3294
3288
3262
3300
3268
3256
3322
3294
3308
3370
3360
3374
3396
3330
3306
3422
3488
3480
3454
3450
3426
3416
3406
3382
3342
3308
3250
3254
3278
3276
3290
3308
3346
3354
3364
3374
3428
3432
3480
3490
3514
3540
3482
3510
3420
3378
3312
3350
3320
3354
3328
3296
3258
3284
3268
3336
3386
3340
3392
3316
3332
3390
3370
3370
3336
3266
3284
3292
3206
3218
3240
3238
3218
3216
3246
3284
3384
3374
3378
3416
3426
3294
3354
3288
3314
3332
3366
3312
3402
3346
3364
3394
3382
3448
3412
3346
3360
3334
3308
3236
3222
3208
3236
3308
3318
3400
3366
3392
3348
3400
3332
3292
3282
3292
3368
3400
3404
3460
3410
3392
3342
3288
3260
3218
3296
3284
3246
3124
3078
3140
3158
3196
3276
3318
3276
3298
3296
3232
3264
3242
3250
3278
3304
3210
3228
3206
3256
3290
3316
3284
3366
3322
3344
3344
3304
3298
3342
3372
3268
3334
3420
3388
3370
3352
3352
3360
3324
3292
3334
3392
3364
3370
3356
3368
3364
3320
3328
3284
3348
3302
3270
3290
3326
3340
3346
3370
3362
3354
3340
3300
3334
3272
3210
3174
3218
3232
3178
3260
3252
3180
3220
3226
3250
3314
3300
3234
3236
3198
3166
3160
3168
3232
3282
3374
3430
3326
3330
3336
3288
3310
3272
3266
3288
3252
3294
3310
3298
3256
3336
3316
3284
3258
3308
3320
3364
3414
3380
3346
3340
3382
3380
3286
3194
3214
3224
3276
3276
3366
3392
3448
3404
3444
3490
3426
3418
3488
3402
3460
3462
3474
3356
3286
3360
3382
3418
3360
3356
3310
3320
3406
3444
3392
3368
3366
3382
3378
3378
3448
3416
3382
3430
3500
3456
3438
3478
3532
3502
3380
3374
3408
3452
3388
3402
3422
3458
3374
3342
3406
3464
3356
3330
3390
3426
3504
3518
3424
3384
3438
3430
3412
3386
3412
3380
3308
3238
3312
3296
3236
3246
3264
3216
3238
3252
3326
3276
3212
3266
3200
3240
3236
3248
3278
3310
3328
3390
3284
3272
3244
3168
3196
3128
3162
3066
2998
3050
3086
3126
3144
3134
3202
3228
3212
3226
3278
3270
3144
3138
3194
3250
3176
3242
3166
3180
3184
3168
3106
3108
3116
3164
3218
3252
3216
3210
3262
3248
3258
3210
3216
3232
3266
3258
3226
3284
3306
3368
3438
3336
3336
3276
3322
3362
3348
3416
3412
3350
3322
3276
3350
3334
3348
3284
3316
3302
3350
3316
3360
3366
3460
3402
3448
3454
3546
3562
3586
3572
3558
3542
3406
3430
3374
3332
3346
3302
3210
3264
3338
3420
3458
3394
3486
3440
3414
3396
3390
3246
3326
3250
3228
3210
3154
3144
3170
3204
3204
3224
3254
3260
3348
3354
3418
3390
3376
3346
3308
3296
3234
3186
3212
3154
3164
3276
3220
3160
3130
3160
3180
3178
3160
3190
3146
3114
3128
3110
3040
3024
3044
3010
2964
3004
3010
3074
3112
3096
3116
3112
3192
3258
3218
3218
3296
3346
3340
3388
3266
3236
3262
3292
3260
3288
3220
3304
3276
3154
3228
3146
3190
3146
3268
3236
3158
3206
3172
3128
3110
3116
3084
3176
3210
3152
3074
3112
3188
3172
3204
3186
3296
3316
3302
3264
3256
3302
3336
3292
3296
3352
3358
3340
3404
3400
3458
3416
3434
3346
3352
3360
3418
3494
3490
3528
3508
3520
3532
3498
3470
3558
3562
3534
3542
3542
3584
3556
3518
3456
3462
3454
3502
3504
3464
3484
3478
3456
3392
3364
3444
3454
3506
3426
3358
3352
3374
3268
3218
3272
3316
3364
3402
3360
3348
3376
3450
3446
3408
3320
3274
3214
3212
3284
3280
3278
3244
3276
3274
3272
3302
3352
3296
3302
3250
3250
3260
3230
3234
3226
3264
3306
3356
3290
3322
3382
3306
3362
3386
3392
3470
3416
3442
3464
3416
3438
3392
3408
3410
3358
3334
3300
3352
3338
3318
3392
3406
3404
3440
3342
3318
3352
3322
3362
3358
3386
3406
3426
3412
3408
3422
3448
3372
3320
3390
3380
3344
3368
3350
3386
3338
3278
3262
3220
3244
3170
3164
3238
3206
3162
3172
3192
3284
3276
3216
3296
3258
3240
3120
3094
3068
3114
3204
3234
3262
3300
3246
3194
3190
3268
3298
3310
3308
3376
3334
3346
3364
3338
3256
3282
3306
3294
3350
3366
3330
3338
3310
3318
3352
3240
3296
3298
3268
3284
3234
3310
3326
3390
3376
3358
3386
3394
3332
3340
3320
3326
3288
3348
3400
3410
3462
3518
3436
3460
3412
3478
3484
3534
3548
3460
3482
3508
3490
3502
3512
3510
3522
3464
3450
3506
3504
3446
3450
3446
3540
3476
3416
3444
3454
3490
3482
3342
3326
3348
3310
3322
3286
3298
3218
3258
3194
3310
3316
3378
3330
3318
3318
3370
3386
3362
3318
3288
3348
3348
3342
3336
3372
3370
3356
3342
3328
3404
3292
3348
3380
3352
3332
3350
3370
3318
3288
3318
3348
3336
3360
3408
3408
3414
3360
3370
3388
3376
3396
3338
3252
3290
3358
3308
3292
3298
3326
3310
3378
3380
3300
3318
3428
3424
3370
3380
3406
3366
3324
3348
3350
3408
3380
3370
3374
3360
3344
3328
3296
3310
3302
3368
3452
3352
3292
3268
3210
3230
3274
3252
3298
3288
3290
3358
3366
3346
3452
3382
3390
3406
3420
3362
3392
3448
3438
3478
3458
3506
3488
3490
3468
3498
3506
3410
3454
3458
3418
3440
3476
3522
3440
3398
3532
3476
3448
3446
3480
3476
3458
3488
3508
3444
3406
3432
3440
3484
3472
3382
3364
3380
3482
3438
3392
3446
3424
3430
3404
3426
3442
3416
3352
3430
3488
3510
3484
3472
3488
3400
3404
3422
3400
3368
3466
3392
3374
3358
3332
3284
3344
3356
3336
3282
3320
3322
3320
3330
3266
3282
3216
3296
3306
3352
3294
3348
3348
3406
3406
3416
3392
3358
3286
3260
3222
3366
3354
3386
3438
3408
3358
3344
3346
3308
3404
3352
3322
3368
3410
3344
3280
3314
3424
3358
3342
3336
3356
3384
3328
3322
3248
3246
3300
3254
3262
3272
3308
3276
3312
3278
3330
3358
3298
3364
3430
3404
3398
3370
3384
3394
3418
3390
3312
3366
3376
3380
3402
3386
3332
3280
3288
3252
3248
3244
3210
3186
3202
3142
3164
3138
3086
3126
3146
3128
3156
3086
3122
3050
2956
2962
2814
2820
2860
2886
2886
2922
2874
2876
2966
2934
2822
2842
2800
2870
2828
2802
2788
2752
2748
2664
2650
2668
2672
2572
2520
2572
2496
2464
2496
2616
2574
2536
2534
2586
2562
2700
2756
2756
2708
2728
2786
2780
2826
2788
2810
2786
2766
2700
2702
2748
2772
2784
2820
2826
2778
2782
2800
2716
2744
2704
2722
2788
2778
2848
2864
2884
2830
2888
2882
2876
2760
2670
2618
2596
2646
2620
2654
2742
2684
2620
2550
2580
2604
2678
2654
2698
2754
2744
2750
2722
2684
2620
2544
2564
2606
2664
2746
2810
2796
2842
2878
2822
2780
2738
2698
2636
2640
2668
2700
2708
2660
2692
2718
2716
2764
2742
2686
2586
2524
2566
2486
2492
2474
2510
2546
2582
2718
2750
2740
2726
2724
2730
2824
2790
2764
2806
2750
2748
2758
2738
2786
2676
2634
2640
2544
2546
2672
2662
2662
2770
2734
2786
2734
2850
2870
2868
2926
2988
2984
3020
2926
2904
2854
2824
2808
2814
2822
2818
2846
2878
2896
2926
2960
2940
2858
2848
2908
2936
3000
3002
3010
3066
3060
2994
2996
2954
2938
2860
2946
3064
3022
3070
3090
3044
3116
3148
3156
3094
3018
3094
3072
3122
3054
3076
3116
3130
3144
3194
3174
3138
3080
3100
3134
3182
3136
3110
3132
3168
3218
3298
3272
3340
3366
3382
3364
3404
3370
3418
3426
3438
3456
3420
3344
3350
3270
3236
3218
3190
3164
3152
3142
3192
3198
3202
3248
3234
3250
3226
3232
3238
3266
3248
3226
3190
3220
3304
3298
3226
3204
3206
3218
3192
3148
3148
3108
3052
3126
3168
3140
3172
3140
3218
3132
3164
3188
3168
3176
3144
3228
3254
3162
3134
3116
3128
3160
3178
3222
3208
3098
3100
3152
3148
3128
3066
3132
3134
3218
3190
3212
3228
3208
3160
3160
3204
3206
3152
3110
3106
3130
3110
3102
3130
3122
3120
3106
3120
3100
3124
3090
3096
3060
3148
3144
3124
3190
3208
3216
3176
3162
3120
3246
3220
3308
3240
3314
3324
3302
3316
3268
3234
3270
3230
3276
3318
3320
3420
3414
3344
3294
3230
3228
3236
3262
3324
3298
3356
3322
3364
3312
3416
3456
3430
3418
3318
3354
3314
3296
3272
3268
3262
3242
3248
3180
3132
3160
3180
3136
3200
3198
3266
3244
3216
3172
3126
3142
3192
3170
3184
3208
3224
3302
3322
3408
3434
3446
3468
3450
3488
3420
3396
3398
3376
3366
3376
3344
3414
3398
3438
3398
3388
3290
3292
3332
3280
3326
3308
3310
3340
3348
3372
3366
3348
3304
3352
3396
3488
3494
3530
3492
3466
3420
3420
3426
3446
3430
3396
3406
3412
3394
3368
3370
3392
3438
3436
3390
3358
3298
3358
3328
3364
3398
3460
3528
3440
3412
3418
3416
3430
3458
3454
3422
3388
3362
3368
3294
3358
3354
3356
3318
3314
3382
3368
3396
3370
3348
3330
3278
3312
3336
3386
3352
3280
3276
3292
3414
3388
3330
3384
3344
3442
3400
3296
3340
3414
3432
3400
3480
3524
3458
3424
3502
3428
3456
3408
3362
3348
3380
3384
3386
3368
3374
3318
3410
3460
3464
3406
3452
3396
3346
3404
3360
3366
3400
3382
3326
3332
3298
3308
3288
3326
3280
3276
3304
3332
3290
3306
3290
3302
3246
3214
3218
3204
3202
3216
3090
3054
3112
3158
3190
3130
3168
3232
3226
3248
3276
3308
3330
3360
3344
3330
3260
3190
3232
3268
3288
3332
3304
3322
3304
3282
3236
3278
3238
3226
3210
3262
3312
3318
3228
3314
3234
3316
3336
3328
3288
3258
3232
3136
3222
3210
3290
3228
3302
3336
3374
3386
3410
3430
3386
3356
3358
3358
3378
3356
3290
3304
3316
3266
3324
3366
3310
3270
3324
3316
3356
3404
3404
3408
3398
3364
3366
3306
3284
3332
3392
3426
3440
3378
3368
3416
3442
3386
3298
3328
3292
3296
3274
3314
3320
3326
3264
3278
3298
3300
3280
3288
3320
3272
3308
3360
3354
3336
3296
3272
3298
3302
3354
3310
3316
3280
3218
3242
3298
3246
3274
3192
3272
3256
3182
3216
3234
3246
3300
3230
3236
3272
3348
3416
3378
3378
3438
3438
3440
3400
3412
3362
3318
3296
3280
3234
3196
3204
3218
3166
3188
3174
3270
3218
3246
3338
3352
3270
3278
3244
3246
3194
3234
3286
3298
3374
3366
3326
3310
3392
3370
3264
3320
3354
3270
3324
3306
3320
3302
3430
3402
3392
3394
3380
3422
3496
3534
3464
3404
3358
3292
3384
3328
3324
3306
3306
3290
3310
3422
3498
3474
3426
3406
3396
3370
3316
3316
3256
3276
3350
3326
3358
3336
3470
3444
3524
3512
3500
3496
3538
3516
3458
3444
3490
3502
3454
3428
3390
3304
3296
3280
3340
3314
3336
3316
3316
3336
3336
3358
3300
3346
3376
3374
3356
3258
3286
3320
3314
3302
3286
3280
3240
3316
3280
3238
3258
3278
3308
3342
3304
3300
3332
3342
3328
3290
3304
3284
3254
3218
3228
3308
3320
3288
3268
3308
3306
3308
3220
3260
3170
3216
3204
3268
3372
3394
3468
3390
3438
3470
3448
3410
3408
3398
3380
3408
3356
3456
3462
3442
3374
3386
3364
3364
3366
3426
3414
3400
3424
3318
3300
3248
3278
3312
3254
3322
3340
3310
3316
3226
3250
3252
3296
3294
3232
3248
3290
3260
3180
3174
3216
