5952
5944
5936
5872
5864
5950
5896
5942
5916
5834
5808
5802
5810
5810
5750
5766
5722
5660
5658
5716
5696
5706
5794
5716
5642
5640
5678
5612
5704
5726
5798
5774
5738
5672
5656
5678
5628
5718
5736
5756
5842
5798
5586
5710
5720
5764
5864
5812
5894
5774
5748
5686
5784
5936
5954
6022
6046
5978
6020
6136
6242
6176
6212
6238
6228
6210
6348
6404
6362
6506
6520
6498
6448
6458
6326
6200
6282
6232
6282
6340
6306
6188
6270
6104
6148
6220
6288
6284
6236
6248
6282
6376
6328
6370
6304
6320
6390
6446
6444
6540
6556
6624
6648
6612
6646
6560
6450
6402
6380
6448
6574
6718
6660
6694
6750
6816
6686
6824
6862
6820
6784
6948
6764
6876
6802
6740
6754
6914
6968
7058
7138
7078
7104
7074
7114
7198
7248
7172
7092
6936
6952
6980
6982
6948
6776
6722
6734
6706
6638
6688
6722
6782
6772
6746
6770
6818
6724
6762
6848
6936
6864
6650
6744
6630
6536
6466
6486
6506
6416
6526
6486
6556
6448
6410
6530
6510
6562
6514
6526
6426
6396
6440
6166
6046
6204
6132
6116
6318
6258
6148
6336
6400
6456
6388
6356
6250
6218
6288
6258
6166
6206
6194
6092
6060
6000
6086
6060
6084
6158
6164
6170
6154
6164
6112
6246
6164
6172
6140
6368
6424
6298
6260
6182
6288
6328
6272
6240
6032
5974
6002
5894
6158
6176
6206
6108
6092
6130
6200
6112
6286
6312
6262
6198
6284
6368
6294
6366
6298
6444
6390
6516
6574
6604
6438
6494
6642
6668
6538
6602
6530
6520
6644
6576
6526
6498
6588
6648
6566
6574
6598
6580
6672
6594
6620
6610
6582
6720
6590
6602
6746
6778
6928
7000
7002
7142
7040
7166
7064
6924
6910
6772
6756
6682
6724
6818
6784
6892
6804
6876
6836
6940
6872
6886
6878
6790
6772
6738
6660
6660
6630
6758
6854
6766
6676
6722
6708
6654
6710
6726
6678
6708
6736
6516
6434
6490
6514
6460
6410
6452
6430
6378
6390
6350
6338
6300
6352
6532
6630
6628
6630
6704
6788
6822
6900
6916
6912
6878
6900
6948
6846
6804
6708
6694
6516
6676
6808
6720
6712
6756
6808
6642
6578
6530
6516
6486
6552
6566
6594
6598
6636
6370
6322
6362
6334
6246
6288
6246
6278
6274
6320
6352
6422
6416
6374
6526
6632
6652
6722
6666
6646
6782
6780
6858
6758
6748
6786
6710
6786
6772
6758
6736
6740
6648
6652
6722
6760
6792
6734
6738
6580
6572
6500
6480
6470
6442
6504
6506
6476
6486
6380
6376
6528
6550
6592
6542
6634
6542
6664
6742
6590
6602
6608
6688
6592
6466
6530
6468
6442
6468
6440
6342
6380
6504
6412
6466
6442
6362
6398
6338
6354
6342
6444
6376
6278
6316
6340
6560
6556
6540
6582
6588
6510
6470
6506
6398
6530
6478
6384
6326
6306
6316
6332
6336
6326
6324
6362
6326
6266
6324
6328
6334
6314
6298
6310
6218
6196
6124
6202
6212
6086
6152
6138
6122
6218
6206
6228
6240
6146
6166
6196
6192
6220
6116
6170
6342
6382
6282
6444
6410
6458
6416
6376
6396
6274
6292
6344
6268
6396
6288
6302
6270
6292
6210
6302
6258
6224
6304
6248
6214
6166
6192
6102
6054
6144
6178
6100
6102
6132
6032
6080
6046
6050
6088
6030
6180
6070
5988
6070
5948
5930
5962
6002
6118
5996
6064
6076
6104
6134
6078
6098
6094
6090
6098
6106
6154
6010
5856
5874
5916
5786
5810
5696
5660
5802
5890
5980
6032
6004
6060
6066
6064
6020
6064
6110
6172
6204
6158
6142
6268
6260
6360
6448
6308
6230
6150
6198
6226
6198
6306
6354
6414
6366
6400
6254
6326
6278
6402
6486
6416
6422
6416
6456
6422
6458
6366
6286
6362
6452
6442
6428
6552
6512
6628
6630
6444
6540
6602
6488
6490
6580
6702
6586
6516
6446
6392
6358
6528
6516
6470
6412
6526
6540
6634
6690
6766
6808
6836
6760
6708
6802
6864
6834
6850
6810
6832
6754
6746
6780
6798
6872
6840
6762
6676
6700
6756
6806
6764
6646
6586
6486
6436
6388
6342
6250
6232
6286
6266
6246
6388
6304
6280
6150
6258
6198
6348
6312
6350
6384
6400
6276
6076
6060
6060
5898
5982
6040
5990
6060
6104
6028
6062
6014
6038
5986
5800
5762
5986
5924
5932
5908
5930
5992
6008
5968
6012
6046
6196
6230
6198
6184
6144
6216
6132
6138
6064
6214
6092
5944
6062
6080
6044
6024
5970
5866
5896
6022
6168
6226
6134
6052
6032
6104
6088
6146
6194
6234
6212
6120
6096
6038
6058
6098
6178
6282
6274
6234
6156
6054
6154
6220
6200
6318
6208
6080
6062
6078
6222
6236
6290
6316
6272
6252
6208
6216
6160
6280
6298
6362
6418
6514
6394
6462
6492
6566
6476
6454
6228
6242
6248
6378
6378
6322
6370
6294
6256
6314
6382
6354
6276
6306
6510
6372
6586
6498
6444
6486
6414
6326
6458
6474
6420
6442
6454
6544
6442
6428
6390
6392
6294
6228
6184
6194
5952
5848
6004
6080
6176
6258
6190
6210
6212
6228
6366
6422
6486
6466
6370
6464
6694
6602
6492
6634
6648
6668
6750
6832
6798
6772
6804
6676
6678
6750
6792
6752
6800
6780
6694
6642
6552
6592
6446
6446
6268
6294
6268
6146
6282
6270
6078
6066
6170
6200
6192
6172
6170
6186
6254
6332
6100
6050
5922
5828
5774
5832
5754
5706
5740
5670
5556
5692
5626
5442
5438
5364
5278
5152
5242
5396
5452
5496
5472
5446
5478
5640
5400
5414
5372
5188
5194
5152
5116
5046
5058
5036
5002
4874
4900
4636
4686
4714
4734
4654
4644
4758
4702
4580
4640
4504
4522
4522
4520
4432
4384
4192
4216
3956
4122
4274
4244
4308
4430
4324
4442
4430
4400
4470
4484
4422
4540
4576
4536
4618
4520
4568
4490
4584
4528
4614
4574
4658
4700
4676
4796
4884
4790
4678
4644
4544
4806
4776
4828
4860
4752
4846
4916
4948
4932
4878
5008
5014
4996
4842
4772
4904
5008
4934
4966
4934
4976
4944
5120
5150
5084
5048
5168
5070
5090
5048
5112
5104
5172
5218
5234
5080
5024
5004
4896
4846
4950
4984
4920
4768
4732
4760
4836
4890
4964
4932
4874
4856
4848
4880
4940
5008
5102
5134
5276
5330
5268
5348
5304
5206
5330
5378
5430
5526
5500
5536
5482
5412
5492
5284
5260
5296
5378
5328
5284
5468
5476
5578
5584
5598
5554
5550
5558
5424
5514
5562
5604
5680
5652
5664
5576
5608
5586
5608
5716
5692
5756
5696
5770
5864
5956
5912
5858
5894
5992
6136
6060
5988
5970
6122
6254
6234
6178
6218
6116
6208
6290
6312
6208
6176
6142
6206
6194
6090
6106
6114
6216
6200
6206
6070
6034
5966
5902
5880
5932
6040
6056
5998
5972
6052
5982
5912
5934
6112
6254
6288
6298
6260
6188
6262
6282
6364
6350
6338
6410
6358
6262
6316
6236
6156
6092
6100
6140
6168
6134
6176
6192
6144
6204
6250
6094
6040
5990
6060
5986
6074
6068
6016
5982
6062
5916
5874
5864
5864
5950
5844
5916
5920
6014
5934
5864
6056
6026
6036
5858
5704
5800
5924
5974
6106
6168
5916
5888
5836
5636
5610
5514
5442
5652
5802
5882
5820
5788
5620
5536
5420
5316
5158
5162
5134
5174
5254
5206
5362
5372
5280
5354
5344
5504
5452
5422
5320
5370
5540
5570
5598
5486
5220
5214
5186
5120
5108
5194
5194
5204
5184
5070
4980
5104
5162
5206
5026
5122
5232
5320
5050
4992
4992
5108
5102
5026
5036
5008
5036
5024
5034
4990
5006
5078
5066
5112
5032
5070
5048
5180
5140
5066
5136
5162
5274
5362
5496
5458
5300
5240
5292
5144
5144
5174
5014
5058
4928
4958
4994
4850
4984
4830
4770
4864
4936
5018
4996
4826
4872
4856
4892
4950
4900
4842
4932
5076
4940
5066
5018
5036
5030
5106
5110
5194
5130
5004
5000
5044
5124
5136
5364
5346
5446
5448
5488
5508
5538
5498
5548
5566
5624
5618
5712
5690
5708
5662
5684
5696
5644
5564
5468
5502
5454
5676
5618
5442
5498
5520
5506
5422
5376
5282
5212
5294
5220
5302
5328
5478
5472
5472
5430
5420
5338
5356
5256
5360
5376
5286
5278
5390
5442
5266
5334
5310
5338
5542
5650
5610
5606
5724
5766
5996
5890
5810
5804
5702
5534
5482
5406
5624
5676
5774
5794
5730
5740
5784
5820
5846
5914
5772
5888
5850
5922
5942
5902
5850
5766
5766
5726
5720
5694
5590
5632
5666
5638
5550
5454
5508
5426
5426
5620
5740
5810
5824
5762
5722
5806
5862
5904
5808
5854
5788
5814
5910
5868
5826
5850
5900
5960
5888
5878
5728
5700
5758
5790
5630
5680
5724
5842
5818
5732
5712
5760
5856
5816
5856
5782
5700
5724
5724
5660
5468
5462
5488
5430
5390
5488
5498
5382
5518
5668
5652
5664
5698
5554
5616
5616
5716
5808
5766
5798
5756
5810
5736
5808
5862
5842
5928
5840
5792
5728
5748
5594
5586
5660
5658
5664
5752
5656
5814
5920
5984
5994
6030
5880
5892
5788
5710
5426
5388
5600
5682
5616
5674
5650
5666
5780
5846
5900
5788
5742
5708
5818
5816
5860
5818
5920
5888
5786
5914
5882
5652
5846
5840
5854
5778
5760
5848
5986
5890
5872
5850
5898
5886
5868
5844
5914
5910
5930
5876
5832
5872
5866
5812
5742
5822
5776
5666
5542
5518
5578
5576
5634
5664
5642
5674
5676
5630
5700
5538
5486
5472
5426
5458
5470
5634
5594
5648
5578
5654
5824
5814
5794
5756
5738
5780
5932
5826
5846
5792
5812
5782
5824
5718
5620
5670
5634
5542
5438
5396
5552
5592
5634
5758
5762
5848
5760
5714
5784
5836
5848
5796
5760
5862
5828
5832
5744
5800
5798
5916
5844
5806
5812
5776
5764
5776
5776
5784
5812
5742
5694
5704
5792
5870
5740
5684
5658
5690
5690
5640
5450
5496
5626
5572
5760
5624
5690
5778
5776
5796
5902
5836
5768
5680
5742
5736
5838
5724
5788
5890
5894
5866
5770
5728
5944
5970
5952
5842
5874
5742
5674
5724
5760
5664
5666
5620
5570
5440
5426
5394
5446
5330
5452
5382
5460
5574
5548
5498
5504
5400
5308
5090
5016
5064
5108
5188
5020
5196
5244
5350
5152
5060
5006
5026
4934
4778
4710
4794
4794
4912
4930
5002
5040
5006
4874
4968
4874
4816
4840
4928
5008
5016
5060
5106
5130
5128
5020
5086
5160
5170
5162
5136
5120
5006
5016
4938
5036
5148
5206
5192
5244
5212
5100
5136
5056
5042
5014
5052
4946
4930
4858
4902
5222
5284
5274
5320
5292
5250
5294
5190
5236
5154
5186
5438
5570
5550
5602
5612
5756
5740
5628
5614
5698
5750
5602
5572
5522
5522
5430
5322
5276
5232
5136
5090
5118
5038
5148
5284
5294
5200
5236
5548
5388
5376
5442
5410
5430
5492
5544
5660
5560
5604
5544
5484
5478
5452
5392
5370
5450
5268
5284
5258
5406
5340
5302
5478
5598
5434
5490
5438
5392
5516
5582
5604
5512
5568
5710
5764
5822
5794
5812
5800
5836
5752
5788
5672
5644
5698
5614
5588
5558
5548
5564
5564
5514
5352
5338
5548
5632
5620
5640
5692
5718
5900
5940
5994
6018
6046
6192
6266
6172
6100
6084
6140
6210
6230
6286
6452
6370
6344
6414
6332
6288
6166
6160
6182
6248
6260
6334
6330
6356
6288
6310
6288
6108
6018
5894
5804
5696
5714
5836
5840
5818
5866
5840
5898
5876
6000
5754
5682
5620
5666
5698
5748
5862
5734
5768
5864
5784
5804
5696
5706
5696
5596
5456
5344
5310
5326
5364
5360
5396
5234
5314
5246
5324
5234
5300
5332
5292
5358
5374
5408
5320
5440
5380
5236
5352
5312
5328
5108
4836
4918
4910
4946
5036
5236
5186
5298
5308
5218
5180
5312
5324
5262
5348
5386
5510
5562
5646
5714
5760
5872
5824
5924
5940
5874
5754
5776
5832
5666
5732
5860
5904
5800
5866
5968
5916
5906
5900
5926
5940
5892
6072
6176
6264
6128
6256
6214
6176
6166
6168
6220
6080
6028
6024
5938
5898
5682
5788
5696
5632
5624
5544
5578
5602
5638
5726
5756
5682
5604
5582
5608
5702
5738
5786
5920
5768
5706
5668
5652
5526
5506
5572
