2472
2426
2394
2386
2620
2638
2560
2554
2662
2542
2584
2614
2588
2542
2622
2638
2724
2760
2874
2958
3050
2972
2918
2956
3104
3128
3044
3062
3068
3048
2962
2864
2934
2860
3050
3096
2994
2988
2884
2718
2694
2900
2792
2742
2628
2468
2448
2508
2368
2456
2440
2432
2448
2458
2590
2558
2630
2638
2854
2988
3094
3072
3014
3104
3122
3096
3030
3042
2994
2994
2994
2890
2806
2850
2902
3040
2866
2844
2856
2696
2468
2532
2606
2640
2536
2586
2634
2692
2626
2666
2512
2458
2574
2434
2488
2528
2622
2680
2586
2562
2458
2428
2494
2522
2526
2450
2504
2388
2536
2590
2602
2582
2496
2414
2464
2540
2326
2402
2460
2606
2526
2462
2390
2350
2344
2224
2160
2250
2314
2114
2102
2120
2090
2044
1936
2060
2194
2276
2276
2258
2322
2270
2308
2260
2398
2436
2482
2450
2314
2252
2188
2252
2168
2178
2276
2172
2058
2088
1988
2254
2198
2202
2270
2268
2254
2106
1952
2040
2068
2224
2254
2314
2288
2534
2584
2424
2438
2536
2492
2452
2372
2352
2316
2312
2504
2378
2324
2342
2478
2434
2270
2238
2212
2208
2032
2116
2106
2156
2232
2294
2358
2242
2286
2312
2274
2106
2108
2030
2160
2210
2258
2254
2202
2186
2298
2324
2432
2474
2466
2518
2460
2408
2430
2474
2480
2546
2630
2468
2440
2398
2496
2360
2394
2498
2442
2630
2732
2818
2754
2680
2792
2824
2636
2708
2766
2776
2652
2700
2702
2704
2644
2486
2298
2222
2104
2190
2202
2186
2092
2034
1878
1958
2196
2314
2286
2140
2258
2176
2104
2258
2278
2370
2464
2602
2500
2278
2446
2398
2248
2254
2264
2076
2094
2040
2064
2188
2084
2004
2258
2006
2080
2048
2096
2266
2138
2306
2508
2620
2620
2584
2592
2580
2510
2602
2592
2440
2488
2428
2356
2264
2270
2166
2140
2124
2206
2258
2376
2348
2448
2474
2522
2520
2522
2576
2582
2488
2574
2678
2780
2788
2648
2684
2732
2772
2734
2770
3022
3122
3170
3226
3364
3394
3414
3380
3294
3454
3284
3188
3226
3250
3318
3248
3272
3176
3306
3230
3294
3388
3442
3590
3658
3590
3556
3486
3498
3444
3334
3398
3236
3298
3426
3232
3200
3356
3192
3148
3234
3390
3486
3408
3460
3438
3396
3336
3320
3492
3530
3528
3626
3552
3464
3440
3604
3692
3696
3602
3546
3546
3582
3700
3618
3578
3568
3634
3460
3386
3334
3282
3336
3344
3226
3098
2836
2670
2702
2532
2498
2570
2342
2386
2330
2308
2244
2364
2200
2272
2186
2344
2342
2194
2234
2214
2168
2170
2152
2034
2078
1932
2012
1980
1992
2032
2240
2194
2068
2226
2196
2108
2224
2214
2342
2374
2466
2400
2396
2264
2392
2342
2202
2080
2016
2058
1988
1990
2028
1986
2056
2036
2070
2026
2000
2078
1952
2094
1936
2040
1974
1902
1900
1924
2046
2078
2132
2102
2174
2202
2160
2066
2030
1992
1990
1906
1768
1748
1712
1718
1654
1816
1884
1946
1890
1942
1958
2010
1976
2010
1996
2074
2006
2074
2040
2096
2220
2036
2028
2032
1880
1818
1740
1730
1902
1796
1896
2092
2112
2090
2120
2172
2216
2280
2368
2360
2630
2576
2604
2666
2588
2526
2530
2314
2162
2104
2106
2122
2050
1904
1808
1804
1906
1834
1882
1682
1570
1458
1354
1432
1310
1250
1360
1316
1168
1262
1160
1088
1096
862
1068
1144
1204
1128
1046
1196
926
812
942
774
702
590
492
464
630
838
614
504
348
428
434
244
248
300
330
520
582
554
588
660
440
560
360
396
362
184
206
216
140
48
38
2
124
374
488
430
364
238
300
178
114
242
142
266
344
420
440
584
704
824
882
902
910
942
902
1004
986
928
756
850
840
976
1070
940
862
908
934
902
846
692
714
828
760
792
802
956
916
738
776
740
764
688
838
694
670
644
858
840
842
922
862
672
614
534
730
674
656
634
596
470
568
724
816
914
976
834
842
882
894
1028
1000
1010
948
1048
1116
1058
982
944
838
910
1012
1112
1172
1180
1174
1118
1086
1182
1136
1102
1082
1086
1148
1186
1198
1192
1340
1254
1300
1190
1124
1194
1158
1156
1246
1164
1378
1524
1410
1484
1462
1408
1604
1502
1574
1500
1506
1518
1456
1364
1424
1508
1408
1478
1402
1312
1332
1242
1330
1342
1460
1546
1588
1548
1758
1926
2096
2168
2076
2146
2148
2204
2212
2216
2334
2360
2330
2236
2196
2082
2008
1870
1748
1644
1702
1690
1756
1774
1832
1710
1596
1488
1592
1506
1578
1530
1626
1646
1770
2004
1978
1846
1832
1794
1846
1664
1632
1638
1450
1456
1360
1234
1106
1200
1074
846
978
980
960
1106
1028
1014
964
1218
1216
1380
1382
1374
1426
1356
1360
1408
1406
1380
1348
1422
1332
1402
1480
1406
1464
1486
1294
1328
1324
1404
1364
1520
1618
1590
1696
1564
1548
1602
1582
1742
1746
1672
1672
1572
1506
1426
1350
1406
1316
1230
1262
1248
1070
1234
1212
1126
1100
1124
962
1036
908
894
916
942
948
946
1082
1022
1078
1098
954
1044
1126
1110
1260
1270
1138
1176
1230
1106
1190
1204
1162
1112
1218
1190
1188
1046
1148
1190
1156
980
1034
1094
1102
1036
1008
1028
1094
1062
1238
1172
1282
1270
1240
1198
1332
1304
1208
1154
1316
1222
1152
1286
1210
1248
1260
1176
1210
1254
1260
1152
1312
1316
1218
1284
1130
1212
1218
1362
1356
1400
1320
1392
1450
1306
1344
1308
1138
1100
1082
1028
1078
938
982
890
774
826
848
964
946
956
1006
924
994
1006
962
922
938
1080
1154
1154
1156
1008
916
894
852
848
870
830
988
1150
1058
1170
1180
1130
1242
1312
1280
1182
1060
1012
1048
1052
1120
1108
1050
1194
1032
1094
1082
966
844
848
814
842
882
938
1110
878
774
854
768
920
932
968
938
950
994
952
984
954
908
752
876
828
686
650
730
766
720
716
722
740
536
478
334
176
224
306
190
108
168
60
78
122
202
304
300
486
396
412
440
472
530
412
352
336
232
106
6
30
30
70
136
72
78
18
114
82
114
78
4
40
4
52
282
254
240
244
96
114
30
80
50
86
114
80
160
206
330
310
222
330
172
182
158
40
194
338
204
246
276
284
278
250
150
188
86
194
138
144
156
62
80
134
94
42
26
34
44
144
154
104
14
64
88
36
10
26
2
52
112
66
54
42
164
210
114
24
18
44
70
90
124
60
0
180
130
76
44
12
34
218
122
334
320
380
250
312
420
430
620
466
526
640
580
392
246
322
220
262
262
326
314
96
66
10
84
246
252
260
204
160
210
362
432
478
564
640
592
632
464
536
334
456
398
362
360
226
212
316
184
134
182
318
294
416
456
444
328
374
344
476
152
80
130
18
18
76
92
128
108
262
156
116
190
220
120
140
206
124
56
152
162
68
14
90
176
148
98
26
72
242
244
8
0
64
98
62
98
164
256
276
254
90
170
94
224
246
176
248
292
192
256
266
412
524
388
294
270
182
248
68
148
72
140
102
14
108
142
138
132
132
74
64
76
98
170
100
110
120
120
180
114
178
244
200
150
164
308
296
274
226
288
204
164
106
24
8
8
12
34
92
104
2
32
62
176
172
226
164
210
256
388
414
334
362
440
400
406
430
252
328
224
262
388
386
432
412
450
418
374
372
264
312
386
372
276
372
216
220
228
278
196
80
164
192
112
178
204
258
284
240
320
242
196
120
252
170
104
44
120
82
108
60
266
172
176
118
186
218
216
118
80
66
80
82
102
264
254
170
164
72
172
166
160
282
170
204
276
372
450
456
500
464
414
410
566
592
482
594
754
748
808
664
496
484
454
402
362
386
352
456
398
456
408
438
482
378
438
484
466
440
404
466
424
424
368
224
188
262
230
262
160
220
414
452
402
516
472
502
408
534
414
404
430
368
260
318
450
506
608
728
742
706
730
782
824
726
712
524
460
606
628
594
628
548
684
618
568
674
702
834
848
820
1006
886
914
758
746
774
648
826
832
820
878
848
824
852
824
776
808
910
934
990
978
890
980
968
1080
1046
928
994
1002
906
900
852
684
808
826
750
816
750
802
796
800
744
712
810
856
882
1020
1048
990
902
1014
1030
976
1022
964
1018
926
840
984
998
1052
1050
1164
1208
1266
1254
1092
1188
1172
1252
1196
1260
1420
1614
1520
1498
1480
1442
1332
1240
1340
1262
1304
1238
1168
1252
1200
1104
1056
1040
1036
856
836
704
728
840
822
668
702
620
518
554
464
520
432
408
282
110
272
306
342
308
344
342
168
166
70
88
84
42
166
138
124
48
6
4
194
30
50
236
434
432
370
270
352
216
284
142
230
238
332
246
220
32
14
82
28
82
162
104
4
12
182
76
78
160
116
192
76
32
24
14
86
162
376
338
190
238
164
208
292
316
416
346
326
400
410
238
156
98
86
8
86
162
140
154
258
300
228
206
174
198
222
50
10
28
112
78
56
54
148
114
2
258
298
356
154
54
56
120
68
200
106
204
144
134
124
60
14
74
70
32
138
24
6
132
198
382
374
422
504
570
660
772
910
962
780
802
872
946
976
832
870
708
756
800
674
816
732
840
844
818
892
930
972
938
982
1052
1024
904
962
1074
1006
912
952
830
914
814
768
882
950
1002
1104
1124
1112
1140
1208
1224
1218
1146
1148
1158
1116
1184
1236
1180
1006
948
994
996
984
1106
1132
1288
1252
1440
1438
1366
1486
1384
1326
1582
1704
1732
1680
1776
1836
1732
1708
1858
1774
1728
1886
1924
1826
1864
1846
1948
2052
2138
2108
2164
2074
2160
2412
2330
2304
2292
2292
2334
2428
2456
2320
2236
2222
2116
2106
2214
2440
2472
2578
2504
2564
2512
2462
2474
2514
2418
2558
2426
2494
2518
2484
2648
2694
2802
2802
2784
2724
2684
2616
2546
2566
2476
2298
2428
2474
2434
2244
2280
2300
2400
2438
2420
2516
2506
2522
2484
2384
2368
2298
2166
2240
2294
2256
2280
2256
2216
2216
2232
2350
2304
2292
2194
2282
2480
2388
2330
2358
2274
2232
2196
2126
2092
2118
2132
1974
1972
2150
2092
1960
1982
2044
2088
2104
1946
1860
1788
1734
1774
1830
1780
1812
1980
1972
2066
2076
2086
2082
2308
2144
2278
2318
2286
2276
2094
2150
2022
2098
2118
2186
2088
2172
2028
2008
1988
2092
1956
2058
1904
2008
2052
2118
2160
2318
2230
2100
2104
2200
1952
1862
1836
1840
1854
1758
1820
1820
1856
1854
1776
1758
1662
1426
1386
1456
1514
1480
1406
1492
1472
1550
1466
1374
1194
1242
1236
1212
1372
1330
1264
1374
1190
1252
1354
1238
1090
996
1122
1066
1134
998
1024
1152
1154
1288
1078
1222
1294
1404
1326
1420
1360
1282
1196
1234
1192
1230
1200
1058
1100
1108
1148
