888
900
930
918
916
906
864
862
874
878
860
892
874
906
922
904
944
936
950
950
930
938
922
930
920
928
918
908
880
892
920
914
866
880
908
912
898
876
866
842
856
876
868
874
862
842
828
850
834
846
862
872
870
876
884
886
858
844
836
830
836
826
840
864
866
856
848
838
858
868
840
820
868
850
812
802
812
794
780
770
808
818
794
832
808
820
780
812
810
838
862
836
842
836
840
830
778
818
844
878
904
886
854
850
832
812
806
806
804
818
824
824
818
814
780
792
804
798
836
866
868
884
878
862
898
908
902
916
942
956
930
926
900
902
922
920
918
868
858
854
898
874
866
882
882
834
828
832
842
818
852
860
868
898
892
856
888
894
890
860
864
872
894
870
882
874
848
836
836
826
810
766
790
806
784
792
764
802
808
814
852
852
860
856
862
882
868
890
882
908
896
920
882
914
916
904
868
882
880
878
874
858
878
850
846
854
886
890
866
886
876
876
880
858
864
862
850
846
850
822
846
832
858
872
864
882
866
884
912
890
858
876
876
864
862
868
866
834
816
828
826
826
854
866
864
824
834
822
848
884
868
860
820
846
812
810
860
858
842
832
816
832
810
822
802
780
778
776
738
716
718
720
750
722
742
734
738
738
700
728
732
720
700
660
670
706
702
682
670
702
722
722
704
694
688
690
676
724
770
766
778
784
758
782
794
790
726
770
736
740
778
744
766
800
792
780
800
796
786
758
748
802
788
836
838
838
838
864
822
846
852
836
852
836
830
832
848
882
842
880
880
874
862
896
856
864
838
852
864
850
896
904
906
920
942
912
930
918
922
916
888
892
890
884
884
880
890
874
850
860
870
918
894
874
856
884
858
858
834
844
824
810
824
800
778
792
852
872
878
848
792
764
758
784
808
832
824
838
850
882
862
874
858
836
866
882
878
884
896
888
862
870
878
836
878
890
858
834
826
824
858
852
834
818
826
820
820
824
880
840
840
820
842
848
870
850
856
856
860
898
922
948
924
926
904
910
888
912
934
932
902
894
926
896
874
902
914
948
936
918
944
924
922
926
944
944
914
910
946
932
898
888
906
920
918
894
904
886
874
864
878
882
876
872
860
868
880
918
916
906
918
934
934
916
920
922
918
930
906
870
880
874
898
908
902
904
918
886
912
922
912
934
948
900
912
904
868
886
892
848
860
868
876
858
842
834
836
822
868
800
830
882
876
920
924
924
928
934
906
918
914
914
906
880
878
850
850
846
814
800
822
802
808
842
816
816
822
796
764
752
740
766
764
790
830
818
850
862
918
938
924
922
942
912
932
922
924
922
896
882
852
878
882
882
876
876
878
850
840
848
852
802
802
800
770
772
764
786
782
780
760
780
804
800
822
804
792
810
780
794
790
808
808
850
850
832
818
816
806
824
812
822
786
786
812
822
864
832
838
804
832
822
846
816
802
814
788
776
826
798
816
820
796
754
750
784
774
766
778
824
794
802
806
802
816
788
774
784
774
794
800
774
806
804
804
806
830
802
794
826
808
820
830
818
794
790
780
772
800
806
792
776
806
806
838
806
810
834
860
856
872
842
882
876
854
856
884
882
864
880
866
828
848
870
856
878
874
826
856
852
860
836
800
808
806
812
822
862
888
886
874
868
868
866
884
886
864
856
866
876
866
866
860
872
842
840
858
858
858
884
868
862
836
866
856
852
854
842
824
838
818
848
862
858
806
800
794
758
734
742
758
764
802
800
804
790
792
796
828
850
842
826
806
816
820
830
834
820
830
826
806
808
796
784
780
792
776
776
760
776
814
840
836
814
798
820
840
848
888
912
880
888
890
898
894
876
888
886
930
912
928
908
908
914
952
940
888
906
906
924
902
890
882
882
880
884
876
874
902
870
860
892
918
920
936
932
956
932
928
956
966
942
926
892
920
918
940
946
914
912
920
924
932
928
880
836
838
858
888
860
852
842
856
872
882
910
906
866
882
880
836
818
818
818
818
816
784
758
710
728
760
764
744
754
774
806
820
876
854
844
846
848
850
834
868
872
856
808
818
824
810
862
830
808
794
796
796
826
794
804
808
782
780
790
798
796
806
818
822
848
812
812
804
782
814
788
820
776
766
806
852
844
824
794
818
774
792
758
782
790
770
788
814
822
830
838
878
842
834
820
828
828
852
858
860
852
846
840
844
860
856
886
864
840
824
820
788
796
788
772
796
786
764
764
794
762
764
738
762
740
736
734
760
790
782
782
802
806
806
812
820
848
850
876
862
832
810
844
894
856
834
878
872
872
880
884
896
886
878
892
860
852
882
850
826
828
862
844
866
880
852
860
820
828
864
886
896
864
878
912
906
914
904
884
902
906
904
898
906
918
938
914
948
934
914
876
924
892
886
876
886
914
910
928
916
934
952
942
926
946
934
910
942
946
948
906
912
948
906
924
890
882
910
906
902
892
900
910
920
910
904
904
906
936
932
920
898
930
910
934
918
890
882
884
856
852
884
874
894
902
916
928
902
924
872
890
882
892
888
896
906
878
898
886
878
898
914
924
916
916
880
886
888
882
896
902
884
870
888
884
892
866
870
850
844
822
832
876
876
872
880
872
890
872
882
858
858
864
892
918
930
938
910
902
884
900
926
924
918
940
918
920
896
888
848
854
874
864
836
838
844
872
886
876
880
908
892
858
844
846
836
858
852
882
890
926
934
922
932
912
902
900
922
900
904
874
876
820
824
830
850
880
906
916
914
904
902
900
884
880
842
826
862
842
882
890
834
882
898
940
930
892
890
872
864
862
888
914
904
918
916
900
882
884
882
928
896
888
914
910
926
926
932
938
904
898
890
890
890
894
918
944
926
926
910
898
864
874
902
916
926
920
928
898
888
902
892
918
908
910
908
862
854
832
826
796
780
766
776
788
800
814
810
796
832
842
816
816
830
822
816
816
832
800
804
844
848
882
872
850
852
840
812
826
824
824
836
860
854
848
856
844
856
872
856
832
790
760
800
808
784
738
736
730
748
792
794
796
788
814
844
850
844
836
858
888
876
888
908
910
894
910
878
882
886
906
902
934
932
924
892
900
920
886
882
914
918
892
860
824
832
838
840
854
854
870
894
894
890
896
902
896
904
916
908
896
916
920
924
922
900
922
932
930
950
952
926
936
934
932
938
944
932
942
970
948
912
916
890
898
892
886
878
860
908
894
884
884
912
906
880
914
902
900
908
916
934
912
932
898
932
956
946
916
886
898
906
882
904
920
936
934
944
948
954
952
964
952
934
934
904
878
880
878
882
902
918
908
886
886
870
880
868
836
820
832
816
824
836
810
842
854
860
806
824
836
836
862
872
830
820
814
824
782
754
782
754
774
748
752
744
766
766
768
780
788
820
860
828
828
844
880
866
814
842
860
844
866
850
830
836
880
928
932
918
904
918
894
862
888
886
864
846
846
866
862
850
832
798
762
740
694
678
702
736
730
714
698
688
672
658
654
694
688
668
678
702
736
772
764
768
732
698
700
742
756
738
740
742
764
770
766
726
702
734
708
654
648
646
610
590
612
600
664
698
672
678
750
744
744
712
668
698
714
712
708
766
780
800
800
778
782
814
800
846
892
908
916
936
924
898
916
910
906
918
882
916
902
908
902
930
916
914
922
928
944
944
944
912
906
880
896
906
896
888
852
864
876
878
902
872
846
828
788
768
800
810
850
904
898
886
900
890
894
888
912
928
908
904
912
912
918
934
930
906
914
930
912
912
924
946
942
928
920
888
898
910
846
878
914
928
944
936
916
926
938
908
894
926
960
928
890
878
850
858
818
832
810
824
854
864
866
884
890
884
878
892
888
890
898
910
934
928
932
922
888
922
908
868
874
866
832
810
838
846
808
842
844
830
856
852
872
842
846
884
882
888
910
918
928
924
890
860
848
864
898
884
886
876
854
848
850
874
878
896
902
904
888
914
924
880
902
926
924
918
912
926
912
894
932
904
870
854
858
852
864
874
828
836
852
890
902
894
890
880
854
852
818
818
828
816
816
810
786
768
806
796
830
824
796
810
810
802
792
818
830
846
864
880
856
832
830
836
864
896
922
894
908
890
884
904
920
874
906
926
918
916
900
928
932
926
920
930
912
932
942
944
948
926
930
924
922
914
922
924
902
932
960
938
912
936
928
888
876
886
884
874
840
828
860
882
850
832
834
774
812
846
872
864
878
842
850
818
814
810
812
822
822
836
854
866
920
908
904
916
944
928
922
926
898
888
874
874
898
888
890
910
896
876
850
870
842
826
860
898
922
922
884
878
864
856
852
880
904
892
904
854
866
892
856
838
840
820
822
786
772
784
804
830
796
794
826
842
798
806
780
758
798
842
864
856
872
882
918
916
898
844
860
878
880
908
936
938
922
930
924
936
918
896
858
870
854
850
850
840
854
840
876
906
880
906
922
930
908
924
904
920
920
926
916
906
910
910
920
926
924
880
908
902
868
862
880
858
862
900
906
914
914
920
890
908
904
884
884
876
836
878
918
906
862
898
942
942
936
930
920
888
862
840
848
