760
772
706
698
702
688
680
730
728
708
680
656
686
694
712
736
672
630
612
600
602
634
652
662
620
662
696
680
710
622
644
680
660
684
722
730
714
702
716
708
712
744
772
806
810
808
810
814
830
878
862
884
874
868
850
856
890
892
872
870
860
846
826
788
818
818
828
812
768
796
826
790
792
806
820
794
814
802
794
798
762
782
782
820
842
844
852
902
934
944
940
902
892
868
894
904
904
904
866
870
862
886
888
890
846
860
852
858
860
794
800
830
846
858
878
858
858
908
924
910
892
878
850
818
804
790
830
864
900
860
870
874
884
852
874
900
918
928
906
928
912
878
868
850
820
782
840
836
816
838
810
854
868
880
874
872
882
896
882
892
844
876
876
856
852
842
852
828
870
832
834
822
768
760
778
810
812
796
780
770
792
802
784
806
796
776
766
752
736
752
714
716
694
712
678
678
674
690
694
654
700
684
658
676
696
704
752
718
720
756
736
726
736
750
760
786
788
782
804
804
838
836
854
836
826
804
832
822
822
844
834
834
836
844
830
812
796
786
770
718
732
720
722
776
772
794
796
788
812
806
856
826
846
866
906
904
904
908
886
920
894
890
910
898
894
870
856
860
846
808
804
826
780
756
782
808
844
880
864
840
808
792
822
808
822
788
788
794
818
832
812
776
820
834
858
856
860
806
812
810
820
854
828
824
848
836
878
904
920
896
912
904
876
890
912
916
924
928
912
904
920
900
888
894
876
892
914
914
912
930
946
942
962
958
944
914
874
856
864
874
878
884
882
874
882
892
866
866
878
848
858
870
854
824
848
904
904
898
880
894
906
874
872
864
854
856
866
878
860
832
798
830
834
868
840
878
864
818
798
788
810
806
808
812
862
900
896
896
892
894
890
896
910
872
894
896
866
870
858
882
918
894
888
862
842
836
814
806
812
854
812
846
816
826
834
802
856
828
826
878
870
852
868
832
858
846
900
904
888
848
830
794
804
810
796
784
774
790
796
836
846
850
886
892
898
902
938
932
910
870
882
854
894
904
886
876
902
876
896
902
896
880
888
864
878
862
844
846
858
892
860
796
776
772
756
770
774
776
792
752
758
744
762
732
678
688
678
722
742
788
804
786
770
752
752
746
768
762
788
800
812
828
816
806
796
808
818
842
848
870
884
876
874
880
904
866
852
840
858
832
818
862
876
916
856
870
874
836
840
832
818
786
814
806
834
824
876
876
868
894
888
894
908
900
908
924
880
886
888
892
894
856
836
832
836
854
886
884
906
906
942
906
924
900
882
898
888
912
928
908
902
890
872
854
816
764
786
788
802
752
768
740
724
756
760
770
770
794
802
778
792
786
778
756
754
752
816
794
770
768
784
770
810
796
816
842
872
854
876
858
868
896
878
880
878
878
838
852
886
892
882
878
874
854
860
824
840
824
826
814
826
820
842
854
886
886
874
890
850
842
812
812
832
874
886
866
842
802
820
796
830
828
834
830
826
828
848
860
882
884
894
890
852
852
830
788
804
802
778
806
792
758
814
776
804
798
782
776
754
734
740
762
810
808
854
864
896
864
836
836
842
798
800
806
780
808
856
826
824
836
822
838
818
832
806
780
778
826
820
782
772
776
760
774
726
734
744
726
698
716
734
724
730
726
736
738
750
720
750
802
778
796
758
766
748
770
768
780
738
748
744
740
768
784
748
750
738
748
718
736
738
752
778
754
764
764
776
806
778
808
836
816
858
840
826
878
876
896
906
920
908
886
864
848
886
882
890
852
846
870
884
882
874
880
886
910
880
886
880
880
860
880
886
878
854
858
870
852
882
892
872
860
858
872
838
852
882
876
870
898
892
878
904
896
900
906
882
886
884
892
904
936
918
908
906
932
904
906
892
894
866
864
844
896
906
910
888
890
886
888
894
900
902
898
918
904
914
918
912
910
890
868
856
886
908
880
892
868
906
906
886
882
892
908
880
876
846
880
908
862
898
868
870
908
904
902
892
878
886
876
896
908
906
920
908
890
920
850
824
836
850
838
816
798
814
770
780
812
812
794
786
760
806
786
806
828
856
868
816
836
820
812
814
790
812
834
850
858
806
830
810
802
828
818
780
826
862
880
886
856
858
818
838
838
858
846
838
828
852
804
778
764
794
812
768
812
814
808
798
798
844
862
848
848
854
826
872
852
892
892
906
870
862
838
878
882
842
834
842
864
878
914
908
918
900
928
946
934
940
926
936
930
904
876
864
894
910
876
890
898
880
850
834
850
868
890
890
842
850
866
872
848
864
892
886
836
822
804
784
784
768
796
812
810
830
834
820
840
840
810
824
842
808
808
830
826
808
848
844
850
838
860
866
870
872
830
796
768
756
766
756
758
792
798
798
786
834
856
872
870
878
872
910
894
856
856
866
848
852
826
832
844
870
856
860
874
860
838
838
836
862
880
902
898
890
870
874
868
870
874
888
884
862
844
848
864
864
900
894
858
848
858
842
852
866
850
848
868
856
882
890
890
888
878
922
932
934
914
896
912
918
904
892
888
858
834
848
824
838
850
890
882
886
858
832
828
846
838
868
884
856
842
832
836
806
810
836
824
848
840
838
842
880
890
876
882
850
866
892
902
864
890
878
876
858
866
868
872
882
886
860
864
876
858
878
854
870
872
880
848
850
842
874
880
916
880
864
888
908
910
890
890
906
906
918
898
912
864
894
860
848
870
876
862
864
862
888
902
908
930
908
870
838
836
874
884
878
894
902
896
898
900
906
932
936
950
934
922
914
884
894
898
908
902
882
910
890
924
946
926
936
960
924
916
922
872
832
800
786
796
746
780
808
818
796
804
810
816
798
782
766
792
776
784
818
838
840
850
842
846
858
818
820
830
868
876
830
792
798
802
762
808
818
830
830
806
826
788
816
814
828
852
838
838
822
830
836
842
848
860
872
842
846
858
886
884
876
862
896
886
834
854
908
860
844
844
820
816
830
844
848
840
822
840
836
834
788
822
794
800
802
846
854
842
826
844
880
878
890
872
892
924
912
900
892
908
884
894
900
882
886
904
890
900
888
880
920
944
940
926
900
898
876
878
894
932
914
910
894
860
878
852
852
868
854
836
838
852
862
858
872
870
850
850
844
842
810
818
808
830
840
834
804
830
836
852
826
862
846
822
836
792
836
812
836
864
846
782
804
830
838
834
856
872
848
838
848
854
880
848
858
828
832
820
856
850
866
894
888
864
872
860
838
828
860
838
828
822
820
786
768
780
820
808
784
810
818
800
810
818
788
784
806
858
866
870
872
866
864
858
880
836
810
796
822
836
844
824
848
864
878
896
896
914
934
934
890
888
880
882
866
906
912
858
902
890
902
888
866
896
902
860
864
846
852
834
822
870
874
892
882
884
922
904
892
892
864
856
844
880
810
786
788
800
798
806
798
792
794
820
846
828
804
824
846
864
854
862
836
842
874
882
902
902
898
874
878
922
902
888
842
840
820
852
866
894
848
860
836
836
846
830
790
790
818
822
796
802
788
758
772
772
758
780
762
756
774
754
772
764
794
786
784
780
742
760
778
804
800
818
788
730
740
746
810
796
800
776
794
776
790
782
788
790
780
826
856
860
874
848
886
888
884
872
872
910
930
950
938
930
918
904
938
922
936
932
886
838
864
860
846
836
824
800
798
778
782
768
776
780
792
746
714
698
694
684
688
646
644
684
724
688
676
702
746
714
764
794
818
814
800
792
822
850
868
828
814
822
832
850
822
866
874
860
846
854
878
862
822
838
856
850
826
812
838
848
840
846
842
842
800
826
846
856
848
846
870
864
854
856
800
814
836
854
834
838
808
764
812
820
788
758
720
736
756
770
788
846
836
828
820
826
812
812
832
796
792
790
810
866
870
872
896
876
882
884
890
892
902
928
922
920
906
898
900
860
870
870
858
894
874
900
918
928
924
910
910
906
896
908
926
892
882
828
836
836
834
866
854
856
850
842
812
808
812
812
830
846
852
886
906
884
916
896
878
842
844
872
842
838
816
814
800
824
820
818
776
792
778
798
814
810
808
798
794
808
794
842
862
834
854
864
820
814
832
838
862
878
884
868
906
882
894
872
884
896
924
906
912
922
914
916
894
884
876
888
926
910
910
908
910
898
896
896
900
900
886
864
888
886
870
844
870
874
914
896
886
866
880
882
870
870
848
854
876
862
858
884
864
890
874
868
866
896
926
906
884
840
854
872
862
890
866
906
902
884
876
832
798
846
846
866
840
854
894
904
902
920
912
942
922
872
888
898
888
844
862
870
850
854
838
828
820
828
804
808
802
786
788
856
856
828
836
838
792
830
792
814
796
782
758
788
790
790
790
778
762
822
836
864
816
830
824
842
816
838
826
868
884
888
902
886
890
886
870
874
866
838
860
892
892
866
866
856
826
830
850
866
876
916
916
910
900
926
912
884
884
876
910
924
924
908
944
924
906
910
906
934
910
882
912
902
874
900
890
872
830
822
838
840
856
848
858
868
886
926
914
912
920
898
902
918
900
902
894
902
868
866
844
852
