476
606
626
516
584
604
566
422
498
618
790
894
954
852
868
736
620
466
396
430
440
396
606
648
634
688
722
892
840
868
814
848
1040
1058
1020
1072
940
1112
1176
1292
1362
1234
1100
1066
928
798
606
544
520
442
528
466
450
558
426
438
250
104
44
144
126
56
12
2
166
50
314
244
270
148
96
110
306
268
22
76
12
14
72
74
36
32
26
60
72
110
122
118
84
140
80
14
20
20
140
0
98
58
136
86
16
102
200
304
230
276
368
364
170
138
240
146
424
466
342
412
488
358
342
406
490
476
468
488
512
534
542
646
402
342
274
188
154
90
158
94
150
28
70
78
108
230
338
534
402
258
288
218
176
336
408
354
264
132
158
274
302
482
438
450
736
692
714
612
518
362
310
12
32
52
102
190
24
164
146
182
334
224
306
260
158
148
190
64
106
22
158
254
154
122
132
172
100
168
306
234
172
184
230
144
12
96
310
468
434
458
598
616
548
472
390
596
478
494
528
616
704
876
990
1116
996
928
1050
1162
1048
1036
1144
1090
918
1072
1054
1130
1124
1166
1270
1258
1240
1232
1166
1316
1226
1322
1320
1402
1284
1218
1148
986
1086
1032
1030
1026
1212
982
914
846
766
858
892
668
540
640
644
724
722
844
856
880
844
914
1064
926
904
780
792
774
720
684
544
378
338
554
528
514
536
474
568
602
682
596
354
356
226
272
252
290
418
342
468
452
438
410
396
384
378
408
418
336
242
460
636
668
740
760
774
878
704
914
872
980
902
982
736
856
764
712
758
700
644
618
768
876
1010
1130
1284
1520
1558
1664
1742
1798
1736
1764
1662
1668
1572
1624
1616
1436
1530
1406
1594
1646
1616
1600
1666
1862
1724
1604
1652
1604
1566
1534
1440
1386
1354
1358
1298
1456
1320
1498
1382
1468
1374
1240
1128
1228
1182
952
1226
1200
1154
1128
1048
968
1088
1338
1248
1122
1074
1136
974
764
798
892
672
732
600
672
738
884
786
688
732
620
790
800
580
658
602
564
456
488
480
596
572
674
766
884
742
828
856
884
896
970
986
904
980
958
862
876
1034
932
1074
1026
970
926
908
656
752
600
800
1038
1008
1164
1248
1470
1154
1120
1072
1106
1162
1170
1092
1012
958
1046
1018
990
1006
1082
1012
1084
1004
924
888
832
746
884
894
916
762
806
1048
1028
1058
1034
1324
1130
1154
1214
1272
1218
1218
1092
1080
1172
960
1040
1032
980
882
904
1250
1032
1070
1014
928
1038
1236
1168
1154
1202
1252
1478
1432
1374
1458
1664
1564
1540
1460
1702
1444
1294
1270
1130
1212
1198
1146
1116
1242
1110
1108
1202
1248
1070
1004
1026
1044
874
892
808
800
822
938
1030
966
940
1070
1084
888
786
874
748
636
560
574
508
488
440
326
350
596
680
698
632
606
638
696
692
590
524
536
576
500
442
384
512
472
502
602
570
716
744
856
648
748
738
810
732
916
796
990
1110
1156
1014
1094
872
1010
1236
1092
1330
1326
1134
1060
1072
852
1012
1020
932
850
888
862
874
1094
976
1036
1146
1044
996
936
906
838
1028
1026
1036
956
1016
962
772
648
602
572
508
534
668
682
544
632
530
568
626
730
672
734
764
710
820
844
804
692
552
662
714
630
622
622
564
576
618
596
506
464
378
212
392
448
384
428
518
396
420
400
444
516
702
596
678
598
696
486
558
400
514
554
396
556
576
498
480
328
320
342
416
444
618
568
590
588
532
544
544
600
396
472
348
288
226
294
296
98
78
54
116
86
250
18
48
28
68
24
88
118
262
242
266
244
346
274
310
456
560
626
488
678
692
822
932
890
898
1070
830
1054
1086
1242
1116
1188
1148
1130
1260
1070
984
1112
1086
996
1022
1108
1046
1016
1026
998
1140
942
968
1070
1218
1156
1062
1168
1134
1132
1190
1138
1198
1044
1074
958
904
812
666
654
734
640
776
934
718
672
622
800
776
622
466
456
512
330
202
330
610
670
528
486
530
750
622
624
700
646
622
610
538
452
600
678
760
952
982
988
950
832
830
900
862
984
1178
1356
1270
1266
1254
1196
1050
1194
998
1140
1018
1040
1078
1320
1128
1276
1362
1310
1422
1430
1384
1274
1278
1204
1350
1604
1670
1606
1672
1486
1574
1622
1518
1456
1604
1796
1932
1746
1728
1704
1680
1572
1542
1642
1530
1496
1346
1258
1376
1332
1248
1260
1278
1194
1204
1006
868
832
870
844
958
882
832
798
666
686
630
570
492
494
358
474
394
360
402
390
662
730
850
908
1000
1054
870
836
788
778
768
1012
1236
1150
1174
1086
962
1332
1234
1106
1170
1128
1210
1232
1258
1118
1216
1158
996
880
804
832
888
650
646
804
930
844
892
898
970
840
864
854
838
892
724
652
686
734
670
760
686
514
422
306
332
294
458
450
470
664
672
688
690
734
798
688
822
836
740
662
536
598
824
800
682
918
690
590
626
630
654
614
940
900
894
716
578
640
688
800
824
840
794
912
1074
1036
1096
1128
1028
950
838
676
666
742
660
736
586
700
570
710
834
736
678
642
478
442
592
632
644
572
668
678
724
842
912
1076
1116
832
884
806
736
898
880
834
756
898
1138
1064
1100
1122
1098
1000
1062
1130
1024
1084
1172
1292
1384
1302
1324
1194
1266
1358
1312
1318
1328
1254
1234
1338
1184
1084
1046
994
986
956
848
750
736
794
846
892
1016
1090
1440
1418
1400
1314
1272
1532
1532
1488
1582
1808
1696
1790
1912
1912
2030
1908
1802
1618
1640
1676
1782
1730
1728
1618
1540
1454
1374
1422
1634
1720
1650
1602
1462
1386
1268
1330
1408
1212
1288
1234
1190
1030
870
1024
888
872
902
752
856
822
682
440
458
596
542
498
516
666
554
478
496
688
714
824
780
744
744
778
644
526
670
706
746
816
772
920
800
856
918
748
554
582
596
560
718
788
892
1026
1050
1140
1184
1198
1048
916
902
946
864
696
604
584
574
510
524
548
462
380
462
556
518
536
590
400
496
482
486
508
460
250
114
124
36
260
478
562
700
692
568
552
596
548
458
282
200
106
104
110
12
66
62
60
202
236
230
220
106
190
288
130
304
308
214
42
254
630
386
304
370
184
168
324
252
356
440
318
368
354
454
476
508
538
592
634
622
624
558
670
672
636
608
488
654
630
558
696
868
834
644
706
580
792
636
558
614
638
596
680
828
770
758
714
730
636
680
642
562
394
640
766
662
722
786
772
812
818
800
910
1018
944
930
866
790
762
738
710
730
622
622
620
404
318
448
294
322
378
400
308
150
320
376
456
424
476
368
390
404
396
442
462
332
320
94
82
292
320
526
584
422
374
176
342
342
206
276
180
166
140
110
36
120
260
194
240
262
344
126
166
268
300
210
58
102
26
126
108
30
14
44
42
42
126
28
12
74
48
232
210
324
478
552
672
620
676
618
524
498
342
304
86
62
80
152
56
30
32
110
88
28
96
56
52
328
172
266
306
186
264
354
218
152
200
272
314
342
368
412
416
386
584
558
568
534
652
518
396
304
198
196
84
146
34
12
96
176
120
4
0
60
22
20
116
188
40
42
158
194
54
242
198
128
72
178
306
156
40
218
264
218
138
64
102
194
228
200
62
154
194
184
178
48
34
32
98
148
44
140
236
120
288
278
314
428
358
334
294
266
50
142
32
124
60
52
86
202
430
278
358
354
196
200
416
438
476
530
626
620
866
952
934
976
862
906
734
734
844
900
924
864
794
780
814
718
934
930
1016
964
1104
1102
1128
1234
1410
1162
1146
1264
1254
1362
1196
1312
1258
1362
1420
1404
1306
1270
1224
1140
1156
1142
978
976
804
810
790
738
890
792
674
622
578
536
484
424
344
566
552
378
346
290
166
238
264
256
270
186
230
348
360
280
226
204
212
422
478
404
218
270
276
256
258
304
390
358
414
296
344
298
270
394
294
258
174
234
114
150
156
136
138
194
104
18
64
92
160
158
192
148
108
110
232
158
158
178
358
252
306
224
250
364
406
186
182
236
332
316
110
86
130
134
64
22
82
106
64
138
192
130
112
48
50
72
38
92
48
46
212
176
22
138
220
22
96
172
190
300
510
428
468
452
476
402
432
616
646
778
848
766
542
412
476
554
530
504
536
402
254
430
496
618
640
632
500
306
396
488
394
268
280
390
320
256
308
268
102
132
176
194
272
152
352
414
536
626
584
604
530
730
756
894
988
994
1214
1418
1428
1462
1350
1344
1286
1302
1340
1350
1382
1546
1386
1176
1114
974
752
770
886
728
656
824
818
796
698
644
782
660
624
476
502
578
716
608
506
682
712
700
920
792
816
774
682
816
822
614
656
556
766
804
904
846
1028
906
778
912
1038
992
988
982
754
558
696
674
814
716
644
758
632
588
740
756
782
904
1002
1094
1200
1210
1244
1116
1044
1104
1246
1348
1358
1300
1086
1152
1150
1102
1118
920
1030
1112
1090
1242
1156
898
936
872
854
1106
1102
1112
834
864
1002
1098
922
720
680
746
608
802
784
634
670
788
718
768
804
796
708
710
612
650
610
528
502
684
796
806
694
804
912
848
888
848
934
824
850
646
614
696
692
460
514
494
492
594
510
562
520
436
196
232
266
342
366
376
346
240
50
224
76
144
22
244
262
230
358
272
242
30
198
246
138
290
402
220
434
438
292
108
124
38
162
182
50
4
70
54
44
268
298
322
312
494
612
480
332
276
302
164
18
52
10
106
98
80
90
282
170
276
234
372
348
272
294
118
98
6
24
0
168
186
190
102
158
186
220
488
306
360
238
218
72
96
54
356
132
100
78
132
268
486
622
606
548
584
814
1006
910
1004
950
876
952
1008
1086
1112
1126
1240
1316
1356
1428
1656
1690
1730
1450
1312
1282
1356
1284
1308
1184
1214
1250
1328
1322
1290
1538
1652
1724
1638
1730
1694
1744
1710
1738
1798
1700
1658
1706
1654
1644
1636
