8036
8026
7978
7988
8142
8096
8116
8068
8048
8012
8044
8142
8058
8090
8086
8088
8150
8178
8088
8096
7996
8068
8018
8020
8016
7998
8018
8024
8098
8092
7972
7988
8106
8086
8052
8136
8106
8124
8050
8072
8150
8162
8150
8134
8050
8074
8036
8000
7986
7988
7982
7976
7958
7966
7920
7976
8014
8006
7962
7900
7884
7816
7860
7906
7906
7962
7956
7946
7928
7872
7868
7846
7860
7852
7758
7696
7664
7718
7758
7680
7724
7772
7750
7854
7866
7962
7846
7882
7920
7922
7762
7698
7710
7730
7812
7882
7938
7990
8030
7994
8106
8048
8076
8012
7896
7880
7896
7806
7786
7840
7812
7796
7818
7882
7974
7926
7896
7868
7844
7994
8036
8076
8016
7934
7844
7880
7972
7912
7950
7988
8114
8072
8112
8018
7972
8050
7970
7880
7864
7828
7890
7918
7912
7924
7974
7960
7990
7978
7948
7904
7882
7886
7832
7808
7790
7852
7908
7912
8014
7994
8032
7950
7968
7972
7974
7912
7992
7980
7974
7968
8010
7900
8068
8108
8080
7998
7952
8028
7960
7942
8090
7980
8050
7996
8026
8024
8008
8002
8030
7978
8078
8098
8110
8120
8048
8050
7950
7962
7880
7880
7950
7960
8010
8064
8010
8002
7976
8028
8016
7986
8086
8102
8098
8100
8040
7982
7996
7938
7950
7916
7948
7972
7848
7890
7878
7922
7826
7762
7892
7856
7932
7960
7918
7832
7838
7908
7882
7934
7926
7920
7996
7932
7920
7920
8032
8038
7984
7970
7864
7854
7968
7886
7960
7978
7996
7952
7996
7946
7878
7904
7866
7854
7966
7956
8038
8056
7966
7974
8104
8058
8010
7988
8060
8026
7976
7914
7906
7874
7874
7858
7822
7898
7798
7882
7960
7952
7884
7988
7942
8022
8002
7952
7988
8012
7940
7856
7918
7976
7924
7786
7820
7796
7682
7652
7592
7602
7524
7666
7668
7702
7692
7692
7740
7718
7780
7860
7704
7666
7640
7644
7608
7572
7604
7590
7570
7564
7582
7602
7578
7684
7630
7766
7810
7838
7814
7780
7826
7838
7872
7916
7964
7988
7960
7964
7844
7954
7922
7888
7894
7960
8048
7992
7994
7954
8008
7962
7898
7946
7910
7914
7918
7986
7918
7878
7838
7970
7964
7938
7950
7950
7920
7802
7824
7848
7796
7862
7958
7930
7886
7940
7978
7976
8112
8086
8144
8206
8106
8044
8012
8006
8102
8136
8034
8030
7936
7944
7922
7894
7878
7838
7926
7978
7914
7930
7954
7998
8002
8028
7954
7880
7808
7860
7920
7890
7864
7912
7860
7782
7732
7780
7900
7864
7896
7836
7738
7740
7832
7854
7864
7886
7900
7786
7924
7866
7744
7894
7776
7888
8000
8068
8098
8094
8046
8040
7930
7944
7862
7838
7930
7870
7906
7914
7790
7720
7738
7812
7844
7904
7942
7942
7900
7866
7834
7786
7696
7656
7706
7762
7792
7748
7776
7744
7834
7812
7712
7738
7798
7698
7644
7698
7708
7726
7828
7788
7792
7880
7876
7898
7860
7842
7916
7866
7776
7772
7834
7842
7808
7824
7840
7858
7888
7792
7724
7698
7710
7708
7824
7852
7818
7916
7860
7818
7866
7854
7970
7842
7826
7774
7834
7942
8028
7934
7972
7992
7920
7826
7882
7944
8002
7972
7984
7974
7922
7908
7972
7960
7946
7994
7972
7994
8008
8144
8168
8032
7918
7988
7936
7992
8086
8170
8182
8148
8108
8104
8106
8074
8154
8094
8052
8008
8066
8034
8030
8018
8022
8120
8080
8100
7988
7932
7896
7888
7964
7966
8036
8066
8092
8118
8096
8092
8128
8164
8068
8050
7946
7916
7908
8030
8000
7964
7980
7998
7976
7946
7892
7828
7838
7862
7928
7980
8066
8062
8056
8120
8128
8114
8194
8240
8196
8126
8156
8084
8080
8094
8102
8090
8060
8032
8022
7934
7892
7936
7956
7996
7982
7908
7832
7908
7974
7950
7864
7974
8032
8036
8046
8012
7888
7958
7954
7924
8006
7948
8046
7986
7966
8016
8048
8020
8018
7958
7970
7994
7934
7880
7894
7762
7810
7804
7938
8020
8068
8058
8012
7986
7962
7958
7862
7766
7736
7754
7764
7690
7634
7634
7566
7586
7560
7654
7726
7698
7712
7786
7842
7924
8054
8118
8052
8054
8046
7936
7818
7810
7764
7714
7754
7818
7888
7816
7938
7876
7890
7848
7784
7778
7826
7842
7804
7730
7782
7816
7812
7820
7810
7778
7834
7842
7868
7814
7832
7764
7680
7604
7716
7658
7592
7602
7488
7546
7710
7786
7786
7774
7870
7838
7834
7798
7740
7814
7914
7974
7958
8004
7958
7956
7974
7988
8010
7922
7936
7932
7902
8004
8032
8068
8034
8096
8092
8094
8176
8262
8284
8274
8288
8260
8180
8172
8222
8140
8120
8134
8106
8074
8018
8096
8060
8182
8150
8094
8018
8058
7986
7966
8014
7982
7956
8030
7968
7976
7900
7982
7902
7948
7980
7918
7896
7804
7850
7864
7782
7870
7858
7812
7826
7796
7828
7762
7768
7768
7780
7880
7830
7924
7896
7900
7982
7980
7872
7934
7900
7848
7896
7890
7928
7902
7804
7738
7670
7618
7716
7794
7814
7860
7918
7768
7652
7700
7742
7756
7728
7814
7826
7840
7750
7884
7986
7912
7832
7838
7728
7734
7746
7886
7866
7844
7926
7854
7966
8028
7950
7932
7922
7972
8052
8032
8006
7906
7858
7894
7826
7794
7786
7890
7896
7886
7832
7858
7826
7874
7872
7958
7932
7942
7942
7910
7912
7880
7844
7876
7862
7802
7854
7984
7950
7930
7924
7902
7930
7864
7890
7964
7884
7960
7970
7876
7964
8002
7986
7878
7920
8034
8036
7944
7950
8010
7996
8086
8102
8028
8098
8112
8100
8066
8086
8186
8190
8218
8238
8258
8302
8118
8136
8128
8066
8072
8148
8232
8196
8120
8128
8042
8056
8034
7998
8072
8020
7880
7932
7958
8036
8104
8090
8142
8108
8108
8034
7972
8004
7936
8040
8060
8006
8024
8080
8024
7992
7984
7888
7848
7870
7902
7850
7912
7978
8010
7958
7994
8042
8058
8068
8124
8212
8178
8194
8114
7980
8010
8024
8018
7984
7986
7926
7948
8024
7990
7972
7990
8014
7948
7946
7936
7932
7902
7926
7910
7880
7902
7952
7902
7972
8072
8020
7950
8006
7996
8002
7976
7956
8086
8030
8010
8008
8024
7988
7964
7992
8016
8032
8000
8026
7950
7966
8038
7988
8006
7928
7962
7868
7866
7898
7932
7874
7990
8076
7964
8020
7940
8056
7966
8058
8020
7916
7880
7802
7870
7856
7850
7876
7868
7860
7850
7894
7932
7990
8014
8118
8142
8210
8268
8242
8126
8072
8184
8244
8232
8226
8200
8176
8140
8150
8138
8144
8082
8068
8102
8088
7936
7930
7952
7976
7998
7994
7966
7950
7904
7858
7766
7730
7750
7698
7736
7732
7768
7848
7942
7876
7816
7746
7910
7932
7942
8006
7946
8038
8096
8254
8080
8168
8216
8240
8272
8234
8182
8202
8068
8064
8034
7972
7954
8016
8036
8034
7918
7834
7816
7842
7822
7700
7776
7666
7714
7844
7904
7942
7944
8068
8040
8062
8130
8078
8114
8054
8072
8082
8020
8012
8020
7952
7828
7864
7958
7952
7964
8024
7926
7948
7968
8020
8008
8044
8062
8054
8070
8018
7964
7984
7998
8030
8064
8104
8098
8050
8040
8118
8110
8074
7994
7946
8040
8110
8224
8226
8196
8158
8082
8022
8058
8070
8076
8106
8122
8188
8134
8110
8064
7974
7958
7926
7956
7928
7924
7986
8042
8142
8112
8126
8102
8022
7968
8042
7906
7890
7864
7840
7874
7910
7980
8020
7906
7932
8014
7960
7940
7972
8008
7980
7958
8054
7976
7920
7936
7982
7956
7996
7958
8004
8116
8120
7982
8026
8044
7954
8018
7970
7994
8000
8052
8060
8052
7968
8016
8076
8040
8030
7988
8006
8046
7998
7994
7962
8060
8068
8102
8050
8114
8208
8104
8140
8136
8154
8196
8056
8084
8100
8142
8050
8006
7966
8064
8084
8080
8010
7952
7978
8020
8046
8050
8000
7852
7842
7970
8088
8058
8112
8080
8026
8074
8082
8062
8016
7994
8034
7946
7944
7918
8036
8112
8070
8178
8226
8260
8194
8226
8152
8082
8074
7988
8054
8060
7986
7958
7986
7996
8056
8010
7930
8052
7942
8004
7980
8004
7946
7902
7922
7876
7848
7874
7842
7742
7794
7836
7822
7810
7754
7752
7702
7804
7880
7932
7876
7826
7916
7944
7902
7944
7906
7900
7894
7872
7890
7984
8010
8046
8056
7974
8050
8044
7978
7940
7966
8074
8132
8002
8068
8030
8004
8064
8046
8070
7986
7988
7890
7860
7862
7920
7934
7934
7952
7864
7858
7998
8018
8030
8028
8098
7972
8018
8024
7976
7960
8008
7994
8068
8050
8074
8040
7988
7958
7912
7890
8002
8066
7946
7970
8016
8118
8102
8114
8172
8120
8180
8236
8164
8128
8036
8104
8016
8152
8156
8138
8074
8076
7944
7908
7868
7948
8028
7986
7962
7878
7850
7880
7866
7916
7938
7950
8036
8012
8140
8060
8156
8116
8094
8038
8068
8120
8152
8190
8164
8050
7884
7886
7924
7896
7812
7790
7864
7786
7866
7844
7816
7706
7648
7620
7644
7656
7700
7752
7688
7752
7810
7872
7830
7760
7678
7670
7718
7636
7560
7638
7738
7770
7844
7832
7914
7932
7866
7892
7850
7798
7948
7906
7920
7888
7856
7822
7786
7884
8014
8038
8210
8120
8054
7962
7952
7990
7948
8010
8038
8012
8064
8084
8034
8026
7974
8006
7868
7842
7744
7786
7762
7824
7814
7880
7814
7852
7822
7872
7810
7902
7860
7806
7854
7898
7892
7978
7992
7914
7900
8004
7978
7994
7984
7964
7946
7978
8026
8000
7968
7956
7952
7964
7954
7920
8006
7972
8094
8160
8166
8192
8122
8098
8046
8038
7984
8008
8086
8140
8128
8098
8070
8078
8060
8130
8078
8042
8042
8014
7992
7944
7912
7958
7872
7816
7864
7938
7916
7860
7922
7876
7812
7860
7866
7850
7800
7822
7930
7924
8008
8004
8008
8028
7988
7960
7962
8028
7972
7914
7968
8030
7932
7908
7990
7998
7938
8032
8030
8028
7880
7914
7948
7988
7982
7936
7914
7932
7952
7998
8036
8046
7898
7974
8012
7978
7944
7844
7906
7896
7896
7948
7906
8050
8008
8008
8052
8046
8140
8084
8134
8060
7952
8032
7994
8032
8012
7964
7936
7938
7888
7730
7892
7776
7894
7902
7866
7802
7812
7830
7852
7838
7648
7676
7738
7708
7734
7782
7744
7830
7878
7896
7948
7908
7906
7870
7918
7962
7858
7908
7820
7888
7824
7878
7778
7758
7760
7748
7800
7688
7648
7684
7670
7712
7732
7810
7932
7820
7826
7778
7804
7834
7892
7858
7788
7960
7962
7922
8000
7988
8024
8034
8122
8130
8040
8140
8122
8104
8004
8104
8082
8118
8156
8088
7972
8046
7952
8012
7988
8012
8132
8102
8042
8042
8050
8038
8032
7986
8084
8098
8050
7980
8064
8056
7970
7958
8050
8186
8212
8106
8012
8014
8078
8150
8064
7992
8098
8016
8098
8088
8012
7950
7982
8058
8098
8032
8080
8132
8092
8126
8178
8126
8104
8058
8106
8046
8016
8030
8082
8128
7982
8004
7998
8028
8098
8020
7976
7946
7870
7838
7862
7770
7792
7746
7816
7654
7534
7644
7624
7578
7600
7714
7760
7716
7772
7766
7914
7866
7906
7892
7868
7838
7746
7766
7722
7822
7810
7884
7842
7950
7962
7952
7952
7934
7974
8026
8030
8092
8142
8198
8144
8118
8022
7988
7930
7892
8022
8056
8028
7994
7926
7844
7864
7840
7702
7778
7874
7894
7984
8018
8016
8082
8062
7934
7822
7930
7996
7920
7832
7804
7882
7914
8022
7992
7972
7982
7946
7984
8006
8078
8056
7994
7868
7810
7846
7852
7714
7730
7682
7740
7770
7730
7784
7716
7762
7756
7718
7698
7800
7824
7894
7850
7762
7710
7766
7788
7748
7784
7852
7898
7894
7800
7694
7796
7802
7832
7716
7682
7712
7680
7700
7664
7754
7896
7956
7988
7954
8022
8078
8152
8184
8172
8090
8038
8084
8032
8094
8158
8178
8156
8134
8174
8118
8056
8014
8092
8098
8018
7990
8030
7978
7946
7970
7996
7890
7914
7962
7996
8072
8038
7974
7918
8018
8118
8106
8040
7976
7996
7992
7932
7908
7954
7952
7940
8018
7958
7892
7880
7944
7858
7924
7962
8076
