3048
3094
3008
2944
3014
2908
2896
2942
2940
2922
2876
2886
2886
2886
2900
2928
2918
2856
2868
2808
2686
2756
2734
2756
2706
2728
2784
2750
2738
2738
2736
2788
2688
2714
2622
2562
2620
2616
2544
2498
2488
2436
2524
2498
2582
2626
2712
2674
2722
2800
2822
2828
2716
2704
2796
2828
2908
2920
2890
2788
2812
2870
2806
2824
2872
2902
2888
2858
2846
2878
2844
2842
2758
2792
2608
2658
2720
2818
2868
2868
2768
2868
2832
2860
2824
2792
2816
2746
2834
2828
2756
2814
2880
2934
2974
2940
2964
2940
2936
2934
2824
2826
2772
2836
2868
2924
2880
2878
2922
2944
2958
2952
2884
2946
2942
2816
2786
2742
2674
2648
2724
2656
2688
2652
2624
2588
2650
2664
2622
2568
2618
2566
2572
2578
2612
2594
2622
2662
2694
2746
2650
2698
2700
2746
2816
2774
2814
2894
2816
2818
2806
2842
2820
2832
2878
2810
2772
2794
2810
2808
2758
2734
2686
2642
2548
2596
2598
2540
2610
2662
2670
2768
2694
2756
2702
2730
2790
2884
2812
2934
2920
3022
2996
3036
2944
2954
2880
2952
2874
2888
2812
2776
2730
2742
2798
2862
2906
2986
2930
2942
2926
2866
2870
2848
2880
2898
2856
2820
2816
2794
2758
2852
2880
2924
2870
2814
2748
2672
2692
2730
2764
2772
2708
2656
2802
2740
2826
2740
2670
2672
2692
2656
2640
2684
2748
2786
2820
2772
2764
2714
2754
2750
2732
2782
2758
2768
2750
2768
2726
2614
2660
2712
2706
2724
2718
2670
2654
2668
2724
2788
2776
2744
2792
2788
2806
2772
2702
2696
2682
2716
2762
2754
2806
2758
2802
2724
2790
2782
2878
2934
2938
2962
2912
2890
2950
2874
2918
2908
2878
2826
2744
2794
2794
2736
2732
2732
2664
2686
2588
2640
2750
2726
2710
2756
2722
2774
2692
2792
2876
2968
3022
3064
3128
2994
3038
2900
2772
2798
2840
2894
2842
2868
2910
2788
2908
2878
2752
2778
2750
2762
2766
2702
2680
2728
2686
2708
2660
2674
2606
2648
2626
2658
2626
2678
2700
2758
2806
2812
2856
2874
2822
2756
2682
2682
2744
2790
2864
2792
2772
2816
2734
2664
2764
2858
2832
2820
2818
2822
2716
2662
2700
2752
2706
2624
2626
2568
2580
2566
2618
2556
2486
2504
2514
2590
2616
2634
2644
2654
2630
2720
2726
2714
2750
2660
2608
2644
2632
2784
2774
2720
2648
2646
2762
2782
2794
2810
2816
2906
2878
2852
2828
2846
2810
2774
2842
2794
2750
2820
2818
2846
2926
2944
2932
2904
2784
2768
2774
2786
2762
2746
2742
2756
2752
2742
2790
2834
2762
2732
2628
2712
2668
2620
2552
2516
2534
2604
2590
2570
2538
2396
2480
2436
2454
2370
2372
2416
2412
2436
2400
2420
2344
2368
2302
2348
2298
2302
2268
2300
2374
2416
2372
2404
2348
2366
2354
2296
2242
2272
2350
2386
2500
2548
2504
2528
2558
2486
2492
2480
2460
2466
2542
2460
2390
2470
2510
2514
2468
2504
2468
2512
2592
2648
2580
2486
2458
2422
2438
2410
2390
2394
2404
2406
2328
2296
2320
2314
2416
2384
2308
2356
2412
2514
2530
2566
2536
2458
2362
2482
2480
2500
2604
2654
2626
2588
2682
2680
2650
2656
2686
2610
2608
2628
2630
2580
2524
2480
2568
2558
2496
2508
2472
2418
2442
2432
2332
2246
2208
2230
2328
2358
2332
2336
2268
2184
2202
2242
2234
2200
2224
2248
2200
2288
2238
2220
2210
2314
2298
2270
2212
2236
2282
2304
2290
2274
2258
2392
2384
2380
2386
2464
2366
2262
2220
2222
2142
2168
2284
2354
2366
2404
2362
2384
2282
2242
2210
2176
2084
2146
2234
2292
2254
2262
2404
2352
2418
2406
2394
2422
2418
2362
2334
2264
2320
2252
2264
2322
2350
2426
2522
2610
2546
2578
2572
2568
2594
2616
2602
2642
2560
2484
2422
2366
2322
2242
2294
2306
2278
2238
2284
2280
2246
2222
2214
2220
2162
2204
2172
2150
2158
2036
1982
1978
1974
1932
1974
1868
1902
1934
2032
1986
2050
1990
1986
1936
1912
1886
1858
1910
1976
2022
2006
2004
2028
2036
2088
2166
2164
2098
2130
2102
2102
2156
2264
2196
2142
2150
2108
2040
2052
2038
2062
2020
1946
2024
2012
2074
2096
2102
2132
2170
2120
2182
2188
2256
2136
2128
2056
2130
2042
2038
2098
2076
2054
2060
2106
2180
2162
2208
2226
2252
2240
2304
2362
2424
2490
2418
2328
2324
2316
2296
2286
2244
2256
2310
2212
2170
2164
2126
2152
2172
2182
2172
2142
2186
2200
2192
2212
2198
2142
2134
2202
2298
2300
2312
2284
2176
2140
2104
2100
2110
2022
1962
2024
2032
2156
2148
2120
2166
2014
2020
1992
1926
1864
2016
2114
2156
2192
2104
2062
2044
2090
2162
2198
2156
2208
2172
2190
2176
2256
2198
2110
2038
2042
2056
2030
2070
2100
2152
2156
2120
2072
2124
2210
2106
2140
2044
2076
2106
2092
2146
2122
2070
2028
1976
1912
1926
1874
1798
1722
1668
1660
1652
1668
1706
1700
1698
1650
1582
1498
1486
1492
1604
1580
1646
1662
1710
1732
1734
1714
1706
1796
1754
1828
1878
1968
1932
1914
2018
2086
2062
2072
2040
2032
2070
2042
2120
2056
2050
2002
1986
1954
1974
1846
1878
1880
1804
1890
2010
2006
2026
2096
2126
1938
2048
2022
2070
2052
1996
1982
1982
1990
2014
2004
1994
1962
1950
2108
2064
2130
2120
2076
2132
2182
2154
2154
2234
2242
2220
2308
2294
2352
2374
2432
2332
2336
2422
2346
2380
2350
2366
2336
2378
2376
2298
2352
2384
2408
2444
2474
2430
2436
2400
2320
2338
2342
2424
2322
2262
2318
2382
2352
2364
2342
2340
2320
2140
2138
2224
2260
2206
2372
2402
2440
2408
2340
2400
2466
2506
2450
2510
2400
2464
2394
2436
2440
2484
2538
2548
2542
2648
2670
2688
2702
2696
2750
2634
2626
2548
2578
2652
2598
2670
2656
2760
2736
2690
2690
2630
2670
2616
2572
2682
2662
2644
2608
2606
2642
2562
2612
2626
2670
2704
2760
2814
2776
2836
2824
2738
2800
2794
2744
2804
2776
2780
2872
2922
2926
3002
2966
3012
3020
3094
3160
3090
3064
3102
3070
3074
3100
3126
3178
3174
3182
3170
3140
3150
3046
3018
3064
2912
2906
2922
2876
2944
3034
3048
3070
3012
3112
3106
3068
3096
3110
2996
3044
3170
3136
3128
3172
3230
3260
3284
3260
3226
3174
3160
3240
3280
3140
3166
3114
3226
3226
3190
3168
3010
2998
2978
3014
3000
2946
2952
2930
2936
3006
2872
2844
2788
2730
2596
2674
2752
2826
2860
2872
2920
2874
2794
2742
2776
2794
2750
2640
2620
2658
2658
2644
2816
2794
2800
2820
2822
2810
2864
2928
2974
3056
3012
3056
2954
2972
3032
3054
3104
3156
3118
3216
3102
3068
3110
3084
2982
2974
2906
3010
2968
3004
3036
3112
3050
3052
3060
3068
3108
3028
3016
3100
3106
3088
3072
3056
3084
3150
3108
3282
3230
3326
3410
3320
3340
3356
3292
3252
3312
3288
3314
3326
3302
3328
3384
3412
3358
3338
3390
3328
3362
3352
3322
3274
3310
3380
3354
3340
3310
3304
3342
3252
3180
3162
3218
3182
3184
3180
3190
3152
3178
3194
3120
3086
3180
3158
3192
3176
3144
3160
3164
3174
3174
3062
3088
3124
3080
3052
3046
3036
2958
2994
2924
2926
2914
2942
2924
2876
2930
2864
2910
2948
2972
2912
3082
3160
3170
3098
3068
3142
3174
3138
3098
3204
3200
3168
3212
3118
3008
3070
3074
3028
2988
3054
2998
2974
3014
2912
2906
2928
2930
2834
2846
2882
2838
2782
2726
2718
2764
2770
2808
2740
2810
2832
2824
2816
2840
2820
2918
2902
2928
2894
2900
2940
2902
2930
3016
2936
2964
2890
2858
2912
2892
2954
3016
2886
2856
2930
2908
2876
2874
2882
2874
2898
2846
2882
2850
2874
2774
2760
2720
2682
2716
2658
2688
2640
2746
2776
2684
2652
2658
2678
2714
2626
2626
2642
2684
2710
2624
2668
2740
2732
2710
2700
2724
2786
2816
2798
2820
2904
3022
3024
2958
2880
2832
2860
2898
2868
2852
2732
2814
2820
2884
2880
2952
2966
2970
3024
3008
3034
3026
2892
2912
2954
3044
3040
3068
3018
3098
3092
3070
3100
3094
3078
3036
3040
3050
3062
3086
3130
3158
3184
3178
3092
3096
3046
3066
3080
3124
3052
2994
3032
2998
2944
2888
2902
3004
2876
2936
2926
2942
2958
2890
2888
2946
2932
2950
2872
2914
2896
2944
2912
2842
2808
2774
2814
2790
2810
2802
2762
2792
2816
2756
2762
2766
2720
2766
2696
2754
2700
2674
2652
2670
2680
2638
2608
2588
2568
2612
2690
2708
2762
2828
2790
2878
2906
2794
2816
2774
2780
2756
2762
2692
2700
2762
2728
2828
2792
2838
2828
2718
2780
2910
2764
2806
2840
2796
2722
2672
2658
2634
2544
2568
2566
2584
2556
2464
2566
2512
2542
2550
2610
2606
2606
2694
2654
2732
2740
2684
2674
2690
2652
2754
2708
2686
2672
2732
2692
2672
2690
2732
2708
2732
2736
2768
2796
2794
2788
2716
2742
2694
2704
2742
2802
2814
2740
2704
2708
2658
2568
2546
2500
2544
2524
2492
2550
2652
2676
2592
2712
2696
2636
2722
2696
2564
2526
2532
2580
2660
2552
2516
2496
2460
2384
2390
2442
2434
2514
2460
2484
2490
2488
2526
2440
2398
2298
2266
2244
2260
2384
2424
2402
2336
2396
2440
2510
2512
2498
2580
2712
2684
2638
2716
2698
2664
2676
2640
2622
2656
2718
2650
2626
2616
2558
2484
2478
2500
2490
2426
2434
2436
2462
2484
2514
2458
2514
2496
2416
2416
2416
2510
2420
2422
2454
2494
2576
2632
2634
2598
2648
2650
2624
2654
2540
2516
2546
2558
2504
2612
2678
2610
2644
2692
2750
2740
2624
2598
2578
2612
2570
2476
2434
2474
2522
2526
2578
2512
2486
2400
2384
2392
2408
2376
2478
2424
2476
2540
2474
2486
2468
2496
2486
2564
2574
2694
2662
2592
2516
2550
2494
2490
2410
2386
2446
2372
2434
2468
2366
2468
2454
2512
2604
2580
2668
2726
2754
2830
2806
2836
2830
2796
2778
2812
2752
2716
2702
2682
2676
2670
2600
2646
2624
2600
2620
2672
2714
2710
2796
2776
2764
2780
2792
2896
2904
2932
2888
2950
3014
3014
3030
2970
3042
3010
3000
3004
3080
2994
2994
2950
2898
2972
3014
3052
3004
3006
3024
3020
2996
3036
3070
3040
2942
3002
2988
2940
2852
2932
2980
3094
2992
3020
3012
2954
2904
3020
3060
3054
2994
3000
3016
2936
2936
3008
2958
2960
2958
2892
2846
2814
2750
2772
2920
2974
2996
3000
2972
2984
3028
3014
2982
2944
2966
3038
3028
3096
3092
3084
3042
3034
3012
3066
3108
3060
3090
3016
3036
3092
3024
3098
3050
3020
3004
3124
3096
3078
3108
3022
2976
2992
3004
2974
3044
2996
3018
2976
2946
3054
3058
2934
2970
2954
2914
2820
2840
2888
2940
2952
2894
2818
2918
2788
2696
2722
2616
2608
2522
2540
2540
2550
2476
2430
2508
2484
2432
2364
2440
2476
2472
2380
2354
2332
2372
2430
2454
2460
2462
2344
2400
2364
2264
2224
2188
2174
2180
2108
2132
2058
2066
2012
1990
1898
1884
1936
1850
1838
1918
1934
1880
1930
1900
1872
1896
1928
2030
2162
2090
2080
1984
1910
1894
1976
1954
2050
2090
2066
2106
2066
2108
2134
2174
2104
2106
2168
2126
2154
2248
2260
2250
2192
2260
2132
2174
2158
2172
2198
2296
2296
2328
2316
2286
2342
2378
2264
2196
2142
2136
2086
2128
2178
2204
2220
2246
2294
2296
2292
2340
2350
2400
2406
2420
2472
2374
2506
2532
2548
2476
2416
2422
2428
2436
2432
2370
2390
2470
2538
2514
2468
2424
2420
2476
2368
2370
2330
2382
2416
2370
2426
2428
2464
2394
2406
2316
2342
2292
2328
2372
2426
2394
2400
2330
2338
2308
2242
2226
2176
2164
2234
2186
2296
2284
2380
2510
2494
2528
2422
2538
2594
2526
2580
2562
2624
2648
2638
2550
2572
2646
2622
2696
2828
2820
2858
2818
2878
2826
2874
