208
196
246
226
238
208
196
142
152
164
218
208
206
216
236
262
288
258
212
214
168
96
78
60
100
96
92
56
84
76
104
112
76
44
32
84
108
124
118
86
110
136
148
170
224
208
290
316
318
304
302
340
340
320
348
360
394
430
450
470
488
484
546
502
540
556
532
520
498
498
534
526
568
538
522
486
504
474
472
462
446
454
482
424
416
340
322
334
336
350
300
358
342
306
292
354
358
394
364
404
418
452
430
444
376
350
340
320
296
360
316
342
346
278
214
168
200
224
230
298
292
254
252
284
292
220
212
156
242
210
262
284
236
270
292
292
264
256
294
308
332
368
368
402
374
416
420
398
410
422
454
438
394
428
440
472
452
448
450
406
404
410
404
398
420
426
438
434
494
480
458
428
464
388
426
456
484
528
504
520
512
494
474
410
424
408
384
352
370
390
394
400
370
362
392
398
416
448
432
406
416
396
440
440
416
436
380
330
368
324
324
350
398
384
324
306
350
288
258
302
288
202
252
210
258
282
348
288
278
300
316
352
380
384
368
356
286
258
282
314
324
344
344
296
266
272
308
328
324
328
322
296
328
322
346
354
400
408
362
290
274
318
292
242
154
162
218
188
104
136
178
174
192
188
234
206
124
142
80
58
36
136
112
122
172
140
98
144
160
140
174
128
78
112
114
2
16
34
56
42
4
32
22
18
38
16
4
6
32
86
88
120
112
126
28
56
60
6
18
10
78
82
70
88
44
22
24
26
8
8
10
20
28
6
6
68
52
56
74
62
44
52
46
40
52
122
104
124
114
102
134
118
124
152
154
126
116
140
198
212
204
210
214
210
162
182
204
220
190
180
170
130
138
106
130
152
112
78
114
88
88
132
132
154
198
214
186
158
178
132
74
88
144
130
178
210
194
204
198
176
292
286
274
226
300
326
290
294
254
262
294
244
252
238
250
278
176
172
148
120
106
140
150
114
130
128
78
102
78
96
108
180
210
240
238
220
252
262
276
258
308
326
370
388
396
424
408
472
440
438
442
488
528
566
578
604
636
670
656
668
680
700
668
718
686
654
650
632
658
686
668
644
604
572
548
530
540
556
562
510
478
500
478
520
532
458
470
490
456
486
456
422
424
434
346
400
418
448
468
480
510
478
456
410
368
384
350
316
308
318
282
280
336
318
384
358
382
362
354
338
278
234
246
216
190
160
102
156
224
266
252
216
180
236
252
198
214
120
84
72
76
114
170
224
200
180
210
162
140
126
96
32
98
132
74
36
4
36
58
22
18
46
82
54
32
2
62
80
64
50
32
44
4
28
8
44
118
110
108
156
178
134
102
80
6
16
18
30
60
78
132
148
198
226
186
208
258
322
322
270
280
206
204
228
216
212
270
268
276
272
254
248
288
294
252
242
228
200
226
240
214
166
166
168
188
144
130
100
76
64
88
28
2
110
116
136
140
110
124
134
150
172
164
164
130
120
146
184
174
190
156
174
176
220
204
238
220
232
270
224
256
234
198
196
152
196
152
180
148
178
218
188
184
160
180
206
192
148
142
154
192
198
200
232
260
200
176
138
134
110
94
114
154
180
150
142
188
210
246
252
252
216
260
248
242
222
220
228
222
274
258
210
220
266
286
202
178
166
204
228
184
216
180
130
104
154
202
86
110
122
158
174
152
90
104
108
118
116
134
126
122
164
98
60
34
58
50
66
116
106
72
66
72
94
130
134
52
16
20
26
50
56
126
134
160
124
188
200
288
300
336
366
374
332
384
320
326
310
266
350
372
342
346
318
338
344
352
344
326
346
352
374
334
338
328
300
300
256
250
294
298
274
316
308
250
252
262
238
282
308
314
372
406
452
464
488
466
472
462
482
468
448
412
352
354
348
334
326
280
208
240
248
282
294
284
270
222
252
216
174
162
140
162
172
170
174
202
208
208
188
220
262
252
236
220
250
248
278
238
252
244
218
182
182
176
188
226
220
208
210
238
244
228
166
168
152
106
34
44
78
62
106
58
54
24
42
18
30
4
2
14
28
32
52
20
12
36
40
36
16
20
26
66
130
126
128
170
166
154
126
142
112
104
118
170
222
216
204
204
222
260
286
262
272
226
260
330
340
350
298
236
246
214
200
196
192
192
188
124
128
194
224
218
274
312
308
344
310
298
334
334
384
360
376
410
406
388
370
382
364
340
304
336
310
340
338
388
344
316
342
360
406
404
406
432
446
448
416
406
428
386
376
366
350
344
308
314
394
424
338
326
248
234
210
224
242
270
328
310
336
400
388
444
454
430
468
496
448
408
386
448
472
466
504
460
408
412
404
424
474
390
460
424
460
498
488
438
388
398
390
402
386
374
358
416
386
384
412
362
318
296
272
294
290
266
302
274
290
310
290
260
216
170
184
222
234
188
204
176
176
144
222
184
176
132
164
254
232
260
268
310
342
376
346
392
398
370
276
258
178
130
142
166
194
146
104
40
66
62
56
102
44
84
60
118
92
48
116
108
110
98
94
100
92
132
140
146
144
168
180
154
50
28
6
40
10
32
98
144
154
226
240
264
254
252
270
232
280
284
272
254
232
254
254
238
252
260
282
262
210
222
226
188
192
152
156
166
182
168
66
50
70
100
70
14
4
2
16
10
20
114
130
124
58
44
10
6
8
24
56
64
108
112
144
132
170
184
234
178
138
140
170
226
214
254
306
312
262
250
194
230
258
282
306
278
308
320
292
270
264
310
282
298
296
232
198
206
192
168
156
200
156
194
220
194
148
136
144
112
182
138
162
168
178
178
194
202
238
240
280
276
376
372
384
390
418
400
408
404
388
366
394
382
430
382
402
438
428
410
388
376
384
450
502
444
496
516
496
546
534
550
586
590
612
588
550
486
506
458
438
490
530
516
510
532
532
554
594
634
618
612
624
588
620
618
584
590
538
502
558
528
510
552
530
532
518
504
510
504
448
446
476
470
552
508
504
464
404
412
412
412
416
346
320
338
294
290
298
286
274
288
232
252
248
292
292
264
292
324
342
254
192
188
166
160
150
74
146
100
102
132
84
110
166
128
88
28
18
12
0
12
28
76
50
6
2
22
2
32
32
72
86
68
60
134
130
128
178
140
148
90
150
170
190
170
216
226
212
180
208
200
134
172
138
102
54
106
98
102
120
136
104
110
94
56
56
90
128
84
120
92
120
76
130
136
116
138
200
192
210
190
180
156
154
160
198
220
202
202
190
122
160
146
214
272
242
212
262
254
248
288
320
372
348
384
402
384
370
436
458
486
432
394
404
328
240
198
176
158
116
134
198
192
248
288
176
190
170
136
120
116
74
86
40
58
34
54
12
100
108
96
100
134
150
168
114
124
134
140
172
150
158
146
178
102
64
40
44
84
108
66
90
176
216
220
148
140
156
216
188
174
180
216
222
222
216
212
202
216
194
214
230
262
298
314
298
294
242
224
204
210
196
188
214
226
250
226
258
290
306
274
306
310
274
258
246
272
272
274
288
284
228
218
170
210
198
206
244
266
270
288
302
314
280
242
252
262
284
336
386
418
442
412
418
410
382
360
386
388
334
276
342
358
346
366
352
378
342
284
246
220
244
298
404
360
366
422
406
388
398
378
380
408
440
450
388
414
416
390
378
384
406
406
396
366
316
358
344
412
412
444
478
458
520
518
446
486
482
502
540
540
494
484
480
498
488
478
442
496
576
556
532
592
604
574
588
566
598
572
562
564
566
518
482
430
400
358
350
274
284
328
330
342
384
424
366
318
284
250
246
238
240
290
250
276
270
288
306
316
312
238
232
250
234
250
204
186
182
198
238
282
224
190
182
170
122
92
122
128
114
112
60
38
46
44
22
70
76
94
116
76
88
90
102
136
122
168
186
174
172
202
202
256
274
310
338
336
312
268
176
158
70
72
132
120
180
140
146
176
110
76
28
24
48
70
94
68
168
142
110
148
164
218
184
228
238
232
248
252
336
376
328
336
314
262
268
258
274
286
342
334
310
300
282
288
292
310
268
288
314
316
336
310
314
308
314
300
244
202
238
268
284
266
272
230
218
222
218
218
240
212
300
320
356
346
382
372
358
330
362
336
348
310
360
344
384
384
394
440
466
482
516
538
512
524
550
522
520
450
484
510
434
442
486
466
482
466
462
406
354
350
348
328
374
400
400
396
390
380
364
300
336
326
328
318
326
276
226
186
172
172
176
220
154
174
174
156
154
140
138
114
102
64
48
12
18
2
12
48
34
58
4
74
100
96
122
104
98
66
94
90
104
14
32
78
136
140
118
166
158
140
130
108
98
194
212
250
260
244
238
238
282
260
264
216
278
218
168
222
216
254
248
240
246
266
298
292
334
350
376
398
372
340
282
266
262
184
152
172
202
162
162
174
198
242
298
258
246
302
328
334
330
310
358
354
342
334
302
312
340
364
402
410
414
414
398
394
384
396
370
284
358
366
372
422
440
432
416
466
450
482
474
430
450
424
408
440
440
460
442
452
496
524
516
474
468
480
456
448
484
484
462
530
566
578
522
498
552
580
604
