7650
7610
7632
7572
7586
7592
7590
7530
7520
7520
7544
7524
7484
7530
7510
7542
7536
7600
7672
7608
7672
7778
7782
7798
7712
7688
7666
7760
7838
7776
7874
7958
7898
7996
7894
7832
7874
7772
7698
7740
7674
7746
7684
7690
7740
7652
7588
7694
7728
7734
7670
7702
7706
7630
7688
7676
7694
7682
7676
7676
7678
7782
7816
7758
7760
7714
7826
7848
7914
7906
7908
7852
7806
7820
7802
7766
7820
7764
7846
7880
7862
7940
7808
7718
7758
7748
7756
7836
7782
7758
7788
7762
7856
7892
7810
7940
7956
8016
7894
7910
7930
7922
7810
7840
7928
7740
7672
7672
7734
7772
7714
7684
7622
7660
7672
7632
7590
7508
7494
7536
7446
7470
7564
7592
7620
7640
7616
7522
7632
7698
7748
7794
7826
7858
7816
7814
7762
7692
7708
7552
7578
7670
7794
7884
7788
7896
7792
7818
7870
7856
7814
7866
7848
7952
8022
7882
7910
7948
7854
7842
7816
7698
7664
7636
7684
7748
7694
7744
7730
7748
7784
7820
7906
7952
7996
8002
7996
7978
7958
7922
7890
7908
7836
7836
7844
7820
7844
7906
7794
7788
7766
7842
7784
7728
7678
7652
7666
7618
7504
7556
7566
7516
7576
7556
7590
7528
7478
7482
7502
7490
7452
7464
7444
7400
7544
7590
7642
7674
7656
7748
7704
7734
7652
7698
7688
7656
7596
7644
7706
7642
7676
7656
7650
7546
7564
7636
7716
7676
7750
7838
7890
7940
7948
7960
8008
7978
7990
7932
7902
7908
8048
8066
8002
8018
8072
8078
8000
7928
7780
7746
7746
7768
7740
7812
7776
7788
7794
7908
7868
7906
7848
7758
7770
7648
7732
7712
7752
7746
7602
7638
7686
7704
7722
7676
7722
7644
7672
7708
7738
7764
7844
7832
7790
7814
7818
7874
7844
7830
7836
7812
7858
7896
7920
8054
8004
7928
7956
8064
8058
8038
8052
8002
7986
7954
7852
7824
7862
7880
7848
7854
7946
7954
7964
7962
7894
7728
7802
7752
7708
7604
7650
7708
7598
7624
7664
7772
7842
7884
7978
7960
7904
7878
7908
7854
7744
7706
7666
7656
7716
7754
7792
7654
7640
7724
7732
7738
7796
7880
7958
7912
7908
7884
7890
7982
7910
7960
7898
7814
7844
7848
7922
7834
7844
7830
7954
7882
7800
7818
7724
7774
7778
7826
7882
7862
7926
7908
7822
7754
7716
7752
7710
7736
7680
7706
7800
7794
7742
7776
7760
7834
7858
7792
7798
7776
7802
7862
7750
7750
7698
7676
7736
7792
7766
7720
7736
7738
7668
7842
7844
7796
7824
7794
7786
7756
7808
7828
7792
7878
7960
7982
7976
7910
7896
7910
7992
7894
7918
7944
8010
7940
7826
7908
7930
7978
8014
7926
7898
7830
7866
7716
7834
7784
7732
7784
7828
7916
7962
7828
7834
7832
7772
7754
7796
7804
7866
7892
7772
7772
7902
7932
7848
7890
7900
7862
7934
7948
7998
7948
7828
7870
7968
8002
7876
7894
7858
7810
7846
7778
7646
7568
7660
7604
7678
7760
7770
7816
7838
7732
7756
7704
7770
7702
7728
7578
7596
7690
7712
7734
7774
7782
7692
7750
7704
7700
7730
7762
7624
7678
7786
7702
7676
7740
7706
7674
7786
7844
7812
7928
7956
7972
7968
7928
7940
7888
7776
7764
7774
7776
7728
7762
7748
7670
7750
7736
7674
7720
7744
7788
7844
7900
7820
7896
7896
7968
7898
7850
7780
7810
7812
7780
7736
7622
7764
7788
7854
7914
7876
7762
7786
7798
7728
7776
7770
7668
7714
7832
7816
7862
7880
7820
7884
7844
7716
7782
7756
7698
7662
7702
7702
7846
7872
7906
7950
7912
7816
7870
7752
7786
7782
7812
7740
7628
7624
7712
7718
7836
7968
7898
7988
7960
7998
8118
8090
7986
7940
7868
7878
7904
7822
7844
7886
7818
7858
7836
7856
7632
7798
7814
7828
7832
7796
7742
7648
7702
7646
7632
7718
7652
7600
7662
7764
7762
7784
7750
7762
7762
7780
7838
7830
7830
7770
7742
7750
7776
7730
7742
7624
7698
7642
7626
7736
7696
7716
7782
7762
7734
7722
7658
7676
7718
7582
7644
7562
7546
7526
7512
7588
7692
7636
7698
7654
7620
7612
7602
7630
7660
7694
7708
7646
7684
7796
7832
7904
7834
7772
7814
7846
7876
7770
7770
7750
7774
7780
7900
7870
7842
7848
7860
7876
7818
7820
7832
7804
7808
7810
7872
7798
7852
7870
7810
7828
7878
7904
7870
7876
7800
7678
7764
7762
7776
7740
7752
7826
7848
7860
7814
7854
7758
7792
7780
7748
7674
7710
7748
7718
7624
7648
7640
7678
7618
7574
7618
7648
7702
7718
7708
7772
7830
7772
7774
7854
7940
7810
7768
7720
7668
7702
7584
7488
7502
7576
7616
7648
7560
7548
7540
7530
7486
7546
7656
7594
7510
7516
7562
7574
7566
7560
7576
7588
7566
7660
7598
7668
7580
7586
7614
7682
7684
7660
7628
7692
7802
7874
7774
7814
7876
7798
7760
7840
7816
7632
7602
7602
7560
7568
7570
7626
7634
7644
7694
7730
7708
7772
7752
7728
7734
7770
7750
7660
7690
7624
7590
7600
7592
7580
7502
7528
7562
7460
7502
7478
7460
7428
7384
7396
7390
7416
7466
7396
7332
7296
7350
7356
7394
7446
7476
7356
7372
7436
7502
7654
7504
7566
7618
7562
7552
7548
7546
7464
7424
7432
7458
7488
7518
7448
7422
7430
7478
7478
7396
7490
7512
7530
7600
7688
7638
7652
7722
7796
7776
7818
7756
7726
7774
7840
7864
7776
7724
7702
7660
7688
7714
7580
7614
7674
7690
7706
7660
7760
7788
7806
7886
7878
7816
7818
7904
7876
7922
7908
7904
7852
7844
7854
7900
7844
7888
7856
7788
7830
7778
7700
7642
7690
7776
7760
7700
7646
7682
7686
7682
7808
7698
7690
7682
7688
7686
7598
7490
7534
7650
7688
7666
7844
7870
7826
7864
7942
7934
7800
7788
7892
7874
7824
7820
7790
7730
7708
7628
7668
7834
7726
7588
7520
7534
7530
7568
7612
7520
7520
7564
7666
7586
7656
7578
7568
7714
7566
7598
7580
7548
7600
7614
7624
7752
7748
7656
7780
7764
7692
7676
7642
7634
7670
7668
7686
7542
7498
7516
7574
7532
7604
7682
7678
7738
7744
7674
7610
7434
7528
7564
7498
7564
7576
7642
7538
7506
7590
7650
7720
7664
7686
7798
7790
7784
7756
7696
7654
7720
7784
7888
7878
7926
7878
7798
7854
7902
7894
7868
7824
7758
7782
7700
7686
7742
7846
7744
7742
7760
7782
7856
7766
7738
7756
7632
7664
7722
7776
7772
7814
7852
7784
7770
7762
7864
7820
7812
7804
7796
7880
7836
7776
7716
7796
7762
7638
7688
7648
7666
7616
7536
7570
7606
7670
7552
7530
7572
7648
7580
7610
7628
7610
7554
7598
7682
7672
7658
7648
7628
7600
7632
7674
7740
7750
7738
7616
7720
7724
7744
7676
7652
7712
7688
7664
7748
7726
7716
7716
7720
7664
7698
7812
7750
7736
7704
7614
7616
7578
7560
7578
7490
7564
7648
7562
7394
7548
7616
7628
7584
7714
7646
7642
7678
7698
7696
7660
7716
7790
7770
7778
7828
7934
7898
7814
7870
7696
7654
7684
7652
7686
7668
7810
7820
7806
7760
7724
7702
7662
7744
7594
7582
7682
7658
7666
7730
7758
7798
7782
7834
7764
7818
7758
7742
7748
7754
7822
7800
7830
7760
7834
7834
7828
7890
7888
7850
7816
7762
7812
7834
7846
7830
7820
7936
7880
7952
7850
7794
7712
7732
7770
7730
7774
7868
7878
7878
7778
7732
7784
7780
7656
7622
7648
7622
7582
7566
7594
7538
7500
7486
7476
7502
7640
7680
7712
7814
7718
7708
7638
7736
7710
7646
7772
7888
7852
7822
7782
7764
7842
7752
7844
7850
7860
7918
7896
7852
7856
7836
7748
7692
7666
7694
7796
7774
7784
7694
7654
7702
7638
7764
7774
7854
7890
7852
7858
7994
7956
7958
8010
7992
7952
7974
7884
7790
7820
7804
7752
7784
7820
7838
7814
7890
7870
7898
7822
7702
7718
7812
7872
7972
7780
7764
7730
7652
7632
7678
7744
7696
7752
7810
7808
7794
7798
7894
7830
7810
7854
7870
7812
7830
7796
7764
7806
7900
7870
7802
7758
7658
7686
7744
7786
7686
7756
7828
7820
7816
7770
7678
7724
7770
7650
7638
7600
7664
7706
7636
7696
7764
7800
7684
7714
7670
7700
7688
7714
7792
7830
7800
7786
7678
7630
7666
7660
7710
7678
7682
7746
7664
7694
7666
7742
7678
7776
7822
7850
7810
7754
7782
7740
7722
7622
7646
7500
7570
7652
7656
7732
7656
7596
7432
7376
7416
7360
7478
7422
7546
7654
7612
7528
7512
7510
7488
7494
7540
7592
7614
7660
7634
7668
7682
7698
7714
7750
7598
7648
7642
7708
7754
7658
7762
7792
7792
7804
7736
7780
7754
7706
7698
7650
7646
7608
7570
7558
7600
7482
7466
7550
7648
7604
7602
7596
7570
7544
7470
7546
7502
7636
7436
7392
7472
7420
7378
7420
7342
7428
7280
7262
7294
7328
7374
7352
7384
7402
7444
7434
7470
7632
7624
7614
7624
7584
7572
7576
7544
7552
7530
7582
7706
7666
7660
7614
7644
7670
7648
7600
7670
7712
7670
7640
7614
7560
7570
7546
7574
7624
7704
7748
7752
7698
7708
7696
7556
7528
7534
7728
7720
7682
7688
7644
7812
7820
7752
7730
7794
7682
7600
7672
7550
7542
7468
7504
7514
7492
7524
7544
7494
7578
7632
7658
7678
7682
7748
7734
7756
7682
7658
7678
7714
7702
7614
7788
7768
7742
7784
7852
7814
7832
7808
7842
7792
7732
7708
7718
7822
7856
7860
7968
7938
7880
7826
7892
7884
7938
7780
7714
7772
7688
7764
7676
7608
7732
7716
7684
7652
7768
7896
7896
7930
7882
7838
7792
7814
7832
7832
7890
7880
7888
7850
7884
7962
8000
7960
7922
7916
7956
7906
7892
7804
7830
7800
7766
7826
7796
7752
7808
7908
7888
7834
7836
7796
7752
7728
7672
7834
7774
7814
7742
7704
7636
7666
7552
7606
7624
7660
7556
7506
7646
7714
7738
7718
7676
7764
7656
7664
7654
7770
7868
7792
7802
7700
7650
7766
7878
7822
7798
7760
7636
7598
7712
7716
7786
7752
7788
7714
7704
7616
7610
7734
7780
7834
7750
7796
7820
7902
7874
7924
7914
7822
7850
7898
7874
7888
7776
7812
7742
7794
7760
7822
7724
7794
7804
7886
7778
7846
7914
7886
7914
7936
7926
7854
7778
7734
7834
7820
7860
7826
7732
7668
7716
7792
7800
7800
7844
7786
7826
7744
7802
7768
7840
7802
7826
7744
7754
7850
7870
7952
8044
8034
7956
7998
7918
7918
7872
7876
7848
7884
7850
7954
7924
7978
8032
8044
8068
7976
7992
7844
7756
7826
7796
7664
7688
7630
7718
7726
7664
7636
7638
7554
7564
7650
7602
7642
7626
7530
7592
7696
7782
7794
7758
7798
7728
7736
7710
7686
7674
7730
7798
7736
7814
7724
7790
7626
7734
7788
7810
7884
7816
7914
7736
7660
7732
7728
7718
7770
7760
7832
7744
7748
7736
7756
7770
7724
7772
7636
7798
7802
7666
7710
7810
7874
7890
7968
7918
7766
7748
7796
7868
7810
7736
7724
7806
7766
7702
7798
7742
7832
7902
7788
7818
7726
7766
7828
7794
7808
7834
7834
7840
7870
7824
7826
7838
7752
7710
7746
7762
7830
7852
7890
7814
7850
7838
7774
7836
7886
7808
7820
7780
7806
7692
7666
7598
7584
7646
7564
7530
7584
7592
7544
7564
7634
7668
7814
7812
7860
7882
7914
7872
7778
7854
7954
7862
7918
7880
7932
7840
7816
7766
7770
7840
7892
7922
7952
7938
7786
7808
7846
7786
7764
7830
7788
7908
7910
8030
7916
7990
8052
7920
7914
7866
7800
7688
7768
7742
7724
7710
7786
7868
7856
7922
7984
7980
7978
7890
7958
7834
7904
7910
7890
8032
7960
8074
8018
7954
7914
7932
7958
7910
7850
7880
7964
7958
7972
7946
7972
7988
7968
8016
7982
7926
7908
7830
7914
7832
7730
7788
7728
7694
7630
7656
7552
7506
7476
7428
7442
7538
7614
7666
7662
7730
7796
7804
7798
7790
7686
7798
7818
7718
7648
7712
7672
7702
7738
7758
7734
7830
7796
7712
7714
7708
7736
7770
7734
7688
7608
7692
7820
7816
7862
7830
7804
7764
7680
