3370
3412
3392
3418
3430
3430
3474
3402
3356
3358
3320
3332
3368
3400
3374
3274
3340
3320
3322
3330
3270
3298
3400
3368
3318
3280
3282
3274
3300
3290
3268
3332
3278
3328
3420
3434
3458
3458
3428
3484
3500
3412
3422
3368
3414
3442
3520
3542
3524
3480
3424
3386
3384
3360
3376
3358
3310
3342
3434
3448
3402
3424
3488
3502
3522
3472
3420
3456
3436
3408
3500
3498
3518
3536
3480
3550
3552
3520
3566
3480
3524
3520
3506
3546
3560
3596
3566
3586
3636
3628
3654
3572
3550
3540
3496
3546
3486
3432
3554
3546
3580
3550
3462
3432
3440
3456
3466
3480
3556
3562
3604
3582
3536
3502
3554
3532
3572
3566
3532
3536
3558
3570
3596
3566
3562
3566
3538
3576
3588
3600
3584
3538
3546
3526
3516
3532
3520
3460
3486
3556
3584
3576
3568
3528
3550
3528
3556
3516
3506
3518
3488
3488
3548
3510
3562
3534
3552
3534
3522
3482
3460
3440
3396
3378
3386
3410
3368
3398
3354
3298
3270
3196
3270
3272
3260
3272
3230
3260
3240
3174
3198
3186
3208
3178
3246
3364
3348
3308
3252
3234
3308
3302
3344
3380
3408
3372
3422
3396
3392
3394
3446
3468
3412
3400
3412
3400
3468
3432
3424
3420
3442
3452
3490
3536
3468
3428
3416
3384
3374
3358
3386
3382
3426
3492
3574
3608
3634
3642
3672
3638
3614
3604
3572
3548
3528
3440
3472
3462
3432
3374
3414
3432
3444
3410
3432
3360
3362
3336
3336
3350
3378
3376
3388
3404
3478
3538
3572
3528
3540
3482
3458
3386
3366
3392
3442
3482
3412
3436
3456
3472
3450
3470
3432
3506
3492
3536
3510
3490
3534
3472
3468
3476
3388
3322
3296
3314
3302
3320
3364
3416
3408
3402
3410
3406
3476
3502
3430
3450
3438
3418
3352
3404
3318
3412
3452
3462
3442
3478
3560
3538
3528
3516
3518
3512
3508
3528
3498
3550
3546
3556
3560
3626
3626
3630
3592
3546
3504
3458
3514
3526
3506
3490
3468
3476
3520
3490
3500
3530
3498
3486
3528
3462
3500
3508
3510
3504
3528
3522
3504
3508
3564
3548
3478
3490
3508
3480
3504
3598
3544
3512
3534
3490
3526
3446
3396
3422
3394
3358
3306
3356
3336
3370
3382
3398
3400
3338
3338
3258
3268
3244
3330
3356
3370
3422
3418
3456
3510
3416
3424
3442
3478
3462
3430
3434
3408
3424
3436
3456
3496
3494
3552
3578
3554
3492
3474
3458
3456
3446
3476
3448
3424
3432
3404
3378
3318
3404
3356
3424
3402
3464
3418
3420
3470
3456
3464
3526
3540
3496
3474
3406
3410
3402
3450
3494
3460
3430
3392
3426
3356
3456
3452
3526
3528
3582
3596
3592
3564
3536
3602
3576
3618
3608
3586
3638
3678
3648
3642
3646
3622
3588
3518
3568
3456
3488
3464
3506
3568
3494
3558
3634
3516
3600
3620
3554
3584
3576
3494
3560
3514
3516
3500
3550
3590
3578
3566
3606
3538
3578
3550
3612
3596
3606
3544
3564
3602
3574
3546
3514
3506
3516
3518
3496
3446
3404
3458
3444
3386
3362
3366
3462
3412
3378
3354
3342
3416
3462
3476
3400
3440
3416
3452
3494
3510
3390
3370
3408
3450
3470
3466
3488
3470
3524
3544
3566
3558
3598
3552
3542
3500
3504
3496
3576
3552
3546
3484
3506
3498
3456
3418
3430
3428
3424
3440
3426
3480
3468
3476
3462
3468
3480
3496
3494
3528
3456
3458
3410
3386
3410
3344
3372
3334
3308
3342
3424
3374
3412
3376
3402
3400
3404
3380
3376
3404
3422
3454
3436
3350
3308
3324
3298
3318
3322
3306
3266
3186
3226
3202
3266
3210
3182
3086
3174
3166
3200
3230
3294
3384
3424
3422
3366
3348
3294
3284
3336
3318
3376
3318
3278
3256
3192
3174
3178
3242
3226
3200
3244
3270
3268
3220
3290
3314
3342
3396
3376
3350
3386
3422
3366
3374
3400
3320
3334
3396
3440
3458
3464
3510
3540
3550
3486
3488
3480
3520
3502
3490
3412
3366
3426
3448
3392
3346
3350
3418
3394
3346
3404
3448
3458
3458
3526
3544
3552
3550
3504
3518
3532
3588
3588
3572
3510
3472
3490
3508
3528
3596
3588
3564
3546
3516
3532
3542
3534
3588
3552
3516
3462
3426
3528
3556
3498
3556
3552
3522
3488
3448
3426
3466
3528
3544
3560
3468
3468
3426
3376
3396
3376
3422
3460
3452
3474
3490
3454
3516
3480
3474
3506
3536
3534
3498
3422
3448
3478
3494
3412
3382
3354
3352
3330
3392
3398
3410
3418
3488
3504
3510
3498
3454
3438
3456
3500
3496
3496
3534
3534
3554
3516
3556
3536
3498
3484
3512
3502
3498
3508
3486
3470
3508
3496
3490
3496
3496
3496
3546
3466
3490
3564
3566
3514
3510
3452
3470
3468
3440
3388
3398
3438
3486
3546
3592
3568
3498
3456
3470
3482
3466
3404
3412
3426
3496
3480
3380
3414
3378
3464
3464
3444
3398
3422
3436
3412
3358
3398
3398
3442
3522
3470
3370
3436
3402
3374
3410
3346
3398
3396
3358
3440
3400
3380
3396
3398
3390
3396
3400
3422
3418
3474
3520
3500
3464
3484
3490
3540
3474
3480
3470
3478
3512
3510
3568
3572
3594
3610
3598
3586
3590
3636
3644
3564
3578
3600
3574
3602
3628
3690
3706
3718
3672
3608
3678
3598
3592
3564
3644
3690
3664
3662
3608
3542
3480
3510
3538
3506
3474
3506
3530
3558
3560
3494
3542
3568
3570
3534
3538
3494
3526
3576
3550
3562
3580
3502
3404
3414
3496
3458
3468
3464
3542
3552
3566
3610
3584
3512
3522
3484
3508
3526
3536
3586
3630
3584
3458
3498
3438
3538
3530
3528
3520
3528
3546
3564
3536
3574
3524
3542
3488
3480
3448
3382
3352
3426
3378
3454
3442
3478
3538
3536
3582
3520
3580
3640
3610
3552
3594
3664
3646
3602
3588
3660
3608
3540
3476
3444
3502
3536
3554
3512
3492
3476
3434
3372
3426
3474
3484
3516
3522
3550
3598
3532
3524
3528
3452
3470
3476
3438
3446
3538
3554
3548
3558
3544
3584
3528
3476
3522
3496
3516
3514
3522
3536
3512
3536
3590
3580
3544
3556
3558
3512
3512
3556
3564
3554
3616
3598
3538
3574
3534
3444
3464
3500
3582
3550
3570
3598
3580
3610
3614
3600
3602
3638
3662
3596
3632
3612
3626
3608
3554
3586
3558
3548
3532
3572
3604
3620
3566
3584
3548
3498
3494
3494
3522
3490
3562
3574
3566
3570
3524
3560
3598
3620
3688
3654
3604
3532
3522
3462
3562
3616
3586
3518
3518
3546
3528
3520
3506
3564
3556
3552
3584
3522
3478
3502
3486
3492
3482
3506
3484
3458
3450
3404
3350
3396
3382
3392
3420
3404
3368
3388
3340
3360
3386
3368
3376
3432
3428
3404
3392
3380
3396
3362
3408
3404
3422
3408
3432
3470
3480
3480
3448
3444
3484
3462
3456
3476
3516
3538
3468
3532
3462
3460
3438
3436
3494
3486
3480
3476
3384
3408
3394
3366
3398
3390
3384
3344
3310
3270
3214
3210
3264
3306
3360
3340
3384
3416
3402
3310
3310
3286
3308
3276
3254
3248
3266
3284
3220
3226
3180
3280
3194
3212
3248
3158
3170
3146
3210
3200
3214
3274
3270
3360
3378
3424
3406
3362
3312
3340
3338
3350
3332
3360
3380
3410
3358
3354
3330
3344
3390
3420
3402
3336
3382
3394
3478
3480
3450
3500
3538
3490
3456
3516
3480
3400
3468
3416
3450
3470
3412
3440
3464
3514
3486
3538
3498
3490
3502
3460
3472
3456
3500
3524
3466
3530
3508
3438
3466
3498
3560
3500
3528
3566
3512
3506
3570
3570
3528
3484
3460
3524
3494
3458
3534
3558
3618
3598
3608
3534
3562
3562
3566
3516
3448
3440
3424
3396
3454
3534
3470
3484
3490
3404
3414
3416
3456
3384
3360
3406
3376
3344
3364
3342
3282
3372
3340
3418
3412
3498
3504
3432
3432
3430
3422
3442
3456
3470
3428
3406
3430
3404
3390
3400
3408
3388
3426
3448
3404
3428
3360
3410
3404
3418
3436
3446
3392
3420
3354
3392
3402
3350
3438
3440
3418
3448
3510
3500
3536
3502
3474
3514
3492
3490
3500
3530
3536
3594
3510
3366
3442
3442
3492
3526
3468
3462
3450
3396
3414
3362
3400
3486
3506
3420
3336
3348
3350
3394
3414
3486
3420
3368
3340
3278
3214
3254
3252
3206
3214
3222
3208
3210
3192
3102
3132
3100
3098
3142
3150
3126
3046
2952
2970
3002
2996
2964
2966
2948
2912
2900
2930
2886
2924
2894
2964
2964
3006
2986
3078
3128
3138
3156
3128
3100
3166
3172
3194
3206
3184
3222
3170
3186
3194
3220
3180
3208
3258
3260
3284
3214
3190
3238
3272
3308
3342
3334
3396
3414
3316
3340
3344
3336
3330
3308
3428
3470
3476
3486
3500
3424
3430
3454
3498
3586
3540
3476
3450
3404
3442
3422
3476
3484
3426
3448
3500
3472
3464
3410
3466
3460
3520
3518
3486
3454
3458
3426
3410
3396
3382
3366
3454
3466
3518
3528
3534
3556
3466
3496
3468
3386
3442
3448
3474
3462
3504
3456
3486
3536
3534
3498
3504
3544
3604
3594
3544
3514
3564
3564
3576
3570
3554
3560
3566
3524
3448
3474
3446
3452
3452
3448
3438
3462
3460
3458
3432
3496
3464
3550
3508
3544
3506
3488
3572
3536
3524
3506
3528
3530
3524
3526
3468
3486
3522
3472
3516
3514
3522
3530
3536
3492
3506
3480
3498
3508
3514
3496
3408
3510
3486
3446
3450
3406
3396
3376
3354
3340
3226
3202
3224
3244
3278
3296
3264
3238
3274
3276
3300
3272
3220
3178
3306
3312
3368
3450
3430
3486
3510
3508
3534
3530
3500
3496
3548
3600
3612
3624
3594
3562
3582
3588
3564
3584
3530
3512
3500
3538
3526
3490
3412
3398
3426
3376
3384
3372
3354
3396
3376
3404
3480
3426
3488
3438
3464
3500
3510
3546
3496
3498
3426
3466
3440
3386
3404
3428
3432
3418
3352
3382
3434
3408
3444
3408
3458
3490
3418
3410
3492
3508
3540
3572
3550
3494
3504
3536
3490
3426
3322
3296
3340
3388
3398
3424
3422
3398
3524
3506
3530
3558
3544
3558
3520
3504
3478
3494
3434
3358
3328
3370
3412
3458
3420
3388
3480
3456
3416
3440
3472
3416
3474
3472
3552
3554
3572
3612
3546
3554
3504
3494
3496
3530
3526
3546
3600
3602
3590
3588
3570
3556
3574
3578
3618
3540
3508
3504
3518
3532
3544
3566
3538
3546
3492
3496
3524
3454
3402
3424
3372
3370
3404
3384
3408
3398
3378
3356
3416
3302
3310
3328
3332
3276
3274
3256
3234
3182
3192
3296
3322
3392
3364
3400
3366
3364
3370
3374
3348
3260
3252
3312
3340
3388
3420
3390
3376
3388
3424
3364
3364
3394
3350
3400
3380
3328
3300
3280
3266
3266
3278
3376
3370
3430
3512
3538
3512
3518
3492
3464
3410
3470
3434
3448
3394
3356
3438
3496
3546
3542
3534
3524
3540
3492
3432
3436
3406
3344
3294
3366
3398
3302
3334
3276
3360
3302
3274
3272
3328
3344
3446
3454
3396
3398
3428
3478
3524
3552
3540
3564
3540
3556
3524
3546
3586
3602
3550
3526
3498
3544
3512
3456
3418
3446
3468
3426
3426
3392
3418
3422
3392
3404
3472
3394
3416
3392
3362
3372
3410
3460
3460
3436
3436
3382
3284
3352
3266
3362
3422
3388
3368
3452
3476
3468
3506
3516
3518
3470
3430
3492
3474
3536
3564
3576
3632
3608
3550
3556
3628
3646
3640
3618
3648
3612
3642
3642
3638
3598
3604
3602
3556
3502
3470
3530
3550
3588
3512
3554
3548
3596
3604
3590
3570
3614
3606
3596
3554
3436
3380
3414
3508
3508
3458
3492
3498
3472
3440
3460
3514
3466
3516
3442
3506
3492
3524
3480
3430
3424
3412
3388
3318
3342
3356
3334
3362
3370
3348
3390
3416
3416
3436
3362
3366
3406
3390
3370
3376
3374
3290
3294
3276
3336
3302
3376
3386
3364
3360
3350
3328
3350
3400
3392
3368
3410
3448
3402
3428
3456
3464
3440
3518
3486
3460
3504
3450
3420
3432
3402
3456
3460
3472
3422
3456
3410
3488
3466
3420
3404
3404
3420
3444
3446
3454
3468
3496
3544
3508
3552
3540
3596
3596
3554
3566
3516
3548
3560
3538
3510
3512
