292
406
396
442
308
342
290
264
188
148
170
86
136
62
14
54
78
160
196
292
224
172
106
158
140
144
154
116
128
42
70
16
82
70
8
130
166
120
88
18
10
22
20
72
22
6
72
50
2
52
74
194
192
214
288
124
86
58
50
88
46
142
198
232
236
230
176
288
390
380
316
448
486
492
544
478
524
488
512
568
660
600
504
510
598
522
638
614
710
668
646
670
648
488
468
530
594
476
446
532
494
426
434
398
408
312
256
260
240
126
134
148
222
234
290
288
284
198
198
174
18
22
58
50
64
22
86
118
10
50
4
56
94
126
166
184
260
334
208
194
202
148
228
250
254
256
294
310
308
324
292
248
278
324
346
322
374
458
312
318
528
578
618
542
624
618
668
724
628
592
574
536
580
574
592
636
634
626
712
630
738
770
830
852
868
878
898
924
838
782
690
662
636
518
510
464
456
520
542
502
544
534
462
520
496
534
520
612
620
690
632
766
812
896
868
870
968
854
720
784
826
822
752
726
808
748
708
688
752
756
840
866
802
908
934
994
988
1080
1138
1096
1028
970
1048
1142
1220
1208
1172
1236
1174
1184
1198
1124
1046
1094
1140
1174
1170
1178
1270
1190
1160
1156
1084
1202
1246
1202
1190
1186
1108
1098
1072
1152
1170
1120
1264
1364
1490
1456
1482
1460
1516
1436
1406
1372
1266
1246
1170
1160
1092
960
924
956
984
1076
930
966
860
858
770
708
676
882
892
830
870
944
892
850
828
762
684
678
674
770
778
644
584
634
576
490
418
310
202
188
272
292
350
340
260
320
418
320
292
234
230
296
398
342
378
388
472
506
466
442
452
320
236
308
312
382
524
418
420
366
378
428
384
374
402
460
480
592
466
496
538
486
600
658
754
908
918
912
884
894
990
1078
1160
1150
1182
1188
1108
1096
1062
1112
1024
998
946
898
1054
1032
956
922
960
946
928
952
952
886
902
846
916
962
862
860
870
854
822
866
936
764
754
692
686
858
824
918
866
1080
1012
1068
1122
1118
1064
1094
992
972
1120
1056
1100
1126
1170
1148
1248
1262
1360
1288
1344
1394
1368
1330
1388
1376
1396
1320
1308
1340
1270
1246
1326
1278
1216
1408
1478
1446
1362
1330
1306
1376
1524
1466
1506
1598
1600
1578
1508
1534
1484
1500
1526
1612
1626
1636
1568
1494
1446
1456
1460
1418
1380
1294
1294
1252
1206
1158
1180
1040
1118
1054
996
968
1046
1030
1090
1024
970
950
912
942
884
830
798
830
718
676
738
714
664
700
650
600
634
602
580
720
824
766
770
706
620
664
616
632
392
396
430
446
406
396
296
266
410
454
370
318
504
512
494
480
362
350
408
326
366
460
318
256
154
168
160
112
80
58
48
124
180
130
104
44
44
78
44
136
114
102
84
30
12
86
178
252
260
312
334
272
336
206
220
244
164
58
14
24
78
40
14
66
150
172
366
292
222
234
148
106
46
36
40
48
30
62
30
24
24
12
66
58
128
126
208
226
146
90
80
86
80
152
114
198
330
394
460
516
540
526
424
490
542
580
622
658
778
786
750
776
692
718
626
768
704
692
726
722
658
756
762
770
768
756
826
790
850
904
886
842
954
1038
1064
1042
1006
1004
1048
1090
1076
1110
1164
1186
1276
1236
1300
1220
1232
1244
1142
1150
1148
1190
1198
1188
1210
1134
1170
1100
1036
968
982
952
1038
1084
974
910
984
1086
1144
1042
1038
932
936
970
1016
1052
972
1014
1022
976
1062
960
914
792
762
788
820
840
804
798
806
824
878
1010
948
842
858
820
766
810
766
884
818
720
772
694
770
924
1028
998
888
838
842
868
944
1032
962
922
732
738
660
714
806
832
780
808
756
662
668
586
616
566
634
636
524
466
418
358
458
530
644
698
582
548
546
494
518
566
556
634
620
544
574
580
688
648
704
810
866
776
804
846
826
956
958
1036
1014
982
1028
1118
1024
1118
1176
1170
1084
968
1038
1114
1144
984
898
1006
862
850
742
582
588
614
566
548
606
544
686
782
882
940
818
866
808
766
852
844
780
740
750
750
716
744
820
944
948
932
940
870
928
948
926
976
934
1018
1004
1038
1122
1182
1214
1244
1172
1114
1114
1254
1286
1252
1284
1278
1202
1188
1136
1044
960
1082
1062
986
1012
1046
992
1036
1008
954
952
914
988
982
934
928
876
770
714
670
644
730
800
734
650
622
532
550
596
638
498
570
594
554
550
530
562
652
644
604
858
880
908
848
764
780
772
866
962
1006
838
876
908
850
984
942
872
822
746
702
706
794
786
796
812
786
752
738
738
850
804
694
712
762
790
758
700
708
778
806
848
752
762
716
686
620
540
654
554
520
524
560
462
556
446
340
268
314
296
290
338
420
404
374
346
244
166
220
348
346
436
450
496
594
438
450
550
678
720
776
698
808
794
786
774
864
882
902
966
972
968
988
946
900
936
772
730
516
498
470
452
554
508
518
526
442
542
576
610
668
732
752
764
738
750
690
668
662
702
740
676
578
522
502
384
376
322
244
186
322
260
188
148
190
86
276
270
240
348
230
228
206
186
230
294
240
282
388
306
260
284
268
184
210
332
530
362
262
222
156
162
208
264
182
156
100
106
36
22
74
134
128
122
66
42
66
22
94
158
114
164
196
158
270
304
400
346
422
432
436
356
330
482
508
508
438
424
430
610
544
476
522
496
556
562
516
506
520
450
370
290
280
214
186
180
180
168
164
92
112
68
106
58
36
46
48
136
156
182
138
104
168
256
346
350
300
200
172
198
98
104
178
164
118
154
44
24
12
54
40
58
78
28
60
56
124
68
154
262
162
48
174
146
238
292
346
484
388
332
328
286
152
66
92
112
74
106
208
210
100
114
6
120
170
202
18
118
182
186
136
140
134
156
160
164
48
4
12
102
78
150
208
146
176
62
62
114
184
82
254
220
220
228
256
184
132
72
94
26
10
2
32
38
48
64
24
12
116
126
74
10
24
68
124
30
40
22
78
156
152
94
82
160
204
230
296
350
478
506
556
544
450
448
504
590
640
614
600
542
574
506
474
406
374
256
252
254
114
128
122
270
262
280
428
358
402
446
482
380
382
364
254
64
10
6
62
42
108
16
94
154
142
154
60
82
128
48
202
216
178
214
266
232
294
342
308
166
118
184
104
20
16
94
62
60
156
90
122
222
276
252
264
304
362
298
320
286
322
328
306
216
196
236
308
292
224
236
220
212
254
214
186
84
10
42
60
102
118
86
6
122
98
84
46
14
56
144
128
190
318
440
488
516
598
538
614
650
534
698
788
822
746
678
706
764
906
1104
1076
1142
1128
1016
1000
952
972
984
868
774
714
656
716
630
554
580
590
678
738
772
702
724
724
694
612
582
496
598
620
644
694
710
672
548
518
656
726
658
580
612
672
622
688
740
702
668
656
628
638
628
610
758
806
944
998
920
884
864
806
948
920
1002
1028
1066
992
966
1006
1024
1054
1210
1260
1194
1162
1190
1180
1234
1224
1146
1194
1166
1186
1256
1288
1260
1202
1376
1426
1512
1482
1452
1344
1380
1310
1278
1316
1294
1222
1236
1308
1224
1084
1052
1088
1044
1042
1028
958
910
906
1006
1036
1048
984
866
898
878
860
944
866
936
972
932
950
994
1010
1046
1182
1176
1032
1060
1142
1208
1326
1316
1180
1092
1102
1056
1050
1022
1080
1056
1038
1012
950
910
948
966
936
938
838
852
942
944
938
956
1022
1056
1028
1100
1036
1128
1132
1008
1046
986
1054
1026
1044
1000
990
976
934
944
878
1070
1222
1256
1216
1216
1248
1224
1248
1352
1404
1336
1458
1454
1458
1512
1588
1416
1488
1388
1420
1546
1432
1442
1410
1462
1550
1630
1666
1732
1860
1726
1684
1672
1724
1690
1674
1662
1634
1646
1588
1598
1672
1716
1806
1704
1710
1616
1640
1646
1572
1630
1714
1644
1514
1448
1516
1416
1354
1226
1172
1056
1072
1134
1146
1136
1132
1124
1100
1032
1108
1048
1130
1120
1174
1198
1028
910
1028
1008
938
878
878
892
836
862
838
918
940
938
948
1064
1000
914
894
866
754
748
800
662
620
644
742
690
734
702
814
664
548
626
404
482
606
558
564
552
448
474
488
420
362
314
320
210
122
94
46
40
32
40
4
6
116
218
310
326
326
280
300
204
268
360
338
460
406
322
420
434
516
574
538
654
672
618
544
498
586
522
544
590
568
590
502
324
292
294
276
252
230
184
200
26
110
106
28
36
12
70
110
152
144
152
112
72
192
214
178
146
176
140
144
70
104
246
266
166
188
214
114
150
122
106
76
72
84
22
34
6
126
48
40
124
198
270
190
220
272
190
162
156
162
126
92
98
176
284
400
528
556
544
588
680
662
812
804
802
792
762
740
754
704
600
568
564
592
510
452
548
548
554
508
396
354
358
386
434
468
516
488
488
494
518
514
510
584
498
478
436
350
458
440
462
490
530
510
490
540
546
582
588
576
722
578
566
484
326
434
398
312
324
328
370
366
242
182
256
280
364
184
130
138
40
30
66
62
32
48
4
0
10
134
80
92
148
98
200
312
310
282
426
384
368
386
342
236
244
166
66
98
112
10
66
66
72
134
96
18
86
104
100
96
56
194
164
94
168
216
252
214
212
202
162
140
122
234
238
342
330
280
244
202
188
196
172
248
102
96
32
16
18
26
90
192
316
260
278
304
270
332
268
232
314
338
258
150
20
178
136
144
174
184
194
208
210
280
342
416
468
466
414
462
554
524
468
432
318
318
234
240
256
316
414
526
542
534
454
498
554
562
592
524
592
708
776
820
852
756
674
648
560
568
544
586
598
686
710
636
592
610
676
586
462
644
732
702
642
580
