1196
1328
1280
1306
1388
1330
1270
1328
1410
1388
1514
1490
1472
1422
1436
1424
1550
1516
1588
1704
1666
1584
1598
1584
1582
1590
1606
1598
1620
1698
1722
1702
1770
1768
1722
1738
1784
1888
1894
1832
1832
1786
1670
1686
1634
1762
1612
1606
1548
1492
1462
1388
1418
1406
1494
1432
1340
1282
1392
1396
1448
1542
1464
1530
1522
1512
1434
1430
1390
1500
1398
1228
1186
1288
1340
1340
1356
1330
1406
1398
1416
1350
1302
1354
1406
1434
1446
1380
1466
1416
1460
1464
1422
1394
1330
1416
1480
1432
1442
1338
1224
1194
1284
1340
1274
1224
1198
1298
1372
1388
1468
1422
1416
1356
1392
1340
1310
1248
1092
1062
1124
1118
1008
996
896
834
820
838
760
830
822
744
726
784
806
842
742
768
728
848
828
812
736
686
592
630
632
564
506
470
526
538
510
522
440
394
352
326
290
248
314
362
384
358
392
340
312
322
318
328
404
318
192
284
304
144
226
274
260
240
268
208
172
160
232
292
270
270
288
380
456
512
590
658
624
650
702
638
522
640
626
590
480
508
504
518
434
400
384
464
398
490
500
466
556
528
578
596
688
662
674
690
582
616
614
674
632
570
500
566
598
630
606
620
614
566
646
628
582
572
608
626
648
664
708
698
664
554
544
610
574
622
582
582
564
696
626
646
562
500
546
512
414
352
310
290
216
230
162
196
196
204
144
230
184
114
110
152
104
182
134
142
150
130
18
146
72
94
142
98
144
98
132
228
312
458
500
610
624
714
640
596
558
588
550
568
476
528
532
542
504
514
474
556
570
562
660
664
698
752
724
750
684
710
716
792
846
810
820
810
896
878
790
812
868
824
848
834
782
628
616
662
574
608
682
678
726
650
530
508
602
592
646
556
576
616
598
730
718
694
718
626
612
582
554
560
642
690
686
636
644
606
640
768
766
704
714
660
634
616
632
638
706
736
736
708
778
674
678
738
660
686
698
744
716
816
866
890
794
756
694
594
658
688
646
654
754
770
706
670
564
552
530
578
608
668
766
716
616
568
612
608
648
536
542
570
620
602
568
504
438
408
376
426
478
474
316
322
440
444
526
636
616
646
600
550
492
444
430
446
470
356
296
298
184
128
196
230
130
114
82
54
152
210
120
208
240
198
286
236
236
330
320
446
494
564
566
556
574
616
598
560
438
564
592
684
684
722
684
612
658
628
594
474
448
398
428
416
490
488
450
438
508
426
396
390
244
250
216
186
196
22
8
38
88
52
16
50
12
48
54
30
72
160
146
134
174
320
132
148
166
124
6
76
36
164
200
206
162
108
108
156
112
30
14
40
90
80
88
12
30
56
14
108
134
226
128
252
300
156
150
146
144
114
82
98
154
184
170
96
68
106
132
202
218
210
250
306
312
338
378
442
482
452
280
232
274
252
250
228
240
342
294
362
382
440
396
414
314
378
414
474
460
558
558
652
684
610
538
594
632
734
728
800
748
788
830
1024
1004
1030
982
964
962
948
1046
960
932
954
1014
1040
1016
1104
1066
1070
1092
1144
1096
1120
1176
1188
1228
1154
1066
1004
1060
992
934
952
930
916
880
856
896
938
956
994
950
856
872
862
722
788
836
886
864
964
908
862
872
836
850
698
658
596
540
434
432
378
366
354
432
448
472
382
376
410
404
430
460
532
544
554
610
486
416
384
408
466
398
452
400
378
410
392
378
302
278
292
264
216
134
150
208
242
314
264
342
356
268
360
322
298
230
240
186
218
326
360
268
240
116
102
136
86
50
30
116
94
128
112
76
136
208
316
274
298
266
208
248
230
292
294
262
288
384
388
258
264
274
352
418
304
230
160
160
108
48
88
32
212
70
96
36
44
76
56
30
182
200
238
234
184
112
38
116
64
188
116
134
156
76
58
6
112
202
154
220
232
238
284
218
226
200
188
206
282
288
442
458
446
506
430
484
520
540
574
500
508
562
472
520
524
470
602
666
686
666
634
688
606
678
622
606
582
480
536
450
444
420
344
476
458
460
446
380
452
530
586
592
530
596
478
484
510
484
480
546
642
636
672
604
534
590
564
540
488
462
452
466
438
414
424
414
368
496
470
516
506
492
360
358
322
290
314
362
348
318
352
290
202
230
268
408
340
314
412
374
428
442
434
554
476
546
492
540
578
638
548
476
448
382
422
370
334
368
438
494
560
672
514
564
594
576
638
650
602
610
642
646
704
662
708
756
818
806
860
954
924
974
1062
1066
1032
1000
1064
1114
1150
1288
1244
1238
1314
1420
1404
1358
1462
1598
1614
1614
1704
1770
1802
1812
1846
1762
1810
1738
1734
1718
1746
1840
1842
1802
1806
1732
1738
1784
1796
1720
1702
1600
1570
1604
1628
1600
1594
1594
1622
1666
1680
1686
1696
1670
1682
1772
1750
1748
1782
1708
1640
1656
1672
1680
1706
1750
1542
1506
1536
1642
1536
1528
1568
1540
1574
1630
1574
1588
1670
1622
1650
1698
1722
1688
1650
1722
1666
1602
1628
1630
1674
1706
1690
1622
1684
1774
1768
1710
1668
1612
1672
1710
1848
1846
1822
1710
1668
1754
1764
1830
1834
1848
1884
1822
1778
1700
1670
1756
1798
1856
1932
1932
1950
1886
1932
1810
1790
1880
1944
1916
1948
1928
1924
1934
1938
2024
2032
1954
1810
1844
1898
1886
1988
2012
1972
2036
1970
1958
1924
1926
1940
1900
1840
1958
1854
1852
1844
1908
1918
1940
1960
2000
1950
2040
1994
1960
1988
1976
1970
1930
1934
2000
2062
2004
1958
1994
2000
1978
1966
1908
1936
1906
1928
1904
1886
1816
1922
1966
1986
2060
2032
1992
2050
2120
2116
2152
2124
2162
2098
2184
2196
2356
2372
2274
2304
2234
2208
2226
2136
2150
2138
2238
2196
2158
1996
2054
2052
1962
2024
2148
2164
2168
2138
2088
2068
2158
2040
2014
2078
2066
2104
2214
2174
2202
2258
2266
2308
2348
2334
2296
2326
2266
2316
2326
2332
2298
2290
2344
2394
2356
2298
2370
2320
2410
2460
2494
2478
2438
2474
2450
2380
2460
2300
2326
2298
2298
2270
2196
2184
2240
2312
2338
2308
2346
2336
2240
2292
2216
2182
2184
2058
2018
2026
1980
1954
1946
1876
1872
1884
1958
1850
1880
1836
1934
1944
2072
2034
2162
2166
2118
2106
2190
2216
2368
2360
2438
2314
2238
2270
2290
2236
2194
2136
2078
2046
2018
2112
2100
2010
2066
2062
2052
2164
2194
2098
2058
2048
1982
1890
1970
1850
1966
1994
2022
2002
2028
2016
2136
2108
2048
2008
1982
2104
1962
1978
2020
2104
2230
2310
2420
2350
2250
2134
2056
2058
2054
2062
2006
2102
2086
2076
2024
2034
2154
2166
2188
2346
2356
2338
2378
2386
2268
2264
2268
2290
2296
2324
2306
2340
2344
2358
2440
2300
2272
2274
2344
2414
2460
2484
2408
2296
2428
2348
2318
2314
2360
2532
2510
2520
2432
2474
2328
2258
2296
2248
2236
2234
2238
2308
2238
2182
2114
2090
2096
2124
2018
2092
2146
2228
2190
2208
2280
2260
2272
2210
2210
2146
2150
2154
2302
2324
2302
2338
2310
2300
2362
2412
2352
2398
2454
2454
2498
2540
2584
2644
2516
2506
2522
2514
2512
2590
2654
2644
2746
2790
2718
2848
2906
2918
2872
2866
2840
2844
2738
2796
2794
2854
2840
2874
2856
2920
2976
2994
2916
2932
2952
2914
3044
3030
2948
2854
2830
2830
2842
2818
2780
2714
2606
2572
2398
2462
2548
2462
2488
2506
2486
2454
2522
2622
2658
2730
2714
2750
2756
2790
2734
2762
2770
2788
2792
2796
2688
2642
2670
2732
2698
2764
2688
2682
2678
2730
2758
2724
2702
2770
2816
2850
2850
2816
2752
2732
2770
2826
2812
2716
2726
2658
2712
2752
2714
2706
2732
2668
2564
2586
2526
2500
2456
2418
2426
2420
2464
2518
2522
2494
2548
2426
2334
2248
2314
2310
2244
2214
2220
2102
2166
2162
2198
2280
2206
2316
2282
2232
2304
2360
2324
2288
2298
2298
2302
2272
2144
2182
2222
2258
2242
2272
2248
2236
2172
2116
2084
2076
1990
2034
2040
2050
2108
2084
1968
1896
1822
1856
1856
1838
1890
1808
1692
1534
1490
1614
1636
1576
1508
1580
1606
1648
1700
1814
1798
1726
1764
1822
1780
1854
1858
1860
1812
1750
1722
1682
1732
1746
1814
1842
1802
1750
1784
1906
1820
1810
1814
1892
1952
1992
1978
1928
1904
1924
1880
1912
1878
1898
1824
1786
1802
1810
1760
1666
1798
1938
1874
1794
1694
1562
1568
1636
1536
1726
1728
1702
1718
1736
1792
1816
1948
1952
1942
1988
1904
1974
2024
2044
2054
1942
1994
1932
1854
1904
1846
1808
1792
1898
1884
1768
1686
1702
1728
1738
1860
1860
1934
1998
1960
1986
1944
1890
1842
1758
1820
1852
1844
1754
1776
1712
1770
1780
1856
1874
1860
1898
1994
2006
2004
1898
1826
1792
1874
1854
1948
1934
1872
1750
1852
1868
1818
1834
1800
1782
1836
1882
1864
1928
1926
1918
1918
1880
1780
1822
1802
1810
1928
1856
1920
1896
1962
1994
1958
1938
1866
1900
1988
1920
1902
1816
1746
1704
1724
1680
1736
1738
1936
1838
1746
1700
1602
1540
1482
1510
1530
1508
1582
1578
1532
1410
1406
1350
1266
1224
1196
1234
1160
1172
1210
1274
1202
1166
1178
1244
1306
1222
1194
1134
1158
1132
1066
1052
1094
1044
928
924
1078
1054
1170
1154
1154
1122
1166
1170
1304
1300
1438
1488
1416
1404
1430
1534
1580
1680
1656
1674
1694
1694
1654
1702
1682
1728
1642
1634
1656
1570
1578
1590
1632
1670
1638
1640
1578
1682
1728
1830
1854
1960
1988
1976
1924
1888
1920
1944
1862
1894
1896
1864
1820
1708
1686
1722
1834
1870
1896
1910
1902
1954
1928
1736
1794
1748
1764
1794
1848
1882
1928
1832
1802
1814
1788
1822
1726
1770
1726
1884
1902
1836
1674
1558
1612
1660
1708
1590
1612
1620
1650
1616
1634
1532
1640
1694
1662
1548
1616
1602
1640
1588
1564
1566
1596
1564
1610
1550
1430
1492
1540
1526
1560
1648
1678
1676
1764
1660
1626
1692
1742
1750
1728
1746
1704
1794
1820
1840
1870
1864
1874
1840
1792
1768
1786
1846
1830
1758
1678
1722
1756
1806
1806
1700
1700
1680
1720
1674
1618
1654
1704
1706
1694
1722
1756
1730
1806
1792
1764
1792
1810
1790
1800
1738
1850
1884
1886
1996
1950
1934
1998
1942
1908
1900
1984
2016
2090
2010
1934
1894
1806
1762
1796
1826
1740
1784
1742
1688
1708
1732
1712
1662
1558
1630
1598
1662
1748
1682
1698
1770
1642
1690
1792
1754
1794
1780
1724
1776
1826
1850
1858
1918
1786
1850
1790
1830
1822
1724
1552
1568
1630
1670
1564
1588
1592
1578
1564
1568
1594
1668
1678
1826
1820
1736
1668
1554
1598
1730
1790
1774
1776
1742
1770
1726
1744
1728
1698
1680
1734
1750
1850
1814
