8026
8028
7902
7768
7806
7894
7806
7876
7864
7896
7852
7782
7772
7738
7794
7840
7844
7802
7776
7884
7834
7792
7772
7800
7864
7814
7858
7856
7940
7894
7918
7946
7894
7842
7888
7904
7928
7942
7880
7768
7724
7848
7812
7782
7788
7862
7806
7698
7756
7624
7642
7574
7618
7562
7590
7678
7634
7610
7594
7598
7478
7596
7738
7642
7596
7650
7644
7670
7684
7600
7500
7542
7570
7478
7598
7660
7652
7696
7684
7614
7494
7552
7588
7654
7734
7794
7832
7826
7866
7782
7854
7914
7848
7816
7720
7656
7726
7684
7674
7734
7774
7782
7812
7730
7842
7834
7780
7864
7872
7794
7834
7864
7896
7896
7860
7662
7742
7754
7640
7614
7618
7660
7610
7686
7686
7598
7668
7600
7762
7654
7684
7728
7878
7834
7776
7758
7826
7858
7958
7942
7918
7864
7912
7920
7880
7810
7824
7732
7758
7780
7810
7812
7848
7910
7984
7960
7928
7826
7890
7760
7802
7748
7734
7728
7688
7652
7722
7802
7838
7828
7770
7860
7912
7862
7808
7854
7718
7822
7808
7822
7888
7826
7908
7902
7874
8018
8040
7980
7944
7972
8016
8054
7976
8046
8004
7950
7822
7732
7790
7878
7834
7798
7776
7784
7762
7832
7786
7782
7892
7870
7836
7890
7828
7822
7828
7792
7844
7942
7908
7800
7734
7826
7882
7906
7840
7842
7958
7954
7860
7882
7912
7900
7876
7870
7864
7820
7920
7846
7880
7814
7802
7690
7698
7750
7718
7678
7680
7586
7624
7774
7740
7740
7764
7752
7772
7722
7698
7842
7714
7670
7652
7630
7810
7840
7830
7994
7900
7784
7770
7740
7662
7728
7654
7574
7664
7778
7788
7876
7888
7922
7862
7934
7882
7726
7684
7674
7724
7886
7880
7948
7968
7892
7968
7824
7748
7790
7726
7720
7776
7778
7834
7650
7620
7666
7804
7784
7838
7830
7792
7770
7788
7814
7804
7814
7772
7784
7848
7782
7786
7802
7738
7598
7730
7666
7718
7690
7620
7662
7668
7644
7680
7572
7578
7550
7530
7448
7492
7550
7656
7708
7642
7696
7732
7654
7568
7542
7524
7600
7590
7490
7482
7528
7506
7300
7182
7236
7358
7364
7416
7294
7220
7180
7218
7214
7048
7060
7042
7126
6950
7052
7102
7088
7072
7120
7224
7224
7284
7312
7300
7262
7306
7204
7168
7310
7304
7330
7236
7124
7230
7238
7294
7334
7364
7412
7488
7594
7648
7648
7652
7692
7758
7732
7762
7774
7820
7844
7822
7828
7770
7850
7888
7774
7722
7770
7762
7898
7888
7984
7892
7932
7926
7898
7910
7890
7822
7784
7810
7776
7746
7738
7776
7890
7860
7668
7678
7772
7810
7792
7756
7850
7824
7834
7892
7830
7818
7806
7770
7790
7900
7838
7896
7926
7926
7970
7876
7976
7924
7998
7996
7934
7996
7894
7896
7892
7938
7870
7886
7936
7936
7924
7888
7768
7856
7820
7804
7792
7776
7868
7906
7970
7926
7828
7840
7946
7948
7862
7810
7836
7886
7894
7848
7772
7838
7850
7908
7858
7830
7784
7740
7670
7668
7650
7712
7758
7762
7794
7806
7670
7556
7440
7520
7444
7432
7370
7412
7482
7542
7580
7620
7730
7766
7754
7766
7818
7846
7826
7798
7852
7746
7840
7842
7888
7898
7934
7982
7912
7978
7962
7940
7910
7948
7996
7908
7936
7920
7860
7790
7892
7900
7892
7928
7942
7924
7966
7900
7880
7908
7814
7910
7956
7908
7870
7838
7808
7788
7744
7750
7700
7670
7714
7656
7562
7568
7644
7614
7658
7698
7676
7682
7690
7652
7580
7628
7600
7536
7500
7452
7546
7532
7572
7480
7570
7526
7420
7474
7544
7374
7324
7384
7308
7284
7330
7320
7354
7328
7166
7180
7144
7168
7108
7156
7216
7236
7224
7258
7292
7326
7334
7412
7300
7356
7438
7556
7572
7630
7604
7626
7624
7618
7596
7580
7408
7484
7518
7572
7444
7506
7582
7606
7574
7616
7546
7534
7502
7514
7540
7502
7588
7590
7576
7616
7554
7458
7392
7442
7426
7322
7304
7368
7304
7320
7374
7376
7324
7324
7380
7352
7314
7356
7460
7408
7370
7346
7304
7346
7420
7404
7378
7430
7378
7422
7370
7412
7432
7454
7350
7394
7254
7300
7362
7326
7312
7272
7306
7278
7300
7350
7422
7482
7484
7500
7398
7352
7398
7310
7376
7418
7456
7410
7510
7500
7526
7508
7608
7614
7596
7654
7768
7700
7728
7752
7718
7694
7702
7708
7718
7614
7620
7692
7716
7784
7674
7700
7598
7588
7634
7686
7676
7732
7712
7734
7852
7832
7920
7978
7962
7982
7998
7896
7850
7836
7894
7900
7938
7896
7902
7882
7940
7960
7806
7818
7746
7840
7808
7796
7802
7786
7802
7776
7780
7882
7800
7816
7906
7852
7822
7780
7760
7816
7820
7854
7836
7866
7892
7832
7942
7892
7916
7882
7832
7726
7738
7776
7776
7762
7722
7688
7598
7548
7622
7650
7770
7708
7602
7530
7518
7554
7464
7584
7598
7668
7772
7814
7834
7904
7872
7866
7838
7830
7914
7780
7890
7902
7868
7938
7950
7974
8066
8162
8126
8138
8072
8076
7986
7940
7924
7984
7942
7892
7782
7866
7792
7790
7722
7688
7696
7628
7708
7700
7648
7644
7660
7688
7700
7730
7580
7594
7652
7630
7700
7626
7718
7756
7658
7616
7598
7672
7642
7704
7650
7686
7818
7738
7704
7652
7576
7608
7662
7698
7680
7650
7578
7624
7480
7582
7618
7634
7700
7700
7686
7696
7602
7644
7586
7578
7536
7536
7482
7514
7598
7556
7610
7604
7572
7556
7582
7584
7556
7594
7602
7582
7600
7712
7660
7682
7650
7634
7696
7744
7750
7828
7766
7676
7700
7712
7636
7720
7734
7802
7726
7806
7784
7762
7838
7890
7922
7860
7960
7988
8032
8088
8058
8008
8046
7924
7826
7912
7814
7714
7688
7648
7610
7666
7740
7758
7834
7818
7912
7944
7908
7988
8022
7916
7916
7890
7838
7914
7810
7790
7802
7860
7890
7790
7830
7780
7764
7750
7720
7688
7670
7524
7600
7592
7606
7684
7632
7760
7812
7738
7710
7644
7622
7558
7598
7654
7568
7530
7610
7644
7614
7512
7532
7510
7504
7514
7608
7680
7524
7542
7548
7614
7618
7696
7740
7766
7702
7760
7710
7732
7706
7730
7736
7700
7644
7672
7724
7890
7918
7850
7826
7856
7868
7834
7726
7758
7850
7884
7770
7666
7696
7598
7580
7684
7688
7716
7730
7684
7584
7526
7418
7490
7542
7542
7524
7508
7552
7556
7434
7340
7412
7438
7488
7418
7502
7550
7618
7520
7654
7720
7840
7802
7782
7700
7700
7750
7710
7862
7858
7840
7800
7848
7812
7970
7986
8016
7956
7982
7988
8082
8044
7936
7930
7890
7986
7910
7922
7910
8024
8046
8134
8080
8038
8010
8002
7992
7906
7900
7974
7880
7892
7856
7840
7858
7846
7842
7862
7908
7838
7890
7774
7784
7822
7802
7784
7812
7800
7780
7886
7774
7656
7698
7632
7528
7548
7536
7598
7638
7650
7618
7632
7838
7728
7782
7742
7798
7758
7836
7874
7852
7820
7790
7736
7720
7710
7952
7900
7718
7860
7886
7812
7830
7842
7898
7898
7870
7794
7748
7754
7704
7832
7772
7700
7714
7796
7876
7862
7820
7680
7710
7718
7732
7696
7810
7880
7964
7924
7860
7922
7784
7782
7922
7954
7942
7990
7942
7840
7872
7936
7920
7938
8054
8064
8124
8064
7962
7970
7960
7900
7806
7796
7774
7838
7896
7938
8016
8024
8060
7974
7974
7944
7928
7802
7832
7962
8082
8060
7982
7886
7808
7784
7824
7844
7826
7694
7712
7682
7774
7800
7914
7932
7896
7994
7838
7816
7754
7850
7904
7930
8030
8088
8108
8022
7958
7978
8068
8138
8202
8134
8118
8050
8002
8052
7946
8022
7986
7970
7954
7840
7870
7900
7874
7958
7976
8006
7970
8068
8072
7994
8010
8038
8098
8086
8038
7978
7910
7940
7922
7906
7952
7958
7948
7828
7914
7892
7856
7904
7868
7976
8018
8090
8080
8066
8084
7988
7990
7970
7934
7994
7856
7838
7816
7750
7740
7794
7830
7850
7864
7956
7820
7776
7740
7668
7694
7670
7774
7726
7692
7642
7616
7706
7640
7554
7594
7506
7482
7458
7512
7572
7574
7570
7586
7576
7538
7578
7610
7708
7632
7726
7768
7826
7734
7720
7706
7704
7718
7748
7848
7918
7930
7948
7894
7986
8050
8028
8048
7992
7918
7924
7936
7920
7812
7874
7922
7856
7844
7784
7794
7742
7764
7724
7666
7784
7770
7752
7656
7766
7730
7700
7716
7738
7662
7692
7712
7768
7760
7838
7858
7814
7706
7730
7638
7650
7696
7768
7886
7846
7946
7950
7894
7916
7950
7950
7824
7760
7848
7840
7820
7860
7958
7976
7996
8074
7998
8070
7956
7922
7906
7918
8030
8018
7950
7930
7958
7912
7940
7944
7878
7876
7976
7930
7944
7900
7678
7630
7684
7730
7722
7742
7800
7782
7826
7874
7788
7808
7718
7678
7610
7548
7610
7574
7566
7452
7514
7570
7670
7586
7558
7698
7610
7570
7602
7776
7744
7698
7776
7772
7668
7790
7710
7686
7742
7746
7708
7696
7682
7698
7592
7542
7512
7510
7596
7684
7792
7826
7794
7796
7790
7742
7816
7878
7864
7842
7832
7770
7932
7948
7938
8016
7876
7806
7860
7878
7798
7728
7690
7670
7774
7792
7710
7750
7810
7740
7640
7718
7566
7676
7664
7674
7670
7658
7704
7776
7762
7780
7750
7806
7786
7866
7932
8000
8004
7980
7858
7800
7758
7760
7764
7764
7708
7806
7736
7690
7774
7768
7882
7982
7896
7860
7966
7948
7886
7754
7710
7614
7626
7800
7832
7812
7788
7766
7766
7628
7750
7774
7770
7820
7724
7736
7590
7604
7514
7504
7624
7664
7666
7664
7752
7746
7728
7764
7754
7640
7700
7768
7612
7548
7610
7660
7690
7742
7724
7752
7704
7722
7798
7756
7910
7806
7784
7840
7824
7772
7664
7694
7652
7686
7716
7782
7766
7834
7904
7850
7924
7878
7908
7894
7888
7852
7872
7788
7772
7804
7880
7824
7784
7900
7922
7976
7916
7944
7958
7970
7862
7928
7882
7864
7796
7790
7686
7588
7614
7628
7718
7618
7596
7688
7674
7742
7776
7844
7822
7828
7840
7852
7888
7896
7776
7808
7856
7792
7702
7678
7760
7752
7824
7746
7756
7740
7816
7756
7764
7784
7788
7738
7718
7692
7624
7576
7594
7578
7560
7546
7588
7564
7546
7560
7602
7572
7544
7574
7500
7540
7544
7424
7470
7430
7536
7624
7718
7700
7652
7692
7684
7762
7676
7642
7772
7732
7782
7722
7744
7718
7696
7680
7628
7614
7562
7690
7718
7748
7734
7720
7628
7636
7676
7596
7568
7632
7534
7642
7656
7646
7626
7670
7712
7734
7810
7798
7686
7688
7620
7612
7680
7662
7656
7672
7728
7646
7802
7794
7678
7584
7634
7594
7592
7516
7434
7456
7460
7466
7402
7416
7290
7338
7312
7208
7200
7278
7118
7040
7034
7122
7230
7202
7218
7214
7236
7128
7164
7132
7194
7108
7150
7178
7136
7118
7192
7168
7326
7308
7262
7362
7422
7404
7400
7362
7402
7378
7490
7566
7632
7642
7524
7506
7510
7520
7620
7668
7734
7824
7718
7766
7714
7776
7786
7866
7828
7870
7868
7900
7950
7868
7872
7930
7896
7874
7802
7758
7756
7902
7882
7978
7858
7770
7740
7818
7818
7968
7940
7878
7890
7822
7796
7860
7948
7996
8016
7958
7878
7914
7894
7898
7836
7828
7804
7754
7684
7738
7792
7872
7818
7662
7588
7582
7558
7496
7502
7548
7530
7586
7504
7462
7452
7464
7476
7514
7544
7486
7570
7712
7786
7778
7738
7752
7738
7736
7690
7798
7822
7800
7914
8016
7914
7938
7870
7858
7842
7842
7950
7872
7870
7872
7844
7862
7896
7936
7910
7886
7976
7922
7862
7814
7902
7924
7866
7888
7850
7852
7924
7980
7898
7974
7988
8110
8168
8038
8074
7948
8002
7938
7940
7958
7908
7962
7926
7744
7718
7692
7768
7802
7870
7874
7870
7822
7906
7958
7912
7888
7782
7836
7820
7766
7734
7832
7908
7808
7722
7676
7608
7650
7648
7658
7704
7672
7698
7702
7680
7698
7504
7542
7520
7522
7436
7478
7528
7542
7562
7536
7550
7590
7642
7658
7682
7682
7712
7730
7668
7712
7628
7500
