2298
2260
2286
2288
2290
2330
2294
2396
2420
2570
2542
2520
2504
2466
2412
2380
2320
2302
2420
2352
2404
2328
2306
2286
2246
2236
2316
2436
2396
2518
2496
2518
2590
2622
2534
2572
2616
2686
2804
2706
2608
2572
2526
2550
2696
2744
2792
2866
2854
2864
2898
2972
3012
2968
2894
2852
2914
2890
2908
2888
2822
2908
2904
2918
2920
2926
2884
2894
2912
2914
2992
2990
2962
2958
2946
2968
2946
2902
2874
2796
2846
2854
2936
2992
3004
3088
3026
2990
2942
2892
2908
2882
2928
2940
2954
2992
3036
2910
2978
2986
3038
3004
3086
3128
3154
3204
3136
3136
3090
3032
2972
3104
3224
3230
3230
3252
3198
3202
3194
3244
3202
3164
3064
3092
3056
3056
3030
2950
3008
3064
3056
3104
3172
3162
3172
3124
3140
3136
3136
3158
3184
3192
3170
3168
3200
3150
3198
3178
3180
3282
3278
3254
3166
3154
3152
3190
3188
3150
3248
3214
3260
3310
3266
3192
3172
3200
3158
3156
3144
3124
3068
3080
3126
3068
3110
3094
3102
3136
3174
3158
3178
3158
3150
3192
3128
3194
3138
3152
3132
3130
3086
3090
3118
3038
3080
3120
3192
3254
3200
3166
3192
3152
3094
3006
3022
3010
3032
3018
3046
2982
2894
2862
2826
2790
2852
2826
2852
2942
3002
2988
3070
3102
3066
3070
3058
2988
3002
3022
3032
3020
2984
2942
3022
3008
2934
2860
2812
2846
2918
2910
2888
2934
2994
3012
3024
2998
2976
2934
2980
3000
2996
3026
3012
3020
2966
2890
2974
2978
2960
2966
2966
3018
3014
3046
3030
3034
3052
3006
2946
2938
2952
3016
3018
3022
3002
3020
2986
3020
3036
2956
2978
2886
2964
2928
2892
2892
2882
2898
2976
3044
2994
2968
2984
3080
3110
3080
3054
3056
2904
2904
2980
2978
2988
3022
3020
3066
3034
3094
3052
3098
3134
3086
3120
3148
3242
3226
3238
3254
3262
3254
3268
3334
3354
3264
3252
3212
3204
3216
3220
3270
3338
3350
3420
3446
3404
3450
3420
3372
3332
3248
3266
3286
3270
3386
3394
3324
3330
3300
3170
3198
3256
3200
3200
3122
3092
3060
3010
3014
3042
3028
3056
3014
3012
3040
3088
3080
3156
3254
3202
3102
3060
3092
3076
3012
3084
3082
3086
3030
2968
3010
3054
3076
3060
3094
3058
3120
3120
3096
3094
3196
3198
3258
3250
3170
3112
3036
3130
3134
3062
3010
2946
2936
2950
2994
2964
2956
2954
2904
2920
2976
2962
2970
2958
2902
2900
2914
2830
2934
2884
2860
2888
2872
2872
2760
2680
2762
2762
2770
2844
2880
2908
2898
2922
2946
2912
2908
2930
2944
3000
3006
2976
3078
3022
3080
3024
3004
3044
3010
2976
2986
2972
3032
3070
3054
3074
3070
3100
3040
2982
2984
2990
3042
3066
3022
3036
2984
3006
2976
2992
3052
2992
2996
3010
3016
3036
3074
3130
3110
3090
3192
3156
3194
3168
3138
3088
3074
3052
3040
2986
2998
3058
3200
3152
3138
3096
3186
3202
3268
3270
3294
3238
3266
3270
3290
3288
3246
3240
3232
3180
3160
3148
3188
3184
3164
3204
3248
3168
3226
3186
3196
3246
3216
3290
3210
3208
3184
3224
3190
3220
3300
3280
3224
3230
3244
3310
3292
3288
3352
3318
3394
3348
3362
3268
3362
3352
3372
3408
3352
3348
3296
3402
3340
3334
3360
3322
3334
3320
3226
3204
3156
3128
3204
3216
3212
3240
3220
3138
3128
3112
3166
3126
3158
3104
3124
3124
3152
3098
3110
3078
3018
2992
2998
2978
3024
3078
3046
3072
3150
3202
3236
3288
3252
3292
3266
3242
3240
3220
3176
3196
3214
3206
3246
3184
3204
3152
3184
3258
3262
3256
3246
3196
3172
3052
3022
3038
2978
3032
3120
3128
3074
3072
3210
3220
3256
3356
3398
3344
3346
3354
3348
3350
3338
3300
3284
3238
3204
3192
3208
3230
3214
3230
3208
3214
3212
3222
3294
3290
3358
3346
3388
3340
3374
3460
3388
3376
3330
3370
3404
3418
3424
3468
3452
3378
3322
3336
3334
3330
3354
3310
3406
3392
3390
3424
3390
3388
3370
3378
3346
3340
3352
3352
3338
3404
3244
3180
3178
3194
3206
3152
3084
3080
3082
3052
3136
3098
3058
3046
3000
2966
2990
3084
3122
3060
3006
2976
3004
2984
3028
2944
2902
2926
2864
2792
2860
2798
2764
2752
2836
2930
2978
2936
3058
3048
3086
3038
3134
3058
3076
3046
3036
2994
2986
2916
2940
2912
2838
2840
2842
2776
2754
2774
2758
2826
2800
2864
2820
2812
2840
2910
2916
2910
2938
2946
2962
2922
2938
2922
2904
2848
2920
2882
2864
2894
2902
2880
2926
2968
2986
2976
3040
3086
3074
3004
3000
2962
2924
2940
2960
3000
2968
2936
2878
2834
2856
2866
2874
2904
2872
2870
2914
2928
2902
2926
2906
2900
2962
3058
2998
2988
2958
2930
3036
3084
3028
3082
3180
3074
2958
2958
2946
2934
2918
2952
3040
2970
2918
2960
2958
2968
2978
3016
3068
3054
3028
2950
3016
3050
3042
3008
3084
3042
3060
2974
2904
2984
3016
2858
2804
2828
2912
2828
2772
2760
2900
2866
2848
2890
2940
2926
2936
2982
3034
2980
3050
3076
3036
3036
3028
2974
2956
2974
2952
2916
2910
2890
2912
2932
2982
2918
2910
2970
2938
3024
2972
2994
2982
3024
3100
3078
3072
3094
3036
3024
3110
3140
3136
3130
3180
3242
3208
3216
3152
3154
3166
3114
3150
3050
3132
3104
3118
3142
3144
3054
3116
3078
3108
3124
3146
3136
3106
3090
3164
3164
3262
3266
3268
3292
3346
3344
3282
3256
3188
3340
3358
3332
3328
3338
3364
3262
3310
3344
3212
3272
3230
3296
3320
3336
3444
3440
3454
3418
3436
3396
3426
3370
3336
3298
3264
3278
3282
3308
3230
3262
3272
3284
3346
3388
3356
3306
3286
3308
3290
3384
3340
3360
3272
3278
3238
3182
3240
3218
3190
3204
3224
3210
3266
3230
3240
3282
3226
3264
3260
3298
3280
3296
3210
3176
3178
3180
3128
3162
3098
3162
3198
3190
3152
3086
3022
3018
3044
3054
3116
3106
3140
3072
3068
3020
3026
3078
3106
3088
3116
3086
3106
3122
3210
3156
3198
3234
3222
3258
3318
3254
3174
3052
3080
3128
3104
3084
2996
3068
3104
3120
3104
3042
3150
3238
3186
3158
3172
3138
3186
3226
3164
3166
3184
3132
3170
3182
3150
3208
3224
3070
3110
3128
3012
3036
3082
3070
3064
3004
3052
3072
3014
2908
2930
2928
2870
2900
2912
2922
2908
2894
2910
3010
3080
3100
3030
3154
3164
3218
3170
3240
3236
3222
3214
3240
3170
3176
3228
3194
3186
3262
3198
3172
3160
3078
3086
3040
3120
3158
3032
2936
2946
2958
2938
2936
3000
2948
3046
3060
3030
2962
2966
2948
2986
2958
2936
2784
2820
2890
2844
2912
3032
3060
3002
3030
3020
2994
3024
3054
2978
3062
3046
3056
3072
3054
3074
3156
3168
3176
3162
3152
3200
3220
3218
3192
3198
3200
3256
3220
3166
3198
3180
3154
3080
3030
3026
3096
3088
3054
2996
2978
2936
2916
2916
2806
2902
2900
2996
3036
3016
3070
3068
3062
3072
3090
3076
3108
3014
2998
2984
3034
3116
3106
3092
3156
3178
3168
3102
3134
3186
3178
3170
3094
3124
3088
3098
3190
3080
3110
3080
3110
3100
2996
2974
3056
3054
3086
3102
3052
3138
3120
3136
3116
3082
3072
3122
3108
3096
3098
3126
3126
3128
3036
3126
3114
3134
3078
3130
3148
3248
3282
3202
3090
3102
3084
3092
3090
3106
3084
3058
3060
3066
3050
3110
3084
3070
3028
3094
3102
3092
3024
2956
2998
3030
3038
2986
2876
2900
2806
2844
2996
3082
3142
3174
3116
3154
3172
3228
3212
3200
3158
3178
3206
3200
3192
3266
3224
3206
3202
3178
3172
3064
3116
3202
3230
3208
3138
3222
3270
3214
3242
3162
3190
3232
3188
3178
3172
3142
3156
2984
3012
2960
3012
3042
3132
3054
3052
3052
3034
3076
3176
3188
3228
3264
3302
3236
3070
3130
3176
3120
3062
3086
3114
3116
3112
3146
3142
3088
3094
3084
3046
3114
3182
3074
2996
2918
2922
3050
2998
3028
2984
2928
2860
2946
3004
3004
2892
2872
2958
2958
3028
3040
3102
3012
2994
3064
3036
3048
2964
2956
2990
3016
3086
3016
3006
3072
3034
3020
2994
2980
2928
2948
2976
2976
3080
3038
3018
3054
3022
2950
2922
2860
2770
2834
2900
2916
2912
2922
2874
2868
2878
2948
2926
3016
2938
2906
2918
2866
2744
2806
2762
2812
2856
2864
2854
2908
2836
2866
2828
2858
2854
2846
2908
2998
3014
3048
3100
3056
3048
2970
2962
3056
2976
2954
2866
2844
2852
2838
2794
2812
2836
2890
2868
2882
2776
2778
2822
2754
2738
2838
2914
2962
2930
2982
3000
3064
3136
3054
3072
3056
3060
3066
3044
3076
3154
3258
3180
3110
3086
3168
3158
3170
3180
3172
3182
3184
3224
3146
3226
3236
3250
3292
3220
3292
3314
3340
3312
3398
3400
3448
3318
3272
3272
3248
3380
3378
3322
3260
3344
3368
3236
3236
3128
3114
3154
3268
3286
3262
3280
3330
3334
3280
3318
3320
3312
3240
3200
3176
3208
3184
3242
3126
3116
3108
3134
3196
3108
3204
3154
3138
3060
3054
3108
3136
3150
3088
3072
2950
2918
2846
2838
2876
2866
2948
2920
2876
2900
2862
2878
2890
2942
2906
2922
2962
2988
2964
2966
2992
2998
3076
3080
3100
3078
3142
3186
3054
3152
3118
3046
3086
3018
2952
2926
2912
2924
2850
2844
2926
2924
3002
2962
2980
3046
3064
3034
3108
3084
3058
3080
3120
3140
3162
3076
3106
3088
2992
2948
2928
2966
3014
2982
3064
2990
2976
3086
3018
2968
2848
2880
2898
2968
2966
2954
2884
2878
2898
2940
2974
2978
2878
2894
2942
2944
3008
2966
2826
2890
2968
2932
2936
2916
2848
2958
2926
2862
2884
2826
2748
2790
2830
2798
2782
2770
2752
2760
2812
2840
2898
2936
2864
2844
2866
2878
2888
2928
2956
2914
2918
2888
2906
2872
2720
2736
2800
2708
2684
2778
2808
2844
2792
2808
2808
2810
2764
2780
2784
2774
2828
2778
2828
2806
2856
2860
2964
3002
2984
3070
3106
3086
3062
3040
3028
3062
3088
3154
3172
3172
3136
3180
3212
3232
3282
3192
3188
3252
3252
3270
3276
3238
3190
3152
3122
3158
3182
3154
3140
3184
3268
3276
3348
3400
3366
3296
3262
3236
3240
3266
3270
3296
3370
3314
3302
3316
3314
3306
3238
3286
3302
3308
3368
3328
3292
3266
3326
3324
3270
3238
3216
3126
3110
3172
3106
3132
3116
3036
3050
3114
3102
3090
3164
3208
3180
3172
3092
3168
3214
3262
3158
3092
3080
3060
3146
3184
3094
3112
3164
3094
3142
3120
3098
3100
3060
3050
3022
3002
2988
2928
3004
3014
2992
2968
3004
3006
3040
2982
2964
3006
2974
2930
2964
3004
3002
2964
2952
2964
2956
2990
2840
2852
2752
2772
2696
2756
2698
2778
2788
2822
2854
2834
2844
2926
2894
2802
2786
2712
2766
2822
2860
2970
3062
3134
3134
3246
3190
3182
3130
3106
3142
3064
3036
3042
3046
2974
2938
2992
2988
2978
2994
3010
3092
3130
3050
3066
3074
3076
3074
3064
3072
3018
3050
2930
2902
2906
2848
2958
2920
2994
3004
2924
2954
2912
2852
2958
2976
2964
2986
2930
2998
3108
3092
3154
3182
3174
3138
3128
3066
3042
3076
3126
3210
3130
3128
3182
3178
3132
3194
3184
3240
3260
3250
3268
3242
3208
3230
3190
3256
3196
3182
3224
3242
3248
3266
3216
3206
3272
3282
3342
3386
3372
3414
3380
3400
3334
3324
3276
3380
3318
3276
3182
3188
3204
3256
3314
3288
3350
3344
3410
3392
3360
3390
3382
3448
3436
3330
3344
3264
3330
3306
3338
3364
3292
3252
3286
3278
3248
3254
3254
3182
3268
3330
3332
3422
3368
3354
3330
3392
3398
3410
3340
3344
3390
3442
3452
3342
3392
3418
3408
3370
3334
3406
3314
3364
3282
3348
3286
3324
3316
3316
3262
3204
3192
3246
3204
3228
3200
3276
3272
3212
3246
3216
3214
3224
3210
3238
3164
3122
3122
3218
