140
130
202
146
232
212
178
206
298
136
120
80
22
40
28
56
158
250
360
228
240
216
202
190
74
64
58
146
226
330
350
210
172
246
266
360
320
424
458
482
538
464
380
342
426
484
382
568
574
586
556
438
402
396
296
318
214
222
258
322
350
326
228
242
194
310
258
252
266
306
304
298
308
296
398
360
352
448
538
564
536
450
398
414
484
416
436
482
502
404
428
516
448
474
708
670
606
600
660
712
688
546
710
806
830
840
862
706
672
738
634
740
700
742
802
668
630
542
516
548
660
724
702
718
652
686
646
734
732
570
538
466
496
518
450
324
300
256
292
290
202
124
188
106
198
278
230
182
260
202
192
238
302
334
360
316
176
184
238
214
316
350
300
398
404
486
676
728
744
766
738
816
718
688
774
728
704
734
766
832
832
916
962
920
942
952
914
770
798
752
714
824
820
756
796
862
812
796
802
852
878
804
710
708
642
574
498
398
402
500
590
506
442
466
344
354
274
320
376
244
174
142
184
120
26
48
28
100
10
62
82
122
64
14
38
68
26
14
8
66
14
28
104
94
68
94
32
26
28
46
80
166
304
300
194
280
242
326
436
450
512
494
492
436
376
336
296
212
198
166
210
110
56
142
198
264
168
138
2
56
238
292
230
176
232
142
46
22
92
32
28
74
78
144
160
24
36
64
54
140
220
276
330
300
360
376
320
248
278
292
318
216
194
264
366
412
354
368
354
358
410
390
288
260
232
332
438
362
476
584
622
606
542
546
574
546
562
690
746
860
880
862
754
794
766
660
694
666
680
682
692
786
808
770
846
756
742
836
816
844
880
788
916
826
926
884
878
724
754
766
772
682
612
618
462
578
638
686
806
808
836
942
1000
1064
1048
1038
1062
1080
1174
1082
1020
966
892
934
874
864
910
876
804
986
1092
1136
1100
1012
878
800
784
772
710
792
796
854
806
808
800
738
616
568
574
606
614
686
720
756
762
678
726
638
684
634
596
474
546
586
536
464
484
566
544
608
700
638
624
610
572
644
664
682
702
644
598
526
528
492
660
568
532
646
662
650
684
584
448
334
276
370
456
374
422
266
62
22
50
180
154
78
18
126
188
312
290
242
226
240
212
246
224
232
196
346
322
246
154
146
268
336
322
288
226
186
184
218
182
78
40
142
102
152
212
294
332
390
374
326
322
244
276
294
264
140
124
222
256
280
262
272
304
306
210
212
38
42
28
12
32
4
90
178
174
126
134
8
32
4
80
92
126
174
62
66
174
188
210
164
210
100
182
126
252
186
82
14
90
56
92
72
104
72
14
48
50
114
114
178
162
128
132
134
86
226
252
176
246
300
298
416
450
498
600
604
608
672
614
588
672
666
652
594
602
614
560
584
646
654
770
784
770
618
704
654
686
730
770
852
766
650
702
710
756
620
696
784
720
750
686
606
628
600
642
570
530
468
534
582
536
556
526
564
480
524
602
574
602
582
586
578
580
404
474
458
498
632
676
616
742
694
736
756
732
702
728
694
710
640
538
404
420
386
354
406
412
548
484
494
462
500
648
674
730
858
936
864
922
922
954
946
1022
1064
900
786
870
938
908
770
822
828
776
780
578
598
776
714
768
814
910
890
908
918
860
926
886
898
940
970
914
952
904
900
1000
858
794
954
880
772
804
956
926
824
868
1004
1142
1236
1180
1084
964
1028
1008
968
992
1004
902
830
940
838
882
878
868
872
790
740
746
788
660
580
562
520
742
720
806
888
994
1078
1062
1106
1044
954
996
1044
1002
992
940
952
1012
1196
1240
1276
1284
1374
1238
1262
1240
1254
1144
1232
1178
1074
914
924
856
998
988
1042
1034
1110
1210
1110
1146
1170
1054
1006
1010
1060
1156
1024
902
900
906
852
930
946
1078
898
860
936
1084
1064
1056
1040
1042
1026
856
796
642
694
674
636
620
480
356
250
328
236
172
134
170
172
200
158
118
246
280
224
190
172
128
154
84
200
172
66
104
170
20
94
66
10
16
74
118
302
362
316
330
394
284
306
314
296
190
194
208
208
196
120
188
224
336
256
362
296
300
456
496
412
424
606
528
520
446
404
306
108
118
272
330
402
316
344
322
290
404
530
424
374
322
356
310
352
218
244
188
234
274
196
204
322
414
380
328
198
206
170
224
182
196
2
24
180
86
60
4
18
8
20
8
150
132
144
92
124
186
274
302
404
370
354
410
538
500
476
434
526
502
562
640
764
702
796
816
858
884
804
710
780
732
690
728
830
988
1012
1008
1058
1120
1134
1122
1080
974
932
902
944
984
1032
1034
1000
1026
992
934
980
966
1030
980
1036
1130
1110
1044
1058
1002
1008
1138
1060
1052
936
958
908
920
838
948
916
1000
1040
998
1030
918
1030
1168
1164
1154
1126
1060
1080
1086
1114
1144
1126
1162
1198
1232
1196
1184
1142
1144
1170
1042
1054
1078
1076
978
1036
926
990
1012
968
830
702
758
802
754
836
922
844
878
986
1030
984
1052
978
954
1062
1006
870
926
720
784
662
752
740
732
658
782
876
850
776
814
900
856
870
824
794
760
730
780
688
748
792
812
844
950
950
1024
1038
972
1020
970
894
1002
928
832
888
868
938
980
1034
1052
998
944
1046
1018
1114
1134
1148
1054
1072
1140
1172
1090
1128
1200
1164
1330
1354
1330
1322
1256
1264
1114
1202
1108
1050
1024
862
812
880
876
906
884
968
1008
1060
1048
1124
980
922
798
786
718
604
670
668
718
612
696
562
602
618
570
520
490
506
598
566
526
588
680
566
436
506
502
476
484
452
558
600
616
544
426
348
304
220
204
174
188
256
220
144
92
66
20
168
240
390
358
286
266
286
346
354
276
348
258
346
254
332
436
470
416
428
502
534
490
580
604
666
724
652
656
686
648
666
624
658
684
668
724
722
872
952
830
876
748
712
746
714
698
696
650
628
638
600
544
484
426
478
420
366
206
202
202
264
274
368
296
292
300
308
350
286
294
262
242
206
358
414
402
442
586
458
518
418
226
292
260
230
356
334
300
234
328
350
406
296
172
174
154
210
238
276
318
344
320
350
354
324
298
180
230
214
236
288
288
264
292
292
308
202
154
58
80
184
258
188
222
146
194
238
172
272
276
342
182
182
176
224
72
228
314
294
178
324
314
306
320
184
102
148
156
132
88
6
56
6
36
60
54
12
22
6
68
16
28
24
40
44
4
6
24
26
180
234
212
248
296
220
168
132
64
168
292
196
270
284
204
234
278
178
154
220
180
84
136
132
144
192
184
136
228
290
252
268
236
102
142
112
214
76
78
4
40
64
54
72
34
70
66
188
208
344
268
186
118
210
224
196
82
150
238
118
130
74
202
126
114
174
172
130
188
246
246
244
282
282
392
248
288
222
244
240
104
178
160
96
198
200
222
218
226
298
216
276
254
196
284
218
346
400
484
506
504
490
484
486
484
408
460
494
492
484
482
364
338
262
210
118
30
0
58
76
182
180
182
116
108
188
174
8
74
54
48
122
202
82
20
32
90
44
18
80
248
156
320
342
286
292
306
260
232
226
122
194
282
338
332
284
356
448
466
480
502
494
562
582
562
550
666
614
698
632
692
618
626
596
610
534
526
518
498
414
374
296
316
212
174
176
200
216
294
430
312
304
294
268
316
468
446
368
270
356
362
438
350
358
432
418
504
558
658
530
528
482
494
492
448
468
446
402
328
450
390
474
424
414
458
540
428
456
534
392
386
442
512
440
472
392
342
400
256
282
416
378
336
302
298
390
348
320
490
486
516
544
586
574
472
416
588
530
568
654
662
544
506
470
578
574
692
800
752
660
610
508
540
436
454
454
366
358
348
322
258
394
332
246
318
388
308
296
192
128
196
316
316
436
300
352
412
292
346
274
376
392
328
334
440
514
520
502
476
452
432
446
450
384
456
510
518
560
644
730
806
854
878
900
712
758
802
842
844
710
626
712
788
788
864
910
942
954
852
768
788
778
722
686
544
530
466
526
398
380
352
282
388
444
450
476
488
514
490
502
530
586
606
622
612
660
678
656
688
684
536
522
598
516
526
418
398
378
504
598
532
600
626
590
672
788
762
774
802
818
898
846
946
784
750
746
812
860
726
672
756
580
638
618
706
614
630
704
572
522
532
610
544
506
538
422
494
434
418
396
274
220
164
146
180
216
174
150
188
220
72
80
238
266
234
304
414
386
268
346
340
346
320
246
286
288
280
426
434
544
614
662
590
654
646
682
752
778
790
872
870
864
940
824
830
912
918
958
1008
1070
1104
1140
1226
1264
1276
1342
1284
1200
1108
1142
1280
1120
1006
1022
1060
1092
1206
1252
1264
1338
1248
1230
1278
1276
1150
1254
1278
1336
1422
1532
1524
1492
1588
1588
1640
1604
1618
1574
1436
1438
1386
1272
1356
1438
1290
1280
1148
1138
1124
1112
1194
1266
1272
1152
1212
1334
1224
1146
1214
1244
1276
1276
1248
1170
1008
990
1070
1186
1220
1146
1164
1110
1104
1102
1094
978
962
1080
1092
1112
1046
1118
1004
1098
898
850
896
896
1000
972
952
1016
990
872
840
752
830
852
828
884
962
974
864
838
758
862
810
758
710
696
718
642
690
642
750
778
806
902
936
852
918
1078
1010
1044
962
938
932
928
920
904
878
902
802
818
822
728
618
644
554
564
522
470
366
478
582
602
496
434
384
294
300
236
148
26
34
48
100
152
178
86
100
176
310
410
476
374
388
510
464
528
542
504
426
410
