3608
3648
3634
3630
3602
3540
3478
3488
3442
3486
3458
3486
3502
3470
3396
3430
3530
3554
3478
3424
3422
3436
3444
3440
3490
3464
3490
3488
3494
3432
3486
3516
3526
3588
3576
3588
3582
3568
3530
3534
3532
3490
3526
3556
3548
3546
3560
3532
3538
3484
3482
3498
3480
3566
3542
3544
3652
3664
3606
3542
3564
3544
3554
3484
3486
3514
3524
3510
3476
3394
3510
3548
3516
3420
3430
3482
3514
3554
3568
3590
3648
3638
3600
3594
3544
3538
3522
3456
3474
3514
3510
3498
3470
3508
3608
3628
3590
3566
3648
3646
3624
3590
3524
3538
3498
3478
3580
3588
3520
3590
3592
3588
3602
3592
3612
3662
3626
3640
3608
3560
3626
3566
3558
3628
3602
3538
3536
3504
3560
3456
3436
3466
3520
3464
3452
3404
3426
3392
3456
3368
3408
3406
3496
3434
3460
3390
3342
3324
3446
3490
3510
3528
3502
3434
3386
3360
3406
3382
3396
3430
3420
3350
3382
3366
3344
3350
3418
3444
3482
3502
3494
3496
3512
3432
3422
3394
3342
3414
3448
3434
3454
3462
3522
3498
3478
3496
3490
3504
3500
3498
3544
3542
3562
3598
3540
3552
3490
3496
3484
3418
3484
3504
3466
3450
3458
3510
3530
3540
3526
3530
3578
3574
3672
3632
3588
3618
3558
3576
3542
3484
3470
3446
3424
3482
3468
3458
3460
3410
3454
3412
3426
3424
3418
3366
3344
3402
3398
3438
3464
3426
3426
3430
3418
3352
3386
3354
3444
3502
3510
3468
3464
3494
3542
3504
3522
3488
3550
3506
3510
3528
3510
3482
3488
3442
3548
3496
3496
3520
3566
3550
3558
3542
3456
3530
3492
3498
3548
3506
3506
3546
3512
3592
3488
3522
3600
3606
3554
3512
3524
3416
3442
3484
3528
3560
3558
3582
3644
3600
3592
3462
3476
3432
3456
3456
3372
3350
3354
3394
3416
3378
3360
3372
3318
3310
3348
3326
3360
3364
3382
3358
3338
3322
3316
3338
3414
3360
3396
3420
3390
3398
3444
3454
3478
3500
3564
3512
3490
3506
3570
3540
3558
3526
3554
3548
3600
3652
3654
3588
3532
3440
3416
3372
3392
3400
3424
3436
3494
3420
3460
3444
3494
3532
3492
3586
3574
3638
3564
3538
3588
3534
3518
3536
3522
3566
3568
3534
3462
3466
3590
3572
3518
3516
3468
3420
3442
3468
3484
3510
3482
3438
3556
3520
3516
3552
3566
3510
3510
3522
3488
3490
3492
3490
3412
3426
3476
3448
3424
3442
3428
3508
3412
3426
3416
3396
3490
3470
3482
3484
3476
3498
3564
3510
3432
3448
3392
3348
3270
3358
3350
3288
3374
3342
3268
3326
3360
3350
3366
3360
3354
3292
3310
3356
3308
3314
3406
3446
3410
3348
3284
3292
3284
3358
3322
3264
3294
3328
3304
3366
3296
3296
3358
3350
3348
3322
3370
3400
3424
3398
3298
3346
3308
3374
3314
3322
3334
3362
3276
3218
3324
3268
3274
3274
3246
3208
3272
3264
3344
3324
3306
3314
3378
3420
3462
3514
3520
3462
3492
3510
3556
3604
3544
3554
3512
3514
3500
3470
3486
3406
3444
3392
3422
3382
3472
3336
3358
3400
3352
3394
3476
3450
3414
3438
3514
3468
3476
3508
3492
3494
3564
3596
3572
3502
3454
3418
3450
3498
3492
3408
3390
3374
3378
3430
3448
3496
3476
3470
3420
3412
3400
3380
3392
3300
3320
3314
3376
3370
3406
3424
3436
3470
3456
3462
3410
3424
3508
3522
3502
3526
3544
3600
3602
3498
3536
3504
3450
3380
3324
3308
3290
3264
3316
3322
3352
3392
3466
3436
3362
3376
3406
3468
3422
3446
3430
3400
3454
3380
3354
3424
3408
3414
3438
3422
3412
3388
3394
3410
3416
3412
3456
3424
3380
3392
3414
3356
3352
3422
3374
3324
3310
3284
3318
3350
3308
3242
3276
3170
3182
3196
3112
3146
3110
3206
3178
3190
3118
3088
3180
3196
3254
3328
3354
3366
3352
3326
3306
3320
3292
3264
3212
3146
3086
3044
2970
3036
3064
3050
3020
2960
2910
2964
3118
3080
3122
3122
3088
3130
3192
3226
3238
3160
3048
3074
3108
3174
3238
3200
3158
3198
3188
3208
3170
3166
3242
3258
3234
3206
3208
3214
3194
3164
3154
3186
3196
3202
3234
3294
3328
3242
3296
3326
3354
3308
3284
3314
3362
3306
3394
3388
3430
3394
3374
3308
3272
3324
3322
3340
3406
3346
3280
3360
3316
3332
3344
3250
3262
3236
3258
3278
3246
3328
3416
3366
3354
3372
3376
3312
3302
3294
3252
3268
3206
3224
3190
3282
3292
3254
3300
3386
3330
3324
3314
3328
3378
3450
3350
3386
3376
3282
3300
3302
3334
3306
3334
3420
3332
3268
3186
3238
3260
3208
3206
3142
3126
3058
3076
3066
3104
3146
3100
3172
3134
3112
3144
3168
3142
3066
3116
3072
3182
3188
3138
3168
3126
3172
3198
3158
3178
3208
3202
3226
3244
3332
3370
3412
3420
3378
3430
3430
3468
3488
3446
3386
3402
3424
3430
3390
3350
3358
3376
3414
3392
3462
3542
3532
3532
3500
3472
3470
3454
3488
3460
3500
3424
3454
3494
3490
3456
3426
3420
3452
3476
3534
3550
3554
3516
3516
3498
3468
3422
3488
3470
3502
3504
3530
3498
3456
3462
3452
3394
3384
3460
3508
3486
3488
3548
3550
3518
3460
3514
3470
3534
3512
3546
3520
3532
3458
3482
3494
3424
3386
3362
3476
3490
3488
3472
3468
3428
3446
3446
3436
3392
3436
3462
3488
3454
3454
3418
3460
3440
3468
3500
3432
3396
3422
3454
3474
3476
3410
3356
3384
3382
3440
3386
3340
3374
3438
3406
3412
3386
3350
3348
3424
3464
3408
3434
3434
3522
3542
3556
3520
3456
3464
3476
3508
3528
3498
3536
3452
3514
3516
3470
3428
3410
3452
3420
3426
3442
3528
3498
3478
3482
3442
3376
3418
3386
3342
3420
3430
3452
3506
3550
3520
3512
3492
3542
3550
3524
3472
3460
3440
3402
3432
3452
3474
3472
3442
3510
3492
3478
3482
3518
3460
3472
3450
3474
3454
3424
3438
3470
3482
3436
3402
3416
3384
3382
3400
3410
3492
3502
3514
3484
3468
3546
3484
3420
3378
3426
3390
3324
3348
3368
3282
3310
3312
3238
3290
3266
3216
3138
3122
3116
3094
3104
3126
3186
3224
3202
3258
3300
3384
3524
3464
3484
3446
3442
3360
3336
3360
3364
3420
3412
3368
3420
3406
3418
3456
3454
3510
3558
3586
3598
3622
3678
3706
3678
3648
3654
3684
3708
3688
3680
3682
3706
3624
3684
3624
3626
3600
3604
3578
3590
3610
3504
3526
3446
3448
3466
3440
3428
3430
3332
3414
3432
3424
3396
3444
3476
3398
3322
3416
3422
3398
3392
3352
3346
3306
3306
3358
3270
3312
3318
3314
3312
3398
3390
3306
3292
3308
3290
3284
3262
3246
3180
3202
3124
3124
3132
3190
3132
3108
3092
3016
2922
2972
3026
3050
2964
2912
3020
2980
2954
3016
2940
2988
2958
2868
2844
2806
2898
2872
2830
2812
2798
2794
2808
2810
2810
2802
2722
2702
2676
2722
2768
2798
2820
2780
2774
2784
2794
2784
2798
2742
2748
2780
2780
2826
2858
2856
2860
2794
2788
2828
2754
2868
2912
2826
2786
2748
2714
2722
2708
2724
2664
2686
2652
2716
2796
2822
2804
2734
2710
2694
2696
2676
2644
2676
2692
2758
2736
2806
2818
2864
2840
2812
2870
2864
2820
2920
2892
2888
2888
2880
2898
2970
3026
2980
3054
3092
3020
3020
3018
2956
2922
3008
2976
2948
2970
3010
2986
2942
2966
2934
2888
2876
2930
2866
2842
2816
2846
2868
2840
2804
2886
2854
2850
2846
2804
2880
2852
2844
2832
2820
2870
2890
2870
2874
2950
2966
2936
2878
2888
2858
2900
2954
2978
2978
2924
2854
2874
2932
2910
2910
2924
2978
2982
2980
2936
2922
2844
2870
2900
2874
2906
2946
2878
2904
2900
2916
2914
2922
2832
2832
2806
2810
2796
2752
2754
2708
2644
2690
2680
2694
2694
2718
2784
2754
2758
2812
2840
2882
2942
2980
3028
3032
3008
3046
3090
3054
3020
2984
2994
3034
3040
2974
3014
3006
2970
2964
2962
2998
3010
3024
3020
2990
3016
3032
2986
2898
2894
2932
2942
3022
2950
2912
3014
2988
2918
2958
2918
2958
2980
2938
2948
2982
2878
2798
2800
2812
2746
2714
2724
2802
2700
2786
2736
2798
2818
2746
2704
2630
2578
2692
2762
2734
2776
2822
2828
2826
2770
2704
2712
2650
2710
2792
2754
2790
2834
2840
2758
2810
2772
2712
2742
2724
2724
2802
2778
2762
2826
2896
2808
2804
2796
2848
2788
2840
2784
2818
2664
2772
2660
2630
2532
2570
2568
2576
2610
2652
2598
2628
2586
2628
2624
2590
2602
2550
2498
2504
2526
2506
2414
2512
2512
2534
2606
2620
2574
2546
2496
2566
2584
2580
2558
2578
2534
2526
2500
2608
2614
2592
2634
2696
2718
2644
2684
2724
2786
2744
2790
2820
2770
2778
2802
2826
2846
2920
2886
2938
2950
2972
3004
2984
3072
3014
3010
3042
3102
3148
3174
3212
3188
3184
3148
3184
3124
3204
3142
3260
3268
3254
3308
3276
3216
3256
3198
3224
3280
3264
3308
3370
3366
3418
3408
3388
3350
3386
3416
3368
3352
3370
3248
3308
3310
3368
3322
3384
3342
3322
3338
3342
3400
3532
3478
3440
3432
3368
3400
3464
3482
3506
3552
3426
3402
3436
3454
3492
3428
3422
3420
3506
3464
3526
3520
3556
3564
3498
3470
3390
3452
3510
3460
3470
3384
3376
3390
3426
3478
3546
3520
3506
3568
3510
3464
3470
3478
3504
3526
3556
3512
3472
3506
3424
3414
3358
3324
3380
3306
3302
3256
3356
3340
3356
3330
3292
3362
3378
3394
3352
3332
3350
3404
3422
3428
3434
3376
3388
3370
3384
3428
3388
3376
3362
3394
3368
3278
3310
3332
3386
3394
3396
3336
3360
3332
3330
3352
3314
3326
3320
3298
3372
3392
3374
3348
3428
3430
3534
3550
3440
3464
3424
3438
3402
3394
3356
3376
3376
3370
3466
3486
3490
3478
3484
3482
3496
3398
3464
3484
3422
3444
3470
3524
3568
3486
3476
3422
3442
3408
3402
3380
3404
3360
3398
3400
3398
3440
3396
3378
3378
3450
3544
3394
3416
3380
3354
3398
3372
3366
3372
3344
3358
3370
3382
3414
3372
3400
3482
3440
3490
3466
3428
3480
3516
3420
3358
3386
3398
3418
3342
3330
3312
3318
3330
3332
3378
3350
3312
3432
3432
3442
3438
3476
3402
3388
3446
3334
3328
3340
3364
3328
3338
3378
3328
3396
3406
3448
3418
3430
3352
3400
3390
3440
3474
3460
3428
3478
3468
3560
3596
3610
3544
3572
3498
3586
3654
3590
3542
3516
3560
3534
3506
3510
3524
3552
3524
3466
3418
3504
3546
3536
3522
3438
3442
3500
3528
3574
3570
3522
3478
3474
3472
3384
3430
3458
3472
3466
3490
3566
3572
3544
3486
3542
3598
3548
3506
3522
3486
3460
3438
3420
3462
3344
3308
3326
3380
3396
3470
3488
3484
3422
3434
3542
3574
3558
3530
3472
3472
3510
3506
3462
3476
3494
3526
3574
3574
3548
3532
3492
3546
3548
3516
3436
3366
3308
3250
3194
3328
3378
3382
3332
3428
3370
3434
3400
3430
3438
3426
3408
3390
3430
3358
3374
3400
3418
3502
3468
3426
3490
3496
3528
3556
3488
3496
3524
3546
3498
3536
3496
3472
3460
3512
3496
3496
3570
3542
3548
3530
3564
3554
3480
3408
3340
3322
3304
3346
3240
3326
3382
3370
3406
3362
3364
3398
3416
3460
3380
3374
3318
3304
3380
3414
3408
3434
3506
3474
3526
3534
3486
3488
3436
3458
3376
3400
3410
3464
3498
3454
3426
3382
3466
3436
3478
3458
3434
3502
3544
3564
3584
3516
3528
3512
3512
3468
3396
3436
3466
3554
3486
3560
3520
3536
3492
3436
3444
3374
3392
3412
3424
3486
3494
3538
3530
3592
3584
3566
3568
3584
3622
3560
3562
3484
3428
3432
3490
3468
3516
3518
3448
3520
3514
3468
3450
3498
3432
3438
3544
3506
3498
3484
3554
3580
3506
3536
3506
3484
3466
3500
3522
3532
3494
3486
3520
3580
3534
3472
3440
3390
3302
3380
3386
3436
3374
3420
3432
3390
3424
3478
3404
3450
3540
3504
