6660
6696
6566
6566
6640
6642
6584
6652
6578
6552
6528
6480
6598
6550
6616
6584
6572
6544
6576
6586
6640
6586
6650
6542
6452
6386
6344
6362
6384
6208
6152
6124
6072
6192
6220
6254
6084
6094
6168
6076
6016
6096
6140
6086
6048
6040
6000
6070
5810
5916
5992
5910
5792
5912
5920
5992
5998
6128
6032
5954
5934
6058
6146
6052
6044
6066
6010
5932
5804
5724
5716
5720
5838
5746
5820
5914
6002
6078
6280
6326
6174
6206
6152
6238
6194
6196
6276
6262
6194
6290
6218
6134
6118
6148
6156
6218
6164
6170
6162
6246
6256
6296
6100
6066
6224
6204
6196
6216
6144
6256
6250
6314
6384
6306
6482
6556
6534
6450
6388
6364
6364
6350
6296
6510
6272
6302
6280
6286
6146
6132
6080
6224
6218
6240
6228
6176
6176
6174
6192
6138
6166
6170
6224
6224
6300
6270
6346
6408
6396
6564
6624
6612
6744
6798
6796
6758
6762
6712
6790
6760
6828
6830
6790
6788
6866
6842
6876
6810
6862
6872
6818
6812
6776
6770
6740
6850
6872
6872
6886
6824
6916
6980
6914
6848
6868
6896
6956
6922
6876
6854
6864
6858
6842
6818
6798
6722
6616
6672
6868
6956
6884
6880
6910
7034
6936
6940
6886
6852
6798
6976
6852
6782
6620
6512
6430
6456
6660
6540
6302
6410
6424
6520
6604
6542
6632
6584
6656
6640
6652
6606
6608
6512
6668
6714
6662
6602
6558
6510
6528
6454
6460
6486
6526
6604
6528
6370
6482
6360
6362
6426
6344
6368
6334
6368
6404
6408
6318
6346
6410
6346
6248
6288
6150
6126
6098
6076
6112
6120
6184
6154
6206
6134
6182
6186
6332
6324
6384
6304
6388
6470
6486
6476
6486
6666
6556
6492
6470
6450
6564
6632
6672
6666
6664
6722
6808
6750
6718
6726
6626
6690
6722
6512
6462
6470
6448
6558
6662
6668
6668
6720
6534
6496
6472
6434
6398
6382
6392
6460
6334
6266
6212
6124
6154
6130
6096
6206
6338
6338
6358
6220
6268
6462
6530
6546
6516
6602
6606
6480
6592
6584
6646
6558
6570
6574
6482
6438
6376
6292
6302
6314
6398
6442
6568
6302
6348
6416
6360
6202
6214
6300
6354
6358
6192
6218
6296
6326
6292
6360
6560
6332
6284
6412
6384
6454
6540
6542
6420
6330
6366
6392
6408
6406
6342
6348
6414
6452
6452
6434
6328
6340
6530
6522
6570
6424
6722
6724
6778
6812
6734
6668
6666
6800
6834
6850
6878
7038
7140
7214
7156
7284
7160
7126
7104
7134
7184
7296
7252
7230
7276
7256
7270
7260
7122
7204
7152
6952
6934
7028
7076
6958
6956
6950
6978
6968
7004
7026
7084
7110
7116
7152
7168
7298
7194
7146
7182
7158
7206
7024
6962
6922
6924
6944
6932
6884
6900
7054
7136
7164
7188
7244
7250
7236
7248
7264
7174
7224
7196
7122
7194
7092
7038
7046
7034
7070
7044
7172
7128
7084
7046
7126
7158
7096
7038
7012
7056
7048
6984
7024
6906
6934
7044
7116
6966
6978
6960
6984
7036
7070
7034
7124
7238
7248
7092
7092
7152
7122
7140
7108
7114
7192
7182
7278
7338
7340
7424
7300
7362
7300
7244
7064
6928
7028
7074
7122
7134
7022
7084
7150
7066
6980
6934
7000
7156
7218
7344
7266
7194
7046
7072
7036
7086
7130
7114
6946
7012
6966
7080
7092
7002
7012
6958
6982
6904
6860
7048
7034
7046
7166
7192
7314
7280
7362
7346
7350
7286
7214
7220
7164
7184
7150
7182
7156
7070
7080
7152
7168
7266
7260
7376
7408
7346
7486
7410
7436
7612
7600
7546
7616
7536
7444
7478
7340
7182
7296
7252
7218
7278
7356
7280
7258
7238
7166
7204
7286
7268
7276
7246
7262
7300
7326
7344
7336
7258
7316
7280
7292
7188
7232
7244
7248
7214
7306
7244
7266
7108
7158
7138
7124
7058
7070
7076
7122
7106
7064
7056
7182
7140
7190
7110
7026
7106
7120
7040
7186
7198
7228
7126
7032
7056
7116
7034
6986
6882
6804
6638
6670
6764
6876
6814
6826
6962
6788
6818
6742
6724
6754
6642
6672
6508
6546
6506
6498
6596
6678
6864
6814
6872
6740
6738
6674
6622
6690
6550
6598
6550
6610
6672
6686
6778
6674
6594
6614
6668
6648
6808
6760
6834
6926
6830
6858
6914
6986
6856
6666
6816
6864
6942
7074
6972
7016
7082
7088
7082
7088
6994
7016
7000
6950
6960
6982
6922
6952
6834
6798
6920
6958
6892
6834
6670
6686
6726
6766
6698
6614
6712
6702
6664
6616
6540
6698
6734
6840
6858
6874
6874
6792
6684
6508
6572
6538
6506
6614
6628
6618
6598
6670
6654
6656
6632
6554
6592
6482
6456
6508
6676
6842
6856
6908
6824
6782
6890
6774
6894
6970
6962
7054
7110
6984
7022
6984
7060
6938
6838
6936
6970
7004
6922
7014
7078
7042
7132
6972
7026
6906
6808
6926
6934
6910
6860
6778
6780
6720
6662
6840
6824
6910
6918
6848
6804
6900
6722
6782
6814
6778
6682
6666
6718
6718
6776
6748
6618
6710
6744
6860
6840
6752
6716
6944
6904
6950
6858
6844
6724
6728
6642
6678
6562
6522
6494
6394
6390
6296
6458
6522
6504
6402
6384
6180
6242
6346
6418
6520
6526
6454
6336
6484
6462
6440
6248
6376
6282
6382
6338
6334
6138
6286
6332
6362
6254
6390
6432
6534
6478
6442
6500
6472
6664
6684
6632
6570
6616
6654
6696
6656
6606
6612
6530
6614
6490
6552
6614
6546
6570
6560
6488
6424
6452
6564
6570
6508
6588
6628
6662
6724
6654
6692
6508
6586
6644
6746
6634
6552
6528
6470
6428
6528
6470
6520
6514
6488
6410
6542
6566
6558
6604
6590
6598
6534
6492
6560
6558
6528
6602
6450
6468
6404
6322
6358
6280
6352
6244
6252
6252
6238
6184
6180
6236
6250
6276
6174
6286
6254
6196
6088
6098
6178
6152
6232
6132
6090
5986
6068
6148
6078
6072
6018
6018
6046
6164
6230
6170
6134
6076
6136
6154
6154
6232
6258
6284
6286
6374
6272
6224
6366
6330
6230
6238
6236
6126
6046
6058
6164
6102
6074
6070
6120
6144
6256
6254
6214
6292
6314
6426
6370
6412
6134
6046
5968
5916
5914
5966
6082
6218
6156
6050
6100
6150
6206
6324
6208
6280
6168
6126
6130
6090
6076
6168
6072
6068
6240
6092
6168
6168
6210
6194
6204
6286
6302
6262
6286
6306
6208
6176
6204
6242
6376
6308
6268
6290
6228
6244
6116
6256
6238
6332
6270
6240
6192
6172
6284
6260
6236
6278
6322
6358
6318
6400
6436
6524
6530
6476
6334
6296
6250
6206
6094
5994
5922
5830
5938
6012
6070
5828
5868
5880
5792
5832
5784
5860
5746
5766
5834
5760
5746
5864
5794
5694
5784
5894
5972
6024
6040
6070
6092
6146
5974
5940
5954
5948
6090
5930
5956
5946
5902
6048
6096
6030
6026
6148
6280
6196
6308
6358
6344
6388
6368
6424
6482
6418
6512
6554
6502
6522
6622
6590
6482
6600
6636
6534
6648
6548
6440
6386
6322
6434
6452
6552
6558
6560
6568
6642
6640
6564
6584
6576
6644
6672
6604
6702
6528
6612
6566
6622
6544
6448
6634
6612
6584
6548
6450
6502
6522
6608
6476
6506
6650
6652
6698
6670
6540
6698
6710
6726
6732
6674
6666
6596
6688
6770
6720
6600
6544
6648
6566
6380
6414
6428
6346
6448
6370
6558
6602
6610
6612
6538
6378
6388
6422
6392
6334
6276
6210
6178
6156
6222
6352
6396
6276
6340
6360
6282
6458
6390
6438
6382
6390
6364
6430
6354
6386
6422
6506
6626
6744
6720
6728
6640
6718
6640
6596
6546
6510
6520
6606
6602
6634
6494
6434
6476
6382
6466
6424
6524
6484
6542
6502
6560
6546
6632
6604
6728
6782
6844
6958
6970
6942
6872
6848
6746
6958
6804
6738
6712
6728
6716
6730
6744
6818
6804
6744
6746
6672
6686
6554
6504
6440
6484
6520
6572
6552
6470
6482
6516
6466
6558
6520
6470
6448
6446
6546
6576
6700
6710
6654
6486
6570
6664
6502
6514
6594
6576
6596
6500
6454
6456
6482
6512
6432
6384
6426
6382
6452
6442
6518
6514
6420
6442
6514
6612
6678
6644
6704
6678
6490
6506
6582
6644
6564
6568
6550
6536
6460
6564
6620
6656
6606
6598
6640
6684
6724
6722
6720
6660
6758
6864
6870
6784
6888
6840
6848
6932
6792
6816
6704
6736
6874
6818
6928
6896
6990
6906
7090
7114
7092
7010
7018
7040
7172
7068
7078
7084
6966
7058
7012
6958
6896
6870
6872
6908
6870
6886
6856
6836
6746
6854
6780
6900
6870
6812
6850
6840
6918
7044
7110
7094
6928
6906
6950
6994
7092
6984
6922
6806
6732
6730
6746
6638
6648
6606
6598
6550
6490
6490
6454
6514
6598
6572
6450
6494
6512
6660
6698
6814
6798
6662
6782
6694
6656
6682
6702
6646
6790
6874
6886
6914
6902
6858
6848
6904
6886
6790
6778
6756
6836
6794
6814
6810
6844
6854
6984
6994
6900
6722
6706
6692
6566
6474
6450
6342
6372
6520
6416
6344
6326
6358
6356
6308
6162
6078
6052
6028
6132
6188
6370
6332
6284
6392
6460
6496
6462
6464
6524
6486
6556
6610
6560
6572
6464
6432
6436
6408
6412
6524
6374
6358
6280
6238
6294
6338
6342
6352
6246
6218
6268
6306
6216
6210
6182
6118
6160
6210
6240
6244
6328
6278
6284
6354
6342
6294
6232
6220
6194
6136
6214
6172
6052
5928
5852
5936
5898
5976
5802
5742
5740
5808
5732
5836
5892
5976
5904
5994
6056
6006
5988
5984
6104
6154
6212
6144
6118
6064
6098
6248
6184
6130
6176
6156
6174
6174
6142
6012
5972
6068
6008
5868
5886
6124
6116
6088
6038
6010
5916
5952
5910
5928
5846
5832
5758
5796
5840
5896
6042
5970
5780
5906
5796
5734
5654
5682
5684
5692
5742
5882
5898
6010
6018
6040
6108
6028
6146
6250
6254
6322
6428
6528
6552
6602
6506
6536
6586
6610
6438
6486
6432
6428
6482
6582
6784
6740
6730
6710
6718
6554
6470
6496
6682
6620
6682
6624
6656
6624
6660
6626
6688
6768
6700
6714
6834
6840
6724
6944
6882
6784
6768
6746
6710
6780
6814
6776
6776
6776
6830
6832
6874
6894
6996
6964
6852
6870
6902
6784
6752
6856
6720
6656
6698
6720
6754
6764
6896
6858
6718
6696
6664
6622
6818
6730
6660
6582
6598
6602
6566
6646
6588
6580
6560
6502
6446
6470
6486
6400
6306
6458
6394
6474
6382
6370
6360
6372
6504
6294
6222
6116
6098
6094
6122
6112
6236
6220
6198
6162
6160
6094
6094
5990
5948
5806
5848
5882
5902
5912
6018
5990
5868
5922
5928
5674
5680
5708
5774
5758
5688
5708
5740
5728
5690
5648
5604
5720
5768
5784
5722
5648
5672
5668
5720
5790
5788
5768
5734
5782
5770
5780
5782
5798
5748
5820
5810
5854
5752
5842
5876
5970
5950
5862
5964
5990
5978
6064
5994
6070
5972
5916
5854
5882
5990
6046
6108
6024
5990
6226
6096
6088
6108
6058
5996
6112
6200
6182
6154
6148
6228
6090
5990
6220
6256
6174
6116
6184
6186
6200
6214
6182
6236
6260
6220
6222
6248
6222
6188
6242
6240
6360
6392
6440
6400
6474
6356
6376
6382
6350
6412
6308
6358
6276
6324
6344
6266
6334
6412
6358
6322
6452
6500
6628
6612
6624
6602
6550
6518
6436
6622
6624
6456
6524
6406
6456
6420
6424
6330
6296
6252
6244
6188
6350
6434
6542
6550
6606
6470
6476
6468
6486
6472
6538
6628
6654
6722
6758
6704
6802
6752
6732
6768
6808
6842
6902
6968
7102
7206
7236
7232
7174
7198
7192
7122
7230
7184
7180
7106
7120
7214
7206
7240
7244
7190
7114
7092
7102
7044
6982
6972
6980
6840
6972
7028
7072
7016
6900
6830
6942
7018
6960
6934
6772
6760
6936
7004
7026
6910
6914
6928
6728
6784
6786
6740
6656
6718
6568
6580
6664
6728
6530
6524
6660
6626
6662
6604
6630
6662
6772
6662
6634
6676
6614
6594
6700
6816
6772
6862
6926
6992
7010
6942
6808
6800
6858
6854
6768
6848
6854
6776
6738
6920
7090
7132
7166
7208
7220
7252
7174
7204
7146
7086
7068
7078
7098
7072
7218
7220
7258
7242
7348
7214
7340
7350
7392
7410
7444
7466
