282
356
306
174
156
194
150
210
254
76
48
8
28
56
148
178
164
176
148
108
166
172
246
208
66
48
28
38
34
180
252
332
266
278
286
244
246
246
90
106
92
30
58
36
86
34
28
10
96
32
80
4
86
82
8
0
112
144
132
104
50
10
14
102
12
82
52
70
98
214
226
156
48
150
230
288
372
386
452
426
374
386
408
408
304
282
350
392
300
344
486
476
430
322
270
368
150
104
52
10
16
104
220
0
42
18
92
172
180
212
254
242
218
124
240
206
282
186
202
108
94
76
92
170
116
158
176
168
192
66
22
38
2
100
44
60
142
170
154
350
436
388
434
448
458
546
516
620
540
558
620
552
514
414
408
350
446
450
550
550
582
552
568
488
370
348
368
362
444
412
614
588
606
488
428
466
392
338
378
324
342
440
448
382
404
322
248
92
62
74
16
46
184
158
162
220
270
140
212
342
398
306
214
108
184
282
262
150
54
78
188
172
190
190
262
126
94
86
50
34
14
14
6
84
54
26
104
52
216
346
374
416
382
352
410
384
354
280
210
196
214
240
224
252
248
172
194
222
40
62
24
66
34
50
36
60
74
122
84
92
90
96
46
14
66
54
2
104
26
4
42
38
52
72
100
204
80
8
4
40
44
130
200
178
140
218
196
126
256
318
294
222
192
262
332
320
288
262
282
156
186
140
124
182
180
200
260
244
182
40
62
8
30
6
8
120
100
98
124
118
104
20
116
68
178
286
328
210
326
238
196
168
338
402
282
316
252
172
198
258
278
264
214
214
348
320
368
450
344
408
410
466
304
292
286
242
190
188
186
164
214
152
160
210
228
260
180
230
274
292
232
284
246
116
136
144
168
44
42
204
184
186
214
248
186
152
76
118
70
82
24
8
106
16
114
216
302
270
218
112
166
220
146
110
158
160
20
14
64
120
68
134
64
60
130
136
242
382
264
276
210
188
108
90
84
74
72
36
122
44
38
10
6
136
124
160
42
76
52
90
156
196
124
160
92
126
184
188
174
238
254
212
248
298
228
222
372
432
384
318
226
196
154
96
102
86
56
160
236
164
126
174
208
224
200
260
204
294
362
374
396
396
298
326
306
266
350
462
344
284
288
382
482
600
598
568
638
632
574
592
618
702
722
644
594
658
746
714
796
794
834
832
808
776
846
870
894
880
880
882
858
776
694
618
636
522
504
370
372
344
308
140
248
170
190
202
204
222
220
186
214
346
480
588
610
626
512
480
416
446
524
536
606
554
592
596
556
624
634
668
664
636
660
608
562
546
512
602
692
666
794
810
798
846
950
996
970
1018
1068
1124
1170
1194
1154
1242
1288
1156
1148
1216
1228
1238
1270
1258
1218
1286
1320
1306
1284
1158
1162
1118
1234
1234
1162
1092
1066
1030
1030
1168
1182
1126
1178
1134
1146
1138
1136
1140
1188
1210
1090
1058
998
920
1056
1032
906
700
670
660
636
624
664
690
586
638
748
740
722
640
608
452
446
418
382
382
472
518
430
456
350
400
306
260
228
288
324
352
336
342
398
460
338
436
436
484
444
628
394
394
436
524
602
582
578
512
510
490
470
480
600
664
666
674
628
688
590
546
624
540
516
498
546
552
444
350
280
300
200
164
62
46
68
18
90
106
152
152
212
164
102
122
54
72
184
188
170
68
158
60
176
184
232
274
286
288
290
326
272
352
204
102
82
162
256
112
138
168
232
242
184
218
142
70
122
130
132
250
354
338
314
328
362
322
332
192
82
108
172
240
270
228
168
170
232
84
12
38
4
76
84
24
62
46
134
26
98
104
152
96
100
70
98
136
30
38
32
12
10
56
208
276
346
448
462
564
568
558
606
560
472
470
584
484
572
556
528
448
548
510
654
724
838
824
768
860
894
760
694
722
848
1008
1098
1040
976
970
986
986
928
906
846
776
712
646
496
462
448
532
530
598
506
456
472
364
368
344
354
412
414
434
460
592
598
580
532
534
438
426
482
372
488
480
458
470
362
400
368
376
286
296
278
290
342
380
330
370
302
328
326
362
314
234
168
90
42
38
154
170
22
24
62
42
56
98
132
206
286
226
202
210
144
182
260
214
202
180
208
170
150
128
190
194
172
100
52
24
16
90
86
68
118
168
80
24
24
12
94
108
28
18
76
44
112
116
164
264
226
204
176
206
134
164
174
220
190
220
138
150
158
132
208
156
60
88
252
356
370
294
304
456
410
318
314
202
278
260
334
456
418
278
214
282
254
190
204
112
262
340
294
352
296
202
318
426
472
394
356
432
528
510
490
522
406
448
296
320
132
236
188
166
114
346
342
252
270
306
354
340
394
388
370
324
420
364
370
390
352
482
486
442
470
458
432
442
358
324
434
522
442
390
372
424
398
292
392
378
426
500
438
454
468
562
574
670
720
586
576
546
500
412
370
386
366
414
426
422
382
240
244
354
336
172
340
334
358
402
450
304
328
342
358
456
512
592
490
564
536
498
492
506
558
422
390
402
450
478
470
410
304
410
522
460
484
376
470
540
616
660
590
464
460
240
306
226
162
92
246
266
378
362
292
322
242
306
326
268
336
316
240
446
544
652
548
590
632
702
750
692
698
744
798
918
950
958
982
1034
930
934
882
812
810
818
898
870
918
842
722
782
784
788
752
772
794
748
784
782
796
882
926
960
994
1056
1066
1222
1174
1072
1096
1058
1078
1198
1224
1168
1170
1354
1272
1164
1128
1136
970
1072
994
844
864
816
716
742
772
734
608
588
640
782
694
736
828
870
798
842
752
732
770
782
718
698
726
684
722
724
632
510
526
430
378
292
298
284
310
420
388
284
312
414
376
376
310
256
194
230
88
130
102
36
8
196
250
258
220
226
202
194
278
362
342
306
296
280
258
276
404
458
508
384
292
344
196
220
342
482
460
442
478
374
324
218
214
208
224
320
352
376
326
138
154
162
168
162
272
288
202
284
240
314
212
232
210
232
150
110
168
256
220
292
288
250
148
50
98
22
38
62
22
16
66
18
4
52
20
38
74
0
110
78
212
250
186
176
154
160
110
56
30
124
90
58
16
22
12
70
88
104
112
164
144
240
274
388
362
484
422
370
342
450
488
648
746
678
750
872
916
900
888
898
978
930
992
932
948
882
928
1020
1004
1042
946
888
868
904
864
828
778
700
778
820
812
846
828
918
880
912
1038
1006
1158
1160
1264
1204
1178
1156
1276
1246
1266
1312
1200
1230
1300
1296
1280
1224
1268
1280
1380
1468
1470
1586
1588
1568
1602
1456
1500
1548
1602
1660
1768
1820
1782
1740
1652
1694
1554
1498
1504
1544
1570
1646
1778
1800
1724
1732
1636
1672
1714
1692
1724
1636
1594
1614
1578
1536
1484
1620
1540
1548
1572
1550
1704
1756
1650
1628
1548
1676
1692
1718
1704
1630
1528
1594
1638
1754
1784
1764
1646
1594
1696
1680
1756
1710
1808
1838
1894
1888
1864
1838
1870
1850
1780
1718
1736
1750
1742
1802
1810
1816
1804
1782
1664
1688
1706
1694
1644
1654
1680
1698
1768
1652
1560
1614
1644
1750
1806
1772
1732
1656
1664
1694
1684
1660
1594
1596
1582
1648
1628
1646
1602
1608
1610
1612
1564
1492
1544
1652
1710
1604
1622
1646
1696
1732
1760
1680
1764
1814
1740
1790
1764
1746
1764
1874
1842
1810
1786
1800
1720
1608
1626
1626
1620
1550
1524
1516
1492
1434
1478
1440
1416
1436
1422
1348
1378
1406
1332
1252
1202
1168
1216
1208
1306
1284
1324
1248
1250
1278
1264
1178
1184
1126
1050
978
868
958
968
918
862
888
972
980
1004
956
918
888
866
990
946
958
980
1112
1188
1286
1434
1460
1456
1396
1300
1290
1296
1292
1248
1154
1152
1052
1032
1088
1070
1020
1092
1042
996
1080
1094
1180
1208
1240
1200
1228
1200
1248
1290
1334
1310
1222
1148
1274
1268
1242
1198
1156
1218
1206
1162
1176
1116
1044
968
904
916
784
758
766
778
600
566
630
520
566
636
710
682
686
690
646
652
682
758
806
798
778
648
644
520
498
648
676
638
526
490
490
518
392
382
314
426
460
554
588
634
514
644
530
462
532
532
510
428
408
358
336
304
354
356
340
274
180
204
260
366
418
398
424
390
434
462
478
522
596
582
658
530
586
526
604
754
678
592
554
634
796
840
792
766
798
894
912
834
954
926
928
934
1028
1086
1128
1100
1112
992
906
1020
1044
952
1074
994
918
930
886
828
778
656
652
578
584
574
538
554
512
650
650
658
672
624
590
618
660
596
614
568
632
616
538
586
656
694
576
564
594
662
538
582
530
318
402
468
478
550
432
542
538
542
382
466
492
482
410
458
570
524
540
490
520
464
472
460
598
572
498
614
596
490
458
544
592
634
760
672
564
576
586
644
538
526
696
746
682
644
564
596
464
500
420
580
678
798
746
706
704
640
678
662
608
634
754
664
654
666
580
628
546
518
510
580
702
726
656
614
594
650
610
576
640
586
582
490
612
624
676
488
324
340
166
214
204
250
374
410
422
518
456
436
548
564
514
558
558
568
626
602
628
688
794
754
758
732
642
646
644
728
698
734
752
708
714
740
732
786
734
666
742
806
760
892
856
928
980
1020
1062
1062
1206
1140
1180
1168
1148
1202
1172
1242
1244
1132
1088
1072
988
870
814
870
810
866
836
834
964
978
950
846
844
880
956
828
898
786
640
602
634
608
694
766
734
724
832
774
624
680
788
814
880
778
634
604
714
662
656
750
688
582
594
628
606
548
550
546
510
500
476
602
614
464
546
380
308
340
286
318
250
236
258
286
370
448
470
504
452
408
390
