84
108
56
116
116
162
152
160
166
172
144
94
78
92
96
44
16
70
56
138
184
156
140
186
206
188
206
220
222
186
232
220
222
270
262
274
222
298
286
300
316
284
234
294
346
336
306
376
374
394
380
404
424
384
390
388
362
390
368
376
330
328
306
278
316
286
282
280
306
288
292
276
278
264
246
218
164
174
192
246
286
260
256
252
258
262
236
290
234
238
264
234
260
306
322
308
328
354
300
300
328
348
376
390
370
418
370
356
326
278
280
280
294
308
320
286
262
208
282
272
154
150
164
188
204
186
136
138
182
182
182
182
166
188
198
200
216
192
182
172
150
160
156
108
158
214
232
234
204
230
224
246
240
232
222
238
198
188
218
192
144
144
202
204
190
226
238
254
252
300
228
168
182
208
168
196
252
248
244
252
236
194
202
182
124
178
234
154
148
156
110
136
166
212
168
248
276
284
320
330
362
358
346
308
308
302
266
318
274
318
264
272
280
306
276
214
234
260
270
222
208
154
176
188
202
192
166
168
310
308
358
396
430
494
482
442
434
466
460
436
412
390
370
398
440
462
428
350
374
388
388
356
354
404
386
358
386
356
354
270
312
314
372
388
364
414
358
376
412
410
420
416
458
472
484
480
476
420
466
492
450
436
470
490
474
492
430
396
382
384
300
252
234
220
164
186
194
188
222
210
230
184
144
170
212
242
262
248
210
218
266
330
356
286
238
272
192
154
130
164
162
106
108
98
94
114
88
74
74
54
56
38
48
68
70
34
36
82
68
88
38
4
8
24
18
56
26
14
28
24
20
30
60
126
98
94
112
114
164
204
170
168
230
242
192
138
130
206
166
212
250
236
182
222
244
270
270
326
346
326
346
392
382
352
342
370
336
362
330
266
308
344
320
264
314
304
290
258
166
148
112
136
146
170
144
126
182
142
142
178
150
106
88
124
46
46
60
4
70
18
2
12
54
20
60
118
108
66
24
14
28
58
42
50
54
56
26
72
76
92
92
148
208
236
240
204
242
218
212
234
192
216
224
252
188
160
196
198
190
166
96
94
68
82
88
84
48
58
10
14
64
20
14
30
46
46
14
40
58
2
18
42
44
66
40
14
6
10
48
18
6
2
14
58
48
98
82
74
74
62
128
154
146
170
228
290
262
222
204
132
136
130
118
124
88
112
138
132
144
140
150
136
232
230
228
246
264
292
314
294
356
320
352
364
380
380
330
280
234
226
192
148
168
160
142
186
178
190
236
258
258
270
210
244
224
190
256
260
194
206
242
286
302
368
440
390
460
462
416
404
420
418
408
388
342
330
374
410
360
330
348
352
336
350
408
366
406
322
346
332
330
270
280
270
280
202
226
184
82
178
174
192
188
166
158
158
120
98
134
138
148
202
230
170
214
142
92
86
92
148
146
182
138
56
72
52
22
6
68
66
74
120
118
158
94
98
84
104
100
124
154
110
114
134
116
80
52
116
96
54
40
24
40
12
50
90
110
140
192
228
222
234
270
278
334
344
304
366
362
380
392
366
354
388
404
350
322
362
350
360
362
306
254
292
284
278
292
334
276
288
268
270
298
278
242
252
276
290
286
284
258
304
280
324
358
344
328
374
376
336
288
270
276
298
292
278
270
194
196
190
224
234
218
252
200
236
216
228
218
262
264
250
246
268
242
230
236
252
250
254
290
290
322
328
284
366
434
368
368
360
336
352
340
340
382
336
410
388
408
392
464
446
462
386
448
446
420
466
466
480
520
560
574
608
640
558
516
536
576
564
546
540
512
532
510
544
550
540
560
558
542
544
614
574
554
616
574
566
530
546
516
490
472
486
432
368
390
318
330
348
322
330
404
450
428
424
410
412
438
436
448
470
466
460
472
486
474
498
526
494
486
526
552
518
526
570
554
548
512
516
504
482
528
528
544
536
592
600
602
582
598
562
536
554
604
600
604
680
680
638
552
562
650
674
680
706
678
682
618
660
646
588
576
564
522
504
480
462
442
430
450
448
436
474
460
448
448
496
474
454
426
420
434
436
404
410
428
434
466
480
464
438
440
374
362
364
338
312
276
274
234
252
250
272
254
208
224
210
218
150
172
226
230
250
210
218
214
188
200
182
188
184
182
198
218
268
254
234
228
238
210
236
268
270
280
288
266
254
236
252
208
180
192
178
156
180
238
226
222
164
172
214
268
222
216
214
276
210
176
188
242
220
222
286
278
320
284
274
290
314
294
322
350
344
390
448
544
544
566
564
536
482
440
448
520
504
450
424
434
476
394
328
340
410
426
422
408
376
366
344
384
384
396
388
372
354
358
416
454
424
412
396
400
320
290
290
240
260
286
298
332
268
268
286
244
212
208
272
262
258
274
236
220
242
278
264
228
242
246
218
272
256
278
296
282
270
240
294
358
340
360
346
272
252
226
256
218
222
226
242
298
298
276
296
308
314
304
320
322
356
356
352
396
394
332
344
290
284
250
228
254
222
294
330
336
350
368
352
368
376
378
376
356
368
360
352
302
356
336
340
342
396
360
376
360
370
408
436
420
440
390
410
390
406
386
380
418
438
418
424
462
506
486
486
440
452
500
520
494
524
484
444
474
462
518
544
566
594
610
606
558
586
624
582
526
546
580
644
666
684
674
678
654
614
634
558
576
578
604
622
636
654
592
572
590
580
598
590
602
610
558
562
570
526
540
510
490
504
486
456
444
412
428
404
460
484
464
472
472
476
480
512
512
524
492
494
516
568
522
608
554
562
538
558
560
548
500
474
482
456
458
416
422
428
354
350
338
394
344
310
328
406
476
472
456
416
426
382
386
390
412
376
358
352
296
336
344
372
348
384
374
436
382
422
464
468
444
392
356
392
392
344
362
338
296
240
276
258
290
318
326
354
358
460
476
484
478
502
548
538
462
442
442
412
374
464
444
488
522
516
514
524
586
478
538
564
616
568
566
554
552
534
510
538
514
564
536
538
486
480
478
380
434
366
402
384
404
412
452
474
412
382
392
350
382
422
392
394
430
464
468
498
502
492
466
454
364
368
356
348
392
416
432
404
382
452
396
460
494
464
468
406
460
432
420
424
396
394
340
274
372
362
376
392
410
428
394
382
394
390
360
340
346
320
382
324
438
448
454
512
428
464
484
516
494
538
550
494
530
488
476
452
444
470
432
440
484
472
472
472
400
378
384
422
422
480
506
480
446
468
444
382
398
392
390
390
376
428
392
434
464
470
440
476
500
494
496
456
446
482
456
454
410
442
452
452
432
436
440
488
492
480
466
468
538
572
582
574
594
610
602
572
530
530
488
470
408
430
354
312
376
356
340
296
344
330
328
338
326
292
292
252
284
258
290
294
304
310
292
248
252
230
184
162
152
188
150
142
118
86
34
58
106
126
148
134
116
156
148
168
212
172
224
232
230
250
210
218
244
234
264
254
248
290
278
270
242
282
232
170
166
144
140
156
186
148
160
138
102
144
114
158
214
240
206
232
222
182
188
296
264
260
164
132
174
198
196
208
240
232
182
160
216
182
174
216
270
244
154
152
154
150
132
88
68
26
90
122
142
122
92
18
16
28
2
26
50
44
40
94
52
42
134
120
110
132
148
80
72
86
102
148
186
176
188
158
218
218
280
302
330
350
324
346
358
380
340
360
354
358
400
466
486
528
500
550
550
538
486
478
470
538
532
620
630
646
628
608
614
662
698
672
652
618
672
686
720
696
654
616
618
640
626
584
616
592
574
538
472
416
372
314
312
268
304
302
260
328
300
292
266
258
268
278
244
272
290
322
266
304
324
288
326
276
272
240
204
244
240
268
224
244
222
154
154
164
192
178
226
250
296
294
322
290
292
316
240
258
202
170
214
212
190
248
282
232
308
270
328
332
308
304
316
296
272
200
222
288
400
414
494
518
512
478
454
428
410
352
348
404
386
394
362
348
352
316
296
324
308
358
414
400
374
386
426
366
396
376
324
300
262
262
254
240
224
186
208
198
244
312
306
280
262
298
330
340
354
340
326
400
412
350
376
390
434
370
346
316
282
284
288
206
180
134
196
160
180
218
146
170
178
244
222
200
200
200
224
244
312
332
364
304
248
238
192
216
256
276
266
300
220
272
276
268
236
200
220
256
240
230
216
212
224
210
234
322
264
322
352
354
286
258
310
304
308
286
252
182
246
270
294
242
236
254
222
204
188
246
278
258
248
276
254
256
338
378
352
378
386
356
376
326
316
282
274
238
202
184
196
224
264
250
250
220
228
208
216
248
216
174
172
148
144
152
180
118
48
50
74
100
110
110
68
6
14
4
44
46
28
62
58
48
96
126
112
102
76
102
88
106
132
126
116
152
112
36
48
44
50
76
128
136
116
100
78
10
24
26
20
26
0
20
26
26
6
52
0
24
32
106
86
96
68
32
2
8
10
36
34
8
14
12
38
2
12
12
6
34
76
88
158
184
176
156
188
194
236
224
184
176
188
126
168
210
162
140
158
196
224
274
192
214
150
164
158
164
166
142
104
64
44
72
72
112
102
106
146
62
96
96
