2660
2668
2648
2770
2860
2874
2870
2834
2828
2804
2756
2794
2890
2808
2754
2810
2766
2664
2716
2778
2794
2770
2844
2900
2922
2964
3066
3008
3000
2968
2942
3052
3068
3066
3022
3044
2998
2918
2938
2940
2838
2840
2876
2878
2920
2962
3038
3080
2954
3022
3036
3070
2974
2976
3018
3042
3000
3020
2998
2960
3024
3012
3036
2960
3068
3054
3132
3122
3116
3056
3132
3098
3044
3076
3086
2940
2940
2932
3052
3128
3098
3152
3146
3160
3108
3058
3092
3156
3136
3144
3194
3106
3154
3184
3174
3112
3150
3200
3222
3144
3152
3034
3010
2984
2920
2938
3012
2886
2998
2952
3058
3086
2998
3068
3044
3006
2892
2876
2910
2904
2902
2860
2926
2966
2988
2948
2982
2972
2988
2982
2946
3030
2982
3052
3062
3002
3046
3058
3068
3094
3014
3068
2986
2964
3076
3020
3026
3092
3082
3070
3022
2908
3006
3066
3006
3026
3068
3096
3118
3140
3172
3134
3130
3090
3132
3104
3136
3154
3152
3122
3016
3032
2988
3016
3046
3108
3070
3150
3166
3138
3120
3084
3048
3076
3060
3092
3100
3104
3100
3016
3064
3078
3064
3056
2990
2980
2992
3000
2988
2920
2960
2942
2880
2900
2950
2966
3036
3034
3030
3030
3084
3052
3068
3002
3038
3046
3060
3014
2936
2802
2776
2808
2896
2836
2808
2846
2938
2876
2948
2920
2842
2880
2876
2818
2834
2900
2924
2804
2794
2814
2842
2824
2886
2874
2876
2840
2844
2868
2982
2910
2954
3002
2986
2944
2970
2974
3030
3060
3098
3172
3200
3222
3284
3296
3282
3258
3262
3204
3180
3236
3254
3310
3336
3344
3350
3344
3272
3284
3280
3314
3298
3332
3352
3310
3370
3342
3340
3336
3282
3354
3298
3310
3362
3404
3372
3296
3318
3358
3414
3358
3390
3414
3362
3304
3268
3214
3242
3256
3284
3356
3404
3396
3372
3320
3254
3336
3324
3290
3288
3334
3306
3352
3346
3294
3256
3170
3092
3168
3282
3268
3192
3112
3068
3142
3170
3238
3152
3220
3176
3168
3220
3228
3224
3280
3302
3262
3272
3214
3316
3400
3358
3294
3254
3302
3320
3258
3230
3224
3196
3206
3344
3300
3216
3274
3356
3382
3384
3420
3328
3290
3316
3258
3206
3190
3206
3294
3290
3258
3190
3228
3294
3362
3392
3386
3464
3400
3416
3438
3404
3376
3282
3320
3304
3322
3264
3298
3304
3326
3402
3402
3476
3474
3470
3430
3390
3368
3314
3386
3366
3366
3312
3240
3272
3326
3344
3318
3238
3280
3306
3324
3416
3424
3400
3276
3180
3106
3016
3038
3044
3014
3028
2926
2894
2920
2928
3004
3022
3048
3064
3038
3044
2950
2852
2760
2816
2932
2896
2862
2856
2824
2920
2966
2976
3090
3098
3100
3030
3064
3078
3084
3102
3134
3166
3176
3190
3190
3326
3290
3224
3234
3224
3272
3298
3216
3238
3226
3186
3164
3176
3142
3236
3266
3248
3252
3338
3240
3244
3284
3260
3190
3212
3200
3148
3146
3154
3096
3118
3102
3068
3118
3188
3250
3184
3190
3234
3240
3286
3240
3272
3258
3186
3188
3142
3122
3106
3048
3060
3148
3098
3066
3074
3064
3224
3178
3272
3256
3276
3314
3344
3268
3204
3258
3306
3300
3300
3292
3326
3318
3306
3282
3234
3190
3248
3254
3244
3196
3146
3184
3190
3208
3120
3172
3226
3216
3274
3180
3154
3116
3110
3148
3134
3164
3178
3092
3108
3040
3016
3056
3122
3062
3004
3010
3060
2956
2932
2972
2964
2962
2964
2948
2906
2894
2896
2754
2874
2864
2932
2908
2888
2970
2918
2962
2962
2862
2840
2938
2866
2834
2858
2910
2930
2858
2860
2856
2814
2902
2960
3024
3020
3012
3064
2988
3026
3042
3138
3144
3176
3202
3070
3042
3126
3180
3212
3270
3392
3378
3432
3338
3346
3408
3384
3394
3338
3270
3260
3272
3286
3296
3310
3306
3322
3300
3290
3318
3354
3420
3476
3478
3520
3456
3418
3366
3422
3422
3368
3326
3348
3312
3328
3312
3372
3318
3248
3258
3312
3324
3376
3354
3370
3370
3328
3336
3414
3424
3468
3506
3392
3414
3440
3404
3414
3370
3354
3370
3372
3460
3402
3416
3408
3372
3362
3360
3286
3410
3354
3380
3330
3318
3310
3306
3296
3298
3296
3368
3258
3262
3222
3284
3244
3316
3292
3288
3256
3198
3224
3182
3178
3220
3238
3244
3206
3140
3116
3190
3186
3180
3192
3188
3120
3156
3108
3076
2912
2864
2878
2870
2800
2780
2808
2742
2754
2786
2734
2758
2782
2780
2818
2868
2852
2874
2822
2862
2932
2936
3004
2906
2914
2966
3070
3060
3040
2982
2992
3062
3058
3056
3098
3186
3150
3116
3070
3022
3020
3124
3220
3230
3222
3252
3294
3344
3330
3284
3234
3222
3276
3262
3222
3246
3264
3238
3200
3160
3316
3212
3200
3184
3154
3178
3192
3220
3202
3304
3252
3232
3204
3234
3204
3230
3264
3260
3240
3240
3160
3214
3196
3242
3210
3186
3238
3212
3272
3240
3212
3194
3238
3304
3298
3268
3188
3246
3240
3208
3186
3198
3222
3176
3212
3264
3290
3246
3208
3156
3088
3016
3030
3052
3008
2986
3030
3020
3050
3022
3000
2894
2946
2978
3028
2992
2948
2910
2900
2910
2958
2952
2904
2954
2944
3020
2962
3038
3076
2996
3032
3066
3124
3088
3148
3072
3074
3142
3114
3206
3218
3288
3206
3194
3230
3198
3148
3138
3184
3178
3210
3128
3210
3144
3168
3126
2994
3018
3018
3082
3030
3008
2974
2956
2982
2868
2882
2892
2970
2940
2928
2984
2908
2870
2924
2930
2998
3022
3000
2976
2924
2974
3008
3064
3054
3102
3106
3092
3118
3030
3018
2958
2924
2894
2982
3044
3104
3112
3116
3138
3074
3052
3078
3092
3064
3070
3052
3032
3076
3030
3050
3064
3102
3128
3146
3156
3080
3142
3152
3096
3022
3006
2944
2978
3062
3032
2996
3108
3084
3156
3200
3216
3234
3304
3320
3272
3206
3242
3228
3186
3214
3200
3208
3342
3376
3338
3308
3300
3294
3300
3334
3324
3272
3198
3224
3206
3162
3172
3204
3232
3318
3274
3294
3304
3338
3282
3280
3258
3320
3308
3342
3382
3338
3304
3324
3374
3416
3406
3378
3400
3344
3294
3364
3310
3324
3314
3264
3310
3300
3262
3272
3282
3312
3296
3328
3312
3248
3298
3312
3334
3378
3452
3340
3366
3442
3486
3454
3404
3402
3282
3278
3300
3306
3238
3254
3264
3328
3348
3288
3234
3252
3352
3294
3404
3372
3258
3204
3240
3232
3206
3290
3322
3288
3296
3304
3328
3348
3304
3318
3334
3238
3232
3260
3322
3222
3276
3254
3240
3234
3234
3292
3300
3250
3248
3182
3136
3194
3190
3172
3202
3226
3186
3112
3014
3058
3026
3122
3122
3066
3082
3010
3028
3050
3066
3112
3036
2980
2960
2924
2872
2846
2846
2936
2916
2948
2898
2942
2896
2904
2942
2954
2974
3040
3020
2992
2936
2906
2934
2992
3010
3002
3004
3064
3068
3132
3140
3036
3028
2982
2990
3032
2966
2968
3064
3044
3000
2990
3044
3030
2950
3110
3152
3190
3206
3198
3110
3152
3056
3036
2982
2944
2964
3012
3060
3174
3112
3126
3162
3134
3120
3100
3112
3104
3062
2996
3010
3040
3006
3044
2934
2976
2974
3016
3032
2902
2916
2886
2924
2928
2874
2798
2712
2758
2652
2598
2664
2716
2774
2784
2804
2898
2838
2874
2866
2828
2774
2768
2810
2754
2742
2730
2754
2800
2768
2788
2774
2734
2772
2802
2726
2718
2720
2692
2682
2664
2670
2650
2594
2484
2490
2472
2486
2510
2524
2526
2390
2446
2482
2524
2482
2534
2520
2434
2414
2342
2374
2382
2410
2420
2474
2462
2510
2466
2504
2492
2458
2394
2444
2470
2494
2434
2442
2450
2492
2438
2480
2462
2510
2616
2574
2568
2660
2646
2596
2578
2538
2542
2500
2434
2456
2468
2530
2544
2538
2460
2502
2558
2586
2636
2670
2610
2586
2692
2654
2610
2656
2608
2660
2714
2670
2656
2640
2604
2612
2568
2596
2650
2626
2558
2542
2534
2570
2526
2482
2504
2440
2472
2432
2462
2502
2546
2454
2460
2358
2410
2428
2418
2436
2520
2596
2534
2544
2492
2520
2444
2522
2482
2388
2476
2528
2490
2462
2500
2464
2476
2446
2476
2558
2598
2558
2544
2516
2476
2518
2582
2498
2424
2528
2566
2608
2600
2618
2592
2608
2662
2674
2644
2720
2784
2796
2868
2778
2830
2826
2804
2698
2652
2566
2590
2550
2526
2556
2578
2592
2666
2614
2576
2558
2574
2556
2626
2562
2584
2548
2572
2566
2674
2644
2644
2652
2566
2554
2608
2614
2632
2664
2634
2632
2662
2712
2674
2704
2700
2822
2822
2784
2698
2690
2758
2770
2754
2772
2752
2740
2822
2834
2894
2866
2888
2880
2890
2892
2834
2880
2834
2844
2918
2874
2768
2738
2882
2906
2856
2914
3018
2916
2934
2868
2880
2816
2804
2832
2780
2782
2786
2858
2930
2910
2796
2794
2816
2814
2770
2750
2866
2876
2762
2748
2810
2794
2866
2882
2784
2756
2710
2674
2748
2700
2788
2794
2788
2784
2726
2750
2696
2756
2764
2742
2838
2858
2842
2844
2950
2916
2898
2926
2912
2986
3050
2954
2944
2958
2952
2886
2942
2954
3010
2992
2996
3006
3008
3106
3194
3194
3252
3268
3166
3182
3168
3124
3164
3210
3168
3146
3198
3176
3132
3114
3068
3032
3034
3020
3084
3140
3160
3188
3182
3180
3166
3186
3122
3040
3018
3044
3094
3096
3216
3236
3262
3230
3298
3306
3156
3156
3106
3156
3194
3198
3084
3118
3122
3198
3258
3230
3220
3206
3122
3096
3180
3246
3230
3272
3216
3216
3208
3276
3240
3256
3240
3278
3206
3140
3154
3156
3106
3082
3046
2992
3018
3080
3138
3116
3150
3182
3178
3162
3110
3220
3256
3248
3274
3248
3138
3072
3066
3118
3094
3122
2948
2956
2938
2872
2980
2992
2920
2994
3006
2996
2986
2916
2942
2904
2886
2874
2972
2846
2808
2852
2912
2888
2922
2880
2916
2874
2856
2890
2868
2914
2810
2806
2742
2764
2738
2710
2800
2794
2864
2852
2888
2980
2962
2886
2904
2884
2908
2918
2974
2940
3070
3012
3040
3006
2962
2968
2982
3034
2996
2946
2920
2986
2968
2940
2972
2952
2990
2890
2984
3032
3030
3084
2982
3018
3142
3174
3108
3152
3128
3130
3086
3108
3078
3018
3076
3140
3100
3064
3022
3012
2968
3046
2928
3000
3010
2992
2920
2932
2934
2902
3024
3030
3076
3118
3122
3044
3016
3104
3138
3160
3142
3178
3172
3200
3144
3160
3126
3262
3260
3238
3234
3318
3292
3246
3174
3066
3208
3130
3160
3102
3024
3000
3044
3106
3088
3074
3026
3054
3028
2956
2912
2864
2826
2804
2868
2846
2882
2958
2946
3014
3080
3084
3088
3134
3038
3088
3044
3100
3150
3188
3248
3230
3208
3316
3370
3314
3258
3242
3240
3268
3316
3334
3298
3352
3318
3266
3188
3166
3072
3114
3192
3190
3262
3246
3168
3132
3124
3144
3126
3136
3204
3202
3168
3156
3148
3172
3154
3110
3060
3032
3066
3064
3146
3166
3108
3100
3134
3116
3102
3034
3072
2984
2988
2946
2922
3024
3004
2972
2972
2988
2844
2822
2858
2842
2864
2904
2920
2968
3008
3028
3060
3104
3072
3080
3058
3064
3122
3084
3072
3122
3026
3026
3052
3076
3074
3106
3108
3032
2982
2974
2888
2860
2848
2886
2790
2716
2756
2784
2834
2914
2918
2992
2986
3002
3058
3086
3074
3050
2990
3000
2912
2882
2936
2876
2776
2786
2744
2682
2762
2758
2816
2808
2808
2862
2826
2846
2880
2912
2950
2988
3002
2956
2940
2926
2942
2868
2962
2980
3004
3052
3018
2976
2982
2942
3088
3070
3068
2950
2890
2878
2898
2890
3000
3026
2936
2850
2774
2826
2862
2958
2976
2846
2838
2872
2966
2994
2934
2976
3036
3032
3042
3028
3000
2956
3052
3022
3034
3096
3076
3032
3048
2936
2846
2800
2790
2832
2878
2884
2936
2924
2984
3056
3106
3122
3102
3048
3036
2976
2888
2978
3014
3006
2988
2984
2958
2972
2958
2982
2954
2880
2944
2892
2812
2882
2954
2874
2980
3070
3036
2996
