362
448
514
474
436
336
416
256
212
298
136
92
12
108
18
72
156
390
404
498
482
398
412
454
474
602
604
574
676
702
824
774
960
912
1014
864
1010
982
960
1042
930
928
802
712
686
650
428
290
428
358
316
344
324
342
430
512
326
416
586
620
808
648
686
752
670
730
786
762
888
848
754
760
738
594
516
426
332
298
462
514
374
228
338
308
374
496
332
450
474
394
424
402
500
506
526
548
582
444
450
562
686
530
694
674
646
760
682
558
492
480
530
558
490
480
328
400
494
436
508
450
324
410
422
436
422
270
336
422
212
100
316
400
70
54
106
52
88
232
192
240
354
366
224
252
236
334
366
408
496
510
576
442
358
374
490
454
526
600
706
766
744
562
670
600
466
384
294
36
222
260
308
344
284
2
206
154
20
74
120
280
378
230
114
190
382
276
402
444
416
534
714
730
576
474
498
488
494
244
280
388
446
264
312
322
338
382
296
126
20
50
18
4
200
144
140
216
298
378
462
582
520
400
518
596
630
898
1028
1058
928
1132
1046
1082
1078
1080
1002
824
854
1014
998
776
842
808
670
676
706
710
610
628
634
502
576
702
736
678
582
564
536
632
634
546
494
340
324
244
152
182
150
146
272
384
558
446
432
484
602
566
494
530
538
556
728
754
794
900
822
774
708
752
800
754
746
852
914
940
940
1066
1052
852
1096
1060
848
770
768
1224
900
808
970
984
1134
1048
926
844
820
816
966
1170
1152
1062
1086
1086
1240
1498
1612
1690
1388
1218
1132
1246
1246
1072
882
728
846
790
630
580
452
388
570
630
532
410
284
194
76
38
32
38
62
24
18
184
68
120
128
214
212
168
206
272
188
110
24
52
174
232
264
374
312
400
256
116
122
216
170
232
406
328
410
232
298
366
322
268
50
148
198
322
350
450
358
454
428
380
448
360
354
320
124
56
88
216
242
242
256
162
212
228
320
420
402
520
638
724
640
546
548
314
320
320
268
94
26
8
148
90
152
274
268
336
30
46
30
62
118
190
318
254
338
480
562
570
676
652
490
440
354
276
278
268
280
452
572
538
504
412
424
520
566
576
420
606
564
660
560
506
436
420
326
210
142
22
42
80
102
76
12
68
68
82
194
230
242
420
432
558
490
578
626
942
864
966
866
904
1014
1092
1130
1154
1030
992
970
878
836
946
842
788
928
896
894
938
1014
1034
1274
1258
1300
1114
1130
1114
1146
1150
1158
956
1038
1198
1072
1102
1070
880
758
688
650
572
552
400
400
548
574
582
522
574
648
530
672
840
866
780
658
658
600
554
588
658
492
436
288
284
404
580
566
528
532
386
316
360
434
456
344
276
284
144
204
98
40
234
392
430
282
364
390
188
186
48
48
54
38
102
128
62
76
114
38
60
44
92
110
54
60
42
86
116
132
72
86
118
86
114
134
182
198
194
152
94
260
204
146
284
400
230
124
34
128
78
180
234
220
134
112
48
82
128
100
124
96
130
174
102
156
250
370
256
280
236
50
152
16
36
130
168
268
82
14
158
114
60
158
172
214
110
12
114
142
122
44
200
220
298
254
122
242
332
418
96
138
222
306
92
144
46
94
80
44
112
134
178
152
248
182
182
224
258
326
402
222
288
360
272
278
290
264
362
310
552
506
306
456
282
256
240
192
266
128
46
106
106
80
46
118
50
172
140
158
212
62
196
332
212
308
380
280
370
230
398
352
404
366
250
82
66
172
184
8
68
28
50
88
352
456
708
768
694
472
298
28
88
78
10
68
104
38
32
22
128
330
398
510
292
440
358
324
250
280
316
406
480
588
678
578
582
522
492
372
554
626
634
538
500
392
212
274
254
452
524
404
290
422
214
334
298
198
170
258
128
40
134
310
228
210
280
174
196
274
312
336
386
350
560
730
920
860
772
894
818
968
1010
930
870
966
884
944
896
902
1008
1182
1130
988
998
860
762
792
928
830
960
856
834
886
732
596
596
678
754
694
662
614
434
464
568
430
428
418
500
542
570
578
418
406
630
622
716
634
668
670
510
580
696
912
934
908
1172
1322
1314
1362
1330
1414
1182
1036
1026
1072
1096
1186
1204
1324
1314
1348
1502
1540
1354
1424
1508
1564
1664
1808
1734
1740
1778
1750
1658
1668
1598
1548
1326
1156
1150
1114
1140
1082
1114
1258
1084
1064
1172
1266
1442
1198
1368
1470
1390
1262
952
944
922
914
926
956
886
848
906
698
784
828
688
586
676
622
566
570
268
104
120
26
12
148
250
168
284
454
498
514
582
626
482
524
538
554
368
456
634
568
544
712
842
714
784
678
768
708
632
516
592
684
712
756
892
788
1114
1082
908
1102
1258
1214
1302
1466
1286
1440
1684
1686
1680
1634
1658
1580
1552
1494
1522
1524
1632
1624
1826
1662
1762
1772
1800
1792
1780
1926
2022
1922
1878
1764
1622
1556
1784
1790
1712
1836
1946
1834
1760
1790
1828
1678
1790
1844
1684
1586
1664
1688
1628
1768
1790
1556
1550
1500
1264
1226
1218
1274
1224
1216
1076
1244
1006
1176
1072
1094
1156
1292
1492
1420
1338
1272
1242
1232
1248
1356
1368
1412
1404
1420
1526
1536
1390
1368
1400
1396
1336
1352
1366
1374
1414
1322
1214
1074
1238
1116
1098
1102
1082
982
1070
1068
880
852
888
802
734
810
876
802
688
542
554
568
454
508
500
396
296
300
156
210
214
344
654
538
516
598
776
686
848
886
792
682
544
426
358
446
434
422
458
550
358
306
386
180
134
214
212
302
520
370
236
252
200
278
286
282
160
10
194
300
140
136
160
302
320
374
412
408
352
170
340
386
396
364
430
466
352
226
106
86
2
116
176
118
20
202
256
198
216
304
324
302
244
222
150
204
302
162
132
178
110
246
242
198
90
42
16
62
104
68
14
174
202
140
142
178
88
98
222
136
132
42
248
266
308
518
638
632
766
672
902
858
530
484
426
442
534
624
658
470
520
620
708
636
670
678
648
640
614
606
676
574
594
580
458
406
406
604
510
624
436
526
832
848
992
900
844
816
682
542
618
530
524
664
690
498
480
492
560
696
754
832
828
868
802
742
760
564
510
354
276
460
356
414
518
194
44
86
176
84
62
42
78
200
394
558
678
868
680
590
522
242
342
240
384
398
376
200
146
158
144
62
48
114
50
54
60
18
28
46
82
172
154
156
144
166
22
166
54
96
190
398
356
346
260
432
688
662
596
532
502
380
292
502
522
592
542
432
382
256
138
172
360
306
278
218
296
322
346
324
372
308
282
320
232
430
412
494
466
498
606
530
414
432
344
506
494
524
330
308
322
136
196
132
184
54
162
130
192
54
44
14
98
90
122
236
216
150
150
36
42
38
128
84
146
144
48
86
72
172
166
168
120
150
206
266
354
452
546
464
618
414
414
430
516
444
602
612
366
450
448
366
322
318
612
584
664
630
618
678
636
764
650
640
682
716
536
476
594
652
684
406
384
368
386
470
260
482
474
524
520
366
296
396
316
418
404
420
510
518
450
360
384
374
336
362
276
370
358
482
394
502
474
474
390
402
410
430
300
250
318
272
356
264
174
226
0
104
34
4
4
4
156
22
22
34
106
262
188
340
212
66
130
158
218
126
254
196
144
162
102
102
144
8
156
130
54
70
86
76
28
10
268
276
144
178
214
304
366
676
772
760
768
1098
1172
1178
1208
1140
1256
1272
1210
1280
1378
1494
1296
1396
1458
1718
1736
1542
1596
1686
1710
1848
1900
1876
1932
1850
1856
1816
1782
1788
1768
1814
1746
1712
1680
1406
1370
1372
1332
1204
1160
1168
1134
1080
1048
1098
1102
1182
1258
1450
1270
1368
1316
1254
1332
958
752
636
674
658
620
676
748
690
764
646
632
516
472
546
500
416
398
424
442
490
434
408
484
444
572
514
386
402
470
372
242
100
54
118
44
138
186
82
18
218
52
54
222
266
282
276
272
382
372
420
540
550
414
266
256
238
286
276
228
158
68
102
86
16
40
58
70
240
288
306
274
268
240
222
130
258
152
174
268
340
352
336
204
284
382
182
150
142
186
204
226
306
290
314
296
410
502
410
568
680
680
680
710
756
772
880
852
824
948
1036
930
952
1024
866
900
832
1024
1062
1012
864
796
802
834
756
756
728
438
404
660
594
700
408
278
448
502
556
446
462
578
622
626
626
730
602
674
706
600
594
772
772
844
906
986
914
990
1124
898
872
758
818
820
726
734
730
752
728
710
880
852
916
936
812
784
778
938
1024
1092
902
754
816
946
724
672
648
740
640
640
718
694
638
576
456
564
490
580
654
494
462
618
894
782
870
944
930
746
618
536
758
562
620
608
632
650
668
698
610
660
412
484
660
666
636
506
476
688
724
726
562
516
242
424
450
344
380
482
428
490
362
368
384
284
252
354
544
426
482
550
484
556
562
488
336
250
222
56
64
78
32
2
82
152
26
68
60
156
144
122
140
6
102
128
200
148
140
16
60
160
296
322
222
346
354
394
276
70
124
38
2
70
178
202
172
118
314
290
90
76
40
12
228
148
172
138
136
66
74
114
128
202
224
316
410
378
400
272
218
178
292
338
328
310
394
620
760
802
788
904
956
938
996
962
1030
922
848
882
864
796
624
474
530
562
484
228
242
330
552
392
380
426
696
520
500
528
634
440
592
726
724
508
416
504
374
354
546
554
596
324
200
68
154
36
50
118
180
140
14
188
488
290
418
422
406
436
436
534
518
550
624
662
802
902
822
870
794
794
764
688
630
624
700
646
690
864
