138
164
150
132
90
138
186
154
142
194
142
112
152
212
234
244
222
266
268
246
258
250
296
360
302
368
350
372
384
370
346
382
332
306
336
310
322
240
248
290
326
268
284
352
312
264
294
266
256
228
240
224
222
194
148
122
240
182
178
234
302
284
198
172
236
188
178
180
110
92
80
86
114
88
100
150
150
188
208
182
148
186
166
170
162
242
320
310
300
310
326
324
294
326
360
374
404
436
522
506
498
474
504
484
538
594
618
670
656
676
688
666
720
714
754
748
756
732
722
726
732
710
694
678
698
652
608
680
680
664
688
648
612
638
652
624
642
556
474
478
478
544
568
526
514
540
508
542
548
586
568
546
518
528
582
628
594
660
664
598
570
556
508
558
574
646
640
636
612
612
622
614
620
644
602
604
604
586
590
620
580
546
568
586
654
662
678
688
724
690
656
630
596
592
624
656
684
640
574
562
542
592
618
580
582
586
626
598
612
630
604
584
562
550
578
618
614
588
594
570
542
564
538
560
580
530
570
588
602
654
674
668
628
644
618
608
578
584
552
554
546
608
618
558
620
632
616
578
538
494
498
460
480
394
384
360
394
402
450
370
324
332
314
264
262
294
310
382
354
366
358
394
366
326
336
328
336
270
264
244
250
220
246
248
232
224
270
234
248
208
226
268
252
246
264
216
192
212
250
290
268
296
272
268
234
218
178
170
182
178
224
256
264
358
402
396
374
414
422
440
404
388
452
446
454
466
466
460
504
484
464
440
450
450
450
464
442
464
432
440
396
334
270
228
272
284
284
302
306
298
246
338
346
338
388
360
366
364
416
376
322
310
260
288
320
300
268
246
222
230
232
222
218
222
116
178
180
128
76
72
58
100
104
98
138
140
200
160
162
196
196
138
108
102
108
74
102
126
146
90
122
120
100
162
150
174
216
222
196
224
240
232
224
252
272
274
264
276
258
174
224
192
154
98
174
166
184
168
182
244
242
206
184
90
126
196
250
220
220
210
266
258
242
268
204
176
224
242
250
242
274
304
290
352
294
246
292
242
272
294
262
286
288
332
344
316
286
268
348
392
418
392
426
386
434
446
464
444
436
426
366
346
362
358
392
410
456
452
424
448
442
480
402
372
378
302
296
292
228
198
188
190
166
178
172
196
148
140
104
74
54
70
62
24
8
46
72
102
76
20
26
34
48
58
68
84
98
98
114
98
80
70
36
10
46
2
44
38
4
56
100
108
96
48
56
56
56
22
0
20
14
52
60
68
124
152
114
124
102
138
150
150
162
194
182
178
192
194
166
112
130
124
158
188
180
160
120
158
146
158
236
196
260
290
266
258
250
240
212
180
162
148
160
178
172
204
188
172
180
224
202
234
228
246
288
336
302
290
314
288
326
334
388
392
406
422
460
482
554
572
522
534
544
492
494
488
478
504
446
454
424
438
432
446
458
444
498
488
522
526
544
614
594
604
602
636
608
644
626
614
562
592
604
610
558
506
522
436
452
454
458
482
566
582
592
564
556
602
602
616
620
606
574
544
520
512
530
506
530
516
496
524
544
578
564
538
530
516
572
580
596
564
580
584
604
630
644
634
610
580
578
548
542
578
552
530
522
442
440
490
488
474
488
446
418
428
400
424
426
434
412
422
412
342
348
370
380
340
328
294
270
332
388
396
344
350
350
350
300
310
278
318
372
366
366
380
384
340
318
280
228
226
242
232
246
208
266
262
242
234
264
224
230
236
212
198
178
168
154
102
136
72
34
50
38
34
2
20
68
98
94
122
88
72
94
48
34
82
112
130
112
106
112
28
18
54
64
132
146
152
106
116
102
106
62
48
50
68
48
52
20
26
4
6
8
28
58
2
30
16
38
62
58
58
52
98
118
66
28
20
34
22
34
2
38
92
164
216
280
296
300
276
330
412
404
422
382
404
378
366
368
342
280
346
308
278
198
246
240
236
264
218
224
220
238
260
276
364
336
372
330
354
354
336
378
344
394
396
386
424
360
352
382
358
374
368
370
372
462
508
512
444
460
438
452
468
416
430
434
456
476
526
520
502
492
494
498
494
512
524
490
516
522
514
552
514
512
562
586
592
634
606
618
644
648
588
600
572
580
552
540
574
548
508
556
544
528
548
542
548
494
542
526
482
460
446
420
420
416
396
462
470
502
492
456
452
466
486
466
456
416
430
470
512
460
418
448
370
366
372
402
398
436
400
372
388
404
340
372
408
446
446
430
418
378
362
322
310
266
204
172
122
52
56
62
110
86
164
116
128
76
60
60
92
42
22
44
62
32
64
94
52
98
130
116
168
146
110
128
100
104
54
42
38
76
38
48
22
80
94
92
118
140
184
206
256
272
326
302
356
380
400
400
394
420
428
446
478
428
424
474
528
510
492
562
560
574
592
538
556
516
620
622
596
574
550
584
592
598
600
576
606
568
576
556
536
514
502
436
440
476
456
478
454
408
426
418
440
424
436
466
456
474
438
492
494
520
520
526
478
422
506
474
454
508
496
496
478
462
418
436
470
458
398
388
370
350
394
406
378
356
356
300
354
450
460
462
468
484
514
586
534
534
528
498
514
568
520
514
454
458
456
438
414
398
380
362
280
330
340
334
336
302
358
436
394
412
426
438
416
450
408
426
446
494
504
468
500
510
542
580
596
602
610
600
620
662
652
642
640
664
610
668
680
704
722
734
688
654
704
678
672
664
680
644
590
498
542
540
512
568
588
600
612
668
662
628
604
612
624
640
702
686
694
724
718
690
666
654
598
524
534
548
620
658
656
662
652
678
620
602
608
560
552
592
600
594
562
574
564
546
542
580
508
440
436
468
448
506
472
484
438
460
470
522
526
500
504
470
488
456
496
458
442
438
420
384
418
418
450
428
424
404
414
378
388
324
320
370
388
362
398
416
392
384
364
384
388
418
456
462
444
398
330
366
380
434
424
418
446
440
462
470
468
466
540
512
476
480
458
490
442
460
452
424
392
384
394
408
328
308
290
290
316
228
168
176
172
158
184
204
190
202
176
190
204
198
192
214
240
228
184
236
248
270
302
342
402
424
396
360
306
292
318
296
326
300
304
262
278
328
272
280
280
306
306
326
314
270
292
266
306
334
300
336
320
292
300
316
340
370
370
400
432
438
402
416
444
408
358
356
354
384
398
394
414
360
366
404
386
434
374
364
422
438
426
462
472
516
458
460
496
496
462
446
374
432
418
372
376
334
376
368
352
354
354
388
422
434
408
438
410
372
404
430
394
410
376
310
328
290
302
282
196
186
174
228
244
220
214
242
206
236
214
190
208
182
204
242
280
332
366
378
378
352
274
274
258
226
244
250
276
250
278
238
200
202
218
178
210
232
254
254
246
260
276
270
270
272
244
340
374
378
400
410
418
408
358
362
394
376
338
354
362
388
338
336
334
314
326
312
266
244
210
260
284
314
316
314
324
310
298
262
254
224
236
230
228
224
262
240
258
260
266
290
276
300
302
340
358
346
326
316
348
330
376
384
358
428
420
378
366
394
416
404
450
504
442
462
408
412
414
438
414
396
446
400
418
446
502
516
462
468
444
472
496
506
486
432
460
456
382
406
362
366
426
386
370
390
374
438
466
444
424
492
406
408
402
366
404
398
378
430
406
398
378
350
394
390
416
374
386
388
310
308
294
288
270
328
304
266
276
240
236
274
278
262
216
200
220
266
210
182
192
158
176
150
78
108
104
74
78
52
54
8
88
110
126
104
174
152
172
182
186
164
226
222
212
196
188
204
210
186
142
82
106
102
106
124
152
146
88
100
132
100
130
110
66
68
26
2
4
18
62
60
106
152
210
264
206
116
182
172
190
212
208
210
186
192
194
170
168
156
194
174
150
72
92
126
84
86
114
94
94
72
92
138
124
160
174
136
128
166
190
130
130
50
14
6
2
30
48
96
94
120
120
182
238
248
246
216
240
234
242
256
208
236
232
258
280
262
264
248
216
216
176
168
124
106
88
92
104
136
52
14
20
36
2
16
28
24
64
32
58
68
78
96
56
64
26
22
80
76
140
144
156
84
92
182
214
222
232
152
154
178
178
192
164
104
118
136
146
162
114
90
48
34
4
12
52
72
72
86
66
86
94
62
114
118
102
140
48
20
60
72
60
74
82
92
134
144
104
78
86
122
150
138
80
98
76
90
78
66
66
94
76
56
74
84
46
26
40
38
56
18
12
4
32
14
14
62
74
70
112
122
88
52
20
114
152
146
192
192
130
128
88
148
126
72
56
86
76
112
170
170
118
148
134
152
100
120
146
60
86
98
44
36
26
20
2
26
12
2
36
42
28
40
30
12
32
18
22
38
86
80
106
120
156
150
212
248
286
234
276
292
342
290
286
318
348
350
346
294
312
366
358
360
308
354
296
330
368
334
342
296
256
256
250
258
230
194
190
206
230
226
228
230
244
292
280
280
254
290
310
278
298
294
304
312
278
306
272
264
274
308
350
398
432
424
464
474
496
486
542
532
562
560
530
516
510
526
528
492
532
526
516
556
534
536
484
