3220
3304
3358
3370
3454
3382
3268
3278
3216
3242
3274
3284
3260
3230
3256
3334
3366
3316
3274
3214
3164
3126
3178
3112
3118
3174
3144
3090
3156
3200
3184
3244
3334
3252
3260
3212
3260
3280
3230
3238
3328
3262
3158
3124
3204
3222
3172
3048
3020
3006
3004
3116
3158
3134
3176
3202
3240
3174
3180
3288
3258
3322
3286
3232
3126
3154
3108
3174
3136
3148
3112
3184
3214
3216
3214
3170
3100
3046
3134
3150
3224
3354
3438
3422
3410
3452
3460
3400
3380
3382
3386
3358
3384
3282
3236
3188
3140
3208
3298
3316
3392
3362
3394
3416
3380
3336
3378
3404
3430
3376
3356
3340
3336
3276
3216
3220
3272
3374
3406
3398
3450
3408
3484
3480
3476
3428
3394
3394
3386
3388
3360
3292
3254
3258
3366
3360
3420
3436
3450
3438
3392
3386
3390
3312
3330
3334
3368
3376
3386
3326
3314
3390
3420
3394
3408
3460
3438
3438
3426
3466
3416
3438
3428
3374
3396
3388
3360
3406
3422
3394
3452
3402
3336
3360
3282
3278
3270
3350
3308
3394
3392
3372
3408
3280
3226
3250
3268
3310
3252
3200
3190
3252
3256
3304
3254
3280
3322
3316
3314
3308
3250
3268
3298
3218
3188
3232
3236
3224
3272
3270
3252
3274
3266
3376
3406
3396
3358
3402
3432
3376
3290
3250
3264
3346
3354
3324
3384
3370
3380
3380
3346
3436
3392
3402
3370
3410
3326
3286
3198
3144
3120
2982
3002
3098
3190
3164
3248
3290
3268
3176
3206
3172
3180
3208
3260
3332
3302
3352
3390
3348
3404
3406
3378
3378
3400
3352
3330
3294
3248
3244
3256
3294
3308
3324
3244
3246
3256
3246
3244
3378
3278
3250
3208
3210
3170
3232
3220
3254
3248
3240
3282
3268
3218
3320
3284
3276
3240
3236
3244
3222
3246
3270
3236
3224
3216
3226
3250
3288
3302
3314
3362
3262
3214
3292
3294
3312
3286
3274
3298
3268
3358
3262
3230
3276
3292
3188
3164
3176
3136
3150
3226
3266
3176
3144
3084
3052
3090
3036
2970
3018
3002
2964
2978
3004
2960
3020
3062
2986
2938
2962
2950
2922
3012
2998
2984
3006
3056
3142
3140
3110
3094
3056
3030
2972
3044
3132
3080
2986
2936
2902
2880
2872
2894
2838
2892
2896
2920
2920
2922
3006
3006
2950
2876
2832
2968
3004
2984
2934
2868
3000
2926
2984
2948
3032
2974
2914
2902
2982
3034
3034
3100
3050
3014
3016
3054
3038
3074
3106
3158
3146
3094
3128
3166
3068
3106
3114
3106
3140
3072
3106
3078
3126
3062
3120
3138
3156
3124
3136
3166
3096
3130
3176
3178
3178
3182
3272
3226
3244
3304
3186
3208
3208
3224
3250
3234
3242
3238
3254
3278
3294
3274
3194
3214
3182
3258
3224
3272
3320
3270
3248
3336
3256
3212
3266
3234
3212
3186
3238
3212
3284
3256
3310
3310
3288
3318
3278
3262
3226
3282
3268
3178
3218
3252
3184
3266
3326
3306
3308
3306
3392
3406
3302
3336
3294
3274
3280
3202
3262
3188
3124
3100
3042
3060
3032
2968
2950
2990
3070
3052
2988
3094
3152
3154
3080
3116
3128
3158
3134
3138
3110
3086
3080
3072
2982
2890
2862
2862
2896
2900
2946
2976
3052
3108
3172
3134
3116
3112
3022
3074
3062
3100
3074
3072
3098
3078
3046
3084
3044
2992
3002
2930
2906
2864
2920
2924
2956
3036
3096
3112
3174
3174
3226
3144
3138
3210
3186
3194
3116
3034
3036
2942
2938
3008
3014
3050
3064
3112
3090
3160
3122
3066
3064
3120
3164
3190
3260
3334
3306
3264
3232
3234
3234
3204
3194
3196
3288
3404
3436
3500
3518
3466
3440
3380
3368
3442
3514
3468
3454
3426
3468
3380
3370
3386
3284
3228
3138
3132
3166
3054
3118
3182
3222
3228
3224
3210
3236
3280
3274
3214
3236
3228
3268
3300
3246
3238
3176
3222
3206
3212
3152
3094
3100
3106
3142
3120
3120
3110
3190
3236
3232
3256
3272
3278
3242
3256
3252
3222
3200
3166
3190
3124
3150
3158
3198
3126
3076
3150
3122
3218
3204
3252
3228
3152
3158
3116
3176
3266
3232
3246
3278
3276
3256
3254
3212
3190
3198
3272
3250
3186
3290
3290
3162
3190
3230
3244
3226
3232
3170
3208
3176
3062
3090
3102
3144
3108
3074
3072
3090
3128
3118
3200
3232
3220
3196
3174
3214
3304
3414
3316
3416
3378
3226
3162
3148
3252
3284
3358
3360
3350
3504
3448
3470
3434
3382
3366
3352
3388
3386
3436
3364
3366
3420
3444
3456
3504
3482
3522
3474
3478
3514
3486
3454
3508
3528
3506
3544
3586
3496
3512
3526
3556
3560
3584
3518
3544
3512
3480
3452
3452
3426
3434
3482
3470
3462
3492
3502
3494
3516
3526
3540
3510
3470
3408
3418
3454
3460
3508
3498
3434
3476
3488
3522
3476
3448
3450
3464
3458
3416
3318
3276
3236
3272
3302
3346
3298
3342
3358
3350
3294
3306
3240
3232
3186
3264
3262
3268
3284
3282
3194
3230
3236
3290
3282
3196
3220
3210
3162
3240
3182
3192
3190
3144
3154
3198
3214
3244
3170
3250
3276
3254
3290
3256
3238
3318
3274
3278
3274
3332
3342
3306
3320
3326
3346
3338
3350
3342
3274
3220
3114
3090
3142
3108
3126
3080
3070
3072
3034
3082
3018
3074
3128
3158
3222
3308
3330
3304
3352
3328
3334
3416
3448
3510
3476
3484
3342
3364
3406
3354
3302
3256
3258
3270
3284
3272
3272
3146
3204
3238
3244
3256
3292
3332
3356
3236
3216
3232
3232
3214
3256
3232
3200
3236
3240
3174
3244
3294
3302
3326
3292
3234
3202
3150
3148
3144
3096
3078
3052
2994
3022
3044
3072
2978
3010
3056
3106
3108
3124
3174
3256
3228
3168
3248
3174
3180
3130
3156
3220
3256
3268
3218
3256
3214
3250
3214
3252
3284
3318
3268
3228
3244
3282
3316
3344
3344
3296
3278
3320
3276
3282
3276
3236
3256
3296
3304
3274
3296
3272
3350
3304
3344
3328
3326
3300
3314
3342
3324
3302
3318
3380
3408
3372
3330
3340
3372
3426
3348
3354
3298
3308
3290
3316
3330
3326
3344
3336
3372
3450
3374
3398
3444
3414
3478
3448
3450
3440
3582
3554
3522
3502
3484
3454
3434
3402
3456
3444
3390
3370
3290
3322
3278
3304
3246
3250
3286
3226
3324
3220
3254
3226
3224
3236
3188
3180
3234
3130
3134
3142
3142
3096
3154
3162
3278
3276
3316
3312
3294
3302
3332
3300
3282
3226
3200
3140
3260
3166
3156
3162
3130
3132
3142
3200
3242
3332
3272
3250
3212
3180
3222
3208
3208
3160
3134
3108
3164
3170
3174
3114
3162
3188
3228
3190
3238
3246
3206
3094
3132
3094
3060
3046
3012
3048
2994
2982
2984
2862
2908
2896
2892
2946
2882
2776
2892
2918
3040
3004
3014
3010
2958
2970
3034
3034
3046
3076
3080
3054
3036
3038
2986
3038
2986
2924
2912
2930
2990
2916
2944
3022
3066
3048
3012
2994
3078
2978
3026
2960
2992
3038
3028
3006
2992
3030
2950
2814
2812
2766
2764
2796
2804
2782
2824
2798
2804
2788
2796
2814
2752
2824
2786
2900
2924
2924
2942
2952
3006
3032
3080
3080
3036
3004
3072
3136
3210
3268
3318
3214
3238
3260
3294
3314
3300
3320
3312
3302
3318
3272
3328
3320
3380
3464
3432
3420
3332
3274
3264
3308
3298
3294
3254
3222
3194
3218
3210
3228
3234
3174
3142
3058
3058
3122
3106
3156
3132
3196
3178
3246
3188
3122
3148
3184
3134
3150
3202
3094
3064
3056
3074
3042
3070
2992
2980
2922
2956
2900
2908
3006
3004
2970
2988
3042
3088
3076
2980
2962
2978
2990
3000
2992
2942
2968
2998
2942
2964
2840
2860
2842
2812
2834
2910
2942
2972
3024
3074
3040
3008
3040
2996
2916
2904
2932
2962
3016
3032
3050
2992
2976
2970
2942
3044
3020
2946
2878
2902
2978
3016
3082
3108
3124
3028
3034
2984
3044
3036
3034
3114
3158
3220
3216
3242
3276
3256
3268
3264
3178
3152
3166
3244
3180
3160
3224
3252
3246
3230
3310
3322
3390
3372
3340
3376
3358
3344
3316
3366
3504
3436
3460
3408
3402
3462
3412
3384
3420
3406
3404
3498
3468
3352
3292
3312
3314
3346
3356
3382
3430
3424
3470
3426
3458
3472
3426
3474
3472
3462
3432
3458
3456
3400
3340
3318
3266
3314
3346
3430
3536
3492
3426
3356
3360
3318
3296
3346
3346
3350
3304
3284
3230
3296
3234
3218
3218
3190
3118
3098
3062
3036
3042
3058
3008
3036
3122
3102
3050
3214
3236
3254
3238
3330
3260
3368
3384
3364
3436
3410
3392
3356
3270
3286
3380
3332
3240
3280
3240
3224
3238
3240
3174
3296
3244
3274
3276
3314
3324
3336
3316
3280
3302
3332
3312
3274
3258
3282
3268
3290
3268
3234
3198
3188
3164
3276
3234
3136
3104
3120
3046
3156
3196
3156
3180
3156
3186
3220
3214
3192
3196
3224
3216
3232
3254
3198
3066
3078
3040
3054
3062
3238
3208
3250
3250
3216
3242
3202
3202
3200
3198
3164
3124
2938
2960
3014
3012
2992
2928
2918
2968
2928
2972
3030
3084
3140
3116
3112
3040
3054
3054
3060
3116
3098
3080
3116
3092
3082
3124
3108
3174
3092
3134
3138
3072
3060
3086
3176
3118
3126
3166
3084
3066
3032
3016
3056
3148
3126
3136
3122
3120
3086
3080
3106
3074
3092
3110
3048
2976
3000
2982
3072
2964
2958
2948
2976
2978
3076
3046
3078
3020
3084
3142
3106
3076
3100
3064
3046
3020
3062
3054
2964
2954
3084
3048
3056
3068
2978
2974
2980
2962
2888
2880
2888
2898
2912
2894
2950
2904
2870
2926
2842
2910
2890
2958
2978
3028
3026
3110
3168
3186
3168
3182
3200
3190
3230
3208
3260
3300
3282
3342
3322
3312
3338
3414
3374
3330
3288
3280
3196
3110
3130
3204
3160
3184
3206
3170
3218
3226
3224
3210
3270
3194
3238
3314
3258
3250
3254
3282
3304
3336
3378
3372
3374
3444
3422
3412
3384
3400
3382
3364
3296
3374
3406
3402
3508
3520
3554
3508
3492
3462
3494
3446
3414
3396
3346
3418
3408
3366
3342
3290
3314
3386
3410
3398
3414
3392
3358
3324
3316
3230
3188
3246
3184
3172
3214
3200
3134
3148
3172
3084
3048
3142
3154
3144
3162
3176
3196
3118
3152
3092
3106
3122
3132
3118
3130
3146
3124
3060
3136
3130
3076
3034
3040
3094
3114
3104
3118
3116
3074
3156
3170
3206
3182
3130
3178
3164
3120
3196
3230
3190
3210
3190
3152
3162
3182
3144
3148
3194
3178
3194
3224
3194
3198
3268
3192
3172
3142
3126
3106
3164
3108
3102
3096
3110
3098
3090
3164
3118
3066
3036
2996
3008
3012
2992
3000
3074
3126
3146
3062
3124
3152
3186
3158
3132
3030
3022
2982
2940
2968
2918
2974
2966
2972
2908
3034
3030
3040
2954
2944
3046
3014
3066
3092
3062
3092
3116
3100
3100
3142
3140
3124
3128
3136
3112
3098
3044
2940
2950
3034
3098
3168
3148
3108
3068
3112
3138
3172
3142
3140
3152
3222
3206
3162
3126
3136
3178
3218
3238
3204
3172
3166
3160
3102
3128
3072
3122
3112
3090
3094
3072
3178
3072
3094
3104
3078
3104
3168
3222
3194
3262
3198
3146
3146
3172
3228
3134
3100
3108
3112
3172
3176
3208
3138
3174
3206
3224
3184
3186
3202
3256
3278
3288
3306
3342
3350
3334
3266
3196
3168
3190
3258
3250
3288
3254
3204
3176
3168
3160
3156
3208
3236
3172
3204
3208
3264
3266
3248
3284
3256
3236
3184
3234
3230
3284
3218
3234
3306
3234
3226
3264
3292
3256
3162
3162
3138
3144
3170
3162
3174
3128
3116
3032
3018
3018
3012
2910
2900
2982
2876
2936
3016
3010
3000
3104
3030
3040
3032
3088
3132
3078
3086
3054
3030
3078
3050
3124
3156
3154
3236
3186
3194
3200
3246
3222
3242
3238
3222
3240
3276
3170
3142
3194
3204
3126
3080
3130
3230
3264
3240
3312
3310
3310
3268
3286
3254
3294
3274
3104
3128
3100
3134
3122
3056
3014
3042
3070
2956
2972
3028
3132
3050
2998
2940
2996
3022
3008
2966
2974
2938
2928
2892
2928
2896
2872
2866
2888
2866
