752
748
758
766
804
796
836
848
856
864
850
846
822
812
768
766
752
746
740
758
776
794
832
828
806
784
812
822
834
830
774
824
816
810
794
816
786
810
850
854
834
838
816
768
772
800
786
770
824
832
818
844
838
828
806
782
774
814
802
758
766
770
722
724
750
812
778
826
796
834
806
808
848
876
882
878
878
874
876
868
866
892
890
860
846
816
832
824
828
808
826
788
804
800
826
816
856
876
860
830
852
848
850
860
878
846
856
828
774
768
748
746
806
796
780
746
750
796
776
796
822
744
770
750
746
734
760
736
676
740
676
650
632
590
556
542
538
576
562
574
606
550
552
568
618
656
628
644
614
628
630
626
664
668
696
680
684
682
724
716
704
716
716
762
786
764
786
780
800
808
772
756
756
822
804
858
838
838
834
826
854
800
796
808
860
834
850
856
836
856
836
822
814
802
792
746
804
826
816
790
824
804
828
834
864
888
890
878
860
866
874
878
872
880
876
848
830
812
788
768
740
772
774
796
796
768
782
738
788
764
754
814
800
800
794
742
778
766
758
746
758
772
758
782
760
762
760
734
726
756
770
766
782
742
776
782
794
822
852
836
858
864
862
832
852
850
864
866
868
882
880
876
890
864
886
878
876
860
832
822
836
856
884
874
874
866
810
814
798
790
802
798
810
804
772
794
802
816
826
784
782
784
794
804
792
798
784
824
812
804
762
792
780
774
778
764
764
736
752
778
754
728
698
702
708
730
724
698
734
724
744
732
738
740
722
694
668
612
562
558
576
566
592
598
618
626
668
664
712
676
660
628
652
680
708
704
720
752
730
722
752
720
730
714
700
732
778
772
794
818
848
870
834
798
730
734
722
730
658
624
634
618
652
622
652
630
636
658
668
666
662
680
664
684
700
672
672
690
706
728
726
708
700
688
662
608
616
634
644
684
662
634
638
630
618
606
632
558
548
546
588
576
606
612
618
588
646
616
628
670
690
672
690
688
684
674
702
712
730
750
762
778
770
756
722
714
728
720
742
774
756
758
768
830
832
840
822
784
754
752
728
734
736
756
732
750
786
798
802
790
812
790
762
788
772
800
770
794
814
762
762
770
722
708
718
732
672
658
714
740
742
734
746
740
776
836
838
812
862
842
830
846
852
840
856
796
800
814
810
858
860
842
822
846
826
798
792
780
808
780
756
788
790
808
792
778
736
736
790
770
736
730
772
754
738
732
768
740
740
734
720
720
728
782
776
782
806
832
826
820
812
808
832
822
824
832
826
838
818
824
828
840
838
842
844
810
800
780
762
756
740
730
714
706
684
728
714
662
702
736
720
710
722
750
714
708
714
708
684
654
586
548
518
514
510
546
618
604
614
630
636
638
690
688
666
680
696
672
656
660
656
658
676
678
674
712
758
756
800
794
824
836
838
832
842
820
804
804
850
842
844
840
836
868
856
834
814
780
748
784
808
802
778
776
744
740
724
752
784
770
764
748
792
834
860
820
846
828
820
800
804
770
784
786
818
858
854
788
790
822
800
810
806
792
814
844
814
812
804
790
768
754
714
734
708
708
712
718
726
744
738
726
714
758
740
770
772
764
788
792
814
792
786
792
812
820
870
898
894
850
830
832
830
814
798
822
826
814
798
804
816
832
818
864
840
828
810
802
830
802
760
708
740
716
726
756
746
758
754
762
758
776
786
760
780
722
752
736
760
790
794
790
762
788
776
766
758
752
696
730
756
734
740
738
718
742
752
738
758
762
766
708
688
726
762
790
826
858
850
836
848
876
840
850
834
778
768
758
810
810
788
812
792
822
836
802
746
748
804
788
786
786
774
776
766
762
762
746
822
758
728
722
738
728
784
782
778
764
762
758
672
700
718
754
706
678
676
664
688
670
670
650
690
662
640
620
618
614
618
600
664
626
590
564
588
538
488
498
558
568
546
548
540
506
514
558
540
540
574
540
546
520
574
548
584
574
552
574
618
608
644
632
654
626
602
666
574
512
522
486
508
494
504
454
458
456
502
486
480
482
460
478
472
500
496
452
434
404
468
496
498
498
536
560
572
564
574
558
568
584
570
592
598
560
534
496
472
436
414
406
430
440
454
444
410
438
390
408
434
374
416
432
424
408
402
410
388
400
412
468
438
474
510
524
522
568
556
560
528
534
578
614
598
588
578
610
620
592
594
578
536
588
600
602
596
576
550
554
536
518
512
526
526
562
582
576
534
488
490
486
496
542
502
470
490
462
462
452
458
484
510
534
564
578
586
560
552
538
544
594
620
652
626
648
630
616
610
574
574
566
586
574
576
574
568
578
616
578
576
580
600
626
648
630
610
592
610
592
556
620
582
560
578
586
636
634
608
626
616
602
626
654
658
672
644
666
682
650
664
650
690
644
654
670
704
700
710
740
750
732
772
784
804
798
796
762
726
684
712
676
670
666
682
644
646
648
684
654
658
674
694
760
756
744
736
786
784
784
752
816
832
840
838
852
836
834
858
844
858
846
840
838
810
822
802
812
822
854
884
866
882
876
846
826
808
812
800
796
838
836
804
804
838
814
826
802
842
840
822
782
766
786
784
816
812
804
816
824
856
842
866
904
904
870
880
866
886
850
866
858
838
846
870
882
910
902
914
886
880
892
914
928
916
912
894
900
890
896
912
898
850
854
874
858
840
870
832
808
802
796
800
786
820
794
798
798
762
776
796
830
842
838
808
782
762
696
718
758
758
742
734
738
716
742
714
692
694
688
716
748
762
762
772
804
854
834
788
808
818
806
802
762
740
722
702
742
740
730
770
754
742
764
752
726
722
670
650
618
590
542
562
598
592
572
536
548
518
520
480
512
520
570
600
582
534
550
576
592
556
632
650
680
740
712
708
688
698
666
696
740
698
666
648
624
620
622
666
704
704
684
644
664
658
634
608
594
608
564
604
650
680
682
680
620
624
630
598
560
556
530
482
448
416
450
432
424
458
424
424
416
404
412
442
488
478
414
430
430
462
458
428
420
400
400
424
444
428
424
470
450
434
414
386
388
448
446
404
410
444
408
406
388
452
468
438
438
446
440
382
380
378
340
336
304
346
398
454
440
468
540
494
534
534
540
584
620
646
638
686
678
666
694
686
706
688
708
750
732
706
722
738
684
660
650
646
632
626
638
664
648
674
658
682
670
684
672
638
586
584
644
640
664
626
608
624
624
620
600
582
598
636
632
630
638
642
652
660
596
560
550
480
498
494
460
454
442
492
478
466
444
476
480
526
518
560
562
536
518
526
522
586
566
634
586
544
546
528
530
574
564
540
550
586
572
548
532
536
544
474
498
514
478
412
404
380
444
444
434
470
530
532
472
500
456
436
488
480
494
522
544
536
530
568
574
574
558
578
564
610
568
520
538
582
612
594
606
632
598
614
618
612
610
638
632
670
692
726
730
738
714
728
748
712
754
780
770
728
738
750
738
770
790
788
812
802
780
800
788
814
816
848
854
856
876
874
848
844
834
836
858
876
906
900
904
920
914
916
896
874
906
884
854
842
830
858
830
828
820
846
820
842
812
788
778
782
768
802
812
790
780
764
778
796
746
806
818
830
790
844
808
868
878
850
848
866
882
882
880
858
840
852
840
838
840
874
830
844
820
824
838
846
844
850
806
830
832
846
802
812
828
828
816
804
808
804
818
822
832
834
792
784
786
780
784
800
774
728
750
730
754
728
712
714
740
740
678
692
680
718
724
762
722
724
760
782
810
810
850
828
806
796
834
838
840
872
860
838
834
836
820
816
784
770
748
754
732
770
774
792
842
858
844
862
864
852
876
880
878
894
904
916
890
920
912
906
918
908
894
880
864
894
884
884
890
910
866
842
850
838
812
794
808
846
814
774
760
748
726
730
732
758
750
764
730
742
720
706
732
730
708
696
704
716
710
722
716
682
668
670
632
654
698
702
726
736
730
800
772
808
784
758
812
780
806
840
836
874
826
804
778
786
810
806
822
798
744
706
772
730
760
736
766
834
816
820
834
828
840
838
862
838
852
842
840
864
888
876
868
884
876
834
844
848
892
900
870
898
882
862
844
838
834
852
838
814
812
784
778
822
826
812
814
818
804
784
744
780
770
790
822
830
842
842
814
782
760
804
828
852
886
860
864
818
822
796
802
846
858
806
818
840
870
876
814
858
860
896
874
872
896
878
858
836
838
856
814
828
848
820
864
910
898
860
862
860
824
882
908
868
836
774
758
778
798
810
822
814
832
826
806
804
782
752
786
778
786
762
818
856
818
822
816
814
798
822
840
838
870
898
916
930
934
888
858
896
928
906
878
900
912
876
906
884
872
872
850
822
810
808
818
814
826
784
786
860
860
856
878
882
866
860
834
834
870
868
828
828
812
772
776
790
808
812
760
760
730
752
746
730
764
738
736
686
716
766
758
726
754
752
728
712
686
680
706
732
748
738
708
688
702
704
712
720
742
752
778
766
734
674
702
676
616
610
648
642
608
624
680
654
708
738
696
718
730
724
754
728
768
824
820
818
844
812
818
840
814
824
806
826
818
