1464
1434
1324
1284
1268
1338
1380
1464
1600
1596
1438
1260
1148
1172
1170
1050
994
1154
1044
1088
1122
1056
1024
924
996
736
604
554
656
692
598
620
804
726
694
646
640
786
712
620
636
700
722
750
692
586
416
400
296
318
312
312
402
520
412
382
496
414
544
404
398
444
492
558
542
684
762
586
608
728
732
898
840
800
734
832
932
868
768
784
664
668
478
532
480
378
312
356
324
512
552
614
640
782
762
952
1010
1048
1006
1222
1270
1222
1264
1312
1274
1276
1364
1410
1474
1684
1536
1414
1420
1260
1186
1152
1196
1178
1198
1132
1154
1004
1208
1286
1256
1314
1292
1442
1488
1580
1614
1630
1698
1716
1638
1548
1518
1640
1532
1542
1310
1324
1294
1314
1304
1214
1430
1340
1492
1574
1744
1694
1378
1416
1406
1378
1378
1302
1222
1282
1188
1148
1176
1298
1310
1338
1456
1480
1680
1634
1562
1530
1558
1644
1522
1532
1530
1478
1392
1330
1260
1302
1212
1288
1312
1270
1338
1326
1356
1504
1672
1460
1458
1618
1582
1544
1380
1428
1466
1542
1508
1466
1532
1556
1568
1616
1510
1486
1686
1680
1756
1754
1752
1768
1732
1762
1654
1576
1504
1584
1544
1692
1816
1864
1978
2050
2016
1914
1924
2102
2128
2138
2012
2024
1990
2068
1974
2020
2104
2050
2030
2224
2370
2526
2322
2350
2488
2410
2446
2516
2514
2512
2454
2444
2420
2390
2338
2380
2438
2412
2228
2082
2154
2142
1986
2042
1986
1978
1800
2022
1904
1822
1904
1866
1954
1868
1874
2008
1808
1698
1624
1682
1576
1564
1578
1674
1506
1572
1436
1470
1542
1704
1742
1684
1648
1650
1700
1792
1812
1562
1576
1564
1480
1620
1630
1588
1388
1214
1094
1158
1102
948
936
932
888
786
714
558
538
554
580
550
490
470
600
538
584
478
390
366
416
436
462
474
344
320
202
392
422
504
612
610
736
766
724
710
668
710
836
816
748
730
772
898
906
924
894
912
1006
1060
866
848
826
800
676
642
682
674
672
580
564
442
470
466
372
298
310
352
610
726
746
676
652
576
584
606
744
604
590
518
658
888
780
946
880
968
1026
1058
1178
1152
1126
1146
1114
1074
1068
994
1108
1164
1178
1176
1128
1078
1134
1156
1216
1072
928
876
1008
1030
1032
1008
938
930
918
976
1256
1182
1116
1134
1006
1028
1146
1098
1084
1036
952
980
896
816
752
686
740
622
568
748
734
854
850
738
646
582
456
566
490
480
324
192
296
300
338
174
364
434
484
610
484
570
578
494
474
372
506
408
524
496
644
510
436
504
386
324
312
182
74
52
140
228
254
294
216
234
218
154
78
106
136
198
312
228
450
364
216
240
180
252
254
178
80
66
26
30
112
78
58
100
80
36
72
32
104
12
100
74
268
104
24
66
104
62
132
292
260
188
92
112
112
126
60
224
238
282
428
496
380
352
268
270
266
258
166
220
114
174
180
268
558
274
370
388
372
450
352
112
50
80
154
296
284
148
34
40
50
136
326
282
388
280
94
106
142
270
246
258
58
110
168
272
298
410
324
278
274
234
192
150
126
216
258
278
170
196
62
52
124
56
202
304
278
456
580
486
494
666
644
632
442
356
302
342
484
476
442
386
634
646
598
596
560
814
938
940
890
814
916
938
876
752
972
1046
1022
1214
1288
1294
1278
1210
1274
1308
1346
1174
1240
1186
1066
964
960
936
886
902
954
894
786
694
480
640
772
700
684
702
672
642
476
386
348
568
384
236
64
92
36
172
202
324
224
270
342
442
626
570
574
546
564
634
586
540
424
328
350
266
384
426
574
644
562
616
644
568
706
792
848
672
680
564
638
556
480
466
588
702
750
758
782
856
888
968
878
810
746
656
732
564
390
312
240
366
334
348
518
372
242
236
324
510
628
464
454
480
618
686
618
752
734
844
848
832
758
870
968
734
740
620
538
602
596
706
754
682
622
718
750
616
680
756
692
666
454
470
266
228
128
114
58
24
142
30
54
72
76
174
102
152
250
340
440
470
400
434
510
682
650
502
562
728
654
560
610
656
632
898
920
918
948
1068
1098
1118
1198
1226
1156
1192
1282
1216
1280
1292
1272
1104
1104
1070
1182
1284
1298
1380
1340
1526
1624
1548
1592
1600
1656
1762
1740
1764
1608
1708
1648
1626
1748
1700
1698
1778
1764
1872
1896
2018
1996
1820
1928
1828
1684
1482
1474
1644
1574
1602
1456
1646
1552
1762
1816
1702
1730
1708
1666
1520
1252
1130
1240
1302
1212
1384
1384
1312
1298
1328
1368
1538
1526
1518
1376
1536
1612
1500
1414
1318
1316
1288
1482
1470
1488
1590
1538
1578
1486
1442
1428
1394
1382
1470
1512
1486
1482
1464
1462
1546
1598
1532
1480
1554
1596
1684
1674
1518
1576
1584
1590
1544
1568
1652
1630
1590
1706
1714
1482
1324
1198
1210
1290
1216
1288
1422
1386
1428
1262
1288
1322
1326
1308
1186
1324
1208
1456
1612
1520
1568
1668
1820
1762
1758
1642
1632
1690
1780
1916
1756
1844
1860
1872
1736
1730
1878
1858
1942
2058
1962
2124
2238
2066
2062
1890
2086
1906
1940
1932
1938
1942
1848
1878
1858
1870
1900
1732
1620
1738
1586
1570
1718
1678
1532
1570
1460
1534
1412
1434
1410
1430
1340
1350
1464
1518
1434
1456
1558
1478
1494
1482
1438
1508
1412
1408
1324
1430
1228
1256
1144
1302
1192
1274
1170
1144
1204
1244
1396
1354
1450
1556
1652
1644
1840
1976
1874
1902
2008
2014
1870
1606
1822
1818
1910
1950
1918
1958
1932
2032
2012
2120
1906
1748
1794
1864
1738
1576
1606
1516
1678
1922
1878
1870
2080
1978
1970
1962
1858
1972
2058
2022
2082
1918
1646
1672
1716
1862
1750
1622
1666
1562
1716
1856
1690
1618
1494
1696
1572
1618
1660
1528
1542
1256
1216
1324
1376
1564
1534
1288
1346
1384
1482
1532
1568
1440
1482
1398
1530
1520
1634
1628
1494
1496
1498
1434
1592
1474
1548
1578
1504
1382
1242
1110
984
922
960
926
864
868
864
936
968
1106
1138
942
858
814
856
970
774
846
806
828
758
732
976
956
812
902
828
660
644
608
618
676
704
678
714
890
908
934
1048
944
862
970
1156
1030
1024
974
978
996
1102
1454
1260
1164
1098
1080
1064
894
930
1078
1042
954
890
916
944
852
686
708
624
776
766
816
736
654
650
416
600
718
744
560
478
548
556
692
716
688
402
680
800
836
900
934
980
888
1140
1256
1184
1118
1152
998
1088
1030
1030
1134
1138
1358
1308
1324
1506
1638
1530
1600
1432
1518
1552
1694
1640
1680
1854
1782
1730
1816
1800
2022
2124
2242
1962
1778
1714
1776
1666
1496
1410
1304
1354
1248
1214
1148
1214
1078
810
924
906
1046
880
964
938
872
912
924
850
838
752
690
664
774
678
816
874
1004
908
902
792
814
826
816
858
806
762
898
850
1042
1140
1204
1374
1410
1048
936
1026
1024
842
864
640
736
750
712
706
736
860
848
894
942
1000
1056
1102
976
980
908
866
894
912
912
934
936
1048
1024
900
688
740
704
634
714
770
794
1066
1116
1026
890
1118
1248
1278
1118
1094
980
890
974
944
1152
1272
1136
1138
1118
1068
898
960
904
922
900
906
1096
1246
1238
1186
1138
1208
1300
1342
1274
1298
1166
1104
1060
940
830
688
718
732
728
702
836
790
742
834
922
1034
958
1018
1002
1086
1072
1152
1172
1056
998
966
894
890
976
1076
1328
1288
1256
1226
1160
1010
1026
818
850
964
930
890
856
812
826
896
944
958
1006
1048
962
1032
1146
1216
1112
1078
1174
1124
1150
1086
1114
1160
1040
1104
1070
1036
1266
1090
1146
1046
888
902
826
700
710
782
872
772
708
818
882
894
834
844
874
1034
1064
1030
976
930
934
952
934
932
966
986
1108
1206
1202
1092
1208
1042
988
1012
1070
1034
986
934
856
936
780
778
788
772
900
1036
1106
1214
1312
1224
1292
1306
1424
1492
1456
1488
1382
1320
1346
1516
1642
1510
1396
1150
1134
1074
1072
992
928
1034
924
882
908
1034
1012
1192
1398
1564
1594
1742
1790
1790
1816
1794
1610
1482
1488
1488
1440
1366
1364
1200
1028
1014
1040
934
936
798
864
744
702
710
846
808
882
994
1024
980
1080
1006
1044
1090
1014
1166
1158
1206
1150
1174
1224
1154
1180
1140
1182
1206
1176
960
966
1112
866
790
922
908
780
814
794
944
994
980
1090
1036
1060
1062
1006
1052
994
1020
970
1100
1148
1142
1154
1062
1208
1136
1214
1190
1028
1162
976
1036
972
1058
1064
1064
1144
1134
1208
1262
1190
1208
1274
1424
1360
1426
1598
1694
1642
1712
1626
1762
1852
1680
1880
1964
1852
1678
1778
1886
1968
1758
1780
1736
1602
1692
1538
1512
1568
1648
1630
1654
1510
1416
1494
1542
1578
1714
1902
1890
1708
1684
1642
1656
1626
1616
1576
1406
1368
1388
1344
1218
1284
1316
1318
1422
1360
1252
1390
1396
1406
1318
1406
1310
1116
1114
1078
1220
1390
1408
1376
1478
1494
1474
1540
1592
1476
1460
1538
1732
1826
1852
1620
1574
1718
1654
1776
1776
1622
1624
1858
1852
1808
1772
1840
1756
1504
1450
1430
1400
1350
1448
1610
1508
1380
1426
1396
1506
1494
1466
1356
1594
1478
1370
1354
1330
1330
1394
1434
1474
1444
1308
1406
1450
1608
1562
1488
1618
1540
1576
1592
1534
1478
1330
1268
1378
1286
1188
1198
1206
1016
1134
968
990
1156
1230
1264
1342
1428
1314
992
1058
1068
1150
1238
1226
1172
1180
1158
1072
1022
1006
1102
1002
1032
1114
1112
1248
1122
1302
1458
1428
1504
1478
1404
1406
1400
1424
1468
1474
1444
1354
1478
1734
1582
1498
1396
1418
1358
1390
1430
1482
1354
1262
1192
1372
1380
1296
1316
1472
1418
1308
1234
1322
1432
1374
1592
1680
1708
1816
1866
1746
1784
1850
1870
1912
1980
2008
1966
1894
1852
1864
1962
1980
2090
2044
2058
2006
2088
2010
1942
2034
2028
2108
2040
2102
2100
2098
2046
1820
1678
1688
1678
1628
1528
1496
1676
1628
1728
1676
1522
1614
1650
1648
1536
1454
1560
1618
1586
1596
1462
1536
1606
1626
1794
1776
1576
1562
1740
1636
1690
1714
1854
1822
1832
1932
1966
2040
2052
2134
2090
2176
2278
2222
2256
2208
2210
2172
2250
2248
2126
2026
2086
2094
2094
2042
2010
1974
2032
2088
2132
2004
1980
2004
1740
1716
1798
1512
1418
1316
1336
1426
1418
1396
1510
1558
1572
1358
1462
1526
1560
1632
1636
1572
1496
1424
1436
1424
1522
1556
1532
1596
1738
1744
1470
1390
1336
1398
1574
1718
1646
1640
1708
1632
1588
1698
1734
1712
1806
1736
1904
1844
1994
2080
2056
1864
1854
1614
1508
1552
1578
1616
1538
1638
1604
1586
1374
1304
1358
1526
1654
1542
1526
1412
1320
1418
1488
1576
1426
1520
1470
1454
1508
1462
1400
1370
1412
1414
1332
1480
