1042
1182
1132
1262
1300
1178
1334
1364
1424
1342
1362
1350
1304
1272
1202
1136
1284
1416
1376
1362
1526
1518
1660
1580
1454
1476
1410
1400
1464
1498
1502
1466
1340
1290
1270
1276
1212
1058
1002
838
896
812
866
820
940
976
1062
1088
884
934
848
688
674
564
582
588
696
800
872
940
942
866
862
856
936
898
944
1052
942
1178
1078
1052
1088
1042
1028
1106
1224
1030
1168
1080
1172
1168
1100
1160
1294
1202
1198
1162
1152
974
852
836
704
718
702
744
722
712
638
802
872
690
692
830
692
508
678
684
604
630
670
620
726
736
852
774
844
860
744
836
824
736
776
860
834
890
862
846
740
852
1002
898
974
978
1076
1078
994
1158
1176
1240
1104
1136
1102
1036
1134
1150
1222
1154
1000
968
950
1066
1030
926
982
1126
1270
1156
1026
1092
1018
894
808
792
938
1044
996
992
960
830
702
522
630
736
592
544
562
738
714
700
758
688
810
830
882
988
928
978
1180
1018
1046
1096
1036
1212
1050
1044
1046
1092
1014
938
984
966
998
1076
1090
1062
990
1090
1058
1116
1012
1058
964
920
896
922
878
708
744
566
726
750
670
686
726
714
598
450
552
614
574
552
738
852
1052
934
820
956
1122
1314
1398
1422
1272
1200
1374
1250
1132
1032
1042
1112
1094
936
836
780
676
558
508
500
514
450
464
314
384
414
388
438
480
588
594
558
412
386
488
482
600
780
744
690
752
696
584
616
484
462
496
426
412
512
532
394
356
482
548
610
644
530
250
174
218
92
102
38
74
92
204
272
222
170
120
254
210
302
458
310
324
358
412
300
144
128
36
196
302
154
30
68
56
84
272
90
84
2
8
60
214
408
322
348
276
220
290
410
440
508
538
520
482
470
398
412
232
340
388
472
500
452
478
464
612
496
430
320
408
514
424
328
396
278
292
230
138
124
132
200
98
36
58
32
204
146
76
170
86
144
118
190
256
224
204
310
326
284
216
274
374
382
162
180
214
202
276
166
230
192
310
160
132
150
136
274
282
14
102
12
60
60
98
260
162
358
486
354
510
400
428
310
390
224
216
336
142
188
106
82
124
140
198
182
122
18
92
188
340
362
158
266
280
244
298
254
324
272
510
442
356
278
236
130
106
120
118
242
254
378
392
282
354
264
366
332
264
258
276
252
298
336
406
510
594
588
714
818
1022
1052
898
856
936
898
866
760
844
814
730
786
888
822
738
840
728
706
594
344
486
496
554
634
622
602
528
386
456
518
502
562
644
748
872
930
952
1022
1028
982
1040
1094
1190
1168
1208
1380
1500
1584
1728
1628
1574
1688
1420
1412
1292
1266
1224
1312
1316
1220
1152
1210
1226
1142
1140
1282
1394
1366
1358
1312
1256
1222
1222
1496
1658
1608
1790
1758
1758
1556
1614
1680
1684
1548
1464
1432
1402
1452
1330
1414
1222
1330
1406
1402
1432
1530
1484
1478
1412
1476
1454
1590
1646
1508
1472
1510
1392
1466
1542
1436
1292
1266
1262
1210
1096
1128
1066
1120
1188
1390
1398
1348
1336
1468
1432
1280
1360
1316
1312
1330
1386
1522
1632
1648
1562
1784
2008
2010
1930
1820
1986
1916
1920
1940
1834
2010
1994
2012
1970
1942
1906
1936
2042
1954
1920
1762
1828
1898
1982
1986
1850
1744
1822
1750
1674
1682
1710
1670
1540
1572
1708
1850
1862
1876
1726
1788
1826
1670
1908
1948
1912
1928
1924
2026
2138
2084
2012
2148
2178
2134
2070
2228
2218
2204
2112
2008
2070
2002
2008
2044
2154
2050
2070
2176
2168
2202
2238
2370
2348
2330
2354
2426
2448
2334
2350
2398
2360
2480
2632
2708
2676
2602
2628
2560
2678
2578
2536
2576
2558
2628
2652
2624
2622
2698
2630
2592
2556
2422
2328
2252
2348
2490
2268
2262
2142
2366
2290
2228
2146
2162
2178
2036
1958
2040
1914
1868
1830
1884
1848
1998
1858
1786
1836
1742
1594
1702
1540
1544
1526
1550
1486
1552
1410
1504
1548
1582
1582
1648
1622
1500
1600
1674
1638
1548
1522
1752
1824
1768
1860
1898
1818
1952
2016
1978
1898
1912
2116
2218
2188
1870
1870
1918
1906
1992
1900
1882
2020
1908
1756
1928
1906
1952
1774
1708
1774
1900
2068
2026
2090
2096
2012
2122
2108
2150
2136
2094
1948
1964
2168
2154
1930
1808
1788
1816
1966
1848
1820
1884
2004
2174
2192
2252
2274
2094
2136
2044
2178
2218
2198
2358
2126
2078
1898
1872
1856
1864
1780
1672
1758
1806
1978
1894
1824
1754
1692
1662
1562
1496
1518
1368
1414
1404
1470
1484
1412
1388
1452
1382
1582
1324
1250
1304
1260
1286
1364
1268
1358
1608
1552
1574
1754
1754
1646
1668
1592
1782
1870
1880
1912
1740
1666
1698
1772
2000
1932
2020
1954
1786
1840
1772
1756
1664
1754
1572
1602
1404
1502
1396
1246
1222
1208
952
968
1240
1352
1426
1432
1576
1456
1232
1206
1326
1370
1262
1252
1048
1166
1268
1210
1148
1070
1148
1110
1096
1362
1282
1334
1424
1386
1344
1294
1254
1282
1310
1372
1458
1588
1622
1420
1330
1202
1058
886
706
724
676
802
772
770
806
906
846
840
876
828
930
986
928
1006
1076
1098
1154
1078
1292
1092
894
808
712
752
592
586
492
484
574
604
492
450
534
602
622
628
608
652
640
610
652
610
914
880
998
1024
1004
896
752
740
758
632
638
722
1026
1022
934
1020
872
776
788
930
914
914
972
920
912
856
1060
812
704
500
398
500
592
532
692
642
574
624
642
590
778
840
836
646
636
538
334
426
374
112
96
212
78
206
168
64
162
98
184
278
222
396
430
436
426
542
522
634
684
694
658
586
502
518
596
504
632
636
822
866
932
912
940
928
1152
1008
930
852
912
1022
930
868
900
978
1002
1242
1126
1104
1006
936
878
1058
1038
1186
1146
1036
1116
1014
998
896
862
896
1046
980
1100
860
930
868
916
884
832
988
1152
1214
1344
1382
1496
1514
1502
1490
1432
1268
1456
1442
1466
1346
1278
1370
1276
1346
1434
1546
1378
1632
1754
1714
1806
1916
1838
1994
2178
2136
2072
2146
2022
2044
2160
2208
2264
2128
2104
2160
2136
2016
2042
1924
2022
1910
2020
2014
2160
2188
2398
2360
2366
2346
2364
2236
2246
2286
2188
2126
2036
1838
1650
1846
1802
1846
1982
2172
2258
2170
2160
2236
2416
2238
2380
2302
2134
2204
2326
2418
2364
2284
2098
2006
2022
1898
1824
1844
1798
1702
1548
1514
1262
1326
1266
1210
1358
1214
1382
1298
1376
1536
1522
1458
1368
1424
1558
1392
1366
1550
1432
1460
1354
1254
1250
1354
1416
1436
1506
1548
1720
1898
1854
1894
1928
1860
1856
1800
1842
1918
1896
1776
1586
1542
1366
1386
1334
1402
1576
1600
1658
1546
1470
1536
1528
1528
1542
1446
1492
1504
1352
1158
1202
1312
1384
1384
1330
1166
1196
1090
1016
1072
1044
998
946
980
916
872
892
922
1176
1170
1168
1150
1178
1034
936
938
960
898
928
952
972
1024
974
942
858
1044
1028
880
840
772
792
842
964
984
1196
1076
1082
1068
1180
1234
1382
1294
1290
1256
1288
1210
1262
1180
1100
1006
956
916
1072
1282
1266
1204
1080
1014
988
976
1062
1036
1092
1098
1068
1002
1210
1176
1288
1196
1206
1288
1288
1362
1438
1406
1524
1538
1520
1272
1234
1132
1076
1016
1012
1014
932
610
792
880
852
984
968
818
772
818
738
700
886
664
888
1118
1082
1034
1072
976
1138
1052
1046
1236
1302
1212
1170
1160
934
930
904
728
546
340
298
318
442
286
254
284
362
262
280
176
16
120
228
268
222
150
276
192
68
40
14
32
32
70
28
80
114
88
164
328
354
288
396
386
410
306
324
436
400
462
462
612
576
508
438
262
158
142
192
348
278
56
36
4
46
198
168
114
198
268
332
398
354
186
272
308
252
370
468
530
534
628
646
718
550
544
682
676
664
756
736
970
738
552
576
594
588
500
332
340
368
336
448
552
580
626
648
650
792
822
782
672
820
920
928
1138
960
854
848
704
738
784
646
660
686
824
940
830
850
898
792
754
752
776
672
804
838
688
824
1068
986
1044
1162
1172
1180
1094
1008
1020
864
698
648
576
474
530
598
552
446
270
226
458
414
372
528
480
442
412
452
556
622
458
636
764
790
740
564
486
638
600
588
502
522
664
522
476
612
616
596
516
584
594
624
568
684
556
504
476
392
426
394
402
268
180
358
104
52
46
100
102
28
48
66
0
174
190
68
46
30
184
40
196
52
120
124
144
30
136
10
22
178
148
26
158
44
18
82
124
8
304
298
326
248
194
60
190
166
272
386
484
500
652
520
766
730
754
714
582
510
556
526
336
496
516
468
330
192
264
244
290
404
470
436
206
172
306
318
330
310
238
286
214
232
114
20
68
40
136
292
230
340
314
148
54
32
176
244
300
260
128
212
220
178
106
16
170
134
136
86
48
46
100
78
68
172
246
262
270
288
142
88
108
142
232
404
274
34
46
92
80
130
210
274
364
366
332
400
384
352
226
94
30
246
398
286
336
376
464
378
242
182
180
28
98
288
206
312
276
488
558
404
584
538
646
662
698
716
652
566
514
534
320
338
188
144
6
18
66
226
282
208
290
426
158
140
164
170
246
308
366
360
314
404
352
292
402
492
574
550
474
464
544
506
602
532
574
610
554
632
670
850
816
1070
1058
1056
906
904
840
978
1176
1076
1114
982
1060
956
1078
1078
972
1128
1090
1028
1266
1128
846
572
794
778
820
734
804
880
834
882
1008
976
888
986
884
822
858
778
750
764
644
546
560
530
420
438
396
452
560
598
482
520
568
540
674
722
896
752
922
892
780
658
596
818
708
542
584
632
674
448
410
462
404
260
218
192
268
352
278
166
74
202
220
80
44
42
76
86
136
162
198
156
118
58
324
396
422
384
426
378
336
322
348
312
152
202
286
512
684
696
542
542
498
442
304
438
454
504
518
538
558
570
622
552
622
502
508
416
374
518
608
516
438
372
412
430
614
696
774
724
746
766
842
782
936
794
770
654
710
620
614
510
328
62
66
70
92
54
78
62
30
192
138
210
282
264
190
168
112
0
22
98
150
100
26
156
38
28
38
76
10
8
44
164
266
222
118
430
528
336
380
302
250
98
244
358
342
426
288
342
368
588
592
582
622
560
