402
452
496
530
494
482
510
470
532
546
542
454
434
442
432
436
448
442
462
434
486
506
496
464
452
434
422
482
442
458
434
456
448
468
496
536
544
534
566
566
562
582
604
570
594
598
624
608
674
672
672
676
678
722
738
718
750
766
756
772
706
692
676
644
666
618
600
660
640
654
718
696
650
626
614
622
596
586
592
566
610
564
520
530
532
512
544
524
550
544
574
568
556
570
582
588
582
624
624
622
602
614
644
674
678
664
676
670
656
644
662
684
668
660
666
682
626
574
570
578
574
552
552
542
528
532
554
612
592
604
592
616
620
632
632
644
648
628
684
670
640
648
656
658
694
712
692
678
642
616
600
658
640
622
660
670
676
682
666
692
666
648
680
672
706
696
738
712
744
728
766
744
816
818
784
802
820
830
842
806
772
784
762
732
750
812
828
802
824
840
856
854
808
808
854
848
854
856
894
892
876
870
828
824
824
794
802
786
736
734
734
742
726
714
726
756
748
756
756
738
748
738
732
696
716
752
738
698
692
706
712
682
692
718
692
716
632
618
588
548
562
578
584
542
564
582
628
608
566
582
590
592
576
558
594
554
576
556
546
614
564
550
578
534
524
536
510
510
486
490
500
522
518
524
488
466
528
498
528
530
548
520
528
504
542
552
544
538
558
586
582
610
574
574
578
578
574
630
602
558
548
582
606
608
596
552
620
642
656
646
676
676
646
618
660
600
604
572
536
586
570
538
514
534
536
560
520
544
634
612
646
648
674
684
664
674
666
658
662
642
666
692
642
646
640
608
584
516
512
538
518
512
522
542
544
542
538
512
514
570
606
614
596
560
592
612
660
684
686
672
664
646
630
642
602
542
630
600
592
594
572
554
566
558
518
520
570
612
608
608
534
522
482
516
490
518
496
560
524
584
564
612
560
576
608
598
612
580
598
568
616
682
678
690
636
626
668
702
728
676
678
676
672
662
646
618
592
614
600
620
556
568
558
578
570
544
506
470
496
442
444
458
448
474
480
472
460
508
506
482
488
466
428
460
442
446
472
474
466
506
486
498
522
530
528
532
536
570
576
562
606
630
614
576
564
598
626
644
664
640
600
596
614
584
598
552
572
582
596
548
516
518
586
596
600
594
602
672
654
676
658
652
634
654
670
670
650
634
616
612
602
590
582
640
630
684
730
760
738
764
750
728
716
696
704
686
702
702
712
694
686
738
710
724
756
786
780
770
810
804
796
762
800
784
798
848
862
844
816
800
848
838
856
874
874
864
852
828
824
840
848
852
822
846
850
818
798
756
786
778
772
834
844
878
858
852
858
842
826
794
782
774
796
814
776
788
808
798
776
796
776
816
850
832
864
884
852
880
870
878
868
836
870
868
888
920
906
888
880
860
830
852
852
876
872
890
910
898
830
852
832
830
826
844
874
862
852
874
892
910
886
870
840
792
806
832
824
842
818
824
784
768
708
702
646
642
604
494
452
490
416
448
472
460
434
466
428
510
512
466
494
522
504
494
572
556
508
478
476
514
524
542
556
544
626
578
580
526
484
494
448
438
442
452
466
442
426
430
390
410
462
424
438
386
396
370
342
306
298
286
278
280
316
292
328
316
282
286
250
310
342
370
390
384
370
364
378
386
408
412
390
406
428
402
432
466
444
442
446
466
444
412
464
462
444
434
434
426
388
420
452
428
432
390
412
392
366
394
378
458
462
470
444
426
444
472
532
502
538
546
536
540
566
582
614
608
598
600
640
626
648
656
626
624
564
564
536
536
486
544
522
532
526
494
536
498
582
572
620
668
614
628
608
618
636
648
700
676
690
708
678
728
724
690
740
670
706
706
682
648
684
714
728
718
706
660
718
766
764
774
742
766
760
730
758
726
750
768
772
766
740
760
716
726
730
720
706
756
778
800
770
742
774
768
738
732
742
774
760
744
770
754
722
736
734
722
716
758
810
824
806
796
802
776
792
790
746
736
772
792
768
754
752
718
708
718
720
694
714
716
724
686
656
672
670
720
724
722
754
758
780
762
774
762
770
724
730
770
798
794
790
766
788
766
762
766
764
738
724
762
762
784
784
808
778
812
798
830
868
846
860
836
852
826
812
824
834
850
848
856
844
848
866
866
846
856
856
820
842
848
822
840
820
828
834
812
824
808
828
820
832
892
882
876
860
876
878
898
894
888
874
860
852
834
870
856
828
812
822
814
800
798
860
842
856
870
842
816
820
844
814
836
840
842
850
864
796
816
768
760
736
728
732
724
758
720
720
714
766
798
778
758
780
776
726
716
782
800
810
802
846
864
868
830
786
794
780
814
804
858
842
818
810
820
758
778
772
784
822
822
764
802
806
830
782
772
784
844
870
908
888
904
878
880
892
878
882
898
894
920
900
854
874
888
870
876
860
860
848
834
808
804
820
862
810
792
820
820
848
886
884
864
858
860
848
838
790
782
816
826
858
838
850
784
794
766
766
800
820
832
838
850
830
840
838
828
848
826
804
820
812
822
850
846
854
894
874
858
870
792
748
748
796
772
776
708
724
776
784
788
790
786
772
738
746
772
772
750
744
762
790
788
776
708
676
756
744
744
766
720
682
702
698
686
688
620
588
610
628
672
614
530
534
498
554
556
588
584
582
580
628
628
598
608
632
616
622
632
678
672
730
756
776
800
794
740
746
674
726
688
692
686
674
666
704
686
696
698
724
748
744
724
736
752
782
802
822
834
814
792
822
738
736
748
812
800
804
850
778
818
832
786
712
746
748
750
786
728
742
754
750
782
770
790
784
774
768
786
794
820
796
782
828
854
856
848
862
852
826
842
820
790
800
818
804
844
808
794
810
826
816
764
782
810
834
876
894
890
878
914
898
912
860
864
850
856
850
816
812
870
890
878
832
830
814
832
848
870
836
806
786
790
822
816
822
782
784
788
788
806
796
796
802
814
788
792
754
736
744
722
758
770
786
792
788
780
750
714
700
684
670
646
690
658
668
678
702
694
666
678
720
734
774
794
788
760
768
784
772
782
766
746
736
750
764
756
758
788
810
798
818
770
780
758
780
766
762
754
772
768
702
698
728
710
712
740
726
716
718
722
738
756
816
802
800
774
716
702
726
728
742
748
724
744
750
722
722
744
738
746
772
744
750
736
744
734
742
744
730
792
744
742
738
788
750
752
702
760
744
748
758
724
656
656
660
692
688
664
622
636
652
640
682
664
620
642
702
716
694
706
704
736
738
780
768
776
756
792
822
862
842
816
764
766
726
752
792
752
768
734
692
714
704
724
726
728
732
708
744
728
690
682
718
764
764
754
770
758
726
734
696
740
756
744
778
794
810
786
814
794
828
790
798
798
800
836
814
870
902
852
830
844
834
840
838
870
826
836
852
828
872
902
900
888
810
830
832
836
852
854
852
868
880
882
868
854
830
802
808
830
828
810
806
832
790
748
750
752
746
764
758
758
764
726
744
716
726
764
794
806
814
806
794
788
814
838
842
866
872
844
874
868
834
788
782
812
840
838
828
828
834
808
806
798
830
810
828
812
790
822
776
792
808
784
762
800
818
840
840
848
842
840
806
794
790
808
818
810
754
766
750
750
724
734
730
730
730
722
732
730
724
708
702
732
742
700
658
698
702
690
702
664
630
650
580
624
628
640
604
606
624
644
650
640
612
606
586
620
644
608
626
654
638
616
598
610
644
682
672
676
674
670
676
696
696
690
696
664
664
650
596
622
620
628
608
656
666
702
704
680
676
720
746
744
720
722
698
724
740
702
632
626
618
580
618
638
660
642
628
582
560
558
566
516
492
486
510
522
516
520
482
478
490
504
518
526
480
458
456
506
576
564
526
556
582
598
620
626
594
588
558
578
562
516
564
554
504
532
550
532
514
520
484
494
516
500
532
586
590
564
484
474
486
454
496
488
550
572
584
578
588
634
586
588
578
594
584
624
610
642
616
618
614
662
666
638
624
584
590
652
742
752
754
772
750
686
704
692
704
716
696
692
682
644
684
712
696
736
740
678
678
694
738
706
696
748
758
776
786
794
806
786
762
786
776
794
774
792
804
818
816
822
798
792
772
770
738
762
796
812
820
800
796
794
814
772
742
732
688
742
758
772
802
856
808
794
766
796
794
814
780
816
832
852
850
880
876
898
910
904
880
844
832
850
838
794
822
814
810
800
830
788
770
744
756
768
744
724
712
712
688
686
706
692
684
702
684
710
714
706
702
692
652
690
724
740
742
752
716
716
722
730
756
738
750
756
728
738
762
750
748
746
758
726
718
718
744
762
768
736
808
806
768
798
810
832
848
832
856
866
870
890
914
910
912
888
850
848
820
812
866
838
864
852
836
836
788
786
756
760
802
786
774
720
724
752
758
766
744
762
738
736
756
790
766
804
770
746
742
722
718
746
774
772
748
734
748
756
726
732
748
740
732
738
786
752
766
774
792
796
774
762
788
738
752
730
766
744
698
684
668
692
700
642
632
630
604
610
616
584
602
610
614
630
658
666
664
612
646
604
612
612
692
726
706
758
712
694
696
718
