844
848
862
846
844
872
836
864
828
844
844
848
850
838
836
858
866
898
866
846
850
860
890
912
862
870
892
892
916
914
924
906
916
910
908
896
902
916
924
892
924
918
848
854
896
918
904
896
898
898
918
898
936
942
944
930
956
942
928
938
914
910
910
910
928
938
920
920
890
860
864
866
884
862
878
868
892
860
854
860
836
822
836
850
846
864
850
882
904
932
952
940
924
934
964
946
944
958
914
936
930
960
964
954
936
940
942
938
934
936
938
906
906
926
922
902
894
884
878
890
874
906
922
898
918
902
888
894
908
938
932
952
932
896
896
908
920
942
942
904
900
888
902
900
926
920
908
892
908
914
908
910
874
878
848
876
876
886
860
890
868
886
880
834
800
796
834
832
818
860
904
890
902
910
920
886
894
892
872
884
878
890
882
884
862
884
874
902
872
874
898
904
910
926
940
904
894
914
886
856
870
890
896
900
866
856
836
854
854
884
880
884
878
880
850
856
852
880
898
878
882
892
876
878
892
870
870
880
910
872
840
824
824
796
844
848
846
850
842
838
872
890
862
830
872
872
890
904
920
940
938
958
950
930
892
904
924
928
926
942
940
938
932
912
910
886
888
868
892
882
882
884
868
868
902
932
918
916
916
930
906
892
876
888
858
824
776
778
748
774
810
786
824
808
852
836
868
876
892
868
892
882
892
882
860
868
840
880
896
890
872
882
886
888
886
928
930
936
934
914
938
914
920
926
920
932
934
952
932
958
918
940
928
934
922
888
888
868
898
912
928
946
916
902
904
884
916
918
936
928
942
920
912
932
880
904
930
918
912
904
926
932
946
940
930
920
888
908
918
924
900
900
904
894
888
896
916
916
916
894
892
912
920
904
870
872
866
898
894
884
874
884
908
888
880
852
862
842
778
778
800
834
830
802
832
846
870
876
832
804
808
780
766
810
836
826
830
858
874
900
904
884
874
860
874
856
894
906
870
884
888
870
834
858
858
926
922
918
908
926
908
894
906
916
926
936
904
918
914
914
898
914
940
938
926
924
908
906
936
908
914
908
940
966
976
964
944
944
954
946
960
950
926
936
916
930
944
940
956
936
940
944
912
922
936
934
946
960
948
934
926
938
936
928
918
926
942
906
924
906
882
918
916
920
912
914
932
912
946
932
930
924
928
908
898
922
924
912
930
950
924
938
922
910
894
854
838
840
852
860
858
900
916
930
912
900
900
912
904
872
868
886
916
950
924
904
906
870
876
824
832
880
876
892
922
952
952
926
948
956
962
932
934
946
942
910
936
930
938
936
934
936
924
888
878
886
874
856
842
852
862
866
880
856
860
860
870
882
892
880
894
902
908
860
894
906
898
852
858
848
852
920
916
898
892
894
890
896
884
862
882
894
872
888
898
902
910
888
896
862
884
884
882
902
906
856
852
870
894
892
878
878
836
842
860
884
876
858
864
808
816
862
898
884
898
912
908
906
926
930
926
922
918
890
882
908
950
938
900
868
864
906
884
920
942
942
924
916
918
934
930
926
936
948
954
948
962
940
920
906
932
928
928
898
896
834
870
880
912
924
936
950
928
926
918
900
914
928
942
954
920
932
924
920
916
920
916
918
924
924
920
908
924
934
924
910
884
860
864
870
860
836
834
846
828
858
864
908
920
922
904
914
926
924
920
910
920
928
942
934
902
910
920
924
940
932
926
928
904
904
910
920
932
884
906
916
874
872
870
886
854
846
834
850
880
894
908
934
926
882
880
936
928
948
950
950
942
956
952
936
918
902
904
910
912
908
900
894
868
888
876
882
896
872
888
866
864
894
854
848
856
856
854
880
884
878
878
892
900
894
882
870
846
854
874
874
870
864
870
848
852
842
872
894
918
922
914
896
892
866
864
840
828
830
860
838
844
858
868
876
870
882
870
866
856
858
774
742
774
764
786
742
810
762
746
742
754
738
784
794
786
812
820
798
760
726
728
778
834
840
828
864
848
868
872
920
866
896
866
902
872
898
890
870
896
906
908
910
914
922
928
936
928
938
946
930
944
950
924
936
898
908
930
940
940
940
942
940
932
900
884
858
852
890
896
946
950
922
916
912
924
946
974
976
954
912
898
874
876
872
896
880
868
894
896
882
880
856
842
886
912
914
912
912
942
914
892
888
870
860
888
862
834
874
904
930
918
910
916
916
914
942
924
926
926
926
912
858
878
900
894
896
864
870
858
850
856
838
850
874
878
928
936
896
872
912
900
896
896
890
878
900
906
920
920
926
904
898
884
908
896
908
900
890
854
856
866
898
876
852
842
858
844
822
824
864
870
898
880
858
848
862
854
836
832
866
820
818
860
884
860
882
890
886
878
864
842
818
870
892
876
868
864
868
906
916
936
936
914
924
872
894
882
886
882
894
898
894
886
866
926
932
914
890
908
914
910
902
946
958
932
894
920
930
944
910
926
948
928
930
904
912
922
890
920
934
926
920
902
908
912
930
926
906
914
902
888
922
898
908
936
928
926
914
916
896
890
910
910
896
928
928
944
940
938
920
860
860
816
820
852
870
834
826
832
856
864
874
860
846
868
856
830
846
818
794
804
822
794
832
832
826
860
894
892
922
926
948
914
906
912
914
898
874
880
882
914
928
920
898
908
896
908
888
924
886
900
874
822
854
856
900
888
896
904
906
946
942
946
942
952
954
940
896
906
868
874
870
818
796
820
846
838
844
870
898
898
880
862
862
890
866
864
866
872
872
884
900
882
936
920
896
898
924
910
908
898
898
896
882
910
920
898
926
920
916
908
910
950
938
922
908
904
890
894
882
860
876
910
916
886
894
904
878
854
846
844
842
866
864
892
912
870
884
902
910
944
932
942
910
894
898
884
888
876
886
876
886
894
888
904
900
868
880
852
862
880
920
916
916
916
950
924
928
908
870
898
916
928
920
874
860
872
896
896
914
932
916
934
902
912
902
924
944
948
918
926
938
922
914
906
912
918
908
896
890
892
910
922
948
934
920
918
938
888
930
938
926
910
914
900
904
898
898
908
896
894
884
884
904
886
892
896
908
922
944
906
926
956
942
976
956
924
914
904
906
924
930
918
940
926
924
934
930
894
892
920
932
920
918
914
904
848
864
834
806
818
832
862
872
878
914
896
886
850
874
858
862
890
910
918
896
902
908
904
920
916
892
874
878
896
860
866
854
856
898
896
926
910
910
890
896
886
898
878
874
890
896
878
888
868
874
858
876
870
872
888
924
902
918
876
912
922
922
900
898
870
850
864
876
874
870
908
900
890
916
898
892
886
878
880
880
864
850
854
866
850
846
838
826
802
800
830
802
808
820
822
850
840
866
872
878
852
844
844
864
858
830
840
864
864
870
894
900
918
914
896
894
910
936
914
930
924
928
942
920
906
902
914
874
892
908
896
904
888
886
900
904
862
864
856
856
854
844
870
886
860
872
848
856
854
878
864
888
902
932
930
916
900
868
888
890
902
910
882
882
854
852
866
850
824
848
858
878
884
846
850
846
866
856
878
890
928
954
912
908
898
894
846
878
884
906
874
874
884
884
912
892
902
908
922
920
910
896
904
902
892
894
900
908
898
884
902
878
900
892
884
890
884
866
844
836
866
874
870
846
878
862
854
846
832
820
812
796
864
826
838
844
816
798
810
820
850
842
822
808
874
864
916
890
892
908
898
880
836
884
900
942
942
928
926
928
920
896
920
910
914
920
916
912
892
896
896
892
870
902
878
898
932
926
946
958
954
972
946
954
958
920
910
904
914
932
926
920
954
912
914
910
936
956
936
918
918
926
948
924
936
922
912
926
908
896
882
904
884
886
856
892
878
858
900
936
928
948
942
922
884
904
918
922
934
954
942
938
948
946
920
906
910
926
906
902
886
866
870
906
920
880
932
904
898
914
938
934
916
922
944
936
880
914
922
930
918
892
900
894
916
878
884
900
870
882
876
860
894
884
844
854
878
898
906
904
918
940
926
938
924
906
914
882
852
854
898
896
866
868
924
900
862
844
824
860
852
868
870
856
866
866
860
848
864
870
884
866
856
864
878
888
876
864
848
874
890
894
914
884
904
928
946
964
954
940
932
952
950
936
914
940
936
908
914
926
938
922
914
918
918
918
898
902
908
944
958
930
896
898
914
908
916
922
900
902
874
924
918
942
950
952
960
970
960
934
930
938
916
940
930
910
878
894
918
898
908
920
922
926
914
904
928
908
912
862
876
870
856
836
870
900
882
884
868
868
862
834
854
862
872
870
916
908
900
890
850
858
872
874
860
878
890
882
838
868
880
896
880
860
844
840
824
842
828
852
870
846
834
826
808
802
782
806
846
830
822
868
892
922
926
902
910
884
906
904
908
854
884
870
894
932
906
932
936
926
936
926
934
940
936
904
930
938
892
868
890
874
882
906
902
904
906
884
864
884
886
898
920
932
934
918
920
904
878
868
906
928
926
908
916
912
934
936
936
916
912
926
930
940
922
926
922
916
910
892
912
918
930
924
926
914
892
920
938
912
920
920
878
894
894
882
896
904
