360
344
370
396
388
350
356
342
354
372
358
338
316
310
312
326
310
302
290
272
336
278
266
260
240
222
196
200
230
208
206
224
264
266
226
202
166
152
128
140
112
132
118
114
164
152
124
86
112
90
108
96
104
110
94
110
112
124
70
102
134
128
138
214
194
210
234
322
320
306
320
342
318
308
310
300
368
396
446
470
466
480
462
466
436
486
476
452
456
422
368
324
298
390
430
430
394
374
348
368
386
430
420
374
334
314
292
268
208
216
218
262
252
244
210
204
222
228
278
300
322
312
300
292
260
200
202
226
246
252
280
276
256
296
274
298
332
324
326
322
238
236
260
236
260
246
268
250
182
230
234
204
210
218
176
154
156
164
200
182
150
116
80
56
64
72
92
64
112
122
94
86
132
120
114
110
118
56
74
42
88
88
110
84
50
26
16
38
42
22
18
20
18
2
32
48
66
82
58
58
90
80
10
24
4
6
16
26
20
32
10
8
2
2
2
24
12
38
10
76
84
78
58
48
102
106
134
188
232
230
262
262
260
278
300
270
210
200
168
122
158
156
200
202
242
272
246
214
232
180
198
214
166
160
200
186
196
180
170
174
146
166
170
164
192
132
176
250
198
170
176
176
174
212
190
198
216
262
282
296
344
364
324
322
358
324
370
328
346
340
312
262
302
320
296
278
272
318
326
326
286
208
204
206
190
174
208
162
192
224
232
200
158
176
176
172
174
138
128
120
178
226
188
212
162
184
156
150
176
194
230
256
332
336
324
356
310
270
326
286
340
368
410
402
442
444
504
488
446
466
436
456
432
448
494
484
532
534
546
562
534
546
552
542
522
538
518
562
556
540
482
472
490
494
504
516
564
560
540
560
614
612
666
674
690
670
676
688
708
704
676
664
646
612
622
566
546
540
612
582
588
578
590
596
626
656
692
684
728
726
706
728
742
688
646
614
598
594
628
664
582
548
586
534
554
510
484
546
592
580
542
522
492
482
470
454
492
512
562
552
552
518
504
524
490
498
510
502
492
500
526
532
518
536
482
506
510
532
538
518
544
556
578
500
540
566
558
552
568
554
558
556
528
528
514
532
568
600
598
652
682
690
692
656
616
630
670
640
638
658
684
688
716
704
714
726
766
714
726
724
712
716
738
724
746
766
772
794
784
824
836
820
832
832
770
772
740
686
700
670
702
692
658
620
626
568
616
650
614
642
660
678
656
662
668
678
654
668
720
660
682
678
684
648
624
612
614
624
626
612
610
614
644
652
634
678
668
716
682
688
680
678
614
636
628
680
682
658
656
618
628
656
640
644
666
612
642
596
668
620
586
606
642
716
706
706
688
710
724
750
708
720
766
744
778
752
776
794
834
802
788
776
772
760
754
758
770
764
712
702
720
730
722
740
750
740
698
690
678
658
614
634
650
638
702
682
712
702
698
648
612
600
604
644
694
642
630
618
578
600
628
678
688
654
640
636
640
630
646
670
610
606
604
584
600
604
590
538
546
562
544
516
518
472
482
410
410
360
350
328
356
378
412
418
438
452
460
470
460
460
480
434
410
396
444
430
456
446
476
492
482
452
456
426
410
460
466
452
412
396
370
362
428
448
492
494
464
470
430
476
454
450
394
434
406
396
392
412
362
344
324
350
376
400
438
418
384
394
372
354
378
348
398
408
378
370
398
406
408
426
394
408
428
506
486
440
452
392
388
422
468
472
410
410
390
424
474
452
482
510
450
380
396
392
392
396
396
360
378
368
322
246
324
316
266
262
298
244
276
256
258
278
368
372
402
454
486
478
516
524
484
488
508
520
518
502
502
540
512
532
566
574
592
578
544
530
554
574
580
614
658
686
676
706
686
664
728
708
662
682
672
712
700
712
726
714
750
756
740
722
752
734
754
754
806
772
776
750
738
762
730
742
732
696
728
744
724
708
686
718
808
816
770
708
682
710
714
686
690
724
734
702
724
750
742
738
762
762
798
784
796
808
830
822
846
838
830
828
818
820
848
824
788
772
810
796
788
782
786
810
782
774
784
778
816
822
812
792
782
802
848
824
812
780
808
822
798
754
738
786
772
836
780
800
804
810
792
760
726
736
780
748
768
758
780
796
796
782
766
788
796
812
810
798
762
768
758
752
782
742
712
714
710
678
668
712
708
722
738
744
696
702
718
756
732
728
720
712
732
764
746
760
732
772
724
718
718
748
740
744
782
772
762
796
808
790
752
752
738
756
754
782
756
786
780
704
756
768
718
750
714
720
700
728
714
614
634
638
662
720
718
714
712
704
704
734
698
658
668
664
682
706
686
708
730
668
660
624
622
598
600
586
576
528
532
506
538
532
518
542
520
502
496
496
500
510
548
582
512
504
530
492
504
576
548
556
556
520
564
582
554
500
516
502
536
484
468
486
506
516
500
536
564
600
614
596
560
588
556
552
546
518
506
506
526
552
608
622
612
606
554
560
518
478
478
520
514
500
530
528
542
564
608
656
640
614
656
624
626
616
556
572
594
606
582
616
624
584
542
552
516
506
540
508
518
552
578
602
594
564
518
528
558
538
540
540
558
548
526
532
472
464
396
378
320
344
386
374
384
364
392
408
422
414
418
436
382
394
394
402
408
372
404
438
448
446
432
448
430
402
374
384
412
450
454
418
422
374
294
304
338
328
346
320
400
428
498
472
394
330
356
328
330
334
302
336
350
354
362
436
410
356
350
414
414
434
404
376
368
324
334
374
358
396
372
426
448
430
444
436
446
456
436
454
416
464
462
472
458
478
498
418
456
448
484
494
510
496
518
512
518
478
448
464
502
528
526
532
462
438
414
332
344
320
276
270
298
278
280
210
146
118
178
148
208
206
184
178
234
294
270
320
294
280
306
324
382
406
424
420
426
404
436
390
358
392
372
380
382
332
304
344
296
240
180
174
154
222
180
168
202
228
282
316
316
286
274
258
274
320
310
338
316
316
358
356
388
352
396
380
350
392
456
444
444
470
514
574
604
556
560
552
482
536
546
516
456
452
464
524
498
512
486
554
538
518
518
528
510
474
442
414
410
400
366
348
362
396
416
410
368
352
362
348
328
342
364
282
262
294
320
282
262
266
342
342
328
274
222
304
258
294
320
346
314
284
302
280
286
258
222
278
264
310
330
272
244
232
232
256
246
238
236
260
298
296
254
216
220
252
254
266
336
370
364
404
386
478
480
478
468
486
492
508
488
420
428
474
488
496
516
580
602
648
654
670
678
670
646
632
636
640
604
606
620
644
694
674
618
598
552
604
632
690
646
596
604
592
584
580
592
608
634
624
638
620
674
712
662
630
584
636
636
644
644
632
642
620
572
604
652
684
692
686
698
696
690
660
706
722
708
676
682
638
690
676
670
656
686
670
700
724
728
778
768
778
796
796
802
808
756
792
768
788
786
752
768
784
756
760
794
816
838
858
846
826
804
818
792
750
758
786
746
742
778
754
826
832
792
816
818
850
854
854
878
916
844
834
830
848
840
834
780
776
802
802
846
840
806
840
868
852
858
808
770
686
696
730
736
792
780
768
750
806
778
774
778
750
774
750
770
770
748
764
766
754
802
786
784
808
764
796
780
800
756
790
800
828
806
760
756
780
778
778
738
744
712
700
684
668
632
584
620
612
568
606
594
578
582
558
546
544
510
534
542
514
448
436
462
452
438
388
380
384
392
428
452
472
500
466
512
458
458
458
384
378
388
346
358
326
284
248
188
186
198
214
160
178
166
134
112
112
146
116
122
100
96
110
86
68
70
86
118
76
112
104
130
134
136
132
154
160
182
218
190
142
158
158
100
130
124
94
132
202
142
140
162
160
156
208
218
210
266
234
222
206
172
178
182
148
100
110
136
152
150
156
92
64
102
118
114
120
96
106
76
52
88
92
96
24
22
10
40
6
2
24
40
84
98
98
76
88
80
70
64
74
14
12
42
12
42
40
56
62
96
42
2
72
114
10
18
78
92
116
92
84
138
158
154
146
140
152
170
162
170
98
70
94
94
96
116
86
34
86
98
104
72
14
18
22
14
44
48
46
62
64
54
72
68
68
106
52
62
30
44
54
18
6
62
100
94
98
144
162
178
212
226
182
184
204
184
162
200
152
142
96
128
166
200
214
222
242
186
220
210
272
216
236
256
274
302
338
310
288
286
246
212
202
202
238
248
260
266
240
232
272
294
344
334
342
312
276
262
210
216
254
198
192
174
168
172
236
240
246
262
234
202
238
260
268
232
218
180
142
136
162
144
150
182
214
188
188
162
166
122
92
118
114
102
114
124
136
146
144
142
170
182
194
226
226
260
264
256
236
182
240
262
252
242
240
252
270
330
314
300
334
354
418
388
420
452
474
492
490
460
492
468
456
432
418
462
430
420
444
446
400
442
460
512
544
550
518
494
488
462
490
458
448
506
542
494
492
478
486
530
540
582
558
556
570
580
548
572
572
592
566
590
594
576
580
582
550
500
472
424
434
438
432
434
440
430
388
410
456
418
390
346
354
340
330
376
392
396
374
344
358
286
230
266
302
