348
354
334
388
406
396
382
328
282
252
246
274
286
270
290
282
286
276
280
230
280
264
268
222
204
220
200
228
224
244
226
230
200
260
244
278
246
256
276
298
360
338
330
302
284
240
202
82
82
84
72
46
98
94
72
136
202
214
172
174
180
172
136
122
94
26
76
48
8
76
72
4
28
64
42
82
58
42
76
118
116
74
132
74
38
34
10
42
44
24
28
48
44
70
26
8
16
6
56
24
42
98
24
60
56
54
0
44
6
20
56
44
24
10
20
12
76
72
104
56
78
54
72
110
120
140
170
206
176
170
74
82
102
12
26
52
56
54
58
92
72
72
12
24
8
0
34
20
24
4
16
12
14
32
22
32
62
48
46
0
74
26
82
168
204
156
144
162
154
242
282
252
188
176
212
182
194
174
218
200
214
270
312
278
318
372
396
382
452
502
504
470
450
512
532
496
456
422
420
398
418
458
484
474
462
456
486
456
522
500
508
478
518
488
496
506
514
538
548
510
530
540
524
548
544
512
512
438
418
400
440
434
474
438
408
398
388
462
374
430
430
406
396
346
404
468
456
408
414
432
414
388
370
330
312
280
284
312
314
330
358
446
456
402
398
414
416
400
336
328
264
266
264
240
212
212
208
230
214
180
152
126
126
116
84
92
150
86
108
136
204
198
248
266
266
300
262
304
234
284
374
346
376
388
314
316
342
374
338
368
396
448
472
512
548
574
558
594
568
582
566
508
506
526
466
492
508
458
494
498
454
412
372
364
376
398
358
374
372
360
324
332
356
292
318
348
318
292
324
298
328
316
316
304
352
264
214
228
266
240
254
294
276
274
270
304
308
330
328
362
422
398
354
384
402
350
328
332
260
256
238
230
218
290
280
230
262
254
248
276
300
348
340
322
332
348
278
296
348
340
360
328
266
306
334
382
416
398
386
408
330
288
292
296
306
262
236
246
286
308
288
334
256
166
76
88
44
76
46
54
60
12
58
50
42
54
68
78
34
12
12
4
16
24
8
40
22
56
76
92
108
76
98
98
118
118
112
96
38
90
132
86
116
174
160
122
68
92
70
96
148
228
270
276
350
344
374
368
364
370
374
372
344
344
376
338
320
312
326
344
332
304
312
310
340
304
278
220
224
168
118
160
186
158
168
220
214
264
236
136
156
130
134
142
140
166
172
190
208
192
112
152
134
218
166
122
162
184
168
94
80
58
58
32
6
70
38
14
54
76
90
64
86
54
108
108
90
78
74
90
78
54
66
90
68
22
6
14
14
14
32
82
112
102
98
28
56
68
60
36
14
0
22
24
58
48
24
60
76
104
112
104
146
170
118
116
88
114
70
34
102
68
116
100
38
60
24
20
72
102
114
104
94
74
104
148
170
166
114
110
120
72
104
68
62
60
66
46
12
44
58
62
28
8
8
28
54
40
12
4
64
62
90
110
152
174
234
274
282
258
258
232
202
210
224
162
206
108
112
124
88
112
150
114
152
142
146
132
82
36
8
20
52
64
32
86
34
34
156
152
124
102
104
130
50
86
56
106
100
56
54
8
24
74
96
28
4
16
26
36
12
48
30
36
8
116
72
96
120
138
154
196
174
232
300
288
334
344
366
374
372
352
326
304
280
290
278
270
270
254
328
326
314
348
350
310
236
230
236
248
250
222
128
130
86
74
88
104
144
214
250
196
150
164
112
134
148
84
140
100
102
136
134
134
152
124
68
68
56
42
20
84
72
130
200
250
232
190
216
236
262
254
266
246
296
300
300
296
284
260
176
214
188
168
136
122
136
166
112
48
44
44
62
40
24
56
72
94
78
42
10
20
14
10
12
46
102
36
100
102
140
88
94
44
44
30
48
70
84
106
106
76
42
66
66
68
82
96
100
104
52
34
50
24
56
60
88
110
160
220
214
282
232
278
302
288
268
200
168
172
168
158
174
210
278
214
110
128
158
192
188
166
140
106
78
50
6
10
46
60
36
30
76
96
26
18
42
68
22
44
64
18
28
76
78
92
38
48
22
36
66
46
2
8
16
90
26
20
18
68
88
136
106
72
144
100
60
34
72
56
30
6
42
90
68
144
170
136
180
124
144
188
162
98
100
26
62
18
84
68
64
136
166
160
200
258
300
266
194
234
230
252
238
266
258
224
214
250
276
254
192
174
166
146
168
226
220
196
232
222
174
138
114
132
122
118
98
150
138
140
162
156
186
146
154
168
136
136
130
132
80
30
6
86
94
88
116
88
104
62
72
122
148
164
166
178
180
212
208
214
192
192
200
250
234
350
312
266
248
242
240
234
284
350
330
336
292
266
258
230
214
242
166
240
276
270
258
220
272
208
222
190
192
242
222
208
214
196
140
124
82
68
48
60
98
120
130
114
74
68
44
136
106
152
168
190
226
264
278
192
160
170
226
252
200
226
186
190
188
218
202
240
212
178
148
162
196
230
244
208
196
138
164
154
116
154
160
164
146
154
184
212
260
250
244
266
320
338
338
376
380
388
350
274
252
242
218
266
256
216
218
214
208
210
176
178
210
248
230
228
216
264
274
302
300
228
216
188
164
182
172
160
154
164
164
192
152
184
144
162
168
176
206
214
174
202
182
148
162
152
172
148
162
150
108
52
110
96
88
106
166
146
154
184
196
188
252
162
198
220
228
210
270
260
266
284
338
356
368
378
368
350
332
306
234
236
166
202
222
282
210
182
182
146
152
148
150
166
132
252
286
284
318
342
376
380
344
386
364
396
374
348
322
286
296
306
262
258
252
300
278
278
322
280
242
240
228
242
228
196
182
202
206
220
214
212
256
236
202
220
224
172
230
240
216
242
206
162
144
170
224
280
258
306
316
304
286
260
282
322
240
326
350
280
340
330
298
352
368
390
350
340
348
358
432
478
438
432
398
398
468
414
412
354
312
352
296
288
226
234
234
256
232
210
210
236
220
280
250
292
316
394
356
320
302
336
278
316
330
256
246
220
214
198
200
98
60
62
12
60
14
36
30
28
54
136
102
56
36
32
6
2
4
24
66
44
52
88
92
52
12
30
20
10
28
46
92
36
4
16
32
56
66
70
82
8
40
30
26
46
44
10
2
16
36
62
134
122
150
180
126
166
176
190
174
208
206
226
230
222
262
274
292
288
250
186
130
194
186
192
214
198
240
300
272
234
152
86
166
142
118
90
52
82
112
140
104
134
144
140
124
76
80
78
114
90
66
36
20
36
10
10
58
110
228
236
248
272
254
260
258
240
312
280
292
294
238
156
74
66
140
144
106
66
102
92
44
46
86
82
50
84
10
0
28
48
34
88
6
10
8
4
2
4
62
106
120
156
208
210
164
172
136
98
48
4
84
94
136
156
206
226
222
228
146
184
226
134
130
82
92
102
132
144
110
200
258
278
270
236
240
310
276
298
318
314
288
340
318
356
364
382
336
342
352
426
458
504
482
508
508
524
522
382
402
348
328
392
418
428
454
430
460
518
552
548
594
626
644
598
580
592
502
432
432
472
476
414
364
376
404
382
366
324
328
350
374
364
344
356
442
458
382
384
412
378
344
390
426
390
420
360
384
396
386
358
334
326
340
340
286
262
272
218
256
256
208
218
184
148
198
182
146
110
74
112
70
52
82
204
240
178
202
240
244
204
248
264
252
256
220
226
180
162
158
232
278
270
276
300
308
270
288
304
256
312
342
376
382
414
410
368
382
374
366
352
350
366
354
416
380
392
386
414
460
510
520
480
478
492
470
516
494
520
536
558
556
546
538
522
522
576
616
520
472
408
504
492
442
448
492
478
484
496
510
494
488
508
462
520
490
484
486
482
452
408
432
444
502
580
584
556
540
574
608
614
654
672
664
652
672
656
678
676
652
610
578
544
600
582
552
528
512
554
600
588
582
578
600
606
528
518
528
532
572
562
572
616
580
564
574
660
650
634
636
622
576
564
586
570
576
630
638
626
578
590
546
494
484
564
584
584
590
616
648
642
640
674
612
604
670
650
596
588
632
638
574
584
602
592
636
664
656
680
678
674
634
580
548
576
566
518
514
514
588
604
644
644
648
582
590
636
604
552
556
568
582
614
634
616
606
588
598
618
594
616
626
704
682
666
650
694
672
690
674
648
626
636
648
654
680
612
600
542
460
456
452
400
466
434
468
450
464
432
430
446
458
504
500
490
492
520
488
466
484
524
514
494
466
522
528
520
510
538
506
418
426
442
430
424
438
442
534
518
528
536
550
558
590
562
560
552
520
546
528
556
542
514
440
466
440
452
432
350
346
374
372
306
328
322
268
252
298
374
356
344
334
252
232
196
114
88
12
32
20
66
80
130
194
154
106
112
118
204
186
140
94
90
86
116
176
206
196
242
250
260
286
278
250
238
244
206
198
152
56
70
84
110
160
114
118
86
122
132
94
96
82
76
4
26
58
74
114
136
120
150
170
108
160
106
72
158
168
86
44
92
20
4
14
4
12
38
50
42
26
82
112
84
102
126
162
128
134
88
68
110
128
154
126
124
112
170
176
216
204
182
226
226
186
238
