154
190
194
148
166
200
196
210
216
254
312
310
282
288
308
312
318
386
406
372
396
398
388
432
448
436
440
456
426
408
402
414
434
442
430
436
418
460
488
514
476
490
504
468
464
452
436
424
390
368
338
382
376
382
370
348
292
304
318
324
306
290
298
272
280
244
268
274
294
228
250
244
326
310
304
296
292
290
284
254
196
166
168
184
176
210
202
142
150
170
156
206
246
244
224
168
202
186
214
244
236
240
244
278
270
306
322
302
280
328
316
284
360
330
370
354
342
354
386
366
362
350
308
292
290
310
332
300
316
292
340
312
296
362
408
396
346
330
372
394
436
406
440
504
566
590
604
586
564
580
602
628
658
692
678
646
634
590
586
636
640
646
670
674
684
680
726
726
712
702
714
682
686
668
704
716
720
704
716
682
704
726
716
712
686
700
742
708
728
736
660
622
640
652
648
690
648
680
692
646
646
684
664
668
714
694
702
684
652
680
660
672
642
680
640
618
610
580
514
460
454
430
468
446
438
478
516
510
536
544
536
548
528
518
526
532
546
604
598
594
576
504
502
532
554
602
570
538
530
504
524
504
542
566
638
590
630
658
700
658
632
596
612
634
660
634
640
578
570
654
712
730
724
734
714
728
698
714
712
662
674
680
670
666
670
646
688
662
708
686
708
658
652
616
604
608
576
514
518
528
580
642
552
608
608
586
578
606
608
586
610
636
644
734
718
702
720
740
736
738
672
650
654
662
618
590
552
564
576
608
602
580
630
650
724
746
714
716
690
672
694
704
684
690
702
668
626
578
584
536
540
506
490
536
556
580
566
578
582
610
594
596
604
596
684
744
736
690
654
644
572
530
536
582
574
580
600
598
594
604
586
656
648
670
682
712
770
752
730
684
700
700
676
718
710
712
720
744
712
714
700
720
734
704
712
696
684
674
710
694
662
634
650
682
672
674
702
698
732
684
704
684
710
670
678
698
670
654
670
652
656
664
642
674
670
700
674
654
662
670
676
622
612
594
602
610
606
596
550
540
544
546
482
506
510
524
522
550
576
568
592
538
576
556
520
544
522
536
542
604
646
688
698
662
638
626
604
604
554
578
592
590
548
556
524
510
514
518
470
464
450
484
456
452
458
374
378
312
302
284
292
280
356
336
348
358
324
286
318
354
356
382
420
404
364
328
360
418
410
404
436
400
328
378
402
422
444
406
418
444
402
416
402
452
448
432
478
416
402
370
418
480
484
484
432
412
424
402
380
342
354
358
316
318
326
312
280
324
346
322
356
364
332
370
362
352
328
326
254
220
262
180
178
186
192
198
220
188
182
154
170
148
128
136
182
200
232
256
258
298
330
368
378
398
404
448
468
492
488
500
478
514
472
516
468
508
514
464
442
466
466
482
534
548
560
514
508
458
452
472
502
516
540
552
574
608
584
582
578
560
540
534
518
462
440
454
458
518
544
504
484
500
492
450
478
444
480
466
422
412
456
436
416
432
460
502
498
492
520
542
560
566
572
586
574
532
502
498
498
524
524
482
448
438
448
408
472
482
474
492
446
416
382
386
364
412
428
452
476
436
412
436
386
382
402
424
388
360
402
314
310
302
314
334
292
286
252
220
206
214
200
248
220
226
224
236
234
272
270
336
370
342
376
394
416
410
400
372
350
364
412
412
384
372
406
398
420
418
448
458
474
478
506
540
498
480
462
452
426
482
454
526
542
558
514
544
508
502
596
618
582
536
500
504
502
550
536
552
528
532
560
580
594
632
640
594
554
508
502
458
474
484
536
486
494
482
472
492
522
564
594
574
574
582
616
560
572
548
594
600
574
588
598
554
520
510
542
508
508
528
446
426
420
384
396
380
388
376
366
390
432
454
466
582
610
600
572
558
548
498
482
480
498
466
470
438
434
438
434
466
510
536
520
536
496
488
476
502
510
510
490
474
500
574
640
648
624
624
610
614
586
584
612
554
542
588
588
642
628
640
622
650
670
706
708
672
672
712
728
754
762
766
792
776
826
850
806
790
776
758
806
798
814
814
780
770
768
772
740
768
756
736
754
770
778
790
794
818
818
794
782
794
822
798
774
824
806
794
786
770
784
810
812
764
786
806
798
738
762
780
746
778
770
746
766
766
798
788
766
772
754
744
716
688
764
758
732
726
762
760
760
750
720
712
700
720
702
700
702
700
736
764
724
684
658
636
638
632
656
632
646
604
644
626
648
664
678
680
664
682
676
680
650
660
652
642
630
648
658
688
678
658
660
674
724
732
746
750
766
744
760
736
738
734
676
690
660
646
622
628
620
620
576
586
550
580
580
612
570
610
628
618
602
572
606
650
690
694
668
670
660
638
664
634
670
630
646
674
686
692
694
678
688
696
676
686
642
614
570
600
678
704
742
772
706
682
648
692
674
666
682
666
704
714
720
700
714
736
712
752
738
704
720
758
770
764
762
752
800
824
788
816
786
730
732
738
780
798
772
756
774
752
732
756
770
740
762
770
738
754
762
772
746
774
802
780
750
744
702
712
706
672
696
642
628
700
708
718
780
772
796
772
772
784
762
770
788
800
772
748
718
654
650
634
624
652
650
666
638
612
642
654
626
672
700
680
614
612
628
654
666
696
676
710
698
610
620
620
636
668
698
712
670
662
716
698
680
680
688
702
724
712
704
690
662
592
604
594
610
572
586
556
582
586
612
644
664
648
656
666
650
688
706
714
676
620
626
640
628
658
630
620
666
644
596
592
612
638
628
576
608
600
620
584
596
610
584
594
606
610
670
696
690
664
624
610
598
602
578
624
660
658
692
650
638
688
696
692
664
664
664
620
652
670
660
660
618
580
538
512
520
546
606
654
664
648
666
686
660
652
672
682
658
640
624
614
602
582
586
614
636
626
626
544
568
560
550
526
578
550
550
508
490
456
480
510
542
518
508
512
476
460
480
524
482
430
410
438
434
430
414
388
432
456
400
412
434
408
458
440
432
416
446
422
368
354
334
324
342
356
324
274
298
296
318
282
286
392
366
334
322
324
266
274
252
294
326
330
308
258
288
272
270
210
182
166
240
250
288
292
306
316
330
328
294
334
316
364
386
358
350
386
366
386
404
420
436
410
412
426
418
442
510
494
520
446
404
428
428
420
396
396
364
404
396
466
506
526
512
528
478
496
522
520
534
508
548
550
556
536
524
528
612
576
590
630
644
618
594
614
588
550
556
522
512
506
472
472
458
452
456
468
474
448
472
462
510
480
500
514
494
500
498
482
450
458
484
438
440
438
496
534
500
452
444
406
426
458
454
438
446
400
388
332
344
356
406
378
412
400
390
394
390
386
380
468
500
540
594
632
668
724
746
740
740
702
718
740
720
726
716
734
710
678
692
736
716
692
682
706
686
664
684
710
704
694
674
724
690
734
702
696
752
734
758
750
764
790
828
802
770
688
632
670
718
708
704
654
648
632
604
596
590
572
526
580
560
574
602
598
624
634
640
620
636
624
636
588
564
580
564
572
552
594
554
586
650
656
640
592
616
600
652
658
644
636
618
664
632
608
606
606
630
612
604
660
724
768
764
778
800
766
706
722
722
738
706
716
664
700
650
684
694
700
732
766
814
814
812
726
728
776
760
772
796
820
794
804
780
780
788
842
878
884
876
876
844
836
800
796
772
804
770
732
732
740
740
744
730
732
728
782
794
788
770
768
740
740
734
704
764
722
674
696
678
694
706
688
732
744
732
784
800
766
776
744
736
746
760
722
684
676
636
624
628
642
630
638
618
690
680
686
706
686
714
682
728
754
694
674
684
706
740
786
802
776
794
782
788
764
758
736
760
756
756
736
724
762
756
738
702
664
662
602
586
556
568
604
604
572
592
620
618
602
628
648
606
606
576
568
532
522
456
468
498
524
496
518
524
536
524
556
542
518
522
514
508
502
464
470
496
516
568
562
524
554
522
518
492
444
432
456
456
488
504
540
512
504
504
512
528
474
534
494
516
480
520
512
556
572
598
602
610
550
552
542
526
500
542
536
522
494
468
432
434
442
466
522
486
432
494
468
472
502
484
448
450
420
440
404
436
402
466
504
552
544
546
556
510
552
536
596
616
622
626
698
680
712
650
664
670
646
698
688
662
640
634
662
688
650
620
648
624
610
606
610
618
614
626
604
596
564
522
516
514
534
522
518
502
510
494
504
482
468
474
468
442
440
474
468
520
498
458
430
422
350
396
472
432
432
416
360
350
370
336
366
390
346
392
420
472
516
556
570
544
570
538
542
544
556
604
554
566
592
580
556
602
542
504
512
492
484
452
420
454
446
474
460
502
512
578
580
576
562
566
556
558
602
554
550
538
576
608
584
586
620
600
606
620
578
514
494
472
510
522
552
568
556
572
588
582
622
646
668
620
592
580
572
576
570
590
566
540
552
554
574
598
616
568
594
574
584
590
572
564
584
636
600
602
582
608
592
596
592
582
628
610
644
656
650
672
680
678
700
692
672
666
676
686
636
614
616
630
578
618
644
622
586
578
564
520
474
448
510
492
444
460
452
506
514
