192
184
196
196
170
174
138
96
120
156
200
154
128
106
112
90
80
58
74
108
102
170
142
118
130
102
108
94
116
128
146
148
136
180
212
174
110
92
70
106
134
190
176
210
190
136
110
106
84
108
114
182
152
138
136
166
122
102
174
210
200
182
174
166
206
202
216
164
116
124
112
100
124
148
124
114
88
98
30
100
128
156
98
96
144
68
88
136
142
108
136
138
106
98
100
152
154
160
176
156
156
166
114
104
126
86
50
16
40
16
12
2
60
64
32
94
134
70
40
42
18
8
6
18
22
72
32
4
62
50
2
6
2
12
18
22
28
8
36
24
38
6
38
72
44
68
14
36
48
10
4
8
10
76
108
118
116
146
114
144
168
122
142
176
204
182
202
218
220
212
230
248
186
206
222
230
222
226
250
296
316
304
292
280
282
342
372
432
392
386
380
338
402
386
358
294
356
366
326
398
406
340
352
336
416
388
382
370
364
414
364
390
386
388
390
372
366
422
382
348
378
348
348
356
362
374
370
400
450
480
498
532
526
536
544
502
498
480
458
498
500
476
496
478
452
440
388
382
370
304
294
256
270
244
336
338
330
394
384
378
340
356
410
404
380
352
342
342
368
318
308
252
256
252
246
310
332
324
346
374
402
436
380
396
426
410
396
368
382
410
424
446
496
510
536
520
456
434
446
476
454
428
448
470
450
462
472
504
468
486
498
520
546
532
520
480
486
460
476
472
494
524
476
462
462
472
450
440
448
442
456
466
458
430
404
430
418
394
382
396
366
374
398
396
432
442
408
382
294
302
374
396
386
382
410
390
336
274
292
206
238
206
192
214
188
188
186
208
244
236
242
258
276
288
348
274
262
280
208
142
188
200
236
244
260
228
230
224
222
250
310
294
286
310
306
334
322
334
314
304
358
332
310
282
286
280
326
320
290
304
364
456
504
518
516
486
474
494
500
498
502
550
576
510
512
522
508
486
526
578
614
576
578
518
534
510
522
532
542
544
588
604
614
678
658
616
608
642
632
564
534
540
572
596
548
582
560
532
538
532
538
584
592
628
608
590
554
560
584
606
584
556
558
582
600
602
648
630
638
608
640
626
624
626
652
640
680
708
750
766
770
790
766
780
772
758
776
790
788
772
722
724
746
700
646
650
688
672
666
684
726
738
742
756
760
758
766
804
824
850
810
786
758
774
784
774
774
778
818
798
792
774
750
768
742
704
746
718
698
688
700
686
712
674
656
710
688
712
726
770
746
728
730
664
686
678
672
646
658
610
586
512
566
536
548
522
524
506
558
568
544
582
526
542
534
500
456
462
462
410
384
434
448
432
408
420
412
422
438
464
458
406
440
446
402
430
462
492
460
446
452
482
490
508
542
536
616
656
704
686
702
686
712
738
748
740
758
754
780
756
756
780
836
822
794
796
788
776
744
800
758
736
700
726
686
686
704
688
652
734
746
678
678
730
740
752
688
736
724
704
700
724
724
694
662
650
642
620
564
570
598
514
586
622
628
650
630
638
642
646
614
580
596
640
668
626
620
622
666
638
646
622
630
604
584
556
534
496
476
450
472
432
444
444
504
548
494
528
534
464
490
508
506
520
446
420
384
424
450
428
440
466
466
508
550
594
588
594
606
622
658
574
622
670
662
700
750
734
698
688
680
674
650
686
638
660
672
650
604
584
594
594
562
592
558
522
554
560
626
620
654
636
670
652
662
620
674
660
632
610
634
650
636
650
654
642
634
624
604
618
586
562
540
534
516
472
462
424
450
434
414
402
394
384
404
410
384
396
456
416
356
340
412
444
428
450
484
502
472
460
500
486
458
448
492
510
550
568
536
520
526
492
498
476
484
460
426
438
456
442
428
424
410
430
468
480
470
486
500
454
430
456
464
446
494
466
446
466
468
474
480
424
428
436
406
388
386
392
430
456
454
430
466
420
432
448
430
398
402
334
388
362
320
370
356
306
312
324
356
316
272
230
252
226
224
226
258
222
250
318
336
352
306
308
288
326
328
330
322
298
378
352
376
374
376
346
342
360
320
264
246
206
216
254
230
246
212
248
238
248
250
238
224
224
200
180
198
194
236
206
184
178
204
156
120
102
102
74
6
24
58
92
88
66
96
110
134
170
150
168
152
170
226
262
242
198
190
242
260
320
332
360
360
364
382
392
406
420
426
410
458
376
390
420
350
332
330
370
336
356
348
308
292
268
268
224
248
224
208
184
128
186
222
222
204
190
184
152
134
124
170
142
110
80
128
114
32
84
68
64
32
28
26
72
44
30
52
160
204
266
182
208
190
142
82
70
42
10
34
56
70
0
24
62
58
76
72
82
86
24
34
6
0
22
14
58
52
28
32
6
16
44
42
42
54
74
92
100
130
106
66
84
128
156
154
178
220
236
232
262
306
326
322
304
364
324
330
328
306
218
224
206
154
154
136
130
180
190
124
78
44
130
132
150
182
174
134
136
120
118
136
122
156
172
180
160
152
120
142
170
114
120
90
96
84
64
92
82
118
118
144
130
66
60
54
2
8
22
8
52
48
38
38
60
26
34
18
54
66
38
42
54
48
34
68
62
76
116
96
40
40
34
28
38
10
28
8
30
24
10
62
50
126
154
146
108
116
178
102
94
38
62
102
128
106
54
70
40
38
60
100
32
14
48
30
36
68
56
54
64
120
150
158
186
152
186
190
228
240
312
320
310
272
298
300
286
322
378
422
400
376
394
420
426
436
390
354
296
260
308
330
304
306
308
278
242
206
192
250
286
312
338
322
324
320
354
316
356
314
344
320
328
266
282
238
222
298
308
316
312
316
330
336
392
404
414
374
396
382
398
392
334
394
354
356
352
376
402
376
386
362
324
270
278
276
256
198
206
186
206
236
256
250
276
286
242
186
214
244
218
212
210
178
206
182
152
182
128
166
152
180
242
302
308
302
308
318
384
448
516
528
552
550
518
490
486
502
496
526
526
480
472
458
406
462
460
418
364
378
384
412
462
468
456
442
444
402
386
394
340
320
340
338
286
266
292
320
312
328
360
350
342
324
354
320
362
358
380
348
338
330
340
332
304
278
290
316
320
284
260
290
318
310
316
332
294
294
266
256
202
162
98
132
80
152
190
184
210
170
160
156
118
144
172
236
258
222
224
224
252
234
290
230
228
222
198
162
206
242
260
216
258
284
276
286
278
228
190
230
198
240
262
300
280
266
238
242
236
252
280
320
358
336
400
348
358
326
402
430
402
428
496
508
470
474
480
516
492
496
502
474
436
488
498
522
504
526
570
580
558
542
514
544
504
454
450
470
438
478
472
486
524
538
602
614
600
586
550
538
504
558
548
550
526
538
514
504
526
522
564
548
562
574
532
494
506
510
536
536
548
572
556
504
524
596
596
598
596
608
602
628
676
656
652
614
604
606
586
532
520
484
484
470
478
490
402
366
392
410
422
410
400
452
442
410
424
454
450
442
442
402
380
370
344
352
362
352
314
258
236
262
322
262
280
344
340
364
390
416
404
388
390
346
332
304
312
338
340
350
358
350
376
410
348
314
314
306
302
344
364
310
310
302
332
290
224
212
200
222
194
180
252
270
236
290
302
344
328
314
336
350
388
428
444
416
368
346
338
328
300
334
306
292
292
340
298
304
370
358
344
360
424
492
454
408
424
370
370
354
358
360
348
362
442
448
402
428
412
458
410
384
366
380
324
282
232
220
264
274
268
238
270
232
198
152
128
130
130
178
150
166
152
100
72
20
16
36
42
2
24
68
26
6
46
10
10
10
22
54
26
10
106
106
86
132
98
136
98
64
48
52
40
114
132
194
220
184
172
148
138
62
64
68
36
18
10
6
20
18
36
58
6
60
12
6
2
40
34
0
8
34
38
58
52
2
20
8
2
14
34
48
90
126
114
86
118
144
182
228
242
228
278
260
190
154
134
162
194
226
218
208
202
214
260
268
322
340
304
390
360
326
342
374
358
376
358
404
360
344
282
270
308
328
336
380
408
412
348
404
430
366
298
334
402
464
450
518
478
462
478
448
474
504
502
520
570
516
462
476
462
506
470
446
448
424
414
416
406
434
394
360
310
302
324
346
306
244
204
230
240
240
248
290
304
318
338
256
214
170
142
156
140
170
168
142
110
152
148
134
152
138
160
148
128
136
216
324
390
380
396
418
422
454
430
400
428
418
378
344
348
306
290
356
340
314
364
382
394
380
366
390
398
366
366
378
398
410
392
420
432
432
402
344
394
390
388
406
450
444
458
438
466
436
450
462
412
350
316
314
342
336
352
366
396
364
350
354
370
298
262
236
248
290
284
282
246
226
156
168
180
184
186
210
196
212
194
238
178
214
190
202
224
226
234
264
242
254
258
272
250
178
162
138
148
92
124
158
136
118
150
186
240
236
260
262
222
234
234
268
314
294
296
318
334
342
382
380
424
382
424
426
466
434
426
472
470
548
536
520
564
532
530
466
482
456
464
478
500
476
474
468
420
414
432
428
380
384
378
330
330
348
360
406
390
382
430
404
394
360
302
