140
46
4
60
210
226
214
224
184
28
34
46
32
276
382
478
388
428
328
268
188
58
54
78
124
162
148
370
370
422
238
62
180
250
224
226
220
418
292
270
250
216
278
236
474
544
576
414
438
486
506
612
424
224
198
236
102
2
14
20
14
174
312
494
488
628
600
694
594
606
678
538
522
462
232
138
22
84
52
14
20
42
108
162
274
370
264
202
212
348
434
346
396
346
278
122
266
226
104
72
28
94
104
92
84
164
130
100
64
82
10
34
160
302
294
146
22
22
32
130
28
50
144
126
186
212
252
64
36
4
166
324
300
326
96
140
142
64
74
40
48
44
196
240
394
408
418
520
418
328
342
456
452
474
418
322
246
484
524
566
562
468
464
422
392
480
582
572
904
840
912
1064
768
602
652
632
630
522
492
538
538
558
516
508
450
360
388
350
290
304
162
200
264
320
338
372
526
560
578
458
564
582
448
404
332
404
494
318
146
280
188
138
34
16
136
184
410
364
332
498
660
536
582
562
598
626
608
598
448
648
748
732
676
756
610
682
646
740
692
702
702
896
1092
1094
1188
1250
1136
1132
998
884
910
858
910
950
832
846
914
900
860
784
610
420
680
458
454
516
436
544
616
514
388
486
356
488
180
244
114
150
202
106
290
366
260
198
34
174
190
126
236
248
312
306
368
336
292
268
284
310
82
64
284
246
350
262
318
408
380
320
346
434
454
524
526
526
456
492
458
602
682
564
602
676
658
776
728
790
702
668
784
726
584
740
830
748
638
700
638
716
828
758
776
716
564
620
464
514
502
452
314
356
272
148
264
362
436
308
224
146
232
186
202
138
214
226
348
342
266
278
334
424
438
454
480
528
632
632
426
374
448
578
530
480
638
496
336
244
390
408
264
160
158
74
116
82
28
96
68
64
84
20
88
220
408
362
302
164
8
234
212
234
74
130
156
32
8
74
132
130
152
160
410
294
230
202
100
202
148
230
264
318
476
520
562
798
720
488
348
508
626
480
530
534
386
446
388
332
332
442
508
440
362
276
312
192
204
176
138
164
350
212
148
170
46
156
134
18
238
182
72
48
60
76
242
122
122
104
120
6
94
102
162
78
100
84
210
222
210
124
192
258
472
388
476
482
550
618
834
656
648
678
664
600
458
548
590
670
708
606
534
570
530
562
522
598
480
404
458
332
376
318
556
550
784
768
776
852
918
1104
1002
1108
1044
966
1012
896
1140
1074
938
898
884
908
1062
1070
986
1082
1002
1074
988
1108
1138
1214
1338
1464
1578
1462
1586
1508
1450
1464
1312
1238
1294
1248
1100
1460
1448
1444
1192
1160
1108
1152
1008
990
1028
886
884
932
662
608
756
866
988
1082
1132
1212
1234
1266
1246
1350
1440
1614
1656
1662
1670
1570
1240
1150
1374
1326
1336
1348
1274
1446
1630
1866
1824
2036
2072
2224
2338
2274
2372
2354
2208
2194
2228
2072
2116
2136
1926
1910
2038
2158
2180
2228
2174
1974
1902
1844
1910
1960
1836
1738
1750
1662
1530
1534
1496
1490
1514
1656
1654
1616
1672
1814
2120
2104
2040
2162
2068
2146
2154
2136
2034
1926
1814
1896
1832
2004
2024
1970
1764
1624
1598
1570
1476
1472
1358
1350
1262
1236
1232
1150
1058
1170
1210
1184
1254
1134
932
922
836
820
924
870
942
968
1020
1014
1008
1100
1126
1080
1178
1360
1422
1312
1370
1500
1530
1538
1380
1292
1352
1342
1332
1294
1112
1310
1272
1250
1334
1238
1322
1398
1222
1106
1122
1062
1150
1152
1158
1242
1106
1108
958
898
1044
1044
1200
1242
1096
1250
1328
1344
1404
1224
1290
1184
1132
1306
1332
1246
1070
1122
1148
1382
1360
1476
1554
1526
1662
1622
1562
1362
1296
1304
1416
1426
1450
1332
1388
1362
1208
1060
946
958
992
968
870
970
1022
970
976
850
978
1034
998
866
804
806
814
734
768
766
716
740
570
496
506
390
472
554
442
332
276
302
298
376
364
452
558
468
474
460
456
340
190
304
442
486
358
432
392
430
230
402
366
566
550
546
630
608
488
342
386
386
516
394
412
508
526
336
418
426
474
438
450
436
502
578
474
444
372
286
214
106
156
50
36
168
68
98
256
264
126
180
422
366
434
326
310
318
402
334
636
514
522
666
708
584
596
418
458
404
384
296
262
376
332
248
76
172
210
100
204
62
18
10
114
72
8
64
84
58
176
140
164
144
136
46
108
120
46
52
120
118
172
114
198
222
320
362
382
374
394
226
140
236
286
304
158
254
352
398
388
300
214
290
328
544
554
520
500
484
402
354
530
514
510
770
818
614
556
490
426
482
338
470
490
550
444
312
450
466
302
334
446
460
474
462
456
466
424
494
502
640
736
574
600
638
778
708
632
532
368
388
448
370
312
482
344
470
400
232
216
224
112
172
224
268
176
70
142
84
24
62
16
258
214
246
122
342
184
270
358
192
312
266
292
96
80
30
12
22
108
194
46
64
6
8
22
182
112
158
310
332
280
372
450
290
274
246
154
130
72
70
4
38
96
10
28
94
326
208
140
98
56
58
90
16
46
130
196
290
208
124
214
264
220
212
334
376
446
284
358
436
304
454
432
522
510
498
614
852
738
868
880
872
792
792
778
662
644
872
666
694
474
596
452
568
702
526
656
482
508
486
632
628
714
722
956
960
1048
994
1058
1066
1096
1044
1136
1216
1238
1216
1040
954
1028
1072
1112
958
1088
1012
1074
952
956
992
912
1036
966
1036
1136
982
958
862
938
880
702
782
810
932
784
762
646
464
348
256
6
16
10
112
106
82
22
78
44
0
96
148
276
290
264
424
550
374
486
506
274
304
206
88
14
12
72
22
224
56
18
18
54
108
2
82
116
332
374
252
236
370
284
118
174
32
20
82
10
58
150
246
216
140
70
112
88
92
38
4
0
124
32
278
214
164
182
78
102
168
88
4
126
132
122
88
68
98
44
56
90
46
112
160
90
54
132
274
356
334
340
342
428
438
528
564
694
630
810
752
918
1076
1074
1206
1164
1116
1068
1034
876
1114
1214
1288
1302
1286
1412
1506
1518
1586
1520
1550
1470
1304
1244
1282
1242
1256
1346
1252
1368
1424
1326
1416
1428
1428
1414
1410
1424
1502
1452
1666
1612
1668
1836
1880
1814
1860
2006
1904
1970
1752
1666
1722
1862
1970
1990
1912
1970
1954
1952
1984
2114
2042
2134
2106
2016
2086
2254
1974
1982
1920
1994
2110
2272
2288
2148
2162
2102
2082
2004
1976
2000
2094
2018
1954
1872
1774
1700
1806
1790
1782
1746
1618
1790
1842
1832
1856
1868
1856
1820
1826
1856
1952
1978
1856
1844
1972
2000
1962
1994
2064
2116
2042
1914
1860
1794
1826
1934
1932
2042
2144
2300
2382
2288
2344
2312
2218
2156
2218
2048
2010
2068
2046
2092
2114
2226
2126
2024
1948
2062
1840
1994
2180
2314
2202
2172
2354
2160
2254
2292
2308
2250
2226
2280
2214
2292
2266
2246
2206
2236
2216
2236
2212
2144
2122
2098
2136
2276
2248
2180
2144
2182
2378
2238
2240
2216
2080
2078
2170
2126
2114
1992
1892
1880
1966
2132
2018
1932
1884
1858
1866
1842
1902
2046
1980
2022
2082
2000
1990
1872
1854
1806
1824
1912
1762
1742
1722
1686
1806
1666
1612
1548
1490
1612
1900
1684
1892
1762
1766
1692
1624
1670
1852
1868
1810
1680
1662
1684
1636
1716
1688
1676
1588
1614
1438
1346
1188
1394
1592
1726
1838
1698
1636
1348
1460
1478
1456
1588
1476
1512
1466
1492
1472
1344
1210
1296
1370
1404
1420
1440
1456
1438
1318
1394
1472
1402
1412
1212
1378
1192
1072
1022
1162
1194
1252
1194
1150
1226
1168
1306
1350
1202
1330
1392
1352
1258
1268
1102
892
884
944
852
902
1036
860
956
892
908
788
744
800
670
610
746
736
910
898
978
912
814
778
618
708
586
584
684
610
646
620
586
670
706
666
686
536
496
352
216
194
326
262
138
60
236
328
408
430
358
222
168
172
28
74
134
40
36
160
118
18
330
414
254
274
304
238
170
120
8
86
92
30
20
132
42
50
36
26
148
168
62
10
32
140
142
182
54
84
8
4
44
124
284
388
178
272
402
444
452
460
510
624
654
482
502
248
220
128
160
46
6
18
40
70
232
234
144
74
32
62
84
96
80
172
134
330
452
380
288
324
250
242
312
308
222
266
240
312
246
310
432
502
536
502
434
448
472
458
558
748
928
942
912
714
574
678
696
662
796
846
804
832
760
882
874
904
990
838
774
772
750
888
840
986
970
1078
1014
1066
1106
1162
1098
1152
1072
1176
1260
1418
1410
1348
1352
1404
1260
1252
1098
1082
1002
928
758
636
654
710
702
862
1048
950
1004
1124
1190
1288
1062
1012
978
864
774
742
756
954
868
986
1012
882
902
1070
832
670
656
694
672
510
470
392
450
452
308
208
216
378
350
214
182
312
454
498
624
744
588
588
530
748
852
902
784
680
794
800
748
880
986
976
936
976
888
816
696
732
680
624
654
568
532
504
600
478
448
532
540
554
522
380
552
558
600
676
538
500
446
348
446
312
106
348
408
530
604
616
534
644
676
622
546
498
626
560
532
576
564
634
694
750
680
748
892
1008
1026
1240
1240
1320
1306
1168
1234
1094
1076
842
960
1040
1122
1000
1114
1102
868
752
732
708
634
692
664
656
678
664
752
710
640
768
830
666
702
776
656
740
814
936
1068
972
952
922
976
934
784
902
904
1008
860
886
774
700
864
908
780
818
906
762
898
776
896
888
840
684
634
538
440
272
478
264
276
332
300
316
308
350
580
570
426
458
442
270
286
294
430
490
430
596
464
378
332
372
312
300
154
212
136
118
18
142
284
210
72
116
60
8
130
212
202
204
278
332
380
376
494
550
620
910
914
862
860
890
724
632
576
618
536
520
380
404
330
196
320
186
190
292
332
354
412
196
186
76
88
24
44
300
334
206
184
228
266
236
144
82
96
130
