868
936
892
1108
1256
1312
1294
1360
1376
1256
1158
1260
1268
1200
1308
1312
1240
1216
1236
1232
1400
1408
1422
1470
1438
1504
1524
1712
1574
1558
1574
1702
1610
1488
1520
1582
1678
1622
1614
1588
1408
1410
1576
1550
1538
1626
1530
1752
1780
1798
1820
1882
1828
1802
1828
1982
2090
2078
1972
1894
1860
1844
1804
1878
1876
1914
1960
1848
1880
1824
1952
1854
1978
2104
2162
2046
2062
1906
1962
1962
1884
1916
2086
2106
2094
2040
1894
1952
2280
2338
2476
2358
2210
2120
2138
2102
2050
2036
1964
2072
2092
2106
2060
2140
2114
2128
1890
1884
1948
1852
1988
1956
1898
1798
1782
1784
1724
1572
1648
1658
1510
1436
1332
1278
1390
1396
1344
1394
1364
1502
1302
1334
1242
1264
1296
1306
1146
1186
1250
1280
1282
1390
1280
1314
1114
1024
862
830
650
752
688
702
792
784
928
902
892
738
772
840
906
916
944
894
1036
1280
1256
1140
1032
1010
1152
1132
1084
1014
996
800
834
790
702
708
838
872
1002
998
1038
1012
992
896
960
846
914
988
1012
1144
1114
1134
1210
1284
978
926
774
864
888
874
710
576
456
482
564
438
538
660
480
448
334
282
506
574
716
820
782
756
852
880
734
728
888
922
1008
1080
980
1172
962
1010
936
928
1078
1264
1262
1034
1128
956
926
778
714
716
808
756
760
714
648
546
626
564
346
312
310
400
498
454
288
294
472
464
418
396
392
308
422
584
586
624
876
772
806
734
686
886
964
922
1074
924
826
942
894
736
988
1038
1030
1068
1294
1210
1274
1298
1094
1108
1108
958
1118
1032
1050
938
936
980
1064
1108
1208
1340
1290
1300
1260
1246
1154
1146
1114
1082
980
814
676
596
608
636
650
544
560
724
746
810
760
648
700
852
936
1108
936
1006
950
880
1014
1096
1164
1178
1018
912
936
904
862
908
956
882
904
710
808
812
628
590
530
532
304
314
262
260
120
228
120
118
166
132
232
170
238
242
374
288
378
318
398
488
444
290
192
34
148
240
360
284
428
440
388
486
438
240
342
388
386
452
314
338
214
206
196
262
238
434
434
456
358
354
424
380
420
354
282
476
486
562
506
558
516
404
278
362
488
540
394
252
342
346
484
500
644
666
628
554
506
368
472
550
636
616
764
792
820
844
788
652
592
698
728
840
888
602
680
708
822
744
772
742
770
952
1002
976
1056
954
928
758
760
1046
1026
932
866
808
852
818
770
856
870
810
824
706
674
714
736
776
736
798
862
1022
1032
1008
1048
972
1010
1064
1112
954
1024
1170
1340
1336
1252
1114
1198
1130
1100
1104
1168
1076
1216
1394
1276
1230
1306
1152
1070
1020
1094
1170
1312
1404
1372
1278
1428
1476
1352
1314
1380
1342
1394
1640
1464
1350
1442
1376
1324
1314
1442
1348
1438
1394
1478
1460
1542
1432
1396
1368
1402
1338
1572
1544
1442
1450
1428
1552
1708
1754
1994
1892
1922
1704
1776
1726
1688
1684
1490
1584
1664
1524
1414
1344
1202
1334
1344
1326
1406
1424
1326
1228
1278
1230
1226
1266
1186
1408
1410
1424
1558
1676
1752
1742
1630
1566
1568
1464
1392
1370
1214
1196
1182
1126
1144
1042
972
1024
992
970
922
848
878
920
822
636
626
520
542
550
498
578
652
570
498
446
494
376
364
410
404
314
162
202
24
112
90
104
50
106
104
342
344
282
296
298
194
128
214
156
100
84
8
76
274
344
436
374
490
690
610
430
380
198
288
370
594
608
630
550
536
518
382
404
382
478
552
542
572
544
398
444
408
394
466
438
506
504
550
652
576
410
396
288
246
318
266
70
144
210
236
48
116
12
40
4
130
194
180
188
122
294
124
86
158
298
258
376
174
32
26
40
30
24
82
376
334
152
18
148
156
136
48
146
204
136
48
14
16
150
244
400
432
328
234
268
272
282
82
24
110
26
50
104
146
106
120
42
90
38
64
62
4
28
106
306
330
264
352
356
378
334
396
476
436
442
458
426
314
366
348
414
398
410
424
462
586
544
406
496
504
490
494
440
466
498
660
600
762
718
660
678
610
750
736
712
690
746
782
820
876
788
790
766
848
906
1030
956
850
954
1124
1198
1106
1160
976
1084
1110
1076
890
890
922
800
746
692
658
818
826
766
598
714
788
622
412
420
556
550
648
716
760
778
888
916
1064
1136
1170
1162
1214
1292
1498
1570
1512
1392
1214
1100
964
1008
982
1014
938
986
1040
1140
1142
1112
1036
952
872
762
698
648
638
550
598
548
646
710
802
800
678
582
660
828
576
602
486
484
544
386
370
272
340
282
382
416
356
302
410
464
432
484
394
488
512
652
688
766
720
824
822
698
628
624
642
690
714
934
748
898
804
794
828
882
960
862
816
836
914
986
878
764
654
388
390
274
310
308
158
28
122
80
60
40
104
204
238
102
140
168
108
128
28
46
64
116
26
28
162
42
212
228
234
206
200
342
534
626
598
544
532
498
430
520
626
798
784
998
1090
1202
1230
1174
1202
1230
1140
1134
1116
1000
872
848
994
1086
1020
960
1098
1066
888
1054
984
1002
1116
1204
1196
1064
1090
1186
1170
1154
1104
1190
1184
1104
1268
1232
1204
1136
1138
1226
1146
1144
1082
1194
1096
1110
1126
1246
1182
1244
1348
1542
1508
1536
1406
1390
1430
1360
1416
1306
1346
1254
1230
1226
1158
976
998
1062
850
774
696
544
302
352
388
330
244
192
186
264
196
172
442
366
284
254
0
30
48
84
124
154
222
232
198
226
64
68
84
48
84
136
2
46
124
90
138
146
184
48
48
22
148
100
40
80
136
78
76
96
6
58
62
6
138
116
144
260
238
346
424
336
526
396
392
306
246
184
354
384
296
466
454
604
770
768
618
564
518
572
404
238
124
184
206
118
78
56
114
140
10
94
112
24
152
72
90
176
162
120
24
36
194
56
78
138
112
148
88
248
232
150
116
178
228
196
60
28
84
68
6
8
274
336
426
414
468
558
484
608
768
628
592
702
864
792
850
830
820
970
934
992
936
864
748
856
1032
1048
936
866
974
944
784
742
838
820
878
828
768
746
736
846
996
1070
1058
1008
1006
1078
1056
1016
664
598
442
508
658
690
752
754
826
992
974
832
772
792
934
854
928
804
808
870
774
804
590
726
804
742
792
672
648
626
592
370
468
534
536
602
582
594
508
506
532
540
306
286
184
196
322
312
288
574
490
514
498
508
438
394
314
280
410
258
324
318
318
180
130
52
72
48
132
96
112
64
72
170
14
272
164
366
500
360
500
876
1078
1176
1218
1338
1220
1250
1268
1094
1324
1310
1320
1284
1216
1160
1194
1088
1086
1280
1202
1186
1144
1258
1152
1170
1174
1150
1122
1140
1070
1062
980
990
1048
1084
1044
1210
1296
1610
1548
1516
1522
1630
1724
1966
1884
2084
1950
2074
2018
2108
2110
2154
1974
2020
1988
1806
1992
1892
1882
1976
1948
1994
1872
1756
1688
1908
1816
1918
1962
1766
1842
1910
1762
1866
1724
1730
1686
1702
1720
1658
1732
1724
1718
1570
1682
1690
1638
1666
1710
1766
1874
1802
1744
1678
1764
1814
2046
2098
2094
2050
2050
2080
1974
2122
2082
2266
2280
2292
2232
2038
1854
1860
1678
1562
1706
1690
1748
1790
1916
1876
1826
1892
2126
2134
2234
2280
2370
2406
2370
2444
2232
2274
2350
2424
2374
2378
2434
2202
2084
1992
1854
1696
1748
1726
1708
1680
1776
1638
1608
1762
1614
1658
1644
1688
1672
1746
1690
1522
1598
1670
1698
1690
1608
1698
1618
1714
1648
1714
1754
1706
1592
1614
1600
1728
1728
1742
1686
1690
1752
1722
1718
1812
1858
1868
1846
1764
1648
1572
1598
1508
1592
1718
1710
1548
1648
1690
1590
1524
1662
1710
1738
1802
1732
1818
1776
1942
1918
1810
1810
1886
1778
1710
1518
1412
1400
1308
1290
1166
1134
1204
1056
1152
1218
1198
1008
938
736
830
748
708
822
824
818
712
712
648
750
838
806
790
802
734
646
592
414
388
552
522
526
468
536
552
628
572
456
348
348
334
222
286
236
368
516
464
612
722
632
568
668
452
330
26
64
82
176
170
162
186
208
186
130
54
158
298
358
254
58
8
40
10
170
214
230
202
188
244
438
476
492
324
256
342
402
336
196
332
294
286
594
632
428
382
352
528
496
538
398
292
234
180
110
110
16
108
128
14
58
52
112
186
378
488
530
618
508
370
376
416
516
488
318
166
188
178
152
64
38
30
0
138
194
140
202
30
56
58
70
22
98
118
160
116
160
164
204
92
20
38
68
60
188
60
46
42
56
94
162
92
178
102
242
268
140
52
196
138
282
354
326
340
246
298
384
446
360
560
652
450
392
338
332
402
292
378
256
368
516
506
502
456
428
490
534
602
664
548
690
650
604
580
432
566
520
542
326
358
330
218
220
140
302
182
26
120
80
212
174
226
42
78
174
222
232
316
278
398
394
362
534
544
590
562
676
676
656
504
504
416
434
354
176
130
88
52
56
78
252
102
104
58
150
262
130
180
62
72
90
28
88
54
68
52
40
142
122
82
42
134
276
284
332
352
272
300
234
228
198
298
194
272
232
246
144
102
28
110
226
196
372
404
478
460
546
466
292
270
336
144
62
32
28
308
218
332
476
488
328
368
474
470
382
362
330
436
346
366
208
54
116
106
10
138
152
12
130
160
224
396
410
346
500
532
474
454
330
462
322
196
32
40
82
128
216
210
210
38
46
176
278
198
186
132
86
94
26
152
158
194
128
232
314
208
20
96
74
28
32
38
68
4
186
244
124
240
308
348
380
270
310
380
296
334
356
404
388
300
420
376
314
330
228
94
114
180
144
168
196
148
310
188
132
72
24
88
96
66
90
60
138
158
152
232
402
364
256
340
278
532
434
562
584
578
742
746
856
894
756
714
564
568
644
714
762
652
696
932
1070
986
1038
878
1056
952
1016
838
942
916
888
894
912
1132
1180
1166
1184
1022
982
1126
1286
1286
1238
1030
870
772
940
1028
1014
962
968
860
864
972
908
950
864
912
1054
988
