3306
3368
3344
3292
3292
3296
3294
3274
3314
3328
3342
3274
3316
3344
3336
3378
3358
3342
3330
3276
3294
3198
3166
3226
3280
3240
3210
3170
3212
3344
3344
3412
3452
3454
3436
3412
3464
3446
3400
3392
3398
3432
3440
3430
3434
3398
3444
3452
3352
3430
3418
3420
3448
3376
3384
3396
3328
3358
3432
3398
3364
3342
3378
3444
3440
3406
3410
3354
3348
3348
3286
3312
3242
3324
3330
3320
3284
3324
3404
3376
3414
3412
3402
3406
3358
3300
3340
3374
3382
3400
3386
3402
3412
3340
3330
3322
3362
3360
3352
3334
3396
3398
3414
3558
3576
3492
3510
3544
3554
3508
3502
3436
3418
3416
3400
3392
3418
3476
3486
3514
3556
3590
3556
3546
3534
3544
3516
3544
3544
3628
3604
3594
3652
3640
3666
3664
3602
3642
3672
3650
3626
3622
3620
3558
3564
3584
3576
3618
3586
3540
3502
3422
3466
3434
3472
3490
3528
3502
3474
3474
3492
3428
3396
3362
3346
3266
3328
3344
3408
3494
3464
3480
3514
3542
3514
3436
3420
3444
3520
3508
3436
3458
3408
3472
3516
3512
3410
3460
3424
3434
3524
3476
3418
3360
3356
3328
3344
3282
3304
3402
3410
3470
3424
3404
3386
3376
3382
3332
3316
3308
3412
3420
3432
3450
3474
3438
3330
3374
3432
3398
3370
3316
3334
3364
3374
3392
3358
3340
3348
3378
3364
3366
3320
3336
3364
3354
3364
3446
3458
3450
3434
3366
3216
3264
3266
3200
3240
3308
3318
3350
3362
3356
3332
3378
3404
3418
3358
3380
3430
3436
3430
3450
3452
3400
3310
3314
3254
3234
3328
3302
3382
3350
3318
3264
3264
3220
3292
3272
3238
3186
3216
3212
3264
3232
3224
3166
3112
3096
3096
3098
3094
3146
3210
3174
3172
3030
3084
3034
3054
2994
2946
2980
3000
3008
3026
3096
3090
3018
3052
3028
3082
3122
3104
3122
3160
3170
3252
3308
3328
3304
3310
3244
3248
3238
3238
3192
3158
3242
3186
3226
3264
3238
3248
3272
3264
3236
3220
3244
3250
3236
3172
3212
3228
3344
3366
3342
3246
3226
3252
3224
3274
3184
3148
3178
3198
3188
3212
3230
3244
3230
3246
3298
3274
3224
3230
3226
3270
3256
3246
3254
3290
3260
3182
3218
3210
3310
3312
3318
3362
3354
3388
3374
3404
3458
3490
3488
3452
3420
3360
3420
3448
3452
3428
3462
3426
3378
3384
3356
3324
3332
3304
3348
3320
3358
3384
3342
3356
3352
3338
3324
3312
3352
3320
3332
3392
3408
3464
3416
3352
3366
3382
3440
3426
3378
3350
3374
3410
3470
3472
3430
3448
3492
3464
3476
3482
3528
3472
3476
3508
3498
3514
3516
3540
3530
3560
3548
3522
3546
3540
3520
3592
3624
3580
3650
3658
3606
3604
3624
3602
3558
3594
3516
3568
3586
3622
3592
3536
3558
3528
3496
3536
3542
3576
3524
3494
3468
3484
3510
3464
3532
3492
3488
3496
3526
3554
3626
3592
3636
3600
3566
3540
3506
3412
3490
3512
3474
3470
3498
3506
3572
3594
3616
3630
3548
3558
3470
3480
3458
3364
3296
3310
3292
3258
3188
3280
3312
3314
3334
3366
3414
3436
3472
3526
3508
3472
3532
3558
3582
3548
3468
3464
3464
3486
3510
3480
3502
3440
3444
3338
3430
3400
3442
3406
3442
3528
3528
3494
3430
3498
3510
3500
3540
3540
3550
3542
3536
3548
3532
3500
3466
3450
3490
3494
3504
3402
3436
3518
3534
3508
3492
3398
3412
3376
3406
3364
3398
3472
3422
3376
3348
3356
3320
3292
3296
3288
3336
3346
3392
3372
3410
3430
3282
3284
3204
3226
3244
3224
3196
3250
3302
3296
3254
3302
3344
3314
3368
3400
3404
3354
3408
3356
3346
3300
3362
3382
3420
3430
3426
3436
3490
3438
3518
3514
3556
3542
3498
3516
3484
3396
3406
3448
3464
3446
3444
3434
3412
3436
3458
3484
3454
3480
3542
3444
3554
3486
3502
3468
3480
3510
3542
3510
3568
3556
3578
3614
3586
3602
3648
3642
3650
3628
3644
3578
3558
3490
3502
3466
3514
3488
3482
3464
3394
3382
3378
3330
3404
3384
3406
3388
3462
3470
3434
3398
3350
3440
3456
3398
3414
3470
3506
3434
3480
3438
3430
3446
3418
3406
3332
3346
3422
3438
3414
3454
3446
3486
3500
3436
3460
3466
3406
3450
3428
3328
3404
3424
3372
3374
3408
3440
3366
3386
3436
3412
3380
3376
3370
3358
3362
3386
3352
3424
3402
3414
3434
3468
3490
3412
3450
3486
3458
3492
3464
3438
3428
3366
3288
3364
3328
3370
3364
3326
3298
3296
3250
3322
3360
3368
3360
3348
3332
3356
3330
3316
3298
3326
3314
3294
3318
3330
3294
3304
3370
3334
3304
3326
3404
3412
3502
3528
3544
3574
3554
3564
3498
3466
3456
3508
3510
3480
3450
3432
3458
3480
3500
3476
3432
3446
3482
3502
3530
3434
3412
3386
3378
3408
3346
3424
3438
3482
3400
3266
3280
3340
3316
3306
3368
3436
3442
3476
3406
3400
3400
3364
3404
3458
3438
3458
3428
3414
3410
3338
3318
3332
3306
3320
3342
3330
3318
3300
3248
3216
3290
3324
3364
3338
3328
3362
3372
3406
3394
3446
3404
3388
3420
3382
3432
3438
3438
3516
3492
3502
3520
3562
3516
3542
3478
3478
3494
3504
3526
3502
3536
3548
3538
3548
3474
3440
3478
3474
3462
3448
3464
3462
3496
3436
3472
3458
3464
3432
3410
3440
3390
3444
3452
3462
3472
3444
3372
3436
3458
3454
3426
3494
3486
3414
3340
3412
3422
3470
3422
3448
3476
3520
3548
3534
3566
3542
3496
3522
3514
3494
3434
3454
3318
3370
3378
3322
3308
3330
3410
3352
3354
3302
3214
3192
3270
3270
3284
3262
3244
3258
3304
3328
3428
3418
3408
3388
3432
3466
3366
3376
3420
3460
3524
3478
3450
3408
3356
3342
3386
3406
3396
3458
3452
3434
3450
3476
3450
3486
3504
3510
3476
3600
3554
3524
3478
3434
3400
3442
3494
3430
3466
3398
3406
3400
3322
3388
3380
3378
3350
3322
3394
3374
3398
3376
3358
3352
3418
3332
3394
3342
3464
3480
3494
3480
3474
3572
3518
3566
3528
3480
3496
3522
3490
3496
3450
3486
3518
3554
3612
3618
3618
3558
3540
3520
3450
3430
3388
3400
3402
3430
3400
3406
3430
3430
3424
3524
3508
3454
3474
3454
3388
3328
3340
3326
3332
3426
3400
3406
3428
3442
3388
3264
3246
3268
3258
3292
3274
3296
3314
3260
3240
3356
3358
3326
3312
3422
3424
3394
3444
3406
3362
3356
3314
3376
3448
3444
3492
3478
3476
3410
3384
3286
3326
3296
3318
3288
3320
3318
3334
3276
3250
3256
3244
3330
3286
3326
3348
3286
3306
3346
3422
3426
3386
3434
3422
3414
3458
3442
3512
3502
3460
3404
3404
3394
3348
3334
3344
3378
3388
3386
3364
3390
3310
3336
3378
3376
3382
3368
3342
3320
3348
3362
3324
3336
3354
3336
3254
3230
3252
3284
3298
3284
3370
3334
3396
3338
3394
3352
3422
3346
3234
3274
3232
3252
3234
3214
3276
3310
3260
3260
3264
3260
3302
3298
3326
3204
3180
3188
3158
3238
3212
3226
3260
3266
3214
3208
3262
3274
3314
3320
3346
3368
3378
3394
3410
3384
3370
3348
3406
3366
3350
3308
3288
3316
3312
3334
3380
3320
3330
3388
3382
3376
3348
3326
3274
3228
3184
3146
3130
3090
3132
3124
3134
3126
3120
3120
3150
3096
3112
3180
3210
3290
3326
3294
3352
3316
3374
3370
3370
3368
3346
3328
3334
3362
3380
3352
3360
3450
3392
3410
3398
3386
3458
3408
3346
3344
3368
3462
3432
3500
3508
3562
3510
3494
3580
3564
3528
3480
3462
3526
3572
3518
3530
3570
3600
3584
3574
3532
3478
3448
3452
3490
3454
3520
3566
3632
3576
3590
3596
3588
3640
3562
3562
3474
3488
3522
3514
3512
3550
3576
3588
3626
3594
3616
3564
3572
3570
3522
3552
3470
3470
3478
3466
3438
3492
3518
3506
3504
3554
3470
3448
3474
3462
3542
3510
3408
3498
3564
3558
3544
3500
3500
3562
3526
3530
3554
3556
3536
3498
3522
3486
3504
3454
3424
3420
3256
3244
3236
3236
3218
3306
3348
3310
3322
3340
3322
3332
3338
3386
3390
3426
3450
3390
3448
3434
3432
3450
3426
3362
3384
3404
3334
3388
3438
3464
3424
3422
3420
3408
3344
3382
3346
3362
3330
3372
3372
3344
3362
3404
3412
3390
3426
3448
3404
3372
3414
3364
3402
3320
3334
3322
3328
3376
3320
3408
3362
3290
3328
3362
3466
3538
3544
3606
3518
3504
3522
3532
3470
3476
3406
3336
3282
3288
3270
3336
3400
3446
3462
3458
3460
3518
3476
3498
3512
3480
3508
3472
3448
3468
3478
3550
3594
3592
3554
3498
3592
3570
3538
3502
3604
3544
3598
3620
3630
3628
3622
3638
3676
3650
3664
3656
3610
3596
3572
3544
3512
3540
3552
3556
3608
3570
3604
3606
3636
3570
3620
3632
3554
3602
3580
3524
3544
3566
3638
3576
3554
3578
3578
3652
3624
3570
3496
3516
3558
3498
3546
3552
3538
3562
3636
3636
3614
3566
3582
3564
3574
3498
3516
3512
3502
3586
3494
3446
3446
3532
3538
3540
3512
3472
3512
3532
3562
3534
3446
3466
3440
3404
3406
3384
3482
3438
3468
3466
3532
3528
3540
3514
3554
3530
3504
3546
3590
3428
3422
3464
3514
3516
3560
3644
3634
3584
3560
3486
3470
3530
3544
3608
3522
3522
3526
3528
3590
3522
3492
3534
3502
3478
3464
3452
3420
3374
3410
3430
3502
3484
3484
3468
3516
3552
3522
3584
3538
3540
3524
3536
3544
3562
3510
3502
3534
3544
3590
3548
3502
3584
3538
3514
3552
3532
3568
3534
3516
3510
3514
3552
3482
3454
3484
3606
3580
3582
3606
3614
3552
3530
3494
3508
3548
3516
3464
3408
3426
3462
3318
3330
3364
3414
3450
3404
3416
3380
3396
3384
3426
3438
3486
3510
3522
3472
3476
3424
3448
3430
3398
3444
3392
3430
3394
3356
3408
3448
3456
3484
3576
3520
3454
3370
3386
3352
3336
3390
3466
3450
3470
3484
3480
3480
3462
3546
3558
3552
3528
3578
3566
3584
3570
3568
3502
3408
3486
3504
3542
3528
3566
3582
3526
3478
3530
3502
3464
3484
3504
3586
3616
3546
3536
3528
3456
3432
3394
3454
3382
3436
3454
3456
3494
3450
3498
3492
3496
3506
3508
3504
3520
3494
3456
3478
3428
3444
3448
3386
3382
3474
3444
3426
3436
3420
3404
3392
3402
3396
3420
3366
3362
3420
3468
3536
3532
3532
3538
3520
3506
3472
3498
3532
3604
3566
3580
3538
3492
3448
3418
3468
3448
3368
3382
3344
3366
3378
3278
3254
3262
3240
3380
3432
3478
3454
3500
3514
3524
3602
3514
3506
3478
3526
3480
3508
3506
3446
3422
3432
3462
3446
3458
3492
3524
3544
3514
3538
3558
3558
3510
3532
3422
3354
3308
3292
3304
3268
3292
3354
3352
3264
3216
3174
3196
3256
3282
3264
3306
3282
3300
3372
3436
3470
3454
3446
3440
3480
3422
3368
3496
3454
3468
3472
3462
3488
3538
3470
3436
3312
3294
3286
3296
3328
3338
3350
3392
3424
3438
3386
3358
3336
3408
3424
3392
3422
3472
3422
3414
3374
3402
3436
3440
3438
3402
3434
3356
3392
3384
3352
3406
3432
3418
3464
3438
3478
3438
3384
3430
3464
3428
3434
3366
3442
3432
3470
3408
3416
3352
3424
3390
3388
3422
3412
3434
3394
3470
3458
3502
3558
3570
3630
3518
3504
3542
3548
3562
3506
3496
3528
3512
3530
3460
3372
3392
3382
3342
3472
3458
3414
3510
3428
3458
3482
3494
3460
3432
3444
3412
3428
3428
3494
3472
3408
3396
3458
3454
3502
3452
3462
3474
3456
3568
3614
3662
3664
3570
3516
3534
3504
3474
3530
3474
3380
3322
3366
3408
3426
3422
3402
3378
3346
3404
3326
3310
3248
3272
3332
3350
3352
3392
3376
3302
3300
3358
3344
3372
3382
3432
3442
3474
3418
3330
3328
3336
3308
3344
3318
3348
3372
3296
3254
3284
3258
3294
3344
3414
3410
3440
3444
3366
3360
3384
3404
3330
3362
3392
3416
3426
3398
3508
3480
3504
3446
3460
3388
3410
3398
