58
68
26
82
0
10
162
166
228
146
172
114
202
238
98
116
40
36
38
56
30
80
116
20
126
168
88
26
140
226
192
324
412
476
424
388
460
512
364
300
334
198
260
242
240
254
356
326
374
306
460
486
460
588
534
552
564
544
564
540
482
414
284
236
284
324
436
328
278
262
246
258
90
52
152
92
110
166
122
232
102
120
6
42
166
440
474
520
574
622
650
516
414
386
406
416
294
486
346
442
126
266
104
28
110
8
94
116
106
84
24
160
228
282
310
450
442
324
396
594
558
506
482
332
254
354
572
526
560
622
490
520
524
592
594
576
448
434
560
716
854
824
684
696
676
884
930
824
908
782
868
752
884
938
1064
1006
1136
1170
1238
1184
1292
1320
1222
1170
1096
1012
1062
960
996
1146
1150
1084
1070
1028
918
914
866
876
796
798
800
682
600
554
670
578
682
608
666
724
634
586
712
594
484
486
506
562
454
444
616
728
700
720
630
626
534
586
708
702
894
952
950
982
928
1122
1028
844
812
780
940
1092
1300
1126
1018
942
1104
1146
1212
1218
1146
1196
1266
1240
1214
1264
1254
1276
1506
1396
1236
1248
1312
1142
1182
1142
1206
1166
926
998
1062
924
836
888
888
1022
822
960
836
838
876
728
818
924
1066
1006
1108
1136
1108
1150
1352
1428
1308
1294
1230
1226
1086
1018
998
908
892
866
760
624
518
536
436
532
542
436
420
242
346
250
192
136
38
24
168
116
188
180
188
116
188
148
40
106
14
14
158
190
202
198
146
84
128
226
184
76
84
146
288
222
192
286
132
174
18
56
196
136
180
262
72
128
90
40
210
112
122
80
106
54
16
54
8
8
48
64
116
10
134
166
238
252
282
476
398
562
692
684
714
618
734
684
686
630
722
608
754
754
684
582
586
556
554
432
236
290
518
562
636
710
702
504
336
254
292
158
394
360
372
592
628
732
608
532
542
532
550
602
502
542
584
696
712
364
370
614
716
652
542
806
894
684
650
694
686
684
614
414
480
472
630
612
424
502
596
584
812
772
846
746
618
492
478
514
474
522
220
150
202
310
374
240
244
198
234
324
118
64
24
24
38
202
342
348
290
220
328
306
242
158
14
30
34
20
44
52
60
24
128
8
34
106
42
124
138
192
98
56
122
80
82
120
116
28
88
54
2
32
50
144
4
12
82
186
168
228
88
18
112
146
184
202
286
320
370
454
512
572
514
468
338
318
328
100
10
174
222
240
290
260
258
126
168
310
232
202
304
494
492
592
534
492
400
466
560
746
696
732
530
498
340
368
220
250
218
280
414
408
470
606
532
500
540
544
518
380
384
306
172
158
266
310
438
270
270
158
192
232
254
250
198
304
286
228
236
214
164
210
72
230
292
340
322
334
472
544
448
528
514
580
682
546
522
532
240
226
120
150
254
420
464
510
548
600
374
514
312
452
462
714
596
730
588
742
826
738
742
660
738
688
658
478
562
408
444
486
628
590
630
550
524
564
540
574
472
280
110
202
168
212
324
220
126
14
102
302
218
172
132
202
154
356
266
142
128
14
82
2
84
54
26
156
252
290
478
420
254
258
220
392
510
664
430
442
468
482
474
306
216
354
266
350
234
420
432
594
602
612
506
476
404
324
220
82
78
56
102
52
66
46
76
82
18
120
72
84
288
248
260
298
162
138
42
2
78
52
76
18
284
232
198
110
100
128
112
382
314
286
342
536
680
728
764
810
820
740
716
704
428
382
338
50
70
16
92
28
160
88
176
70
126
60
98
138
144
258
58
230
154
98
158
86
6
46
114
168
186
52
16
54
112
24
0
112
130
68
172
220
258
236
322
326
348
322
386
380
340
412
346
514
504
414
376
346
396
562
742
742
790
680
792
800
692
580
500
616
456
426
526
510
564
816
798
718
796
830
844
782
690
864
870
906
834
842
674
674
712
722
748
868
734
730
708
746
884
920
996
1006
1014
932
918
860
1040
1124
1184
1264
1152
1070
1110
1070
1030
980
838
908
888
942
800
726
750
904
902
834
920
722
814
788
738
826
820
836
826
816
706
658
544
474
472
512
436
396
240
192
64
60
22
48
112
30
132
170
164
224
468
254
254
164
14
126
102
36
2
50
32
24
74
252
274
396
492
410
320
320
372
386
248
124
72
60
34
146
136
138
176
168
102
122
146
204
254
294
318
314
458
494
576
578
690
750
638
492
664
806
810
692
802
718
664
598
556
406
456
392
376
282
338
432
464
538
444
314
332
248
244
98
240
272
210
28
76
344
424
348
356
280
186
282
172
224
130
84
62
88
62
180
96
130
62
56
20
110
234
116
8
34
128
364
482
610
514
476
238
126
42
56
34
36
140
172
274
340
278
272
356
232
74
22
124
16
70
144
162
398
292
442
630
626
476
510
454
504
498
382
366
374
486
382
354
424
266
296
238
138
14
8
6
18
34
70
148
42
296
472
524
736
600
482
526
566
410
312
298
188
362
330
374
512
398
534
564
644
792
694
774
644
486
478
384
580
544
456
384
310
250
320
408
410
180
264
258
268
182
118
228
172
214
196
218
350
332
436
476
624
594
672
578
636
584
530
580
612
792
918
958
1076
942
864
720
608
608
408
378
396
466
544
630
800
688
572
702
930
890
962
1054
1050
1080
1010
960
1150
1206
1154
1172
1224
1212
1228
1292
1272
1248
1108
1122
1248
1320
1278
1436
1338
1372
1430
1434
1404
1326
1144
1332
1534
1576
1806
1840
1828
1962
2052
2000
1988
2014
2092
2104
2068
2164
2218
2086
1966
1948
1876
1802
1928
1856
1760
1812
1784
1616
1674
1760
1634
1554
1424
1328
1380
1358
1382
1376
1228
1368
1258
1230
1444
1438
1420
1506
1478
1506
1554
1448
1436
1550
1622
1652
1476
1352
1372
1250
1342
1428
1402
1412
1318
1288
1188
1192
1106
1142
1120
918
970
848
834
1022
928
870
756
724
652
728
754
648
676
764
582
560
574
456
446
602
590
602
576
660
692
348
364
296
360
406
426
426
456
402
548
490
454
448
582
570
462
418
484
662
810
742
540
580
564
588
698
758
772
664
676
678
674
794
690
624
460
528
444
350
302
190
280
244
122
224
332
304
366
290
140
132
54
50
20
56
172
24
36
52
48
20
32
116
92
122
54
100
104
124
122
112
10
170
106
176
106
144
120
116
162
120
10
2
12
90
118
100
90
0
62
74
6
36
34
64
50
36
224
164
78
90
90
90
92
122
44
206
272
196
128
30
84
296
22
14
60
104
114
250
212
138
104
110
50
26
48
118
54
6
168
150
186
260
90
120
186
186
420
366
350
230
220
214
268
278
304
366
406
324
308
290
164
208
268
224
228
130
286
184
104
78
158
358
376
290
208
304
328
306
444
442
366
486
606
496
436
472
500
426
356
234
50
82
120
126
144
242
216
186
204
92
124
96
122
34
36
18
88
8
34
12
118
226
68
132
188
186
120
200
340
232
378
338
428
438
492
382
402
240
354
388
456
554
612
728
778
774
858
886
832
918
762
796
816
920
822
738
650
776
618
410
322
598
492
522
540
470
600
520
508
284
188
94
92
208
240
324
330
188
94
26
30
112
98
6
76
118
220
194
138
16
28
28
144
118
164
86
30
12
48
190
262
334
460
458
494
342
434
374
324
260
296
364
418
570
572
786
830
952
898
866
910
1000
1038
892
876
804
726
950
956
862
804
620
738
670
650
488
388
412
298
254
200
420
374
388
550
678
674
684
632
568
626
638
766
856
1004
1068
1190
1368
1362
1378
1232
1280
1278
1214
1054
1210
1200
1210
1174
1220
1254
1198
1340
1258
1336
1370
1306
1378
1482
1436
1378
1526
1604
1674
1608
1648
1638
1574
1448
1382
1124
1156
1168
1072
1260
1172
1034
1026
830
960
1240
1258
1362
1334
1522
1626
1604
1764
1782
2062
1966
2116
2206
2116
2104
2104
2248
2212
2326
2204
2160
2108
2266
2200
2192
2240
2166
2210
2258
2252
2250
2296
2234
2124
2080
2142
2094
2168
2228
2244
2370
2268
2320
2270
2138
2264
2366
2466
2192
2254
2366
2546
2316
2272
2274
2336
2480
2564
2516
2664
2472
2478
2418
2422
2612
2374
2420
2424
2372
2220
2230
2258
2228
2140
2082
2186
2140
1964
1992
1974
1994
1824
1806
1898
1852
1948
2164
2064
2140
2124
2214
2054
2178
2070
2068
1954
1896
2002
2160
2316
2284
2186
2202
1950
1884
1828
1932
1814
1906
1954
1978
2118
2290
2566
2424
2380
2396
2428
2382
2394
2376
2298
2202
2174
2162
2276
2306
2274
2328
2280
2354
2332
2224
2200
2296
2534
2498
2436
2628
2546
2432
2312
2212
2226
2086
2156
2138
1974
2018
1956
1988
1830
1844
1718
1644
1718
1592
1626
1624
1614
1556
1550
1500
1368
1244
1108
1052
978
1002
1074
1036
1088
952
904
874
822
892
936
1130
1120
1108
1000
916
838
894
766
882
1066
1070
1082
882
838
812
1026
1020
920
912
1046
1206
1286
1302
1360
1462
1434
1548
1564
1586
1602
1764
1798
1794
1836
1754
1868
2002
2148
2152
2298
2406
2242
2282
2304
2406
2316
2278
2026
1994
2268
2308
2480
2548
2800
2856
2840
2804
2916
2962
2950
2916
2894
2830
2828
2758
2852
2886
2782
2942
2834
2684
2696
2568
2648
2744
2644
2752
2622
2498
2562
2596
2566
2596
2546
2460
2422
2490
2478
2534
2566
2654
2410
2524
2558
2422
2380
2258
2332
2438
2402
2526
2620
2716
2848
2884
2808
2678
2702
2832
2892
2708
2668
2654
2774
2620
2492
2362
2378
2432
2526
2390
2344
2500
2324
2388
2306
2372
2134
2172
1980
1944
1794
1940
1932
1906
1956
1950
1836
1630
1604
1638
1822
1912
2062
1958
2050
2056
2112
2096
2122
2150
2210
2172
2148
2296
2260
2366
2416
2362
2256
2190
1952
1854
1808
1852
1850
1814
2056
2062
2132
2260
2100
2032
1996
2102
2196
2170
2174
2344
2206
2176
2140
2004
