844
880
894
906
892
874
870
904
894
888
908
902
900
908
898
888
886
924
914
934
952
932
922
936
942
942
942
924
928
948
948
936
938
924
894
874
892
844
844
842
836
858
848
850
856
874
868
828
826
822
800
832
850
876
878
862
854
830
820
824
864
868
858
842
840
860
836
818
818
844
830
844
862
882
880
856
872
854
870
898
896
906
882
844
844
864
804
818
788
774
802
810
778
856
868
880
928
942
952
928
918
896
888
898
864
876
860
856
870
886
868
890
890
910
908
920
912
892
916
912
932
940
932
934
942
950
942
918
876
904
942
928
908
896
886
888
890
902
906
908
870
870
860
908
928
928
918
882
902
898
912
894
890
872
892
884
840
820
880
890
886
870
876
882
892
904
904
900
882
886
888
850
806
778
792
838
866
892
838
808
810
838
812
814
822
810
838
816
788
814
832
822
804
812
780
770
776
812
804
830
816
816
828
818
826
866
846
878
856
842
816
832
832
804
794
786
778
838
842
798
840
822
808
824
852
848
884
864
842
834
812
852
816
834
832
830
820
840
848
862
890
860
840
822
804
856
872
864
872
880
878
848
892
870
922
910
888
858
816
782
800
798
774
756
744
748
764
814
802
764
796
812
824
812
814
812
794
816
822
836
914
882
882
882
876
836
880
830
824
814
792
808
816
836
832
840
840
866
874
842
846
860
876
884
870
882
886
876
892
860
890
860
882
886
874
856
868
844
812
810
790
804
786
802
794
830
776
802
828
800
754
772
774
794
818
824
828
834
850
834
848
854
860
868
846
824
836
810
844
866
854
878
852
812
830
772
788
808
838
854
870
898
924
924
878
896
912
908
898
864
862
854
864
884
890
868
858
842
830
858
846
836
840
836
852
846
854
852
846
872
868
916
928
922
912
914
902
922
932
934
910
884
872
854
816
838
808
810
766
786
734
732
728
758
778
744
780
820
808
800
814
854
860
864
838
844
852
906
884
888
890
900
894
902
902
842
874
870
854
876
866
912
882
876
886
898
912
920
920
920
908
872
856
862
844
832
878
902
898
908
924
918
912
890
902
826
818
828
862
856
856
842
792
758
752
780
814
816
806
798
818
836
846
864
834
828
824
792
782
750
690
712
730
750
774
794
800
812
828
840
874
902
896
898
904
890
902
888
864
872
840
834
832
852
872
864
834
830
840
836
838
820
838
816
828
854
842
892
892
906
882
894
886
880
904
906
912
912
896
898
872
850
850
880
864
880
904
858
856
904
912
906
914
886
892
886
892
866
900
890
878
862
880
904
882
896
896
868
872
922
916
896
864
896
908
914
922
920
916
898
918
914
920
942
964
932
918
946
932
934
912
892
880
864
884
892
912
900
884
872
872
860
858
862
848
832
850
850
826
820
838
882
872
900
910
944
934
896
898
896
888
900
878
842
806
810
838
832
828
846
812
808
834
812
798
818
802
778
774
768
804
842
864
842
818
812
820
830
832
850
854
878
886
908
904
904
926
900
908
912
900
916
934
880
872
880
868
862
846
842
860
860
848
866
900
852
842
878
908
892
884
918
928
874
864
866
858
854
784
838
830
838
842
882
884
892
890
878
846
878
838
846
868
874
888
864
910
878
872
886
894
888
884
886
900
852
846
874
890
912
914
910
862
860
848
842
854
872
870
882
910
922
926
914
894
934
926
930
880
884
874
902
878
890
904
920
926
924
912
912
936
924
904
948
942
952
954
940
886
888
864
870
852
842
830
844
814
856
830
810
824
812
810
816
762
754
748
774
816
832
832
854
850
838
826
780
798
828
820
848
870
908
906
882
872
868
858
884
886
894
910
864
806
800
838
862
864
882
892
916
902
924
920
922
936
888
898
896
912
948
922
910
900
898
902
912
884
868
872
878
876
856
842
854
836
854
868
868
868
900
900
882
872
876
866
858
904
890
894
900
880
904
876
868
876
866
836
796
816
846
860
858
908
902
910
904
902
886
896
902
914
918
874
858
868
860
866
856
884
876
884
914
920
912
908
890
910
916
904
896
898
910
900
906
926
906
902
872
860
858
854
854
838
852
912
900
890
874
862
854
866
880
868
880
894
876
820
868
866
866
840
844
858
806
754
782
778
748
758
774
784
788
796
812
834
838
804
808
812
842
834
852
858
882
878
864
870
864
814
790
772
772
750
784
812
816
774
778
808
814
786
796
788
770
758
762
786
774
824
790
818
792
760
802
820
834
872
848
838
820
840
868
888
872
878
882
856
856
882
848
850
882
898
902
900
926
892
902
910
902
894
896
874
872
852
858
820
784
862
816
848
828
830
868
872
918
962
920
940
948
966
948
936
954
942
934
920
906
912
908
886
910
904
906
912
884
848
836
832
882
878
862
852
878
880
894
876
846
814
776
758
812
834
810
804
832
796
832
846
860
884
912
916
922
912
914
890
880
892
898
892
870
862
864
878
896
922
908
916
904
906
898
906
904
902
882
884
920
934
924
938
910
898
904
906
926
914
886
880
908
918
894
904
922
930
932
922
920
910
922
914
922
898
872
866
838
818
794
790
786
840
846
882
840
866
844
844
858
836
864
832
822
820
836
876
866
850
830
868
884
918
918
912
892
896
898
910
908
906
912
906
886
858
874
876
880
860
852
874
934
916
904
888
854
820
796
848
864
852
876
864
892
904
910
912
880
888
900
904
892
876
894
874
884
882
898
948
914
870
888
926
936
940
902
858
860
884
894
894
866
896
868
872
852
848
820
806
816
840
840
848
840
840
858
840
878
862
862
878
862
824
848
856
792
788
832
820
834
862
876
884
926
944
932
896
932
930
904
904
902
904
888
886
916
918
934
938
954
948
940
906
902
898
904
936
924
884
906
906
920
904
910
912
858
872
876
876
878
900
902
880
868
892
880
878
882
860
864
888
868
874
862
884
868
846
850
864
866
886
922
904
914
900
856
882
860
856
878
864
846
866
882
868
856
854
872
840
828
800
846
810
780
758
732
768
752
770
750
750
708
712
666
618
642
610
600
620
618
602
554
580
552
582
620
632
652
660
670
670
692
702
704
684
678
716
688
670
676
714
704
712
690
700
720
718
730
692
690
680
666
654
680
676
696
718
722
706
690
684
672
682
662
690
664
686
702
638
618
584
640
650
640
660
628
628
630
654
662
676
660
596
604
602
630
618
616
618
592
614
626
612
600
600
580
632
630
622
584
586
616
640
596
614
640
666
712
736
726
708
708
692
688
716
716
718
730
690
702
744
724
764
768
814
828
842
840
864
876
910
896
868
858
840
860
864
904
892
924
910
894
932
924
922
928
918
928
952
958
934
918
916
904
898
906
918
896
862
834
834
880
902
920
864
838
856
864
850
890
924
936
924
924
940
908
924
934
920
870
880
902
934
926
908
908
890
884
906
880
874
838
862
828
848
848
868
870
882
876
890
870
880
872
876
860
846
818
834
834
860
844
840
868
874
858
826
842
894
852
816
826
830
850
848
842
864
876
854
900
876
868
904
872
918
942
926
918
936
924
944
920
892
908
884
910
916
914
922
928
936
962
956
944
912
910
916
896
926
912
874
912
888
882
890
870
900
854
856
872
884
858
856
884
908
926
922
892
870
876
858
878
842
848
866
892
868
842
826
852
862
852
860
862
874
864
866
866
876
884
864
888
882
900
924
914
890
900
890
900
926
944
930
928
938
934
956
934
946
892
884
862
868
854
842
880
874
870
862
906
890
898
930
918
888
870
858
856
866
888
878
872
876
872
866
886
866
888
874
878
902
886
890
880
876
856
842
852
842
846
880
868
908
884
868
890
920
902
904
904
900
898
892
924
910
918
946
944
964
946
930
912
920
896
886
870
896
900
870
850
870
832
850
854
802
796
824
846
822
856
868
886
900
878
894
870
860
856
898
920
948
910
878
858
884
872
864
866
888
934
950
932
938
930
920
938
924
930
926
928
932
910
892
898
918
890
906
916
886
858
852
888
862
862
852
858
850
872
852
836
804
834
848
858
882
900
920
930
942
936
958
926
924
916
910
896
880
846
834
852
884
870
876
848
806
810
780
804
818
808
792
794
774
780
794
766
740
738
816
798
802
848
866
860
844
868
854
846
836
794
808
800
782
768
784
830
846
844
842
856
868
894
872
866
874
878
880
874
880
894
882
842
824
820
812
820
834
838
846
808
822
818
838
856
872
890
858
882
854
864
856
870
900
902
906
852
844
850
842
834
848
888
882
908
890
910
912
934
914
924
914
896
922
948
900
896
898
914
914
910
904
886
890
878
896
890
884
862
904
900
912
920
918
934
924
928
908
914
884
882
880
856
874
822
834
810
854
844
876
890
918
902
890
886
916
900
890
878
848
856
826
810
836
826
858
836
832
834
860
900
864
868
902
914
908
896
888
902
902
908
892
918
900
918
898
918
900
914
896
880
870
876
868
890
856
884
886
874
908
900
856
906
832
822
826
840
848
882
896
902
868
864
864
874
872
900
912
920
942
934
922
924
926
934
920
934
886
864
844
880
856
870
882
904
918
916
908
914
924
920
910
894
