862
870
850
844
850
860
878
884
878
876
912
922
892
890
886
884
882
878
862
848
864
896
876
878
858
862
870
880
882
908
886
900
900
894
880
882
876
902
878
890
872
872
904
892
898
904
870
830
844
854
854
850
820
826
836
878
834
830
828
858
842
830
840
834
832
808
814
798
826
824
830
788
760
824
876
868
876
868
878
888
892
900
864
882
866
862
878
898
912
950
932
902
912
906
872
868
874
898
898
914
910
926
936
920
908
846
858
888
910
886
918
896
908
902
870
878
894
894
898
882
892
894
892
910
898
898
894
862
858
856
852
862
826
844
890
892
908
882
842
866
878
840
826
844
892
864
850
872
900
882
900
908
926
934
916
908
898
894
882
866
850
850
874
870
902
888
886
824
824
834
840
810
836
888
910
870
868
848
876
888
884
888
896
912
944
968
948
910
898
918
900
902
906
884
878
900
902
894
864
864
802
820
838
836
822
826
836
818
832
836
872
874
854
870
906
948
930
904
886
886
882
876
884
896
882
910
922
914
892
904
896
888
842
854
860
892
900
910
936
912
900
894
924
918
918
896
898
908
856
866
852
840
834
836
832
834
818
838
818
858
856
834
800
820
830
846
850
860
866
846
834
846
842
846
832
818
828
824
856
878
898
890
884
820
820
846
860
844
824
860
840
824
878
884
876
898
918
934
914
938
938
894
928
952
930
944
946
928
918
900
896
912
872
830
830
872
898
914
948
926
934
958
934
906
936
924
934
928
914
922
890
910
908
880
868
896
912
880
846
850
828
830
826
832
854
836
832
824
834
874
880
894
884
870
876
882
898
916
882
898
858
876
866
890
888
912
916
890
864
888
882
872
896
898
882
884
886
908
906
892
920
952
954
962
940
942
916
930
916
904
890
884
886
872
874
858
850
828
864
848
844
824
808
828
824
844
848
838
864
884
884
880
846
840
842
814
814
808
822
842
876
888
880
866
884
896
946
932
922
908
924
916
882
894
876
858
836
840
846
848
842
880
894
892
924
894
904
908
936
932
918
914
908
898
874
868
906
900
896
894
928
918
928
918
912
908
900
898
894
866
906
926
882
864
874
864
882
898
890
874
878
890
882
872
886
892
922
934
932
904
872
876
866
912
912
916
914
918
910
918
898
892
892
928
918
922
910
906
894
874
860
856
884
886
874
844
858
844
878
916
928
896
894
902
918
924
940
940
936
914
932
904
894
910
896
924
934
944
920
942
938
930
928
910
900
898
906
902
914
906
890
898
896
888
910
870
936
926
910
910
908
886
900
926
924
940
922
910
928
914
930
914
898
886
914
940
940
960
938
906
934
924
918
940
946
940
944
906
902
930
922
898
904
900
908
918
900
876
874
916
900
870
836
864
844
872
866
850
856
898
892
880
878
886
878
874
880
878
906
908
916
922
874
858
868
854
836
856
882
890
926
922
900
926
948
940
938
882
842
886
864
832
816
800
782
808
788
812
794
808
810
814
860
862
880
858
872
848
850
854
848
828
822
816
836
844
886
896
922
928
878
872
848
866
876
868
864
890
862
876
882
884
870
882
890
878
868
848
840
840
828
820
838
850
844
870
826
862
890
874
868
812
850
846
852
824
844
846
882
862
862
894
904
884
862
888
904
910
942
948
938
896
886
880
862
862
852
860
888
874
890
858
852
816
824
832
848
852
890
906
912
930
884
886
908
888
892
902
890
908
896
908
934
946
922
920
926
942
952
952
950
958
932
944
932
926
924
902
894
888
896
898
864
826
844
886
898
898
892
894
894
918
910
898
902
918
886
890
890
862
856
870
902
914
906
920
914
894
912
894
880
870
876
864
842
894
880
866
874
872
882
928
898
902
922
960
952
956
944
936
914
894
886
872
884
916
930
948
936
932
936
936
916
906
916
928
930
896
896
848
862
884
936
926
926
908
930
944
960
948
944
934
938
938
938
874
882
874
892
896
898
914
914
906
928
920
924
924
878
854
870
872
860
844
846
864
858
886
880
884
872
894
936
930
920
932
928
892
890
906
906
926
922
912
910
878
866
862
882
888
912
912
914
898
936
930
922
900
904
912
902
904
918
942
940
928
952
956
938
916
958
956
950
924
910
906
908
918
912
938
956
962
934
926
908
882
898
866
862
874
902
920
910
882
890
872
896
896
898
880
858
868
872
844
832
850
858
874
870
834
828
824
832
856
860
884
842
848
848
866
858
864
876
916
894
900
908
882
902
872
870
866
848
832
864
870
824
866
880
890
874
892
904
898
854
828
796
812
792
814
848
832
890
906
904
858
882
898
890
884
892
840
880
896
886
894
902
890
892
892
878
900
892
886
898
902
870
864
848
832
852
870
892
862
884
902
844
840
818
848
864
844
846
834
834
836
854
846
828
846
864
866
862
894
896
910
890
912
920
916
900
876
874
866
864
872
854
862
860
846
840
850
878
876
882
872
896
898
890
918
890
904
914
932
908
910
936
916
908
926
910
882
880
862
838
850
866
852
806
830
868
870
902
914
940
932
936
916
918
900
884
892
912
906
916
924
886
882
882
868
892
896
866
864
862
844
874
882
866
854
840
856
856
868
870
868
850
842
848
868
918
908
906
890
892
874
820
812
810
820
812
822
828
840
836
880
836
840
838
858
878
872
846
832
832
804
848
858
866
876
876
898
928
918
912
912
912
910
866
866
868
876
892
904
878
908
908
926
956
954
948
924
924
934
948
928
924
910
924
914
916
930
928
922
912
940
912
920
904
884
908
914
906
898
894
854
836
862
902
910
902
900
910
884
834
882
882
904
914
924
914
924
924
914
918
918
930
922
944
910
918
908
894
894
874
890
880
906
930
910
894
914
908
924
906
904
908
924
918
902
934
914
930
926
904
890
890
872
870
870
884
870
898
934
922
888
896
916
882
892
912
922
926
906
922
958
946
926
930
942
938
898
922
904
882
858
848
882
890
914
886
858
830
792
810
814
794
764
854
834
874
902
912
918
934
886
896
904
898
916
896
900
910
916
912
910
900
894
930
898
918
922
892
904
880
888
880
858
852
848
888
880
894
920
900
884
862
864
848
862
840
860
866
876
892
900
884
898
904
910
900
890
902
884
914
910
900
878
870
874
824
836
878
868
878
900
882
920
916
892
912
916
932
898
900
918
932
942
928
916
914
914
894
884
886
878
890
898
920
898
900
908
918
880
880
846
856
900
906
934
908
906
898
872
870
860
870
900
904
904
930
930
946
914
918
896
884
896
876
866
878
850
878
854
870
858
846
852
882
896
900
888
874
866
896
840
820
852
872
848
872
888
920
894
896
892
900
898
898
890
920
894
866
886
880
860
842
820
844
828
848
866
888
886
880
888
918
934
922
902
922
926
938
946
932
940
960
952
946
914
882
862
850
854
866
880
874
906
934
946
916
916
924
900
914
906
888
910
928
922
896
872
898
874
876
884
898
892
892
874
870
850
850
838
802
778
750
774
778
788
798
844
858
838
832
852
810
814
818
802
836
826
834
810
788
824
850
848
872
878
854
854
848
816
840
826
830
852
878
904
904
896
912
924
876
888
878
890
928
914
926
952
922
932
950
934
924
922
940
916
916
914
892
900
900
902
900
890
860
888
884
898
940
924
910
902
908
892
900
884
918
958
960
944
924
958
928
954
946
926
926
928
906
900
882
876
902
896
878
884
870
872
854
826
864
846
884
878
852
858
854
874
876
846
810
846
864
832
838
860
886
886
896
900
890
868
858
836
820
858
852
852
824
854
864
886
846
888
890
892
900
908
918
904
902
884
856
858
850
870
898
894
882
882
874
910
926
930
904
894
872
882
890
848
808
802
820
848
838
858
832
832
856
894
892
866
888
912
904
870
814
820
838
810
848
854
868
886
904
880
926
930
910
910
900
910
918
928
924
922
904
900
910
904
906
890
890
918
914
890
886
892
908
888
912
938
942
940
908
878
884
880
844
866
876
864
874
884
878
882
876
890
888
908
884
858
868
884
878
878
884
886
888
888
878
900
910
924
918
898
912
918
928
902
902
844
856
854
784
782
774
820
820
796
784
754
766
790
818
834
828
820
810
794
782
728
764
780
774
782
770
772
782
782
814
770
774
792
754
794
812
806
816
828
842
846
838
824
828
828
814
816
812
798
790
802
834
832
810
818
798
838
852
838
826
890
882
854
818
850
850
870
848
844
894
894
850
872
852
862
890
874
870
868
878
866
896
888
922
892
900
892
874
902
892
896
918
892
926
924
926
908
904
894
890
884
870
860
868
896
890
898
920
908
894
884
904
908
894
914
904
896
872
892
894
908
864
828
848
828
830
886
918
908
896
872
920
934
898
926
948
922
912
912
926
932
930
928
904
920
918
896
906
932
938
930
928
916
892
918
906
892
868
836
842
832
834
876
914
914
926
920
944
922
906
886
886
866
858
866
870
888
906
902
908
910
914
912
912
914
918
888
912
906
920
862
824
892
898
890
872
866
904
860
840
836
848
846
878
894
906
904
888
900
906
908
922
928
914
886
878
926
910
920
908
880
866
866
854
896
