7130
7044
7002
7184
7188
7122
7130
7112
7116
7028
7048
6980
7072
6976
7000
7070
7098
7138
7078
7084
7134
7102
7132
7188
7102
7018
7090
7066
7180
7196
7180
7120
7126
7192
7158
7072
7106
7136
7190
7144
7200
7124
7100
7172
7172
7100
7020
7114
7112
7174
7058
7006
7074
7140
7180
7120
7106
7088
7168
7206
7264
7130
7026
7126
7118
7186
7284
7218
7164
7100
7024
7004
6990
7026
7226
7186
7122
7072
7060
7160
7230
7200
7158
7006
7080
7084
7022
7064
7018
7020
6898
7000
7048
6888
6852
6912
6924
6862
6960
6962
6906
6958
6888
6860
6862
6842
6772
6802
6822
6784
6706
6686
6772
6836
6824
6790
6822
6898
6878
6864
6820
6954
7008
6916
6924
6784
6826
6784
6862
6758
6752
6706
6636
6724
6848
6816
6764
6800
6844
6972
6920
6918
6932
6870
6910
6914
7020
6960
6974
7070
7056
6948
6982
7078
7178
7086
7154
7154
7120
7132
7032
7052
6974
6796
6842
6960
7086
7148
7038
7142
7034
7052
7140
7092
7040
6958
6940
7056
7010
7034
6882
6902
6930
6804
6870
6818
6940
6980
6928
6910
6840
7092
6918
6846
6822
6862
6894
6954
6900
6810
6846
6892
6964
6748
6716
6814
6916
7006
7058
7000
6988
6892
6816
6894
6886
6882
6906
6966
6908
6892
6812
6696
6786
6872
6802
6812
6792
6820
6890
6810
6780
6752
6690
6692
6764
6820
6766
6698
6694
6682
6658
6616
6736
6702
6686
6778
6782
6748
6812
6818
6914
6894
6968
6948
6846
6830
6804
6578
6510
6476
6366
6280
6334
6486
6580
6658
6678
6860
6854
6832
6844
6956
6984
6882
6822
6866
6902
6892
6880
6896
6874
6934
6990
7006
6888
6988
7022
6938
6968
7080
7088
7132
7148
7106
7026
7128
7118
7064
7090
7024
6928
6814
6864
6872
6778
6898
7028
6956
6962
6834
6788
6702
6624
6706
6728
6698
6810
6896
6894
6776
6922
6922
6938
6694
6708
6766
6906
6948
6988
7036
6966
6952
7114
7080
7114
7084
7050
6914
6832
6848
6872
6884
6872
6960
7080
6972
6972
7020
6968
6926
7036
6988
6890
6908
6976
6950
6964
7006
7052
7066
7152
7178
7142
7148
7094
7272
7218
7178
7114
7226
7018
6996
6974
6852
6964
6930
7032
6948
6996
6978
7008
7072
7202
7098
7028
7092
7186
7238
7320
7404
7324
7398
7296
7262
7290
7294
7306
7254
7244
7334
7304
7302
7244
7192
7316
7356
7210
7228
7114
7066
7064
7044
7102
7140
7158
7204
7262
7130
7126
7056
7062
7098
7108
7226
7224
7202
7078
7060
7122
7238
7150
7110
7106
7186
7134
7060
7052
7018
7006
7012
7022
6970
7108
7102
7144
7212
7214
7188
7162
7280
7284
7246
7216
7100
7036
7002
7044
7146
7120
7226
7132
7004
6984
6940
6982
6942
6958
6892
6890
7056
7004
6962
6818
6868
6814
6826
6862
6994
7076
7066
6988
6914
6924
7052
7088
7162
7216
7162
7160
7160
7052
7048
6996
6964
7110
6996
7140
7024
6976
6930
7062
7080
7138
7086
7090
7104
7180
7224
7166
7282
7266
7268
7282
7376
7270
7302
7292
7288
7248
7204
7184
7072
7154
7174
7238
7260
7308
7216
7132
7174
7126
7180
7248
7356
7300
7214
7240
7232
7204
7224
7234
7188
7236
7328
7322
7268
7250
7202
7334
7324
7310
7202
7186
7228
7278
7308
7292
7282
7344
7358
7372
7398
7400
7282
7310
7176
7210
7292
7290
7146
7242
7392
7404
7450
7458
7542
7478
7506
7572
7568
7598
7562
7508
7384
7460
7440
7368
7282
7356
7312
7402
7512
7630
7694
7714
7672
7566
7594
7576
7666
7582
7504
7398
7466
7512
7588
7466
7398
7338
7282
7392
7410
7440
7460
7446
7540
7522
7360
7380
7310
7320
7332
7288
7256
7174
7164
7138
7170
7144
7096
7240
7238
7178
7144
7068
7106
7168
7138
7098
7098
7084
7096
7182
7194
7172
7152
7216
7116
7068
7030
6922
6848
6956
7022
7142
7210
7090
7238
7262
7258
7202
7132
7128
7006
6990
6972
7020
7030
7032
7006
7096
7152
7150
7132
7146
7230
7254
7304
7302
7244
7228
7176
7062
6976
6952
7018
7054
7154
7200
7208
7258
7322
7322
7290
7204
7138
7022
7144
7202
7136
7188
7062
7116
6992
7022
7100
7098
7046
7040
6960
6992
6882
6924
6956
6992
6970
6958
6986
7044
7094
7064
7120
7192
7264
7354
7426
7394
7404
7342
7410
7492
7460
7300
7408
7394
7292
7268
7224
7212
7270
7364
7300
7398
7408
7358
7334
7314
7410
7284
7152
7202
7230
7108
7120
7070
7184
7230
7286
7186
6970
6952
7032
7150
7112
7150
7274
7108
7086
7110
7126
7142
7148
7100
7114
7084
7136
7150
7104
7158
7138
7046
7014
6916
6992
7020
7102
7102
7102
7038
7138
7254
7284
7308
7354
7458
7392
7510
7402
7374
7342
7246
7222
7212
7238
7290
7346
7480
7394
7448
7286
7304
7210
7216
7234
7204
7144
7188
7144
7102
7048
6922
7038
7124
7054
7020
7148
7176
7196
7236
7162
7206
7218
7206
7232
7204
7286
7150
7240
7234
7196
7278
7224
7268
7328
7302
7298
7292
7348
7354
7352
7178
7076
7096
7162
7122
7184
7178
7250
7352
7284
7314
7252
7224
7110
7082
7090
7142
7026
6944
6968
6958
6960
6940
6902
6956
6902
6918
7058
7032
7002
7124
7078
7124
7074
6978
6930
6882
6994
6926
7050
7124
7126
7146
7182
7068
7100
7102
7194
7248
7276
7264
7170
7224
7256
7340
7258
7328
7270
7178
7198
7240
7158
7146
7070
7072
7098
7070
7066
7086
7034
7086
7098
7020
7058
6960
7036
7044
7042
7022
7020
7004
7032
6926
6952
6968
6952
6932
6838
6830
6860
6764
6786
6804
6894
6912
6928
6918
6876
6934
7002
6962
6922
6930
6892
6756
6744
6778
6662
6668
6748
6690
6654
6660
6474
6574
6714
6640
6798
6824
6824
6974
6864
6910
6788
6692
6828
6728
6816
6704
6790
6748
6800
6816
6938
6954
6922
6942
7068
7078
7076
7100
7026
7136
7150
7260
7214
7234
7196
7098
7186
7080
7088
7020
7094
7088
7038
6936
6918
6890
6804
6702
6602
6790
6880
7000
6884
6970
6942
6966
7014
7096
6974
6902
7024
7056
7022
7054
7124
7086
7088
7012
6958
6890
7004
7098
7236
7116
7070
7014
6946
6916
6890
6762
6866
6992
6952
6988
6856
6952
6904
6978
7050
7090
7112
7252
7204
7112
7170
7268
7266
7230
7210
7192
7252
7204
7236
7292
7326
7366
7410
7232
7222
7142
7102
7010
6866
6804
6834
7006
7030
6944
6872
6800
6772
6848
6968
7002
6968
6972
7020
7056
7072
7076
7078
7066
6974
7038
6924
7024
6994
6890
6966
6924
6826
6980
6952
6962
7014
7102
7038
7122
7166
7202
7248
7264
7332
7266
7224
7250
7190
7240
7246
7204
7196
7154
7194
7100
7006
7062
7090
7078
7016
7000
6974
7068
6942
7008
6980
7106
7106
7142
7086
7152
7100
7090
7214
7296
7258
7272
7236
7236
7352
7306
7224
7288
7248
7186
7112
7156
7120
7176
7176
7220
7170
7304
7226
7196
7240
7190
7220
7116
7194
7248
7226
7348
7286
7356
7262
7314
7124
7146
7082
7144
7188
7072
7218
7192
7120
7032
7088
7004
6966
7040
7030
7056
7004
7060
7028
6934
7004
7162
7132
7188
7176
7180
7086
7192
7220
7212
7274
7260
7226
7274
7220
7210
7186
7320
7326
7260
7284
7318
7298
7380
7270
7232
7126
7252
7300
7482
7380
7392
7452
7378
7288
7258
7314
7342
7330
7328
7256
7196
7158
7054
7150
7050
7004
7100
7162
7230
7216
7138
7182
7202
7262
7354
7402
7414
7406
7424
7524
7408
7324
7290
7322
7392
7464
7414
7434
7212
7292
7452
7478
7394
7436
7378
7370
7440
7562
7440
7408
7342
7294
7262
7346
7432
7348
7390
7402
7546
7596
7546
7586
7502
7390
7372
7384
7390
7474
7522
7492
7494
7582
7480
7476
7514
7520
7378
7394
7436
7374
7368
7290
7308
7272
7276
7366
7274
7292
7192
7124
7174
7074
7062
7034
7106
7148
7234
7194
7186
7070
7020
7030
6988
6934
6866
6950
7036
7078
7094
7002
6822
6826
6762
6814
6844
6910
7134
7148
7110
7166
7138
7102
7116
7190
7126
7234
7320
7360
7338
7402
7292
7214
7238
7154
7176
7082
7190
7168
7228
7328
7338
7310
7180
7156
7158
7206
7138
7174
7196
7100
6990
6942
6878
6798
6822
6706
6644
6640
6798
6744
6714
6802
6826
6922
6822
6748
6818
6746
6704
6578
6458
6404
6408
6370
6380
6380
6452
6614
6780
6804
6858
6868
6956
6916
6802
6878
6928
6952
6932
6896
6940
7012
6922
6882
6974
6950
6874
6850
6844
6932
6890
6954
6942
6936
6974
7028
7032
6896
6914
6914
6872
6872
6960
7000
6800
6688
6742
6852
6848
6868
6778
6814
6852
6860
6992
6974
6988
7006
7038
7040
7036
7054
7096
7076
7044
7196
7262
7304
7134
6964
6964
6886
6836
6826
6720
6710
6734
6674
6762
6808
6744
6726
6622
6620
6602
6544
6532
6488
6512
6540
6548
6564
6704
6592
6608
6598
6550
6520
6428
6588
6732
6692
6672
6708
6680
6598
6716
6768
6898
6812
6804
6756
6860
6878
6814
6646
6662
6592
6616
6610
6606
6560
6650
6586
6562
6472
6558
6642
6722
6758
6820
6748
6714
6726
6748
6736
6856
6802
6748
6828
6752
6726
6752
6744
6846
6780
6848
6950
6844
6794
6726
6672
6702
6640
6612
6648
6744
6756
6722
6614
6744
6780
6834
6810
6836
6902
6792
6782
6860
6902
6858
6952
7000
7072
7040
7010
7006
6872
6880
6848
6828
6832
6918
6966
6942
6810
6700
6692
6742
6802
6776
6700
6606
6700
6632
6668
6622
6722
6752
6682
6664
6732
6782
6652
6826
6840
6864
6842
6876
6900
6922
7064
7118
7116
7258
7266
7416
7386
7286
7316
7354
7362
7372
7388
7326
7260
7182
7260
7256
7084
7060
6968
7006
6952
7004
7106
7206
7256
7294
7328
7292
7320
7304
7240
7224
7278
7322
7292
7198
7106
7078
7084
7252
7144
7142
7116
7238
7282
7374
7414
7402
7412
7404
7298
7288
7244
7262
7276
7264
7342
7366
7426
7476
7504
7576
7526
7520
7430
7366
7288
7432
7382
7390
7440
7364
7180
7330
7420
7366
7336
7216
7240
7260
7178
7232
7358
7380
7352
7398
7462
7420
7428
7442
7420
7452
7488
7450
7408
7388
7388
7408
7400
7194
7232
7306
7286
7186
7110
7220
7332
7272
7370
7322
7370
7292
7252
7224
7262
7300
7304
7232
7198
7116
7156
7080
7014
7082
7096
7064
7198
7202
7188
7168
7270
7370
7452
7424
7348
7324
7326
7304
7284
7268
7248
7232
7144
7150
7224
7266
7130
7090
7090
7054
7044
7022
7018
7144
7070
7140
7114
7016
7172
7172
7080
7104
6952
6854
6868
6866
6910
6792
6748
6868
6904
6976
7038
6974
6998
6918
6956
6894
6812
7024
7010
7012
6954
7040
7078
7042
7128
7082
7104
7132
7148
7158
7104
7162
7174
7272
7272
7194
7186
7234
7290
7350
7234
7042
7064
7074
6976
6950
6976
7022
7040
7014
7040
7154
7150
7042
6948
6976
6946
7016
7096
6996
7010
6942
7008
7014
7078
7002
6956
6992
7038
7150
7128
7056
6922
6882
6958
6792
6846
6858
6860
6940
7002
7018
7044
7286
7220
7186
7126
7024
7214
7222
7224
7154
7158
7118
7148
7058
7128
7114
6926
6914
6900
6922
6890
6770
6808
6882
6922
7010
6990
6920
6822
6796
6790
6750
6754
6808
6712
6582
6560
6612
6674
6682
6734
6786
6774
6854
6848
6948
6990
6952
6910
6916
6898
6914
6914
6936
6888
7056
6922
6880
6930
6942
6852
6946
6972
7028
6928
6806
6768
6744
6790
6744
6656
6692
6734
6724
6758
6824
6674
6674
6624
6858
6690
6576
6650
6742
6752
6764
6826
6880
6844
6868
6710
6734
6778
6796
6858
6680
6744
6758
6730
6658
6764
6766
6636
6580
6602
6660
6786
6800
6814
6874
6912
6832
6906
6968
7110
7146
7190
7146
7060
7092
7146
7036
7038
7052
7038
6960
7128
7134
7254
7086
7128
7194
7110
7262
7286
7232
7080
7006
7116
7202
7208
7118
7186
