538
558
546
644
626
690
668
698
636
720
814
800
856
808
916
866
870
838
814
792
742
640
556
558
538
442
436
538
592
530
578
636
570
516
468
538
580
636
738
780
728
700
696
738
758
762
718
664
656
802
836
816
830
950
1024
1086
1142
1218
1208
1236
1206
1184
1244
1110
1164
1074
1010
902
800
826
732
710
704
674
682
812
804
794
814
810
736
638
766
868
724
690
688
744
718
732
692
660
732
816
858
760
810
772
770
716
770
668
678
632
720
746
728
698
786
784
760
706
786
636
638
662
704
558
566
480
402
454
462
504
552
516
454
376
430
486
550
572
556
450
412
496
444
444
560
586
478
562
602
482
616
710
658
512
530
488
470
520
482
476
524
634
698
624
628
658
654
582
684
740
686
630
630
668
596
612
456
434
514
594
660
650
630
634
600
608
560
638
752
666
596
552
638
514
414
412
310
298
320
418
390
446
550
598
510
400
480
540
444
496
672
728
734
692
846
854
876
856
834
758
814
816
718
840
814
916
1028
962
1108
1000
1024
1076
1146
1156
1214
1016
1028
1186
1074
1174
1226
1310
1302
1378
1388
1390
1262
1280
1310
1284
1270
1354
1230
1204
1314
1464
1518
1580
1664
1666
1562
1532
1506
1536
1516
1480
1492
1494
1496
1616
1646
1704
1698
1736
1634
1632
1674
1604
1644
1596
1592
1652
1644
1594
1392
1476
1464
1432
1486
1602
1570
1596
1514
1482
1456
1398
1418
1410
1434
1488
1522
1464
1494
1556
1562
1558
1672
1760
1664
1684
1716
1760
1806
1816
1838
1830
1796
1876
1832
1722
1752
1750
1810
1770
1738
1704
1766
1714
1724
1872
1788
1820
1770
1722
1796
1768
1838
1818
1812
1882
1904
1886
1944
1872
1860
1928
1948
1952
1958
1988
2040
2048
2086
2012
1940
1952
1854
1802
1914
1866
1882
1834
1786
1654
1666
1648
1576
1488
1524
1530
1554
1562
1524
1574
1666
1484
1556
1570
1656
1618
1726
1852
1930
1870
1888
1868
1852
1898
1824
1834
1802
1896
1866
1880
1870
1900
1884
1980
2062
2026
2020
2090
2104
2116
2116
2154
2070
2036
2060
2100
2104
1996
2048
1996
1986
1964
2066
2068
2110
2172
2120
1994
2046
1992
2022
2114
2132
2074
2056
2038
2086
2148
2082
2000
1942
1932
1954
1922
1908
1820
1802
1834
1778
1704
1640
1638
1592
1540
1372
1348
1368
1322
1370
1272
1266
1292
1238
1408
1406
1506
1582
1572
1570
1526
1590
1606
1494
1508
1372
1310
1388
1414
1472
1518
1512
1442
1440
1498
1476
1520
1440
1536
1592
1564
1592
1592
1652
1638
1704
1842
1876
1820
1798
1748
1776
1894
1938
1906
1968
1942
2010
2040
1822
1772
1836
1742
1686
1724
1698
1724
1682
1744
1844
1872
1852
1878
1876
1884
1908
1918
1862
1930
1818
1672
1756
1768
1840
1764
1854
1886
1888
1906
1900
1826
1740
1748
1790
1778
1872
1922
2050
2106
2030
1942
2004
1858
1824
1890
1908
1924
1938
2032
2026
1872
1830
1844
1806
1784
1844
1758
1796
1892
1902
1912
2034
1946
1926
1926
1850
1884
1888
1962
1854
1730
1516
1428
1406
1334
1386
1362
1320
1418
1392
1438
1394
1332
1264
1272
1200
1224
1200
1214
1154
1092
1102
1104
1070
1198
1182
1150
1218
1188
1230
1102
1140
1202
1150
1186
1146
1174
1172
1108
1112
1146
1074
1060
1056
952
884
858
858
682
644
600
494
510
412
410
336
322
254
204
140
200
240
236
190
224
292
314
174
304
292
280
178
118
86
122
224
50
48
28
26
116
58
10
56
144
180
182
98
54
4
118
218
334
284
262
350
376
326
242
382
396
342
436
312
382
372
396
432
484
402
274
224
166
22
44
26
30
60
22
132
108
134
142
148
42
6
14
68
166
104
16
66
2
72
26
32
44
96
92
148
336
276
320
274
328
348
198
194
134
128
92
56
92
44
212
234
386
288
412
426
370
364
394
412
486
520
472
442
312
328
316
408
472
472
520
494
478
490
688
724
606
604
576
542
396
410
486
542
540
504
496
480
420
344
272
330
358
288
368
334
430
416
470
552
454
418
524
530
564
536
342
316
390
354
450
522
576
590
522
632
574
586
666
678
764
760
742
620
582
592
476
448
478
532
540
504
614
604
634
586
490
602
664
710
694
656
632
652
716
658
654
786
686
700
668
484
474
332
434
390
328
232
222
240
336
224
288
266
272
288
304
236
186
198
176
210
178
146
58
114
164
134
138
120
162
78
120
32
90
72
82
76
154
188
226
240
180
242
298
288
404
528
574
544
656
644
690
662
636
614
618
656
632
676
788
670
722
772
814
684
656
660
640
616
588
676
652
614
540
568
512
404
378
318
270
424
438
376
448
572
528
446
578
464
352
370
296
360
418
480
468
566
660
644
600
592
604
552
488
484
306
362
492
432
346
350
436
438
378
446
418
414
426
392
332
358
378
374
356
376
394
344
306
210
158
92
162
118
276
226
214
156
136
124
2
64
62
24
108
138
24
26
40
98
72
4
96
42
48
162
148
146
170
166
42
50
24
2
98
90
124
178
214
108
126
198
164
110
206
200
108
104
88
126
126
202
288
312
356
438
494
516
424
418
402
396
402
384
368
362
366
372
434
578
688
672
728
762
762
610
598
648
602
510
484
382
414
356
296
260
252
206
216
260
350
316
278
290
354
438
386
300
272
320
240
186
102
108
158
130
154
332
350
428
388
370
414
418
382
444
386
324
284
350
328
318
306
178
84
120
96
44
48
24
2
42
52
26
42
168
80
22
6
90
140
8
34
48
58
36
96
18
118
52
140
256
238
270
248
246
270
326
280
200
254
198
238
242
206
302
412
470
528
454
396
406
312
320
140
142
190
130
180
306
438
388
378
290
378
270
348
404
408
376
360
394
540
410
484
434
372
416
572
526
496
514
484
398
366
400
328
212
204
324
354
398
476
490
514
546
540
482
520
512
450
458
416
460
380
390
452
518
528
540
476
544
636
554
532
584
608
504
528
480
508
520
506
526
518
442
514
652
678
690
612
680
720
820
746
634
646
648
578
564
576
622
624
576
528
692
666
604
508
286
276
314
348
518
470
438
416
408
418
480
554
474
448
476
384
370
428
506
376
466
502
618
544
578
554
606
568
566
582
494
482
478
364
388
346
340
284
420
486
556
596
596
460
444
410
314
306
320
308
186
276
238
322
272
302
360
382
546
484
470
464
448
374
358
272
186
294
456
424
416
400
410
450
360
282
248
174
162
176
212
244
296
268
298
250
252
254
302
402
342
372
358
290
302
152
178
172
154
90
70
188
308
424
496
438
476
470
508
472
430
448
370
308
326
306
190
136
222
184
314
178
112
88
124
86
132
66
58
118
92
120
8
146
142
42
118
72
34
50
86
212
124
130
60
14
106
48
90
88
174
234
234
136
166
184
230
304
196
160
216
204
180
196
216
258
372
404
332
316
308
280
288
396
384
468
520
500
450
462
588
520
492
454
436
276
194
216
246
204
276
318
296
288
376
422
342
416
412
310
338
294
314
260
250
282
218
232
202
198
90
50
230
332
324
398
354
410
360
350
364
296
276
396
460
474
450
460
556
580
510
518
552
526
538
512
454
500
566
544
586
540
476
468
412
376
336
344
342
402
368
414
306
276
284
422
350
370
398
342
314
268
220
146
72
200
128
280
286
310
298
258
304
314
314
216
258
240
252
308
312
292
404
414
412
438
440
356
336
340
352
370
286
324
236
250
246
370
404
294
390
458
392
354
352
376
364
314
224
258
242
294
342
248
292
296
312
382
418
390
436
432
500
420
508
548
686
752
720
642
696
744
750
718
666
720
732
572
616
522
458
554
436
518
478
378
344
320
232
188
178
132
170
182
202
232
224
156
52
132
164
206
198
136
70
146
160
198
112
84
36
4
34
6
2
18
114
160
262
266
122
156
180
172
144
162
174
80
108
210
170
238
216
0
58
88
0
16
4
146
128
14
16
32
6
2
34
86
28
22
68
70
100
82
70
124
54
32
66
84
156
138
104
136
56
132
8
70
64
150
184
174
168
160
134
64
2
38
12
40
50
134
228
294
286
306
406
378
410
368
444
490
456
440
346
368
406
382
442
426
298
352
328
320
332
364
312
236
162
288
392
420
404
320
358
404
394
540
604
696
640
654
704
684
550
660
576
776
826
834
834
854
728
636
722
792
796
722
726
734
828
778
750
618
638
568
554
484
508
386
440
428
470
532
480
460
420
424
428
446
496
574
632
676
780
820
784
792
824
758
792
750
714
796
768
758
728
762
830
860
792
848
904
1014
948
960
936
896
928
1064
1106
1100
1182
1174
1208
1272
1314
1314
1306
1314
1330
1388
1414
1460
1498
1428
1370
1392
1386
1306
1230
1178
1160
1190
1196
1190
1184
1112
1012
954
930
866
918
874
930
1024
1082
1050
1004
954
924
922
936
1140
1090
1072
1086
1020
1096
1146
1160
1174
1082
1148
1194
1270
1300
1120
1116
1132
1018
1020
1008
1052
1042
1128
1172
1240
1236
1196
1346
1262
1338
1280
1296
1242
1152
1120
1244
1228
1254
1188
1138
1254
1172
1088
1114
1136
1168
1152
1258
1242
1118
1130
1130
1190
1186
1294
1328
1246
1282
1212
1262
1176
1108
1110
1078
1104
1096
1046
1024
1058
1024
1048
1010
1024
1064
1092
1278
1192
1204
1220
1258
1336
1350
1340
1422
1316
1308
1326
1374
1340
1248
1268
1064
1098
1236
1246
1276
1322
1304
1342
1304
1324
1298
1322
1274
1210
1226
1266
1372
1314
1376
1424
1454
1406
1342
1238
1198
1264
1190
1362
1340
1424
1368
1294
1176
1102
994
1008
1134
1166
1080
1054
1124
1084
1148
1120
1208
1168
1066
990
840
888
844
1014
920
892
920
970
1060
1046
956
860
850
908
1002
1102
1164
1168
1174
1112
1048
986
990
984
1028
946
910
1030
1124
1042
1030
946
952
954
1002
1044
1034
944
1012
984
908
926
940
1012
1050
1064
1144
1244
