7876
7876
7830
7760
7768
7872
7774
7816
7782
7670
7714
7764
7724
7684
7670
7598
7616
7600
7610
7572
7536
7620
7622
7640
7600
7594
7606
7648
7564
7546
7548
7572
7574
7568
7480
7596
7556
7586
7750
7700
7716
7768
7746
7678
7728
7772
7786
7712
7664
7510
7640
7630
7584
7528
7524
7592
7608
7594
7628
7530
7512
7516
7494
7518
7530
7492
7572
7610
7614
7468
7594
7582
7578
7640
7642
7632
7560
7516
7572
7594
7650
7728
7726
7680
7724
7668
7724
7780
7886
7856
7820
7778
7648
7676
7744
7644
7722
7682
7662
7448
7536
7506
7542
7574
7500
7428
7550
7630
7702
7616
7696
7700
7660
7562
7544
7618
7680
7706
7714
7734
7760
7704
7612
7592
7512
7598
7730
7836
7812
7674
7736
7746
7640
7630
7728
7766
7766
7834
7816
7778
7862
7830
7782
7772
7800
7860
7872
7924
7958
7954
7940
7974
7918
7822
7872
7872
7820
7790
7926
7898
7902
7900
7972
8066
8078
8128
8016
7982
7942
7832
7948
7982
8028
7906
7902
7956
7920
8010
8034
8072
8126
8004
7888
7870
7972
7968
7982
7982
7972
7964
7934
7898
7878
7830
7802
7898
7836
7854
7792
7858
7922
7860
7912
7804
7812
7818
7824
7880
7920
7890
7818
7820
7852
7852
7910
8004
7950
7896
7920
7936
7956
7970
7824
7840
7896
7850
7822
7754
7812
7906
7898
7954
7944
7872
7830
7846
7876
7768
7790
7742
7728
7686
7640
7730
7774
7750
7698
7744
7758
7624
7732
7786
7770
7788
7788
7794
7826
7786
7786
7738
7638
7608
7682
7810
7840
7780
7718
7666
7680
7724
7728
7700
7690
7696
7792
7738
7708
7668
7790
7810
7862
7872
7850
7928
7980
8070
8138
8192
8130
8160
8050
8050
8016
8102
8072
8168
8074
8068
8084
8122
8046
7972
7856
7822
7772
7760
7806
7822
7876
7908
7970
7918
8006
7996
8096
8172
8130
8010
7990
8036
7908
7796
7794
7848
7774
7820
7906
7882
7892
7766
7782
7846
7742
7720
7700
7676
7722
7796
7824
7882
7922
7934
8012
8052
7976
7938
8022
8004
7980
8004
8032
8068
8018
8050
8012
8034
8060
8072
8086
7996
8032
8020
8048
8036
7966
7970
8010
7916
7952
7976
8182
8130
8148
8160
8048
7976
8024
8056
8010
7914
7962
7918
7882
7872
7932
7858
7830
7816
7774
7778
7750
7828
7866
7844
7740
7760
7720
7876
7930
7874
7848
7914
7944
7834
7864
7950
7890
7756
7814
7682
7736
7662
7636
7670
7696
7632
7698
7718
7740
7776
7734
7712
7684
7600
7658
7566
7606
7644
7610
7488
7564
7666
7688
7650
7680
7618
7652
7722
7804
7758
7754
7812
7804
7842
7802
7770
7774
7760
7798
7830
7952
7978
7910
7936
7868
7874
7822
7806
7786
7718
7752
7800
7928
7962
7842
7876
7766
7896
7896
7984
8044
8000
7908
7914
7840
7798
7894
7870
7944
7822
7776
7730
7772
7748
7704
7654
7586
7660
7682
7684
7700
7664
7612
7560
7562
7562
7580
7608
7602
7686
7674
7668
7594
7524
7470
7476
7484
7490
7578
7508
7520
7546
7650
7614
7562
7524
7572
7540
7518
7586
7684
7772
7900
7928
7940
7838
7832
7782
7806
7740
7726
7796
7734
7772
7744
7688
7636
7670
7694
7718
7716
7656
7668
7746
7674
7698
7738
7588
7652
7566
7600
7636
7612
7652
7626
7704
7650
7674
7624
7678
7730
7752
7762
7704
7772
7774
7798
7808
7888
7920
7912
7802
7812
7740
7764
7760
7868
7950
7974
8004
7910
7952
7950
7954
7926
7876
7918
7928
7984
7918
7842
7870
7756
7786
7912
7860
7788
7858
7882
7948
7936
7970
7992
7948
8028
8024
8076
7962
8048
7996
7952
7986
8020
8086
8126
8130
8002
7980
8000
8008
7976
7892
7906
7952
7962
7954
7904
7906
7936
8006
7978
7968
7960
8016
7994
7966
8012
7936
8044
7972
8076
8072
8034
8010
8030
7976
8050
8096
8140
8102
7944
8002
8046
8098
8128
8064
7960
7916
7930
7942
8008
8002
7924
7966
7994
7960
7934
7832
7816
7816
7820
7708
7790
7690
7780
7778
7864
7892
7852
7810
7934
7908
7958
7976
8006
8172
8146
8068
8030
7892
7922
7792
7854
7782
7782
7744
7792
7876
7908
7914
7874
7964
8032
7936
7940
7830
7822
7828
7890
7910
7818
7754
7674
7706
7750
7720
7772
7722
7718
7674
7700
7766
7822
7782
7860
7820
7896
7944
7888
7960
7904
7918
7870
7898
7904
7968
7952
7934
7772
7824
7856
7920
7986
7964
7908
7850
7802
7844
7870
7886
7834
7898
7868
7892
7944
7948
7968
8004
7936
7962
7958
8012
8066
8002
7926
7932
7986
7960
7946
7970
7988
7926
7970
8008
8042
8102
8022
7996
7918
7882
7912
7978
7976
8036
8060
7922
7940
7924
7816
7756
7750
7806
7826
7890
7906
7868
7938
7864
7802
7858
7902
7966
8078
8066
8110
7982
7984
7896
7828
7928
7848
7836
7784
7754
7702
7788
7872
7974
7988
8010
7990
8040
7966
8000
8000
7994
8056
8042
8006
8020
8086
8082
7996
7994
8024
7960
8044
8054
8070
7922
7878
7906
7900
7916
7922
7952
7960
7988
8104
8002
8116
8110
8032
8018
7948
7970
7936
7890
7916
7872
7778
7650
7674
7650
7738
7808
7760
7792
7826
7782
7826
7922
7896
7836
7780
7764
7792
7744
7744
7678
7768
7794
7832
7922
7964
7924
7874
7812
7792
7804
7784
7832
7866
7720
7656
7662
7548
7726
7918
7968
8076
8070
8054
7990
8008
8076
8036
7936
7956
7910
7908
7938
7958
7988
7912
7856
7944
7966
7960
8032
8018
8092
7936
7994
7976
8040
7924
7910
7948
7980
8066
8146
8204
8182
8090
8032
8004
8044
8020
7966
7972
8030
8036
8002
7928
7896
7972
8012
8100
8068
7922
7870
7884
7890
7864
7940
7838
7870
7934
7840
7786
7762
7844
7880
7812
7918
7854
7862
7882
7920
7790
7858
7822
7760
7798
7820
7926
7912
7856
7776
7790
7820
7822
7828
7778
7854
7916
7822
7796
7768
7790
7810
7746
7694
7760
7852
7856
7834
7860
7874
7884
7834
7776
7870
7850
7826
7836
7860
7724
7700
7768
7702
7646
7738
7670
7616
7612
7660
7662
7598
7532
7594
7592
7530
7566
7558
7602
7652
7636
7660
7608
7632
7530
7454
7518
7590
7564
7630
7614
7642
7528
7626
7684
7626
7676
7602
7576
7528
7514
7428
7446
7358
7396
7440
7532
7466
7440
7420
7462
7544
7560
7566
7606
7566
7632
7692
7716
7670
7724
7680
7562
7682
7630
7652
7584
7514
7652
7628
7600
7536
7590
7564
7696
7768
7660
7638
7612
7520
7616
7530
7664
7748
7720
7732
7914
7806
7922
7886
7906
8020
8022
8036
7946
8026
7982
8006
8004
7954
7912
7862
7766
7752
7804
7876
7804
7750
7666
7662
7694
7612
7612
7570
7672
7732
7792
7770
7798
7740
7758
7640
7642
7614
7598
7602
7630
7726
7742
7666
7706
7788
7814
7804
7880
7948
7960
7950
7946
7902
7968
7934
7918
7912
7964
7892
7976
8048
7994
8022
7906
7870
7980
7924
7964
7934
7956
7920
7856
7852
7916
7852
7842
7808
7804
7982
7974
7962
7992
8118
8032
8000
8028
7948
7930
8096
8074
8000
7988
8026
8012
8038
8036
8040
8038
8032
7982
7924
8016
7972
7966
7886
7926
7910
7902
8008
7998
8020
7998
7966
7962
7882
7892
7896
7832
7788
7830
7872
7846
7832
7930
7932
7916
7872
7898
8022
8076
8108
8140
8196
8222
8108
8152
8114
8072
8096
8000
8062
7942
7928
7930
7892
7920
7912
7960
7948
7986
7880
7844
7908
7868
7808
7862
7760
7808
7754
7790
7784
7692
7624
7746
7732
7626
7636
7682
7680
7722
7824
7768
7756
7902
7878
7910
7948
7986
7998
8078
8036
7972
7976
8050
8008
7960
7982
8002
7976
8000
8134
8130
8052
8000
7986
7998
8042
8036
8016
7954
7880
7828
7786
7868
7872
7892
7974
7890
7838
7884
7920
7860
7794
7902
7908
7916
7930
7894
7886
7842
7770
7734
7788
7768
7782
7684
7738
7812
7730
7718
7660
7720
7776
7702
7752
7762
7882
7910
7908
7890
7824
7914
7924
7844
7960
7916
7854
7802
7774
7842
7892
7844
7868
7956
7918
7990
7904
7892
7860
7894
7922
7880
7908
7904
7902
7828
7740
7820
7872
7780
7786
7808
7904
7920
8030
8006
8042
8014
8020
8032
7994
7922
7926
7876
8002
8062
8016
8026
8070
8124
8150
8174
8118
8142
8060
8138
8032
8040
8020
7964
8050
8052
8054
8122
8204
8156
8092
8138
8014
7964
7902
7902
7796
7706
7778
7788
7788
7756
7800
7682
7758
7662
7678
7776
7830
7824
7862
7776
7796
7772
7696
7696
7700
7762
7796
7942
7978
8024
8034
7944
8060
7986
7930
7930
7976
7992
7990
7914
7950
7852
7804
7744
7668
7764
7796
7910
7908
7936
7844
7898
7920
8048
7972
7960
7944
7846
7848
7892
7882
7946
7840
7852
7874
8004
8006
7998
7962
7904
8034
8070
7946
7960
7934
7884
7880
7868
8004
7984
8004
7868
7928
7970
7850
7792
7792
7836
7794
7780
7832
7760
7764
7876
7956
7970
7928
7904
7900
7910
8044
7962
7996
8050
8000
7952
7972
7852
7856
7830
7822
7884
7942
7826
7888
7824
7932
7978
7964
8004
7964
8006
7992
8054
8030
8012
7964
8010
8022
7938
8018
8076
8008
7982
8010
7946
7980
7932
7870
7880
7766
7798
7846
7866
7980
8028
7910
7958
7844
7872
7708
7786
7768
7808
7804
7838
7860
7894
7786
7902
7900
7784
7768
7792
7904
7886
7818
7842
7754
7712
7698
7704
7710
7704
7738
7768
7874
7886
7920
7962
8008
7984
7826
7816
7780
7900
7846
7842
7764
7862
7812
7902
7906
7872
7958
7942
7984
7948
8008
8032
8014
8004
8078
8132
8092
8066
7980
8002
8028
8104
8210
8202
8178
8088
8088
8094
8116
8020
8024
7970
8050
8034
8098
8024
8044
7936
7968
7916
7958
7884
7906
7880
7936
8012
7970
7934
7890
7910
7920
7844
7940
8008
8002
7954
7998
7918
7928
7890
7902
7882
7884
7816
7812
7828
7868
7862
7812
7800
7840
7868
7888
7906
7910
7908
7836
7816
7896
7770
7910
7902
7860
7900
7810
7678
7738
7818
7882
7936
7854
7908
7902
8060
7986
7928
7982
7998
8000
8006
8032
8000
8014
8082
8160
8192
8180
8178
8076
7932
7920
7888
7882
7908
7772
7800
7894
7830
7926
7948
7968
7988
7912
7862
7844
7926
7958
8060
8024
8082
8110
8164
8062
8064
8066
8094
8074
8150
8106
8084
8038
8098
8100
8054
7976
8004
7930
7930
7976
7994
8094
7988
7924
7942
7890
7732
7774
7816
7756
7724
7792
7782
7806
7840
7804
7758
7744
7642
7570
7612
7600
7570
7546
7574
7502
7526
7534
7494
7544
7510
7388
7464
7454
7508
7580
7584
7506
7506
7616
7672
7730
7700
7738
7758
7756
7880
7842
7914
7886
7734
7764
7778
7702
7744
7816
7818
7820
7844
7790
7834
7824
7828
7954
8066
8050
8038
8018
7982
7876
7918
7970
7978
7934
8058
8158
8020
8106
8096
8074
8024
8026
7960
7930
7922
8000
7924
7998
8042
8054
8020
7894
7940
7948
8014
7976
7960
8032
8070
8052
7998
7904
7836
7712
7650
7690
7662
7614
7646
7690
7738
7848
7802
7858
7846
7828
7848
7914
7932
7918
7892
7902
7998
7972
7986
7960
7978
7864
7878
7888
7904
7922
7850
7848
7740
7774
7758
7848
7882
7964
7876
7900
7948
7938
7990
7966
7966
8002
8016
7970
7860
7946
8072
7950
8028
8094
7948
7834
7782
7766
7756
7770
7842
7762
7760
7830
7870
7864
7950
8028
7964
7982
7938
7922
7908
7860
7808
7740
7828
7940
7894
7876
7876
7852
7858
7792
7886
7906
7968
7970
7910
7816
7868
7930
7894
7766
7710
7770
7732
7784
7706
7754
7744
7644
7768
7890
7890
7894
7976
8004
7966
7958
7892
7878
7938
7964
8120
8082
8132
8036
7976
8064
8004
7966
8004
8032
8042
8024
7968
7886
7916
7816
7916
7954
7932
7924
7932
7980
8046
8050
8106
8172
8132
8064
8096
8004
7904
7890
7952
7932
7934
7848
7846
7942
7940
7934
7972
8022
7956
7922
