8108
8130
8058
7964
8016
7944
7982
8032
8050
7952
7858
7892
7896
7942
7858
7902
7936
7896
7960
7868
7922
7916
7852
7892
7900
7912
7978
8054
8000
7968
8032
8066
8018
8030
7984
7906
7974
8026
8056
8070
8058
8018
8106
8000
7928
7960
7972
8022
8070
8070
8058
8090
8028
7954
8006
7968
7932
8026
7922
7898
7996
7996
7978
7934
7976
7954
8044
8032
8064
7984
7906
7930
7942
7976
7962
7966
7950
8006
7876
7918
7882
7926
8022
7960
7976
8056
7924
7898
7872
7946
7974
8024
8008
8086
8142
8160
8122
8070
8034
8084
8010
7926
7990
8068
8052
8062
7980
8006
7984
7934
7942
7976
8042
8072
8092
8074
8146
8114
8150
8170
8214
8252
8192
8236
8150
8174
8084
8046
8066
8004
8002
7918
7924
7880
7842
7932
7992
7994
7970
7970
8044
8086
8040
7992
7974
8078
8144
8034
8064
8052
8018
8144
8086
8082
8104
8124
8076
8068
8046
8040
8082
8016
8004
7974
7908
7950
7948
8084
8002
7946
8006
8152
8162
8146
8158
8226
8214
8276
8294
8232
8250
8236
8238
8150
8154
8176
8242
8294
8234
8232
8046
8138
8160
8064
8052
8036
8010
7942
7738
7768
7712
7630
7588
7602
7632
7654
7664
7730
7670
7772
7750
7746
7694
7746
7764
7840
7768
7812
7862
7832
7876
7820
7710
7688
7782
7766
7682
7582
7572
7644
7698
7628
7636
7678
7756
7742
7764
7738
7712
7634
7538
7582
7586
7666
7602
7512
7530
7562
7476
7460
7658
7774
7756
7816
7772
7800
7718
7720
7786
7868
7936
7834
7808
7828
7792
7726
7674
7668
7646
7698
7754
7764
7788
7838
7808
7778
7760
7718
7694
7790
7736
7758
7750
7778
7762
7738
7814
7752
7774
7822
7824
7794
7792
7884
7898
7866
7860
7882
7884
7860
7836
7896
7870
7894
7948
7858
7884
7868
7904
7930
7894
7946
7954
7850
7840
7812
7780
7814
7860
7892
7762
7728
7704
7670
7686
7776
7700
7712
7760
7760
7788
7818
7838
7816
7770
7772
7874
7912
7896
7918
7922
7860
7974
7866
7796
7778
7748
7808
7916
7876
7878
7862
7784
7764
7636
7770
7804
7730
7704
7696
7696
7638
7562
7584
7538
7668
7634
7574
7638
7572
7620
7598
7672
7642
7624
7590
7506
7534
7530
7460
7490
7444
7406
7476
7374
7326
7354
7458
7462
7534
7536
7518
7602
7518
7560
7640
7618
7680
7694
7652
7588
7558
7590
7500
7506
7540
7538
7562
7546
7604
7518
7614
7606
7676
7584
7642
7720
7646
7662
7660
7700
7638
7616
7654
7610
7704
7732
7688
7618
7550
7646
7598
7608
7606
7610
7504
7438
7410
7404
7408
7380
7346
7346
7334
7338
7408
7444
7434
7422
7458
7498
7384
7406
7396
7372
7332
7320
7348
7390
7378
7376
7422
7356
7354
7334
7346
7334
7302
7300
7390
7304
7422
7396
7312
7380
7440
7540
7608
7504
7504
7554
7516
7462
7432
7386
7340
7402
7342
7328
7274
7322
7284
7210
7210
7336
7390
7366
7362
7368
7310
7300
7384
7292
7342
7380
7428
7334
7336
7340
7338
7314
7310
7278
7254
7258
7274
7306
7380
7362
7514
7506
7450
7424
7464
7464
7388
7466
7486
7532
7574
7562
7584
7578
7544
7460
7426
7454
7468
7458
7500
7498
7416
7462
7442
7526
7568
7586
7598
7626
7588
7558
7486
7498
7464
7392
7442
7446
7494
7592
7640
7642
7622
7656
7642
7640
7688
7522
7520
7566
7528
7586
7656
7672
7640
7622
7588
7652
7640
7676
7618
7534
7468
7490
7534
7508
7560
7544
7474
7482
7482
7496
7432
7408
7462
7364
7512
7646
7614
7716
7652
7630
7562
7524
7624
7698
7654
7658
7652
7658
7584
7516
7448
7388
7364
7422
7524
7536
7536
7546
7536
7480
7504
7514
7680
7652
7796
7904
7960
7952
7900
7906
7906
7750
7726
7704
7708
7686
7628
7708
7796
7750
7858
7930
8000
7842
7952
7962
7910
7876
7974
7960
7982
7938
7894
7874
7972
7924
7912
8016
8080
8046
7962
7998
7962
8018
7884
7906
7882
7828
7818
7796
7918
7864
7884
7796
7764
7814
7988
8080
8154
8142
8190
8098
8142
8202
8130
8012
8016
8012
8042
7948
7944
7980
7902
7984
7974
7934
7958
7906
7932
7902
7932
8012
7958
7898
7944
7998
7964
7970
7948
7898
7922
7892
7798
7836
7830
7800
7834
7890
7900
7830
7826
7744
7726
7678
7776
7846
7860
7910
7896
7972
7906
7884
7850
7878
7930
7996
7968
8016
7962
7960
8012
8006
8012
7986
7986
8062
8126
8156
8168
8102
8048
8096
7968
7962
7976
8018
8088
8042
8022
8040
7986
8026
8012
7932
7934
7872
7986
8074
8120
8170
8172
8176
8132
8128
8192
8190
8158
8084
8074
8036
8006
8026
8108
8156
8170
8174
8032
8004
8072
8118
8090
8096
8140
8064
8066
8068
8154
8240
8200
8238
8304
8274
8236
8232
8218
8228
8222
8260
8338
8286
8268
8238
8168
8234
8248
8260
8194
8184
8140
8152
8200
8226
8168
8166
8186
8148
8084
8000
8114
8084
8120
8164
8166
8158
8102
8080
8066
8174
8198
8114
8148
8100
7980
7910
7968
7976
8020
8102
8158
8130
8176
8036
7994
7986
7962
7862
7800
7858
7896
7780
7752
7734
7814
7854
7920
7892
7894
7906
7854
7792
7876
7880
7882
7980
7932
7994
7980
8018
8088
8096
8164
8152
8050
8054
8120
8012
8006
8036
8056
8056
7886
7850
7900
7952
7940
7988
8084
8048
8030
8060
8030
7948
7956
7860
7834
7838
7822
7802
7866
7924
7886
7940
8038
8048
8106
8044
8090
8056
7950
7908
7862
7986
8052
8034
8012
8000
8098
8180
8158
8126
8050
8182
8092
8092
8022
8008
8024
8102
8038
8026
8006
7988
8024
7972
8070
8076
8102
8146
8122
8004
8092
8044
8112
8110
8116
8084
8072
8046
8108
8168
8250
8226
8278
8238
8270
8224
8202
8180
8120
8112
8120
8026
7966
8016
8046
8004
7886
7896
7886
7890
7830
7786
7730
7740
7810
7888
7842
7788
7800
7872
7964
7960
7980
7968
8034
8000
8044
7992
7936
7952
7850
7820
7820
7892
7958
8022
8004
8028
7998
8114
8178
8084
8022
8022
8080
8056
7988
7892
7914
8010
7944
8034
8018
8100
7954
7950
8054
8098
8034
7966
7862
7900
7890
7952
7924
7914
7872
7842
7874
7956
7870
7906
7886
7900
7982
7974
7932
7956
7940
7864
7818
7842
7842
7898
7974
8048
8004
7984
7918
7952
7954
8040
8108
8214
8202
8114
8028
8014
7958
7988
7910
7938
7894
7938
7910
7890
7848
7844
7804
7812
7814
7768
7826
7844
7894
7898
7980
8000
7998
7902
7918
7962
7958
8014
8134
8196
8136
8074
8118
8034
7968
7998
8134
8182
8170
8192
8142
8134
8108
8084
8068
7932
8012
8010
8040
8002
8074
7962
8062
7994
7970
8006
7904
7776
7742
7758
7848
7890
7844
7936
7942
7980
7932
8032
8072
8146
8050
8064
7960
7968
7996
8056
7906
7952
7802
7858
7876
7864
7830
7778
7862
7842
7806
7782
7792
7746
7754
7756
7794
7818
7782
7846
7838
7924
7930
7914
7904
7940
7920
7966
7998
8014
8066
7988
7986
8090
8102
8086
8100
8082
8050
7990
7964
7940
7900
8024
7896
7994
7984
7904
7890
7950
7882
7888
7834
7848
7860
7868
7902
7874
7944
7944
8018
8002
8162
8112
8054
8040
8066
8096
8152
8086
8100
8088
8058
8050
8104
8236
8214
8126
8162
8170
8142
8058
8056
8106
8180
8222
8256
8212
8206
8122
8094
8036
7978
7990
8080
8136
8214
8200
8138
8086
8100
8112
8138
8106
8078
8100
8058
8138
8022
7982
8018
8084
8048
8056
8072
7996
7936
7930
7918
7842
7840
7896
7882
7850
7956
7950
7952
7960
8018
8116
8068
8056
8010
7958
7948
8022
7984
7884
7960
8102
8134
8134
8074
8002
8080
8066
8040
7992
7928
8048
8060
7972
8028
7982
7976
7972
7998
7994
8048
8038
7970
7884
7806
7870
7966
8006
7936
7884
7964
7982
7912
7932
7882
7878
7970
7998
8022
7956
7970
7896
7848
7876
7790
7816
7798
7808
7784
7708
7778
7772
7880
7906
7902
7858
7936
8008
7952
8060
7992
7990
7888
7938
7970
8036
8092
8150
8138
8048
8116
8038
8038
8108
7984
8020
8022
7934
8014
7944
8004
7938
7954
8038
7992
8026
8002
7966
8014
8100
8178
8204
8124
8112
8236
8286
8148
8204
8186
8240
8292
8244
8158
8288
8254
8238
8208
8212
8056
7990
8006
7974
7988
7936
7994
7920
8014
8042
8110
8038
8088
8182
8136
8106
8188
8186
8216
8266
8186
8158
8156
8150
8114
8146
8104
8100
8086
7960
7888
7884
7904
7926
7838
7834
7896
7996
8036
7926
7962
7980
7974
7960
7942
7944
7986
7926
7892
7868
7862
7876
7824
7890
7918
7870
7828
7840
7864
7822
7786
7728
7798
7846
7942
7872
7942
7982
7964
7998
7962
8020
8008
7970
7994
7982
7920
7974
8064
8076
8010
7976
8012
7972
7904
7860
7890
7920
7958
7968
7944
8010
7978
8010
8058
8038
8122
8106
8014
8022
8040
8032
7982
7886
7894
7892
7972
7980
7990
8024
8014
8160
8108
8102
8080
8032
8034
8000
7968
7870
7880
7870
7802
7832
7874
7914
7944
8046
7964
7956
7932
7986
7956
8016
8026
8022
8002
8012
8072
8074
8082
8062
8044
8024
8010
8038
7916
7948
7918
7906
7886
7852
7888
7840
7900
7914
7898
7840
7902
7966
8002
7958
8054
8072
8060
7974
8024
8062
8060
7994
8038
8066
8076
8016
8102
8024
8056
8068
8088
8054
8014
8040
8140
8218
8264
8112
8108
8166
8038
8036
8118
8110
8136
8212
8154
8258
8162
8040
7966
7952
7996
8040
7986
8074
8192
8184
8108
8106
8172
8158
8106
8136
8098
8044
8054
8074
8050
8028
8002
7982
8058
8110
8164
8136
8094
8066
8104
8112
8006
8014
8054
8128
8026
8098
8066
8136
8162
8168
8136
8146
8172
8176
8086
8162
8154
8094
8168
8162
8066
8124
8160
8122
8100
8098
8072
7998
8022
8050
8010
7998
7964
8038
8026
7950
7896
7946
7910
7886
7966
7954
7888
7984
7944
7950
8058
8138
8082
7944
7908
7924
8000
8008
8016
8088
7996
7966
7970
8002
8032
8006
8000
7972
7982
8022
7942
7918
7908
7952
7894
7878
7956
7916
7938
7986
8038
8064
8038
8040
8160
8158
8106
8106
8092
8058
8060
8064
7916
7904
7880
7870
7888
7960
7988
8004
8084
8088
8110
8192
8046
8042
7966
7928
7994
7988
7958
7878
7946
7894
7934
7906
7890
7926
7936
7848
7862
7914
7946
7972
8054
8130
8058
7978
7984
8056
8080
8088
8068
8072
8070
8066
8110
8106
8132
8138
8128
8038
8062
8008
8140
8230
8234
8118
8074
8036
8118
8038
7948
8032
8020
7970
7956
7986
7864
7858
7820
7866
7858
7912
8008
8124
8066
8116
8026
8018
8096
8050
8022
8094
8132
8102
8026
8094
8074
8038
8098
8130
8146
8190
8126
8098
8076
8096
8080
8008
7996
7990
7806
7746
7768
7766
7758
7862
7928
7948
8012
8034
8056
8058
8084
8164
8118
8130
8128
8132
8064
8100
8058
8002
8010
8022
8058
8072
7964
7966
7946
7962
7946
8012
7998
8018
8030
7990
8020
7954
7962
8030
8006
8144
8170
8142
8094
7982
7968
8012
8002
8102
8044
8124
8208
8222
8274
8278
8230
8228
8270
8260
8306
8258
8334
8308
8276
8184
8196
8148
8146
8126
8044
7990
7986
7952
7900
7900
7866
7870
7908
7934
7972
8004
7960
7992
8006
7922
7880
7838
7762
7854
7798
7890
7878
7822
7886
7918
8036
8080
8096
8186
8280
8232
8194
8212
8232
8216
8080
8162
8140
8212
8158
8220
8242
8208
8212
8262
8112
8150
8118
8160
8180
8120
8138
8140
8180
8082
8022
7968
8010
8070
8026
8120
8116
8050
7986
8088
8072
8064
8168
8190
8188
8242
8274
8220
8206
8138
8074
8072
8164
8272
8202
8188
8218
8230
8296
8240
8212
8278
8264
8174
8258
8238
8220
8228
8142
8286
8198
8156
8258
8278
8212
8132
8092
8100
8046
8044
8110
8152
8092
8122
8188
8210
8228
8230
8250
8256
8246
8284
8272
8216
8190
8224
8184
8158
8128
