636
664
638
604
584
620
596
592
536
578
540
534
556
566
580
534
508
528
506
438
400
402
420
450
518
448
414
446
442
436
474
444
402
420
446
498
480
434
432
354
368
326
314
326
324
362
296
274
240
208
214
246
270
258
240
250
224
260
300
344
348
376
378
416
362
332
340
368
384
402
358
350
374
354
286
242
264
282
268
310
296
332
320
352
392
382
348
308
306
302
326
346
372
420
436
326
288
336
248
258
328
364
360
402
388
340
374
344
358
344
326
306
312
340
340
320
326
338
306
326
358
328
348
300
338
270
324
282
348
366
376
306
300
322
318
316
292
296
252
256
276
284
228
228
222
270
306
368
364
346
424
470
482
450
460
496
468
474
462
416
366
362
406
386
392
348
372
326
358
410
400
360
302
320
292
252
188
202
200
218
196
202
208
258
242
280
298
262
242
208
234
234
210
192
188
162
188
182
114
128
72
0
24
14
48
30
28
32
72
24
36
28
6
14
16
6
12
36
2
16
52
20
20
12
26
52
136
132
152
194
240
220
202
202
270
258
242
292
286
254
254
288
290
274
276
274
338
368
372
356
364
364
378
364
306
276
272
260
288
244
230
168
164
170
168
206
206
238
210
214
272
298
278
274
278
294
314
298
252
250
272
284
282
278
242
228
186
154
170
174
132
90
134
108
30
26
38
4
8
24
36
92
98
64
60
36
30
60
64
44
6
50
14
46
70
138
66
80
76
40
70
100
140
112
94
76
116
86
74
74
130
120
114
138
152
128
108
164
64
92
82
96
84
36
2
24
58
82
64
32
38
60
64
76
72
64
54
58
34
62
118
156
178
160
172
168
142
110
84
98
100
132
126
158
178
158
190
172
232
186
190
176
210
228
236
262
280
250
260
192
212
184
200
254
288
294
300
304
336
350
294
332
334
336
306
316
282
334
348
362
358
352
336
306
264
270
254
222
238
224
238
216
222
226
262
284
236
224
264
296
344
376
368
356
322
322
368
380
366
330
404
404
412
476
490
516
516
456
460
462
472
466
438
422
458
446
474
506
516
516
504
454
470
470
460
460
540
574
554
582
546
502
544
580
572
568
568
582
552
648
646
642
630
614
626
600
604
606
656
654
680
666
688
730
766
748
770
778
762
820
804
818
836
840
802
810
770
806
802
826
792
830
818
780
798
730
704
694
700
686
616
604
640
632
640
672
606
620
620
580
556
582
566
602
596
572
540
540
558
586
602
634
606
592
632
622
660
656
630
610
544
536
460
422
472
448
410
418
462
482
486
474
464
452
480
516
544
512
462
436
436
454
422
418
398
360
312
330
354
340
348
322
348
384
366
362
374
416
424
374
384
320
314
288
330
284
300
330
350
280
290
304
304
284
266
264
276
284
336
318
304
282
284
322
308
238
210
172
192
148
158
106
148
164
188
216
180
158
130
120
92
40
50
36
78
52
8
26
30
2
28
18
0
24
62
46
66
64
96
138
154
164
140
108
78
120
148
194
170
150
180
192
230
220
268
250
268
238
286
380
382
410
406
438
458
454
452
452
456
432
398
398
384
406
432
426
386
396
406
416
406
394
324
334
306
324
360
356
284
208
190
144
148
134
152
166
220
260
246
242
220
170
174
198
186
184
188
184
148
94
92
52
62
78
26
40
38
24
58
6
4
60
58
92
110
94
166
184
218
178
220
202
202
202
132
158
204
178
202
140
198
244
250
294
302
252
264
300
308
284
318
272
284
288
298
316
254
282
288
294
274
282
310
386
366
348
344
362
326
308
278
294
316
356
316
344
306
340
396
396
314
296
262
282
294
266
252
316
332
402
374
408
438
428
470
484
544
594
650
596
600
626
586
570
572
616
584
592
596
592
644
648
636
666
674
662
678
656
666
628
610
608
574
586
522
562
564
556
538
578
596
558
586
564
558
546
530
508
570
542
544
498
452
420
450
474
460
496
538
564
582
556
566
536
558
548
510
470
382
350
452
428
388
380
328
330
320
276
238
158
84
32
100
42
32
6
78
64
54
44
36
50
102
74
94
196
196
110
90
92
62
12
10
60
2
12
22
78
124
72
34
16
10
12
6
10
30
40
0
16
16
36
4
40
32
6
42
28
16
4
40
36
4
66
78
40
28
32
44
52
112
62
42
84
32
34
88
82
106
202
208
148
122
136
152
234
200
168
160
142
156
120
130
144
84
54
26
42
74
120
100
108
86
86
138
176
148
172
130
134
112
112
30
34
58
90
54
44
74
98
82
86
66
62
30
40
34
26
4
10
4
26
52
40
34
52
44
66
98
110
76
144
112
148
156
142
160
100
96
114
138
142
100
110
88
50
10
8
26
66
30
44
10
38
14
22
62
20
38
20
8
20
10
34
62
58
86
50
42
2
68
146
110
114
102
132
156
208
198
194
250
238
278
288
278
270
298
258
214
256
250
268
244
244
216
244
304
298
274
264
248
250
232
250
260
284
252
294
260
248
258
280
366
418
398
474
510
530
514
488
518
496
488
522
534
478
480
484
508
524
566
568
578
556
594
596
578
614
628
668
714
714
704
688
694
694
674
646
656
628
636
678
686
690
678
682
630
660
642
612
684
736
782
752
682
662
694
704
724
756
708
700
728
698
670
652
656
684
716
700
646
622
642
652
630
650
696
674
666
664
634
628
632
574
580
590
582
586
552
562
542
544
556
544
568
522
506
528
516
546
556
540
548
606
618
632
594
612
638
676
674
702
690
704
678
628
666
668
632
588
616
650
690
670
684
668
624
648
622
598
618
634
666
686
670
674
644
614
554
564
566
550
592
562
512
506
490
498
444
500
518
522
496
510
540
518
544
550
566
560
580
552
572
536
526
500
474
488
488
462
454
460
412
382
330
300
238
210
198
180
228
236
274
242
244
166
168
142
140
92
70
70
14
14
82
100
110
148
138
166
218
238
318
334
308
300
380
398
348
372
374
362
346
404
334
360
456
452
388
394
392
422
420
400
382
382
336
386
374
352
356
332
310
256
298
314
328
336
356
300
280
290
318
402
390
364
396
390
350
308
314
284
246
264
274
234
278
324
306
336
390
446
482
480
492
474
490
474
438
428
448
452
436
462
514
488
496
544
562
520
538
536
542
514
474
468
440
420
386
356
364
408
420
410
418
418
448
432
360
336
394
358
370
350
368
386
352
322
310
378
352
356
322
304
282
254
272
306
284
274
272
244
268
308
322
328
358
386
386
366
328
312
334
294
348
346
322
348
332
364
310
302
270
304
322
280
292
304
290
310
318
312
302
264
276
274
264
326
368
380
394
388
430
444
414
432
362
316
274
262
338
368
426
428
444
404
436
404
336
324
310
332
356
346
316
302
324
330
326
384
416
468
442
494
520
542
576
598
632
652
646
666
720
678
684
648
688
646
656
624
594
576
560
502
502
570
540
540
528
582
566
556
532
530
522
514
532
542
516
532
544
532
438
484
508
590
594
604
598
568
600
636
668
630
640
656
674
724
696
702
716
754
712
644
632
646
634
650
652
634
624
606
584
550
570
538
564
548
574
546
558
590
580
626
646
694
678
734
752
740
740
746
760
706
730
762
690
712
746
742
742
718
744
728
712
700
726
710
722
730
716
716
712
722
664
666
650
648
694
650
666
692
722
674
676
666
680
656
642
672
684
716
734
774
814
764
764
740
660
618
670
706
690
640
640
644
686
702
680
660
624
660
692
680
682
718
670
656
638
654
658
588
568
518
482
464
450
514
510
508
492
562
568
584
584
634
622
606
568
566
648
666
686
662
658
700
730
708
652
658
684
700
736
706
748
746
716
694
682
636
590
568
574
556
500
490
478
480
500
542
612
650
634
586
600
656
662
728
712
716
740
724
700
626
640
612
616
610
582
578
622
642
634
618
666
676
684
666
630
644
644
614
638
632
634
604
560
564
596
548
540
518
504
496
498
476
464
436
434
436
418
424
428
396
412
350
310
312
306
296
320
352
362
346
336
380
374
404
394
460
458
426
474
464
432
444
434
518
500
468
484
508
522
524
496
488
498
486
464
482
466
464
452
412
398
420
442
460
450
410
450
430
410
400
362
358
348
390
374
380
304
312
278
338
292
292
352
404
390
408
446
474
492
500
500
522
516
536
546
526
554
528
484
502
440
456
436
400
352
332
390
386
354
404
414
378
342
342
354
368
326
336
290
266
296
302
312
372
312
308
238
286
278
304
300
292
294
294
326
302
354
312
318
372
348
332
354
308
310
328
294
258
250
252
226
288
310
258
220
310
326
362
388
350
344
324
318
294
272
242
236
212
208
170
174
266
280
346
374
380
406
406
458
458
408
432
450
458
412
368
360
386
430
424
430
476
484
508
516
424
432
404
424
400
430
434
436
448
440
442
442
438
492
468
470
450
492
474
522
554
544
560
544
570
578
530
506
502
504
528
520
534
560
554
530
562
596
586
626
620
620
604
644
654
658
626
628
590
590
638
638
644
610
594
558
580
562
562
582
558
558
570
568
632
618
586
560
556
458
484
492
518
528
484
504
560
576
570
574
604
