718
694
704
740
752
758
822
804
830
806
788
774
766
802
770
814
816
836
794
794
788
858
850
824
816
794
746
704
746
764
772
802
826
800
796
768
786
826
838
852
864
846
844
834
792
786
840
854
816
786
792
782
794
792
806
808
800
782
786
744
736
744
764
788
764
798
830
836
810
782
788
800
794
756
746
764
772
724
702
682
690
668
630
656
666
626
582
578
616
578
638
630
620
612
650
576
620
622
642
622
610
672
620
660
668
676
690
680
660
626
666
642
582
600
602
590
576
564
588
626
612
646
642
670
646
674
672
688
674
694
680
658
696
726
680
766
752
784
796
810
808
798
820
794
772
804
854
896
868
858
830
800
848
862
848
868
866
872
826
804
794
822
834
786
812
836
802
820
810
828
780
784
790
770
748
740
712
724
706
626
652
632
558
600
614
608
586
616
634
662
628
618
646
616
630
588
598
580
562
588
602
612
602
578
584
550
606
608
572
580
590
588
580
558
578
560
564
572
556
556
582
580
568
538
560
528
490
472
486
506
522
474
444
450
448
420
424
440
454
432
446
500
454
506
540
508
524
514
506
466
474
454
432
408
452
424
442
400
426
432
424
428
380
410
468
434
402
410
430
438
454
464
448
466
522
490
478
474
470
486
484
452
504
522
544
598
572
574
614
632
656
650
612
634
606
610
622
586
628
612
594
596
590
584
580
558
568
552
536
544
548
550
518
524
550
574
544
510
536
536
524
486
504
550
542
548
514
508
488
514
484
472
488
452
464
486
440
464
398
422
486
450
458
524
550
584
566
564
520
496
556
532
542
550
506
496
558
568
574
596
606
654
642
588
604
536
546
538
560
612
620
640
630
640
596
590
584
568
528
490
512
518
482
508
500
512
490
466
480
486
422
426
404
416
410
364
416
454
416
458
496
466
494
488
502
536
472
474
418
430
494
500
540
498
512
520
504
544
544
532
594
648
686
712
682
680
684
658
654
658
616
632
602
668
694
668
658
662
676
652
642
686
726
722
688
698
688
712
696
698
680
660
656
708
690
674
658
672
690
642
630
612
566
566
572
592
598
554
530
532
512
500
470
478
442
460
496
498
484
510
542
532
538
554
514
508
566
548
530
526
518
550
566
560
566
566
580
616
618
610
602
534
518
546
452
414
436
430
478
538
472
484
492
462
444
518
538
536
508
482
536
540
540
550
564
572
600
596
634
678
628
638
630
680
708
714
690
730
702
676
710
692
682
736
732
784
736
722
772
766
776
790
786
812
832
850
826
814
856
814
778
742
726
762
810
786
772
764
720
764
768
808
842
826
838
848
882
836
850
822
802
774
792
784
784
758
760
782
798
784
786
772
814
818
800
744
750
708
730
736
716
748
760
776
778
786
764
746
734
772
732
772
780
766
762
744
750
772
754
768
810
822
768
718
686
712
692
674
668
710
698
684
710
724
700
668
628
644
642
658
656
684
714
708
732
780
762
746
754
700
656
672
694
700
740
760
730
742
738
710
758
712
746
742
706
708
714
650
650
660
622
650
680
654
598
600
606
640
634
650
660
636
680
686
712
742
790
814
796
814
806
810
816
824
814
816
822
790
818
798
798
756
738
712
720
746
722
786
770
780
762
772
790
778
756
750
746
732
728
720
710
732
740
704
714
714
706
736
686
698
666
708
712
740
794
804
776
738
728
718
690
712
704
676
678
676
684
656
688
670
714
726
694
682
704
724
718
738
728
784
804
780
802
796
768
766
780
770
748
744
680
736
730
748
798
836
808
804
766
810
796
832
826
860
790
804
776
790
778
786
756
790
796
768
806
802
830
878
826
806
828
814
766
762
752
788
808
800
770
750
780
788
786
766
834
840
800
798
812
862
840
818
836
814
804
764
774
734
738
748
752
784
784
766
792
750
714
724
734
708
714
682
714
698
698
688
706
706
706
692
722
758
766
768
736
736
720
720
728
758
776
784
812
814
824
838
852
856
846
804
832
826
792
764
758
738
700
730
782
750
748
756
766
758
774
722
734
696
752
756
750
764
792
792
788
772
750
716
734
758
752
722
734
716
740
784
784
772
794
776
736
766
766
744
736
746
702
732
706
632
608
612
626
604
618
646
644
610
614
600
562
560
608
578
554
556
528
522
492
528
456
466
476
452
368
352
358
390
392
478
452
422
400
440
450
466
396
372
392
342
368
450
392
368
388
400
398
344
350
328
256
218
268
364
312
262
234
258
246
226
236
224
246
166
156
188
152
142
186
184
220
204
222
224
286
272
294
282
270
246
214
200
212
206
208
176
182
162
164
232
188
214
254
228
216
258
238
188
184
176
192
160
158
90
110
126
104
106
112
94
172
230
282
332
294
336
406
398
420
412
372
380
362
370
350
350
310
326
384
366
350
326
324
340
372
416
470
452
452
460
488
458
422
368
404
450
436
446
438
476
490
496
414
446
526
508
550
538
538
552
572
598
622
590
550
536
560
568
568
576
600
626
648
596
560
588
572
588
584
568
574
524
484
474
510
484
520
536
530
478
498
518
560
576
560
532
520
494
502
514
526
518
526
552
522
536
594
634
644
650
672
692
696
690
714
778
746
786
756
734
776
784
830
850
890
836
826
788
830
842
782
798
796
806
808
748
708
748
788
762
748
752
784
796
818
842
830
826
834
826
834
852
840
844
884
882
858
854
822
806
796
740
734
718
698
688
654
684
686
664
648
694
762
732
644
686
710
746
764
798
790
778
766
802
764
726
760
760
776
758
756
780
772
726
708
744
716
738
746
764
728
684
728
740
750
730
750
734
748
764
688
682
684
718
744
730
724
694
686
644
636
622
632
662
648
640
644
610
650
686
646
664
638
638
588
564
560
580
540
570
550
572
542
568
600
596
548
552
500
464
516
492
510
546
552
598
644
632
572
590
558
544
566
586
596
574
568
618
600
630
674
686
712
720
682
666
706
718
702
660
664
646
678
694
730
738
748
738
742
746
710
718
762
744
712
698
660
664
646
656
684
744
758
734
726
726
738
728
722
704
726
742
750
720
722
722
716
696
716
694
716
706
690
686
654
616
626
642
628
576
592
640
620
606
556
548
560
542
554
510
556
546
496
512
522
538
544
634
596
560
556
542
478
492
504
542
504
588
572
572
594
584
606
594
592
570
588
612
594
600
620
642
684
720
740
726
754
704
714
716
722
720
706
706
738
768
730
760
740
716
736
780
762
714
706
718
694
732
678
674
730
756
688
696
702
664
654
602
644
678
696
658
640
640
638
620
580
552
498
520
588
552
524
560
552
554
546
584
584
570
588
548
552
596
580
618
636
628
584
602
658
652
656
676
650
646
688
700
706
690
658
668
640
668
708
714
710
692
702
730
686
712
720
742
742
718
734
752
788
766
812
768
764
726
748
740
772
780
774
794
806
778
796
760
790
788
772
772
730
748
718
722
712
654
586
594
616
606
624
666
672
642
616
610
598
558
534
562
538
548
558
578
586
532
564
506
526
484
468
522
550
514
560
578
538
546
550
558
550
536
540
552
522
534
460
470
484
506
530
552
532
486
514
566
540
504
530
502
546
550
528
518
570
522
552
534
626
634
648
652
728
710
704
664
660
660
658
672
664
668
686
684
684
642
668
616
648
678
710
720
754
804
816
760
792
778
780
780
732
708
672
668
634
622
592
604
570
572
544
544
550
576
584
576
596
564
582
550
596
576
576
560
506
388
400
410
364
370
406
390
386
378
344
408
402
432
438
442
462
450
470
482
464
414
424
436
412
378
346
324
326
298
300
288
280
274
290
252
260
334
330
268
294
318
372
376
364
380
388
392
414
388
366
362
366
332
400
396
466
444
500
484
492
468
534
540
550
560
530
498
502
514
524
506
548
590
574
604
614
618
646
620
604
626
636
700
726
714
704
704
710
724
722
712
688
692
680
686
670
642
626
624
636
634
584
550
556
556
566
516
518
522
496
496
516
484
478
474
440
412
396
364
368
400
378
374
400
390
344
286
284
232
266
288
322
302
286
306
294
250
240
240
270
302
254
282
274
354
364
378
358
390
384
350
322
294
346
370
386
392
452
488
502
550
558
534
598
584
588
592
576
608
606
582
586
566
574
570
574
580
554
608
610
592
618
628
584
586
596
630
612
582
584
572
600
570
560
590
582
622
642
674
674
690
710
702
712
706
662
688
640
624
636
626
616
630
656
662
620
650
710
732
756
788
814
784
768
798
788
788
806
838
844
828
782
776
730
796
818
800
836
852
850
808
822
794
830
858
828
810
784
780
824
828
826
800
854
878
852
860
796
802
736
770
778
802
788
798
758
780
738
768
790
780
780
812
776
764
746
722
706
708
682
638
654
678
726
720
688
732
730
728
704
674
708
692
736
728
726
748
788
792
794
800
796
766
768
792
796
816
782
790
740
734
740
728
772
780
736
710
694
708
668
670
700
674
702
658
706
708
700
716
730
706
686
724
754
778
764
764
788
752
784
794
816
840
848
834
876
870
882
864
878
848
858
844
840
870
898
854
842
816
770
764
762
754
768
780
810
844
