2672
2714
2672
2718
2716
2744
2704
2754
2716
2712
2680
2586
2590
2626
2586
2644
2630
2624
2626
2636
2586
2612
2632
2540
2582
2614
2574
2516
2490
2572
2622
2604
2612
2580
2560
2590
2514
2480
2416
2334
2432
2394
2224
2148
2154
2184
2118
2048
2070
2106
2110
2162
2188
2074
2016
2028
2000
1890
1918
1880
1810
1832
1806
1794
1836
1914
1890
1834
1890
1890
1898
1822
1914
2034
2058
2126
2152
2280
2284
2206
2274
2380
2438
2438
2474
2550
2550
2502
2512
2498
2554
2558
2506
2506
2440
2496
2520
2432
2516
2588
2536
2506
2484
2426
2418
2442
2468
2428
2398
2478
2472
2348
2346
2342
2324
2390
2434
2404
2362
2366
2398
2522
2440
2460
2512
2596
2596
2650
2658
2670
2734
2708
2710
2690
2636
2612
2666
2696
2724
2604
2704
2642
2700
2666
2698
2562
2596
2636
2592
2566
2558
2654
2696
2738
2802
2826
2808
2742
2796
2726
2716
2644
2690
2656
2560
2606
2534
2384
2420
2486
2470
2524
2474
2554
2580
2648
2662
2682
2682
2684
2614
2660
2632
2636
2726
2852
2848
2798
2814
2738
2678
2660
2794
2762
2820
2842
2746
2698
2724
2716
2736
2732
2698
2716
2680
2612
2644
2706
2728
2754
2806
2764
2776
2776
2826
2850
2784
2722
2740
2644
2672
2552
2490
2424
2338
2316
2300
2360
2368
2332
2256
2308
2338
2360
2304
2304
2326
2326
2308
2296
2312
2400
2318
2306
2280
2216
2244
2184
2200
2224
2280
2220
2172
2190
2202
2234
2208
2250
2228
2164
2206
2228
2256
2282
2382
2400
2348
2284
2234
2224
2230
2192
2136
2094
2070
2070
2114
2130
2064
2068
2066
2048
2144
2236
2158
2108
2038
2134
2116
2182
2224
2130
2062
2022
1984
2018
2062
2146
2104
2154
2214
2234
2248
2212
2242
2220
2234
2306
2376
2488
2470
2418
2468
2422
2424
2498
2526
2460
2460
2436
2466
2508
2446
2360
2354
2340
2396
2394
2322
2348
2346
2322
2384
2438
2474
2348
2428
2316
2184
2108
2154
2122
2256
2154
2132
1994
2052
2038
2072
2100
2110
2184
2328
2270
2254
2216
2226
2254
2298
2282
2338
2278
2294
2298
2298
2330
2254
2352
2330
2358
2414
2370
2350
2346
2404
2490
2544
2604
2522
2594
2592
2516
2490
2510
2540
2526
2568
2490
2496
2408
2468
2448
2442
2438
2428
2480
2530
2574
2602
2620
2672
2634
2702
2668
2700
2728
2672
2736
2792
2832
2826
2756
2724
2604
2646
2586
2552
2626
2600
2536
2700
2632
2696
2698
2706
2786
2718
2694
2720
2770
2770
2726
2692
2674
2618
2580
2568
2584
2642
2638
2602
2660
2602
2556
2598
2644
2646
2688
2672
2662
2586
2622
2740
2732
2758
2750
2866
2908
2920
2892
2898
2952
2962
2948
2890
2860
2926
2930
2970
2872
2868
2928
2970
2966
2904
2936
2908
2944
2850
2798
2858
2848
2822
2816
2778
2810
2844
2842
2900
2878
2842
2922
2914
2964
2930
2876
2888
2910
2894
2888
2816
2726
2806
2886
2902
2956
2812
2886
2850
2846
2770
2900
2856
2892
2862
2854
2822
2814
2854
2844
2872
2870
2912
2916
2882
2864
2822
2760
2870
2874
2826
2812
2788
2744
2738
2770
2750
2800
2844
2764
2734
2814
2758
2748
2718
2674
2684
2592
2666
2694
2730
2782
2782
2768
2704
2706
2678
2768
2826
2832
2840
2838
2886
2922
2794
2768
2730
2782
2744
2768
2750
2730
2698
2718
2738
2812
2774
2786
2722
2766
2716
2754
2840
2808
2712
2676
2688
2560
2576
2646
2604
2666
2604
2622
2628
2664
2752
2762
2780
2806
2772
2702
2650
2736
2758
2834
2822
2834
2862
2894
3000
2982
3002
3038
3112
3132
3134
3146
3096
3046
2984
2952
2912
2816
2838
2846
2890
2836
2842
2908
2938
2870
2884
2808
2860
2790
2802
2878
2790
2768
2722
2782
2814
2912
2878
2800
2634
2654
2666
2726
2796
2762
2812
2852
2840
2760
2792
2768
2804
2764
2748
2778
2814
2870
2778
2824
2810
2720
2642
2624
2670
2668
2664
2744
2732
2680
2682
2632
2628
2526
2624
2526
2506
2474
2546
2568
2608
2552
2618
2548
2566
2550
2634
2596
2596
2628
2620
2706
2682
2738
2806
2784
2808
2798
2718
2858
2964
2940
2970
2920
2946
2900
2918
2890
2870
2846
2764
2790
2744
2728
2784
2728
2784
2746
2744
2652
2668
2544
2612
2618
2530
2446
2406
2502
2526
2458
2510
2494
2524
2556
2494
2466
2442
2568
2542
2564
2628
2656
2664
2686
2692
2694
2686
2688
2704
2686
2644
2658
2686
2646
2648
2694
2612
2634
2604
2638
2720
2750
2714
2722
2714
2772
2700
2746
2796
2784
2824
2856
2794
2806
2864
2868
2920
2948
2958
2996
2966
2902
2912
3018
3006
3072
3134
3126
3136
3190
3216
3156
3230
3190
3128
3200
3234
3264
3326
3306
3350
3260
3256
3334
3402
3354
3386
3334
3294
3318
3348
3356
3336
3248
3280
3252
3210
3216
3294
3300
3186
3222
3154
3108
3098
3144
3164
3158
3128
3162
3106
3078
3096
3142
3112
3044
3076
3060
3094
3100
3048
3082
3054
2988
3058
3072
3074
3142
3174
3156
3146
3128
3126
3112
3090
3100
3044
3042
3152
3260
3196
3264
3174
3124
3162
3158
3194
3234
3194
3168
3098
3026
3046
3034
3064
2958
2956
2924
2964
3000
2994
3006
2958
2942
3022
2984
3048
3022
2966
3000
3016
2950
3030
3042
3150
3150
3112
3102
3058
3074
3090
2998
2986
2986
3098
3028
3034
2966
2926
2868
2930
2870
2832
2848
2830
2800
2788
2906
2926
2848
2772
2778
2878
2898
2916
2968
2912
2872
2812
2772
2706
2646
2660
2606
2544
2490
2552
2596
2590
2636
2688
2682
2682
2546
2582
2594
2534
2536
2532
2492
2472
2436
2422
2466
2430
2416
2416
2390
2404
2360
2268
2282
2196
2206
2288
2284
2338
2460
2410
2404
2432
2408
2476
2494
2482
2452
2452
2476
2458
2432
2406
2406
2390
2356
2368
2444
2458
2450
2506
2564
2558
2550
2526
2658
2678
2712
2742
2682
2618
2618
2588
2544
2546
2496
2462
2436
2442
2386
2418
2408
2432
2516
2474
2534
2570
2596
2634
2594
2592
2484
2552
2644
2622
2654
2650
2722
2724
2728
2834
2770
2724
2706
2598
2574
2540
2488
2484
2462
2454
2464
2372
2392
2406
2388
2358
2222
2204
2216
2278
2270
2326
2386
2448
2496
2486
2500
2514
2504
2508
2456
2464
2524
2536
2558
2582
2568
2584
2654
2718
2772
2770
2772
2796
2766
2720
2706
2668
2650
2702
2714
2748
2622
2672
2650
2614
2622
2612
2578
2564
2608
2592
2578
2436
2394
2480
2488
2580
2626
2596
2640
2658
2654
2634
2686
2622
2688
2690
2664
2784
2628
2610
2624
2672
2592
2548
2550
2500
2600
2724
2692
2680
2654
2674
2704
2682
2624
2660
2698
2684
2622
2612
2668
2578
2678
2716
2624
2650
2738
2662
2570
2514
2482
2478
2504
2458
2434
2440
2462
2562
2576
2588
2638
2708
2596
2570
2604
2582
2662
2720
2702
2726
2696
2804
2812
2798
2812
2852
2804
2814
2820
2816
2896
2892
2876
2826
2818
2800
2932
2818
2782
2746
2712
2772
2794
2828
2850
2944
2906
2922
2960
2946
2880
2952
3012
2944
2900
2840
2832
2840
2764
2814
2848
2856
2946
2910
2894
2864
2878
2836
2794
2794
2762
2722
2790
2832
2782
2816
2824
2792
2770
2668
2722
2790
2680
2650
2680
2620
2658
2690
2670
2638
2654
2644
2654
2618
2754
2758
2890
2926
3026
2926
2924
2966
3008
3054
3046
2986
2950
2946
2956
2990
3008
3052
2986
2948
2964
2946
3064
2974
2958
2914
2924
2876
2936
2956
3016
2980
2968
3014
2898
2860
2884
2868
2966
2922
2914
2972
2942
2960
2946
2982
2892
2904
2914
2896
2838
2778
2860
2928
2898
2864
2962
2864
2856
2896
2894
2910
2956
3002
3034
2952
2978
2920
2876
2744
2740
2736
2686
2782
2770
2708
2728
2802
2832
2888
2900
2894
2826
2854
2880
2926
2936
2898
3030
3048
3026
2986
2888
2938
2898
2882
2932
2934
2830
2826
2754
2834
2794
2768
2772
2690
2732
2748
2820
2750
2736
2754
2748
2736
2726
2684
2666
2596
2564
2560
2566
2540
2570
2502
2444
2460
2438
2392
2400
2434
2454
2470
2476
2472
2540
2482
2410
2408
2408
2388
2416
2444
2436
2512
2540
2572
2612
2588
2670
2556
2560
2520
2442
2588
2556
2572
2616
2600
2584
2586
2630
2744
2758
2760
2756
2898
2896
2870
2910
2888
2908
2914
2822
2824
2744
2804
2714
2702
2708
2760
2772
2720
2774
2838
2970
2894
2814
2838
2860
2906
3000
3000
2994
3036
2986
3058
3086
3002
3020
3086
3132
3084
3018
3086
2996
2944
2974
3004
3042
3050
3042
2902
2966
3050
3064
3118
3146
3176
3210
3230
3210
3198
3176
3116
3120
3032
2962
3018
2974
2988
2962
2962
2984
3006
3002
2964
3076
3088
3102
3102
3136
3164
3184
3124
3082
3094
3170
3136
3134
3128
3150
3196
3184
3226
3228
3264
3170
3178
3142
3184
3166
3132
3096
3116
3064
3066
3070
3112
3100
3140
3196
3200
3154
3214
3162
3252
3254
3238
3186
3060
3086
3034
2926
2964
2914
2912
2846
2774
2758
2748
2806
2796
2838
2846
2970
2934
2814
2774
2840
2884
2902
2892
2812
2804
2762
2742
2702
2642
2608
2544
2534
2578
2574
2626
2598
2570
2596
2592
2632
2558
2496
2624
2624
2628
2616
2642
2604
2566
2534
2546
2510
2524
2410
2486
2458
2350
2420
2460
2412
2372
2412
2418
2434
2432
2398
2474
2544
2518
2638
2534
2560
2544
2552
2568
2522
2584
2572
2564
2528
2542
2520
2532
2450
2522
2486
2482
2560
2544
2676
2580
2552
2552
2548
2590
2514
2430
2468
2432
2360
2220
2236
2244
2166
2104
2112
2110
2098
2088
2040
2018
1882
1892
1998
1938
1994
2048
2020
1988
1924
1906
2002
2076
2146
2076
2178
2190
2176
2122
2148
2078
1936
1862
1928
1854
1842
1898
1890
1926
1996
2084
2136
2194
2278
2360
2298
2264
2214
2252
2240
2194
2120
2138
2188
2232
2176
2086
2050
2094
2096
2076
1984
1902
1858
1842
1786
1766
1784
1800
1826
1740
1786
1772
1800
1806
1758
1740
1716
1784
1786
1732
1724
1816
1844
1958
1930
1840
1826
1842
1912
1944
1954
1954
1868
1928
1890
1940
1956
1878
1846
1866
1948
2014
2086
2106
2092
1994
2044
2050
2154
2118
2242
2142
2170
2170
2240
2214
2290
2252
2258
2324
2378
2358
2324
2340
2426
2474
2492
2488
2504
2444
2434
2390
2356
2282
2294
2300
2280
2330
2380
2370
2436
2330
2292
2280
2296
2302
2298
2422
2504
2510
2480
2560
2554
2502
2484
2482
2474
2540
2604
2546
2534
2630
2552
2596
2516
2520
2550
2570
2612
2638
2584
2512
2442
2440
2578
2512
2526
2586
2506
2532
2598
2654
2586
2584
2488
2450
2376
2472
2480
2564
2598
2580
2642
2646
2682
2656
2616
2640
2704
2600
2632
2652
2652
2626
2644
2608
2634
2688
2728
2738
2736
2724
2684
2668
2678
2564
2580
2544
2584
2624
2614
2652
2656
2640
2596
2606
2584
2624
2590
2610
2640
2656
2654
2648
2736
2776
2682
2724
2750
2744
2740
2770
2796
2792
2716
2660
2634
2648
2614
2650
2632
2578
2646
2592
2634
2680
2698
2764
2830
2750
2792
2726
2710
2690
2666
2624
2688
2638
2672
2674
2692
2666
2692
2602
2608
2592
2540
2576
2638
2598
2686
2712
2702
2792
2722
2722
2712
2786
2714
2766
2672
2622
2640
2670
2592
2448
2472
2518
2682
2636
2574
2584
2656
2716
2766
2846
2874
2808
2812
2700
2698
2786
2820
2788
2710
2740
2774
2830
2860
2810
2816
2878
2772
2778
2808
2752
2696
2668
2704
2754
2790
2790
2756
2870
2896
2982
3034
3070
3068
3038
3000
3058
3048
2908
2904
2834
2838
2882
2836
2802
2734
2810
2810
2882
2970
2996
2972
2964
3008
3026
3042
3092
3066
2912
2950
2936
2898
2928
2988
3054
3150
3186
3222
3212
3274
3250
3216
3148
3060
