2932
2884
2806
2802
2844
2814
2826
2790
2810
2714
2628
2518
2500
2482
2402
2452
2488
2474
2384
2420
2264
2134
2132
2234
2314
2196
2198
2300
2358
2346
2290
2278
2238
2204
2210
2138
2152
2228
2264
2206
2236
2218
2214
2244
2262
2222
2238
2286
2310
2338
2432
2420
2420
2508
2538
2562
2630
2584
2510
2516
2544
2398
2522
2456
2484
2518
2458
2452
2400
2268
2344
2356
2278
2228
2172
2250
2192
2258
2154
2042
2086
2146
2176
2188
2236
2284
2272
2310
2288
2316
2350
2394
2288
2314
2424
2414
2398
2332
2402
2368
2388
2392
2286
2306
2314
2280
2328
2416
2440
2446
2436
2466
2564
2566
2628
2684
2652
2658
2566
2552
2600
2682
2718
2744
2820
2838
2842
2802
2762
2722
2726
2660
2742
2840
2814
2832
2818
2826
2862
2884
2872
2856
2848
2856
2866
2894
2864
2874
2878
2868
2886
2838
2892
2748
2756
2808
2806
2798
2728
2684
2668
2668
2652
2596
2600
2660
2676
2676
2658
2634
2744
2664
2700
2736
2758
2732
2736
2732
2646
2652
2644
2630
2676
2712
2786
2732
2846
2696
2730
2736
2728
2744
2742
2702
2696
2802
2878
2882
2946
2954
2954
2956
2984
3004
2994
3016
3046
3010
2982
3020
2972
3012
3024
3092
3104
3002
3026
2986
2982
2982
3046
3084
3088
2978
2988
3022
3054
3054
3100
3084
3076
3006
2968
2980
2872
2874
2948
2938
2994
3064
3088
3152
3172
3208
3184
3222
3204
3248
3240
3332
3346
3360
3300
3338
3362
3332
3312
3362
3362
3314
3242
3160
3134
3168
3184
3192
3228
3258
3200
3282
3332
3324
3260
3256
3204
3190
3126
3198
3216
3262
3268
3230
3220
3102
3170
3138
3116
3050
3040
3116
3110
3084
3064
2924
2918
2936
3008
3110
3068
2960
2962
2932
2880
2842
2858
2884
2834
2746
2766
2728
2724
2738
2824
2850
2886
2778
2760
2782
2878
2876
2778
2762
2756
2698
2674
2754
2764
2776
2780
2812
2852
2896
2952
3016
2968
3006
2908
2968
2962
2944
3036
3004
3086
3082
3060
3028
2994
2990
3020
3070
3070
3136
3096
3050
3086
3024
3028
3036
2968
3052
3060
3150
3140
3140
3060
3066
3052
3052
3044
3016
3084
3040
3118
3130
3086
3142
3078
3098
3096
3046
3110
2986
3012
3034
3072
3152
3062
3096
3028
3044
3078
3142
3178
3146
3114
3112
3092
3008
3024
3028
2966
2888
2798
2752
2714
2646
2652
2786
2718
2654
2750
2734
2756
2718
2634
2690
2730
2708
2648
2744
2926
2970
2938
2938
2982
3004
2932
2978
2992
3032
2970
3004
3018
3020
3030
3032
3072
2998
3006
3000
3022
3112
3124
3126
3144
3158
3150
3176
3132
3178
3176
3186
3072
3160
3282
3304
3396
3458
3450
3478
3400
3370
3358
3286
3314
3324
3336
3360
3364
3346
3328
3328
3272
3278
3302
3324
3302
3352
3350
3370
3412
3458
3466
3446
3426
3370
3396
3406
3442
3538
3552
3556
3546
3514
3556
3492
3506
3460
3420
3422
3388
3438
3448
3414
3480
3464
3504
3486
3434
3388
3474
3436
3350
3288
3352
3404
3334
3312
3292
3296
3288
3310
3340
3322
3324
3268
3264
3264
3266
3284
3234
3246
3182
3166
3220
3240
3194
3278
3242
3284
3184
3134
3116
3086
3142
2996
3026
3078
3096
3146
3172
3112
3094
3138
3140
3122
3130
3144
3252
3190
3178
3126
3108
3068
3124
3064
3082
3108
3154
3200
3200
3184
3160
3198
3246
3214
3242
3284
3332
3300
3278
3232
3172
3208
3270
3210
3218
3272
3292
3338
3362
3388
3368
3290
3316
3296
3410
3374
3406
3322
3320
3378
3370
3402
3472
3448
3442
3400
3416
3406
3310
3252
3212
3190
3212
3222
3212
3196
3258
3240
3258
3198
3200
3262
3238
3308
3338
3248
3386
3500
3426
3522
3528
3496
3530
3538
3482
3496
3508
3514
3512
3488
3530
3486
3396
3344
3360
3282
3252
3202
3194
3236
3260
3278
3218
3218
3298
3326
3296
3240
3264
3222
3258
3230
3228
3204
3164
3142
3182
3170
3146
3090
3076
3108
3090
3096
3124
3240
3238
3284
3302
3286
3270
3240
3382
3362
3368
3460
3478
3392
3386
3368
3408
3408
3292
3378
3436
3428
3398
3376
3284
3224
3188
3220
3306
3300
3302
3274
3170
3124
3100
3118
3112
3192
3266
3296
3244
3292
3294
3274
3284
3296
3336
3390
3356
3360
3350
3366
3370
3328
3358
3404
3388
3276
3242
3312
3332
3398
3392
3412
3432
3402
3386
3340
3336
3450
3450
3446
3444
3482
3470
3452
3392
3366
3362
3268
3370
3416
3434
3374
3500
3548
3494
3454
3440
3458
3462
3428
3452
3372
3396
3352
3390
3422
3436
3460
3408
3432
3456
3438
3472
3538
3562
3490
3400
3396
3406
3358
3404
3430
3374
3346
3266
3214
3246
3254
3246
3216
3140
3124
3118
3144
3122
3162
3168
3224
3216
3246
3278
3312
3272
3272
3328
3256
3390
3476
3516
3492
3538
3470
3564
3530
3444
3436
3522
3464
3400
3458
3436
3358
3400
3378
3406
3408
3400
3334
3366
3306
3222
3196
3274
3244
3188
3240
3210
3222
3200
3252
3272
3234
3198
3128
3202
3194
3226
3200
3272
3236
3252
3340
3326
3330
3330
3332
3332
3306
3366
3350
3330
3278
3328
3380
3288
3356
3402
3430
3342
3362
3354
3376
3434
3374
3386
3426
3396
3450
3390
3358
3264
3214
3192
3182
3144
3202
3184
3100
3038
3092
3116
3138
3194
3188
3178
3252
3302
3330
3302
3344
3334
3304
3338
3334
3342
3386
3310
3344
3386
3426
3530
3498
3568
3522
3544
3478
3478
3520
3564
3510
3492
3458
3506
3594
3482
3514
3514
3536
3508
3558
3468
3486
3444
3466
3414
3366
3372
3412
3448
3408
3404
3386
3434
3410
3466
3458
3486
3430
3416
3328
3458
3440
3444
3422
3450
3446
3430
3436
3480
3442
3408
3346
3348
3340
3276
3252
3210
3204
3170
3212
3202
3188
3182
3204
3232
3182
3248
3222
3258
3184
3140
3198
3286
3280
3240
3258
3314
3272
3248
3262
3342
3288
3368
3372
3294
3236
3236
3188
3176
3184
3180
3156
3236
3248
3206
3216
3232
3220
3232
3268
3226
3258
3294
3314
3386
3304
3174
3236
3276
3260
3334
3308
3232
3212
3204
3236
3258
3234
3226
3286
3294
3358
3342
3378
3354
3356
3436
3488
3542
3444
3400
3360
3296
3288
3222
3228
3176
3186
3254
3174
3136
3206
3298
3282
3328
3314
3342
3292
3316
3322
3352
3328
3296
3264
3240
3196
3158
3148
3092
3086
3022
3022
3060
3148
3236
3306
3388
3362
3270
3204
3214
3166
3196
3322
3344
3374
3320
3274
3286
3286
3272
3312
3294
3278
3304
3312
3310
3378
3474
3444
3434
3392
3392
3478
3444
3464
3402
3332
3280
3298
3278
3320
3318
3270
3230
3218
3266
3284
3232
3274
3202
3230
3206
3166
3080
3142
3232
3294
3334
3330
3366
3334
3276
3236
3212
3210
3206
3182
3296
3304
3336
3306
3316
3348
3334
3440
3416
3462
3488
3556
3484
3422
3454
3368
3354
3328
3364
3378
3494
3496
3496
3430
3480
3424
3448
3500
3400
3400
3438
3412
3314
3378
3410
3382
3366
3412
3400
3384
3362
3424
3400
3428
3432
3376
3276
3296
3276
3254
3324
3330
3350
3336
3290
3416
3362
3338
3300
3294
3296
3206
3222
3254
3288
3322
3338
3386
3344
3328
3288
3244
3186
3202
3240
3242
3260
3214
3168
3176
3062
3134
3186
3128
3172
3190
3170
3272
3234
3282
3282
3260
3276
3258
3252
3318
3382
3428
3416
3300
3328
3248
3298
3374
3334
3220
3264
3212
3190
3146
3138
3226
3140
3110
3100
3126
3146
3138
3068
3036
3044
3118
3116
3164
3100
3136
3084
3044
3100
3150
3196
3202
3160
3206
3172
3156
3152
3156
3154
3128
3136
3192
3180
3146
3174
3236
3190
3196
3186
3214
3196
3190
3288
3214
3218
3174
3186
3094
3178
3158
3190
3174
3178
3200
3236
3250
3294
3218
3288
3242
3200
3194
3160
3196
3210
3242
3216
3230
3178
3188
3172
3212
3208
3190
3184
3152
3114
3196
3186
3180
3136
3168
3100
3004
3054
3020
3070
3046
3082
3110
3116
3084
3060
3088
3128
3290
3364
3330
3312
3278
3250
3224
3248
3204
3300
3282
3268
3238
3166
3158
3186
3182
3122
3170
3124
3150
3218
3232
3222
3136
3088
2994
2974
3014
2956
2932
3000
3064
3064
3102
3106
3152
3124
3092
3158
3172
3226
3206
3166
3100
3186
3180
3118
3126
3146
3186
3182
3176
3234
3218
3218
3210
3220
3202
3230
3156
3142
3126
3098
3082
3094
3126
3084
3078
3138
3070
3070
3144
3238
3206
3140
3160
3144
3136
3120
3122
3108
3176
3144
3100
3170
3172
3044
3094
3038
3102
3122
3028
3046
3026
3010
2980
2954
2924
2966
2900
2944
2948
2948
2968
2890
2964
2984
2920
2928
2810
2806
2784
2752
2788
2790
2732
2776
2790
2722
2666
2766
2860
2816
2870
2840
2832
2852
2874
2922
2964
3016
2970
2928
2946
2884
2952
2984
2948
2990
2984
2982
3022
3036
2924
2954
2910
2952
2884
2844
2822
2854
2798
2822
2812
2870
2878
2872
2824
2894
2892
2898
2976
2938
2930
2866
2856
2884
2864
2862
2824
2786
2794
2854
2956
2994
2948
2970
2990
3038
3000
3032
3040
3072
3070
2986
2962
2896
2764
2872
2852
2818
2848
2786
2766
2774
2840
2772
2880
2880
2902
2910
2860
2928
2872
2924
2834
2812
2810
2738
2760
2788
2728
2726
2656
2640
2616
2610
2632
2626
2584
2620
2706
2822
2778
2828
2824
2758
2698
2712
2744
2684
2628
2686
2624
2674
2680
2644
2690
2660
2614
2678
2644
2696
2678
2762
2768
2734
2734
2692
2660
2734
2722
2758
2870
2866
2868
2892
2856
2852
2912
2914
2866
2858
2882
2858
2830
2908
2954
2990
2844
2752
2810
2840
2814
2778
2866
2892
2912
2910
2868
2820
2728
2860
2856
2860
2868
2840
2812
2848
2776
2862
2968
2982
3002
2972
2978
3044
3032
2956
2964
2952
3034
3070
3048
3034
3016
2946
2998
3008
2922
2890
2910
2924
2864
2932
2938
2934
2924
2910
2854
2890
2958
2926
2918
2928
2960
2956
3038
3000
3036
3068
3122
3170
3198
3196
3228
3206
3240
3262
3226
3216
3322
3250
3220
3226
3262
3250
3214
3260
3240
3252
3334
3294
3350
3366
3294
3352
3348
3376
3380
3356
3428
3352
3392
3354
3344
3300
3408
3402
3370
3358
3314
3354
3344
3332
3402
3396
3304
3270
3252
3316
3362
3370
3436
3410
3380
3290
3300
3312
3340
3330
3340
3312
3256
3332
3252
3306
3268
3288
3338
3312
3312
3290
3286
3302
3364
3298
3332
3278
3284
3256
3242
3280
3358
3302
3376
3330
3260
3216
3224
3200
3190
3138
3118
3162
3250
3222
3232
3190
3170
3072
3020
2926
2910
2966
2992
3036
3036
3048
3032
3096
3044
3036
3008
3042
3160
3140
3140
3090
3152
3196
3314
3212
3198
3234
3224
3314
3238
3290
3324
3314
3362
3286
3304
3268
3292
3286
3292
3338
3290
3328
3332
3302
3332
3188
3240
3278
3308
3264
3268
3216
3284
3286
3288
3254
3274
3272
3274
3242
3182
3206
3166
3112
3186
3184
3104
3112
3196
3212
3232
3250
3268
3298
3278
3218
3234
3248
3100
3198
3182
3250
3236
3194
3196
3144
3192
3162
3148
3140
3146
3114
3154
3184
3206
3280
3348
3448
3404
3436
3414
3430
3444
3416
3418
3354
3350
3354
3300
3310
3336
3342
3352
3304
3336
3384
3382
3424
3340
3294
3234
3232
3274
3350
3390
3312
3344
3362
3342
3268
3206
3126
3142
3162
3108
3158
3042
3006
2936
2956
3020
2996
2982
2976
3082
3090
3026
3060
3002
2956
3000
2936
2962
2936
2950
2920
2922
2976
2986
2956
2890
2860
2892
2772
2832
2958
2834
2760
2736
2788
2772
2814
2782
2746
2756
2870
2910
2962
3000
3000
2956
3026
3006
3080
2992
2986
3028
3024
2982
2994
3012
3062
3054
3098
3144
3138
3162
3240
3210
3318
3322
3344
3352
3322
3238
3250
3324
3258
3226
3306
3260
3252
3178
3226
3196
3142
3222
3158
3104
