58
26
60
114
0
20
58
114
112
226
196
260
204
182
30
88
14
18
122
114
92
154
4
44
140
222
354
344
352
294
302
292
162
166
290
378
258
328
428
358
486
332
396
488
380
362
232
272
234
436
372
328
300
346
300
476
332
292
348
164
12
8
56
104
14
154
4
40
42
102
98
90
212
218
46
212
176
402
238
284
258
450
460
572
536
460
598
608
838
770
686
710
738
858
872
804
824
876
788
874
800
776
878
850
822
694
762
712
626
556
430
508
384
340
354
298
310
200
90
162
294
206
266
304
246
346
540
498
494
504
390
480
434
528
448
316
342
334
444
524
538
466
308
430
328
290
346
370
434
518
696
612
620
524
552
496
356
438
594
654
626
614
458
480
566
430
428
480
692
566
514
460
610
592
558
666
496
492
508
654
692
682
576
768
618
754
800
778
606
728
884
852
994
1008
880
748
942
892
966
1014
1014
1050
1118
1024
780
812
1060
1150
1058
1036
942
898
1046
1044
1014
794
722
708
858
654
702
594
472
674
620
572
502
454
294
342
438
432
538
366
266
252
228
212
78
64
138
104
160
176
214
144
10
32
66
130
240
238
232
310
322
294
328
400
350
224
300
166
100
68
110
182
174
172
266
376
276
256
476
394
256
460
356
488
494
320
344
408
424
414
414
370
320
350
316
342
310
526
372
474
394
588
662
718
738
520
532
538
566
510
378
248
442
588
626
770
794
956
848
720
588
508
742
868
804
766
652
556
544
574
596
552
394
408
446
370
210
378
458
442
692
866
998
694
566
426
378
434
462
506
626
560
732
718
630
690
900
658
676
618
570
310
396
414
318
158
190
132
136
86
112
108
4
138
162
48
32
32
84
162
68
54
72
232
106
58
44
148
188
248
506
442
514
400
646
632
668
512
530
620
546
560
552
622
544
432
334
200
150
30
2
0
140
10
42
8
108
88
30
6
44
46
52
152
80
112
220
254
230
112
200
220
214
272
200
188
238
212
216
82
84
270
190
276
398
428
666
692
652
602
616
746
734
912
784
744
614
522
600
562
756
630
636
620
586
538
462
412
364
294
326
220
128
96
36
88
66
54
94
230
282
292
404
326
232
146
72
34
170
56
70
110
240
186
148
58
92
38
112
40
84
80
50
126
126
170
184
90
30
148
228
110
46
36
2
8
74
192
216
314
202
58
230
232
216
366
392
472
620
770
864
756
636
658
684
554
590
664
728
556
644
610
688
732
882
852
868
750
842
944
828
990
1042
1128
1206
1262
1258
1170
1232
1232
1036
1108
938
858
792
700
844
972
1048
1064
1048
1176
1322
1178
1140
1132
1418
1492
1392
1338
1270
1476
1546
1802
1846
1662
1894
1902
1894
1960
1914
1888
1894
1976
2020
1970
2012
2084
2220
2258
2268
2346
2220
2344
2392
2448
2418
2406
2342
2278
2158
2122
2258
2252
2354
2036
2174
2080
2200
2232
2232
2046
2168
2144
2130
2166
2196
2224
2202
2094
2104
2026
1904
1942
1948
2056
2192
2146
2070
2076
1978
2072
2050
1998
2214
2272
2438
2404
2478
2390
2396
2492
2486
2540
2536
2468
2396
2370
2344
2300
2258
2142
2148
2256
2242
2336
2404
2448
2342
2372
2392
2452
2420
2234
2270
2272
2418
2618
2530
2518
2454
2616
2626
2514
2494
2456
2384
2466
2402
2370
2382
2424
2336
2354
2330
2494
2442
2226
2178
2138
1902
1874
1846
1872
2032
2108
2146
2052
1836
1904
1884
1816
1766
1774
1578
1452
1310
1532
1478
1506
1378
1434
1382
1464
1490
1398
1380
1424
1430
1530
1594
1488
1416
1528
1496
1352
1364
1308
1192
1134
1118
920
962
758
874
966
940
870
792
858
778
676
610
460
626
718
728
840
872
976
912
874
774
738
574
718
686
662
742
760
850
774
894
900
800
808
742
846
804
722
686
716
588
618
666
642
666
764
754
800
922
746
720
632
666
490
456
378
346
560
744
732
428
308
376
154
94
166
76
10
84
168
98
54
16
166
108
60
102
202
256
224
250
454
360
226
356
60
22
62
60
76
56
126
130
46
86
72
60
292
254
304
228
188
80
62
220
240
82
22
132
184
114
110
314
232
20
120
108
68
140
94
14
80
138
256
192
14
4
26
80
30
82
172
268
250
320
406
324
364
338
464
502
680
762
854
696
646
636
598
448
512
642
758
752
564
468
508
446
480
474
540
546
706
852
794
746
714
698
650
636
658
636
586
660
640
746
610
726
602
454
368
428
616
552
472
442
630
644
600
500
402
388
406
434
298
152
194
48
50
304
340
462
490
602
576
526
478
672
622
714
812
820
828
812
818
830
848
932
960
972
826
690
694
584
566
470
472
504
496
356
452
268
468
492
708
616
662
674
788
632
644
498
302
418
662
624
636
658
748
622
568
576
462
580
754
678
732
784
630
538
574
752
618
650
606
648
574
408
342
400
440
278
224
218
490
582
728
688
742
734
792
762
876
684
656
728
730
812
774
810
846
862
830
980
1006
1026
984
1088
1048
990
1088
962
942
1002
1002
920
956
1096
1038
982
844
748
784
634
552
620
716
746
688
638
608
602
710
712
650
676
732
902
922
922
844
704
986
884
1108
1072
1114
1120
1120
1108
990
1022
1052
1114
1062
1262
1302
1458
1464
1668
1860
1966
1860
1856
1904
1864
1718
1572
1494
1366
1156
1256
1460
1560
1442
1386
1414
1510
1430
1278
1180
1206
1360
1488
1486
1490
1518
1596
1582
1580
1738
1630
1794
1742
1624
1668
1596
1502
1426
1368
1312
1406
1328
1490
1744
1748
1776
1854
1984
1854
1898
1984
2002
2042
2022
2018
2096
2036
2034
1890
1900
1936
1904
2112
2250
2400
2388
2400
2292
2276
2396
2320
2350
2370
2478
2360
2296
2396
2380
2392
2290
2298
2438
2502
2444
2364
2390
2300
2156
2212
2372
2368
2362
2148
2112
2040
2166
1936
1832
1774
1742
1824
1942
1906
1746
1674
1772
1848
1932
1876
1792
1820
1872
1958
2140
2172
2112
2072
1938
1918
1834
1810
1798
1828
1904
1848
1786
1746
1892
2160
2252
2146
2064
2014
2114
2064
2086
2024
2120
1962
1812
1776
1764
1850
1854
1812
1770
1912
1834
1720
1678
1774
1778
1580
1654
1678
1746
1706
1932
2002
1984
2102
1994
2180
2014
2050
2218
2136
1956
2130
2032
1994
2076
2196
2134
1910
1704
1688
1488
1584
1696
1622
1828
1848
1686
1688
1684
1742
1796
1868
1740
1794
1716
1748
1624
1516
1546
1638
1892
1890
1930
2020
2010
1956
1886
2054
2008
1956
1912
1890
1934
1798
1614
1588
1388
1278
1218
1146
1156
1142
1350
1160
996
794
918
854
856
896
802
820
864
964
940
934
922
778
874
818
630
760
822
766
836
964
1032
1034
1078
994
1014
1130
1186
1254
1348
1366
1408
1540
1634
1598
1560
1656
1610
1606
1558
1602
1564
1598
1504
1746
1666
1622
1452
1498
1538
1676
1728
1786
1856
1708
1828
1840
1840
1756
1726
1742
1702
1708
1772
1798
1726
1616
1524
1524
1610
1624
1678
1638
1774
1902
1776
1634
1596
1526
1442
1480
1332
1124
1162
1214
1112
1204
1406
1496
1466
1272
1166
1374
1366
1582
1594
1602
1704
1794
1654
1468
1484
1386
1466
1480
1474
1284
1256
1284
1270
1226
1182
1224
1034
952
1036
942
964
822
1034
982
928
1066
1018
1084
1128
1188
1172
974
982
1094
1174
1130
1126
1232
1388
1578
1678
1770
1728
1882
1764
1780
1756
1700
1816
2006
1906
1940
1988
2036
2050
1918
1848
1990
1882
1824
1784
1640
1504
1524
1612
1492
1524
1574
1536
1578
1462
1452
1540
1474
1498
1420
1402
1368
1248
1358
1354
1376
1432
1592
1388
1512
1500
1564
1522
1634
1570
1726
1872
1840
1826
1800
1844
1808
1892
1892
1960
1904
1862
1806
1784
1712
1590
1460
1496
1296
1262
1176
1212
1200
1172
1200
1268
1394
1376
1364
1308
1360
1316
1158
1196
1218
1170
1124
1146
1010
1070
994
970
1080
1120
1094
1082
1198
1254
1242
1184
1100
944
908
850
846
1112
1222
1212
1084
1124
1032
948
988
880
972
1220
1194
1024
1032
1170
1308
1208
1298
1134
1110
934
1056
860
974
1068
1068
1058
1116
1078
1132
1104
834
816
852
670
458
456
376
328
204
242
262
344
314
436
614
422
524
602
444
514
572
418
464
390
308
186
60
80
8
60
264
206
210
74
18
108
310
394
544
412
204
252
268
84
78
102
72
88
114
22
76
212
130
104
112
122
272
206
194
206
18
150
210
112
50
92
32
88
30
64
110
172
98
6
194
210
408
538
608
568
704
574
632
542
496
654
640
582
472
670
552
618
452
446
412
436
412
624
560
632
438
408
434
544
542
536
604
726
516
608
642
722
656
734
744
854
858
834
838
826
894
938
780
860
1050
1056
1032
1008
986
898
1010
994
976
922
988
936
1044
1044
872
776
640
670
602
760
756
808
960
1044
1018
1034
1088
1174
1242
1278
1232
1328
1350
1344
1296
1240
1248
1196
1086
1306
1230
1268
1370
1118
1116
1104
922
768
834
934
896
674
682
596
570
540
420
296
252
264
328
304
238
290
288
466
464
266
110
336
344
322
312
68
126
180
116
320
298
212
84
98
72
80
82
80
10
8
88
14
68
52
84
18
146
318
488
538
416
420
492
528
540
418
434
416
454
630
706
758
890
1060
954
766
732
754
920
822
614
596
678
670
818
844
902
836
1024
1088
1298
1228
1236
1132
954
942
946
740
620
570
546
662
858
758
652
688
630
716
938
1112
1116
1032
1138
1050
1072
1106
988
978
1078
1164
1288
1182
1290
1392
1266
1278
1184
990
1256
1140
1076
1082
1080
986
816
870
874
850
830
698
660
702
504
676
618
676
846
778
650
584
554
524
518
406
244
246
96
86
226
202
42
76
10
116
96
130
306
378
468
598
476
486
482
434
352
500
438
448
282
348
232
126
132
384
492
574
736
702
526
558
450
502
830
842
676
670
728
800
948
914
900
832
818
922
868
778
746
768
794
918
874
932
836
850
690
836
874
758
708
898
930
1054
888
952
1206
1258
1292
1324
1534
1400
1426
1482
1534
1508
1428
1360
1402
1514
1576
1646
1678
1742
1712
1710
1720
1666
1626
1548
1636
1578
1602
1482
1390
1322
1286
1362
