848
840
810
810
792
820
856
834
812
754
788
824
830
822
842
810
816
832
856
848
832
844
822
852
848
870
882
872
878
872
834
786
802
840
822
824
798
848
850
826
818
812
806
814
840
820
828
818
826
818
772
748
752
732
722
702
718
688
700
682
698
642
632
660
696
718
742
716
684
664
640
636
638
616
544
520
516
526
494
500
572
564
566
534
556
584
572
532
522
520
568
580
600
566
512
562
600
628
596
546
560
512
538
500
480
484
478
504
488
480
534
568
536
494
480
498
526
552
544
516
482
444
446
442
410
420
404
428
434
468
420
434
448
430
456
438
394
434
422
404
368
378
344
362
362
352
268
250
234
160
142
182
204
190
222
226
252
228
260
260
230
246
238
252
268
224
180
176
170
160
168
138
98
94
108
88
68
48
50
50
56
110
138
122
100
98
100
140
184
172
188
132
118
118
76
76
166
200
194
174
150
166
164
188
228
240
204
140
114
100
130
106
146
196
174
160
196
182
152
158
128
132
82
98
124
102
140
132
112
88
108
132
56
14
48
62
14
2
26
18
22
48
44
50
114
170
200
198
150
130
132
146
152
124
108
102
70
86
86
94
114
108
142
150
224
176
120
152
170
164
186
230
254
224
194
162
172
182
196
212
198
188
202
174
150
216
216
222
182
172
168
156
130
162
110
100
104
96
82
60
84
92
54
80
84
62
88
88
44
38
60
4
28
34
74
46
58
84
102
146
122
154
144
156
112
94
32
40
78
24
18
10
36
18
32
6
34
66
78
138
130
132
176
146
112
126
170
184
182
180
204
230
214
222
232
220
184
192
184
154
194
226
258
246
288
284
296
296
304
266
290
268
294
254
242
236
268
274
312
286
296
230
232
212
164
206
188
220
208
164
160
152
98
104
60
28
22
12
34
16
32
10
18
16
18
44
108
96
90
48
30
28
58
68
96
98
84
76
66
70
56
72
92
134
98
76
66
24
32
30
12
16
14
16
6
46
62
102
88
66
14
44
24
60
50
0
16
14
28
34
20
18
8
54
32
18
10
18
26
14
22
38
4
8
12
2
32
62
62
38
74
34
28
0
4
72
66
104
132
148
168
182
118
80
94
88
30
16
12
12
38
0
32
30
36
28
44
26
40
10
6
12
12
50
62
42
56
70
84
80
86
74
62
62
14
16
78
96
96
110
56
36
94
24
24
0
16
22
38
14
12
34
34
30
10
56
50
78
136
134
132
102
60
36
14
42
46
60
56
64
30
64
10
24
22
30
30
28
66
70
24
2
6
22
28
68
36
30
8
34
52
20
50
76
36
38
70
110
88
28
50
66
50
38
42
16
4
30
6
34
24
14
28
74
90
70
114
118
74
114
164
184
268
270
256
212
224
226
268
354
358
346
322
380
342
360
408
354
306
266
250
276
276
236
208
202
208
204
220
244
222
256
178
202
208
232
306
218
160
230
254
240
248
322
330
326
284
300
268
230
220
172
130
148
140
122
162
188
200
226
198
150
82
88
68
32
6
22
34
44
26
2
4
38
76
26
60
86
124
68
70
56
28
28
26
10
18
44
104
80
114
84
124
122
126
80
38
66
36
30
38
72
78
94
22
26
16
6
40
12
24
60
60
0
46
16
10
8
14
4
14
16
56
26
12
10
24
12
66
78
28
2
48
30
22
18
16
42
30
62
78
130
82
110
120
94
128
164
190
132
120
130
78
46
90
76
100
84
118
88
74
18
76
114
130
98
88
146
108
192
236
236
216
246
250
218
210
210
218
222
160
174
130
114
140
172
192
172
138
172
174
178
222
160
148
166
136
130
142
144
94
120
86
32
48
76
58
42
34
30
38
16
58
62
114
80
60
70
92
80
78
114
98
130
142
170
194
204
224
248
236
228
244
248
248
218
216
262
240
228
254
210
204
222
182
146
166
208
176
150
132
180
158
152
140
98
34
58
80
74
64
66
76
90
114
154
148
158
178
190
184
182
210
200
196
212
162
202
142
108
110
170
170
154
148
152
126
94
54
0
0
22
10
24
12
26
10
32
70
34
44
20
42
20
42
90
52
38
10
44
64
52
76
62
58
96
100
130
80
42
84
66
82
96
66
24
28
40
56
80
90
72
34
34
22
50
62
72
12
28
12
74
16
10
12
48
88
94
74
84
52
22
6
2
18
12
52
24
6
4
36
84
118
118
96
96
106
104
108
136
126
154
164
140
130
164
176
146
176
238
176
140
182
228
230
202
214
242
208
206
200
166
170
122
116
94
124
86
102
100
92
86
142
136
86
162
194
216
116
94
136
182
188
152
172
180
208
180
190
232
210
224
208
284
328
274
236
246
300
304
308
342
322
270
280
276
286
312
270
274
306
312
292
274
268
274
244
228
178
228
216
206
216
202
202
192
192
156
166
180
164
164
154
132
136
106
108
116
76
102
78
102
134
152
176
180
158
122
116
140
170
136
142
114
116
124
100
102
76
114
108
100
72
78
94
130
140
122
118
80
46
50
44
74
78
98
122
142
178
136
112
140
106
96
82
78
58
56
22
24
64
12
10
20
56
52
20
16
60
36
96
36
80
0
16
52
42
52
58
40
6
4
12
0
14
26
24
40
72
74
62
68
94
150
168
198
234
156
144
186
180
230
248
252
260
296
324
262
214
198
208
150
158
158
182
248
286
314
340
298
326
306
308
264
210
228
278
298
258
276
288
288
288
268
268
308
308
264
284
256
254
286
286
272
216
210
184
230
210
224
270
274
280
336
298
302
306
330
274
266
272
272
276
286
252
224
224
210
212
216
212
206
192
210
176
190
212
236
234
248
260
292
306
292
304
308
368
366
400
410
450
422
456
432
434
452
488
532
524
496
488
486
504
542
564
564
572
592
596
624
580
558
570
548
586
544
534
556
556
552
542
510
482
482
522
572
586
604
646
630
618
606
592
606
592
612
638
612
606
548
532
570
546
570
604
576
574
566
560
512
508
536
490
504
544
564
522
496
564
606
590
618
596
574
594
596
576
558
608
610
634
658
646
650
710
740
750
742
726
746
778
790
784
806
812
804
804
780
780
760
762
758
748
758
746
762
774
780
812
808
822
872
880
862
848
830
828
858
840
826
788
786
770
820
822
820
884
838
878
854
856
872
838
852
856
864
914
910
908
904
920
912
914
900
896
890
832
826
814
826
814
864
876
838
870
858
820
842
870
824
798
790
770
736
730
700
738
686
716
726
690
722
772
816
808
792
784
814
816
828
866
852
832
762
738
738
718
678
692
742
750
738
710
676
642
602
572
612
600
620
670
664
680
700
664
664
746
754
764
804
868
850
808
824
818
832
870
866
858
856
852
866
844
822
846
814
798
766
762
714
720
708
706
716
722
736
738
754
778
778
772
750
818
786
782
780
778
810
838
824
790
794
858
846
838
806
826
802
802
778
790
784
784
756
746
768
770
766
778
778
754
758
730
760
772
812
842
822
818
834
830
842
846
896
876
866
848
862
842
876
908
866
870
870
846
832
826
814
830
838
822
802
828
770
812
812
766
798
786
760
748
772
780
808
820
824
806
770
768
772
778
806
772
808
784
802
736
782
826
820
812
816
792
838
814
790
790
806
758
722
730
722
744
744
760
754
726
680
660
670
654
674
654
622
628
618
626
578
592
628
636
624
588
604
590
566
564
534
528
548
548
554
580
560
554
544
562
572
572
554
592
558
548
550
532
470
462
456
458
412
372
358
384
356
382
406
424
390
418
404
464
430
456
478
486
448
432
436
478
476
424
352
370
410
428
462
486
524
500
506
512
534
524
544
542
516
554
608
636
622
624
628
618
602
610
574
630
622
600
598
580
602
520
512
518
516
534
548
518
522
528
520
504
500
508
530
578
602
606
618
648
660
628
652
612
618
626
638
668
706
680
672
708
718
698
656
624
636
624
610
600
610
606
596
550
528
556
590
578
642
662
656
652
666
710
736
776
760
774
728
774
736
738
756
754
752
756
744
732
740
788
744
712
720
740
764
806
764
770
788
784
798
786
790
794
780
790
764
784
792
802
778
766
790
798
828
858
828
852
842
832
792
820
834
832
836
820
820
822
850
796
778
798
840
842
828
824
820
790
742
758
766
760
784
744
704
726
738
730
688
722
662
696
700
726
700
664
662
652
656
656
634
600
658
676
628
652
654
644
662
668
678
656
648
654
652
678
662
646
674
688
732
712
714
698
694
690
712
718
718
718
740
718
736
692
724
772
772
746
714
728
728
732
762
716
720
734
736
722
728
718
696
674
654
658
662
664
720
752
746
742
752
778
784
770
744
674
680
646
654
646
708
776
760
784
730
726
746
728
714
712
724
748
744
758
764
782
764
752
770
768
766
764
708
712
750
744
728
800
774
776
764
750
692
748
758
774
772
780
730
724
750
750
728
690
714
710
766
738
728
752
832
846
866
848
806
776
766
764
780
798
810
804
784
746
778
732
756
724
756
810
826
804
784
776
776
738
776
780
776
768
782
820
818
848
838
832
798
828
824
788
758
734
752
752
742
754
754
730
772
