1342
1234
1296
1324
1308
1220
1296
1318
1288
1346
1362
1468
1458
1396
1254
1190
1402
1448
1598
1352
1324
1374
1404
1344
1508
1698
1718
1872
2014
2020
1870
1900
1976
1940
1946
2006
2072
2058
2112
2130
2232
2158
2226
2098
2220
2050
2038
2082
2100
2016
1850
1892
1744
1622
1754
1796
1706
1780
1596
1670
1702
1802
1834
1864
1746
1742
1810
1768
1718
1696
1712
1612
1686
1542
1476
1426
1474
1570
1610
1684
1762
1732
1636
1520
1510
1656
1604
1396
1536
1612
1648
1632
1378
1308
1210
1230
1106
1160
1364
1290
1154
1210
986
1086
1072
1084
1158
1264
1230
1206
1214
1372
1338
1390
1222
1150
1222
1088
1112
1112
1014
1142
1086
1038
954
1036
832
794
688
642
570
754
632
542
468
442
328
306
308
368
416
332
322
320
312
262
96
78
178
222
62
222
286
154
54
174
136
110
380
462
544
618
774
830
812
906
800
856
966
1052
1178
1346
1348
1458
1562
1816
1904
1746
1736
1794
1696
1782
1670
1594
1610
1512
1478
1422
1468
1364
1310
1148
1056
1018
856
946
1094
1094
1018
1102
1202
1130
1176
1214
1310
1406
1380
1274
1270
1402
1346
1326
1356
1490
1354
1300
1420
1384
1446
1572
1316
1384
1514
1446
1286
1250
1222
1152
1162
1136
1318
1156
1250
1508
1450
1430
1520
1618
1576
1534
1746
1780
1640
1636
1800
1898
1942
1946
1996
2052
2016
2216
2248
2272
2202
2426
2556
2728
2764
2780
2876
2890
2824
2780
2766
2562
2524
2388
2324
2292
2262
2290
2450
2340
2360
2272
2200
2028
2114
2220
2088
2212
2308
2178
1948
1906
1974
2002
2012
2096
2072
2124
2122
2080
1818
1872
2014
2080
2176
2032
2216
2098
2178
2232
2246
2408
2282
2338
2428
2460
2256
2160
2146
2148
2116
2056
1924
1784
1918
1832
1960
1912
1938
1898
1870
1992
2064
1950
1768
1936
1976
2024
2068
2088
2192
2138
2136
1994
1994
1950
1898
1826
1668
1866
1832
1672
1532
1582
1758
1730
1738
1594
1600
1518
1710
1676
1590
1818
1788
1804
1834
1852
1876
1808
1844
1828
1820
1818
1792
1864
1926
1986
1848
1762
1804
1848
1910
1776
1830
1656
1494
1588
1528
1494
1410
1420
1268
1544
1536
1484
1430
1564
1514
1456
1342
1326
1200
1340
1180
1338
1180
1272
1336
1218
1044
1086
1030
1044
986
988
906
818
802
804
764
868
788
870
844
1056
1040
916
794
900
842
1020
1066
1034
1116
1052
908
982
890
752
650
660
564
334
400
326
222
186
262
286
400
330
316
342
280
288
340
264
380
426
268
440
394
254
232
216
230
462
482
584
468
418
452
458
392
378
222
210
280
210
400
356
298
186
216
132
90
60
40
76
8
104
40
20
152
58
238
94
236
278
406
520
476
534
686
648
494
492
466
314
326
468
632
688
758
794
776
762
816
818
626
594
620
570
476
494
392
466
348
246
190
42
136
120
64
32
52
122
120
24
66
258
282
332
252
370
512
488
594
500
424
392
342
340
324
426
324
232
162
254
340
446
386
466
626
704
818
838
852
900
920
852
900
854
760
830
694
708
742
818
796
716
784
854
830
688
664
584
576
624
564
636
676
678
678
626
650
704
760
1016
1060
1224
1230
1248
1194
1088
1078
1146
1090
990
1148
1120
1120
1108
1212
1262
1272
1380
1184
1246
1100
944
1146
1244
1158
1256
1302
1346
1446
1530
1416
1214
1050
1020
946
1136
1334
1450
1540
1522
1434
1390
1262
1238
1196
1416
1460
1518
1536
1634
1602
1626
1534
1626
1566
1396
1484
1366
1254
1328
1248
1098
1226
1184
1262
1366
1464
1404
1588
1562
1596
1606
1556
1606
1682
1764
1652
1660
1692
1718
1868
1852
1654
1634
1566
1554
1436
1516
1462
1534
1474
1472
1494
1372
1372
1396
1514
1536
1322
1222
1238
1194
1220
1338
1220
1208
1042
1058
1230
1168
1048
1128
948
1094
1006
958
1054
1008
980
1134
1032
1034
1090
1192
1082
1026
928
830
842
996
1062
1120
1070
1124
1304
1402
1270
1392
1246
1214
1028
1024
1030
894
842
690
804
790
866
880
832
732
782
754
810
750
822
1038
908
930
974
890
858
794
792
782
718
644
756
816
848
902
948
764
740
684
764
804
800
742
674
772
690
752
758
910
1012
1030
942
918
846
820
564
634
742
784
782
754
648
580
592
624
724
590
608
676
748
630
562
634
536
634
498
442
466
400
384
344
288
418
328
370
572
678
666
868
958
1098
1054
922
836
896
852
744
818
802
878
828
762
698
724
658
722
666
742
910
1052
1034
972
916
920
804
726
786
896
808
878
980
890
902
822
810
682
768
658
774
820
758
630
588
446
496
450
520
368
348
198
42
98
206
160
66
254
98
150
84
68
176
86
114
6
102
92
30
62
72
40
24
140
158
50
194
108
100
290
482
416
580
482
562
532
586
668
648
616
558
574
650
644
630
686
800
640
470
454
414
528
720
754
724
568
558
598
678
716
606
614
548
556
562
778
896
932
912
956
1154
874
838
702
692
704
700
608
730
674
736
720
682
858
946
944
986
1036
1084
990
1074
908
918
870
986
1088
1096
964
1056
1022
874
748
832
804
964
850
820
796
868
1010
1178
1044
1000
938
972
1126
1216
1202
1422
1416
1470
1498
1464
1504
1612
1540
1430
1524
1546
1510
1418
1352
1388
1356
1288
1282
1142
1078
1288
1278
1404
1298
1304
1214
1284
1280
1262
1250
1360
1310
1400
1344
1238
1218
1390
1268
1220
1108
1112
1106
1212
1250
1230
1346
1290
1068
974
1044
1072
898
764
714
586
864
868
872
836
998
938
1178
1204
1268
1230
1196
1078
1070
868
898
946
934
894
904
1176
1446
1414
1382
1344
1386
1264
1364
1288
1142
1096
998
1194
1378
1382
1366
1394
1444
1516
1368
1492
1426
1614
1588
1554
1558
1550
1662
1630
1538
1326
1532
1438
1518
1468
1518
1570
1578
1722
1686
1642
1650
1690
1864
2050
2102
2280
2210
2166
2036
2104
2220
2284
2296
2288
2068
2190
2300
2218
2018
1892
2058
2154
2044
2014
2012
1970
1980
2026
2032
2154
2182
2224
2372
2336
2238
2200
2310
2162
2106
2056
2174
2176
2082
2088
2040
2078
1964
1882
1956
1906
1850
1778
1842
1856
1728
1710
1702
1646
1730
1770
1722
1744
1712
1740
1798
1722
1842
1894
1828
1850
1722
1760
1734
1922
2020
1992
2112
2098
2110
2092
2218
2030
2050
2016
1898
1912
1886
1630
1596
1698
1704
1650
1700
1836
1812
1856
2028
2158
2120
2078
2006
2044
1982
2004
1962
1910
1838
1862
1954
1974
1890
1960
2082
1926
1936
1956
1942
1794
1804
1720
1784
1872
1704
1760
1868
1766
1824
1804
1724
1792
1574
1634
1624
1792
1688
1708
1666
1488
1476
1606
1778
1814
1676
1568
1704
1678
1620
1624
1678
1556
1516
1504
1470
1400
1318
1466
1344
1336
1388
1532
1516
1486
1286
1252
1296
1262
1520
1518
1584
1400
1356
1446
1546
1576
1592
1606
1664
1794
1926
2004
1906
1726
1810
1800
2092
2052
2040
2026
2086
2108
2016
1986
1820
1680
1662
1554
1602
1720
1738
1858
1784
1956
1850
1858
1992
1894
1784
1744
1706
1628
1700
1616
1678
1580
1642
1694
1690
1742
1818
1916
1874
2018
1926
1824
2044
2204
2258
2322
2322
2310
2298
2378
2286
2100
2262
2168
2100
2016
2138
2058
2088
2214
2214
2262
2308
2300
2252
2298
2290
2312
2286
2418
2462
2640
2570
2648
2550
2610
2486
2508
2478
2588
2460
2380
2190
2064
2062
2084
2056
2170
2142
2248
2220
2238
2202
2264
2292
2216
2272
2220
1912
1848
1996
1856
1804
1630
1598
1618
1586
1564
1374
1434
1362
1172
1212
1302
1310
1044
1114
1318
1334
1356
1352
1170
1196
1278
1346
1564
1594
1454
1484
1548
1398
1372
1486
1668
1622
1704
1636
1662
1676
1574
1492
1582
1634
1658
1686
1676
1752
1602
1490
1572
1630
1506
1508
1632
1608
1624
1716
1788
1728
1588
1684
1782
1820
1788
1680
1488
1476
1286
1314
1312
1362
1424
1264
1228
1344
1336
1370
1488
1384
1256
1424
1418
1400
1608
1668
1538
1546
1472
1566
1456
1534
1476
1482
1478
1492
1438
1296
1238
1346
1238
1104
936
994
816
660
588
600
542
602
664
698
670
618
580
754
582
554
530
456
460
464
502
476
450
426
426
534
460
232
392
186
28
94
140
32
66
66
38
140
60
34
130
152
78
18
124
84
92
6
24
4
80
50
20
12
56
46
154
116
182
252
302
432
314
244
304
406
288
320
186
132
126
112
114
52
44
46
10
78
192
326
292
368
420
558
578
654
934
812
830
758
702
758
790
888
818
776
1026
974
1014
1120
1014
846
862
858
946
1042
1086
1160
1208
1178
1090
1178
1288
1142
1048
1160
1160
1194
1038
1038
924
1068
1016
1050
1004
1220
1090
1118
1194
1164
888
834
738
806
944
864
892
862
728
734
518
390
318
354
530
484
446
268
148
98
24
70
160
218
94
98
190
140
260
218
140
216
80
128
64
170
260
264
106
124
144
170
156
188
204
340
378
436
468
390
312
248
162
40
158
164
172
14
78
14
40
58
128
146
134
48
110
92
226
40
154
92
246
326
388
436
400
312
350
602
376
412
494
370
344
322
248
190
328
232
86
156
204
206
90
128
10
24
4
92
182
254
224
392
400
356
368
558
426
396
432
380
374
318
62
150
216
150
268
172
282
482
638
542
488
490
322
390
274
284
346
334
184
178
42
124
0
48
160
106
262
458
624
698
676
590
624
730
652
830
760
700
624
668
818
670
674
676
766
768
810
818
920
786
828
896
956
1158
1236
1286
1262
1268
1188
1200
1202
1176
1044
1118
1070
924
926
800
824
954
986
874
916
964
910
984
938
892
958
1048
954
936
938
864
824
1034
918
968
1006
1038
1040
812
762
774
700
622
592
552
762
810
760
740
702
594
592
306
290
220
344
390
458
564
412
534
660
600
654
572
712
652
590
488
482
474
364
406
538
558
546
602
686
682
466
344
338
358
320
376
556
464
592
626
480
420
326
248
230
38
90
122
212
266
192
184
378
282
330
572
400
338
376
344
376
418
306
458
382
272
248
248
298
274
360
342
176
56
98
36
48
110
154
276
272
142
132
274
358
480
482
576
550
606
588
640
684
620
672
650
604
564
658
716
824
550
466
620
560
600
626
608
360
374
274
162
232
368
456
424
526
584
482
186
290
218
110
112
100
148
242
388
272
222
200
232
274
170
144
24
42
2
52
2
194
118
100
124
308
336
392
484
352
380
490
318
342
258
370
276
256
272
106
64
154
192
270
342
274
158
164
62
66
