3058
3126
3112
3084
3054
3052
3084
3110
3108
3072
3104
3092
3078
2994
2958
2990
3026
3032
3064
3074
3052
3090
3052
3086
3110
3194
3148
3168
3164
3204
3236
3196
3176
3170
3212
3224
3220
3224
3222
3246
3172
3064
3118
3142
3178
3178
3158
3146
3150
3128
3106
3152
3146
3174
3184
3194
3172
3100
3094
3118
3112
3066
3150
3190
3152
3176
3078
3112
3106
3044
3118
3164
3148
3172
3222
3178
3124
3140
3146
3066
3144
3128
3152
3120
3176
3214
3272
3246
3222
3252
3228
3270
3248
3228
3188
3206
3200
3208
3246
3158
3226
3280
3240
3244
3294
3318
3218
3266
3296
3262
3284
3340
3332
3304
3302
3312
3392
3384
3328
3340
3344
3356
3320
3274
3304
3194
3212
3220
3244
3226
3238
3248
3308
3284
3362
3284
3334
3298
3358
3410
3478
3474
3404
3394
3408
3376
3400
3340
3334
3396
3464
3418
3448
3496
3496
3414
3402
3336
3290
3328
3400
3406
3420
3454
3362
3318
3328
3366
3412
3388
3376
3332
3296
3274
3278
3280
3294
3330
3254
3250
3280
3286
3304
3294
3320
3384
3344
3400
3424
3412
3430
3448
3426
3408
3428
3514
3510
3498
3522
3458
3472
3434
3464
3470
3502
3486
3506
3534
3438
3354
3396
3388
3332
3372
3322
3324
3252
3266
3276
3276
3270
3256
3196
3258
3232
3214
3244
3272
3294
3274
3240
3220
3206
3184
3228
3144
3182
3184
3194
3174
3196
3240
3108
3120
3100
3118
3138
3168
3244
3140
3124
3124
3152
3188
3216
3144
3094
3076
3162
3124
3180
3228
3206
3198
3250
3182
3244
3178
3236
3270
3292
3206
3200
3250
3166
3158
3290
3268
3264
3276
3252
3250
3258
3196
3190
3192
3230
3232
3176
3150
3074
3028
3066
3108
3178
3252
3310
3306
3326
3370
3322
3332
3368
3380
3422
3444
3436
3306
3314
3364
3370
3340
3292
3312
3282
3268
3226
3178
3164
3164
3198
3282
3270
3298
3214
3256
3314
3376
3388
3388
3416
3350
3298
3368
3350
3348
3296
3300
3322
3370
3410
3414
3436
3436
3430
3346
3312
3344
3316
3292
3230
3280
3256
3324
3372
3398
3344
3404
3374
3404
3394
3326
3382
3322
3314
3338
3296
3340
3394
3414
3462
3446
3506
3512
3512
3482
3494
3412
3396
3408
3458
3474
3514
3502
3440
3476
3526
3502
3410
3378
3410
3420
3404
3410
3390
3366
3364
3380
3406
3378
3258
3346
3374
3330
3336
3296
3264
3336
3336
3372
3424
3346
3372
3356
3296
3340
3398
3358
3304
3368
3402
3390
3398
3340
3336
3338
3364
3354
3358
3304
3268
3286
3302
3346
3310
3310
3280
3208
3156
3190
3134
3118
3086
3124
3052
2970
2962
2878
2944
3036
2974
3044
2986
3006
3024
2970
3032
3004
2932
2840
2840
2912
2866
2884
2864
2908
2920
2912
2960
2962
2906
2934
3028
3076
3136
3096
3048
3080
3068
3056
3058
3050
3052
3098
3072
3102
3048
3012
3002
3014
3044
3100
3162
3136
3086
3078
3062
3172
3102
3086
3096
3026
3098
3122
3094
3120
3164
3216
3220
3234
3200
3108
3180
3176
3138
3144
3154
3210
3202
3210
3176
3156
3196
3230
3234
3166
3086
3070
3126
3160
3138
3168
3126
3154
3196
3216
3238
3232
3298
3286
3212
3236
3188
3108
3148
3138
3216
3176
3166
3216
3232
3188
3208
3178
3236
3184
3288
3304
3296
3334
3334
3296
3326
3342
3322
3368
3350
3384
3408
3362
3320
3350
3386
3348
3300
3328
3322
3346
3272
3248
3252
3336
3286
3318
3378
3364
3352
3294
3328
3302
3272
3260
3254
3316
3218
3198
3184
3188
3266
3184
3276
3272
3206
3212
3186
3244
3226
3326
3350
3398
3336
3310
3360
3304
3308
3334
3302
3300
3242
3204
3246
3312
3278
3374
3408
3410
3386
3432
3452
3394
3368
3314
3332
3374
3390
3430
3418
3374
3394
3406
3370
3340
3334
3314
3336
3412
3392
3392
3444
3478
3490
3464
3478
3566
3500
3476
3386
3474
3432
3414
3342
3372
3318
3316
3268
3322
3310
3398
3340
3352
3346
3222
3286
3352
3406
3350
3432
3380
3400
3434
3486
3470
3500
3534
3504
3518
3476
3464
3440
3426
3440
3406
3438
3390
3430
3412
3338
3360
3304
3390
3374
3374
3384
3366
3326
3264
3340
3352
3402
3428
3430
3448
3508
3514
3530
3490
3418
3456
3422
3440
3418
3438
3434
3414
3374
3334
3324
3324
3340
3372
3406
3412
3364
3282
3274
3262
3296
3328
3310
3350
3324
3360
3360
3278
3256
3206
3226
3200
3222
3138
3204
3322
3338
3332
3314
3320
3270
3238
3244
3234
3272
3262
3266
3328
3362
3412
3358
3352
3370
3340
3342
3316
3224
3262
3320
3294
3276
3344
3354
3324
3320
3346
3268
3350
3280
3284
3258
3278
3326
3334
3310
3372
3410
3358
3342
3326
3322
3316
3308
3372
3382
3422
3424
3414
3446
3418
3350
3322
3296
3338
3322
3364
3408
3398
3472
3496
3464
3424
3452
3430
3412
3372
3362
3364
3392
3386
3282
3250
3218
3144
3192
3202
3140
3090
3154
3162
3106
3126
3130
3144
3060
3100
3086
3138
3126
3090
3066
3034
3120
3174
3212
3244
3214
3198
3244
3272
3262
3192
3208
3222
3170
3118
3142
3180
3196
3230
3246
3256
3256
3338
3270
3276
3262
3316
3372
3446
3382
3302
3340
3320
3392
3326
3418
3404
3390
3370
3358
3380
3416
3422
3428
3444
3422
3428
3404
3422
3410
3358
3316
3280
3218
3198
3242
3240
3238
3210
3170
3122
3110
3176
3190
3170
3212
3228
3220
3234
3204
3208
3158
3184
3190
3204
3230
3254
3272
3294
3268
3278
3236
3280
3288
3224
3186
3230
3252
3266
3268
3228
3286
3256
3200
3140
3150
3196
3228
3266
3268
3226
3238
3294
3262
3184
3150
3076
3104
3156
3182
3248
3232
3242
3294
3302
3274
3290
3366
3326
3290
3246
3188
3238
3280
3240
3200
3194
3228
3206
3170
3188
3174
3166
3186
3172
3198
3238
3284
3264
3226
3284
3274
3276
3258
3304
3330
3346
3374
3280
3332
3368
3358
3340
3358
3290
3320
3316
3358
3436
3500
3400
3352
3384
3328
3384
3382
3360
3366
3370
3386
3348
3330
3368
3354
3408
3410
3466
3448
3460
3468
3436
3448
3370
3370
3414
3406
3372
3394
3412
3436
3378
3342
3416
3424
3472
3382
3480
3440
3440
3466
3522
3548
3534
3468
3440
3486
3408
3436
3514
3452
3366
3364
3408
3426
3456
3518
3552
3476
3366
3406
3338
3456
3350
3402
3332
3452
3436
3450
3384
3378
3398
3360
3422
3392
3420
3434
3484
3454
3468
3478
3434
3450
3458
3388
3384
3366
3412
3392
3418
3396
3414
3440
3466
3374
3416
3464
3498
3488
3546
3556
3524
3496
3548
3608
3562
3526
3532
3502
3482
3506
3508
3518
3450
3370
3364
3390
3364
3308
3290
3324
3336
3262
3256
3224
3218
3200
3208
3106
3160
3128
3088
3130
3172
3198
3140
3146
3130
3154
3222
3242
3194
3216
3200
3242
3284
3300
3312
3302
3322
3288
3248
3288
3212
3178
3158
3140
3132
3152
3224
3144
3270
3200
3164
3176
3186
3176
3246
3162
3278
3274
3250
3306
3370
3306
3330
3332
3312
3284
3286
3282
3246
3318
3330
3314
3220
3166
3200
3238
3280
3318
3372
3470
3524
3534
3602
3594
3520
3466
3452
3504
3478
3438
3384
3380
3344
3360
3356
3362
3370
3300
3298
3256
3234
3240
3226
3178
3164
3140
3252
3330
3388
3362
3396
3380
3384
3412
3386
3442
3428
3418
3430
3402
3378
3360
3312
3332
3464
3484
3488
3464
3394
3382
3434
3398
3450
3424
3464
3380
3398
3356
3330
3362
3340
3350
3370
3430
3424
3438
3420
3452
3412
3338
3244
3272
3264
3302
3366
3336
3314
3322
3346
3408
3420
3356
3270
3278
3306
3374
3330
3466
3520
3478
3460
3478
3516
3488
3414
3388
3348
3278
3308
3296
3302
3354
3298
3350
3330
3342
3416
3420
3540
3544
3558
3588
3594
3532
3524
3556
3516
3560
3578
3546
3528
3568
3576
3564
3524
3528
3508
3454
3388
3388
3372
3344
3336
3348
3330
3414
3406
3426
3446
3378
3418
3374
3346
3408
3396
3366
3390
3354
3312
3268
3284
3244
3254
3262
3328
3316
3330
3246
3110
3146
3138
3112
3074
3086
3174
3196
3170
3236
3234
3258
3292
3282
3192
3200
3210
3138
3176
3124
3064
3104
3240
3250
3334
3322
3192
3252
3298
3324
3372
3442
3460
3464
3486
3494
3404
3344
3384
3330
3368
3378
3452
3508
3470
3494
3536
3502
3518
3490
3456
3492
3494
3522
3536
3634
3624
3578
3566
3612
3554
3590
3516
3536
3526
3538
3582
3562
3548
3484
3504
3476
3538
3502
3446
3380
3364
3390
3354
3410
3468
3446
3366
3320
3376
3444
3420
3434
3462
3396
3370
3402
3430
3448
3462
3496
3518
3478
3460
3424
3394
3296
3318
3322
3426
3354
3286
3374
3424
3392
3432
3324
3364
3360
3324
3332
3350
3300
3294
3246
3212
3218
3194
3196
3260
3274
3216
3266
3284
3224
3178
3188
3308
3290
3294
3276
3264
3282
3288
3264
3266
3338
3410
3364
3358
3354
3340
3310
3290
3340
3350
3296
3322
3254
3236
3282
3310
3298
3356
3348
3300
3332
3316
3316
3292
3296
3296
3302
3288
3264
3320
3362
3370
3370
3318
3388
3412
3306
3334
3304
3300
3334
3330
3202
3226
3258
3238
3234
3170
3160
3172
3204
3260
3264
3316
3284
3244
3252
3312
3180
3268
3228
3176
3170
3292
3290
3296
3240
3340
3358
3340
3314
3286
3350
3308
3276
3296
3258
3264
3226
3214
3212
3278
3282
3180
3182
3132
3224
3260
3202
3190
3180
3140
3146
3064
3160
3196
3144
3080
3080
3162
3090
3130
3160
3178
3180
3172
3112
3116
3132
3172
3184
3244
3218
3206
3212
3212
3208
3240
3256
3258
3286
3252
3322
3278
3342
3330
3322
3368
3374
3374
3362
3440
3416
3360
3292
3292
3238
3262
3282
3272
3312
3328
3352
3326
3330
3396
3426
3426
3354
3376
3282
3266
3258
3260
3296
3376
3430
3412
3454
3470
3400
3350
3306
3286
3394
3444
3444
3378
3360
3370
3364
3354
3414
3440
3382
3356
3276
3222
3280
3292
3286
3250
3248
3246
3290
3318
3358
3366
3380
3372
3264
3248
3304
3350
3326
3354
3326
3396
3396
3390
3404
3468
3426
3362
3434
3448
3434
3480
3502
3454
3456
3472
3436
3460
3422
3436
3374
3340
3404
3410
3450
3416
3452
3388
3426
3426
3360
3404
3302
3310
3314
3346
3414
3396
3352
3228
3150
3188
3128
3084
3012
3058
3030
2998
3004
3056
3060
3032
3040
2974
3012
3092
3132
3122
3222
3172
3238
3292
3312
3270
3246
3296
3310
3276
3368
3358
3350
3418
3414
3410
3340
3366
3352
3354
3364
3404
3478
3398
3426
3398
3420
3314
3278
3284
3254
3274
3244
3184
3210
3250
3274
3246
3266
3306
3310
3294
3328
3380
3404
3390
3372
3360
3308
3334
3278
3266
3294
3306
3320
3314
3322
3326
3268
3224
3192
3126
3086
3142
3136
3184
3276
3226
3288
3250
3110
3120
3120
3108
3170
3104
3134
3166
3150
3234
3256
3246
3174
3188
3158
3186
3058
3052
3162
3200
3220
3268
3310
3336
3366
3350
3264
3224
3266
3258
3314
3278
3234
3238
3176
3130
3036
3028
3062
3086
3104
3064
3142
3070
3000
3016
3006
3040
2938
2900
2916
2950
2998
3032
2998
2986
2996
2958
2964
2998
3026
3030
3036
3064
3060
3120
3066
3022
3012
3050
2984
3024
3002
2986
2934
2942
2988
3020
3014
3096
3144
3094
3098
3162
3240
3230
3220
3264
3218
3328
3254
3246
3214
3302
3278
3162
3010
3030
2996
2986
2972
3048
3058
3076
3144
3070
3190
3190
3210
3204
3200
3192
3098
3090
3180
3192
3164
3240
3176
3202
3224
3222
3280
3252
3222
3142
3166
3144
3216
3240
3336
3384
3346
3322
3244
3284
3312
3374
3312
3250
3298
3334
3372
3412
3456
3480
3466
3424
3356
3322
3412
3370
3378
3348
3394
3360
3354
3320
3404
3362
3376
3368
3376
3402
3280
3304
3268
3236
3174
3250
3284
3176
3254
3290
3266
3242
3166
3154
