2358
2294
2280
2266
2222
2238
2340
2378
2480
2556
2558
2480
2466
2530
2592
2600
2534
2524
2500
2396
2372
2510
2442
2448
2420
2406
2440
2394
2406
2364
2306
2340
2426
2276
2272
2258
2138
2084
2020
2036
2132
2182
2188
2182
2114
2082
2158
2144
2140
2192
2264
2204
2282
2266
2292
2418
2476
2486
2572
2460
2550
2588
2600
2462
2600
2540
2546
2602
2542
2556
2534
2512
2512
2516
2544
2550
2554
2508
2488
2468
2480
2510
2376
2356
2398
2424
2392
2450
2500
2462
2408
2374
2422
2398
2386
2350
2280
2218
2214
2194
2108
2142
2184
2282
2296
2266
2246
2320
2342
2318
2326
2254
2132
2126
2210
2222
2140
2152
2214
2252
2290
2284
2184
2106
2080
2122
2138
2132
2258
2270
2302
2308
2294
2260
2208
2202
2230
2294
2286
2300
2286
2324
2244
2330
2248
2114
2212
2318
2404
2408
2344
2278
2310
2438
2440
2468
2426
2398
2390
2370
2470
2402
2454
2426
2400
2364
2366
2400
2380
2436
2544
2594
2584
2634
2634
2656
2662
2644
2566
2574
2550
2556
2490
2548
2560
2544
2488
2386
2406
2388
2366
2324
2298
2240
2286
2250
2362
2340
2252
2244
2196
2264
2240
2234
2194
2254
2316
2316
2292
2324
2204
2218
2232
2180
2146
2148
2254
2226
2182
2110
2094
2102
1998
2038
2050
1934
1868
1906
1792
1792
1868
1846
1854
1886
1872
1828
1820
1788
1714
1728
1662
1614
1612
1522
1494
1614
1496
1434
1408
1304
1276
1288
1318
1354
1406
1356
1450
1414
1464
1422
1506
1508
1550
1570
1552
1496
1490
1430
1398
1428
1492
1430
1380
1300
1388
1318
1284
1232
1132
1116
1100
1130
1240
1222
1174
1178
1268
1306
1448
1350
1450
1366
1332
1346
1330
1406
1290
1336
1372
1318
1268
1174
1228
1260
1236
1072
1108
1084
1076
1032
1030
1076
1036
1044
1138
1088
1216
1222
1280
1246
1204
1200
1260
1288
1400
1498
1444
1434
1332
1324
1306
1396
1484
1484
1466
1428
1552
1520
1620
1634
1572
1542
1572
1546
1566
1620
1656
1562
1472
1422
1428
1450
1498
1506
1510
1466
1548
1524
1546
1590
1532
1606
1698
1652
1574
1620
1630
1528
1506
1474
1460
1550
1602
1654
1630
1582
1664
1538
1590
1568
1548
1486
1508
1530
1594
1516
1534
1534
1602
1718
1690
1628
1726
1718
1620
1542
1588
1642
1654
1696
1700
1644
1670
1734
1870
1832
1772
1834
1838
1814
1850
1824
1838
1828
1814
1808
1780
1770
1768
1700
1660
1698
1788
1800
1848
1832
1754
1782
1748
1728
1690
1664
1700
1776
1744
1706
1718
1648
1668
1726
1734
1790
1794
1820
1728
1716
1676
1740
1786
1824
1752
1784
1810
1904
1860
1918
1820
1872
1830
1748
1762
1732
1728
1740
1754
1658
1568
1528
1540
1438
1428
1508
1476
1532
1524
1614
1590
1590
1492
1450
1428
1504
1528
1536
1566
1640
1700
1662
1694
1736
1770
1748
1696
1722
1772
1638
1596
1474
1470
1548
1540
1622
1566
1468
1462
1486
1390
1376
1488
1540
1658
1660
1562
1516
1616
1630
1598
1610
1614
1582
1448
1526
1442
1470
1504
1568
1610
1622
1552
1548
1524
1508
1472
1434
1460
1382
1392
1400
1336
1404
1346
1404
1464
1398
1318
1256
1376
1372
1384
1358
1348
1344
1304
1392
1406
1492
1544
1526
1524
1462
1432
1536
1570
1598
1574
1680
1632
1720
1718
1748
1810
1774
1790
1730
1766
1656
1708
1680
1716
1654
1642
1596
1684
1734
1718
1686
1678
1754
1666
1742
1788
1764
1794
1884
1722
1724
1786
1810
1776
1910
1896
1888
1816
1774
1776
1766
1672
1564
1610
1568
1538
1500
1496
1550
1542
1550
1532
1502
1578
1558
1548
1598
1548
1462
1524
1440
1390
1408
1396
1488
1446
1574
1560
1484
1498
1562
1660
1650
1710
1728
1776
1794
1850
1762
1720
1796
1718
1654
1648
1616
1694
1662
1648
1604
1576
1576
1542
1530
1534
1542
1416
1376
1332
1248
1262
1218
1164
1166
1190
1182
1196
1216
1188
1116
1090
1144
1068
1036
1142
1126
1080
1046
1060
1028
972
998
992
988
860
884
922
976
896
890
892
876
754
726
642
656
604
620
694
674
750
734
708
756
798
798
852
794
720
854
834
830
810
772
710
776
716
612
644
616
638
664
628
682
764
872
854
910
922
948
1098
1122
1122
1102
1140
1170
1046
1096
1046
1046
1002
970
1024
1018
1048
1034
1138
1080
1044
996
992
974
1048
982
1028
958
896
916
890
938
860
886
830
732
712
708
656
640
580
496
528
502
490
534
562
634
568
528
548
536
536
660
760
708
606
642
720
680
726
726
834
782
858
958
916
948
970
1040
1070
1036
972
936
986
1032
1006
1074
1102
1098
1162
1126
1066
1042
1126
1120
1152
1136
1028
996
1010
1042
1072
1076
1184
1246
1206
1194
1216
1230
1270
1166
1130
1214
1274
1304
1362
1364
1338
1314
1356
1356
1390
1350
1372
1452
1410
1410
1446
1414
1462
1436
1410
1396
1460
1338
1308
1314
1346
1324
1360
1294
1166
1178
1160
1166
1114
1062
978
1056
1098
1082
1096
850
866
960
956
944
964
912
800
872
828
892
876
922
942
998
1038
1028
1028
1080
1100
1146
1096
1058
1122
1214
1216
1168
1154
1196
1176
1094
994
982
1020
1106
1096
952
1002
1034
1046
1050
922
766
690
770
766
818
778
744
660
618
554
562
614
582
698
764
756
722
744
660
664
594
584
644
688
652
728
910
904
1018
952
1032
980
966
980
1104
1148
1136
1168
1140
1096
1108
1116
1158
1254
1278
1264
1242
1270
1242
1224
1240
1266
1284
1262
1254
1138
1174
1178
1262
1226
1130
1164
1136
1052
1100
1052
976
942
1016
1034
1070
1018
1090
1066
998
906
864
872
816
810
838
856
810
804
844
962
1118
1034
1090
1108
1086
942
974
1002
1056
1004
948
1032
1098
1176
1134
1194
1200
1280
1294
1264
1212
1206
1176
1174
1164
1140
1082
1064
988
1006
1034
1068
1090
1038
1080
1038
1046
1134
1208
1160
1256
1252
1296
1278
1254
1238
1232
1122
1042
1012
996
1000
990
1062
1066
1174
1156
1126
1152
1180
1240
1210
1116
1080
1060
1068
1080
1154
1150
1238
1270
1306
1270
1394
1326
1276
1322
1274
1228
1288
1204
1202
1142
1266
1216
1134
1132
1110
1194
1116
1096
994
956
1034
976
914
990
1020
936
956
932
958
872
888
940
938
966
974
928
904
952
950
936
928
992
1064
1086
1118
1136
1126
1094
1126
1156
1140
1266
1340
1316
1290
1228
1280
1322
1372
1392
1368
1302
1344
1368
1220
1278
1270
1260
1460
1496
1530
1584
1628
1600
1582
1612
1602
1612
1590
1630
1686
1764
1758
1814
1858
1772
1832
1770
1776
1760
1686
1686
1702
1746
1802
1894
1894
1926
1984
1932
1968
2080
2052
2102
2166
2252
2212
2228
2300
2258
2288
2198
2088
2042
1984
2012
2082
2068
2148
2170
2022
2062
2084
2022
2016
1974
2004
2002
2020
1984
2000
2036
2032
1970
1970
1990
2034
2090
2104
2066
2022
2034
2040
2034
2054
2006
2062
2080
2090
2168
2254
2302
2372
2444
2416
2456
2478
2446
2424
2466
2402
2492
2390
2392
2456
2360
2350
2346
2414
2476
2422
2492
2400
2378
2252
2178
2308
2278
2246
2270
2316
2332
2320
2280
2154
2218
2182
2214
2330
2270
2182
2208
2226
2204
2212
2304
2418
2312
2296
2360
2236
2270
2196
2150
2110
2046
2108
2072
2154
2206
2302
2326
2288
2382
2398
2288
2394
2398
2458
2432
2456
2394
2458
2434
2544
2516
2506
2444
2396
2346
2318
2388
2398
2398
2442
2410
2470
2458
2518
2474
2408
2406
2314
2386
2444
2462
2458
2412
2442
2398
2300
2238
2256
2224
2176
2168
2144
2178
2176
2204
2230
2188
2242
2246
2250
2248
2214
2246
2306
2224
2274
2294
2266
2298
2302
2264
2310
2324
2344
2372
2424
2478
2502
2550
2544
2514
2556
2520
2530
2458
2468
2466
2506
2496
2424
2390
2430
2442
2408
2554
2594
2578
2604
2552
2568
2542
2524
2454
2424
2426
2496
2534
2592
2578
2488
2498
2550
2466
2488
2418
2444
2494
2464
2538
2570
2630
2604
2478
2548
2606
2648
2704
2660
2658
2622
2718
2698
2672
2616
2660
2644
2622
2574
2570
2526
2544
2596
2622
2582
2604
2604
2570
2596
2550
2540
2554
2606
2568
2550
2536
2596
2530
2450
2424
2336
2460
2446
2420
2460
2488
2546
2490
2514
2492
2500
2534
2592
2546
2560
2472
2450
2526
2532
2402
2446
2486
2388
2414
2354
2464
2474
2472
2512
2438
2454
2406
2382
2386
2408
2454
2442
2394
2436
2322
2344
2434
2512
2526
2526
2532
2576
2618
2612
2552
2542
2570
2510
2536
2528
2592
2624
2596
2538
2524
2410
2334
2350
2388
2442
2480
2558
2642
2636
2574
2650
2674
2764
2864
2864
2864
2932
2928
2886
2814
2866
2760
2710
2638
2670
2664
2540
2532
2556
2562
2630
2716
2698
2726
2848
2806
2854
2838
2844
2750
2742
2712
2696
2668
2666
2606
2646
2708
2660
2698
2730
2664
2716
2724
2680
2682
2724
2812
2798
2802
2842
2750
2678
2744
2728
2746
2714
2744
2708
2724
2716
2670
2636
2636
2666
2726
2784
2740
2800
2776
2802
2838
2840
2768
2816
2790
2756
2688
2708
2710
2732
2702
2680
2710
2676
2622
2600
2582
2490
2484
2384
2348
2340
2454
2460
2376
2356
2360
2388
2418
2408
2402
2444
2440
2410
2448
2446
2368
2374
2372
2330
2320
2286
2358
2328
2272
2304
2282
2168
2060
2096
2174
2210
2268
2264
2284
2276
2272
2312
2292
2306
2358
2434
2384
2370
2406
2356
2414
2502
2474
2492
2478
2504
2540
2574
2578
2580
2622
2602
2572
2586
2616
2712
2796
2736
2826
2810
2846
2848
2790
2770
2756
2674
2748
2814
2758
2698
2766
2830
2856
2924
2992
2914
2952
3030
2962
2932
2928
2954
2908
2930
2942
3034
2952
3054
3048
2960
3008
3004
3020
3038
3064
3058
2986
2994
3012
2956
2940
2950
2934
2944
2952
2916
2980
2970
3000
3020
3002
3002
2942
2954
2888
2902
2930
2964
2920
2920
2858
2858
2784
2822
2800
2732
2656
2628
2646
2662
2662
2588
2650
2518
2548
2658
2562
2592
2598
2620
2526
2572
2518
2480
2432
2522
2540
2550
2542
2522
2548
2518
2594
2594
2674
2672
2698
2680
2648
2726
2714
2712
2732
2794
2824
2846
2856
2850
2928
2958
2932
2868
2880
2978
2846
3006
2966
3012
3036
2974
2932
2886
2858
2796
2866
2976
2980
2936
2996
3052
3064
3044
3022
3038
2996
3076
3076
3084
3066
2980
2962
2924
3032
3026
3032
2910
2906
2946
3010
3014
3022
2988
2948
2882
2878
2980
3014
3126
3060
3124
3152
3098
3020
2992
3096
3184
3176
3092
3090
3094
3106
3162
3130
3164
3124
3092
3042
2960
2944
2946
2878
2932
2970
2936
2936
2842
2812
2838
2870
2938
2898
2896
2930
2974
2988
2980
2922
2976
2842
2904
2866
2922
3000
2952
2916
2934
2996
2956
2946
2964
3038
3074
2954
2996
3024
3036
3046
3086
3024
3004
3018
3078
3152
3206
3254
3216
3218
3204
3208
3260
3278
3128
3080
3070
3118
3122
3100
3074
3078
3084
3124
3174
3082
3046
3130
3070
3014
2962
2968
2976
2974
2920
2848
2884
2888
2920
2888
2930
2930
2924
2992
3018
3056
3042
3096
3026
3000
3002
2992
2924
2940
3050
3076
3072
3144
3116
3146
3204
3180
3158
3136
3094
3002
3032
2992
2982
2958
2880
2842
2768
2762
2804
2800
2852
2894
2872
2904
2974
2908
2898
2948
2932
2930
2816
2806
2864
2850
2924
2930
2934
2860
2826
2768
2836
2896
2884
2972
2934
2906
2854
2852
2854
2794
2868
2844
2760
2870
2888
2904
2894
2860
2718
2706
