3588
3572
3556
3636
3632
3656
3634
3604
3560
3508
3474
3482
3486
3412
3422
3476
3488
3480
3452
3466
3494
3482
3450
3538
3566
3568
3592
3620
3658
3634
3552
3516
3566
3584
3602
3580
3520
3514
3520
3544
3488
3554
3544
3586
3552
3540
3568
3524
3536
3534
3480
3556
3596
3620
3562
3528
3586
3602
3598
3588
3606
3638
3652
3662
3612
3644
3660
3618
3608
3602
3554
3558
3560
3592
3602
3580
3598
3600
3612
3624
3642
3662
3642
3632
3566
3554
3582
3580
3514
3614
3618
3516
3512
3500
3454
3416
3358
3446
3428
3460
3416
3424
3458
3496
3454
3480
3502
3396
3348
3356
3358
3294
3362
3352
3378
3350
3404
3380
3364
3384
3466
3438
3428
3430
3422
3446
3402
3406
3342
3342
3350
3348
3368
3396
3436
3394
3404
3380
3314
3408
3454
3410
3462
3392
3372
3336
3260
3322
3278
3320
3310
3312
3328
3302
3336
3332
3328
3282
3258
3220
3286
3298
3332
3310
3336
3342
3356
3292
3296
3220
3248
3354
3374
3356
3354
3418
3432
3412
3384
3384
3414
3428
3436
3454
3440
3472
3540
3552
3554
3568
3630
3668
3640
3616
3554
3532
3570
3504
3516
3446
3448
3512
3474
3516
3524
3464
3484
3508
3474
3442
3498
3522
3572
3590
3670
3662
3634
3638
3618
3632
3648
3622
3618
3622
3632
3646
3656
3664
3692
3604
3574
3620
3588
3482
3436
3362
3366
3316
3336
3336
3322
3270
3284
3374
3330
3346
3442
3480
3414
3432
3480
3456
3416
3436
3534
3550
3608
3642
3598
3634
3670
3686
3632
3586
3616
3570
3558
3608
3562
3580
3620
3640
3704
3682
3704
3676
3648
3602
3650
3654
3710
3624
3562
3582
3572
3622
3652
3684
3696
3628
3640
3654
3702
3692
3670
3636
3604
3602
3584
3578
3560
3608
3610
3640
3634
3604
3568
3580
3632
3684
3672
3670
3590
3588
3614
3548
3518
3538
3478
3424
3460
3528
3534
3544
3594
3486
3426
3516
3440
3472
3404
3346
3414
3436
3452
3476
3528
3476
3378
3404
3394
3448
3470
3420
3516
3568
3596
3542
3640
3626
3602
3560
3630
3684
3696
3702
3684
3604
3592
3532
3500
3566
3566
3554
3562
3558
3522
3590
3598
3578
3588
3602
3608
3618
3664
3672
3678
3686
3646
3644
3644
3634
3636
3582
3602
3634
3600
3582
3556
3578
3574
3588
3670
3654
3628
3606
3688
3628
3644
3594
3594
3620
3670
3640
3620
3578
3568
3624
3700
3634
3548
3628
3570
3558
3576
3586
3530
3556
3552
3570
3576
3662
3676
3632
3636
3638
3576
3602
3674
3674
3658
3662
3644
3638
3646
3642
3708
3640
3664
3618
3616
3606
3558
3538
3530
3468
3500
3544
3522
3576
3610
3564
3544
3540
3550
3444
3484
3520
3524
3510
3522
3574
3604
3556
3576
3552
3526
3468
3492
3472
3484
3524
3512
3478
3470
3504
3546
3630
3546
3538
3522
3484
3554
3506
3532
3530
3502
3468
3514
3466
3438
3450
3476
3464
3502
3456
3446
3484
3426
3492
3480
3540
3536
3528
3480
3534
3628
3606
3646
3614
3602
3598
3604
3610
3582
3582
3616
3580
3572
3588
3564
3572
3576
3624
3610
3586
3656
3682
3644
3662
3660
3626
3616
3634
3634
3574
3596
3542
3554
3598
3576
3608
3644
3656
3604
3636
3636
3640
3626
3590
3620
3580
3536
3604
3572
3560
3590
3624
3548
3586
3592
3560
3580
3532
3540
3604
3616
3592
3536
3578
3520
3546
3494
3506
3444
3476
3536
3554
3614
3634
3662
3672
3628
3644
3634
3660
3620
3574
3532
3598
3536
3540
3598
3522
3578
3668
3642
3590
3580
3544
3484
3536
3522
3546
3530
3494
3516
3546
3594
3642
3666
3648
3642
3634
3616
3628
3652
3692
3692
3668
3668
3630
3676
3678
3676
3698
3690
3664
3658
3604
3568
3592
3626
3692
3716
3720
3686
3626
3574
3582
3568
3578
3616
3618
3644
3706
3674
3636
3604
3684
3654
3712
3704
3672
3702
3692
3648
3648
3662
3648
3606
3642
3640
3616
3624
3582
3588
3546
3566
3490
3462
3530
3566
3594
3616
3576
3546
3580
3592
3634
3632
3664
3650
3632
3678
3664
3626
3626
3690
3638
3654
3650
3562
3520
3562
3582
3548
3552
3576
3568
3554
3558
3420
3462
3544
3478
3442
3490
3544
3534
3566
3610
3614
3642
3642
3568
3512
3520
3552
3546
3572
3556
3512
3546
3562
3556
3528
3450
3402
3418
3482
3496
3526
3506
3582
3550
3550
3588
3552
3590
3546
3584
3622
3604
3666
3612
3644
3646
3640
3650
3650
3610
3552
3540
3558
3580
3564
3544
3612
3616
3574
3542
3552
3546
3522
3544
3500
3536
3560
3584
3550
3602
3614
3580
3508
3500
3474
3474
3508
3484
3484
3498
3490
3378
3376
3366
3372
3264
3368
3414
3432
3412
3410
3432
3462
3460
3376
3424
3452
3474
3460
3462
3490
3472
3436
3450
3444
3456
3424
3396
3452
3432
3360
3282
3248
3298
3322
3388
3446
3488
3460
3504
3514
3518
3508
3480
3434
3540
3584
3596
3588
3586
3572
3612
3580
3602
3596
3632
3650
3616
3576
3622
3622
3606
3636
3574
3562
3572
3580
3620
3602
3630
3608
3664
3620
3666
3652
3640
3608
3566
3628
3610
3616
3546
3598
3566
3572
3568
3476
3462
3490
3564
3530
3556
3482
3484
3500
3538
3534
3590
3580
3620
3602
3550
3534
3532
3458
3486
3526
3544
3540
3564
3604
3560
3504
3478
3550
3598
3630
3618
3634
3608
3546
3512
3512
3554
3564
3642
3616
3674
3584
3646
3604
3600
3568
3566
3538
3552
3470
3506
3444
3462
3504
3582
3506
3568
3530
3508
3622
3614
3612
3622
3574
3578
3560
3500
3458
3554
3474
3536
3556
3530
3482
3466
3518
3566
3568
3604
3614
3594
3616
3624
3728
3688
3616
3638
3658
3664
3650
3682
3638
3598
3584
3572
3536
3574
3602
3548
3508
3516
3478
3524
3578
3558
3566
3518
3562
3644
3618
3608
3644
3700
3666
3618
3630
3602
3602
3662
3684
3652
3668
3658
3634
3626
3622
3550
3556
3554
3492
3578
3656
3688
3674
3704
3720
3664
3650
3596
3650
3690
3674
3632
3614
3672
3610
3600
3580
3570
3608
3624
3644
3662
3668
3684
3694
3626
3656
3666
3632
3692
3644
3596
3642
3548
3550
3620
3666
3680
3634
3600
3658
3584
3556
3532
3638
3656
3586
3660
3636
3676
3606
3610
3604
3624
3562
3618
3634
3632
3602
3574
3600
3640
3634
3600
3620
3638
3592
3556
3566
3602
3598
3574
3612
3586
3594
3584
3580
3580
3592
3542
3564
3502
3528
3568
3572
3500
3490
3482
3524
3610
3596
3596
3570
3580
3594
3602
3652
3588
3624
3602
3562
3612
3580
3576
3522
3558
3562
3658
3656
3654
3614
3596
3526
3578
3648
3644
3692
3710
3692
3734
3718
3690
3668
3674
3674
3610
3602
3588
3602
3664
3656
3598
3594
3626
3550
3604
3614
3604
3700
3614
3628
3604
3538
3518
3550
3534
3514
3582
3576
3670
3654
3658
3598
3606
3642
3646
3628
3648
3648
3558
3570
3606
3658
3574
3602
3626
3646
3676
3692
3606
3544
3504
3496
3460
3556
3598
3628
3628
3634
3590
3626
3592
3566
3628
3662
3630
3644
3614
3570
3672
3636
3628
3656
3644
3690
3684
3658
3636
3624
3672
3670
3646
3684
3632
3558
3534
3572
3560
3564
3538
3504
3514
3488
3524
3526
3534
3550
3548
3582
3564
3590
3604
3582
3502
3564
3558
3582
3618
3586
3638
3628
3628
3568
3588
3558
3620
3560
3646
3734
3722
3748
3734
3712
3724
3692
3660
3634
3652
3688
3644
3582
3584
3574
3562
3584
3528
3512
3500
3456
3514
3530
3586
3600
3636
3620
3590
3654
3636
3602
3572
3574
3544
3478
3534
3434
3402
3440
3510
3544
3556
3528
3486
3460
3498
3460
3466
3496
3508
3520
3468
3442
3478
3484
3460
3472
3450
3440
3454
3532
3574
3650
3672
3638
3650
3642
3638
3620
3612
3604
3588
3586
3606
3624
3616
3630
3564
3586
3496
3552
3546
3570
3514
3476
3498
3466
3464
3394
3486
3420
3380
3408
3478
3488
3524
3504
3518
3516
3510
3526
3530
3556
3546
3634
3666
3660
3622
3586
3570
3560
3574
3544
3522
3496
3560
3564
3564
3558
3558
3522
3506
3488
3484
3492
3476
3490
3540
3548
3544
3542
3550
3500
3554
3602
3562
3556
3498
3544
3592
3566
3554
3592
3526
3516
3512
3514
3488
3520
3520
3530
3522
3560
3580
3574
3558
3572
3578
3562
3590
3610
3578
3596
3638
3584
3578
3588
3546
3576
3500
3536
3572
3550
3614
3592
3548
3656
3560
3538
3516
3560
3560
3568
3588
3624
3656
3618
3568
3572
3574
3544
3532
3582
3570
3560
3568
3594
3554
3610
3578
3566
3526
3542
3614
3542
3564
3540
3584
3568
3604
3542
3614
3642
3602
3648
3586
3604
3558
3592
3602
3602
3590
3556
3598
3590
3528
3524
3552
3578
3534
3536
3522
3544
3542
3568
3642
3694
3698
3738
3750
3698
3694
3636
3612
3596
3580
3560
3650
3672
3756
3666
3660
3680
3680
3614
3648
3658
3686
3706
3664
3642
3674
3596
3612
3624
3616
3590
3602
3614
3616
3640
3632
3606
3572
3554
3552
3494
3602
3530
3544
3570
3542
3578
3560
3554
3584
3550
3574
3502
3498
3548
3512
3580
3556
3480
3492
3562
3586
3514
3462
3434
3470
3512
3562
3534
3468
3536
3530
3534
3508
3552
3588
3602
3636
3632
3612
3592
3576
3588
3636
3616
3620
3682
3644
3576
3548
3584
3572
3544
3532
3518
3464
3512
3494
3476
3422
3508
3478
3412
3466
3456
3468
3522
3594
3540
3620
3590
3650
3632
3586
3638
3658
3624
3662
3632
3628
3562
3562
3546
3534
3586
3652
3558
3556
3568
3562
3600
3624
3622
3614
3552
3650
3588
3596
3606
3554
3604
3608
3580
3552
3540
3534
3442
3430
3474
3506
3546
3576
3646
3620
3614
3620
3650
3572
3592
3638
3604
3638
3654
3658
3652
3598
3548
3552
3542
3562
3538
3540
3562
3608
3558
3572
3588
3540
3476
3514
3468
3508
3512
3524
3504
3504
3506
3524
3502
3432
3432
3464
3572
3612
3582
3564
3548
3632
3584
3508
3512
3552
3614
3596
3602
3578
3564
3540
3550
3534
3508
3488
3530
3498
3492
3534
3564
3556
3532
3536
3494
3522
3596
3542
3562
3638
3708
3680
3688
3644
3708
3664
3664
3660
3608
3654
3558
3520
3498
3502
3520
3538
3506
3486
3432
3488
3490
3498
3472
3562
3548
3530
3588
3562
3622
3646
3656
3602
3518
3486
3546
3534
3452
3508
3548
3522
3530
3624
3568
3534
3540
3538
3530
3480
3440
3432
3472
3508
3482
3432
3454
3506
3496
3564
3538
3542
3516
3540
3584
3560
3554
3610
3604
3568
3534
3588
3522
3480
3470
3546
3608
3560
3574
3594
3630
3588
3556
3490
3458
3440
3478
3368
3390
3438
3472
3482
3444
3406
3408
3388
3414
3432
3424
3506
3542
3578
3536
3532
3476
3524
3532
3510
3508
3540
3506
3516
3508
3424
3436
3464
3476
3470
3528
3536
3586
3560
3594
3612
3602
3618
3598
3582
3554
3566
3618
3612
3548
3584
3594
3530
3526
3506
3564
3594
3622
3560
3556
3522
3566
3582
3594
3612
3650
3650
3650
3666
3670
3676
3648
3608
3634
3640
3652
3630
3558
3550
3546
3508
3450
3424
3430
3396
3380
3398
3314
3266
3228
3226
3322
3408
3462
3462
3576
3476
3510
3436
3414
3414
3414
3490
3464
3414
3346
3338
3334
3346
3380
3418
3396
3378
3390
3412
3434
3372
3382
3442
3462
3486
3454
3470
3456
3410
3440
3440
3398
3386
3400
3392
3422
3424
3396
3390
3350
3372
3322
3348
3402
3450
3486
3534
3532
3482
3484
3534
3502
3466
3458
3466
3442
3416
3402
3526
3528
3518
3510
3520
3548
3596
3588
3594
3576
3572
3572
3562
3580
3590
3614
3610
3568
3546
3574
3592
3598
3608
3542
3494
3558
3600
3624
3652
3652
3674
3634
3642
3616
3610
3636
3600
3604
3624
3664
3648
3610
3620
3654
3716
3686
3676
3602
3558
3560
3508
3508
3500
3478
3528
3550
3594
3622
3570
3578
3520
3592
3630
3566
3556
