882
872
892
924
924
886
914
924
914
922
930
924
886
884
874
876
900
910
912
924
908
888
892
892
914
906
876
874
882
824
810
822
822
832
838
820
802
800
792
746
738
736
756
756
714
758
780
778
750
782
764
752
772
746
732
758
766
750
782
810
812
788
812
804
820
852
832
836
862
848
828
818
796
832
816
790
780
828
858
798
820
798
810
788
742
752
714
722
706
748
782
760
764
738
716
714
728
674
672
702
704
718
716
698
734
762
766
814
812
852
846
856
852
880
906
882
914
920
892
926
906
884
854
842
864
848
828
822
804
798
808
834
842
842
828
832
878
892
866
826
808
808
800
824
824
842
842
808
828
826
848
832
814
822
814
820
826
830
820
802
794
838
804
836
850
834
838
832
834
800
786
764
764
796
818
754
758
786
782
780
744
720
722
744
708
656
684
724
752
758
752
732
752
730
704
678
660
652
610
586
622
568
596
642
628
596
594
586
608
600
618
636
634
638
636
674
666
678
686
686
734
750
738
764
742
808
840
830
822
802
804
780
792
788
786
796
820
834
822
822
860
832
818
848
846
850
830
886
882
874
880
906
914
896
910
908
920
930
918
912
908
914
902
914
914
918
928
904
930
940
916
900
888
910
938
930
902
904
896
914
900
836
822
834
850
836
870
878
896
910
904
930
934
922
908
920
900
884
870
904
910
922
898
892
898
916
918
910
912
858
886
880
858
858
870
874
874
880
908
914
904
868
848
820
858
824
830
836
860
862
846
852
846
854
886
880
850
834
830
834
820
816
834
796
784
784
842
826
822
830
826
794
790
790
830
832
846
846
824
830
876
872
868
878
864
866
868
868
876
892
906
912
886
892
884
894
866
852
842
830
836
844
846
832
898
902
888
894
900
906
886
902
878
870
844
830
850
844
858
886
854
876
888
878
890
888
902
886
904
876
876
866
838
844
824
818
790
792
786
730
742
774
792
822
848
848
844
856
810
836
866
848
832
830
786
784
808
790
800
800
802
784
814
792
788
794
802
800
788
798
814
860
846
824
786
832
846
894
884
848
856
898
878
834
846
864
854
870
878
856
838
796
780
760
756
754
738
714
682
724
720
714
694
726
712
722
724
678
648
644
688
682
688
648
682
706
718
732
726
750
722
746
768
742
756
752
712
688
712
712
684
672
684
714
680
656
640
662
652
610
558
494
500
492
488
496
438
416
406
434
444
476
472
480
470
450
404
430
408
414
408
436
446
456
406
410
396
416
412
402
338
398
414
452
418
422
472
470
488
472
480
444
400
392
366
348
316
336
336
358
360
350
306
362
354
340
296
336
368
380
386
402
412
410
448
438
458
490
432
422
454
486
450
434
440
428
450
442
466
446
436
434
420
452
462
490
450
430
390
386
392
354
384
426
474
466
424
418
380
358
340
310
346
346
316
350
404
420
376
342
366
362
356
318
344
312
288
226
206
250
280
334
298
294
250
224
202
206
224
232
228
248
298
302
294
356
396
448
482
554
538
520
518
550
568
508
492
472
480
512
500
556
556
548
508
514
582
614
636
640
630
608
628
614
544
608
610
598
608
628
598
610
590
628
652
622
608
638
640
654
616
620
624
604
628
590
624
632
642
634
616
612
608
574
558
594
588
594
574
606
632
634
694
702
700
702
684
734
730
754
726
750
776
738
714
730
734
718
738
770
780
800
796
784
774
762
754
722
702
720
720
710
704
718
704
696
648
636
648
666
692
666
682
686
722
720
688
666
642
604
674
686
710
724
736
750
788
738
780
724
762
768
778
760
740
744
780
796
782
820
796
812
798
794
770
752
750
752
732
720
742
740
772
804
776
768
798
812
818
852
858
842
852
840
834
826
824
892
904
910
924
932
940
926
940
934
920
900
916
920
920
902
936
922
898
880
878
858
860
846
828
842
828
818
818
830
830
822
802
800
780
816
824
856
862
876
882
860
872
858
844
874
846
852
840
844
836
830
816
818
806
828
828
810
812
778
778
746
732
702
702
726
714
696
704
740
780
810
800
788
748
720
766
724
722
752
792
774
762
776
792
770
754
780
790
816
862
798
808
818
822
838
814
812
804
838
838
864
838
860
808
814
792
782
802
818
860
862
884
906
920
910
920
928
898
882
898
916
902
878
856
872
870
856
838
814
828
784
764
746
760
716
702
646
656
672
698
714
714
722
716
720
668
694
728
702
692
692
668
656
652
692
654
728
724
690
680
696
694
718
670
654
624
636
586
628
652
654
694
672
682
682
684
686
622
630
612
594
596
628
614
604
626
576
592
632
662
680
674
646
676
682
664
726
724
682
712
728
758
742
742
746
706
738
724
768
792
824
862
850
822
790
788
752
724
728
726
716
712
700
780
782
806
794
806
826
868
868
838
826
846
846
840
816
822
840
832
820
836
822
870
860
834
860
860
840
820
828
848
874
848
864
906
920
928
944
938
924
904
892
866
866
890
894
902
906
874
870
880
902
866
900
880
868
864
872
878
858
828
816
776
742
766
802
800
806
780
786
764
772
772
808
838
836
874
868
904
914
932
882
876
848
824
836
856
834
836
822
852
832
834
848
846
866
848
850
838
784
796
818
794
774
784
796
806
784
802
790
766
756
722
732
738
750
760
768
784
742
742
764
788
780
772
736
726
748
760
778
774
810
776
784
790
778
794
814
804
824
852
854
854
836
810
800
756
740
710
728
696
736
744
740
720
744
728
766
750
752
794
782
794
766
810
848
822
866
870
862
882
884
888
864
820
830
838
854
860
850
856
844
856
868
838
790
820
872
904
888
858
880
852
814
778
750
742
742
740
798
804
838
850
882
890
882
926
918
930
938
892
902
912
900
914
890
856
832
818
810
812
816
810
806
814
790
816
844
824
832
838
812
806
782
798
814
810
804
780
766
774
780
810
808
834
862
874
904
844
850
862
872
880
878
906
866
866
844
826
838
836
836
844
846
830
846
850
852
836
856
878
882
872
864
838
768
758
754
726
700
726
706
722
732
722
734
782
814
864
872
858
856
838
826
834
816
830
840
820
792
840
824
840
820
818
810
798
812
792
746
752
756
740
792
814
806
786
780
786
790
790
782
746
752
780
778
752
728
728
724
756
778
806
826
802
752
706
724
720
666
610
658
640
630
638
654
650
600
626
652
694
718
690
726
758
772
804
762
790
780
802
832
850
822
856
832
814
808
836
822
794
800
840
854
852
830
836
846
858
864
872
812
792
780
786
826
814
864
852
884
876
874
872
870
894
882
898
888
822
788
820
844
872
860
872
874
876
866
884
880
916
910
882
868
858
814
784
836
830
804
832
824
816
828
832
778
748
722
730
752
750
768
770
766
750
760
768
732
724
764
780
774
764
748
794
794
808
828
818
804
834
840
876
876
862
864
862
854
874
886
858
864
866
854
848
828
854
878
854
882
832
862
818
810
846
834
804
810
762
734
772
796
830
828
824
818
824
822
806
822
766
758
730
736
752
760
768
760
772
746
752
712
730
784
788
788
768
796
826
796
786
776
782
812
808
830
868
874
814
782
804
774
780
724
796
824
848
842
822
840
864
866
904
914
926
904
924
906
898
892
882
890
888
906
898
922
918
940
944
962
956
954
938
916
870
854
844
816
822
830
800
806
858
890
862
850
854
870
854
886
910
890
868
872
888
900
922
922
902
924
906
930
936
924
914
912
874
858
906
904
868
872
820
800
798
760
794
790
780
766
780
758
782
780
778
782
764
772
782
812
800
788
814
810
808
806
808
846
812
790
814
824
806
830
770
796
832
830
812
798
812
848
858
840
844
842
810
814
834
850
850
888
878
898
884
874
872
850
872
870
866
854
872
886
900
908
866
906
884
886
900
906
912
892
850
892
920
888
878
886
886
880
876
870
906
884
894
910
872
852
838
842
868
880
912
942
932
906
932
924
920
928
930
916
900
894
872
892
872
860
870
852
908
866
852
830
846
810
802
810
808
786
804
798
802
800
790
796
786
778
772
794
786
776
750
776
784
776
782
796
784
776
774
780
786
762
726
726
724
702
712
688
678
692
704
742
746
782
760
756
742
750
778
744
720
748
758
790
780
812
834
846
864
858
850
878
828
826
796
800
824
812
856
830
804
812
810
814
812
850
848
834
872
852
856
890
826
844
838
852
866
850
850
904
894
870
884
856
862
866
858
844
818
794
778
770
778
792
814
816
818
824
816
838
844
802
816
820
772
792
828
862
910
914
924
888
884
834
876
862
866
888
876
884
850
862
834
796
800
778
744
762
768
820
852
812
814
822
830
848
834
834
840
820
834
850
848
866
890
886
902
884
890
866
876
880
906
914
930
904
880
896
888
878
872
850
838
836
828
786
818
814
836
830
842
874
890
892
858
844
820
840
822
834
848
868
892
894
852
848
858
850
832
840
840
836
832
868
852
880
862
852
844
892
886
920
904
886
890
898
894
888
904
906
896
860
816
846
840
866
872
844
874
864
882
862
834
860
842
828
804
778
804
792
822
858
874
848
872
888
878
882
862
870
858
836
838
844
860
860
858
870
