3516
3540
3540
3582
3616
3584
3588
3586
3590
3612
3622
3582
3566
3494
3456
3460
3508
3462
3460
3514
3516
3490
3538
3560
3560
3532
3540
3580
3600
3544
3556
3596
3626
3660
3600
3632
3632
3612
3680
3618
3674
3620
3656
3612
3648
3578
3508
3442
3398
3444
3436
3456
3494
3504
3522
3494
3532
3592
3596
3622
3576
3486
3528
3562
3614
3674
3628
3634
3642
3648
3620
3642
3632
3666
3620
3672
3616
3580
3610
3544
3548
3510
3562
3580
3548
3522
3516
3468
3474
3488
3490
3516
3472
3438
3518
3588
3548
3574
3646
3654
3632
3610
3590
3568
3654
3660
3596
3574
3604
3598
3574
3660
3642
3576
3522
3520
3548
3482
3492
3552
3574
3606
3596
3656
3660
3688
3672
3694
3716
3712
3698
3694
3664
3648
3656
3610
3592
3574
3578
3598
3628
3630
3658
3654
3614
3638
3668
3646
3660
3686
3670
3706
3682
3666
3688
3692
3614
3634
3618
3630
3656
3666
3646
3684
3744
3772
3748
3712
3686
3686
3688
3666
3668
3672
3664
3640
3598
3580
3570
3586
3656
3648
3632
3666
3624
3630
3574
3580
3608
3542
3558
3530
3564
3534
3498
3516
3450
3526
3502
3530
3538
3488
3480
3456
3494
3530
3494
3518
3578
3612
3618
3544
3526
3498
3506
3512
3476
3486
3516
3524
3534
3544
3502
3560
3502
3550
3532
3524
3550
3534
3488
3518
3528
3512
3512
3548
3540
3502
3476
3518
3596
3614
3556
3660
3680
3678
3672
3736
3698
3726
3702
3712
3666
3610
3488
3460
3536
3508
3464
3474
3480
3422
3408
3452
3562
3522
3572
3590
3530
3492
3482
3450
3526
3538
3544
3528
3444
3524
3492
3596
3544
3606
3612
3602
3586
3620
3608
3658
3664
3614
3582
3584
3602
3576
3544
3592
3620
3572
3540
3534
3516
3516
3556
3570
3646
3616
3612
3596
3562
3598
3636
3608
3616
3544
3568
3532
3552
3522
3530
3538
3556
3522
3576
3590
3578
3588
3608
3572
3524
3506
3560
3528
3560
3538
3522
3482
3476
3456
3536
3580
3582
3618
3622
3610
3674
3674
3612
3580
3578
3610
3628
3648
3638
3600
3592
3536
3534
3508
3532
3532
3514
3538
3584
3628
3556
3482
3508
3486
3460
3468
3434
3500
3500
3498
3554
3542
3550
3570
3600
3626
3614
3572
3662
3668
3668
3714
3688
3642
3662
3636
3666
3662
3624
3636
3588
3608
3610
3610
3572
3572
3606
3640
3608
3596
3616
3608
3592
3612
3604
3640
3632
3634
3624
3580
3592
3624
3644
3574
3648
3602
3624
3654
3604
3618
3536
3478
3474
3522
3492
3484
3402
3500
3514
3570
3576
3556
3538
3484
3522
3504
3510
3478
3518
3474
3516
3506
3496
3464
3524
3520
3454
3484
3496
3508
3452
3462
3506
3498
3512
3536
3598
3618
3588
3572
3524
3502
3504
3542
3498
3516
3496
3500
3530
3538
3576
3550
3532
3592
3540
3550
3546
3558
3530
3488
3528
3490
3538
3522
3520
3538
3482
3514
3544
3506
3538
3530
3552
3564
3550
3516
3560
3550
3514
3502
3496
3502
3500
3522
3528
3558
3566
3562
3538
3556
3590
3562
3570
3538
3564
3610
3622
3576
3568
3554
3538
3548
3490
3414
3416
3422
3452
3552
3466
3488
3456
3470
3518
3462
3440
3462
3430
3428
3494
3518
3554
3558
3544
3532
3552
3520
3588
3636
3702
3644
3664
3670
3598
3652
3628
3608
3636
3656
3686
3668
3702
3692
3628
3650
3616
3634
3690
3688
3686
3676
3732
3692
3710
3688
3610
3568
3572
3642
3666
3682
3740
3722
3736
3744
3700
3634
3646
3690
3640
3674
3666
3598
3622
3610
3568
3630
3618
3560
3544
3590
3598
3576
3572
3572
3622
3542
3560
3566
3496
3528
3558
3588
3594
3594
3582
3588
3634
3678
3662
3652
3668
3728
3734
3704
3702
3646
3624
3578
3554
3600
3598
3568
3570
3522
3512
3460
3478
3486
3536
3596
3586
3568
3582
3616
3610
3628
3586
3552
3506
3446
3538
3514
3560
3530
3502
3534
3526
3548
3588
3566
3558
3562
3566
3574
3546
3520
3502
3540
3546
3534
3510
3408
3476
3430
3482
3514
3512
3480
3480
3490
3498
3536
3528
3488
3514
3472
3464
3492
3492
3456
3470
3498
3488
3466
3472
3428
3458
3494
3402
3378
3372
3350
3352
3352
3370
3306
3282
3344
3386
3410
3432
3452
3512
3528
3534
3540
3516
3484
3494
3540
3516
3478
3494
3470
3460
3458
3408
3440
3440
3472
3394
3414
3342
3372
3410
3424
3386
3438
3444
3486
3484
3466
3454
3468
3488
3496
3460
3518
3478
3474
3498
3512
3520
3550
3472
3386
3330
3306
3364
3344
3336
3336
3314
3326
3300
3262
3294
3238
3286
3330
3286
3342
3356
3330
3290
3320
3342
3340
3322
3334
3322
3334
3308
3324
3362
3412
3328
3422
3418
3362
3336
3338
3286
3228
3226
3202
3222
3218
3248
3182
3212
3160
3168
3182
3142
3102
3056
3132
3144
3154
3192
3200
3222
3180
3178
3100
3090
3098
3160
3220
3268
3194
3186
3206
3224
3300
3338
3334
3320
3294
3356
3382
3420
3442
3400
3420
3362
3326
3354
3312
3332
3388
3430
3388
3352
3462
3430
3458
3456
3458
3484
3514
3518
3468
3466
3478
3438
3488
3472
3456
3470
3472
3558
3548
3484
3530
3564
3562
3556
3548
3592
3608
3640
3600
3606
3600
3538
3476
3496
3544
3528
3526
3614
3598
3560
3622
3604
3578
3548
3526
3524
3608
3612
3572
3566
3512
3606
3600
3586
3560
3572
3538
3568
3566
3542
3530
3562
3594
3532
3500
3484
3494
3546
3532
3522
3554
3560
3566
3598
3608
3590
3618
3646
3658
3682
3642
3664
3626
3666
3688
3626
3618
3620
3632
3624
3596
3636
3628
3664
3640
3602
3544
3492
3484
3502
3600
3526
3636
3618
3584
3672
3616
3614
3576
3578
3538
3546
3554
3544
3572
3578
3608
3592
3574
3612
3618
3588
3602
3606
3626
3584
3642
3698
3680
3694
3668
3654
3660
3694
3672
3586
3604
3566
3610
3646
3638
3588
3668
3672
3672
3670
3684
3702
3692
3684
3660
3648
3640
3658
3640
3570
3580
3574
3628
3580
3630
3606
3580
3574
3632
3580
3544
3600
3618
3598
3578
3474
3436
3428
3520
3538
3530
3526
3574
3582
3550
3556
3590
3584
3618
3614
3580
3592
3642
3634
3636
3630
3658
3622
3548
3570
3570
3520
3512
3568
3580
3568
3510
3618
3584
3574
3592
3586
3498
3536
3510
3510
3494
3486
3478
3520
3630
3594
3582
3562
3592
3602
3574
3500
3532
3596
3548
3626
3660
3658
3664
3682
3612
3534
3560
3550
3602
3592
3558
3606
3610
3608
3536
3516
3478
3488
3446
3508
3616
3564
3632
3546
3538
3490
3496
3508
3536
3572
3530
3556
3568
3586
3664
3666
3698
3586
3602
3608
3620
3644
3650
3658
3640
3676
3650
3700
3730
3676
3640
3654
3698
3658
3648
3634
3628
3614
3626
3682
3636
3582
3618
3666
3640
3612
3610
3610
3720
3674
3726
3702
3616
3682
3614
3642
3660
3620
3614
3598
3616
3600
3562
3558
3606
3594
3620
3592
3568
3576
3578
3536
3550
3522
3538
3500
3622
3602
3562
3568
3570
3584
3582
3578
3524
3578
3578
3614
3584
3568
3558
3508
3472
3490
3576
3590
3624
3586
3564
3650
3608
3558
3602
3632
3644
3688
3620
3610
3586
3554
3596
3604
3564
3584
3580
3634
3642
3628
3608
3606
3604
3530
3516
3524
3578
3568
3582
3600
3524
3490
3498
3554
3564
3586
3554
3566
3546
3556
3544
3522
3492
3496
3500
3478
3480
3450
3436
3436
3448
3402
3402
3356
3356
3308
3428
3376
3306
3382
3336
3312
3398
3382
3448
3452
3390
3388
3376
3346
3370
3408
3414
3420
3352
3390
3346
3290
3364
3338
3318
3308
3334
3290
3294
3348
3368
3358
3286
3338
3330
3308
3340
3424
3448
3440
3444
3460
3466
3412
3452
3496
3472
3420
3410
3410
3372
3384
3358
3288
3352
3416
3466
3536
3506
3490
3434
3492
3472
3436
3444
3446
3398
3388
3306
3374
3418
3448
3508
3486
3492
3450
3436
3498
3522
3496
3498
3622
3642
3634
3606
3580
3586
3538
3564
3576
3582
3586
3584
3606
3610
3586
3552
3608
3658
3598
3624
3622
3628
3644
3642
3674
3616
3664
3640
3684
3650
3638
3640
3630
3660
3680
3692
3660
3630
3634
3616
3596
3616
3608
3670
3710
3704
3726
3692
3668
3660
3620
3606
3608
3602
3640
3664
3658
3654
3592
3592
3592
3610
3582
3600
3536
3554
3580
3524
3506
3512
3522
3482
3512
3532
3502
3566
3600
3614
3604
3614
3664
3604
3532
3616
3602
3544
3532
3566
3618
3568
3576
3592
3628
3624
3600
3630
3624
3614
3580
3574
3636
3630
3638
3634
3636
3658
3608
3552
3518
3528
3510
3522
3484
3486
3510
3486
3576
3534
3508
3516
3478
3500
3434
3454
3440
3474
3458
3440
3450
3454
3496
3488
3464
3460
3450
3402
3440
3438
3478
3444
3470
3492
3504
3472
3444
3490
3446
3430
3406
3382
3336
3444
3442
3462
3364
3380
3426
3446
3520
3516
3508
3538
3472
3520
3502
3534
3558
3540
3618
3552
3530
3442
3520
3526
3438
3482
3438
3512
3510
3558
3552
3566
3556
3496
3490
3508
3518
3528
3488
3518
3570
3556
3530
3508
3486
3450
3476
3428
3458
3500
3474
3542
3544
3518
3516
3576
3554
3572
3602
3666
3622
3592
3512
3524
3554
3470
3484
3466
3408
3414
3396
3382
3454
3430
3410
3494
3440
3432
3508
3486
3424
3472
3474
3476
3522
3538
3528
3498
3474
3516
3480
3448
3482
3494
3446
3462
3484
3462
3500
3450
3428
3420
3440
3442
3386
3422
3490
3492
3458
3482
3504
3506
3486
3466
3460
3478
3426
3422
3470
3506
3464
3436
3486
3446
3486
3476
3484
3482
3476
3472
3484
3488
3514
3390
3392
3398
3412
3336
3370
3336
3304
3318
3342
3376
3350
3326
3394
3400
3360
3396
3350
3370
3356
3346
3388
3348
3338
3322
3320
3314
3316
3362
3322
3360
3338
3362
3332
3298
3278
3278
3292
3338
3328
3332
3400
3374
3422
3408
3446
3450
3428
3430
3438
3440
3410
3426
3492
3548
3518
3570
3552
3600
3576
3554
3482
3472
3510
3536
3576
3594
3652
3644
3624
3580
3548
3566
3566
3530
3604
3618
3674
3732
3704
3696
3700
3718
3720
3648
3696
3666
3644
3670
3648
3620
3596
3598
3594
3514
3584
3612
3620
3654
3620
3674
3660
3698
3698
3688
3646
3672
3648
3646
3564
3604
3660
3658
3684
3648
3658
3620
3636
3628
3702
3702
3662
3662
3690
3686
3624
3636
3636
3654
3604
3606
3598
3536
3654
3640
3566
3568
3594
3566
3480
3422
3356
3388
3350
3322
3440
3492
3430
3430
3442
3454
3418
3500
3482
3516
3564
3538
3492
3436
3370
3448
3540
3516
3524
3442
3460
3484
3534
3504
3488
3454
3430
3446
3464
3522
3572
3560
3578
3534
3520
3520
3526
3570
3578
3586
3522
3530
3540
3606
3572
3616
3614
3592
3614
3668
3602
3638
3616
3588
3612
3640
3646
3660
3586
3626
3652
3654
3618
3640
3552
3540
3510
3538
3458
3498
3464
3436
3466
3440
3484
3538
3558
3550
3534
3572
3602
3566
3518
3496
3512
3558
3614
3616
3570
3534
3544
3544
3548
3508
3506
3520
3520
3610
3608
3610
3562
3568
3630
3580
3560
3560
3584
3562
3602
3494
3432
3420
3370
3434
3514
3578
3556
3528
3510
3514
3516
3532
3570
3626
3588
3600
3618
3606
3602
3518
3520
3614
3580
3564
3536
3602
3594
3598
3594
3560
3570
3468
3556
3584
3554
3522
3508
3526
3464
3432
3486
3446
3506
3512
3434
3418
3360
3290
3314
3388
3422
3438
3404
3486
3436
3504
3652
3646
3646
3650
3610
3586
3554
3566
3624
3622
3634
3578
3592
3646
3674
3680
3678
3718
3664
3636
3632
3686
3660
3662
3672
3680
3568
3508
3466
3492
3452
3494
3462
3490
3540
3522
3482
3524
3562
3538
3586
3590
3618
3556
3506
3480
3458
3468
3546
3542
3586
3582
3620
3676
3678
3646
3632
3644
3618
3620
3596
3602
3630
3624
3646
3622
3622
3650
3600
3554
3556
3566
3576
3554
