3450
3382
3336
3406
3456
3504
3468
3478
3462
3418
3412
3428
3376
3464
3514
3484
3492
3482
3512
3524
3514
3492
3494
3478
3474
3464
3500
3466
3466
3422
3392
3390
3390
3368
3396
3354
3332
3376
3334
3316
3372
3438
3458
3490
3500
3470
3494
3474
3436
3476
3402
3424
3356
3384
3426
3314
3386
3352
3322
3236
3284
3280
3264
3314
3286
3274
3272
3282
3298
3228
3270
3282
3274
3342
3360
3312
3302
3258
3294
3376
3352
3382
3454
3422
3480
3508
3556
3600
3616
3596
3512
3456
3432
3440
3446
3456
3430
3440
3468
3474
3500
3526
3474
3410
3320
3364
3390
3426
3426
3352
3332
3366
3440
3484
3500
3462
3432
3346
3368
3420
3502
3488
3448
3408
3412
3444
3536
3544
3544
3528
3466
3430
3438
3438
3364
3438
3456
3482
3548
3554
3494
3474
3456
3414
3374
3418
3462
3568
3520
3568
3570
3516
3502
3500
3492
3434
3452
3478
3512
3564
3526
3492
3572
3578
3578
3586
3618
3594
3572
3550
3532
3528
3520
3582
3508
3550
3560
3538
3540
3526
3538
3554
3454
3442
3460
3458
3346
3414
3430
3462
3460
3498
3506
3454
3460
3468
3492
3518
3460
3438
3532
3472
3478
3488
3550
3516
3500
3556
3634
3684
3700
3670
3598
3556
3524
3566
3568
3614
3558
3524
3508
3536
3560
3624
3578
3512
3506
3520
3464
3500
3468
3472
3444
3498
3498
3526
3570
3600
3584
3552
3564
3552
3540
3502
3472
3490
3420
3432
3418
3482
3510
3534
3518
3572
3586
3536
3538
3526
3466
3472
3498
3462
3440
3412
3460
3462
3486
3546
3516
3504
3548
3534
3540
3466
3422
3382
3374
3318
3338
3250
3222
3212
3282
3328
3316
3374
3370
3434
3450
3426
3438
3466
3414
3378
3376
3368
3372
3412
3476
3494
3492
3502
3508
3488
3478
3454
3440
3320
3368
3400
3406
3420
3418
3388
3314
3356
3338
3312
3240
3288
3316
3400
3386
3380
3354
3292
3320
3356
3400
3468
3436
3468
3470
3494
3520
3538
3542
3572
3494
3466
3416
3418
3456
3426
3430
3414
3444
3492
3458
3470
3538
3478
3514
3510
3514
3516
3526
3476
3426
3406
3368
3362
3420
3398
3374
3410
3386
3432
3470
3444
3418
3450
3448
3466
3522
3476
3518
3546
3562
3586
3634
3590
3612
3584
3546
3540
3558
3576
3580
3504
3460
3470
3488
3434
3370
3352
3390
3414
3390
3370
3286
3330
3370
3348
3348
3350
3330
3336
3296
3332
3374
3370
3316
3354
3328
3334
3318
3346
3350
3336
3340
3342
3376
3368
3352
3378
3306
3354
3350
3370
3318
3414
3460
3454
3456
3518
3518
3494
3436
3472
3452
3394
3386
3384
3390
3366
3330
3320
3362
3452
3484
3508
3556
3548
3480
3516
3464
3488
3492
3416
3354
3392
3394
3370
3316
3284
3300
3302
3362
3374
3406
3420
3426
3450
3498
3480
3470
3430
3454
3516
3500
3502
3558
3518
3486
3528
3608
3564
3586
3602
3526
3554
3570
3596
3604
3522
3518
3614
3602
3564
3432
3444
3442
3412
3458
3514
3528
3540
3492
3542
3544
3550
3584
3602
3544
3554
3524
3520
3568
3494
3546
3520
3556
3522
3530
3520
3606
3558
3564
3532
3504
3478
3384
3406
3492
3556
3510
3498
3562
3536
3530
3538
3508
3504
3500
3464
3404
3428
3458
3486
3530
3534
3556
3506
3572
3620
3694
3638
3604
3652
3674
3672
3552
3508
3530
3520
3526
3548
3564
3564
3524
3536
3508
3472
3512
3542
3528
3500
3514
3488
3526
3460
3536
3562
3590
3562
3470
3422
3482
3492
3528
3508
3536
3544
3460
3482
3514
3506
3416
3354
3318
3392
3366
3362
3376
3348
3384
3348
3402
3366
3410
3430
3356
3274
3260
3336
3386
3398
3478
3478
3486
3514
3490
3474
3490
3444
3444
3470
3426
3368
3408
3432
3450
3436
3418
3436
3416
3394
3462
3470
3478
3476
3456
3458
3520
3448
3428
3490
3470
3520
3486
3444
3400
3462
3500
3432
3442
3468
3440
3476
3496
3510
3560
3600
3614
3636
3574
3568
3582
3620
3644
3644
3632
3574
3574
3526
3490
3488
3488
3482
3432
3370
3386
3380
3414
3414
3506
3558
3534
3522
3420
3434
3446
3470
3452
3458
3518
3548
3552
3520
3540
3518
3606
3574
3486
3510
3506
3478
3566
3562
3516
3542
3544
3536
3534
3524
3436
3406
3496
3540
3540
3518
3552
3558
3638
3658
3664
3612
3560
3504
3454
3490
3424
3434
3388
3380
3394
3386
3386
3378
3354
3380
3356
3378
3378
3386
3352
3348
3334
3414
3418
3454
3320
3274
3274
3308
3340
3398
3382
3420
3408
3424
3352
3406
3410
3440
3444
3434
3408
3456
3486
3498
3460
3394
3328
3358
3372
3350
3370
3358
3354
3322
3408
3440
3480
3462
3460
3474
3482
3468
3418
3394
3424
3430
3416
3422
3474
3486
3536
3528
3478
3510
3490
3468
3454
3514
3490
3490
3410
3468
3456
3462
3440
3458
3422
3498
3494
3554
3572
3532
3502
3516
3466
3470
3474
3456
3390
3340
3336
3386
3450
3384
3402
3376
3374
3318
3300
3368
3350
3346
3398
3368
3414
3412
3464
3524
3552
3580
3632
3610
3536
3502
3488
3400
3356
3364
3400
3438
3442
3422
3432
3388
3470
3520
3518
3572
3488
3466
3476
3452
3538
3562
3526
3514
3482
3516
3510
3542
3518
3496
3496
3530
3516
3530
3528
3480
3500
3508
3544
3560
3534
3512
3480
3414
3450
3388
3432
3440
3510
3464
3454
3442
3514
3412
3388
3424
3392
3462
3504
3470
3426
3412
3438
3478
3460
3468
3426
3472
3462
3458
3406
3454
3378
3362
3416
3444
3500
3496
3482
3464
3466
3424
3412
3400
3400
3430
3484
3512
3478
3490
3560
3484
3510
3522
3512
3484
3508
3400
3354
3316
3346
3454
3488
3516
3500
3436
3428
3362
3420
3474
3478
3526
3624
3608
3596
3556
3548
3530
3554
3550
3528
3554
3548
3602
3608
3652
3606
3588
3576
3550
3532
3498
3482
3478
3418
3466
3432
3526
3554
3464
3482
3502
3448
3392
3408
3432
3432
3450
3456
3412
3466
3396
3422
3424
3378
3320
3346
3350
3356
3320
3408
3406
3424
3360
3310
3280
3290
3300
3224
3284
3312
3342
3330
3278
3296
3278
3336
3432
3468
3512
3402
3378
3414
3420
3466
3500
3466
3420
3428
3500
3478
3438
3406
3448
3436
3474
3494
3418
3382
3458
3510
3468
3486
3484
3484
3568
3470
3448
3396
3360
3328
3364
3374
3394
3352
3326
3300
3286
3242
3354
3298
3312
3362
3292
3254
3326
3268
3374
3436
3460
3446
3420
3394
3440
3498
3484
3526
3556
3590
3540
3452
3508
3500
3486
3578
3574
3544
3524
3534
3484
3446
3384
3390
3438
3472
3526
3564
3566
3560
3500
3548
3468
3410
3376
3398
3380
3416
3378
3392
3362
3454
3418
3396
3356
3332
3278
3378
3408
3426
3384
3428
3474
3490
3498
3476
3472
3500
3498
3510
3512
3560
3562
3520
3504
3494
3466
3554
3544
3518
3518
3504
3448
3484
3552
3496
3530
3496
3544
3560
3498
3530
3510
3492
3516
3472
3456
3418
3400
3348
3464
3584
3640
3614
3578
3558
3564
3594
3604
3580
3642
3576
3628
3616
3586
3598
3588
3586
3648
3652
3628
3638
3648
3698
3656
3658
3640
3586
3602
3586
3606
3588
3630
3626
3590
3554
3514
3556
3556
3506
3508
3520
3460
3440
3416
3412
3396
3508
3528
3502
3518
3486
3472
3496
3426
3426
3412
3470
3556
3544
3516
3516
3452
3362
3352
3432
3450
3444
3458
3446
3398
3420
3388
3348
3286
3254
3270
3260
3234
3296
3286
3294
3242
3278
3322
3340
3386
3328
3380
3348
3396
3436
3428
3446
3478
3506
3574
3582
3520
3494
3536
3474
3360
3378
3368
3428
3376
3374
3418
3392
3452
3472
3462
3472
3468
3460
3464
3504
3506
3546
3538
3518
3494
3568
3578
3588
3486
3582
3576
3494
3574
3598
3550
3550
3576
3522
3486
3578
3570
3534
3592
3652
3656
3696
3598
3534
3454
3458
3498
3444
3466
3424
3410
3464
3582
3572
3544
3590
3534
3526
3552
3542
3572
3630
3552
3538
3526
3502
3526
3562
3508
3548
3532
3498
3516
3540
3502
3530
3492
3488
3458
3514
3510
3536
3526
3528
3532
3524
3560
3602
3586
3582
3522
3504
3466
3412
3514
3524
3498
3460
3410
3454
3490
3492
3480
3508
3576
3626
3590
3594
3572
3530
3512
3580
3528
3422
3402
3446
3538
3452
3530
3500
3546
3532
3490
3574
3582
3594
3634
3652
3646
3614
3606
3582
3594
3526
3440
3452
3414
3410
3422
3404
3416
3434
3480
3526
3524
3552
3532
3464
3478
3518
3590
3606
3550
3528
3456
3448
3466
3472
3510
3516
3526
3532
3504
3466
3444
3402
3414
3418
3398
3416
3436
3410
3390
3428
3446
3460
3452
3428
3444
3494
3418
3396
3398
3368
3450
3504
3472
3500
3426
3414
3300
3274
3276
3274
3304
3358
3362
3296
3282
3284
3340
3320
3288
3338
3316
3326
3298
3386
3404
3276
3352
3416
3400
3394
3448
3384
3348
3340
3348
3300
3334
3298
3272
3232
3266
3222
3266
3276
3234
3278
3282
3320
3260
3278
3222
3180
3180
3244
3280
3314
3256
3190
3094
3042
3068
3082
3130
3082
3022
3048
3118
3168
3212
3148
3116
3046
3116
3020
3006
2956
3038
3114
3194
3162
3122
3072
3106
3114
3138
3142
3222
3180
3166
3206
3246
3264
3274
3328
3306
3276
3238
3184
3264
3238
3226
3196
3172
3150
3172
3114
3114
3128
3108
3088
3168
3196
3208
3276
3296
3298
3244
3146
3174
3204
3102
3196
3150
3234
3208
3144
3120
3130
3180
3198
3242
3270
3284
3286
3256
3260
3280
3260
3244
3326
3268
3182
3214
3330
3326
3376
3364
3372
3408
3342
3414
3430
3362
3388
3334
3346
3392
3422
3492
3494
3502
3524
3506
3520
3632
3596
3614
3574
3548
3542
3614
3630
3582
3582
3598
3526
3468
3504
3462
3484
3488
3496
3412
3404
3364
3432
3452
3472
3442
3436
3432
3380
3356
3390
3330
3338
3404
3368
3362
3288
3322
3284
3294
3318
3324
3290
3338
3310
3342
3298
3238
3212
3176
3174
3216
3228
3306
3320
3308
3330
3392
3406
3342
3276
3376
3396
3464
3472
3508
3548
3520
3550
3544
3544
3550
3482
3466
3460
3462
3490
3546
3568
3592
3626
3612
3634
3572
3522
3508
3528
3490
3440
3462
3520
3452
3410
3426
3396
3438
3422
3414
3434
3472
3422
3376
3400
3376
3396
3432
3462
3400
3360
3430
3396
3418
3468
3412
3454
3450
3474
3426
3432
3350
3378
3362
3352
3382
3468
3478
3432
3376
3424
3398
3398
3330
3420
3382
3384
3432
3430
3392
3362
3382
3330
3360
3380
3438
3452
3540
3518
3464
3438
3424
3400
3426
3488
3434
3466
3466
3424
3468
3528
3484
3418
3406
3428
3452
3378
3416
3420
3414
3360
3342
3374
3420
3454
3416
3462
3388
3382
3396
3426
3394
3408
3464
3484
3486
3540
3482
3440
3482
3540
3532
3546
3510
3512
3502
3530
3512
3500
3490
3568
3584
3494
3480
3542
3604
3550
3536
3520
3518
3520
3546
3556
3592
3580
3536
3550
3524
3546
3610
3564
3526
3500
3438
3448
3438
3472
3508
3498
3514
3482
3498
3534
3502
3564
3538
3554
3500
3480
3452
3454
3412
3440
3418
3348
3394
3456
3556
3554
3532
3524
3500
3516
3488
3446
3506
3556
3552
3598
3624
3604
3572
3560
3546
3532
3532
3554
3534
3474
3400
3400
3434
3512
3552
3572
3510
3528
3540
3530
3552
3514
3480
3440
3558
3542
3516
3494
3424
3472
3538
3552
3488
3446
3450
3416
3370
3358
3372
3334
3302
3220
3162
3194
3240
3278
3222
3280
3364
3334
3372
3372
3376
3454
3408
3330
3350
3362
3442
3484
3420
3460
3472
3484
3554
3588
3550
3492
3540
3540
3578
3578
3570
3546
3580
3574
3544
3514
3484
3452
3462
3418
3378
3384
3360
3378
3436
3418
3448
3438
3450
3376
3370
3312
3318
3332
3378
3418
3438
3454
3424
3508
3566
3576
3584
3562
3572
3542
3516
3448
3468
3524
3476
3420
3408
3456
3428
3462
3428
3396
3394
3330
3378
3352
3390
