920
894
898
876
922
920
918
892
882
902
892
908
912
926
942
936
940
956
918
938
960
948
954
950
918
926
934
912
938
922
910
914
898
888
876
880
882
890
902
900
890
906
936
940
912
908
920
932
926
918
870
874
872
894
858
868
896
900
884
908
904
860
898
904
908
884
922
914
930
906
916
910
894
856
862
860
882
906
886
868
822
820
832
818
862
886
904
900
888
940
936
918
926
888
876
912
908
888
882
904
892
932
950
958
920
904
912
934
930
938
932
924
934
938
934
910
862
858
866
884
884
894
868
866
856
838
830
850
842
824
870
834
842
854
886
904
882
886
858
858
868
872
864
862
858
826
836
856
858
882
876
858
848
802
768
764
764
762
744
756
792
780
792
792
756
772
802
796
766
758
760
770
762
780
790
798
752
748
732
742
736
748
750
758
714
702
722
730
766
756
796
814
824
816
804
772
754
760
760
728
736
714
716
730
724
732
760
746
748
764
770
766
740
742
732
712
748
708
742
736
730
742
770
760
780
790
824
836
852
846
850
876
826
842
826
850
874
900
874
864
866
868
824
808
824
826
836
828
824
830
806
844
858
846
824
838
832
816
814
804
816
836
862
892
920
912
898
882
914
920
936
936
936
910
936
940
914
904
896
896
878
896
880
888
880
868
888
882
882
876
884
914
904
936
946
912
950
978
960
974
958
944
920
928
924
942
936
932
950
960
970
954
952
950
924
916
860
882
850
866
894
870
876
896
896
854
854
848
848
858
870
890
900
900
906
902
882
898
908
892
876
896
890
922
934
926
924
952
940
906
894
916
914
930
942
928
920
952
940
950
958
938
922
902
908
892
872
890
902
880
828
868
828
836
856
870
866
840
834
864
838
824
832
832
854
816
820
812
806
828
808
852
896
926
922
912
900
882
870
870
900
902
868
922
916
908
912
902
888
872
902
914
892
868
904
914
898
862
868
872
842
884
886
886
886
902
890
882
906
930
900
912
902
916
904
894
914
932
934
926
886
890
904
908
914
916
936
946
930
940
906
920
924
920
952
938
922
924
946
954
948
946
924
936
916
892
894
858
882
930
934
954
920
920
926
926
920
914
880
928
920
928
938
942
922
910
902
926
882
904
900
914
930
914
918
920
910
926
932
914
938
930
946
928
928
902
902
916
912
904
922
900
894
900
928
938
924
944
928
940
926
934
940
918
856
896
916
892
914
918
904
888
900
856
878
870
878
880
880
878
894
890
890
894
908
922
918
918
920
918
918
904
904
868
886
902
908
904
884
876
868
858
866
884
886
906
892
880
850
850
862
852
832
836
852
834
860
872
910
904
930
934
936
934
930
936
914
912
932
920
900
862
860
900
898
870
852
908
910
922
944
952
950
944
934
926
898
914
922
880
882
892
882
866
872
878
902
928
900
934
920
914
942
944
952
940
928
936
910
916
928
914
902
930
914
904
914
922
882
880
896
908
936
924
910
888
900
886
898
884
872
888
908
904
888
884
918
904
938
944
942
944
944
944
938
916
894
910
918
900
858
866
890
900
892
908
894
868
852
858
854
852
872
888
862
836
830
780
782
826
834
828
836
808
834
798
804
836
808
844
848
860
862
846
856
882
896
902
842
852
876
902
916
934
928
948
952
956
952
936
956
934
946
944
950
944
938
908
918
936
928
938
936
942
960
930
894
896
920
900
916
942
966
962
964
944
924
910
894
866
858
872
900
878
896
888
878
900
900
922
932
944
950
888
890
878
902
892
876
886
898
892
914
926
918
924
906
902
898
888
864
876
864
872
856
854
828
796
804
826
848
836
810
786
824
826
836
846
850
844
870
882
896
914
900
916
906
868
870
908
862
878
896
920
928
926
910
952
936
916
882
892
868
910
884
840
824
826
842
852
844
850
836
798
808
812
818
840
852
864
884
824
834
866
878
910
882
896
932
930
942
920
922
914
906
940
932
916
910
916
890
904
932
932
956
932
932
934
916
880
886
898
892
890
940
954
936
890
918
906
906
910
926
930
922
900
924
916
930
914
896
896
900
898
880
840
852
858
878
882
852
878
868
866
884
870
850
868
886
910
894
872
890
858
842
848
866
870
838
824
824
842
860
862
882
874
896
886
910
930
912
892
904
912
938
912
910
924
950
966
954
950
930
896
886
904
950
950
944
918
902
918
904
892
888
876
862
890
894
870
886
884
882
934
940
928
910
932
934
910
902
906
902
882
888
910
928
944
964
940
932
904
894
914
920
902
892
886
890
882
880
864
902
890
884
882
910
894
916
886
868
854
848
878
896
908
900
888
888
882
892
890
896
910
908
938
902
880
870
872
886
916
906
924
906
926
926
912
892
900
872
886
906
880
882
880
904
912
926
958
900
898
928
946
924
928
944
930
948
950
956
932
920
916
888
904
888
882
890
918
928
936
932
912
894
910
882
876
934
946
898
890
874
872
880
888
922
944
926
912
910
900
906
902
918
884
874
886
886
902
890
898
882
910
898
922
906
912
912
914
866
854
878
912
914
898
894
886
868
858
862
872
846
876
902
890
882
904
878
824
830
840
832
860
884
874
846
852
820
820
822
828
840
824
824
834
844
852
830
848
840
864
832
844
852
866
886
904
916
894
888
876
882
894
878
894
888
896
930
898
886
874
898
904
902
910
906
898
880
868
868
870
896
898
892
902
886
896
890
854
840
860
858
854
860
870
894
920
918
934
930
920
918
940
914
920
942
950
938
932
954
950
950
938
930
928
910
910
856
856
852
878
892
904
928
924
920
922
912
904
912
920
914
906
934
934
932
962
924
918
904
926
946
972
966
952
940
910
900
890
886
906
862
858
886
882
918
908
906
910
930
932
938
902
924
908
904
860
866
900
872
864
844
862
878
886
876
872
880
864
846
868
870
846
854
870
904
880
864
870
880
870
878
866
868
888
850
868
886
902
912
904
922
920
898
914
912
902
884
852
836
848
858
826
830
828
818
826
836
824
814
814
806
834
844
850
844
818
806
816
812
840
848
828
828
858
824
854
844
848
868
876
846
840
878
888
908
924
916
896
940
928
912
928
906
896
856
876
872
884
874
904
880
890
846
862
876
900
898
928
922
912
918
946
958
940
918
932
940
922
916
916
930
944
938
952
934
920
872
896
908
894
864
860
856
860
882
890
904
900
896
904
882
840
848
832
874
898
884
912
886
850
844
840
862
838
836
798
794
760
762
736
754
762
798
792
794
786
756
748
774
788
762
776
768
764
772
782
830
836
884
880
884
882
870
866
856
874
880
884
908
902
890
918
908
932
952
934
922
940
936
934
908
906
892
904
902
876
888
886
922
928
894
920
932
916
894
882
906
908
910
908
902
900
922
918
954
952
970
920
924
930
924
926
898
888
896
870
842
844
838
856
876
864
846
828
762
766
722
726
728
744
782
750
742
724
744
762
768
782
770
762
778
742
768
792
754
722
746
724
742
758
764
770
770
836
840
824
806
820
772
782
774
784
810
794
782
798
818
860
846
828
848
874
902
904
914
960
934
936
900
916
938
890
930
948
944
926
920
918
924
938
924
954
950
958
940
934
916
908
852
836
874
872
876
906
902
914
880
868
854
878
868
854
846
842
868
872
882
872
856
834
804
842
882
900
900
926
894
920
930
894
920
920
908
866
876
924
930
912
916
892
890
874
846
866
852
878
890
882
904
902
872
870
876
878
864
870
876
860
860
872
900
902
900
912
914
910
934
904
902
906
862
886
890
866
880
914
918
898
904
892
898
864
840
820
766
800
792
836
844
832
842
838
862
884
866
854
884
896
900
904
928
920
928
912
918
902
882
882
884
892
886
868
876
890
912
902
850
856
876
894
894
910
906
916
904
906
896
926
894
930
920
924
926
928
886
828
866
876
880
904
902
874
890
900
912
912
930
924
918
892
890
882
904
892
860
850
862
864
900
904
896
904
926
908
910
920
922
916
912
914
910
872
896
902
904
896
928
910
924
912
870
876
888
870
902
874
906
920
906
902
920
916
934
944
944
918
924
936
936
914
916
860
858
842
860
824
904
900
894
916
948
966
950
944
944
958
932
918
908
918
908
932
924
910
920
900
894
888
920
916
920
894
918
932
968
942
932
890
892
910
882
868
838
874
878
886
886
900
890
900
890
878
878
894
880
850
842
868
828
846
790
792
804
790
798
814
810
804
806
804
808
838
810
822
828
806
798
784
768
744
726
714
718
732
778
798
810
800
792
802
796
764
784
816
834
840
832
832
838
854
876
846
826
848
834
818
830
820
852
842
870
878
866
856
850
848
860
882
886
892
894
912
920
914
908
896
894
930
942
926
944
942
920
908
916
892
900
894
934
938
924
930
948
892
882
866
870
884
888
848
894
886
900
910
928
924
946
924
930
938
930
938
974
944
936
932
922
926
928
912
912
926
922
916
906
898
876
872
892
910
910
916
894
894
908
900
874
850
834
856
888
860
856
852
842
828
888
896
886
866
916
898
900
902
890
900
900
862
870
836
836
850
870
876
894
924
916
888
894
872
884
892
906
886
882
870
868
868
