2254
2332
2410
2344
2412
2482
2346
2372
2340
2318
2358
2440
2400
2316
2286
2310
2320
2302
2350
2404
2456
2376
2358
2374
2284
2296
2208
2180
2134
2106
2168
2134
2158
2100
2138
2110
2144
2016
1934
1856
1898
1856
1828
1840
1862
1916
1998
1982
2100
2064
2064
2070
1968
2024
1942
1988
2038
2068
2108
2144
2196
2244
2242
2244
2194
2146
2032
2108
2098
2092
2150
2116
2080
2094
2074
2130
2048
2048
2076
2110
2174
2118
2112
2044
2076
2076
2150
2098
2152
2082
2042
2052
2044
2064
2078
2186
2202
2120
2154
2228
2222
2288
2310
2306
2278
2236
2294
2366
2356
2320
2264
2272
2294
2284
2320
2330
2356
2388
2500
2538
2518
2506
2422
2416
2458
2428
2498
2430
2422
2466
2412
2402
2394
2428
2486
2430
2346
2388
2354
2396
2410
2362
2362
2392
2420
2388
2370
2430
2384
2424
2390
2398
2386
2390
2510
2530
2524
2498
2458
2382
2332
2340
2268
2174
2182
2178
2166
2176
2172
2198
2088
2232
2238
2374
2336
2370
2358
2452
2486
2424
2406
2280
2234
2248
2208
2120
2206
2228
2242
2214
2266
2262
2280
2258
2256
2222
2256
2248
2214
2294
2302
2256
2242
2300
2308
2242
2262
2238
2270
2252
2202
2142
2206
2228
2310
2268
2236
2300
2312
2330
2272
2318
2300
2300
2334
2268
2226
2218
2166
2098
2112
2050
1954
1872
1904
1884
1850
1854
1900
1930
1990
2034
2038
2110
2144
2146
2178
2200
2188
2194
2232
2248
2286
2254
2292
2272
2202
2230
2268
2238
2236
2240
2290
2356
2390
2422
2410
2368
2386
2550
2552
2620
2606
2614
2632
2598
2556
2616
2658
2614
2590
2528
2612
2512
2528
2542
2576
2544
2546
2576
2562
2548
2506
2526
2510
2554
2586
2678
2666
2682
2680
2690
2742
2706
2584
2604
2594
2552
2550
2450
2544
2530
2624
2590
2552
2484
2568
2586
2518
2476
2442
2366
2400
2398
2444
2492
2480
2396
2416
2434
2504
2584
2512
2444
2456
2386
2404
2394
2432
2376
2280
2318
2286
2292
2306
2244
2214
2280
2358
2362
2350
2404
2496
2420
2386
2458
2366
2380
2372
2368
2310
2268
2280
2254
2252
2238
2296
2362
2314
2200
2248
2288
2338
2392
2410
2362
2266
2212
2222
2148
2070
2088
2074
2144
2170
2066
2066
2076
2092
1946
1992
2048
1998
1952
1944
1876
1984
1934
1942
1908
1884
1980
1908
2020
1958
1938
1974
1992
2012
1978
2012
1984
1992
1866
1972
2008
1982
2096
2114
2132
1982
2004
2072
2072
1976
2044
2064
2046
2078
2134
2170
2150
2104
2102
2086
2080
2130
2044
2036
2008
1978
2040
2070
2080
2006
1968
2024
2008
2136
2110
2088
2112
2022
2060
2042
1992
1954
1932
1970
1998
2066
1942
1914
1992
2098
2102
2108
2122
2212
2182
2278
2258
2136
2054
2124
2094
2066
2120
2102
2136
2226
2230
2300
2332
2314
2284
2332
2344
2420
2470
2486
2448
2430
2390
2370
2438
2386
2418
2328
2282
2226
2296
2308
2342
2312
2328
2224
2276
2320
2360
2364
2350
2350
2410
2348
2298
2206
2136
2096
2118
2082
2014
2054
2036
1984
2030
2022
2068
2002
1936
2036
2068
2114
2228
2168
2138
2156
2144
2106
2160
2142
2094
2008
2004
1928
1872
1934
1902
1888
1878
1768
1680
1614
1630
1596
1632
1646
1750
1766
1618
1522
1588
1668
1600
1536
1476
1400
1392
1386
1440
1438
1438
1480
1488
1470
1384
1422
1406
1388
1466
1410
1380
1462
1560
1594
1630
1722
1780
1830
1824
1862
1800
1928
1932
2002
2034
2028
1986
2004
1968
1848
1876
1880
1810
1860
1912
1890
1894
1822
1818
1770
1798
1906
1892
1854
1856
1788
1836
1830
1856
1796
1702
1702
1656
1656
1714
1636
1668
1610
1566
1608
1654
1604
1586
1564
1510
1710
1722
1684
1568
1600
1596
1580
1552
1580
1632
1658
1542
1656
1662
1700
1700
1696
1730
1844
1864
1810
1822
1906
1900
1910
1854
1838
1830
1800
1830
1852
1864
1810
1774
1780
1658
1644
1660
1710
1742
1790
1780
1906
1936
1994
1984
1908
2032
2070
2126
2124
2108
2192
2126
2088
1982
1972
1918
2040
2086
2018
2060
1998
1898
1910
1960
1858
1810
1798
1748
1730
1758
1796
1794
1868
1876
1868
1946
2012
1986
2034
2022
1980
1988
2008
2024
2008
2046
2014
1932
1942
1938
1960
2028
2050
2018
1958
1850
1940
1958
1914
1854
1856
1748
1770
1904
1972
2000
1938
1928
1970
2052
2004
2070
2080
2122
2080
2054
1974
1976
1978
1976
1962
2024
2000
1962
1930
1818
1834
1902
1896
1840
1850
1860
1840
1752
1786
1810
1806
1662
1588
1606
1578
1534
1568
1624
1592
1686
1698
1696
1726
1668
1710
1752
1732
1780
1772
1798
1784
1672
1758
1728
1808
1882
1838
1778
1724
1698
1666
1748
1686
1746
1724
1804
1918
1932
1944
1950
1878
1884
1930
1968
1994
1958
1884
1816
1826
1940
1946
1888
1920
1938
1886
1854
1910
1862
1888
1898
1930
1866
1886
1952
1996
1956
1966
1982
1982
2004
1936
1954
1864
1774
1766
1740
1714
1716
1642
1786
1728
1770
1784
1738
1718
1656
1622
1528
1596
1574
1682
1620
1544
1554
1582
1622
1618
1782
1730
1774
1792
1726
1734
1730
1830
1856
1792
1788
1772
1780
1764
1812
1806
1706
1688
1678
1658
1702
1772
1790
1776
1688
1592
1646
1662
1634
1656
1618
1546
1534
1490
1500
1448
1350
1510
1518
1522
1430
1310
1254
1204
1194
1242
1212
1202
1190
1244
1214
1234
1252
1246
1278
1228
1316
1372
1430
1484
1366
1334
1230
1264
1294
1370
1338
1246
1260
1150
1256
1240
1288
1300
1272
1368
1324
1332
1280
1224
1090
1174
1118
1138
1126
1174
1198
1176
1268
1264
1278
1296
1278
1308
1374
1440
1392
1566
1586
1546
1450
1528
1494
1460
1476
1554
1644
1602
1526
1620
1608
1566
1696
1614
1626
1624
1750
1730
1734
1754
1794
1812
1824
1764
1794
1814
1786
1776
1864
1888
1808
1764
1768
1902
1934
1994
2006
1966
1932
1966
1954
1988
2020
1846
1890
1888
1972
2028
2038
1960
1880
1894
1790
1762
1884
1898
1964
1958
1918
1850
1870
1838
1814
1942
1922
1856
1836
1898
1850
1784
1772
1672
1630
1596
1508
1622
1730
1778
1768
1670
1638
1776
1690
1740
1906
1882
1856
1772
1830
1834
1804
1786
1744
1750
1746
1736
1688
1718
1736
1658
1578
1594
1572
1604
1602
1636
1646
1572
1590
1632
1660
1582
1524
1494
1486
1382
1414
1418
1296
1406
1452
1454
1382
1458
1500
1468
1388
1422
1506
1468
1514
1572
1566
1594
1506
1544
1514
1464
1434
1300
1370
1360
1334
1286
1302
1232
1258
1240
1290
1322
1218
1290
1266
1288
1374
1338
1368
1334
1272
1306
1334
1304
1282
1254
1330
1410
1454
1526
1518
1434
1458
1450
1426
1478
1450
1504
1566
1440
1354
1410
1414
1438
1346
1368
1322
1404
1412
1400
1396
1456
1502
1500
1430
1390
1482
1480
1486
1578
1486
1444
1430
1458
1448
1466
1532
1442
1580
1554
1514
1498
1426
1404
1320
1336
1340
1382
1386
1342
1406
1376
1386
1338
1330
1360
1386
1390
1486
1484
1494
1656
1596
1430
1404
1436
1430
1370
1380
1384
1374
1312
1438
1406
1352
1318
1296
1350
1348
1408
1452
1432
1470
1460
1466
1426
1504
1482
1492
1510
1446
1476
1426
1476
1570
1518
1542
1580
1612
1552
1538
1530
1538
1614
1682
1674
1686
1808
1774
1764
1782
1842
1882
1956
1980
1922
1976
1930
1962
1894
1816
1808
1914
1934
1934
2046
1986
1932
1946
1920
1952
1962
1944
1982
1970
1906
1948
2018
2066
2060
2080
2108
2058
2048
2040
2092
2172
2158
2200
2196
2130
2038
2020
1986
1922
1968
1984
1938
1832
1866
1886
1900
1928
1972
2030
2094
2060
2104
2104
2122
2204
2074
2148
2168
2270
2304
2424
2476
2486
2468
2396
2462
2484
2584
2518
2500
2486
2440
2430
2476
2508
2458
2384
2462
2484
2408
2536
2530
2604
2596
2516
2428
2444
2446
2440
2438
2484
2478
2390
2448
2452
2380
2350
2334
2462
2376
2352
2324
2282
2210
2242
2162
2144
2070
2010
2014
2070
2090
1984
2040
2044
2104
2124
2112
2120
2224
2230
2206
2254
2170
2106
2064
1986
1944
1894
1920
1950
1972
1934
1998
1962
1988
2024
2016
2000
2034
2030
2038
2062
2158
2162
2168
2168
2138
2154
2136
2200
2144
2108
2208
2242
2312
2250
2204
2230
2232
2318
2420
2414
2444
2482
2410
2352
2308
2236
2184
2212
2162
2198
2206
2268
2282
2272
2390
2412
2446
2420
2496
2470
2494
2570
2644
2560
2602
2502
2480
2386
2428
2338
2312
2228
2206
2158
2228
2290
2374
2370
2312
2366
2372
2348
2320
2348
2300
2306
2308
2264
2232
2292
2414
2364
2366
2412
2374
2288
2314
2216
2232
2174
2098
2096
2064
2162
2152
2254
2254
2230
2266
2238
2296
2302
2280
2304
2354
2392
2338
2348
2310
2242
2160
2172
2154
2208
2198
2160
2058
2048
2204
2248
2216
2262
2246
2162
2072
2126
2296
2398
2386
2296
2266
2252
2226
2314
2334
2304
2390
2418
2348
2268
2372
2284
2344
2428
2456
2458
2466
2406
2362
2324
2536
2496
2498
2478
2472
2426
2420
2394
2312
2286
2264
2238
2170
2186
2184
2258
2278
2242
2356
2348
2380
2430
2400
2296
2324
2322
2302
2318
2334
2346
2252
2274
2196
2184
2230
2264
2258
2302
2264
2256
2306
2258
2244
2228
2304
2296
2280
2376
2426
2414
2412
2432
2352
2386
2414
2550
2448
2504
2432
2442
2406
2464
2470
2374
2324
2296
2280
2258
2206
2218
2174
2198
2270
2282
2292
2272
2358
2314
2226
2268
2244
2290
2280
2358
2410
2424
2402
2354
2394
2380
2362
2346
2428
2540
2624
2692
2706
2692
2656
2622
2684
2708
2648
2622
2702
2668
2738
2688
2766
2684
2540
2498
2510
2566
2508
2482
2534
2544
2518
2550
2548
2534
2586
2586
2608
2644
2698
2730
2786
2752
2730
2696
2640
2710
2810
2818
2862
2900
3002
2948
2932
2908
2892
2838
2756
2784
2836
2848
2858
2888
2912
2894
2928
2892
2938
2988
2940
2998
3092
3024
2970
2940
2932
2832
2772
2826
2842
2796
2900
2864
2836
2868
2940
2958
2882
2922
2936
2952
2910
2912
2904
2982
2866
2970
2908
3026
2972
3064
3096
3104
3120
3082
3102
3100
3140
3196
3170
3082
3136
3034
3090
3076
3040
3080
3076
3122
3072
3190
3208
3204
3154
3162
3254
3252
3274
3296
3278
3254
3226
3204
3196
3264
3272
3272
3286
3366
3378
3370
3292
3284
3250
3154
3278
3260
3222
3216
3196
3196
3210
3186
3118
3054
3066
3084
3074
2902
2898
2854
2774
2780
2834
2946
2910
2962
2956
2898
2964
2894
2978
3014
3020
3114
3174
3090
3090
3020
3026
3090
3112
3132
3192
3166
3172
3112
3128
3078
3038
3010
3048
3114
3088
3112
3088
3086
3070
3064
3064
3012
2974
2978
2868
2832
2880
2902
2922
2924
3016
2956
2994
2976
2964
2948
2986
2976
2962
2958
3034
2984
3016
2998
2950
2962
2892
2916
2808
2770
2758
2734
2770
2670
2674
2678
2702
2674
2692
2788
2854
2890
2834
2818
2780
2724
2688
2680
2792
2744
2738
2698
2758
2762
2734
2808
2922
2842
2822
2862
2872
2894
2914
2928
2944
2978
2960
2970
2884
2928
2928
2866
2820
2922
2888
2906
2922
2940
2998
2976
2964
2860
2932
2822
2746
2692
2590
2596
2596
2688
2720
2762
2690
2744
2646
2698
2866
2778
2784
2720
2786
2790
2812
2822
2842
2860
2788
2780
2750
2820
2768
2822
2894
2886
2868
2912
2904
2890
2820
2872
2836
2824
2756
2864
2872
2880
2902
2840
2882
2866
2822
2788
2828
2772
2676
2704
2680
2654
2728
2738
2728
2802
2808
2890
3012
3000
2960
2896
2894
2920
2896
2918
2922
2956
2968
2930
2944
2954
2988
3026
3020
3028
3034
3130
3120
3068
3148
3078
3140
3082
3012
3016
2994
2988
3090
3114
