40
36
28
46
4
52
68
106
72
126
116
112
116
102
130
146
170
252
322
350
388
388
350
366
388
372
412
424
388
378
392
416
446
460
498
554
478
444
474
424
448
462
534
484
476
404
384
390
378
438
452
416
408
466
446
440
416
406
386
366
318
364
388
392
402
392
456
386
368
450
486
490
464
402
460
388
400
348
318
312
250
274
244
240
280
276
232
214
252
244
266
280
250
214
254
222
280
258
204
200
200
174
210
210
226
232
250
250
258
248
246
230
236
190
206
208
200
222
186
192
238
232
238
250
332
326
290
270
212
228
210
184
202
180
176
148
172
124
74
48
62
6
2
56
50
86
60
46
42
108
88
102
128
140
126
40
72
52
74
58
62
46
118
126
118
158
148
112
124
166
128
126
104
98
48
48
12
18
6
34
28
86
82
100
164
144
144
132
184
150
118
126
168
216
226
262
300
274
346
340
394
354
376
280
256
212
160
142
128
162
176
218
246
258
270
266
198
188
188
196
178
240
228
238
230
190
164
94
92
124
184
182
266
268
282
344
362
370
406
432
422
410
432
440
386
392
352
342
328
302
304
304
288
254
234
262
320
336
300
316
322
268
248
244
240
228
258
318
296
244
188
220
182
238
260
270
262
238
288
230
214
214
264
364
326
370
390
390
362
370
352
340
306
268
242
270
254
298
322
340
314
258
292
308
314
288
278
348
390
354
316
350
398
398
370
394
386
412
396
370
332
364
390
370
294
292
326
314
308
320
358
280
330
382
396
412
404
400
410
402
448
408
358
378
340
344
328
304
318
346
374
344
362
362
352
424
500
518
514
484
538
576
608
606
598
596
592
508
556
568
518
442
428
446
526
474
496
520
498
492
518
466
478
476
436
452
410
390
354
318
400
404
434
460
430
402
356
314
280
288
282
290
264
270
276
246
232
262
214
226
186
250
246
206
234
284
288
316
306
322
268
242
292
308
318
298
338
334
384
346
326
254
282
272
254
246
288
312
312
326
304
272
220
214
306
308
252
294
342
334
308
282
328
376
302
306
242
190
210
208
238
226
144
120
170
120
116
144
120
98
112
104
190
136
110
134
108
116
150
170
158
182
194
146
158
168
184
222
278
286
240
258
222
292
304
320
356
400
396
390
446
462
480
516
496
522
488
476
446
480
514
484
490
476
470
454
440
398
432
420
400
394
402
402
444
432
392
374
416
398
416
416
436
448
378
364
344
298
238
182
226
252
230
260
260
256
244
272
350
366
360
390
344
312
320
330
374
332
326
278
348
400
390
342
298
222
226
232
218
114
136
120
106
108
150
184
160
104
116
88
58
62
54
50
42
36
54
24
16
54
66
96
128
114
76
30
8
14
26
26
44
0
8
46
4
40
18
172
194
164
118
74
72
62
16
4
10
88
106
100
94
128
142
192
158
162
182
212
200
178
178
156
166
172
144
150
164
202
184
124
110
152
200
180
162
182
106
116
108
96
96
88
74
50
24
36
52
14
40
50
54
66
84
32
50
58
60
34
32
62
66
64
88
58
22
30
80
72
2
28
12
40
24
12
50
58
104
126
96
132
144
164
172
88
70
76
40
32
8
36
76
148
112
180
242
282
268
274
224
194
222
226
284
262
292
282
360
364
360
340
318
254
224
208
236
262
236
264
292
330
366
306
236
232
296
262
260
274
224
280
274
264
270
264
318
346
356
348
368
374
390
414
498
514
530
542
512
528
516
524
546
496
528
452
522
490
490
464
418
402
450
418
384
414
416
394
402
416
442
424
460
456
536
514
460
486
480
420
394
404
402
374
372
316
324
326
328
332
304
272
226
250
218
216
158
140
194
188
224
164
160
210
218
178
146
116
122
118
104
58
26
8
4
18
22
76
64
90
88
80
114
86
106
138
108
92
78
54
66
72
52
52
102
92
110
156
232
278
238
244
222
192
186
160
200
234
230
318
324
350
328
310
306
346
342
314
258
244
184
200
180
224
238
234
262
272
324
340
262
254
268
258
276
304
370
416
306
310
308
372
286
250
202
188
158
168
160
110
56
84
78
18
22
56
2
40
34
42
36
38
82
78
60
128
168
150
110
98
134
120
134
90
98
78
56
96
86
64
126
132
208
174
214
266
322
346
334
362
384
454
382
432
508
522
496
442
418
360
326
338
364
350
348
352
328
346
352
360
394
400
384
390
434
470
506
464
516
540
504
514
560
574
560
654
658
686
646
614
628
618
638
666
614
550
568
610
646
632
618
606
568
574
574
578
632
650
666
700
642
634
658
644
586
514
508
504
518
548
552
574
538
504
534
530
526
548
550
608
668
678
690
656
638
640
610
632
640
580
562
554
574
586
592
594
590
604
660
644
634
626
600
586
554
562
548
512
532
546
548
560
502
522
610
614
548
552
544
586
590
560
576
594
628
652
636
612
646
638
670
698
680
690
684
690
708
716
702
724
746
728
748
718
704
728
734
748
768
760
744
744
776
792
766
746
722
764
760
732
726
698
686
702
668
654
640
652
682
674
704
706
658
692
658
670
656
646
652
628
608
582
576
564
544
582
506
466
482
546
574
556
572
618
572
530
564
478
558
560
514
550
548
546
510
446
390
430
436
458
454
404
328
316
318
322
270
294
224
172
232
236
174
110
66
26
18
40
10
4
22
36
64
76
74
90
104
104
208
210
256
302
298
238
222
182
226
222
274
250
244
250
300
326
300
286
276
308
370
382
338
428
484
460
452
468
462
486
444
466
476
504
544
512
456
434
448
506
488
472
456
450
462
404
428
468
466
484
504
522
502
492
452
442
484
470
424
424
412
376
386
344
348
382
418
428
432
398
352
372
356
322
352
412
400
382
388
322
342
318
300
332
300
316
410
394
442
468
438
470
484
490
496
492
490
434
444
496
514
480
532
578
544
546
536
508
542
544
516
508
518
522
472
522
514
520
556
508
504
482
514
510
502
496
476
478
448
454
502
516
502
520
500
456
504
516
508
464
476
540
504
446
414
388
434
488
454
474
424
366
306
272
258
206
186
238
244
202
220
260
252
224
224
218
200
256
276
310
336
336
328
316
320
350
384
350
398
408
382
432
382
406
388
328
328
282
252
190
162
172
136
134
134
134
152
168
174
106
98
128
88
30
36
34
18
24
42
70
116
112
186
128
134
134
98
114
70
88
92
94
44
28
78
100
88
138
100
86
26
0
42
134
102
174
150
156
162
138
136
104
146
180
258
278
246
256
250
274
274
316
336
330
372
354
362
350
362
348
288
270
254
268
202
192
162
144
164
176
210
256
236
280
238
236
232
126
90
78
78
64
34
2
40
24
72
38
14
6
82
88
80
140
152
186
198
198
214
236
270
232
208
214
252
304
292
318
294
288
340
348
340
338
372
376
392
384
368
352
290
332
344
320
330
310
314
324
338
324
296
334
260
302
292
310
284
340
340
300
304
338
312
332
322
374
432
470
440
418
392
394
382
406
414
432
444
382
452
484
472
436
426
462
380
372
288
286
286
262
250
202
184
158
160
120
130
92
94
134
172
162
146
170
202
248
176
112
114
140
168
190
200
224
226
234
270
230
228
222
214
232
204
174
164
160
170
124
82
48
32
34
38
84
142
144
140
106
102
92
88
44
74
134
132
176
190
172
204
192
138
170
162
170
202
178
236
232
196
196
184
218
248
282
266
292
302
296
238
230
254
290
294
288
298
300
322
314
374
356
426
516
452
470
482
524
552
544
532
540
486
482
416
438
460
476
400
402
398
424
426
330
388
384
380
406
458
444
412
398
430
388
392
332
312
360
336
326
362
374
416
432
464
466
500
486
520
504
476
438
412
416
416
430
494
446
498
494
498
418
458
448
468
454
416
434
380
382
382
282
306
290
300
260
226
228
234
202
258
272
228
248
240
248
222
176
182
106
104
156
206
212
180
252
266
298
284
272
292
274
258
234
268
268
224
262
306
276
248
208
192
184
184
220
232
206
206
192
214
252
192
142
134
136
152
188
174
212
254
282
292
322
270
272
254
298
286
182
164
174
134
222
158
206
270
234
236
214
246
234
300
322
300
206
158
148
142
106
130
154
124
74
18
48
50
76
54
70
122
102
120
66
26
50
42
56
2
52
66
140
160
138
94
104
80
44
32
40
48
10
38
26
66
114
156
134
86
66
72
52
68
44
10
38
76
102
140
122
108
106
32
28
60
42
78
44
22
8
24
70
90
88
104
106
86
104
142
132
194
170
186
202
190
144
154
128
106
94
84
108
70
12
44
8
22
8
2
44
32
58
84
86
88
66
10
16
50
68
42
80
90
78
10
34
56
64
70
18
66
90
46
98
92
106
142
156
156
136
84
90
94
52
60
66
98
100
34
54
72
68
78
58
40
92
78
138
158
218
252
284
302
268
202
166
208
196
226
230
184
158
156
232
204
218
190
138
114
122
178
116
164
194
182
172
136
102
136
126
118
86
60
36
34
8
16
2
20
48
20
6
40
42
30
38
24
34
66
56
30
22
12
10
10
6
6
44
36
32
66
38
40
64
34
104
