1080
962
962
1078
1014
840
828
780
848
790
712
736
630
608
494
404
370
444
462
372
278
114
152
108
54
184
390
508
428
320
178
214
184
220
392
176
106
60
274
188
224
204
252
312
402
462
418
438
402
362
440
398
242
236
254
122
170
192
268
200
242
324
252
232
140
142
6
226
238
40
160
124
60
80
112
42
34
50
36
90
114
210
124
222
228
232
216
204
148
152
56
178
170
184
250
112
26
168
124
12
64
148
44
136
256
256
360
384
330
424
312
256
262
180
154
140
70
6
24
44
146
260
278
360
406
336
280
140
126
212
38
78
84
106
186
242
286
330
408
348
370
396
492
632
788
720
700
644
654
686
802
752
1022
836
788
702
822
786
732
644
648
428
538
642
690
576
572
380
374
348
364
424
428
312
374
206
174
200
256
274
376
482
384
380
368
350
506
360
268
162
140
188
170
204
124
60
84
190
224
130
168
142
248
326
322
50
170
52
66
40
202
308
136
168
322
126
138
100
88
128
26
26
100
106
34
8
8
58
270
348
308
208
248
292
336
442
356
426
592
610
664
802
774
784
912
824
634
494
348
156
324
184
24
70
130
110
240
328
170
176
128
292
134
24
28
4
70
36
30
182
212
254
306
202
70
42
18
8
114
266
204
92
84
108
6
92
208
342
306
376
440
494
364
210
112
366
400
270
464
508
562
488
614
466
596
636
728
770
728
904
934
1000
916
862
802
918
1004
1048
982
866
800
948
928
904
1040
956
888
1024
1072
1120
1066
1090
1322
1216
1024
1076
1114
1126
1030
1198
1038
996
868
804
800
892
936
872
1032
1050
1016
976
956
932
982
1026
936
738
708
588
346
252
278
192
176
260
200
186
112
44
22
22
2
30
90
30
6
50
100
52
20
24
148
342
370
438
402
358
146
16
128
158
56
146
160
404
256
358
376
266
426
510
528
494
426
478
582
676
626
638
670
680
714
702
868
834
814
974
868
732
576
440
418
514
646
636
664
490
558
582
724
774
782
906
1040
1016
1118
1144
1024
1044
1048
1052
1058
944
1046
1146
1076
1030
952
1096
1008
1002
1034
1048
952
970
908
808
680
648
562
562
558
682
622
636
384
232
136
162
198
286
382
220
198
404
484
486
302
210
272
222
36
94
84
28
84
220
222
302
372
388
594
772
528
586
610
428
558
454
292
442
664
694
570
464
412
538
470
464
440
306
350
296
302
332
342
320
334
316
164
216
114
152
194
112
90
120
40
220
186
118
124
54
80
86
224
138
222
310
330
422
396
586
526
592
722
596
570
622
590
596
506
452
570
550
528
552
554
510
554
744
692
660
672
644
548
592
554
706
560
752
766
884
748
740
712
682
638
682
556
448
496
522
522
462
576
504
490
384
258
154
120
224
350
414
538
422
494
512
510
492
498
462
322
200
228
404
322
330
504
458
612
608
690
886
832
868
964
912
894
932
912
896
808
648
530
572
446
354
346
360
408
394
340
342
306
334
384
426
316
208
210
202
246
470
552
514
528
738
806
646
600
616
594
678
494
578
658
702
630
638
652
708
642
522
464
506
572
604
532
604
672
630
664
670
748
656
738
972
922
1110
1072
904
858
854
850
834
828
926
936
1034
978
942
976
942
866
886
952
978
1000
1078
920
958
876
936
950
950
894
1010
1142
1240
1326
1412
1420
1430
1360
1212
1062
998
1062
1034
1044
1196
1216
1134
1224
1242
1258
1318
1420
1356
1376
1132
1206
1170
1006
932
1000
958
950
876
790
858
874
874
1004
860
890
892
812
884
1016
1000
936
872
984
1206
1278
1356
1380
1388
1424
1444
1482
1574
1474
1388
1302
1274
1244
1242
1276
1140
1096
1172
1104
1096
1112
1136
1048
1016
978
1122
816
858
898
788
798
906
986
1070
994
870
822
786
838
934
918
826
886
846
896
1070
954
838
804
692
732
618
642
654
746
778
682
794
692
726
628
600
678
460
464
594
478
580
574
760
802
792
786
690
770
868
854
840
928
800
804
636
424
594
754
764
704
800
758
788
996
1002
1012
892
928
868
866
802
950
1018
1086
1206
1198
1232
1156
1110
1018
986
872
868
936
978
1088
1120
1064
1050
946
978
1092
1126
958
956
1144
1068
1046
946
1116
1134
1018
1196
1140
1330
1220
1278
1326
1380
1434
1242
1168
1164
1232
1256
1360
1434
1514
1672
1782
1790
1780
1584
1576
1520
1708
1816
1808
1774
1634
1536
1624
1622
1574
1516
1418
1356
1400
1398
1602
1610
1472
1492
1636
1906
1822
1836
1742
1650
1684
1694
1746
1626
1600
1626
1548
1422
1414
1358
1276
1270
1290
1308
1206
1242
1234
1034
1080
1102
1102
972
1062
1088
920
978
1014
902
810
796
718
740
620
528
476
512
440
654
698
770
642
736
834
854
864
678
720
694
650
458
388
370
456
546
496
700
694
420
342
170
218
254
358
488
674
758
884
774
874
804
970
800
826
736
590
566
462
386
364
402
420
444
446
482
484
392
392
298
232
130
224
338
466
404
352
406
394
316
256
332
322
322
448
566
452
396
526
606
724
714
670
714
832
668
808
904
816
970
1210
1126
1040
1084
930
1064
1080
1252
1354
1418
1318
1308
1072
1130
1308
1288
1352
1296
1132
1286
1370
1464
1448
1410
1530
1458
1374
1292
1156
1254
1214
1164
1262
1188
1296
1588
1578
1606
1524
1520
1494
1412
1376
1314
1444
1412
1554
1258
1192
1254
1378
1162
1186
1222
1104
1130
1166
1032
1172
1038
988
1064
1092
1134
1264
1172
1130
1126
988
1136
1156
1242
1174
1246
1298
1202
1220
1278
1200
1122
1092
1064
1234
1222
1284
1240
1206
1026
848
846
866
904
928
958
974
952
1074
862
952
974
1012
1178
1316
1416
1240
1264
1144
1206
1160
1154
1214
1158
1186
1222
1214
868
820
1002
1134
1228
1240
1446
1294
1406
1398
1426
1406
1446
1486
1552
1628
1648
1836
1832
1916
1776
1892
1866
1858
1824
1834
1734
1770
1588
1514
1496
1520
1554
1670
1646
1642
1456
1478
1322
1436
1466
1396
1468
1380
1294
1236
1346
1474
1534
1504
1636
1658
1786
1934
2030
2040
2180
2138
2166
2176
2212
2202
2286
2258
2322
2354
2448
2342
2296
2280
2104
2030
2060
2264
2258
2238
2460
2426
2308
2168
2324
2286
2206
2282
2234
2130
2356
2416
2372
2496
2532
2534
2446
2488
2294
2220
2180
2218
2156
2182
2136
2144
1958
1978
2066
2148
2100
2050
2186
2218
2246
2064
2174
2392
2192
2232
2218
2306
2472
2550
2462
2544
2520
2342
2296
2242
2322
2364
2210
2230
2108
2248
2268
2292
2362
2344
2278
2310
2440
2408
2486
2514
2368
2304
2272
2274
2302
2340
2298
2224
2242
2274
2526
2540
2598
2500
2310
2286
2286
2144
2400
2430
2356
2246
2352
2480
2458
2452
2536
2560
2474
2328
2374
2398
2312
2392
2286
2428
2312
2136
2202
2274
2344
2482
2352
2368
2332
2170
2300
2188
2240
2326
2422
2322
2352
2356
2272
2172
2278
2298
2402
2176
2262
2248
2130
2148
2102
1932
1932
1844
1658
1658
1598
1650
1612
1638
1608
1712
1732
1686
1628
1684
1770
1998
1920
2030
2048
2194
2144
2258
2380
2374
2370
2486
2490
2490
2478
2520
2646
2750
2614
2566
2510
2566
2534
2538
2516
2506
2346
2156
2040
2060
2174
2182
1994
1958
1826
1972
2034
2062
2094
2054
2088
2002
2062
2132
2134
2188
2128
2276
2252
2236
2216
2234
2374
2322
2442
2562
2672
2632
2706
2858
2908
2854
2864
2774
2660
2766
2596
2922
2936
2860
2902
3032
3026
3144
3274
3402
3324
3282
3122
2950
3108
3180
3198
3278
3412
3348
3532
3626
3628
3652
3808
3866
3974
3968
3910
3912
3796
3776
3854
3732
3850
3818
3926
4052
4102
4102
4124
4156
4120
4084
4124
4200
4182
4216
4116
4074
4176
4172
4140
4210
4140
4142
4172
4230
4056
4098
4022
3832
3744
3802
3832
3868
3808
3920
3928
3856
3862
3842
3756
3842
3942
4084
4038
3904
3806
3672
3648
3678
3812
3762
3764
3732
3754
3808
3634
3760
3724
3808
3806
3776
3708
3690
3644
3530
3490
3458
3734
3674
3790
3714
3638
3728
3576
3716
3660
3640
3674
3830
3852
3766
3864
3780
3854
3766
3882
3996
3968
3912
3878
3752
3702
3758
3746
3604
3468
3398
3380
3422
3242
3400
3328
3430
3362
3414
3426
3638
3866
3774
3766
3678
3686
3716
3584
3392
3536
3578
3464
3526
3526
3488
3372
3250
3272
3204
3304
3332
3212
3288
3212
3164
3270
3250
3264
3270
3360
3364
3242
3300
3374
3242
3344
3408
3334
3388
3418
3514
3384
3290
3230
3234
3226
3346
3294
3328
3396
3376
3434
3534
3722
3694
3672
3544
3644
3706
3848
3882
3860
3806
3856
3940
3970
3878
3820
3684
3802
3598
3616
3618
3558
3664
3508
3548
3496
3480
3410
3652
3580
3662
3766
3742
3804
3920
4088
4002
3944
4044
4116
4068
3854
3864
3868
3898
3874
4020
4134
4330
4262
4150
4196
4234
4066
4064
3918
3804
3708
3844
3916
3930
4066
4264
4144
3970
3988
3950
4004
3978
3922
4036
4126
4224
4224
4128
4030
4018
4140
4080
3876
3910
3834
3904
3794
3760
3674
3620
3648
3586
3682
3626
3826
3742
3856
4010
4174
4184
4080
3964
3904
3934
3954
3946
4128
4226
4138
4148
4332
4272
4402
4282
4250
4274
4400
4288
4270
4234
4216
4272
4206
4212
4130
4090
4002
3930
3976
4008
4116
4256
4166
4258
4236
4084
4286
4416
4298
4158
4216
4274
4076
4048
4064
4080
4062
4136
4048
4112
4052
4000
3998
3972
3946
3968
3914
3826
3894
3794
3768
3684
3650
3654
3502
3554
3456
3468
3532
3420
3424
3396
3364
3394
3374
3408
3300
3270
3390
3336
3378
3150
3152
3102
3106
3020
3020
3010
2964
2952
3094
2990
2966
2820
2826
2774
2906
2930
2846
2832
2760
2916
2786
2746
2752
2576
2558
2542
2548
2468
2356
2472
2496
2454
2538
2470
2408
2686
2594
2600
2696
2740
2566
2612
2650
2704
2850
2882
2846
2858
2994
3076
3134
3032
2978
2840
2810
2810
2772
2624
2482
2374
2494
2564
2528
2600
2520
2632
2626
2702
2664
2538
2530
2556
2610
2628
2552
2518
2490
2656
2538
2500
2424
2422
2322
2364
2322
2226
2386
2348
2236
2310
2216
2524
2530
2586
2554
2494
2536
2550
2728
2656
2418
2266
2294
2176
2192
2316
2142
2158
2196
1998
2150
1970
1920
1902
1924
1958
1922
1988
2014
1822
1836
1896
1954
1944
2038
1916
1956
1748
1740
1562
1564
1748
1814
1904
1808
1762
1580
1584
1532
1478
1586
1568
1384
1548
1548
1444
1404
1402
1556
1636
1646
1634
1818
1938
2020
2032
2032
2142
1892
1996
1842
1850
1860
1754
1770
1760
1788
1734
1624
1672
1698
1710
1750
1930
1744
