2906
2892
2948
2954
2946
2986
2880
2848
2970
3020
2968
3018
2976
2946
2974
2936
2966
2962
3020
3058
3062
3028
3030
3074
3066
3054
3162
3196
3204
3278
3288
3310
3378
3384
3372
3392
3380
3316
3372
3362
3322
3192
3166
3108
3148
3142
3124
3138
3070
3136
3136
3192
3190
3186
3156
3130
3170
3206
3106
3122
3146
3198
3232
3258
3178
3212
3248
3196
3222
3214
3192
3184
3154
3120
3126
3066
3076
3074
3078
3138
3174
3164
3102
3124
3056
3142
3100
3142
3174
3044
3176
3188
3118
3030
3036
2976
3014
3078
3072
2964
2952
2896
2886
2924
2902
2944
3000
3020
3060
3120
3070
3120
3124
3136
3196
3142
3142
3122
3066
3018
2980
2986
2964
2892
2914
2938
2914
2936
2926
3012
3010
3024
2998
2970
2922
2954
2910
2970
3036
3072
3048
3070
3142
3194
3144
3204
3110
2986
2942
2910
2990
2902
2866
2820
2904
2900
2942
2864
2840
2952
3018
3064
3048
3066
3078
3024
3062
3028
2964
2882
2960
2904
3000
3094
3098
3118
3112
3150
3202
3144
3162
3068
2972
2932
2956
2944
2972
2938
2980
2992
2980
3036
3100
3114
3152
3126
3132
3136
3170
3242
3192
3148
3176
3280
3274
3232
3186
3248
3214
3134
3140
3024
3010
3040
3056
3078
3214
3246
3218
3240
3294
3298
3302
3290
3276
3222
3216
3210
3164
3242
3186
3214
3170
3130
3182
3266
3200
3224
3176
3078
3084
3128
3150
3158
3064
3100
3150
3160
3178
3170
3162
3178
3176
3168
3100
3132
3140
3096
3092
3080
2994
2924
2992
3040
3094
3148
3138
3110
3120
3138
3154
3226
3238
3270
3238
3340
3232
3242
3262
3240
3232
3336
3262
3288
3300
3248
3294
3244
3192
3242
3300
3262
3182
3248
3344
3374
3394
3390
3348
3362
3222
3320
3342
3358
3368
3400
3284
3262
3288
3252
3252
3274
3258
3296
3256
3162
3146
3212
3218
3190
3202
3270
3232
3148
3100
3174
3134
3162
3174
3264
3298
3250
3306
3286
3382
3392
3324
3334
3338
3322
3330
3368
3358
3336
3260
3188
3154
3214
3102
3130
3182
3152
3162
3178
3158
3110
3078
3090
3116
3046
2982
3008
2972
2964
2976
3012
3026
3004
2914
2896
2904
2890
2884
2836
2858
2830
2782
2700
2736
2816
2790
2780
2738
2714
2684
2738
2708
2740
2658
2682
2690
2580
2640
2640
2784
2806
2806
2772
2794
2788
2792
2800
2766
2776
2818
2840
2800
2842
2798
2844
2820
2914
2916
2872
2926
3030
3008
3064
3110
3118
3114
3122
3122
3086
3052
3014
3018
3050
3144
3124
3022
2952
2912
2998
2926
2938
2976
2992
2972
2940
2882
2848
2890
2906
2904
2890
2904
2946
2950
3000
2944
2950
2910
2962
2992
2908
2918
2908
2892
2850
2864
2898
2910
2984
2974
3018
3048
2986
2972
2922
2900
2868
2768
2800
2788
2772
2680
2692
2732
2826
2876
2820
2984
3002
2910
2866
2922
2984
2904
2990
2950
3030
3054
3064
3126
3132
3192
3176
3190
3210
3118
3098
3126
3080
3132
3116
3148
3130
3148
3106
3094
3114
3140
3172
3170
3138
3252
3236
3224
3114
3110
3074
3066
3078
3142
3186
3178
3244
3308
3326
3300
3252
3232
3242
3254
3218
3248
3302
3330
3302
3310
3268
3228
3234
3284
3246
3212
3286
3252
3154
3234
3216
3262
3290
3338
3324
3388
3418
3412
3366
3344
3392
3364
3362
3316
3300
3328
3376
3380
3364
3400
3366
3366
3328
3382
3368
3400
3462
3456
3434
3410
3410
3374
3284
3304
3258
3362
3338
3260
3314
3272
3222
3254
3342
3250
3198
3174
3136
3166
3146
3172
3168
3154
3188
3252
3106
3060
3078
3078
3034
3050
3028
2992
3022
3088
3142
3126
3134
3136
3158
3118
3070
3024
3048
3070
3066
3122
3124
3218
3248
3240
3266
3246
3282
3280
3280
3280
3236
3180
3258
3240
3218
3162
3158
3228
3306
3256
3278
3248
3244
3182
3084
3072
3020
3020
3156
3106
3128
3134
3132
3122
3090
3116
3024
3142
3162
3254
3258
3228
3164
3116
3064
3074
3076
3118
3142
3230
3270
3242
3278
3236
3272
3196
3204
3188
3164
3134
3150
3090
2998
3006
3078
3072
3156
3190
3242
3268
3274
3204
3190
3256
3214
3204
3252
3168
3166
3124
3138
3162
3164
3142
3174
3142
3132
3086
3078
3168
3168
3206
3140
3160
3210
3180
3242
3328
3302
3402
3334
3360
3396
3346
3366
3294
3304
3322
3262
3304
3278
3346
3352
3280
3322
3376
3302
3302
3308
3280
3348
3368
3400
3372
3432
3408
3338
3270
3226
3220
3204
3268
3228
3242
3262
3316
3178
3180
3154
3164
3092
3022
3000
2978
2982
3024
3046
3060
3096
3036
3094
3154
3206
3252
3360
3352
3412
3446
3398
3316
3204
3146
3126
3098
3102
3192
3106
3040
3000
3004
2974
3110
3200
3138
3120
3160
3278
3328
3386
3384
3330
3334
3336
3330
3340
3270
3258
3242
3308
3388
3446
3426
3474
3408
3422
3508
3436
3452
3384
3320
3306
3380
3374
3352
3396
3294
3242
3288
3274
3302
3384
3362
3386
3304
3246
3304
3352
3368
3348
3352
3334
3350
3282
3390
3434
3422
3374
3348
3446
3460
3414
3426
3396
3346
3480
3480
3450
3376
3382
3382
3358
3402
3380
3390
3404
3356
3328
3288
3274
3318
3318
3308
3320
3316
3374
3362
3320
3324
3356
3338
3300
3286
3346
3346
3332
3238
3238
3356
3338
3428
3380
3414
3460
3360
3424
3408
3394
3466
3444
3438
3422
3406
3392
3374
3380
3426
3340
3344
3294
3314
3314
3300
3400
3414
3332
3264
3198
3288
3358
3258
3268
3228
3294
3358
3402
3392
3340
3306
3266
3258
3212
3180
3208
3208
3144
3114
3234
3280
3258
3246
3324
3230
3230
3272
3308
3300
3326
3322
3342
3400
3402
3396
3410
3426
3322
3230
3264
3266
3302
3290
3306
3370
3312
3354
3378
3450
3450
3438
3392
3408
3436
3422
3380
3396
3328
3346
3274
3304
3250
3174
3088
3060
3076
3078
3062
2994
3004
3056
3020
3028
3060
3062
2980
2908
2830
2904
2940
2908
2910
2866
2924
2962
2890
2966
2974
2878
2962
2974
2982
3034
3046
3054
3000
3130
3126
3094
3038
2978
2936
2964
3054
3120
3074
3098
3130
3024
3000
2994
3004
3010
3026
3116
3114
3094
3150
3148
3148
3148
3120
3038
3038
3100
3100
3054
3064
3104
3156
3188
3146
3138
3120
3080
3114
3090
3098
3064
3110
3008
2970
2992
2942
2936
2906
2926
2894
2804
2846
2886
2856
2898
3032
2942
2984
3014
3110
3154
3194
3180
3092
3102
3042
3132
3154
3110
3144
3186
3130
3104
3214
3234
3198
3164
3114
3088
3108
3128
3050
3030
2970
2984
3062
3052
3024
2898
2868
2944
3032
3010
2938
2980
2926
2918
2968
3000
2926
2940
3038
3078
3040
2990
2970
2880
2882
2886
2938
2920
2964
2926
2938
2866
2894
2904
2852
2904
2966
3012
2992
3022
2940
2956
2992
2920
3056
3024
3010
2990
2996
2944
2904
3006
2942
3020
3110
3122
3112
3126
3188
3156
3174
3242
3182
3242
3234
3194
3230
3170
3186
3154
3122
3104
3156
3188
3168
3216
3242
3254
3224
3230
3152
3134
3128
3146
3116
3108
3092
3100
3064
3040
3090
3136
3186
3130
3106
3108
3094
3158
3094
3092
3088
3090
3134
3110
3102
3076
3042
3112
3152
3232
3230
3248
3408
3360
3346
3368
3290
3268
3344
3310
3294
3282
3222
3154
3172
3172
3186
3248
3302
3298
3350
3438
3476
3550
3506
3484
3532
3536
3536
3456
3464
3510
3516
3482
3472
3514
3492
3484
3466
3512
3558
3444
3458
3384
3438
3436
3422
3384
3478
3454
3506
3540
3458
3364
3378
3386
3282
3328
3430
3444
3370
3372
3294
3364
3320
3372
3428
3352
3428
3424
3312
3406
3424
3416
3390
3248
3262
3252
3208
3190
3228
3232
3134
3182
3074
3076
3084
3022
2968
2998
3028
3122
3204
3184
3188
3162
3188
3202
3276
3232
3242
3210
3298
3280
3234
3242
3188
3206
3250
3178
3186
3168
3118
3060
3074
3104
3118
3130
3130
3110
3028
3060
3084
3088
3106
3036
3006
3044
3064
3128
3146
3210
3152
3166
3158
3200
3244
3228
3290
3248
3260
3296
3276
3294
3188
3198
3108
3160
3202
3174
3206
3276
3344
3342
3328
3288
3348
3336
3310
3282
3270
3222
3300
3290
3280
3286
3348
3408
3472
3432
3392
3380
3398
3354
3436
3394
3372
3458
3356
3390
3356
3316
3260
3280
3226
3268
3284
3248
3266
3234
3178
3186
3204
3222
3274
3288
3238
3280
3308
3340
3346
3308
3242
3218
3202
3228
3206
3278
3404
3420
3378
3282
3264
3148
3134
3210
3238
3274
3236
3248
3224
3350
3384
3374
3308
3256
3266
3152
3212
3340
3340
3276
3262
3190
3148
3200
3162
3198
3142
3096
3140
3128
3088
3088
3014
3076
3040
2990
2996
3048
3082
3062
3022
3038
2990
3008
2940
3040
3056
3004
2924
2948
2918
2960
2988
2882
2982
2876
2878
2938
2986
3004
3050
3098
3112
3134
3150
3138
3120
3114
3172
3188
3208
3198
3258
3250
3322
3332
3322
3310
3312
3232
3232
3182
3248
3324
3320
3308
3306
3304
3326
3278
3300
3290
3292
3242
3186
3156
3204
3166
3156
3166
3276
3316
3228
3172
3090
3100
3186
2986
2894
2984
2936
3004
2928
2948
3032
2944
2970
2940
3046
3076
3012
3016
2980
3010
3008
3058
3010
2988
3034
3042
3008
2994
2994
3018
3044
3090
3098
3148
3176
3102
3094
3140
3244
3234
3246
3246
3180
3226
3142
3126
3180
3068
3120
3160
3170
3136
3108
3128
3138
3082
3124
3152
3140
3196
3246
3242
3238
3238
3290
3314
3264
3316
3328
3290
3262
3298
3318
3336
3304
3370
3340
3366
3346
3324
3382
3334
3286
3216
3332
3408
3400
3414
3426
3460
3464
3328
3332
3238
3298
3346
3400
3402
3366
3284
3238
3202
3222
3320
3274
3302
3336
3306
3308
3272
3226
3182
3266
3266
3256
3304
3236
3228
3218
3190
3216
3200
3204
3246
3298
3326
3300
3348
3392
3408
3388
3406
3490
3410
3392
3376
3392
3386
3408
3412
3288
3312
3358
3386
3376
3354
3344
3268
3358
3290
3296
3362
3422
3500
3394
3388
3376
3454
3414
3434
3396
3336
3288
3218
3224
3280
3302
3302
3342
3348
3368
3302
3358
3290
3332
3320
3350
3286
3170
3218
3268
3306
3410
3404
3412
3366
3350
3340
3414
3446
3432
3424
3396
3388
3392
3386
3396
3388
3384
3446
3456
3518
3484
3502
3496
3476
3516
3438
3462
3478
3470
3426
3470
3424
3416
3374
3392
3436
3410
3356
3346
3290
3248
3222
3254
3260
3272
3266
3238
3264
3256
3282
3238
3244
3280
3356
3330
3268
3262
3252
3248
3288
3326
3282
3350
3270
3346
3298
3320
3370
3302
3302
3400
3352
3314
3322
3284
3302
3276
3250
3264
3218
3284
3268
3344
3380
3394
3318
3362
3362
3302
3342
3320
3394
3480
3430
3392
3406
3356
3318
3304
3308
3268
3220
3184
3178
3144
3122
3128
3210
3292
3272
3284
3274
3182
3250
3234
3264
3332
3324
3286
3362
3274
3250
3196
3190
3134
3100
3066
3156
3192
3118
3122
3108
3086
3058
3074
3152
3130
3186
3174
3166
3070
3062
3136
3192
3224
3272
3294
3318
3246
3296
3298
3182
3222
3190
3104
3042
2968
2886
2878
2836
2796
2760
2764
2788
2808
2860
3008
2998
2944
2946
2910
2902
3056
3102
3118
3142
3122
3166
3126
3084
3070
3028
3054
3116
3190
3178
3148
3088
3036
3036
3142
3234
3258
3252
3252
3238
3294
3304
3282
3192
3186
3330
3312
3266
3258
3268
3240
3264
3258
3198
3224
3212
3182
3180
3190
3198
3250
3266
3246
3224
3216
3184
3220
3214
3284
3294
3274
3258
3268
3334
3320
3360
3348
3402
3436
3448
3436
3434
3412
3402
3388
3324
3320
3336
3406
3438
3348
3342
3266
3292
3236
3218
3224
3334
3320
3260
3248
3332
3330
3350
3326
3370
3434
3394
3410
3456
3546
3444
3464
3462
3516
3478
3428
3446
3364
3388
3328
3308
3368
3368
3420
3370
3290
3266
3286
3236
3202
