674
690
658
638
686
668
682
634
656
632
610
570
578
582
586
578
562
540
542
544
604
578
622
612
692
686
646
638
634
656
714
714
740
704
710
672
694
734
738
786
792
788
786
770
780
760
798
796
762
760
740
790
802
778
766
764
758
764
740
714
748
766
760
770
744
716
722
742
714
708
694
678
688
662
640
592
574
566
536
538
588
580
572
560
566
534
566
554
548
550
550
542
544
476
466
528
592
546
596
526
570
546
564
626
614
664
660
750
742
726
762
722
730
726
736
724
708
698
696
706
682
704
696
702
698
650
654
676
634
692
684
708
644
664
614
652
566
550
538
510
484
494
500
454
534
520
504
400
370
354
334
326
346
386
406
402
354
312
268
272
242
266
250
266
316
336
358
298
240
298
260
198
206
216
242
242
224
240
268
272
252
274
270
252
254
248
290
236
286
200
174
196
184
172
202
252
148
122
132
160
186
182
136
118
128
130
100
50
20
20
18
30
82
84
68
52
82
78
68
40
10
46
6
44
14
34
8
4
10
46
14
22
10
40
66
68
42
12
12
98
66
100
96
90
96
98
82
80
20
42
54
92
120
126
114
102
128
96
96
92
106
140
182
176
210
216
170
192
170
150
108
146
118
128
102
128
172
142
172
186
178
180
178
218
224
194
250
224
222
240
280
272
254
290
276
268
292
320
298
280
216
284
256
256
270
244
264
228
244
178
134
104
124
112
114
58
32
40
50
44
68
70
90
94
106
106
138
132
124
216
208
244
214
222
242
242
218
260
250
230
196
120
80
78
72
40
22
24
4
30
4
20
36
38
14
28
32
26
52
14
46
50
24
24
14
6
62
36
12
12
96
64
72
140
128
110
82
74
70
72
58
42
80
58
18
48
40
6
40
0
48
68
30
2
28
70
18
36
44
60
46
84
102
56
84
90
76
64
10
14
14
10
34
20
28
34
56
74
144
158
112
128
136
96
92
128
140
170
216
242
184
194
184
192
208
230
252
298
218
210
208
216
184
212
208
282
300
314
302
304
262
302
374
370
430
416
416
430
476
454
430
444
434
390
420
416
390
372
326
320
282
316
346
348
378
366
394
344
376
390
448
414
494
522
524
488
484
534
558
546
540
522
530
552
556
500
510
506
452
442
414
376
344
342
352
374
392
370
364
396
432
432
382
400
386
382
362
340
320
272
232
246
296
330
304
260
240
248
258
236
232
260
250
286
282
320
312
298
344
370
358
402
404
412
388
404
400
344
340
366
372
370
376
320
362
332
380
382
402
350
400
388
410
442
444
428
414
394
380
364
368
370
364
354
378
384
356
296
300
310
314
352
352
366
360
344
336
312
330
314
318
310
398
384
366
410
384
396
406
424
392
358
336
354
362
362
328
334
318
320
304
314
322
322
406
420
386
348
368
386
278
274
304
304
296
322
294
322
298
314
266
314
288
302
282
282
288
326
350
388
426
366
372
412
418
404
432
518
500
474
472
528
534
552
606
602
582
624
646
640
614
590
582
584
562
556
532
460
460
478
534
542
574
586
550
532
528
558
520
546
568
554
508
518
544
520
598
580
542
560
554
578
572
566
548
556
566
562
510
524
536
520
528
510
470
454
452
456
434
450
442
432
480
460
436
444
376
348
350
344
328
308
336
334
344
364
332
378
376
374
442
408
460
452
424
464
514
506
490
494
518
508
496
516
552
538
504
490
496
496
476
508
530
522
514
500
426
408
394
388
336
352
328
324
368
410
394
408
380
344
400
372
416
396
382
352
420
368
354
344
414
430
410
400
358
386
394
416
434
416
490
428
430
426
388
420
398
380
424
438
452
436
520
554
518
516
502
564
606
588
550
562
548
536
538
530
528
518
512
514
518
554
524
464
450
486
516
538
566
536
516
492
488
444
446
462
486
494
488
530
522
556
550
552
542
504
486
488
508
524
480
484
442
468
468
460
452
402
392
368
342
334
246
318
368
394
452
448
432
410
424
434
404
406
376
340
360
302
276
282
246
254
248
216
196
222
202
202
152
142
156
158
194
178
128
164
140
114
88
90
58
108
144
208
200
288
258
266
272
220
216
234
230
248
298
274
230
216
250
318
330
314
362
352
348
450
492
444
432
446
408
402
364
424
362
338
352
366
406
362
366
382
356
360
336
316
316
306
310
350
338
290
328
320
332
306
292
290
330
326
390
400
364
358
362
362
372
412
454
454
474
392
324
306
368
322
324
314
332
314
286
280
354
398
396
350
346
340
298
316
302
356
358
318
330
384
406
408
444
446
430
450
426
436
470
446
396
440
476
458
418
420
428
462
472
456
406
402
366
368
406
390
382
408
382
332
324
324
290
246
256
308
264
272
212
232
204
186
224
230
240
234
218
196
146
114
150
186
158
200
218
164
146
138
170
168
180
180
168
144
158
144
164
204
172
172
252
244
224
212
138
158
128
90
98
128
112
138
164
170
174
146
142
136
112
138
138
154
182
126
118
90
120
166
186
174
186
178
152
80
16
0
28
58
72
16
38
36
98
162
182
192
218
218
220
230
236
224
210
226
162
206
214
210
212
260
260
224
128
106
100
118
180
206
220
214
208
230
216
238
254
294
300
296
358
338
366
388
384
404
370
298
290
282
262
320
278
318
386
426
506
536
540
568
620
604
604
548
576
598
584
574
574
550
564
526
516
476
520
522
510
532
526
564
552
558
570
596
534
514
500
574
616
596
610
594
642
604
556
552
534
506
540
590
584
558
534
514
484
460
476
414
424
436
448
432
448
400
400
430
436
424
434
464
396
422
438
430
442
406
368
380
410
386
380
384
450
462
458
480
458
496
482
506
480
430
430
470
470
492
466
456
400
410
420
434
370
396
458
420
390
328
276
312
352
342
284
286
268
280
254
246
252
284
316
306
336
342
270
234
270
266
274
284
258
224
192
220
300
318
344
386
400
376
374
416
380
374
366
332
364
366
372
362
396
454
478
474
416
408
402
354
370
400
444
486
488
490
498
498
470
506
510
508
518
496
486
498
492
472
542
564
612
610
648
626
614
600
648
612
572
594
596
598
624
650
652
646
652
668
630
630
632
584
628
642
634
660
646
624
586
634
624
610
670
628
632
666
674
720
748
678
632
606
658
622
618
616
580
624
610
626
584
610
564
570
550
610
650
600
644
650
614
642
614
592
598
596
584
604
576
562
572
576
570
580
536
594
580
582
582
594
590
568
532
546
568
504
550
548
592
550
534
554
600
550
542
508
514
566
558
556
524
544
588
572
552
562
572
540
540
496
542
488
496
470
442
446
422
452
424
432
446
426
412
388
382
388
388
422
420
414
450
446
400
398
402
424
392
374
364
312
278
310
308
328
320
300
278
328
352
302
340
312
334
350
340
338
338
420
404
422
482
488
466
518
492
494
518
570
598
582
590
616
652
646
598
598
602
648
622
630
704
702
730
724
718
738
730
704
738
732
686
614
620
602
622
618
606
580
578
578
610
638
664
690
640
642
730
686
636
594
586
564
526
538
518
516
548
542
562
534
590
586
596
604
526
564
578
594
592
622
560
634
654
688
630
648
610
616
630
624
632
588
606
600
556
576
566
550
570
560
576
550
510
510
504
532
568
586
616
638
614
638
660
654
638
576
526
568
592
596
574
556
552
550
508
480
508
534
510
554
526
516
492
464
486
504
518
522
510
494
516
474
464
468
380
368
326
336
292
282
272
288
292
262
198
208
222
216
244
210
224
232
188
170
94
80
90
134
144
154
174
212
240
222
256
282
274
304
304
290
312
280
288
308
252
266
238
268
284
238
302
264
250
214
180
152
198
188
192
160
238
244
300
300
282
336
356
332
298
288
288
268
332
304
294
320
312
310
288
304
274
274
310
362
392
392
414
388
360
348
368
380
340
310
270
218
268
274
220
242
224
206
198
168
144
162
206
180
210
144
124
102
150
150
220
292
258
264
236
186
196
246
298
270
246
236
246
246
266
220
190
134
126
82
92
60
6
8
66
14
4
16
38
96
124
90
126
102
108
134
108
78
66
72
86
66
84
24
46
4
50
84
80
42
48
40
90
82
52
76
146
192
174
216
164
90
100
76
66
80
108
132
122
78
40
44
34
44
64
72
102
50
0
4
56
62
76
36
24
70
70
70
44
72
94
54
12
20
48
78
68
86
66
70
88
78
52
76
28
66
60
68
34
94
84
90
68
16
40
28
0
18
32
12
66
90
142
140
126
66
50
42
40
48
68
36
36
80
54
18
56
54
96
124
102
94
92
108
146
108
96
96
74
56
86
92
70
68
56
10
26
30
10
22
50
44
40
38
84
58
46
40
44
106
96
96
80
108
150
116
114
120
210
202
176
146
182
214
176
108
58
30
6
12
18
46
64
128
108
94
148
154
174
184
202
180
236
194
228
248
248
256
210
232
256
326
336
316
370
360
322
286
304
326
306
296
288
292
292
290
338
302
256
274
212
188
196
208
186
134
160
220
208
210
198
198
174
182
148
154
156
154
132
118
118
94
68
46
46
88
92
86
90
130
178
212
236
268
