394
388
332
372
352
376
396
348
310
266
252
292
318
358
408
404
424
392
364
402
406
448
470
442
410
444
490
434
430
438
464
412
426
418
372
346
390
426
404
398
422
436
436
428
484
486
456
442
422
446
434
398
384
384
438
426
416
458
462
496
534
522
546
504
476
412
314
330
358
386
420
450
472
536
498
490
500
492
502
480
478
476
492
418
374
348
298
288
320
290
282
266
298
320
364
354
324
342
354
316
294
254
278
300
258
288
246
278
274
400
470
430
384
444
442
440
410
434
348
302
238
206
172
164
162
156
152
128
122
116
78
44
58
26
70
136
94
98
118
120
122
100
82
102
98
136
94
116
174
148
174
236
200
200
198
176
172
208
152
154
154
110
114
132
136
186
190
158
212
190
184
206
214
194
192
160
206
200
246
236
190
184
184
194
234
230
262
226
248
218
292
262
286
260
242
272
200
164
220
160
204
152
136
166
166
192
200
208
240
230
254
224
280
230
238
262
240
194
218
244
266
216
230
270
186
200
220
190
166
148
210
222
194
200
140
132
168
176
186
230
176
270
288
304
308
288
254
228
196
248
248
236
170
212
232
208
242
260
274
250
290
282
306
284
292
270
258
280
306
306
278
324
298
304
288
262
266
260
282
258
192
214
182
220
182
218
244
250
220
186
158
180
124
84
104
56
18
84
68
68
60
12
32
50
106
132
138
114
168
238
264
256
232
228
278
258
218
264
186
186
232
174
176
168
182
250
194
188
176
150
162
158
188
284
256
246
258
254
292
230
258
236
270
280
280
232
220
174
154
158
216
222
220
230
206
222
184
242
232
224
178
174
198
170
212
228
252
256
262
256
272
310
308
302
260
258
304
328
238
220
248
296
272
290
306
332
408
378
368
444
500
458
454
474
528
490
434
420
452
474
496
510
492
448
440
406
380
406
450
494
468
412
358
362
404
440
480
484
490
456
472
478
474
468
492
504
498
462
532
526
486
534
504
494
486
458
426
422
436
392
450
440
454
486
518
540
528
522
552
592
544
550
526
466
474
506
466
428
406
314
346
350
364
390
376
380
382
380
342
400
394
362
340
270
232
234
194
230
208
232
200
178
174
164
156
114
196
204
196
224
216
198
168
98
62
130
148
158
160
146
98
92
114
68
88
84
114
128
138
150
146
82
82
56
76
122
92
20
34
44
96
84
34
18
58
92
116
136
52
148
160
108
72
54
18
46
106
78
46
34
30
20
54
70
76
116
96
148
142
204
208
234
198
202
224
218
200
172
132
110
150
164
206
262
322
316
344
340
332
294
266
212
166
134
84
86
62
54
64
94
78
60
38
22
52
94
110
98
80
88
82
66
20
30
88
58
72
100
126
158
134
144
174
168
150
108
88
124
130
162
184
222
188
214
138
122
72
56
112
110
136
170
74
88
128
72
16
58
30
42
68
56
44
72
72
146
132
168
160
178
164
116
74
66
26
36
12
68
82
80
46
20
40
56
66
6
0
60
90
64
58
94
44
52
16
8
10
100
140
124
196
188
172
158
142
138
148
164
198
178
206
212
192
178
92
52
40
82
82
72
112
126
130
128
114
106
86
44
82
98
70
46
56
62
60
52
58
58
120
120
104
106
54
104
112
102
118
64
10
66
100
72
128
112
64
18
78
120
140
94
144
164
116
106
78
48
56
72
26
2
24
8
10
20
56
50
72
68
24
42
8
10
14
62
68
70
102
112
130
188
148
152
140
142
186
186
200
158
170
152
166
176
136
184
172
200
264
348
278
290
276
344
308
320
362
316
308
346
350
362
344
362
280
294
308
346
312
296
330
310
244
218
246
266
264
252
296
290
282
304
244
198
304
304
326
320
270
254
260
264
334
320
274
284
322
316
368
358
322
362
378
348
428
374
336
354
384
324
290
294
260
232
240
248
270
298
308
298
300
304
318
324
288
368
368
338
282
228
240
222
208
176
252
266
244
230
260
242
246
308
348
308
320
332
356
338
350
352
332
378
408
382
358
348
372
374
390
328
384
362
384
376
390
316
346
304
268
294
292
294
278
224
270
252
246
246
206
204
244
208
270
252
240
242
198
230
204
170
132
116
120
176
150
146
136
220
234
198
178
176
126
134
224
282
244
280
274
248
252
288
314
306
262
296
346
346
332
240
252
262
200
220
236
314
364
410
420
434
424
434
390
364
352
342
298
284
262
284
336
324
354
358
408
434
382
370
368
376
360
390
392
408
386
340
250
230
344
388
344
358
356
398
346
300
286
282
252
246
266
314
334
294
280
272
230
262
238
294
250
184
130
94
102
154
152
154
100
54
64
30
26
26
4
12
24
84
42
62
60
102
80
84
42
10
32
2
50
94
128
114
118
130
170
170
214
234
206
212
188
188
202
234
242
206
256
348
316
306
222
242
244
290
312
336
278
226
252
260
240
202
176
148
114
106
110
156
182
222
250
230
234
190
190
162
154
120
48
48
30
2
10
40
28
36
96
82
34
92
46
16
50
56
18
64
46
14
104
116
48
26
74
78
70
90
82
78
52
36
62
88
76
24
30
10
14
28
26
10
20
4
74
50
58
88
68
90
154
130
140
158
150
192
220
252
250
240
256
218
206
208
240
164
210
156
194
176
198
222
216
256
208
156
140
118
88
42
30
72
132
168
184
174
164
116
116
164
150
154
120
128
62
10
52
52
30
56
160
176
144
188
206
210
230
236
214
212
176
180
138
124
126
116
152
210
194
208
214
192
216
326
310
368
390
432
478
406
346
412
426
444
404
438
394
386
390
370
366
332
338
322
238
200
148
128
166
162
134
158
106
114
136
136
150
230
218
202
246
260
214
216
142
156
184
282
240
250
264
246
270
252
222
264
230
208
278
294
254
206
174
208
202
152
176
188
162
126
176
212
232
232
208
172
132
218
186
260
300
306
306
338
374
368
312
298
282
198
210
252
240
176
174
202
196
204
182
162
180
134
112
170
186
196
212
172
214
216
214
196
178
140
102
84
82
60
92
52
24
2
8
40
68
36
20
70
102
184
184
198
212
260
270
200
196
164
102
114
154
152
96
80
92
138
128
126
148
154
202
266
234
196
194
148
120
130
88
94
56
70
26
26
24
20
22
32
2
14
40
14
8
46
96
74
30
28
0
30
68
64
116
128
110
140
192
162
162
148
218
152
186
222
232
226
182
122
116
84
150
130
144
168
198
156
142
120
128
160
160
140
148
138
100
108
88
154
158
150
174
184
136
114
124
110
72
78
0
32
20
62
60
76
106
94
156
182
158
146
166
136
102
120
184
110
114
146
148
168
124
88
106
122
144
124
112
88
104
100
86
90
154
148
148
134
130
136
112
88
114
122
154
122
104
140
112
128
80
94
122
126
150
136
124
120
176
194
196
254
248
208
280
308
332
382
330
298
266
232
216
250
274
316
258
230
216
232
186
186
250
212
236
248
252
242
254
230
228
200
236
268
278
340
306
322
316
304
246
290
294
302
350
364
380
416
432
360
350
374
340
294
296
278
262
188
246
226
202
200
222
228
196
150
170
164
162
132
110
140
162
176
224
224
198
186
178
242
290
266
240
284
276
282
318
412
436
442
424
474
442
388
406
426
412
442
366
296
320
286
256
270
336
320
336
316
380
338
408
404
360
388
404
374
404
418
396
436
456
462
460
468
484
440
444
426
410
384
414
438
474
462
492
486
494
518
462
472
490
524
570
564
544
548
554
500
458
464
424
442
442
416
458
502
544
524
544
536
546
566
546
508
550
542
564
534
562
578
560
616
616
634
664
670
652
652
640
656
656
636
628
614
606
544
590
540
524
504
536
564
560
532
558
586
646
588
596
584
530
490
472
438
424
362
374
416
436
436
462
398
438
432
464
422
406
408
366
382
402
366
414
470
442
456
468
472
480
508
460
524
602
628
628
658
642
602
576
582
544
542
562
536
532
498
462
412
434
420
420
476
420
392
386
392
382
306
284
268
310
338
356
274
212
180
120
122
128
138
156
142
194
134
168
174
120
66
88
48
48
68
70
62
66
122
134
182
140
90
44
32
36
12
14
32
50
24
22
34
22
64
88
50
12
46
26
10
18
22
0
2
14
8
22
54
46
74
122
172
212
224
260
224
186
216
254
206
220
212
168
172
182
206
160
154
150
132
182
194
150
244
272
270
276
274
264
240
324
404
400
386
366
346
358
318
342
386
424
428
478
450
422
410
420
406
460
466
452
498
492
468
416
368
356
342
344
342
334
322
308
348
358
338
308
300
330
258
248
206
176
158
206
210
228
218
216
226
272
264
298
320
264
242
258
218
224
244
268
308
328
312
358
374
370
346
314
394
416
368
360
400
350
344
346
328
278
288
278
248
240
230
234
266
236
222
230
240
170
76
54
74
50
14
42
94
84
142
142
144
122
72
78
50
70
70
20
20
60
48
58
30
32
72
38
28
36
2
52
140
158
148
92
142
194
182
114
142
160
124
100
54
74
28
26
50
74
90
78
40
138
176
216
190
144
176
218
150
82
48
98
112
84
108
174
148
