7996
8050
7982
7902
7914
7886
7978
7904
7880
7720
7746
7678
7620
7716
7694
7806
7754
7854
7834
7812
7922
7944
7956
7888
7958
7918
7928
7906
7968
7960
8032
7982
7990
7926
7760
7752
7740
7774
7794
7754
7656
7714
7580
7640
7662
7710
7722
7794
7808
7780
7876
7940
7934
7872
7854
7798
7742
7774
7730
7828
7764
7678
7702
7694
7612
7544
7664
7740
7728
7728
7738
7698
7754
7820
7818
7794
7848
7784
7896
7888
7746
7654
7664
7744
7728
7704
7778
7766
7652
7626
7716
7696
7706
7720
7924
7860
7846
7758
7816
7770
7762
7822
7760
7774
7834
7824
7806
7754
7738
7744
7740
7692
7764
7800
7786
7732
7784
7716
7718
7722
7664
7664
7600
7642
7648
7632
7648
7678
7636
7596
7712
7740
7774
7722
7720
7688
7618
7606
7532
7476
7334
7284
7294
7410
7436
7436
7506
7416
7462
7552
7562
7658
7636
7694
7678
7636
7598
7514
7540
7460
7426
7438
7520
7578
7620
7638
7710
7716
7732
7706
7682
7738
7700
7568
7644
7600
7636
7622
7652
7662
7622
7500
7410
7524
7514
7328
7460
7438
7370
7386
7442
7398
7336
7334
7458
7488
7448
7422
7414
7374
7450
7432
7484
7340
7396
7336
7360
7454
7456
7458
7406
7462
7418
7404
7460
7454
7568
7540
7568
7584
7606
7562
7644
7602
7588
7626
7634
7688
7680
7680
7746
7806
7780
7706
7660
7626
7664
7682
7656
7580
7570
7564
7530
7546
7542
7640
7480
7502
7446
7358
7334
7310
7242
7242
7292
7356
7406
7500
7450
7468
7416
7312
7230
7110
7246
7282
7362
7388
7398
7374
7318
7174
7316
7364
7160
7278
7274
7348
7340
7360
7384
7366
7484
7430
7468
7380
7472
7510
7464
7396
7434
7426
7418
7420
7450
7492
7458
7474
7402
7322
7300
7312
7316
7212
7202
7276
7376
7410
7282
7358
7374
7350
7324
7328
7340
7404
7394
7322
7230
7190
7234
7380
7360
7310
7286
7296
7254
7408
7456
7390
7412
7504
7520
7466
7474
7544
7572
7692
7776
7700
7712
7656
7736
7758
7732
7722
7708
7672
7672
7674
7746
7758
7678
7600
7708
7820
7840
7898
7838
7860
7782
7746
7788
7720
7710
7784
7836
7912
7944
7918
7978
7962
7844
7854
7904
7894
7962
7874
7838
7828
7742
7680
7740
7640
7684
7722
7632
7634
7662
7696
7772
7830
7814
7760
7848
7826
7898
7826
7860
7854
7910
7894
7900
7936
7914
7894
7828
7772
7798
7836
7776
7834
7804
7744
7936
7852
7910
7842
7758
7698
7666
7706
7608
7554
7506
7522
7538
7486
7564
7666
7668
7672
7664
7582
7574
7588
7526
7512
7574
7590
7560
7450
7506
7554
7600
7660
7602
7642
7654
7658
7620
7586
7552
7538
7560
7604
7538
7540
7580
7482
7522
7562
7524
7382
7356
7368
7364
7408
7484
7558
7604
7552
7602
7606
7622
7648
7684
7742
7692
7784
7884
7868
7834
7780
7852
7772
7740
7780
7726
7784
7728
7782
7706
7716
7778
7844
7924
8026
7978
7984
7980
7976
7966
7918
7932
7940
7890
7894
7924
7870
7786
7844
7800
7836
7938
7874
7944
7904
7908
7840
7812
7744
7814
7832
7760
7784
7710
7782
7716
7674
7738
7758
7690
7708
7814
7856
7874
7850
7816
7874
7950
7934
7860
7882
7984
7916
7848
7936
7968
7976
7976
7830
7810
7826
7942
7970
7968
7952
7840
7864
7804
7686
7712
7632
7614
7692
7756
7856
7866
7862
7842
7790
7766
7774
7812
7802
7812
7746
7716
7628
7646
7762
7780
7646
7608
7676
7606
7624
7504
7604
7548
7618
7768
7718
7762
7694
7672
7550
7646
7712
7800
7872
7786
7740
7660
7720
7736
7736
7676
7630
7522
7610
7718
7744
7832
7718
7692
7730
7720
7660
7684
7770
7842
7754
7778
7716
7566
7618
7566
7578
7594
7630
7638
7594
7612
7648
7644
7652
7694
7710
7606
7674
7700
7674
7518
7516
7482
7490
7450
7530
7494
7576
7654
7584
7674
7552
7622
7684
7696
7754
7726
7810
7792
7752
7816
7738
7836
7864
7724
7768
7830
7842
7870
7808
7834
7874
7932
7962
7978
7980
7980
7800
7900
7876
7902
7844
8040
7992
7886
7824
7796
7742
7656
7650
7732
7742
7722
7806
7810
7816
7798
7790
7824
7918
7982
7864
7856
7868
7970
7940
7824
7872
7934
7824
7780
7778
7676
7606
7610
7638
7712
7722
7680
7726
7656
7662
7552
7628
7556
7514
7534
7534
7502
7538
7440
7470
7514
7514
7574
7636
7726
7626
7670
7614
7552
7638
7680
7728
7760
7738
7838
7728
7762
7720
7768
7662
7694
7604
7614
7578
7660
7590
7600
7568
7694
7728
7782
7798
7752
7798
7900
7886
7896
7878
7942
7954
7926
7850
7870
7682
7574
7524
7560
7564
7584
7598
7508
7456
7346
7416
7420
7450
7472
7510
7602
7580
7628
7710
7664
7736
7718
7730
7782
7748
7628
7582
7658
7632
7628
7706
7632
7650
7640
7716
7740
7840
7846
7858
7824
7844
7848
7828
7916
8058
7972
8036
8030
7970
7998
7912
7890
7928
7942
7942
7956
7848
7896
7838
7888
7764
7674
7684
7748
7792
7794
7866
7936
7918
7806
7836
7842
7836
7600
7662
7638
7432
7490
7306
7374
7216
7316
7260
7324
7406
7452
7342
7368
7346
7318
7352
7302
7376
7438
7404
7428
7454
7602
7616
7682
7630
7644
7600
7594
7718
7606
7618
7506
7446
7556
7476
7478
7380
7484
7518
7474
7400
7446
7504
7694
7700
7642
7736
7686
7742
7828
7886
7860
7876
7700
7704
7728
7746
7776
7770
7760
7646
7662
7652
7628
7568
7562
7690
7706
7688
7690
7580
7606
7582
7622
7564
7654
7708
7694
7826
7828
7926
7876
7932
7898
7836
7814
7800
7790
7790
7882
7746
7798
7824
7878
7918
7982
7918
7852
7840
7750
7754
7850
7804
7878
7812
7772
7742
7714
7670
7656
7652
7612
7646
7684
7706
7570
7578
7558
7472
7556
7562
7526
7568
7484
7522
7592
7734
7754
7626
7678
7662
7746
7880
7836
7800
7920
7900
7900
7910
7972
7950
7964
7994
7936
7952
7922
7824
7860
7742
7666
7684
7720
7680
7602
7746
7790
7790
7868
7870
7836
7912
7804
7802
7836
7756
7850
7864
7854
7916
7920
7926
7916
7942
7958
7928
7896
7936
7842
7850
7844
7876
7850
7914
7872
7958
7942
7952
7834
7806
7830
7834
7832
7736
7798
7880
7882
7886
7876
7802
7758
7752
7672
7722
7704
7660
7614
7732
7762
7792
7880
7832
7878
7912
7906
7874
7918
7902
7888
8012
8014
7890
7858
7886
7834
7828
7780
7744
7842
7828
7794
7740
7756
7658
7604
7674
7504
7558
7608
7650
7678
7636
7686
7784
7838
7714
7696
7702
7564
7520
7602
7664
7742
7750
7722
7752
7720
7712
7780
7678
7690
7704
7708
7704
7762
7706
7790
7866
7940
7926
7954
7868
7860
7774
7782
7774
7788
7788
7748
7706
7744
7754
7788
7852
7872
7886
7886
7908
7920
7936
7832
7758
7726
7688
7644
7702
7690
7772
7804
7834
7798
7850
7850
7842
7756
7788
7752
7788
7706
7684
7736
7744
7762
7756
7796
7762
7754
7910
7946
7894
7934
7930
7900
7942
7988
7864
7766
7636
7572
7584
7624
7550
7688
7558
7682
7676
7662
7714
7684
7630
7630
7618
7684
7744
7720
7662
7600
7546
7706
7774
7754
7662
7666
7704
7704
7632
7652
7630
7756
7674
7716
7846
7730
7638
7650
7676
7674
7706
7658
7674
7640
7762
7754
7842
7834
7706
7576
7578
7598
7648
7762
7816
7810
7720
7704
7726
7846
7828
7816
7914
7898
7826
7878
7880
7962
7892
7846
7796
7788
7776
7714
7776
7716
7736
7780
7818
7836
7894
8000
7946
7942
7934
7922
7930
8026
7934
7920
7988
7984
7962
7988
7876
7748
7798
7750
7816
7872
7880
7824
7770
7820
7822
7794
7706
7684
7712
7716
7776
7748
7752
7750
7734
7676
7616
7582
7524
7568
7412
7520
7564
7578
7572
7620
7722
7702
7758
7640
7640
7608
7696
7684
7680
7646
7662
7688
7742
7664
7748
7608
7448
7514
7530
7588
7436
7564
7616
7604
7456
7514
7428
7496
7434
7432
7454
7494
7530
7422
7366
7406
7276
7292
7386
7312
7342
7420
7428
7390
7390
7494
7556
7682
7640
7718
7664
7648
7642
7658
7638
7652
7660
7756
7762
7664
7684
7624
7704
7652
7694
7624
7588
7576
7586
7570
7490
7514
7466
7262
7272
7216
7160
7194
7196
7134
7150
7250
7244
7266
7240
7288
7358
7294
7370
7332
7282
7318
7280
7314
7276
7346
7372
7338
7332
7388
7378
7386
7374
7248
7216
7404
7396
7364
7346
7406
7408
7400
7394
7316
7280
7286
7276
7234
7246
7236
7178
7308
7254
7342
7470
7442
7260
7248
7264
7244
7328
7374
7422
7496
7554
7454
7374
7520
7660
7668
7540
7500
7440
7470
7454
7510
7480
7474
7514
7606
7682
7716
7698
7732
7732
7768
7856
7854
7872
7840
7736
7752
7734
7808
7834
7740
7792
7804
7734
7782
7814
7752
7796
7794
7576
7636
7766
7736
7722
7754
7792
7828
7856
7874
7936
7862
7984
7958
7878
7820
7772
7892
7928
7922
7948
7966
8186
8084
8062
8076
8072
8066
8012
7996
8010
7976
7912
7858
7850
7722
7828
7882
7916
7840
7732
7722
7816
7870
7908
7814
7638
7748
7832
7810
7868
7984
7872
7906
7890
7896
7914
7824
7806
7720
7786
7768
7744
7794
7738
7804
7812
7714
7614
7726
7706
7710
7736
7754
7752
7730
7676
7778
7714
7720
7800
7916
7996
7924
7880
7972
7922
7958
7922
7930
7886
7826
7776
7808
7778
7900
7810
7908
7894
7856
7872
7830
7824
7766
7752
7728
7684
7664
7656
7716
7656
7574
7532
7628
7656
7612
7690
7674
7702
7618
7628
7590
7610
7594
7552
7542
7620
7510
7472
7624
7582
7614
7696
7804
7774
7792
7748
7780
7750
7764
7728
7738
7722
7838
7978
7852
7814
7856
7742
7794
7848
7862
7776
7716
7846
7842
7846
7826
7826
7876
7866
7874
7788
7802
7622
7638
7588
7630
7700
7748
7722
7706
7740
7684
7654
7640
7666
7592
7564
7622
7636
7530
7656
7616
7632
7596
7644
7754
7658
7676
7664
7712
7808
7742
7676
7682
7650
7678
7658
7736
7798
7688
7742
7620
7686
7728
7728
7666
7688
7672
7626
7560
7510
7334
7408
7364
7356
7344
7324
7286
7428
7476
7472
7400
7450
7574
7516
7504
7568
7568
7450
7552
7482
7506
7516
7506
7510
7436
7540
7554
7534
7446
7542
7514
7526
7524
7448
7494
7534
7510
7438
7344
7450
7544
7624
7632
7636
7634
7546
7648
7654
7642
7684
7588
7532
7492
7510
7484
7484
7446
7456
7406
7374
7206
7120
7166
7192
7272
7224
7198
7254
7154
7150
7198
7122
7098
7096
6992
7080
7122
7132
7110
7096
7228
7218
7262
7178
7172
7214
7294
7236
7174
7266
7346
7386
7294
7234
7384
7366
7402
7422
7372
7444
7446
7396
7386
7264
7316
7374
7428
7368
7394
7454
7500
7532
7578
7554
7484
7500
7488
7412
7332
7390
7402
7338
7316
7418
7328
7236
7236
7296
7270
7218
7278
7250
7226
7244
7292
7330
7264
7286
7278
7216
7328
7282
7206
7152
7126
7132
7158
7254
7264
7286
7400
7420
7412
7414
7314
7404
7484
7498
7558
7562
7562
7538
7690
7696
7660
7648
7496
7476
7506
7476
7546
7422
7522
7594
7696
7672
7642
7438
7490
7528
7428
7444
7496
7454
7452
7470
7442
7452
7424
7474
7394
7448
7378
7450
7480
7390
7374
7340
7370
7374
7484
7468
7554
7492
7492
7498
7480
7438
7484
7450
7586
7688
7604
7600
7638
7636
7588
7604
7552
7568
7520
7516
7580
7652
7680
7590
7564
7674
7678
7648
7646
7730
7622
7614
7706
7726
7678
7652
7652
7546
7484
7504
7428
7430
7424
7522
7518
7470
7450
7422
7328
7240
7196
7222
7254
7266
7322
7418
7392
7358
7270
7320
7376
7276
7228
7188
7192
7170
7148
7054
7078
7098
7136
7248
7256
7250
7314
7326
7250
7318
7252
7208
7148
7246
7252
7274
7280
7252
7186
7168
7248
7328
7312
7232
7206
7232
7156
7302
7392
7330
7332
7402
7370
7440
7496
7566
