618
656
602
664
714
690
666
704
732
800
752
750
720
766
768
790
770
744
704
750
772
866
822
928
856
776
790
800
780
820
850
834
930
938
1002
1058
1154
1176
1188
1078
1052
980
974
870
842
828
840
852
828
906
824
870
888
892
916
962
988
974
932
1044
1044
958
1008
1004
1030
998
1048
1136
1062
1066
1106
1202
1172
1122
1122
1082
1076
1166
1148
1168
1230
1128
1080
1132
1186
1218
1138
1148
1152
1108
1112
1050
1018
982
914
924
922
894
856
1052
1032
1060
1120
1118
1202
1210
1070
1012
1028
992
1098
1012
1046
1088
1072
1026
1002
1052
1160
1086
1148
1162
1030
1072
1004
950
982
988
1046
936
962
980
1056
1082
1066
1032
1014
982
970
924
982
980
1058
1028
1118
1130
1162
1172
1236
1110
1170
1174
1182
1186
1162
1200
1286
1296
1216
1202
1216
1218
1292
1206
1264
1208
1298
1256
1248
1240
1306
1290
1326
1460
1410
1466
1422
1408
1398
1432
1468
1390
1472
1536
1512
1576
1528
1544
1540
1468
1482
1488
1516
1682
1806
1828
1864
1770
1794
1756
1818
1776
1748
1692
1800
1862
1896
1980
2010
1964
2022
1954
1958
2068
2056
2034
2002
1916
1904
1930
1866
1910
1862
1780
1726
1810
1810
1732
1640
1568
1474
1476
1536
1550
1530
1682
1666
1594
1652
1606
1660
1608
1600
1588
1652
1692
1730
1714
1654
1572
1674
1604
1590
1584
1650
1680
1686
1642
1708
1752
1806
1844
1854
1948
2018
1990
1970
1984
2066
2074
2142
2100
2078
2066
2132
2094
2080
2174
2234
2284
2332
2406
2340
2338
2248
2236
2248
2210
2238
2186
2120
1982
2060
2028
2016
1970
2000
2066
2118
2168
2064
2058
2068
2110
2168
2242
2314
2356
2286
2332
2384
2412
2388
2388
2448
2386
2390
2418
2466
2528
2446
2452
2456
2498
2534
2554
2574
2672
2780
2788
2718
2776
2786
2830
2792
2762
2754
2706
2700
2676
2668
2634
2624
2744
2860
2884
2862
2782
2740
2746
2830
2822
2780
2832
2720
2762
2846
2920
2924
2986
2944
2988
2986
2970
2928
2948
2970
2914
2828
2918
2944
2922
2958
2910
2864
2918
2878
2852
2760
2706
2692
2610
2618
2604
2514
2476
2354
2388
2486
2442
2418
2426
2480
2548
2574
2614
2580
2582
2528
2506
2478
2568
2614
2550
2538
2600
2550
2572
2614
2612
2534
2622
2614
2602
2614
2628
2646
2642
2608
2610
2664
2750
2788
2742
2798
2786
2822
2780
2702
2564
2694
2604
2582
2588
2566
2548
2496
2518
2552
2562
2540
2530
2584
2570
2514
2444
2536
2566
2590
2644
2554
2488
2604
2674
2648
2704
2582
2624
2732
2668
2570
2668
2620
2550
2570
2614
2670
2522
2476
2518
2526
2474
2490
2482
2416
2394
2466
2564
2596
2598
2648
2592
2474
2472
2518
2448
2382
2248
2188
2260
2334
2384
2434
2518
2560
2528
2494
2554
2504
2560
2514
2488
2464
2496
2464
2460
2482
2438
2430
2504
2554
2550
2490
2514
2510
2490
2432
2442
2486
2506
2496
2510
2586
2592
2678
2750
2748
2760
2782
2772
2708
2732
2666
2552
2570
2550
2508
2618
2646
2544
2628
2634
2630
2626
2614
2570
2594
2598
2542
2620
2530
2554
2552
2582
2480
2488
2538
2630
2628
2638
2594
2556
2546
2562
2534
2538
2610
2656
2686
2702
2792
2780
2794
2850
2728
2762
2860
2870
2848
2906
2934
2928
2890
2930
2926
2900
2918
2934
3024
3000
2998
2924
2878
2938
2956
3026
2926
2900
2840
2852
2978
2960
2904
2832
2760
2722
2690
2738
2634
2638
2584
2686
2612
2594
2660
2806
2756
2742
2646
2654
2648
2658
2720
2674
2678
2644
2620
2560
2440
2370
2290
2326
2334
2374
2340
2440
2354
2298
2360
2422
2410
2366
2236
2356
2314
2416
2436
2466
2496
2572
2434
2402
2480
2522
2588
2598
2580
2642
2678
2656
2688
2736
2728
2800
2792
2732
2828
2766
2714
2750
2790
2772
2912
2968
2936
2890
2810
2738
2788
2868
2844
2826
2788
2766
2906
2968
2938
2856
2780
2886
2866
2912
2972
3038
2924
2916
2886
2846
2864
2874
2906
2874
2930
2930
3012
2984
3104
3064
3040
3016
3014
3060
2984
2994
3026
2994
3110
3092
3118
3096
3030
2924
2936
2964
2994
2972
2930
2890
2974
2994
3030
3108
3138
3106
3156
3100
3136
3056
3050
3080
2924
2922
2828
2818
2924
2994
2996
2964
2966
2944
2872
2852
2926
2930
2950
2922
2886
3058
3014
3042
3100
3090
3064
3074
3060
2992
2962
3010
3000
3090
2970
2974
2934
2892
2910
2908
2840
2804
2826
2866
2862
2854
2790
2824
2754
2648
2716
2702
2704
2642
2534
2500
2462
2620
2678
2588
2546
2480
2524
2524
2432
2538
2468
2356
2282
2272
2320
2290
2356
2436
2442
2500
2490
2464
2526
2460
2474
2448
2390
2416
2426
2376
2414
2460
2452
2480
2422
2456
2446
2456
2388
2382
2314
2362
2334
2328
2324
2332
2314
2396
2420
2454
2450
2526
2488
2420
2346
2364
2462
2434
2356
2552
2564
2586
2622
2632
2678
2678
2602
2590
2618
2638
2560
2524
2520
2456
2328
2352
2326
2394
2360
2412
2414
2448
2526
2554
2570
2604
2534
2474
2500
2492
2344
2366
2332
2426
2484
2478
2396
2382
2384
2424
2474
2410
2424
2484
2482
2404
2476
2432
2526
2462
2504
2534
2572
2462
2488
2536
2502
2464
2516
2602
2554
2620
2552
2484
2534
2394
2354
2362
2380
2282
2256
2298
2286
2376
2392
2384
2368
2376
2356
2318
2382
2498
2492
2704
2572
2592
2528
2456
2480
2508
2546
2526
2526
2552
2536
2604
2634
2660
2642
2650
2628
2610
2560
2584
2702
2732
2654
2740
2778
2802
2718
2652
2682
2640
2652
2586
2494
2568
2548
2534
2574
2482
2622
2630
2650
2724
2744
2746
2836
2938
2972
2978
3026
3000
3024
2932
2940
2858
2806
2858
2782
2710
2872
2818
2816
2884
2806
2736
2710
2826
2862
2882
2824
2864
2940
2940
2860
2854
2770
2750
2784
2764
2864
2876
2808
2850
2784
2802
2820
2816
2756
2808
2840
2794
2780
2758
2686
2686
2728
2748
2758
2814
2874
2832
2910
2882
2870
2852
2838
2844
2756
2784
2876
2898
2916
2812
2790
2762
2684
2704
2736
2686
2712
2716
2678
2700
2710
2638
2732
2684
2590
2652
2632
2674
2562
2548
2604
2602
2642
2626
2596
2606
2628
2596
2580
2650
2634
2566
2652
2624
2660
2692
2626
2670
2656
2638
2762
2728
2802
2784
2780
2702
2734
2756
2816
2718
2724
2756
2822
2790
2824
2860
2860
2896
2882
2874
2860
2800
2838
2868
2868
2902
2890
2790
2876
2920
2926
2932
2960
2842
2916
2916
2800
2790
2856
2884
2834
2818
2914
2916
2938
2924
2910
2906
2950
2942
2978
3032
2992
3084
3048
3010
3044
3094
3080
3024
2960
2904
2898
2936
2974
3062
2996
3064
3098
3014
3054
3106
3104
2972
2932
2906
3024
3076
3058
3022
3030
2944
3010
2932
3010
2988
3046
3078
3060
3034
3018
2954
3000
2968
2994
2974
2978
2966
3022
2954
2832
2872
2904
2952
2890
2918
2890
2994
2980
3032
3018
2990
2956
2966
2986
3020
2978
3072
2980
2960
2870
2880
2914
2892
2924
2882
2902
2900
2858
2938
2908
2950
2832
2870
2910
2984
3026
2960
2938
2878
2858
2828
2894
2892
2904
2910
2930
2948
2824
2916
2996
2816
2792
2816
2762
2840
2772
2696
2708
2746
2684
2612
2624
2572
2470
2528
2624
2676
2680
2742
2740
2690
2628
2642
2640
2610
2650
2664
2750
2720
2720
2760
2710
2678
2580
2534
2612
2632
2706
2668
2678
2690
2750
2692
2652
2688
2750
2716
2716
2720
2756
2824
2844
2834
2826
2856
2778
2812
2766
2820
2714
2776
2652
2656
2642
2708
2820
2766
2718
2692
2768
2806
2854
2778
2804
2854
2780
2764
2824
2786
2626
2614
2630
2624
2652
2678
2714
2650
2694
2620
2722
2666
2646
2684
2738
2692
2690
2692
2588
2608
2584
2502
2494
2462
2464
2582
2710
2766
2774
2746
2742
2752
2796
2764
2744
2710
2648
2640
2682
2678
2646
2676
2686
2668
2750
2788
2822
2712
2656
2700
2572
2658
2634
2650
2632
2652
2676
2712
2628
2600
2636
2652
2530
2606
2654
2644
2628
2600
2678
2674
2676
2654
2638
2690
2620
2700
2680
2668
2674
2750
2734
2642
2598
2560
2558
2626
2664
2608
2624
2750
2680
2736
2772
2794
2842
2842
2766
2832
2754
2610
2596
2560
2570
2584
2618
2554
2592
2482
2614
2572
2604
2684
2658
2650
2664
2740
2752
2668
2610
2576
2570
2566
2572
2592
2644
2752
2838
2786
2706
2620
2590
2522
2522
2512
2580
2542
2606
2684
2748
2704
2664
2708
2712
2746
2794
2806
2736
2708
2680
2658
2670
2674
2636
2570
2552
2638
2706
2610
2666
2672
2678
2678
2622
2566
2674
2688
2704
2730
2768
2778
2808
2724
2734
2682
2694
2662
2648
2670
2692
2642
2596
2576
2480
2548
2630
2586
2796
2700
2672
2660
2590
2622
2556
2504
2534
2630
2630
2678
2704
2638
2726
2648
2676
2640
2646
2672
2698
2640
2666
2702
2674
2722
2722
2648
2706
2732
2700
2704
2680
2752
2780
2882
2872
2956
2910
2948
2870
2860
2792
2806
2810
2790
2892
2846
2832
2730
2790
2802
2758
2820
2924
2948
2950
3050
3054
3050
3022
2950
2968
2976
2980
2998
2986
3026
3028
3026
2916
2878
2842
2844
2916
2926
2836
2834
2782
2830
2842
2826
2780
2840
2752
2808
2796
2808
2810
2826
2782
2916
2866
2916
2900
2900
2922
2904
2794
2694
2730
2740
2794
2854
2774
2768
2862
2840
2792
2880
2840
2858
2826
2854
2878
2822
2788
2720
2748
2830
2872
2914
2904
2882
2840
2860
2824
2790
2774
2842
2834
2804
2838
2780
2806
2816
2790
2644
2698
2694
2710
2618
2666
2674
2768
2786
2796
2738
2768
2884
2880
2890
2902
2914
2910
2850
2816
2802
2754
2772
2770
2892
2866
2800
2822
2894
2940
2964
2988
2968
2904
2898
2978
2984
2876
2822
2804
2860
2808
2842
2872
2890
2854
2848
2978
2930
3100
3156
3168
3224
3092
3092
3016
2918
2880
2826
2830
2854
2938
2940
2944
2924
2934
2956
2940
2978
3016
2938
2906
2896
2836
2882
2912
2910
2904
2866
2834
2862
2916
2948
2962
3050
3014
2984
2976
2964
2938
2912
2922
2880
2904
2932
2874
2914
2990
3006
3020
3018
2970
2952
2896
2846
2762
2674
2596
2642
2678
2684
2656
2654
2634
2712
2692
2724
2542
2468
2428
2542
2684
2748
2668
2568
2602
2614
2532
2572
2572
2630
2572
2486
2438
2390
2398
2352
2332
2292
2326
2346
2444
2442
2396
2326
2424
2384
2384
2442
2520
2462
2352
2368
2340
2404
2426
2424
2532
2522
2566
2532
2484
2370
2448
2366
2300
2396
2456
2444
2504
2526
2536
2528
2418
2414
2510
2612
2582
2544
2574
2626
2626
2652
2614
2662
2608
2504
2346
2274
2280
2288
2226
2234
2230
2272
2254
2312
2174
2038
1980
1982
1924
1936
1908
1942
1904
1808
1886
1804
1784
1850
1914
1916
2040
2066
2032
1980
1884
1896
1900
1900
1852
1832
1954
1964
1988
1880
1946
1930
1896
1860
1888
1870
1850
1866
1902
1930
1836
1810
1854
1932
1810
1920
1902
1886
1922
1930
1938
1884
1890
1860
1824
1798
1802
1818
1770
1778
1768
1798
1894
1972
1880
1708
1716
1810
1792
1826
1764
1686
1800
1832
1774
1828
1888
1838
1858
1832
1820
1806
1798
1772
1584
1584
1668
1670
1634
1624
1636
1676
1602
1576
1638
1656
1692
1684
1696
1618
1702
1676
1772
1816
1698
1642
1596
1608
1612
1604
1642
1534
1460
1450
1536
1546
1490
1498
1538
1528
1540
1574
1632
1632
1642
1584
1582
1570
1668
1506
1498
1418
1384
1430
1502
1416
1482
1514
1542
1590
1638
1626
1718
1842
1860
1960
1892
1830
1756
1726
1732
1802
1880
1710
1814
1934
1936
1950
1970
2048
1984
1966
