440
432
444
462
470
446
434
432
482
464
440
440
450
420
376
420
394
388
392
372
322
358
378
422
434
480
454
496
510
512
464
456
496
486
502
482
504
546
486
436
492
476
468
480
490
442
470
448
424
390
434
434
398
394
366
346
316
304
284
250
250
298
292
292
278
240
204
160
162
140
184
162
206
212
276
302
284
320
270
262
250
236
262
252
318
314
300
324
278
270
228
252
262
308
302
350
364
344
352
390
372
336
406
366
350
368
358
380
416
366
354
354
338
396
396
408
380
322
318
334
346
324
276
306
288
266
234
206
242
222
234
204
184
220
200
204
230
238
260
198
194
212
292
344
378
344
310
304
284
220
192
236
232
224
216
208
222
224
238
236
216
174
208
184
176
144
110
56
28
28
62
38
64
46
102
122
66
32
40
30
14
18
10
4
20
36
68
118
118
118
148
104
86
86
44
0
54
32
22
34
32
40
14
2
20
4
2
30
40
82
98
80
138
186
156
158
158
130
144
142
98
104
140
156
162
110
132
132
78
106
12
68
110
130
108
134
158
190
162
200
190
206
232
224
236
192
188
178
188
176
262
298
322
362
368
342
330
316
326
318
336
310
276
290
270
226
264
240
266
218
262
230
246
240
270
330
336
312
322
292
356
428
456
442
420
462
494
494
516
450
426
442
428
454
420
444
398
352
370
356
330
346
324
298
188
196
172
212
174
154
176
196
164
130
112
122
134
198
212
130
106
94
142
120
116
112
96
40
66
88
70
50
72
102
66
96
92
104
120
112
126
102
82
42
96
132
100
134
142
146
120
204
230
238
218
190
232
224
272
306
312
364
406
416
410
442
430
360
402
378
388
372
374
312
334
368
268
246
224
230
198
230
192
144
214
214
256
226
252
226
268
190
222
148
136
154
170
142
114
166
148
98
116
126
124
128
120
22
36
48
14
20
32
32
32
30
0
12
36
68
120
108
72
60
132
116
124
106
106
76
126
98
124
90
142
108
72
4
2
2
36
12
52
70
50
52
68
18
66
94
46
2
6
18
10
24
4
42
60
88
88
96
88
98
72
34
32
58
28
34
90
118
64
22
66
62
90
92
86
90
162
140
104
158
132
162
122
140
128
162
122
122
98
120
68
114
134
116
66
62
96
2
28
64
38
24
0
22
14
44
22
56
46
94
106
114
176
158
152
156
118
98
116
104
66
34
4
20
38
34
18
14
20
74
122
104
80
100
96
70
74
100
128
218
206
266
302
302
294
362
318
334
292
324
360
356
426
428
408
400
382
372
294
300
288
280
324
298
336
344
348
348
338
344
348
308
310
310
304
356
302
320
288
268
292
254
316
322
388
370
388
426
406
408
370
392
446
430
394
444
460
450
466
430
424
420
460
448
490
494
522
448
414
408
436
372
310
228
284
274
216
166
114
202
170
152
184
194
140
100
144
118
88
96
108
100
142
122
48
24
26
46
78
98
82
84
108
112
66
136
182
186
178
156
182
182
216
178
168
234
254
220
256
278
226
180
200
128
148
134
134
184
242
270
262
240
266
226
252
272
272
270
274
238
256
260
296
358
360
352
362
354
298
358
354
358
346
326
346
328
328
328
254
258
242
262
240
228
264
238
196
166
94
124
182
170
152
214
218
278
278
326
278
286
294
226
238
306
284
256
240
284
240
190
144
140
146
170
194
216
246
216
250
218
162
190
120
136
138
66
44
74
112
106
182
74
22
42
20
18
18
98
68
28
52
48
72
2
48
106
66
32
34
66
70
82
90
116
110
96
106
86
34
4
2
44
44
80
26
46
50
8
10
20
18
26
16
88
102
68
40
42
6
20
8
52
24
24
36
46
2
10
14
6
22
54
52
94
92
90
70
36
4
12
0
16
34
16
32
16
56
96
88
68
138
154
160
208
166
134
174
192
122
144
100
126
112
102
82
56
54
70
76
58
44
10
4
44
8
28
18
28
6
18
32
6
70
52
18
52
78
48
24
74
56
88
162
196
142
110
96
42
38
46
4
28
38
34
48
74
42
42
52
38
20
12
24
86
60
48
116
94
184
194
264
258
244
238
230
256
218
200
240
216
206
252
218
220
242
162
182
202
218
208
202
196
220
232
240
204
212
242
266
244
226
162
158
144
106
100
130
82
126
102
104
88
94
114
76
76
84
80
36
18
38
44
106
82
112
132
90
74
56
42
70
44
16
50
86
124
134
198
202
168
210
196
224
220
192
162
106
152
160
164
166
242
200
220
208
214
196
188
160
140
168
162
174
164
156
190
130
162
164
168
140
162
232
200
232
278
304
252
242
294
280
264
210
176
114
122
124
116
122
100
102
86
126
142
126
98
58
74
58
0
22
140
144
52
50
2
66
50
68
82
104
96
96
148
182
156
166
180
224
206
208
160
172
166
184
174
192
192
198
184
208
214
204
142
158
196
202
192
174
206
212
234
254
244
210
182
210
264
246
272
248
206
206
224
244
316
344
322
330
398
330
332
360
406
320
312
288
286
292
280
246
278
290
328
326
336
244
192
196
240
230
242
198
244
198
162
90
104
70
90
0
46
50
44
62
12
48
24
16
62
94
106
62
60
18
94
118
170
160
210
248
214
186
152
164
152
216
216
210
182
168
220
210
244
194
174
218
250
224
206
224
262
286
354
356
298
244
264
248
248
172
168
136
108
98
170
156
178
216
218
226
210
208
236
246
216
238
232
180
176
172
168
138
150
106
134
176
154
136
120
124
140
160
100
44
30
46
46
90
82
78
44
66
46
84
124
148
136
116
76
50
48
76
82
106
80
34
56
42
58
38
22
66
86
48
74
70
56
54
18
38
40
40
46
78
140
134
202
176
244
314
286
340
370
390
380
394
352
322
320
298
282
268
314
352
314
350
316
324
294
296
258
270
334
318
298
256
220
178
160
98
92
56
58
102
142
168
196
160
148
148
144
164
216
286
298
354
358
392
372
404
394
448
454
402
420
416
444
464
496
460
484
484
484
440
498
508
534
544
524
564
588
630
560
608
608
618
620
628
610
604
606
630
556
554
568
600
598
626
608
656
658
666
652
634
614
636
578
634
662
652
700
704
666
648
632
642
628
600
616
554
538
526
502
480
488
542
568
538
554
570
518
548
552
572
530
544
568
560
578
612
576
574
554
564
572
562
568
602
582
598
618
624
672
678
696
700
758
768
732
700
652
616
634
636
676
666
692
686
668
642
656
668
624
608
576
560
524
482
504
504
498
496
464
464
494
404
464
484
446
462
556
562
582
580
570
526
542
522
468
474
524
528
566
624
596
610
574
562
506
524
514
496
524
504
506
480
410
372
376
356
358
352
378
432
414
436
446
436
414
482
522
500
460
444
514
538
538
496
510
556
576
562
550
564
604
576
598
590
522
532
486
456
480
532
520
536
544
540
540
544
540
578
568
542
548
570
578
564
496
492
472
468
482
450
460
400
372
346
388
330
306
270
270
226
242
322
334
340
408
480
424
390
380
336
382
414
418
416
444
444
424
446
470
400
432
484
422
426
408
384
394
406
382
412
424
428
408
398
420
374
382
392
378
382
372
324
258
232
200
204
238
268
262
292
326
342
362
346
322
322
348
326
314
342
322
314
302
316
324
322
320
320
342
326
308
318
318
294
304
264
244
250
284
292
228
248
290
250
158
232
188
174
180
210
236
264
220
234
288
362
342
338
320
264
202
148
166
198
238
204
182
186
220
234
228
208
214
180
202
174
188
268
300
342
330
370
368
384
372
410
356
352
304
314
266
188
208
176
186
182
256
180
178
132
150
172
182
210
180
154
150
198
176
162
176
204
248
294
330
356
324
330
332
362
428
424
398
380
384
344
336
354
328
312
388
390
400
372
316
296
270
248
234
234
274
264
270
238
246
252
240
196
210
222
212
174
120
148
176
182
134
122
74
30
12
42
86
80
14
12
28
96
180
202
188
182
176
96
90
34
86
120
50
92
144
156
108
84
46
34
98
76
12
40
50
2
12
48
34
4
10
0
28
28
12
24
4
44
26
18
8
2
54
58
6
6
4
16
50
82
12
22
42
46
12
26
2
12
52
50
104
76
42
14
18
62
58
62
52
62
68
122
128
96
126
170
148
182
170
156
200
206
200
192
194
240
238
164
196
256
244
212
218
212
152
192
226
220
236
280
254
270
278
254
228
216
208
262
296
302
242
236
222
246
190
216
248
268
266
238
250
268
228
242
230
256
236
260
280
272
294
344
344
314
332
308
302
262
302
338
326
324
322
364
300
266
250
298
294
300
290
246
228
216
230
246
280
284
276
256
268
222
212
142
176
204
166
168
160
122
130
100
84
52
100
96
52
14
60
66
74
42
76
36
88
76
86
72
20
22
12
2
40
18
28
14
46
116
80
48
98
100
136
62
58
48
2
8
54
110
130
144
198
168
134
114
144
144
144
138
146
152
180
142
116
114
162
186
178
208
228
234
168
208
178
142
134
140
152
200
166
138
112
138
140
134
128
132
108
110
128
184
194
192
214
194
230
248
276
272
288
250
250
236
266
