2838
2742
2676
2568
2628
2554
2548
2624
2568
2628
2672
2584
2574
2646
2610
2536
2634
2608
2572
2470
2580
2622
2572
2434
2426
2372
2510
2424
2432
2364
2492
2410
2370
2318
2246
2246
2150
2106
1986
1898
1736
1680
1690
1710
1796
1800
1780
1862
1796
1808
1856
1862
1836
1786
1760
1812
1734
1618
1816
1902
1920
2048
1952
2102
2142
2324
2186
2098
2080
1944
1870
1772
1906
1942
1906
1872
1780
1902
2024
2048
2128
2054
2018
2018
2050
1864
1822
1730
1898
1908
1916
1928
1792
1746
1922
1882
1826
1766
1640
1602
1404
1328
1088
1014
1020
842
652
750
850
1034
1156
1158
1180
1166
1138
1094
1116
1208
1136
966
1004
854
868
784
796
670
536
642
666
466
662
664
730
732
638
698
656
578
562
674
738
686
700
606
624
656
708
820
846
762
838
1058
1036
954
1016
1118
1090
1058
1048
1092
1060
912
1010
1010
1080
1226
1248
1148
1172
1290
1404
1378
1446
1374
1268
1344
1222
1068
1050
1044
1064
1018
968
942
1026
946
1014
760
710
828
726
810
888
768
894
868
796
550
486
482
424
360
330
270
276
226
484
552
480
484
406
530
604
552
620
724
750
658
546
574
668
524
422
522
526
626
276
346
518
382
386
372
246
242
394
400
430
416
416
494
564
628
598
740
900
944
902
906
1012
980
1116
858
856
780
800
842
916
794
852
1102
1056
1030
920
1056
1090
1098
1162
1248
1160
1118
1034
948
1032
994
1016
1166
1114
1278
1128
1182
1190
1290
1298
1242
1104
1088
1152
1182
1332
1300
1376
1384
1220
1204
990
890
1002
1076
1042
890
846
764
806
806
742
702
812
748
736
644
562
478
614
692
682
540
724
760
860
870
890
900
782
698
558
616
460
438
554
470
552
524
554
792
792
656
754
578
518
558
556
554
548
508
524
538
554
574
466
356
280
394
256
244
172
232
78
8
260
194
206
254
114
106
246
246
212
326
218
124
174
280
252
266
158
344
618
600
508
454
534
762
622
374
662
526
484
568
674
712
738
722
834
826
638
628
656
642
596
452
484
512
320
306
358
216
120
254
434
264
340
232
326
490
614
684
692
520
482
514
440
398
408
542
524
512
538
510
440
476
544
602
714
556
710
702
914
1036
982
1124
1240
1322
1302
1230
1302
1334
1508
1348
1282
1244
1290
1334
1298
1398
1402
1404
1344
1334
1058
992
1114
1080
1212
1264
1280
1334
1252
1212
1186
1180
1154
1272
1328
1240
1390
1324
1350
1232
1292
1334
1396
1328
1226
1324
1158
1138
1100
1082
1288
1286
1446
1496
1490
1464
1432
1542
1510
1446
1374
1398
1464
1672
1674
1674
1764
1616
1636
1564
1628
1542
1522
1390
1434
1482
1634
1640
1648
1754
1802
1848
1706
1696
1628
1670
1640
1608
1464
1432
1432
1524
1582
1504
1590
1550
1696
1654
1648
1600
1470
1464
1522
1572
1692
1928
1952
2048
2154
2036
1950
1962
1916
1856
1708
1728
1610
1712
1790
1770
1972
1928
1758
1752
1740
1656
1688
1648
1586
1514
1476
1458
1416
1246
1382
1474
1422
1416
1456
1302
1344
1414
1534
1650
1532
1608
1562
1522
1608
1512
1552
1278
1194
1322
1314
1272
1124
1142
1086
1174
1232
1394
1478
1438
1370
1226
1354
1384
1474
1422
1532
1586
1578
1646
1788
1806
1806
1844
1624
1668
1718
1802
1836
1844
1900
1748
1778
1954
2050
1776
1896
2006
1850
1954
1898
2048
1978
1840
1902
1996
2026
2070
2030
2090
2140
2310
2346
2180
2292
2150
2074
2126
2020
1966
1796
1846
1858
1608
1648
1782
1846
1894
1770
1806
1800
1704
1760
1784
1722
1678
1586
1508
1496
1674
1726
1928
1882
1926
1886
1790
1916
1842
1862
2072
2034
2020
1900
1956
1868
1748
1716
1758
1774
1784
1914
1882
2056
1956
1992
1820
1764
1906
1978
1998
2018
1960
1948
1910
1806
1690
1672
1636
1610
1608
1622
1602
1696
1892
1860
1886
1894
1834
1466
1416
1498
1454
1664
1836
1602
1576
1636
1678
1564
1586
1652
1562
1596
1778
1824
1918
1802
1822
1724
1782
1760
1838
1966
1844
1824
1920
1878
2022
2020
1976
1790
1714
1758
1682
1596
1590
1656
1710
1632
1680
1538
1790
1604
1604
1470
1238
1226
1148
1152
1110
1006
1192
1004
878
868
1154
1088
960
1014
960
932
1020
938
834
720
638
538
532
480
250
298
224
292
304
152
350
234
230
214
166
72
68
68
8
140
204
244
122
92
84
42
84
142
140
32
26
72
184
270
134
228
34
154
298
398
286
260
296
278
296
366
270
230
454
606
454
390
412
336
398
538
538
626
548
590
474
504
500
464
662
664
658
650
718
744
838
930
804
808
750
766
776
578
470
578
416
318
134
248
378
292
282
178
312
246
244
122
196
494
426
424
194
110
2
82
150
104
102
22
112
140
54
30
92
6
122
254
404
500
632
670
596
562
552
518
472
466
492
446
476
536
540
496
370
454
386
376
236
100
36
146
34
86
10
112
34
28
120
180
258
196
254
70
62
34
16
60
38
130
22
198
60
42
146
148
116
126
12
148
186
158
50
90
158
136
176
262
298
300
390
418
238
244
124
90
106
54
198
2
242
464
372
316
284
398
344
184
252
170
398
372
342
330
414
314
332
302
298
298
256
136
36
8
72
128
196
252
76
58
24
40
26
84
4
82
44
154
130
234
276
232
320
344
358
354
376
422
538
512
440
514
704
782
744
692
794
808
732
776
730
712
698
430
512
454
414
408
436
384
264
266
314
400
616
596
554
614
566
492
448
542
616
432
438
330
356
308
208
298
286
298
334
394
444
446
336
396
572
638
710
462
494
560
492
376
376
564
538
502
578
724
666
800
782
900
1130
1260
1310
1286
1320
1328
1144
1024
936
948
1036
1048
1024
976
924
806
780
728
726
866
830
808
774
1016
766
992
978
1060
1128
1114
1080
1002
1072
1066
1022
1028
872
736
944
928
1128
1162
1112
1250
1166
1082
1148
1062
1076
1148
1110
1206
1368
1460
1538
1376
1510
1594
1562
1500
1638
1524
1450
1448
1316
1398
1234
1110
1140
1020
746
886
954
948
984
984
1048
904
832
924
852
922
902
878
994
1150
1098
1132
998
1114
1016
998
1022
1060
1120
996
1048
1118
1026
1082
1106
1184
1130
1024
940
642
782
694
794
968
1030
1028
862
1016
884
942
942
1000
928
1148
1272
1308
1360
1604
1528
1430
1468
1486
1448
1410
1396
1214
1178
1098
1068
1052
996
930
956
906
1116
922
950
978
848
684
618
498
462
458
416
518
536
494
416
348
358
376
552
712
782
812
878
724
570
528
484
622
808
786
822
1044
892
870
970
1008
836
710
910
724
602
528
564
558
644
758
686
760
716
904
828
872
994
1192
1126
1114
1078
910
800
864
930
918
860
900
944
876
954
932
1160
1148
1062
956
844
880
846
936
996
896
1102
1212
1234
1254
1382
1360
1210
1436
1560
1414
1562
1578
1728
1732
1854
1926
1898
1868
1634
1694
1664
1600
1404
1374
1264
1194
1222
1246
1296
1340
1268
1392
1206
1240
1144
1278
1254
1300
1136
1300
1212
1284
1284
1302
1276
1374
1344
1390
1340
1172
1090
1070
1174
1072
1004
906
1028
1058
968
568
602
812
790
740
576
570
470
454
354
424
302
324
200
76
168
128
210
166
140
148
124
224
342
406
446
484
462
486
540
418
342
230
168
332
276
284
244
300
282
452
500
250
296
362
428
538
516
646
796
830
756
668
758
602
616
460
578
590
506
284
176
140
332
178
152
306
516
358
108
42
66
124
206
120
118
134
18
4
84
210
256
164
162
84
64
36
86
114
56
120
48
42
106
28
72
30
88
138
248
148
250
252
496
414
292
236
238
192
408
216
366
446
376
462
364
336
320
188
22
226
70
126
40
38
38
4
146
42
74
124
176
34
28
172
78
94
28
14
100
106
224
216
306
384
556
526
564
716
598
612
590
632
612
714
584
520
594
612
552
562
516
628
566
684
746
886
878
790
790
856
776
690
596
572
686
632
564
498
288
398
482
404
416
404
596
586
678
812
802
794
686
628
620
542
610
624
632
644
676
686
874
1100
1114
918
938
862
676
764
896
1018
822
642
700
618
508
492
376
382
402
460
538
568
800
872
772
722
726
722
708
692
720
738
722
734
714
796
804
860
972
878
848
718
790
794
772
618
648
524
620
490
446
178
118
76
38
104
140
158
296
148
22
10
22
84
154
58
24
158
112
120
26
146
222
276
128
158
150
100
60
52
136
8
2
46
78
68
88
60
84
174
240
302
306
372
498
662
846
932
926
808
858
1024
886
892
1052
984
946
980
838
798
630
514
698
726
798
780
588
604
612
578
620
654
686
672
668
800
758
572
556
536
570
690
674
694
724
732
830
918
778
832
898
910
946
896
902
900
982
890
980
900
1058
1134
1268
1362
1450
1338
1406
1462
1466
1570
1618
1714
1618
1686
1706
1600
1760
1896
2058
2086
1930
2004
1896
1962
2104
2086
2146
2072
1916
1756
1732
1708
1588
1652
1568
1424
1554
1564
1520
1460
1376
1448
1288
1158
1228
1138
1080
1062
974
956
1102
1024
854
490
354
360
270
394
496
598
794
894
882
760
794
786
872
836
708
554
724
862
810
828
874
1028
1030
1188
1318
1404
1358
1520
1416
1476
1518
1568
1482
1424
1416
1298
1408
1318
1268
1434
1382
1392
1436
1482
1410
1330
1486
1622
1400
1582
1634
1722
1678
1596
1640
1682
1536
1462
1414
1386
1406
1252
1174
1122
1062
1150
1176
1132
964
1024
944
1094
1088
1142
1014
1000
1136
932
786
668
538
636
800
694
834
808
858
854
826
698
738
542
386
372
306
280
208
56
192
134
212
244
216
252
308
292
234
228
174
216
316
324
324
294
308
300
204
192
314
532
548
520
442
568
858
1010
880
940
850
970
872
868
978
1084
1086
1136
1260
1310
1328
1270
1416
1470
1488
1418
1384
1370
1208
1260
1368
1394
1284
1358
1308
1212
1086
1002
1026
1060
1028
866
790
688
658
666
682
756
726
576
622
534
504
188
192
336
386
372
532
432
422
452
692
658
708
706
656
726
866
1024
1168
1162
1096
1164
1174
1208
1102
1192
1196
1180
1044
1044
1052
950
956
1148
1038
920
820
738
806
746
686
790
884
926
1064
1072
1300
1326
1332
1332
1226
1264
1202
1450
1578
1484
1532
1390
1370
1276
1132
