524
546
564
584
590
632
604
576
548
532
572
568
534
488
512
518
528
540
542
594
536
562
518
486
470
432
420
436
418
486
504
482
466
480
502
498
512
532
556
532
578
598
626
608
634
672
650
658
646
620
646
610
630
616
646
702
672
698
694
710
704
714
734
722
750
722
810
804
822
778
744
764
792
756
772
812
772
766
752
714
708
682
664
648
672
680
690
658
598
600
540
506
504
526
536
558
558
496
578
568
600
624
614
640
622
634
660
682
674
694
660
664
692
680
680
686
710
704
758
798
808
812
828
846
816
804
782
772
748
714
742
738
798
790
780
754
740
758
774
822
774
774
734
678
684
682
676
706
678
696
706
658
692
658
624
710
730
716
716
718
714
740
730
756
780
774
804
816
806
758
736
744
730
746
768
730
728
722
720
662
612
644
618
650
642
636
642
666
670
660
682
654
664
664
666
648
572
524
500
514
540
536
522
508
480
472
436
426
414
398
344
342
332
348
284
286
260
254
252
318
330
300
300
298
190
124
122
114
174
212
256
206
244
244
212
170
110
112
100
156
164
182
176
144
142
144
206
278
306
344
414
376
382
398
406
376
388
394
416
368
320
266
284
288
258
272
244
246
244
192
112
100
146
164
186
136
206
286
306
270
206
228
230
246
226
224
246
216
208
232
220
170
164
172
232
278
268
258
260
226
240
238
206
168
168
164
176
120
112
72
20
76
64
60
10
22
50
16
110
114
142
114
76
72
80
90
116
156
92
74
68
74
84
88
82
114
124
146
118
24
26
18
30
42
58
62
104
66
16
24
32
66
74
32
82
62
36
10
14
32
18
24
26
26
26
4
38
70
72
72
98
88
78
0
18
30
68
2
36
2
22
10
22
4
32
54
28
10
50
70
208
190
216
168
146
150
192
146
166
110
80
0
26
26
26
78
48
36
68
112
114
108
110
110
124
124
104
52
58
80
96
116
114
52
36
10
20
26
20
2
28
10
38
44
0
52
26
20
14
18
0
12
4
2
4
8
30
22
86
18
26
24
64
10
48
10
66
66
90
114
158
150
144
148
146
84
106
44
48
90
24
28
24
56
46
34
12
36
2
0
14
20
6
12
0
2
34
6
8
28
28
68
82
112
100
156
146
138
104
96
60
48
38
66
62
90
122
86
112
68
32
6
54
54
48
42
10
32
32
36
38
58
50
90
82
76
62
70
84
58
18
56
30
54
140
140
142
174
216
240
230
220
280
290
262
272
274
270
214
206
208
280
270
246
300
326
310
318
334
348
356
382
416
420
342
316
318
324
272
256
244
168
246
250
254
282
306
326
310
340
314
306
276
304
290
314
270
274
282
262
254
232
252
234
252
278
302
284
320
340
288
298
322
356
376
462
438
476
446
404
392
376
376
442
410
402
402
398
406
348
364
346
412
386
318
314
286
306
316
290
342
346
392
378
398
378
354
362
356
366
350
354
316
342
298
286
302
276
294
286
286
324
330
312
362
364
392
332
316
314
270
278
336
330
298
304
294
280
272
282
356
356
352
298
284
292
220
220
176
158
192
146
148
152
154
130
188
244
220
204
158
152
136
130
104
128
140
148
104
46
84
22
34
64
72
2
20
28
8
38
18
36
10
10
4
16
64
32
20
40
76
0
76
32
54
86
42
56
24
46
38
68
26
6
26
2
80
82
94
34
12
12
12
10
12
6
14
70
52
62
84
68
46
28
26
20
102
156
146
118
130
92
98
16
8
0
52
44
14
72
48
16
34
14
30
38
44
38
30
70
86
84
50
118
124
84
148
202
240
254
294
258
254
278
310
328
324
386
380
378
328
318
370
370
358
344
388
416
380
364
318
330
322
332
308
350
380
370
368
320
322
396
448
428
410
438
408
412
380
354
370
388
438
472
492
518
534
582
570
550
582
640
646
682
718
708
746
722
708
736
722
702
686
630
646
628
594
578
614
656
642
672
666
684
714
734
752
784
788
756
744
686
696
736
754
718
720
686
708
672
690
660
672
720
684
698
698
716
734
738
766
742
734
722
690
662
668
678
654
674
678
726
720
706
738
712
694
680
638
602
612
612
620
602
614
626
628
590
578
578
568
588
624
580
594
618
610
602
598
558
554
600
564
556
566
588
536
554
554
538
576
568
612
580
582
636
664
684
656
652
628
620
604
618
644
616
620
620
640
670
682
638
630
586
562
572
566
626
662
676
652
630
648
656
694
704
726
744
686
718
686
682
698
714
712
686
692
702
704
690
666
658
576
516
492
514
574
588
578
548
556
550
544
512
512
584
606
608
616
580
604
644
614
584
594
564
606
628
602
642
712
710
756
736
750
716
762
824
808
784
796
830
824
842
820
816
778
770
774
788
730
690
678
686
666
696
684
638
606
630
644
642
696
702
688
714
716
716
700
664
674
628
614
650
608
616
598
556
618
626
640
610
624
670
666
608
622
588
590
560
526
536
590
600
578
566
500
524
462
442
420
478
480
452
448
436
472
478
474
466
440
484
494
508
558
556
556
562
524
572
548
526
596
602
596
598
632
668
682
680
742
746
714
724
734
698
664
702
696
666
650
708
744
766
752
726
682
632
642
646
624
624
628
672
720
692
716
770
774
786
800
808
828
804
828
832
820
798
794
788
786
772
778
772
830
808
776
780
760
782
784
760
730
710
690
714
730
738
714
732
750
798
796
768
732
740
758
714
692
722
676
654
690
718
744
726
740
716
746
716
658
634
642
614
568
588
568
570
592
602
620
648
672
678
724
682
742
732
726
754
800
796
818
820
834
806
744
758
752
794
752
792
772
822
810
820
818
816
804
818
784
742
758
774
744
708
698
714
688
692
640
656
676
686
746
742
732
742
726
722
746
770
780
750
756
712
692
620
622
576
578
552
516
548
548
574
596
598
572
616
624
618
632
626
634
604
608
656
662
676
686
700
752
798
758
782
776
750
772
794
748
736
698
684
648
618
632
602
592
594
596
608
538
538
494
472
472
500
520
556
590
562
556
536
528
514
548
534
532
534
536
548
620
592
598
572
558
556
576
546
536
526
522
504
554
510
440
438
438
502
452
434
464
516
526
526
492
452
478
482
458
484
436
398
386
338
348
390
328
324
304
354
322
392
398
378
376
382
416
438
432
474
448
446
428
430
464
508
514
534
512
584
564
548
504
522
522
498
462
434
400
390
374
414
416
498
482
452
438
382
368
332
368
358
428
410
438
430
472
488
476
478
494
596
596
590
596
548
526
444
450
428
440
470
476
452
410
400
376
330
272
296
342
372
356
360
378
430
418
472
486
490
482
460
464
492
464
468
382
370
390
390
396
380
344
346
388
402
416
450
422
444
408
414
348
348
300
316
256
198
206
138
164
150
128
90
72
46
12
44
38
94
34
52
32
46
54
10
6
20
16
36
28
58
10
2
60
50
70
58
102
82
74
60
8
4
10
30
2
34
26
4
10
72
68
68
110
120
126
134
130
74
56
38
52
10
14
34
110
84
80
96
114
94
92
140
170
170
138
88
88
118
146
86
124
100
130
156
150
150
184
128
90
122
126
172
160
188
214
204
196
166
134
100
78
82
116
132
122
94
98
82
130
120
104
128
150
168
224
216
214
210
242
208
174
172
160
144
138
234
232
228
168
166
138
136
106
130
122
138
128
162
156
170
174
168
222
268
288
296
270
208
176
132
184
188
160
160
182
170
202
242
278
284
300
310
330
392
390
400
410
404
418
480
444
452
402
482
466
430
436
424
442
434
458
428
396
388
396
406
386
368
390
422
436
502
570
562
604
572
594
586
582
582
616
608
602
604
630
580
536
532
574
572
528
544
572
540
602
568
530
562
558
508
530
580
630
598
572
568
482
532
570
568
604
660
596
586
558
552
504
444
476
470
454
452
476
466
392
388
414
402
434
482
444
386
370
340
346
364
378
360
390
490
476
466
454
386
432
448
466
414
432
482
488
536
558
558
550
564
560
586
602
602
556
600
574
630
598
610
572
598
604
586
614
620
604
654
602
628
592
584
576
534
526
504
486
456
422
410
394
378
428
470
496
468
456
452
454
400
410
378
390
394
344
308
290
302
270
248
212
268
280
274
246
280
260
274
278
294
306
358
342
360
314
362
338
310
304
278
284
274
224
246
260
214
256
270
288
292
246
238
260
230
202
210
240
218
242
270
258
236
180
212
188
248
254
236
198
194
178
184
206
214
198
190
132
122
118
108
140
188
162
164
136
182
140
182
254
296
282
298
252
254
250
230
188
268
284
260
250
262
238
236
246
254
276
286
302
322
270
248
280
238
244
256
260
340
336
314
328
260
322
368
370
368
364
288
274
266
214
204
172
226
248
306
234
240
202
196
220
254
244
206
250
164
140
132
172
202
174
138
168
196
214
184
178
166
196
136
128
54
36
26
76
70
124
116
94
146
140
206
220
232
242
284
242
260
282
252
292
284
290
274
290
290
332
318
338
412
418
378
388
394
412
426
484
438
402
400
400
434
392
408
350
410
402
392
360
384
416
486
536
518
498
500
508
514
410
390
