1936
1858
1920
1850
1862
1886
1988
2018
1926
2002
2112
2122
2012
1990
2046
2076
2100
2156
2174
2198
2122
2064
2228
2108
1956
1920
2020
1986
1994
1788
1898
1652
1554
1558
1642
1764
1704
1720
1730
1648
1630
1594
1730
1840
1776
1844
1936
2044
1902
2062
2166
2072
2032
2040
2158
2196
2216
2266
2044
2098
2182
2178
2078
2086
2074
2132
2182
2332
2256
2406
2414
2444
2608
2504
2432
2364
2516
2512
2464
2506
2532
2664
2708
2738
2672
2658
2594
2444
2546
2602
2536
2506
2408
2296
2258
2252
2158
2148
2054
1970
1784
1750
1684
1656
1536
1544
1656
1722
1642
1638
1648
1602
1524
1462
1496
1512
1464
1420
1554
1500
1422
1518
1568
1660
1764
1728
1776
1724
1666
1688
1650
1500
1560
1524
1550
1426
1294
1174
1240
1312
1236
1178
1210
1306
1226
1170
1224
1182
978
1080
1134
1250
1220
1388
1414
1406
1344
1456
1282
1242
1130
1250
1348
1182
1146
1134
1080
1206
1300
1382
1368
1458
1282
1126
1242
1338
1450
1316
1408
1428
1466
1360
1408
1368
1414
1574
1594
1604
1716
1774
1752
1888
2012
1922
1808
1762
1644
1638
1578
1582
1758
1800
1758
1658
1538
1456
1332
1424
1486
1614
1652
1608
1458
1494
1182
1222
1094
1224
1306
1298
1326
1398
1432
1220
1492
1510
1558
1440
1280
1306
1258
1218
1242
1290
1446
1368
1380
1396
1286
1148
1178
1262
1278
1186
1260
1150
1340
1364
1320
1336
1382
1402
1572
1712
1554
1472
1424
1496
1596
1628
1686
1570
1520
1312
1388
1360
1422
1524
1378
1180
854
744
712
728
828
772
702
684
636
628
534
404
146
102
346
296
182
256
306
186
34
26
14
40
92
274
364
48
148
220
224
150
70
14
18
80
174
162
60
18
4
96
232
280
272
468
528
440
480
552
654
650
652
480
382
508
328
366
448
476
472
454
540
484
510
426
612
390
418
352
432
542
510
374
444
584
546
570
418
418
454
470
318
364
306
506
682
668
728
696
792
816
626
598
570
702
684
654
626
520
492
558
560
450
444
472
492
576
486
342
420
330
514
258
438
552
656
752
612
562
574
552
626
606
742
778
778
794
932
954
1026
1080
1052
1102
1238
1172
1198
1142
1120
1132
1114
1024
1014
1032
892
746
736
650
706
694
750
742
872
882
802
720
758
872
1016
970
846
668
560
344
288
294
328
346
230
390
290
274
414
374
462
380
398
368
414
438
360
298
416
392
436
478
390
296
142
76
88
174
156
174
58
98
32
172
52
174
238
194
160
216
248
180
148
210
242
262
224
216
156
222
172
56
42
36
140
108
24
60
22
24
66
126
14
42
94
44
100
6
70
172
0
26
72
50
64
22
32
0
30
64
78
80
86
178
286
324
372
398
596
692
548
572
644
748
820
818
742
782
798
802
756
834
764
690
648
656
734
590
626
592
650
640
708
884
816
880
876
874
788
764
742
696
704
764
658
710
570
620
780
906
824
774
810
902
914
886
972
1078
1128
1040
1020
852
944
824
722
754
714
744
714
504
464
410
466
478
572
682
548
624
436
356
382
352
258
236
334
440
422
584
522
542
532
426
354
314
320
380
338
276
392
436
260
298
398
286
202
410
338
152
70
8
58
158
186
306
340
220
168
190
68
114
166
8
2
332
90
78
106
308
608
744
770
788
626
418
308
300
276
182
160
66
52
72
2
70
132
74
112
2
156
152
128
44
82
122
128
100
98
42
64
214
252
300
86
202
252
388
382
332
284
332
382
136
42
28
18
202
380
328
202
96
66
112
130
106
146
194
216
286
416
380
350
298
286
188
296
264
228
256
58
168
140
34
0
66
66
100
118
48
172
208
192
140
148
152
88
222
128
12
60
2
52
80
96
124
92
148
136
340
102
84
10
44
212
268
234
186
82
166
132
46
186
292
218
324
398
402
412
604
510
558
510
598
558
558
476
352
352
378
190
268
312
32
84
276
128
46
54
200
122
136
100
106
52
54
28
50
112
38
76
100
220
134
12
126
174
98
4
72
98
92
218
300
172
162
20
54
170
170
236
140
100
294
304
398
642
626
734
962
746
740
684
810
868
900
892
830
966
1090
1124
1262
1300
1468
1494
1498
1536
1522
1478
1300
1404
1414
1578
1474
1506
1592
1552
1450
1426
1470
1360
1366
1394
1326
1346
1354
1422
1414
1292
1280
1242
1206
1292
1224
1402
1364
1392
1242
1204
1146
1196
1220
1120
1176
1266
1304
1202
1136
960
1108
1210
1330
1350
1426
1436
1314
1220
1156
1174
1104
1216
1368
1330
1324
1442
1392
1366
1488
1452
1480
1528
1470
1568
1568
1678
1580
1406
1414
1366
1310
1484
1588
1560
1522
1478
1490
1310
1416
1508
1268
1410
1224
1270
1278
1280
1214
1176
1306
1226
1310
1456
1482
1690
1772
1822
1834
1876
1874
1808
1960
2068
2138
2264
2142
2206
2122
2042
1906
2012
2062
2174
2032
1836
1846
1974
2056
2096
2184
2248
2330
2260
2274
2244
2252
2226
2376
2230
2220
2190
2246
2064
2016
1988
1910
2030
2192
2140
2322
2142
2236
2154
2296
2334
2184
2152
2150
2152
2154
2126
2170
2000
2002
2188
2100
2058
2006
2010
2066
1988
2072
1904
1840
1966
1850
1926
1896
1910
1916
1948
1874
1820
1836
1950
1996
2010
1798
1730
1570
1590
1662
1676
1656
1646
1626
1646
1636
1586
1646
1616
1742
1774
1828
1890
1948
1946
2040
2114
1894
1778
1888
1778
1556
1454
1526
1554
1284
1448
1494
1424
1390
1478
1280
1298
1258
992
998
1110
1098
1094
1100
1078
1208
1238
1392
1376
1594
1786
1770
1922
1892
1736
1734
1678
1664
1546
1690
1570
1510
1662
1638
1570
1554
1668
1674
1644
1612
1480
1434
1666
1602
1536
1616
1588
1654
1776
1938
1946
1766
1852
1914
1820
1836
1680
1604
1706
1720
1756
1608
1518
1462
1436
1438
1404
1488
1412
1258
1096
1054
1012
1042
1044
976
1098
1102
1102
1214
1210
1282
1354
1336
1260
1296
1264
1300
1190
1136
1130
1012
1034
878
870
802
998
934
828
958
906
824
874
1094
1058
932
1014
1040
1152
1128
1122
1014
1002
1122
1124
1270
1196
1176
1286
1166
1178
1228
1144
1142
1120
1186
1300
1308
1172
1198
1200
1036
1116
1228
1220
1304
1224
1176
1128
1100
996
834
974
942
860
798
734
930
962
784
694
610
686
524
574
688
530
530
520
592
618
730
778
742
958
930
986
914
996
1018
1092
954
986
776
756
696
632
516
430
538
506
398
292
338
328
164
50
34
12
2
56
156
170
158
296
158
142
166
24
58
174
102
118
270
276
234
234
16
90
258
316
310
354
240
332
380
310
320
230
228
318
398
434
376
370
426
370
432
486
592
576
548
694
672
652
736
862
938
1018
1160
982
954
812
894
888
964
694
648
712
826
780
676
682
654
646
548
506
458
468
376
296
416
362
480
400
400
404
270
126
74
122
250
258
276
282
218
206
4
90
106
12
96
16
34
20
60
26
8
10
0
56
192
46
56
40
290
256
286
180
36
158
154
26
6
116
274
364
202
358
144
162
406
430
444
530
510
458
586
552
678
786
920
946
840
662
668
590
400
476
358
386
374
264
94
100
82
88
110
262
408
458
366
240
164
314
436
410
496
588
662
558
470
480
468
552
696
756
594
482
536
532
628
566
578
544
530
798
778
682
640
702
700
724
836
954
840
642
636
386
392
444
470
450
316
446
292
384
352
250
118
198
226
340
424
380
398
384
376
374
508
544
544
562
664
732
780
686
600
770
774
862
860
808
886
824
916
810
824
996
938
1056
1050
950
1068
1074
1160
1290
1272
1120
1126
1142
1242
1204
1230
1260
1200
1078
1026
998
1048
956
938
1072
900
774
900
1024
966
1038
1152
1282
1202
1232
1290
1202
1118
1162
1218
1134
1156
1282
1442
1644
1768
1784
1622
1560
1574
1534
1644
1494
1418
1436
1376
1352
1200
1228
1292
1350
1508
1506
1522
1598
1726
1638
1740
1826
1892
1916
1964
1976
2066
2110
2092
2024
1956
2078
1906
1746
1830
1828
1804
1782
1830
1818
1682
1732
1644
1626
1698
1808
1948
2018
2168
2186
2016
2034
2128
2174
2358
2412
2388
2540
2544
2466
2484
2518
2430
2492
2600
2600
2422
2442
2370
2320
2364
2292
2200
2174
2170
1924
1956
2114
2062
2048
2102
2036
1886
1716
2004
2058
2112
2142
2042
2046
2166
2112
2072
2026
1924
2124
2124
2018
2236
2278
2278
2144
2114
2134
2352
2402
2526
2676
2714
2774
2806
2788
2836
2770
2590
2636
2682
2598
2564
2504
2646
2518
2246
2174
2122
1950
1890
1824
1680
1728
1806
2002
2050
2242
2086
2042
2078
2080
2098
2226
2118
2192
2254
2254
2190
2326
2378
2278
2322
2252
2430
2356
2528
2698
2752
2718
2752
2598
2618
2506
2528
2556
2510
2450
2460
2678
2808
2842
2782
2826
2902
2936
2840
2688
2608
2756
2772
2748
2828
2982
2910
2962
2992
3098
3200
3266
3080
2944
3032
3058
3024
3026
2912
2748
2720
2760
2778
2828
2862
2938
2986
2870
2826
2936
2878
3036
3148
3100
3082
3160
3264
3428
3550
3414
3532
3500
3432
3260
3218
3152
3094
2956
2920
2928
2940
2810
2752
2750
2706
2860
2836
2762
2628
2732
2720
2584
2646
2690
2744
2686
2708
2762
2750
2586
2712
2756
2918
3004
2864
2794
2796
2732
2478
2614
2698
2716
2764
2904
2774
2770
2634
2540
2426
2564
2600
2514
2590
2456
2552
2360
2372
2452
2354
2564
2406
2326
2424
2314
2298
2310
2372
2382
2558
2586
2558
2438
2434
2552
2524
2498
2388
2388
2264
2346
2468
2396
2488
2520
2540
2554
2556
2532
2598
2456
2570
2732
2620
2622
2546
2656
2798
2872
2882
2996
3084
3092
3182
3206
3304
3236
3210
3170
3158
3070
2960
3052
3044
3078
3028
3038
2906
3034
2988
2972
2948
3050
2930
2840
2852
2780
2918
2978
3080
3046
3110
3204
3300
3286
3278
3208
3002
3002
2986
2956
2988
3126
3126
2946
2792
2722
2702
2668
2612
2704
2562
2586
2622
2476
2432
2492
2414
2404
2370
2320
2334
2252
2408
2472
2330
2252
2240
2072
2114
2132
2174
2264
2224
2112
2218
2078
2080
2052
2078
2216
2070
2178
2272
2286
2314
2428
2384
2368
2422
2306
2272
2312
2124
2210
2110
2112
2222
2212
2258
2284
2208
2342
2406
2596
2626
2572
2572
2484
2400
2294
2330
2156
2174
2284
2130
2166
2210
2324
2288
2334
2360
2252
2340
2342
2450
2404
2528
2522
2552
2466
2458
2390
2290
2338
2498
2476
2504
2492
2510
2464
2490
2486
2530
2406
2338
2368
2430
2260
2330
2466
2382
2284
2306
2068
1934
1996
2192
2102
1936
2020
2134
2046
2104
2204
2216
2238
2200
2304
2344
2204
2264
2286
2358
