338
288
346
296
304
394
432
434
494
372
404
324
334
304
294
218
244
342
344
288
332
384
386
366
316
374
452
448
526
524
476
512
576
648
692
754
646
588
554
638
650
692
550
534
550
546
452
508
510
476
408
296
240
276
214
278
300
270
234
62
36
52
12
40
10
10
82
74
94
148
130
130
190
144
58
62
66
56
62
30
12
96
120
272
312
290
222
258
260
284
360
322
306
302
252
306
384
306
212
180
102
110
58
112
122
138
70
166
124
104
120
128
58
6
84
64
36
84
154
60
166
112
84
76
64
92
80
176
124
10
4
34
102
146
88
168
224
224
140
92
134
216
188
220
136
254
212
232
262
384
290
240
250
274
242
364
278
262
258
188
88
136
156
148
160
266
218
142
164
176
192
192
220
254
132
172
256
380
328
386
340
294
238
146
210
126
166
82
90
34
102
38
106
92
28
90
70
34
18
42
112
150
218
188
238
266
264
318
260
192
194
326
230
244
280
414
444
448
526
388
440
368
332
398
466
570
562
560
568
576
644
624
580
524
446
362
370
378
342
398
304
308
356
174
218
154
224
242
308
274
310
306
220
216
256
156
262
138
50
24
22
26
82
88
174
300
312
362
290
352
352
440
384
414
520
510
368
268
196
234
306
352
416
404
456
530
390
440
492
524
482
540
550
512
350
250
274
238
128
136
218
350
298
420
306
400
418
378
352
400
486
440
422
412
404
394
348
174
306
416
428
424
414
438
418
372
508
510
538
596
636
654
616
624
686
564
618
576
574
542
588
658
690
694
750
764
714
734
660
628
598
644
680
690
682
740
718
708
624
650
646
762
720
738
616
524
570
460
566
530
626
550
566
520
586
642
586
642
722
726
756
722
680
628
692
720
694
618
666
650
690
640
704
726
836
854
826
842
734
852
874
830
834
772
802
822
928
864
850
854
814
786
762
814
910
922
836
764
914
834
840
856
720
746
826
800
812
792
862
936
940
972
984
942
914
920
1044
948
838
864
832
724
716
680
606
618
700
702
718
738
718
748
690
686
642
598
588
570
578
598
576
562
592
598
634
646
676
712
648
620
646
708
704
732
810
772
748
666
664
738
738
654
698
706
752
798
796
808
840
688
664
760
658
542
578
712
702
728
774
756
760
702
712
628
666
640
614
460
390
294
322
364
338
348
356
424
380
458
592
522
448
398
324
404
384
412
478
510
548
584
538
622
632
584
528
466
548
612
596
554
662
660
632
558
648
602
548
576
538
444
490
498
420
416
568
486
466
378
418
494
494
550
618
656
654
608
614
646
614
624
666
664
624
692
738
750
818
854
844
914
888
898
888
866
974
922
768
652
714
780
868
780
808
958
942
970
898
982
900
914
1054
962
1034
1122
1064
1084
1172
1166
1216
1216
1162
1250
1200
1250
1384
1412
1300
1262
1270
1326
1442
1466
1526
1510
1554
1550
1554
1612
1654
1626
1644
1618
1582
1674
1650
1504
1506
1506
1454
1488
1468
1552
1536
1608
1572
1522
1456
1508
1452
1536
1432
1528
1466
1514
1572
1654
1684
1744
1718
1644
1686
1610
1578
1544
1536
1518
1512
1546
1548
1442
1368
1430
1454
1394
1448
1394
1450
1470
1380
1410
1496
1534
1504
1548
1546
1658
1650
1626
1542
1590
1558
1648
1798
1878
1934
2000
1948
1866
1884
1898
1974
2010
2048
2088
2156
2074
2132
2168
2188
2160
2272
2236
2312
2202
2178
2224
2220
2194
2134
2156
2194
2178
2136
2132
2148
2106
2036
2050
2054
1988
1978
1892
1952
1934
1994
1998
2012
2018
1942
1924
1926
1854
1846
1734
1772
1818
1874
1870
1862
1852
2002
1966
1904
2016
1980
1972
2030
2098
2078
2046
1996
2004
2056
2028
2086
1884
1878
1876
1916
1850
1866
1900
1990
2006
1944
1928
1774
1768
1672
1640
1676
1642
1716
1652
1710
1772
1758
1800
1786
1800
1752
1808
1784
1816
1856
1824
1750
1664
1698
1648
1642
1702
1676
1728
1618
1518
1460
1476
1502
1622
1540
1564
1606
1612
1672
1622
1640
1612
1664
1710
1820
1810
1774
1738
1782
1742
1732
1648
1710
1650
1562
1610
1660
1694
1624
1634
1648
1692
1728
1720
1722
1826
1782
1754
1720
1574
1578
1640
1732
1712
1672
1676
1736
1824
1966
1956
1896
1866
1832
1936
1952
1960
1960
1962
1974
1922
1956
1912
1886
1972
1922
1852
1880
1908
1898
1872
1854
1840
1884
1908
1920
1974
2014
1990
2044
1942
1932
1870
1888
1972
1928
1922
1990
1900
1880
1884
1900
1920
1952
1922
1918
1900
1932
2024
2016
1938
1836
1886
1954
1912
1908
1960
1976
1960
2074
2050
2018
2082
2032
1986
1986
2054
2044
1918
1982
1958
1814
1870
1796
1752
1670
1664
1746
1772
1792
1804
1828
1770
1732
1660
1748
1696
1772
1666
1662
1618
1670
1600
1498
1462
1544
1582
1554
1570
1624
1578
1566
1566
1524
1466
1382
1458
1530
1542
1498
1494
1432
1500
1474
1566
1580
1620
1604
1636
1706
1752
1760
1786
1844
1830
1898
1942
1920
1952
1908
1826
1822
1964
1940
1912
1930
1928
1928
1986
1942
1948
1990
2024
1948
1882
1746
1740
1676
1710
1810
1818
1676
1672
1644
1722
1766
1748
1766
1702
1814
1808
1738
1798
1926
1958
2056
2058
2030
2026
2024
2022
2064
1994
2026
1986
1994
1980
1996
1938
1948
1968
1970
1964
1818
1850
1792
1880
1806
1728
1702
1744
1756
1722
1710
1694
1822
1800
1824
1798
1860
1828
1810
1748
1802
1810
1768
1832
1840
1804
1798
1806
1738
1726
1702
1756
1710
1712
1678
1680
1658
1570
1512
1482
1438
1460
1590
1564
1496
1464
1484
1402
1422
1324
1268
1266
1246
1224
1190
1116
1084
1040
1064
1020
1004
1072
1232
1272
1302
1288
1298
1250
1184
1154
1134
1194
1098
1086
1086
1066
1142
1140
1214
1158
1174
1088
1098
1134
1108
1140
1160
1200
1194
1288
1274
1280
1348
1390
1416
1368
1384
1436
1308
1324
1386
1400
1480
1444
1450
1482
1548
1522
1590
1636
1584
1486
1498
1440
1398
1342
1352
1318
1268
1318
1360
1336
1474
1416
1362
1402
1338
1428
1494
1472
1418
1428
1466
1478
1434
1548
1548
1514
1570
1602
1582
1584
1594
1620
1624
1526
1574
1596
1606
1652
1608
1560
1496
1528
1564
1536
1572
1626
1602
1696
1716
1652
1696
1710
1774
1740
1572
1580
1540
1518
1506
1472
1432
1452
1316
1306
1398
1378
1220
1166
1254
1260
1208
1236
1256
1260
1364
1374
1472
1468
1504
1448
1458
1542
1598
1564
1634
1644
1688
1626
1598
1614
1668
1734
1756
1758
1736
1712
1694
1708
1688
1776
1856
1908
1862
1952
2088
2022
1974
1922
1946
1816
1670
1692
1716
1700
1736
1652
1758
1786
1906
1826
1892
1926
1872
1828
1810
1940
1948
2036
2038
2086
2050
1998
1920
1792
1760
1662
1750
1654
1686
1696
1676
1658
1638
1818
2002
2102
2128
2120
2234
2154
2114
2204
2248
2234
2240
2178
2154
2150
2204
2276
2180
2184
2192
2186
2220
2268
2280
2374
2414
2424
2380
2414
2370
2424
2398
2328
2292
2334
2276
2188
2142
2276
2278
2286
2250
2220
2158
2204
2330
2356
2396
2364
2364
2338
2272
2256
2364
2280
2286
2330
2200
2312
2426
2394
2430
2416
2390
2322
2456
2378
2310
2320
2284
2306
2436
2370
2354
2288
2222
2248
2264
2312
2442
2470
2436
2418
2432
2420
2436
2456
2440
2390
2424
2328
2352
2338
2438
2360
2268
2196
2204
2212
2170
2234
2286
2282
2324
2288
2226
2320
2254
2268
2200
2270
2196
2228
2192
2144
2238
2250
2190
2214
2174
2170
2172
2124
2094
2224
2172
2182
2230
2200
2098
2146
2148
2002
2032
2096
2132
2102
2012
2056
2142
2202
2236
2316
2384
2352
2228
2252
2182
2158
2166
2162
2118
2020
2004
1914
2126
2112
2016
1948
1974
1950
2064
2028
2088
2134
2168
2084
2132
2142
2194
2176
2246
2248
2308
2360
2276
2216
2246
2148
2214
2282
2406
2504
2516
2558
2530
2544
2594
2570
2588
2462
2510
2538
2462
2500
2492
2504
2410
2358
2466
2498
2430
2450
2430
2392
2420
2350
2316
2156
2142
2050
1978
1948
1868
1880
1788
1758
1796
1826
1886
1854
1792
1844
1798
1752
1788
1740
1740
1732
1710
1640
1660
1722
1672
1642
1586
1576
1610
1536
1566
1490
1456
1422
1422
1430
1312
1320
1224
1354
1326
1246
1218
1152
1112
1096
1156
1112
1026
1000
986
972
958
884
928
842
852
912
902
974
906
1030
1040
940
838
880
822
792
816
828
892
864
888
1028
1070
1120
1180
1022
1050
1170
1024
962
1008
1034
1038
1054
1110
1126
1114
1154
1154
1192
1138
1162
1094
1122
1070
1086
1250
1130
1256
1220
1188
1168
1182
1252
1212
1238
1274
1182
1164
1102
1034
1056
1134
1126
1134
1112
970
1052
1106
1170
1156
1110
1104
1082
996
970
1020
1004
1042
1094
1104
1130
1122
1108
1116
1140
1120
1032
984
1046
1048
1074
1082
1030
1092
1046
1130
1102
1148
1162
1202
1204
1236
1158
1124
1072
1168
1208
1332
1332
1268
1268
1284
1268
1254
1314
1322
1376
1474
1436
1420
1422
1520
1572
1568
1532
1536
1574
1602
1550
1578
1598
1566
1634
1594
1544
1580
1652
1688
1670
1782
1690
1782
1856
1862
1806
1748
1728
1724
1676
1706
1734
1676
1752
1786
1764
1684
1734
1734
1804
1822
1720
1774
1832
1812
1820
1776
1776
1662
1736
1764
1778
1756
1670
1672
1628
1616
1712
1660
1748
1598
1606
1626
1606
1556
1638
1626
1668
1572
1572
1620
1614
1554
1590
1656
1616
1598
1604
1608
1584
1560
1564
1560
1544
1482
1446
1410
1348
1406
1414
1410
1348
1432
1442
1352
1336
1290
1292
1318
1314
1302
1266
1248
1292
1358
1380
1432
1580
1630
1596
1524
1596
1574
1512
1486
1444
1480
1420
1398
1306
1350
1352
1396
1320
1236
1202
1372
1334
1322
1300
1318
1338
1340
1248
1312
1366
1258
1238
1248
1322
1290
1312
1230
1282
1416
1482
1448
1474
1368
1252
1196
1242
1202
1238
1190
1198
1138
1190
1186
1206
1258
1294
1398
1486
1468
1594
1648
1676
1592
1578
1566
1558
1550
1514
1462
1524
1468
1390
1358
1504
1490
1514
1484
1512
1544
1570
1548
1592
1542
1550
1542
1550
1536
1538
1376
1396
1372
1448
1402
1486
1520
1572
1598
1632
1762
1758
1722
1736
1666
1776
1750
1674
1622
1698
1626
1672
1698
1808
1886
1820
1706
1746
1762
1882
1798
1824
1836
1770
1734
1726
1680
1698
1718
1750
1906
1924
1962
1914
1866
1914
1894
1888
1930
1882
1902
1994
1976
2012
1982
2052
1954
2012
1984
2010
2096
2076
2066
2054
2058
2016
1964
1962
1950
1908
1888
1814
1800
1790
1734
1676
1690
1612
1666
1624
1522
1594
1512
1564
1630
1636
1728
1728
1742
1784
1704
1738
1758
1762
1772
1904
2028
2042
1940
1902
1800
1696
1708
1648
1688
1646
1556
1514
1536
1596
1572
1476
1434
1426
1448
1570
1546
1650
1672
1716
1710
1688
1588
1630
1672
1736
1718
1684
1738
1744
1760
1822
