764
792
786
764
742
718
718
700
686
694
718
726
724
716
710
726
680
720
734
772
778
792
790
810
828
856
838
840
866
870
874
876
898
906
934
912
932
902
876
872
868
804
764
812
824
850
826
810
788
798
808
806
782
774
818
834
862
874
850
870
846
862
876
878
886
910
848
854
818
836
844
850
864
888
886
902
856
856
846
874
858
868
876
860
858
888
918
934
920
938
932
934
926
930
910
900
848
826
830
834
832
816
846
806
822
862
816
800
790
778
808
816
832
840
836
846
836
822
842
820
846
870
842
818
836
818
824
774
796
792
764
748
780
792
830
802
808
820
792
766
766
746
750
746
782
776
766
760
726
678
696
658
690
736
742
710
752
766
750
792
758
770
738
720
740
748
708
750
782
786
826
846
838
862
832
852
848
848
814
818
830
860
884
850
848
828
832
848
846
854
876
860
870
878
838
824
816
780
776
750
724
760
776
746
818
830
816
782
752
740
756
754
712
728
696
682
708
702
724
702
682
684
706
756
828
830
844
868
864
888
870
878
870
890
904
908
904
872
850
870
848
830
840
852
850
874
874
886
854
882
898
906
900
890
890
864
840
872
858
886
886
866
894
888
852
818
826
830
832
834
820
846
824
830
818
810
816
772
806
748
746
728
756
760
764
784
810
822
840
806
830
860
860
866
886
904
906
898
872
884
894
880
898
920
894
912
936
910
880
926
920
890
900
900
876
898
874
864
848
896
884
888
890
874
904
880
910
890
892
874
860
850
850
866
884
898
910
908
890
870
878
900
924
880
866
844
836
858
874
852
862
890
904
872
898
906
874
854
866
894
870
888
858
880
912
886
872
846
858
828
848
876
852
864
864
850
834
804
792
816
792
792
786
784
770
824
828
862
872
912
902
900
916
914
884
850
862
876
900
884
860
864
830
838
862
832
822
834
848
850
806
780
808
794
808
822
834
824
848
826
888
872
856
848
832
856
884
870
864
830
822
858
812
774
796
796
824
828
878
878
882
880
870
852
854
900
918
900
900
896
872
896
894
922
912
934
878
878
870
836
808
828
826
828
784
834
822
870
842
816
804
816
846
850
876
908
892
896
914
880
896
872
876
856
866
850
872
868
832
810
806
784
768
786
800
840
858
858
844
828
850
836
844
796
814
816
784
768
776
782
770
750
768
772
800
820
858
874
844
816
826
828
854
858
862
898
864
896
904
916
916
930
930
920
910
902
898
912
864
854
868
862
862
888
864
854
832
878
874
848
860
860
866
866
856
864
882
882
866
880
912
890
896
864
832
840
824
830
790
836
802
792
794
804
808
790
744
780
774
820
822
830
824
832
828
834
854
844
860
852
864
842
816
812
766
766
776
688
660
674
652
644
714
684
692
704
740
734
748
728
750
744
780
780
778
810
816
824
866
824
824
852
846
868
868
846
862
856
890
908
878
896
880
876
870
866
844
858
836
872
876
856
840
814
836
854
812
812
820
836
820
866
856
878
826
854
854
852
864
870
846
828
806
778
792
780
772
788
812
838
824
808
816
800
840
858
864
836
862
898
862
860
870
842
870
870
874
872
894
898
896
886
916
900
888
902
894
886
912
912
908
884
862
854
808
844
838
864
838
846
872
876
870
870
864
876
870
858
898
884
882
846
846
832
842
856
872
856
862
884
878
892
890
872
874
862
876
904
886
882
874
866
878
888
914
912
904
906
894
926
932
918
940
928
912
936
932
926
892
876
850
822
832
860
868
884
854
830
816
820
840
838
822
876
874
894
930
918
910
924
890
892
924
910
902
924
878
888
906
898
928
926
936
916
920
890
882
888
884
860
838
840
860
844
836
860
842
850
850
904
876
872
880
872
906
880
894
882
854
850
840
838
852
850
844
836
884
920
900
872
872
876
864
892
928
910
914
894
914
902
888
880
878
888
884
904
906
906
916
908
932
962
942
904
874
914
906
872
852
850
854
854
840
848
854
830
812
808
802
816
778
812
798
830
874
870
914
894
902
904
886
872
892
872
868
862
858
868
856
880
900
876
888
884
900
908
878
918
926
918
920
926
936
936
886
886
874
858
836
834
812
790
834
812
850
862
842
832
828
834
762
726
732
718
710
758
706
698
682
672
688
724
710
690
724
744
792
818
822
844
862
852
852
832
822
820
820
814
842
826
816
830
868
856
884
896
880
856
856
880
860
868
860
902
890
916
884
868
856
828
846
848
862
850
870
896
894
906
898
884
902
870
870
902
870
900
908
896
870
922
910
918
882
848
860
862
880
902
890
906
936
926
932
920
896
902
904
886
928
870
872
810
786
804
822
860
832
816
818
818
794
792
780
764
764
806
796
854
868
864
874
882
918
914
912
940
944
922
930
918
898
892
880
874
862
878
846
856
862
862
856
848
830
846
844
882
896
892
874
860
840
844
868
874
870
880
882
894
914
912
908
866
886
882
864
862
856
812
864
874
854
848
788
820
836
798
816
818
864
880
860
876
850
860
834
836
864
876
878
858
824
832
830
808
838
800
788
810
812
818
800
822
856
862
858
908
874
878
872
876
886
876
878
906
904
914
870
882
870
880
854
866
856
846
842
836
870
872
866
838
852
842
878
878
906
936
938
914
922
922
914
898
924
928
932
918
898
860
868
870
876
920
894
898
876
876
902
880
870
880
896
902
934
948
932
918
862
884
866
882
874
908
882
880
886
878
896
930
936
936
920
908
882
898
888
888
914
924
932
922
914
922
892
882
836
828
808
818
806
818
798
804
784
802
764
768
798
784
746
792
734
740
782
804
848
822
790
814
816
860
858
896
912
904
892
914
908
898
926
922
912
920
910
884
892
912
910
894
864
846
884
892
896
880
870
880
854
898
878
894
898
898
872
828
814
822
808
848
844
830
834
844
842
862
868
834
860
858
840
822
834
826
858
836
818
844
862
852
822
814
824
794
808
816
826
828
802
780
844
790
742
764
792
814
800
810
826
834
848
854
862
876
898
894
870
876
876
880
870
894
872
902
916
930
938
924
916
936
900
930
914
902
874
906
914
918
906
882
858
828
818
850
784
798
784
764
782
808
792
786
792
744
724
702
676
662
672
656
644
666
702
694
704
674
644
602
646
646
646
638
628
648
664
652
676
692
692
694
760
706
672
682
650
640
624
602
642
634
646
646
692
680
654
634
596
628
610
618
610
640
614
644
636
666
642
650
664
630
636
614
572
602
608
654
668
658
642
618
678
688
702
656
666
700
714
696
680
694
694
666
636
656
634
634
618
616
664
684
652
648
610
604
606
584
578
582
594
592
598
616
606
606
574
590
576
568
566
532
528
526
528
538
518
522
506
538
498
486
458
462
504
534
520
534
548
494
498
468
470
474
476
522
542
522
520
532
492
540
548
536
544
594
578
552
556
566
590
588
588
572
580
624
636
650
648
678
724
708
664
684
676
594
594
610
648
654
656
696
698
686
676
702
680
714
704
716
720
738
766
762
780
792
808
804
842
798
774
778
758
818
778
792
796
792
762
718
756
720
696
734
772
786
806
804
810
788
788
838
840
868
876
888
890
890
866
860
870
878
858
830
818
810
834
854
846
864
874
842
846
852
858
876
860
848
864
872
904
896
894
904
904
878
900
902
904
870
900
936
940
912
904
890
902
884
878
870
860
906
892
878
882
864
898
914
890
900
890
912
920
898
888
876
876
880
898
884
870
870
882
912
914
904
858
848
894
908
916
908
904
902
912
902
882
890
882
920
924
944
924
914
922
914
906
912
912
920
880
848
816
866
848
828
858
882
904
910
916
914
910
942
932
924
918
914
896
902
906
944
918
946
948
942
942
950
940
922
920
920
932
918
882
878
846
826
832
790
748
746
744
792
772
822
798
832
810
826
826
794
800
828
854
842
816
810
834
808
832
830
828
834
822
850
808
810
822
794
776
780
762
766
790
776
772
780
808
836
814
786
802
784
782
838
804
786
800
814
814
838
826
854
884
892
870
856
854
846
864
880
872
850
846
876
866
840
836
838
824
802
784
786
828
804
820
872
864
892
894
918
946
948
938
922
896
912
928
924
922
908
906
890
870
864
874
870
890
880
874
876
852
850
844
888
884
868
894
902
860
860
848
838
806
822
840
842
856
848
858
842
886
880
856
832
842
896
918
902
896
904
904
916
900
866
868
880
846
844
854
914
916
890
888
902
884
884
878
882
854
842
790
742
744
724
756
734
762
784
794
776
828
870
800
848
860
854
848
846
844
886
888
886
914
896
902
918
896
854
868
886
918
924
902
874
908
920
892
900
904
872
898
878
888
864
848
832
872
888
872
862
834
840
884
890
880
902
876
906
912
918
908
876
844
846
846
854
862
874
848
840
852
828
876
894
880
888
908
902
898
898
842
832
858
858
866
848
864
888
886
876
862
886
882
908
884
880
872
864
864
878
896
894
882
856
866
866
872
900
874
872
870
888
850
878
892
888
906
886
860
844
834
826
814
818
806
814
814
866
862
822
856
840
828
818
856
834
832
816
806
790
800
820
852
832
812
850
876
862
890
868
862
922
