130
58
104
122
86
94
88
56
44
44
76
42
12
40
102
52
30
10
8
8
0
40
20
34
98
142
196
208
256
282
326
350
260
268
300
284
312
298
278
300
242
212
142
108
88
120
82
124
116
112
166
100
66
106
112
40
2
30
40
66
66
70
24
54
64
32
54
56
68
44
34
70
38
22
10
100
32
138
142
142
142
108
80
38
46
52
74
74
82
66
82
42
86
144
116
112
132
74
66
40
4
8
14
108
140
170
98
50
48
60
44
28
66
46
44
60
30
46
32
44
18
28
48
100
112
134
102
114
134
154
196
150
138
124
104
104
130
92
60
2
34
38
0
48
46
4
28
12
6
10
48
80
14
48
4
4
32
10
2
42
6
64
120
80
120
118
114
110
76
90
156
162
128
102
86
120
144
156
144
122
124
136
186
186
126
178
160
160
60
80
78
84
96
84
50
4
50
20
50
66
58
34
76
38
86
26
38
58
106
144
184
198
224
220
218
164
148
162
242
266
234
256
258
244
278
296
262
236
230
234
226
242
230
266
184
210
236
244
154
116
136
88
124
134
148
166
174
102
84
146
176
180
176
196
162
134
82
90
126
78
120
106
80
82
90
80
150
126
84
78
88
54
12
50
154
82
62
26
100
62
86
74
20
14
48
50
56
46
76
94
76
70
100
64
38
80
94
126
140
106
68
120
116
62
54
60
90
96
68
40
30
72
110
94
78
78
36
84
166
176
208
190
150
136
150
130
148
168
156
160
168
164
88
72
114
80
74
54
14
10
74
60
12
54
58
52
16
6
2
12
18
12
12
28
6
20
42
50
2
48
90
78
14
22
10
0
12
76
86
80
36
8
4
14
22
98
200
212
212
150
158
98
76
94
84
130
148
140
96
40
82
82
58
54
26
88
184
128
72
38
46
72
100
74
64
80
78
76
0
34
54
22
90
124
120
100
86
78
42
34
0
36
28
74
108
50
12
54
4
28
10
8
46
60
74
78
88
68
50
46
54
110
76
68
42
58
18
74
92
126
166
138
84
68
64
42
34
30
76
0
4
44
56
14
24
64
54
18
22
14
16
60
68
84
32
38
78
48
48
4
4
6
12
4
16
26
46
2
24
104
116
104
108
94
56
54
32
18
112
124
116
68
74
86
104
46
62
58
70
86
110
118
96
144
226
242
284
278
300
352
320
266
336
352
400
412
370
418
390
388
406
408
440
430
410
468
454
464
434
452
426
466
444
416
388
370
362
372
340
416
376
416
460
416
344
320
270
258
288
370
356
360
362
316
330
358
326
344
430
432
454
430
386
330
328
330
302
320
312
264
246
272
318
302
344
290
266
238
228
178
160
216
182
140
128
126
84
132
174
160
184
186
164
216
226
252
264
224
248
192
170
126
104
178
212
230
196
180
144
154
124
222
220
230
156
142
100
98
104
30
8
46
38
18
26
40
86
68
76
92
108
84
44
52
14
38
26
52
4
24
18
8
32
40
4
62
72
10
32
54
60
154
162
156
110
62
14
18
12
6
6
30
14
42
10
22
50
30
102
52
92
40
56
84
20
18
26
38
4
38
10
44
110
104
72
30
62
14
20
42
64
66
12
22
8
48
92
46
66
38
102
126
154
122
130
128
106
166
184
214
212
222
206
108
96
132
146
92
46
104
70
42
34
48
40
40
16
26
62
96
6
58
40
104
102
130
158
222
252
196
208
252
322
276
218
206
168
128
102
100
162
136
160
142
150
180
196
216
218
208
194
212
242
302
284
302
270
256
212
148
168
112
122
146
118
118
62
70
100
122
150
152
192
104
112
126
182
196
240
224
246
316
370
292
246
248
208
256
240
232
186
190
200
188
160
144
154
182
152
128
104
26
92
130
168
140
164
124
130
98
68
32
20
28
36
42
36
30
22
16
20
12
20
14
14
36
28
14
48
40
10
50
56
42
22
46
62
8
20
68
60
132
98
116
92
84
106
42
2
44
66
80
78
70
28
74
68
22
34
56
60
98
156
128
116
94
64
22
50
56
64
54
74
84
90
114
186
174
130
126
80
136
104
80
86
100
106
100
140
178
232
208
188
196
224
212
226
210
192
206
144
236
240
282
342
294
320
266
200
194
158
170
156
150
168
184
174
180
186
236
248
316
266
212
210
260
252
218
216
234
160
96
50
40
16
30
10
2
58
54
76
52
94
104
48
52
36
78
32
44
36
56
104
198
208
200
176
208
218
226
246
254
200
212
198
184
174
160
164
116
92
112
58
116
88
84
58
124
166
154
200
178
186
218
250
262
280
258
218
186
140
134
150
122
98
50
90
78
86
80
50
106
92
90
48
2
60
52
46
80
74
84
76
88
8
10
80
44
68
112
132
130
126
130
66
32
2
24
60
100
80
78
36
56
136
136
64
96
114
104
116
98
66
52
98
90
72
94
34
108
194
270
248
140
158
168
106
44
16
30
60
36
68
76
60
44
92
94
74
16
34
12
20
66
42
22
42
70
34
20
76
146
156
142
116
70
86
66
122
110
106
78
60
44
124
132
144
136
110
122
122
134
120
82
60
52
76
64
118
120
70
122
106
106
100
100
66
34
52
102
76
124
136
164
140
122
144
146
150
204
176
208
140
140
144
146
136
30
50
28
12
14
36
24
22
66
28
44
50
88
82
128
152
156
96
26
64
86
96
54
6
18
40
4
38
74
76
122
128
116
104
146
138
172
196
262
254
276
276
290
278
192
210
220
166
170
144
148
104
64
16
82
64
36
88
110
144
96
86
130
96
76
78
62
42
48
26
20
78
76
68
78
112
108
66
32
20
96
116
110
94
118
172
140
142
116
68
40
70
52
94
74
92
14
14
14
10
4
18
30
38
40
56
54
44
14
12
22
6
18
60
24
2
18
14
10
0
14
72
80
66
62
82
38
6
48
34
26
26
14
84
114
92
84
102
90
60
106
136
134
98
112
144
190
186
232
230
162
130
110
104
118
94
68
44
12
26
14
32
84
142
112
104
170
152
132
172
212
156
116
98
120
76
98
92
140
124
120
130
160
170
132
132
120
120
108
164
164
192
246
194
206
182
156
158
190
260
224
182
228
190
214
270
232
250
274
246
246
198
146
142
68
100
68
66
44
78
82
152
176
208
152
134
206
220
204
166
156
210
182
214
252
226
278
326
354
284
302
262
244
208
216
278
256
278
316
328
354
328
370
406
420
412
452
450
432
442
462
474
438
430
432
432
424
384
418
460
498
456
478
444
438
426
406
434
426
404
422
454
410
378
342
360
400
394
396
444
428
414
428
426
430
438
422
444
410
440
392
394
358
322
254
232
238
240
224
240
190
176
112
74
140
190
292
282
276
196
170
148
116
56
136
140
104
126
108
152
116
58
154
154
214
194
164
114
98
82
44
46
24
34
76
86
86
116
110
170
136
112
172
188
268
298
226
252
262
290
338
240
250
306
286
266
272
274
312
380
330
374
388
348
370
348
332
362
410
406
446
404
410
390
374
380
402
370
346
280
326
340
280
224
200
270
314
288
278
360
426
444
412
354
344
330
346
334
324
282
234
182
200
160
110
78
66
8
6
36
44
6
38
0
22
12
40
44
0
10
56
72
94
122
84
62
36
38
50
42
90
136
166
142
200
192
206
238
218
228
216
176
164
108
116
166
132
190
220
232
212
194
276
290
312
338
292
220
192
246
256
256
198
174
170
172
148
124
104
96
80
36
30
2
14
38
70
114
78
116
74
70
86
96
136
136
104
132
108
150
130
108
154
152
158
178
186
148
172
98
82
12
4
38
92
134
148
108
98
88
32
28
6
18
44
4
50
4
20
24
26
46
88
96
66
38
20
36
90
120
160
194
152
218
200
226
242
198
186
186
148
132
124
162
182
112
128
140
160
224
288
252
296
294
310
376
366
362
398
366
470
450
428
446
432
446
436
436
424
440
418
408
424
420
464
492
506
492
534
532
514
496
468
512
540
556
566
590
550
582
548
518
510
464
498
458
394
404
318
292
292
250
268
312
302
286
274
322
322
286
298
328
336
288
352
372
394
390
356
312
332
362
424
424
424
404
436
422
400
430
406
440
420
374
402
400
440
426
426
426
412
498
492
484
490
560
462
460
410
368
334
350
332
356
348
324
314
308
316
202
186
160
108
48
50
66
38
2
26
32
8
36
24
36
16
54
8
76
100
86
106
52
40
66
26
56
56
80
98
88
40
8
4
22
30
50
70
92
124
116
110
94
76
66
38
70
38
8
38
72
82
24
70
106
136
144
108
120
148
150
132
128
102
50
76
30
38
44
60
4
8
2
64
34
14
72
110
38
74
84
148
172
114
134
144
148
134
76
54
74
74
112
90
40
16
14
52
56
30
102
150
118
140
120
100
170
198
202
118
146
118
66
26
88
98
66
30
4
2
6
24
56
2
34
12
46
54
38
60
140
152
122
98
138
90
136
122
72
48
34
10
66
30
6
38
106
82
18
30
24
34
76
128
122
188
256
196
194
214
240
264
356
358
348
288
314
270
252
246
242
280
316
278
