834
808
820
812
804
844
814
852
856
852
864
846
856
864
860
844
846
792
816
784
798
776
806
796
796
806
830
860
862
884
848
834
866
862
872
874
882
882
894
884
902
880
878
882
892
902
878
848
872
858
858
888
846
884
898
882
912
868
836
826
852
838
826
810
822
838
818
816
820
810
816
830
834
866
872
902
846
820
806
838
866
870
906
888
884
890
916
910
888
894
868
882
900
914
880
872
868
856
838
868
874
882
872
884
872
858
854
884
890
890
896
886
918
898
914
900
858
858
884
834
822
820
872
894
882
868
888
902
910
882
864
824
830
842
810
778
782
786
790
802
846
824
844
858
840
834
830
854
832
812
856
896
898
866
890
908
894
918
924
910
906
880
866
832
854
866
868
858
858
838
828
816
852
858
860
848
872
860
874
868
896
882
880
868
872
864
854
870
830
822
818
822
840
858
882
848
846
888
904
912
898
910
900
896
936
920
888
918
930
924
906
898
910
924
908
906
940
926
936
920
872
890
870
850
846
844
862
870
874
880
884
872
886
876
878
846
824
838
814
826
840
828
808
820
818
864
846
832
874
870
866
910
902
920
904
892
884
922
928
920
898
910
890
886
862
842
864
888
888
892
876
894
868
858
876
848
872
918
874
860
894
886
928
938
936
940
920
888
888
878
840
840
880
858
874
872
836
804
796
814
792
768
776
756
778
774
760
754
786
826
850
848
878
856
876
904
868
892
862
886
854
838
856
870
882
870
886
866
852
858
876
882
888
890
896
868
840
852
824
818
816
820
864
856
838
822
816
836
832
842
828
826
830
870
866
886
884
842
832
830
846
856
864
906
876
902
886
908
890
888
894
870
866
834
882
870
886
856
874
860
860
820
792
816
800
788
790
782
738
802
808
802
770
770
804
790
838
830
854
880
880
866
868
882
848
862
884
920
906
870
862
888
900
886
894
850
866
878
900
890
880
912
902
892
886
850
824
822
834
900
880
902
880
914
904
908
892
842
854
852
872
894
858
900
876
878
860
870
844
836
820
876
848
864
890
860
850
854
858
856
862
844
832
798
792
786
798
832
826
850
870
844
886
900
832
860
826
814
784
790
788
822
778
782
776
778
840
860
880
856
846
848
860
860
814
814
802
848
858
868
860
862
828
818
812
774
806
822
842
800
816
832
842
862
880
870
868
892
894
896
900
860
874
882
886
898
896
862
826
784
812
830
826
802
776
792
794
766
766
782
752
756
760
752
746
736
790
828
844
852
884
842
862
868
868
860
818
830
812
828
810
844
870
874
844
846
896
878
888
888
852
804
828
838
844
826
824
800
786
800
824
804
824
858
860
872
884
914
900
896
872
854
892
864
864
838
848
848
894
892
876
854
806
848
876
902
892
910
894
890
900
896
890
880
868
842
862
852
874
872
878
854
862
854
898
918
898
892
900
898
884
906
898
906
916
898
870
852
850
864
886
922
902
912
886
878
884
896
882
870
854
886
892
882
832
834
850
846
824
896
912
904
898
898
894
914
912
908
932
894
888
890
886
882
892
900
882
878
906
884
890
868
880
896
886
868
862
848
864
818
784
772
818
812
836
860
864
834
800
800
784
804
850
860
858
844
860
852
848
828
818
846
830
814
828
824
814
850
866
882
840
868
866
858
848
854
846
828
826
778
774
772
754
746
736
708
686
704
680
648
666
676
686
706
710
700
728
740
716
742
730
740
762
756
738
720
706
712
716
722
730
748
776
772
772
736
736
716
712
728
726
726
704
658
684
696
718
706
740
724
698
704
726
754
768
764
748
742
810
860
842
860
848
850
874
898
900
926
924
928
898
910
900
886
868
830
836
862
876
878
900
884
888
902
888
932
912
910
910
880
860
876
880
892
904
894
868
848
826
792
820
842
898
922
920
898
892
874
852
840
862
876
844
848
834
826
808
736
802
806
778
808
816
832
842
840
830
784
782
792
802
784
828
846
848
832
844
842
836
808
834
846
836
792
782
798
790
770
778
774
774
770
736
762
764
766
806
778
778
768
764
736
756
740
758
748
734
736
694
732
748
756
742
752
772
806
790
834
860
838
870
874
856
836
804
806
778
770
802
798
836
804
826
804
824
800
784
808
824
844
862
872
874
902
884
896
898
892
906
884
878
840
852
854
850
852
858
816
798
824
842
872
874
848
880
874
870
830
834
842
816
838
852
860
872
892
878
886
868
884
876
852
844
844
846
860
860
846
826
856
874
902
906
888
862
862
826
828
830
848
850
838
860
872
916
894
868
898
876
890
866
840
868
880
868
892
892
872
900
880
884
898
876
892
868
818
826
844
876
850
842
834
822
818
786
776
766
800
788
838
846
850
860
870
874
878
880
868
872
858
860
846
880
852
860
856
856
876
870
854
870
896
910
860
854
846
832
828
822
832
838
852
858
850
860
864
860
862
876
876
868
846
876
890
878
874
876
892
910
872
878
858
898
904
928
898
882
846
858
852
838
850
874
826
850
864
866
854
850
836
864
884
892
918
888
884
874
868
872
874
866
836
824
814
834
828
846
818
834
812
768
832
866
848
872
884
882
882
906
926
952
914
926
920
918
906
900
900
904
880
884
878
908
884
888
870
870
870
890
890
870
888
868
860
862
838
848
810
832
854
860
862
854
866
892
882
882
906
920
914
938
950
962
948
950
944
920
930
904
894
918
918
914
890
928
936
914
914
876
876
870
860
840
890
910
900
894
864
850
846
844
858
852
844
834
850
850
858
856
858
864
858
832
846
854
874
880
868
884
904
940
918
888
860
848
830
848
852
850
860
824
808
794
840
844
856
872
838
848
842
858
814
794
804
848
856
866
848
838
830
846
840
842
838
870
868
848
860
844
844
854
888
880
882
894
900
902
912
884
882
898
902
918
896
924
910
932
920
902
864
870
858
876
894
868
852
848
860
844
852
846
836
792
800
824
794
788
790
808
820
806
790
788
786
802
816
830
834
846
846
866
882
864
824
850
880
936
912
894
872
892
878
880
894
840
840
864
816
804
838
864
846
856
850
844
860
860
852
864
902
904
890
876
862
832
864
866
874
860
874
886
854
874
850
884
866
854
862
858
860
866
820
852
876
896
888
868
860
886
864
838
852
874
886
912
922
928
926
910
910
890
872
872
894
856
842
840
858
858
904
918
878
870
852
866
862
886
866
866
838
860
816
810
798
802
808
838
826
828
864
866
888
880
852
860
856
852
836
848
816
832
856
852
856
814
820
794
822
800
786
800
786
772
740
734
696
688
720
704
708
746
722
730
734
746
758
774
748
782
766
752
760
762
746
780
736
778
792
766
810
792
760
764
794
846
864
890
834
820
798
832
840
868
856
820
808
796
774
790
822
830
820
804
818
800
796
770
758
728
724
790
764
776
804
808
854
894
902
852
892
890
888
894
862
898
894
896
888
868
892
876
882
856
860
872
850
872
880
876
882
874
846
870
870
844
850
866
850
842
850
892
886
886
878
882
868
864
846
890
848
822
822
828
844
858
854
818
830
800
804
822
852
852
864
880
882
884
866
862
868
876
896
924
946
880
836
848
836
818
824
808
832
834
800
794
760
810
834
850
848
878
874
886
846
870
864
850
858
830
860
838
846
846
834
838
868
876
904
914
908
930
878
902
906
888
912
896
896
866
858
830
834
842
868
848
838
848
880
866
880
870
876
880
918
906
914
936
892
886
904
890
910
900
906
882
912
888
890
856
868
882
862
862
856
882
898
890
870
874
842
842
872
870
882
912
890
888
902
898
900
886
896
892
892
906
900
910
928
900
870
868
904
866
884
910
866
858
878
896
906
866
904
920
890
842
814
822
822
764
794
814
820
790
752
770
754
754
768
776
774
794
772
800
794
808
786
808
796
800
760
758
758
778
776
754
722
766
758
738
716
722
708
756
710
726
772
762
730
704
722
750
750
738
686
704
722
738
750
734
714
742
752
776
770
778
784
778
792
818
800
830
860
860
800
826
834
854
854
908
886
880
856
848
878
858
864
876
870
870
904
886
890
872
856
858
872
872
866
840
826
868
890
892
876
854
898
886
898
880
852
812
818
866
850
812
864
866
870
870
874
900
900
906
892
898
892
876
862
882
902
886
856
856
888
884
862
854
878
856
880
884
858
846
818
838
862
820
822
832
886
880
870
860
846
820
852
818
778
856
844
812
854
820
792
818
804
778
772
816
800
784
774
794
794
776
766
730
712
740
734
748
730
700
708
670
692
688
662
626
690
662
718
680
662
674
662
696
706
690
698
680
696
684
658
662
664
692
682
672
660
688
694
724
724
722
720
708
696
700
696
680
692
688
676
686
666
670
680
678
678
694
742
726
706
714
724
724
740
750
704
776
828
834
802
778
790
802
814
798
834
812
846
828
832
808
784
788
822
792
780
760
734
736
730
748
746
738
748
774
732
752
748
802
802
800
830
838
864
888
880
850
808
822
812
858
852
848
866
852
844
846
812
808
796
834
828
874
856
896
874
856
870
850
854
854
878
858
820
782
794
822
880
900
902
902
902
894
904
940
926
