924
898
874
858
894
876
896
858
834
856
832
852
846
834
804
778
750
724
708
704
692
642
692
690
666
606
676
704
762
782
766
786
804
816
808
786
784
784
778
756
744
752
748
730
730
728
742
726
738
746
750
756
744
708
706
704
750
694
716
708
752
750
748
772
772
760
758
752
768
756
744
754
750
746
742
716
718
728
760
742
768
746
730
732
738
758
738
688
680
668
688
664
720
716
706
696
686
684
714
662
622
556
582
534
546
570
562
568
620
616
572
568
556
578
528
460
444
458
440
484
486
534
536
538
596
566
562
586
570
606
602
634
624
624
594
550
586
642
680
682
688
710
722
688
656
696
672
666
674
682
654
676
666
654
672
692
656
646
690
690
732
678
630
628
634
588
562
578
562
572
598
650
638
600
594
598
610
616
606
614
610
662
682
630
670
686
634
692
678
664
666
662
660
686
692
704
686
738
682
698
734
778
772
810
840
790
786
762
754
788
814
828
818
800
822
820
816
760
790
804
802
814
782
800
806
836
842
834
820
818
818
862
850
854
844
832
834
824
846
846
838
836
828
796
782
814
818
834
848
878
858
836
830
828
840
804
784
802
842
852
870
810
830
824
846
848
882
828
840
846
816
810
788
746
784
814
816
806
824
872
854
854
878
906
918
904
916
910
888
910
920
940
932
928
886
894
866
862
868
862
828
854
814
818
812
816
864
870
898
908
928
906
888
856
820
800
754
752
780
788
808
832
850
864
822
788
760
750
718
706
736
738
752
788
818
836
826
820
796
786
806
796
810
818
844
820
816
826
818
818
834
844
824
852
818
804
790
812
822
808
770
768
746
740
708
736
752
698
716
726
710
716
700
734
738
702
670
676
676
718
718
708
724
734
710
740
742
784
786
756
788
746
772
760
772
764
802
774
812
830
844
792
806
788
770
778
788
802
790
794
792
758
772
734
728
730
760
784
788
776
776
784
790
774
786
784
812
820
816
854
824
844
832
830
812
812
794
768
752
746
730
730
748
752
746
770
744
792
762
792
816
822
782
794
818
790
826
826
872
896
914
928
930
928
886
872
824
848
830
816
834
834
840
862
876
874
864
846
836
832
850
836
806
806
822
828
818
814
780
746
768
788
754
774
786
776
790
844
860
890
894
892
898
908
886
868
862
868
860
852
802
788
778
856
860
910
914
856
888
890
916
920
914
920
914
878
854
864
872
886
920
918
894
866
860
892
864
880
866
844
886
896
886
880
932
914
928
950
902
862
848
894
920
918
906
874
840
810
840
786
758
766
784
792
794
794
788
822
824
844
820
856
862
862
850
838
816
798
754
758
738
766
746
756
738
684
690
698
734
726
722
794
838
848
850
856
826
802
782
794
834
798
832
848
868
796
786
756
726
706
696
710
700
690
688
742
750
730
744
758
764
782
826
860
864
890
934
910
906
898
882
834
864
848
874
820
842
808
798
874
868
840
852
860
850
890
878
840
822
796
828
872
856
878
858
872
838
850
850
848
858
838
862
844
850
860
824
824
838
848
874
840
886
870
844
864
870
812
804
838
826
830
796
804
796
806
816
842
834
808
818
844
850
840
808
776
788
758
750
772
812
814
814
788
792
760
728
690
702
744
754
744
778
730
702
674
636
652
656
668
672
652
644
586
668
666
664
674
642
638
654
644
610
566
584
558
578
586
550
550
590
638
622
636
654
652
672
656
650
632
660
642
654
612
598
612
594
604
576
628
678
656
644
626
624
646
640
616
646
636
682
720
690
690
668
696
742
738
752
744
774
782
778
778
766
740
780
766
768
780
820
834
858
844
854
814
786
804
838
816
802
782
758
780
792
818
814
798
788
780
796
778
760
798
798
822
836
812
866
876
868
832
836
796
772
826
800
762
756
790
802
804
814
820
840
826
846
828
852
834
846
784
824
820
818
812
796
770
774
732
732
708
696
678
684
664
626
650
636
690
692
668
648
664
666
640
666
710
718
708
762
796
804
768
804
776
802
798
778
800
778
770
758
734
786
798
774
772
780
780
776
804
820
826
816
810
814
812
822
874
900
898
902
876
868
848
832
856
854
912
892
862
868
888
884
856
852
848
848
836
848
872
856
858
852
828
842
892
888
908
910
904
900
888
876
870
858
866
870
872
898
908
890
868
886
906
878
880
862
870
884
878
880
840
846
834
832
884
866
902
888
878
878
858
880
896
926
888
890
904
922
912
904
922
892
884
912
894
890
856
826
828
848
830
812
812
830
826
834
838
868
846
846
830
830
802
790
780
754
784
770
796
842
822
852
878
876
864
794
772
764
760
796
778
762
762
744
768
780
744
714
738
704
656
660
658
684
686
694
730
700
678
696
708
734
768
764
802
796
822
836
810
812
818
816
856
784
754
738
716
728
732
728
728
732
736
700
748
722
728
708
718
744
778
814
816
810
834
836
836
842
816
824
870
856
894
886
930
940
898
896
898
880
830
808
826
852
844
846
822
832
852
834
846
862
878
872
886
882
916
914
924
908
866
870
880
900
886
836
832
856
864
892
878
886
926
886
860
864
854
888
918
904
896
874
890
896
876
838
802
810
806
776
798
820
808
810
802
786
798
826
816
824
808
814
840
812
834
858
878
852
882
878
894
894
888
860
852
868
860
828
804
780
764
774
794
796
804
852
858
910
898
900
930
940
916
896
866
876
906
924
884
864
868
828
868
880
878
900
906
902
886
880
910
908
870
860
908
894
856
882
854
866
862
852
828
812
830
818
814
796
790
778
784
770
806
782
774
784
800
780
748
792
778
766
780
764
776
770
848
864
846
820
834
784
818
806
772
828
824
830
822
836
812
822
800
850
850
822
792
790
812
784
764
772
800
802
738
738
780
816
826
818
778
808
812
814
794
832
802
814
826
842
842
860
864
854
838
838
830
786
756
782
796
820
856
864
880
880
848
856
882
852
864
810
808
802
760
808
810
798
798
840
834
848
842
850
852
898
916
934
896
896
924
900
904
890
882
884
868
890
840
840
846
854
856
894
890
894
872
906
922
904
886
900
908
904
888
914
920
900
894
882
868
888
868
856
896
888
904
894
872
862
834
832
828
832
812
804
792
818
806
808
794
812
826
874
910
940
924
878
894
900
900
914
912
916
926
930
900
880
856
876
830
866
904
890
892
912
910
918
906
928
946
906
892
906
898
906
892
890
880
898
900
912
890
920
934
886
922
918
938
912
904
888
876
888
894
884
870
856
870
872
870
866
852
864
876
882
876
874
898
894
872
884
902
914
906
900
882
850
866
878
880
872
872
820
828
836
848
788
806
830
850
858
836
844
830
812
796
758
754
736
742
726
700
718
738
704
678
692
684
680
720
698
730
710
742
742
730
730
720
738
744
780
778
750
716
738
744
758
752
776
750
786
720
720
726
780
764
798
784
804
784
830
850
836
888
880
830
850
854
864
864
864
874
878
884
854
866
850
832
838
836
846
860
878
870
838
798
780
782
730
792
806
796
804
832
802
780
780
752
754
740
734
752
752
754
770
740
730
738
704
676
738
734
758
764
718
736
758
792
824
828
816
848
860
896
894
866
874
906
890
898
866
870
854
868
852
868
854
848
842
884
878
898
904
868
842
836
824
820
810
800
824
824
820
826
818
812
854
848
886
862
870
852
874
874
892
880
886
876
920
914
902
904
896
896
892
874
902
892
872
886
890
894
870
848
848
860
842
814
798
796
834
820
804
788
780
760
748
738
688
714
708
700
740
760
740
756
740
720
706
686
698
656
676
658
684
662
686
712
726
722
754
754
718
772
758
766
752
722
746
762
744
764
752
794
800
796
796
828
850
844
802
792
786
760
700
694
702
728
746
790
814
850
848
848
836
814
804
812
808
772
796
796
816
826
852
838
832
834
850
842
850
802
790
834
802
850
828
822
830
844
864
852
898
906
900
912
900
900
882
890
846
862
840
882
858
870
868
880
846
840
868
882
886
882
878
898
902
882
866
898
896
896
904
924
926
916
872
888
862
858
858
848
890
918
916
916
916
908
888
906
890
884
858
864
890
882
882
854
850
826
834
808
840
832
798
790
806
778
784
804
838
870
834
822
828
828
834
838
826
832
814
824
844
842
858
860
854
840
820
824
860
858
870
886
882
884
882
884
910
922
922
892
930
936
918
908
896
918
928
916
924
896
846
828
868
894
880
900
888
878
892
888
906
872
878
876
910
886
896
886
878
854
856
866
830
848
890
854
870
836
852
810
832
786
780
780
820
842
816
834
796
812
820
842
834
826
848
876
866
866
858
856
860
860
880
886
886
900
914
898
888
880
874
884
870
848
856
862
874
890
906
876
886
868
862
868
862
842
814
798
800
822
814
784
790
754
772
786
810
792
800
764
748
764
742
742
728
732
756
778
796
800
856
864
844
864
896
836
858
826
826
848
864
836
836
866
874
858
902
896
860
862
858
864
864
874
896
910
938
914
894
882
870
862
854
872
904
886
886
876
860
840
826
842
860
852
842
832
850
888
926
918
906
908
908
888
882
888
892
880
890
840
852
864
818
826
