3338
3356
3358
3410
3464
3400
3404
3384
3454
3434
3536
3502
3476
3514
3506
3464
3448
3398
3456
3362
3426
3498
3414
3420
3372
3406
3464
3402
3390
3344
3368
3400
3366
3414
3414
3426
3402
3340
3334
3392
3424
3474
3516
3500
3480
3522
3564
3530
3454
3452
3536
3546
3504
3494
3498
3470
3382
3388
3288
3286
3200
3214
3260
3338
3350
3402
3422
3312
3362
3386
3356
3354
3352
3392
3408
3458
3454
3374
3312
3382
3366
3368
3370
3368
3376
3376
3364
3350
3438
3440
3468
3458
3482
3466
3384
3432
3394
3354
3364
3392
3392
3380
3378
3406
3432
3436
3430
3458
3432
3512
3486
3524
3506
3494
3422
3398
3388
3368
3418
3470
3480
3542
3594
3592
3578
3526
3510
3528
3452
3496
3504
3608
3584
3560
3546
3534
3534
3520
3520
3498
3408
3454
3412
3422
3422
3492
3454
3422
3438
3388
3442
3500
3532
3518
3508
3488
3390
3442
3378
3410
3368
3376
3372
3414
3444
3360
3318
3278
3316
3412
3444
3474
3452
3446
3436
3410
3342
3400
3424
3458
3368
3394
3308
3294
3302
3348
3362
3390
3444
3420
3422
3418
3476
3516
3470
3492
3448
3456
3380
3356
3350
3362
3346
3334
3448
3398
3350
3354
3278
3326
3350
3300
3288
3248
3224
3278
3338
3306
3316
3220
3168
3144
3174
3118
3210
3276
3250
3310
3312
3304
3358
3294
3350
3320
3320
3382
3408
3406
3418
3432
3388
3376
3402
3368
3340
3314
3266
3292
3292
3282
3294
3372
3346
3358
3366
3370
3400
3436
3382
3444
3438
3476
3468
3418
3458
3426
3380
3334
3338
3354
3342
3326
3454
3494
3454
3492
3526
3490
3482
3556
3542
3502
3476
3472
3472
3468
3446
3506
3486
3462
3520
3534
3506
3524
3410
3424
3420
3378
3360
3348
3376
3394
3400
3392
3372
3366
3446
3354
3454
3432
3428
3456
3486
3478
3448
3490
3478
3508
3536
3512
3532
3532
3452
3436
3412
3390
3402
3400
3490
3504
3532
3476
3422
3376
3346
3334
3352
3300
3228
3184
3222
3260
3282
3368
3290
3358
3390
3392
3370
3386
3358
3412
3406
3428
3396
3372
3332
3294
3282
3200
3210
3266
3320
3270
3280
3292
3274
3238
3324
3336
3332
3242
3272
3272
3282
3182
3222
3266
3254
3300
3242
3368
3374
3402
3352
3258
3246
3244
3278
3222
3242
3274
3300
3290
3324
3372
3370
3358
3408
3474
3442
3430
3348
3322
3356
3464
3398
3416
3336
3378
3294
3248
3258
3256
3326
3320
3268
3264
3210
3264
3336
3326
3372
3312
3342
3266
3314
3284
3274
3304
3370
3366
3352
3366
3394
3380
3364
3340
3388
3458
3402
3406
3294
3250
3236
3246
3320
3332
3344
3270
3270
3244
3230
3156
3262
3288
3320
3284
3342
3328
3364
3366
3364
3376
3356
3396
3434
3428
3404
3470
3482
3398
3432
3528
3422
3442
3436
3396
3464
3462
3446
3514
3500
3510
3516
3560
3496
3470
3422
3404
3476
3474
3500
3490
3528
3452
3414
3432
3480
3506
3504
3476
3508
3556
3558
3524
3544
3500
3504
3514
3456
3504
3464
3438
3412
3432
3456
3498
3504
3526
3498
3538
3546
3482
3442
3416
3460
3504
3490
3522
3550
3470
3550
3590
3490
3530
3552
3600
3596
3550
3554
3520
3502
3552
3590
3592
3592
3552
3458
3486
3462
3490
3448
3458
3454
3510
3450
3394
3388
3364
3384
3360
3436
3370
3426
3472
3488
3484
3476
3512
3520
3462
3518
3534
3548
3504
3518
3470
3564
3570
3544
3592
3584
3570
3522
3592
3600
3602
3622
3662
3604
3550
3574
3612
3590
3580
3594
3564
3486
3498
3536
3534
3520
3492
3422
3422
3474
3396
3500
3440
3394
3318
3412
3430
3450
3464
3412
3420
3460
3464
3468
3528
3544
3530
3536
3448
3460
3490
3502
3522
3496
3492
3458
3438
3448
3434
3392
3444
3446
3382
3480
3442
3496
3484
3434
3432
3444
3478
3442
3478
3418
3444
3474
3492
3466
3550
3526
3516
3462
3448
3438
3480
3532
3534
3526
3546
3560
3552
3548
3526
3508
3516
3510
3490
3484
3472
3516
3450
3502
3504
3558
3484
3440
3438
3444
3440
3454
3478
3452
3484
3412
3468
3394
3406
3392
3466
3436
3478
3538
3516
3516
3490
3500
3526
3460
3486
3492
3444
3478
3514
3600
3592
3584
3522
3552
3562
3520
3546
3524
3504
3408
3442
3514
3494
3490
3398
3344
3358
3402
3386
3412
3406
3436
3480
3424
3462
3516
3516
3524
3522
3604
3600
3512
3468
3446
3452
3476
3538
3584
3572
3580
3538
3410
3416
3436
3376
3392
3316
3324
3386
3314
3338
3360
3318
3332
3298
3364
3390
3442
3454
3406
3422
3420
3494
3532
3492
3468
3498
3530
3400
3370
3414
3388
3416
3376
3420
3496
3436
3442
3422
3344
3382
3360
3308
3344
3282
3276
3346
3330
3314
3318
3386
3386
3364
3316
3304
3292
3308
3352
3368
3368
3322
3378
3306
3334
3436
3414
3432
3516
3542
3564
3526
3506
3510
3494
3486
3526
3490
3464
3484
3528
3576
3654
3602
3564
3542
3502
3524
3520
3546
3542
3536
3538
3584
3632
3626
3600
3572
3484
3528
3582
3600
3638
3612
3594
3546
3620
3668
3612
3670
3648
3622
3588
3638
3654
3642
3620
3606
3564
3612
3566
3562
3528
3502
3484
3486
3502
3492
3560
3528
3522
3540
3576
3546
3592
3620
3600
3530
3514
3510
3506
3522
3490
3438
3450
3494
3472
3502
3546
3534
3540
3520
3554
3558
3568
3526
3536
3468
3476
3400
3384
3398
3372
3400
3420
3452
3490
3474
3442
3484
3402
3354
3350
3302
3224
3258
3392
3424
3428
3444
3450
3442
3448
3434
3408
3412
3406
3412
3414
3350
3394
3354
3360
3440
3420
3486
3470
3404
3366
3380
3414
3436
3414
3400
3398
3356
3386
3398
3356
3404
3480
3470
3432
3432
3380
3298
3302
3216
3342
3358
3332
3420
3432
3546
3558
3592
3560
3538
3582
3554
3504
3484
3544
3592
3638
3526
3528
3458
3428
3450
3510
3560
3530
3530
3482
3564
3518
3516
3554
3516
3506
3462
3496
3612
3564
3488
3518
3442
3490
3424
3300
3272
3292
3316
3322
3328
3384
3438
3362
3420
3456
3464
3410
3356
3316
3326
3334
3348
3358
3332
3282
3196
3294
3308
3280
3308
3220
3276
3218
3272
3270
3248
3256
3324
3288
3308
3256
3284
3356
3314
3312
3368
3376
3386
3488
3438
3448
3462
3512
3600
3582
3556
3580
3554
3578
3594
3598
3566
3536
3528
3496
3462
3470
3502
3520
3476
3462
3462
3442
3362
3372
3422
3454
3410
3396
3456
3438
3418
3410
3404
3464
3402
3398
3452
3408
3462
3432
3470
3526
3530
3552
3550
3550
3470
3490
3440
3470
3466
3486
3412
3370
3266
3298
3260
3304
3314
3398
3430
3342
3350
3286
3234
3278
3284
3292
3282
3312
3326
3388
3380
3358
3352
3372
3338
3354
3310
3380
3350
3406
3354
3354
3380
3444
3434
3488
3486
3460
3416
3414
3476
3494
3372
3376
3412
3402
3368
3426
3346
3284
3294
3288
3282
3278
3260
3314
3338
3332
3326
3342
3360
3298
3328
3228
3240
3258
3254
3250
3250
3276
3236
3210
3144
3216
3136
3164
3244
3238
3206
3308
3320
3276
3318
3390
3388
3404
3402
3414
3404
3446
3412
3446
3466
3510
3534
3618
3504
3496
3464
3450
3490
3476
3498
3546
3566
3620
3598
3586
3534
3500
3526
3526
3562
3530
3548
3506
3548
3512
3498
3540
3614
3596
3610
3552
3480
3438
3444
3490
3478
3516
3542
3606
3564
3550
3510
3484
3504
3570
3494
3506
3460
3400
3416
3408
3410
3372
3328
3364
3368
3416
3334
3242
3288
3264
3258
3228
3310
3326
3348
3444
3542
3546
3596
3558
3548
3556
3474
3476
3466
3504
3526
3456
3430
3370
3440
3494
3466
3424
3358
3374
3346
3340
3368
3372
3356
3312
3350
3316
3374
3340
3310
3322
3312
3300
3266
3272
3300
3242
3254
3338
3370
3436
3436
3502
3528
3532
3500
3494
3492
3524
3500
3454
3418
3362
3334
3438
3372
3310
3232
3240
3192
3194
3304
3294
3266
3282
3338
3312
3362
3418
3410
3420
3424
3472
3520
3464
3502
3516
3526
3504
3560
3576
3538
3494
3486
3514
3502
3528
3602
3626
3560
3530
3574
3592
3484
3482
3566
3568
3550
3548
3550
3536
3500
3588
3572
3580
3644
3618
3594
3608
3532
3562
3620
3516
3506
3526
3518
3594
3618
3596
3546
3604
3528
3480
3436
3476
3418
3368
3344
3342
3370
3358
3358
3326
3310
3204
3296
3342
3378
3322
3352
3340
3352
3352
3314
3336
3412
3332
3322
3296
3344
3378
3412
3442
3454
3426
3414
3478
3546
3584
3576
3592
3604
3678
3610
3598
3568
3580
3488
3398
3366
3412
3470
3440
3478
3500
3434
3430
3464
3470
3460
3456
3394
3412
3424
3464
3420
3476
3516
3426
3406
3398
3432
3480
3532
3544
3482
3448
3522
3482
3538
3472
3530
3476
3488
3516
3496
3458
3436
3462
3454
3466
3442
3386
3416
3360
3354
3352
3350
3384
3396
3420
3446
3466
3474
3442
3420
3432
3378
3358
3408
3470
3494
3546
3494
3464
3548
3474
3444
3452
3508
3512
3502
3474
3496
3446
3424
3470
3418
3406
3392
3338
3328
3342
3364
3324
3368
3412
3382
3424
3408
3332
3370
3332
3346
3412
3388
3416
3428
3424
3382
3426
3422
3444
3382
3374
3392
3426
3420
3414
3328
3330
3354
3310
3330
3324
3288
3380
3352
3352
3394
3358
3382
3422
3422
3422
3426
3430
3380
3460
3408
3444
3418
3386
3390
3368
3426
3424
3434
3414
3460
3392
3392
3476
3480
3488
3474
3476
3422
3364
3304
3260
3308
3298
3318
3342
3384
3394
3452
3444
3458
3514
3506
3470
3444
3458
3438
3396
3434
3416
3428
3408
3396
3436
3430
3438
3410
3390
3300
3312
3354
3338
3344
3310
3332
3346
3398
3464
3472
3484
3514
3506
3486
3518
3594
3550
3452
3416
3432
3462
3448
3464
3516
3566
3596
3608
3548
3560
3512
3520
3530
3488
3476
3492
3542
3602
3500
3494
3440
3398
3372
3338
3386
3418
3510
3526
3556
3490
3476
3424
3436
3472
3450
3448
3440
3432
3418
3402
3386
3390
3472
3534
3516
3492
3498
3454
3448
3338
3340
3258
3312
3392
3344
3332
3348
3348
3404
3442
3382
3338
3308
3258
3272
3206
3300
3312
3318
3404
3340
3362
3304
3368
3384
3368
3368
3320
3318
3340
3314
3358
3370
3350
3414
3360
3342
3280
3254
3224
3280
3274
3266
3278
3266
3248
3230
3240
3260
3322
3360
3332
3388
3426
3414
3432
3432
3486
3432
3430
3400
3352
3316
3302
3294
3392
3352
3350
3348
3338
3380
3322
3308
3268
3246
3194
3142
3098
3072
3122
3190
3204
3266
3324
3186
3162
3222
3216
3278
3160
3168
3192
3196
3184
3180
3176
3196
3272
3264
3170
3216
3220
3156
3090
3066
3160
3064
3150
3146
3150
3128
3080
3150
3142
3192
3264
3224
3272
3120
3106
3110
3110
3068
2990
3012
2966
3004
2978
3062
3062
3092
3124
3056
3088
3002
3080
3064
3046
3060
3036
3022
3118
3108
3072
3072
2962
2966
2904
2848
2868
2890
2906
2924
2938
2956
2976
3032
3126
3132
3150
3124
3188
3080
3054
3112
3126
3034
3126
3156
3090
3062
3130
3110
3192
3174
3224
3206
3166
3194
3206
3206
3232
3244
3330
3302
3324
3290
3310
3298
3324
3372
3368
3320
3386
3444
3428
3452
3414
3402
3404
3424
3384
3420
3438
3450
3456
3442
3454
3466
3520
3534
3470
3460
3450
3456
3476
3462
3438
3428
3386
3358
3322
3274
3394
3366
3462
3418
3438
3426
3450
3428
3478
3576
3604
3604
3570
3596
3562
3566
3558
3536
3544
3500
3562
3632
3594
3532
3448
3508
3464
3496
3440
3468
3430
3458
3454
3508
3476
3540
3478
3512
3462
3484
3502
3412
3456
3450
3396
3366
3268
3318
3242
3290
3258
3290
3354
3328
3350
3384
3282
3338
3352
3298
3326
3422
3472
3498
3494
3486
3520
3544
3496
3474
3480
3376
3370
3284
3310
3298
3268
3222
3290
3262
3222
3304
3318
3414
3394
3394
3364
3320
3310
3378
