294
208
130
44
192
90
48
4
24
96
88
114
140
180
146
150
52
60
16
56
72
8
88
168
232
282
422
432
492
516
474
542
580
520
588
482
416
368
426
436
426
456
550
650
578
494
458
596
560
458
468
518
462
440
414
326
230
152
142
186
230
328
348
294
376
314
400
338
414
394
400
324
266
268
374
388
458
466
390
456
452
422
408
520
532
550
484
440
398
350
366
360
400
310
246
334
344
398
426
418
354
372
288
374
380
422
322
246
234
298
292
304
272
276
204
240
72
120
184
114
130
30
8
26
28
32
12
36
6
54
104
128
268
266
328
322
250
352
370
334
346
334
438
442
476
418
440
392
350
266
390
390
434
466
426
440
400
410
356
396
394
346
256
224
230
264
218
220
188
220
274
248
246
312
370
352
382
390
398
346
330
374
454
438
430
444
440
488
496
466
352
390
364
336
314
334
298
360
312
188
304
350
316
322
284
266
244
280
306
254
152
134
40
20
144
92
24
52
2
70
14
18
44
92
32
148
224
144
230
158
180
212
162
162
82
170
178
206
208
276
364
358
440
460
372
376
336
370
332
392
360
422
384
370
334
320
370
368
366
354
368
356
438
390
438
460
370
422
512
452
432
298
372
418
428
532
524
550
542
460
416
442
440
524
524
662
540
460
470
462
468
420
450
528
550
482
478
446
388
332
290
440
430
458
560
590
586
514
574
554
462
412
378
412
298
186
196
176
152
104
154
162
164
134
144
162
146
188
168
122
214
348
292
284
348
384
338
368
338
430
440
520
542
504
362
284
310
372
420
422
462
518
580
576
600
634
596
608
516
464
466
470
530
564
550
568
586
590
624
586
568
616
514
584
622
754
800
912
816
820
796
748
728
748
696
736
820
858
880
804
792
772
732
750
602
606
676
720
740
792
814
796
708
716
730
728
762
692
708
824
870
916
958
1060
1018
1056
1078
1056
1004
1080
1054
954
968
942
950
960
946
972
1044
1112
1108
1160
1144
1226
1200
1136
1154
1154
1114
1152
1226
1158
1068
1018
972
1158
1208
1168
1164
1172
1242
1242
1070
1068
1048
1064
1078
1022
960
994
992
1012
926
834
836
716
756
738
756
708
746
774
852
914
816
834
750
852
1004
932
932
978
926
980
898
916
894
918
840
918
980
1030
974
932
872
824
810
754
848
866
812
742
686
688
682
652
710
766
748
756
696
662
672
704
690
666
592
524
640
498
490
468
466
498
524
488
508
450
402
384
310
314
248
338
352
348
404
354
390
336
392
432
488
370
396
414
464
456
434
424
446
374
364
354
190
252
284
296
300
296
274
358
334
300
238
288
250
272
298
284
226
340
306
300
318
324
434
520
554
564
552
530
512
532
482
484
540
534
474
514
572
592
582
612
604
584
514
506
514
640
636
698
706
644
588
546
620
594
664
742
776
650
684
716
644
620
508
468
532
484
474
514
536
572
634
586
598
606
640
656
622
634
650
606
610
492
528
544
576
572
604
506
488
430
406
358
474
472
582
650
676
646
618
616
622
602
602
540
590
604
566
512
390
282
180
290
188
196
266
254
280
294
254
106
168
174
240
316
346
332
294
290
288
272
304
238
208
186
154
170
250
262
126
134
102
72
70
60
10
38
64
34
4
4
108
40
42
168
118
154
122
96
12
52
28
14
18
58
72
86
68
118
144
216
214
220
234
240
254
270
350
336
258
126
112
156
102
68
104
68
10
4
0
2
4
24
42
82
80
122
176
188
272
322
360
368
340
374
436
564
464
400
368
376
274
196
224
200
200
188
88
168
180
198
204
192
144
190
214
230
344
350
326
398
410
372
468
358
318
330
318
394
442
366
286
272
226
134
112
8
44
6
92
110
92
92
130
116
120
194
144
102
112
214
310
314
332
268
228
178
336
358
420
526
590
538
532
602
694
650
576
470
458
530
476
442
526
540
654
724
700
704
726
678
662
624
622
702
706
750
760
646
626
632
652
656
726
762
784
832
776
802
788
860
826
768
836
832
850
892
832
836
730
798
718
722
698
748
682
726
686
690
728
720
718
804
740
810
846
936
950
1054
1098
1112
1118
1116
1082
1002
958
932
948
936
1048
1118
1146
1132
1120
1078
1016
1014
946
896
850
878
902
978
1010
972
1078
1010
992
930
1054
948
960
1048
1116
1156
1146
1024
994
1022
860
806
838
880
872
862
870
854
826
762
698
710
728
798
744
746
734
812
850
912
842
742
764
734
820
744
650
722
770
706
686
670
600
598
558
530
442
392
414
430
504
552
518
530
636
670
674
778
682
608
638
740
790
722
708
726
692
810
844
958
914
894
910
964
894
936
954
900
938
888
872
842
914
850
876
902
890
870
846
946
998
990
898
882
992
958
968
984
1040
1026
1074
998
982
992
1008
1060
1074
1126
1066
1062
1032
1032
1056
1070
1114
1092
1118
1116
1116
980
986
1058
1104
1122
1148
1154
1152
1064
1050
1150
1158
1190
1178
1276
1242
1276
1288
1178
1238
1186
1106
1174
1116
1030
1056
1034
1044
1004
948
1004
1034
976
1106
1084
1024
888
974
998
1054
1050
1092
1118
1186
1130
1008
998
1014
972
966
970
986
936
988
1010
944
916
848
824
802
792
684
666
688
726
724
714
868
872
734
732
680
720
630
638
622
524
534
472
466
438
380
498
500
556
610
696
722
818
784
842
872
964
930
874
944
956
836
860
868
738
712
668
652
644
694
622
724
772
746
860
856
826
894
856
864
870
780
734
698
630
560
650
700
764
740
822
798
796
772
806
806
724
728
682
670
698
768
722
838
808
838
800
726
714
682
740
658
740
654
604
562
466
392
416
442
424
468
490
410
504
628
592
584
598
576
586
440
456
358
412
472
514
464
460
420
422
450
462
494
550
510
626
608
526
482
572
544
484
508
572
542
548
636
726
742
678
740
746
684
668
548
540
494
574
634
496
480
458
354
318
342
372
314
322
366
402
296
360
392
390
414
404
364
314
310
266
264
306
346
232
246
218
216
204
126
180
152
136
216
254
204
228
352
362
310
212
254
276
322
266
170
180
84
114
190
218
174
216
146
208
210
278
338
396
296
322
248
200
236
246
282
236
318
262
306
210
88
116
170
174
220
126
110
110
186
156
106
64
182
94
170
194
92
180
214
154
170
188
256
258
254
352
390
454
480
410
402
460
444
502
474
502
584
644
650
654
646
662
630
702
668
616
666
684
706
804
822
856
942
1060
1116
1136
1124
1112
1104
1158
1146
1226
1126
1182
1160
1128
1152
1080
1070
1132
1148
1152
1242
1214
1252
1152
1164
1118
1118
1110
1100
1024
1110
1050
1138
1084
1146
1106
1102
1044
972
1016
1012
1038
926
924
962
996
1068
1128
1238
1324
1216
1248
1200
1262
1208
1158
1158
1106
1134
1198
1174
1214
1108
1138
1092
1104
1140
1086
1024
996
978
950
944
950
948
896
798
824
826
860
808
876
918
936
862
826
792
680
612
652
676
704
690
622
554
602
708
706
732
772
714
716
700
648
684
684
624
570
708
666
730
652
564
566
530
576
668
722
692
662
720
826
766
800
846
844
786
784
780
830
882
892
852
888
924
886
1000
938
916
972
916
1014
1036
1018
894
848
800
776
774
716
754
764
794
844
766
680
660
764
766
794
830
868
854
820
794
872
884
788
740
760
760
800
772
746
706
782
790
782
928
864
986
948
918
992
1074
1064
1108
1136
1116
1218
1138
1152
1148
998
972
960
926
836
894
932
1002
862
888
898
976
948
950
820
930
916
992
1040
964
920
890
832
894
856
932
870
842
876
902
986
1020
1076
1114
1058
1072
1108
1158
1164
1186
1164
1172
1282
1300
1358
1396
1396
1456
1520
1574
1532
1454
1414
1418
1462
1450
1434
1532
1426
1438
1414
1478
1410
1360
1258
1110
1126
1052
1076
1096
1088
1176
1150
1200
1142
1168
1194
1208
1170
1232
1262
1250
1226
1294
1258
1224
1076
1024
1024
1054
1090
1134
1194
1152
1074
1140
1200
1102
1078
1036
884
978
1024
1040
1036
1048
1090
1026
1084
1116
1110
1096
1096
946
968
882
844
838
828
826
860
940
952
1000
1082
1072
1210
1158
1194
1218
1310
1276
1264
1232
1164
1126
1076
1012
982
994
1036
1102
1092
1062
1068
1028
946
936
1042
1036
1052
1004
1000
986
862
786
910
882
974
994
1004
1078
1164
1148
1172
1198
1084
1024
1036
1068
1056
1058
1004
986
902
892
932
950
974
970
994
1048
1010
1074
1000
1066
1108
1098
1116
1122
1136
1168
1184
1224
1254
1196
1332
1258
1184
1154
1156
1206
1144
1152
1152
1138
1060
1096
1152
1108
1058
1016
1024
1104
984
966
974
862
818
902
896
940
980
986
998
932
926
938
976
1016
1020
1004
1052
1040
1122
1170
1262
1162
1110
1106
1234
1262
1086
1054
1030
984
1062
1098
1124
1076
1018
1032
956
946
1006
968
948
910
836
864
708
756
802
738
808
786
772
816
856
824
750
718
708
636
630
612
666
682
644
646
620
666
710
636
678
614
628
590
564
574
508
560
532
592
636
588
666
764
870
844
770
684
624
648
656
642
690
728
688
692
656
686
700
722
674
772
796
732
804
784
764
800
938
828
826
748
790
826
798
844
892
826
942
922
892
914
996
1030
984
954
994
988
980
1034
1064
1056
1088
1110
1158
1108
1086
1166
1162
1180
1062
1090
1058
1106
1154
1204
1214
1286
1306
1266
1204
1156
1136
1128
1130
1146
1072
1072
1130
1092
1136
1168
1108
1074
1104
1094
1114
1158
1238
1374
1302
1436
1424
1354
1304
1348
1368
1330
1356
1310
1364
1340
1256
1274
1258
1232
1304
1326
1344
1292
1288
1288
1216
1158
1164
1098
1042
964
1024
988
1058
924
870
746
820
848
830
800
852
878
952
996
934
994
906
786
776
764
756
648
638
776
748
