132
86
104
122
104
110
92
66
162
120
136
98
118
112
162
186
234
282
296
330
296
332
310
382
450
416
384
366
350
354
410
466
474
440
382
440
454
504
554
524
472
466
450
410
444
482
466
440
452
454
424
392
384
404
432
472
494
506
550
530
486
444
444
426
462
430
458
420
426
374
346
304
352
368
322
286
388
380
388
326
310
336
356
406
436
436
434
438
414
430
404
372
370
344
392
410
466
486
460
480
432
472
454
438
416
438
468
454
396
394
362
314
364
386
428
398
396
386
450
422
456
478
470
458
480
504
480
500
532
536
564
598
596
632
562
498
514
610
550
518
514
524
488
502
476
458
452
440
540
530
486
504
550
548
574
582
522
470
486
472
438
488
424
440
392
424
378
316
296
282
272
278
254
202
150
96
98
32
2
40
70
128
140
124
94
48
66
146
136
128
128
132
130
120
144
226
224
264
222
212
242
244
180
158
140
96
112
122
126
110
136
144
198
170
192
148
102
118
168
90
136
182
146
170
126
190
178
158
160
146
170
118
116
120
80
122
164
86
114
140
168
188
214
200
252
252
240
154
146
194
256
242
256
190
186
184
202
262
258
256
302
270
304
338
348
370
386
414
502
512
496
540
532
468
464
452
420
436
472
462
456
424
418
394
384
396
438
440
458
454
498
546
574
616
628
580
610
548
534
518
498
522
494
534
496
496
564
588
598
580
578
550
512
484
504
520
550
526
496
508
494
462
470
438
464
448
448
512
532
526
500
538
532
556
538
490
480
384
410
450
438
374
342
290
316
288
300
348
366
372
428
400
378
378
420
388
410
344
310
364
346
344
368
352
322
278
276
300
204
234
236
228
222
202
170
134
188
150
118
132
78
30
96
100
122
124
92
138
94
34
4
92
130
112
66
36
46
12
0
16
4
50
10
52
6
40
72
76
44
60
76
140
142
118
144
138
110
140
104
146
154
178
184
216
176
194
160
184
258
240
294
272
324
356
344
336
354
314
328
328
414
350
334
372
436
378
358
350
374
428
400
356
370
308
326
388
378
346
360
368
398
356
372
398
388
348
334
284
308
324
338
348
376
346
332
340
342
324
360
376
328
324
338
320
310
320
352
320
312
376
442
446
434
432
376
362
386
356
398
378
366
416
408
360
426
422
406
386
446
452
418
460
424
480
504
536
558
566
534
538
512
486
448
456
400
402
378
330
348
346
346
336
354
356
294
276
260
246
250
272
202
202
166
176
186
212
218
178
196
244
292
276
310
300
292
298
276
226
230
152
120
170
182
196
172
178
188
208
196
204
126
88
172
212
262
250
246
322
328
364
428
446
416
348
332
312
392
388
354
362
360
388
392
402
400
432
452
458
476
486
524
466
490
448
414
426
426
438
404
366
376
410
420
386
424
378
404
428
426
382
354
376
350
306
310
362
352
376
372
372
344
346
250
238
244
238
228
224
286
296
294
278
292
268
260
338
366
420
424
444
464
458
490
420
378
308
362
334
338
332
306
342
330
392
354
392
440
426
400
402
390
408
354
336
344
338
332
340
300
270
300
258
262
216
192
178
172
112
134
104
82
114
110
92
122
188
152
126
128
132
154
164
230
198
176
258
296
264
288
254
262
262
284
234
260
204
160
224
222
180
206
286
242
244
302
274
238
232
234
216
216
174
150
168
202
196
234
168
164
218
300
300
276
298
300
240
252
244
270
190
212
232
222
236
232
204
228
186
166
166
170
200
204
162
202
176
238
314
348
342
372
392
322
326
320
264
292
262
172
248
202
210
194
214
192
216
172
168
134
160
164
142
108
110
142
186
176
188
196
168
176
160
164
162
110
78
22
10
20
26
18
84
100
48
88
96
176
176
182
196
146
154
116
108
156
158
156
208
200
220
202
158
180
182
188
188
198
164
156
174
106
156
186
214
246
228
228
256
236
208
218
234
222
248
260
302
284
312
282
296
318
304
270
248
262
296
310
268
312
280
264
242
288
274
308
366
350
350
340
328
380
388
362
354
354
418
442
456
438
428
456
426
432
412
442
454
474
470
442
398
468
446
402
382
352
350
318
388
442
474
480
436
460
492
454
406
430
440
416
480
462
542
492
466
446
480
458
468
514
492
478
476
470
426
392
396
454
424
464
458
444
464
456
450
358
364
380
394
434
432
376
406
418
434
402
380
330
364
360
326
350
328
326
296
232
168
136
174
144
88
84
130
128
128
100
122
120
84
94
124
160
150
190
108
94
92
110
106
142
176
218
232
244
290
332
302
342
374
328
310
358
336
402
384
408
428
424
440
466
464
430
424
440
434
440
462
482
446
410
394
424
412
376
378
390
422
472
474
466
496
470
396
402
414
414
448
450
414
420
348
318
280
402
404
410
406
436
454
422
414
404
460
420
382
352
384
408
434
370
362
354
322
408
458
448
504
500
492
490
460
428
472
474
440
442
468
490
520
528
554
522
562
550
528
496
450
456
442
430
426
428
402
394
358
352
372
346
314
324
308
272
236
248
226
236
304
338
288
248
320
394
346
402
414
446
430
446
438
450
476
436
372
386
422
422
484
500
518
474
482
490
534
508
522
542
552
580
582
592
542
534
558
548
566
528
516
518
502
514
578
596
616
588
506
508
592
560
562
556
582
580
592
602
610
614
594
574
530
530
566
552
508
540
572
568
498
482
500
480
524
484
478
520
554
558
532
552
540
558
576
538
504
518
564
548
548
556
504
550
612
584
592
600
566
576
524
468
532
566
586
628
608
602
578
542
542
524
476
468
462
550
550
592
548
532
506
476
496
504
520
540
526
518
530
556
548
570
604
646
614
594
558
572
574
578
580
638
592
560
536
466
466
484
506
542
536
530
546
544
530
530
574
580
604
556
570
588
666
638
586
584
546
478
470
516
514
594
568
588
580
490
496
528
462
508
430
414
432
396
446
466
422
406
408
406
404
416
404
410
404
346
282
314
280
300
314
314
246
286
288
316
244
166
196
152
164
162
160
124
130
136
174
140
84
110
92
92
92
86
130
132
142
138
100
68
122
186
162
186
178
190
188
138
130
158
146
162
186
128
136
144
146
138
156
194
256
188
212
190
174
260
282
282
258
276
224
242
350
324
276
270
276
238
240
216
266
330
380
398
402
426
408
402
400
338
344
350
364
310
348
340
346
326
344
358
378
326
320
320
334
292
252
216
178
206
218
174
176
234
264
264
244
286
244
208
250
240
268
228
214
286
262
240
278
242
272
322
294
292
256
258
252
250
260
276
270
268
298
276
266
304
306
310
368
366
404
384
408
406
394
428
438
448
406
400
382
398
376
324
330
298
316
298
252
250
262
196
178
150
140
82
110
100
72
46
12
14
42
48
8
28
74
84
60
36
66
46
78
40
6
26
6
8
44
10
8
28
4
36
58
56
56
44
26
16
12
12
14
34
8
14
26
46
6
12
50
28
68
26
6
78
116
110
116
150
158
138
162
92
108
52
96
64
4
10
34
6
30
42
110
94
60
66
54
54
134
142
170
244
248
298
266
242
266
278
266
260
226
244
280
330
364
338
320
312
326
274
248
202
220
268
286
244
246
176
158
206
214
146
140
110
80
46
18
12
14
46
26
16
34
52
6
22
2
94
86
136
98
102
132
78
48
14
26
28
48
100
136
158
146
128
156
128
150
110
124
102
124
102
64
10
18
14
18
8
8
62
38
6
12
56
54
132
146
192
198
158
142
148
114
106
82
56
68
96
74
58
60
106
86
152
178
216
266
230
236
196
110
132
142
154
190
228
192
184
190
128
138
184
154
98
156
152
142
132
36
78
92
108
68
96
92
138
176
120
110
18
58
32
22
12
26
78
92
88
140
154
194
196
232
236
240
270
262
254
304
276
294
318
328
334
336
364
370
338
386
400
444
386
358
380
380
350
376
340
320
320
270
304
332
378
370
296
264
290
256
264
252
264
300
358
272
238
250
224
236
178
196
220
184
192
226
248
180
156
184
192
184
254
244
240
256
298
290
372
332
262
282
272
318
296
346
352
378
376
372
404
434
434
418
424
404
426
374
280
330
358
362
388
392
360
362
334
342
376
410
422
428
380
392
398
364
356
316
288
262
256
290
248
258
230
272
284
258
290
294
268
312
318
338
308
336
370
384
374
308
300
322
350
350
360
332
294
364
350
302
316
320
318
314
318
284
274
334
298
286
266
300
308
288
276
278
288
250
220
178
184
206
240
232
268
344
330
372
350
376
394
352
300
318
316
348
312
346
334
296
328
296
236
246
216
184
144
146
198
192
204
146
188
206
232
196
228
326
384
368
450
430
408
410
446
382
418
436
390
384
394
400
408
406
394
404
420
422
432
390
450
488
476
484
502
476
438
420
444
446
504
454
436
374
338
326
310
264
294
304
362
348
396
358
342
350
410
380
396
378
392
346
270
276
282
330
368
372
356
304
276
262
258
232
174
260
218
236
194
254
262
298
234
224
250
264
256
296
254
226
244
322
324
316
330
258
236
238
178
150
204
186
154
150
122
108
102
88
50
22
28
14
42
4
