226
256
390
460
440
522
392
348
232
224
256
326
406
402
398
386
442
386
284
296
308
444
392
280
294
258
202
242
286
340
362
426
558
452
476
530
644
604
624
658
596
620
614
574
654
744
808
790
768
754
748
700
756
754
664
734
580
596
536
572
574
536
602
660
662
742
768
718
720
682
742
776
864
828
890
914
926
924
930
870
968
950
952
948
872
928
872
780
710
654
788
646
678
684
678
684
614
648
678
570
554
606
672
798
764
918
854
968
974
1020
1012
1002
1016
1116
1222
1142
1244
1190
1316
1258
1340
1244
1232
1242
1212
1188
1266
1184
1202
1136
1148
1124
1098
1046
1056
1072
1104
1072
1082
1178
1232
1094
1120
1108
1148
1100
1004
982
980
1068
1030
1150
1248
1354
1392
1414
1400
1472
1644
1680
1738
1726
1692
1636
1726
1760
1732
1700
1880
1776
1908
1840
1800
1792
1872
1900
2010
1984
1982
1858
1904
2010
1978
1876
1812
1890
1754
1866
1818
1774
1896
1816
1776
1634
1768
1674
1738
1832
1796
1842
1792
1670
1734
1740
1836
1916
2042
2112
2184
2220
2204
2202
2214
2244
2218
2056
2082
1968
1936
1922
1894
1862
1746
1772
1764
1696
1702
1682
1588
1606
1600
1620
1508
1530
1394
1292
1342
1418
1346
1350
1336
1446
1526
1648
1630
1602
1620
1642
1652
1622
1566
1680
1754
1748
1716
1782
1804
1920
1860
1924
1980
1908
1838
1954
1762
1828
1876
1942
2026
1972
2000
1930
2006
2092
2020
2006
2024
2046
2082
1950
1886
1936
1952
1998
2034
1974
1946
2032
2054
2080
2092
1964
1944
1962
1924
1906
1898
1846
1790
1826
1834
1704
1780
1730
1736
1578
1546
1644
1592
1574
1586
1612
1618
1624
1594
1590
1640
1662
1688
1630
1522
1528
1528
1544
1526
1448
1512
1514
1474
1514
1562
1586
1572
1518
1476
1372
1472
1364
1316
1246
1382
1482
1394
1408
1348
1432
1498
1428
1378
1346
1298
1268
1236
1180
1178
1170
1130
1152
1074
1064
992
876
942
1040
944
1036
1032
1114
1060
1054
1000
1124
1236
1206
1278
1218
1256
1422
1348
1416
1526
1542
1558
1602
1722
1620
1582
1482
1446
1410
1404
1390
1406
1232
1240
1224
1174
1120
1144
1130
1096
1152
1046
1144
1228
1282
1194
1188
1108
1172
1226
1360
1326
1290
1186
1104
1000
976
990
1048
994
1122
1146
1100
1086
1136
1078
1032
934
1006
1096
1022
940
890
878
970
884
910
844
978
1058
1032
902
842
830
784
718
682
592
566
564
482
624
616
510
472
440
480
400
426
382
286
276
350
284
204
164
228
236
298
252
134
184
156
238
218
174
228
258
220
246
282
264
392
414
286
324
440
412
420
354
360
346
306
354
358
354
262
238
148
30
24
12
78
138
190
202
168
90
90
14
42
66
94
54
60
12
42
8
36
52
68
98
132
124
176
84
108
200
136
226
268
374
380
374
404
414
508
352
294
264
262
250
282
280
302
382
432
484
540
510
542
572
624
770
786
806
748
666
676
662
616
626
586
634
642
648
684
694
706
832
828
898
876
890
898
906
856
854
898
830
794
780
782
820
798
760
690
698
764
804
690
716
686
680
630
640
706
640
652
680
600
538
606
478
490
560
580
568
546
552
626
688
632
640
756
798
820
874
824
838
722
726
700
620
662
648
686
634
680
618
682
628
658
678
696
682
722
772
752
760
800
798
770
778
766
592
676
778
734
832
888
846
806
852
846
868
1000
990
970
998
1060
1106
1196
1292
1254
1300
1264
1208
1196
1126
1088
1142
1114
1136
1154
1134
1048
1002
980
1104
1198
1146
1156
1158
1148
1206
1142
1082
1036
1010
1000
992
960
872
936
900
728
768
756
692
670
606
662
650
504
514
428
246
234
238
264
258
234
394
354
394
440
424
394
552
608
654
770
604
564
516
360
218
162
0
66
104
72
54
88
102
178
308
286
268
260
208
148
108
8
176
102
64
96
180
150
138
170
148
230
334
360
386
460
368
430
320
268
342
380
348
294
238
174
108
110
128
96
150
320
422
470
402
376
396
308
246
260
268
318
276
344
262
244
170
142
134
118
196
180
94
156
226
198
172
230
194
188
228
198
104
154
114
44
122
34
68
96
58
154
168
182
188
212
204
300
290
262
226
254
268
216
208
136
140
242
326
396
396
442
502
512
556
578
694
754
636
692
746
864
858
728
692
748
646
660
576
638
614
544
522
444
494
520
574
610
568
536
616
642
608
668
530
524
530
456
554
604
558
448
510
468
500
506
402
534
538
648
702
664
670
658
672
754
824
892
850
874
996
1076
1088
1000
852
928
986
1050
1096
1066
936
948
824
802
896
918
862
944
990
1082
1090
966
918
886
890
856
826
766
808
902
886
962
988
1012
978
980
920
852
1000
972
956
892
790
832
848
764
726
648
530
530
510
482
498
442
368
358
384
378
402
450
512
506
536
578
704
650
588
502
438
394
436
484
466
490
404
402
398
350
282
336
326
542
512
442
410
394
446
478
480
462
490
372
248
198
220
286
252
236
250
310
298
360
304
248
208
212
240
248
240
256
226
156
160
34
86
208
148
20
44
32
28
28
6
18
44
8
4
6
76
198
160
136
178
216
128
10
66
94
28
8
10
88
138
74
46
10
78
106
66
98
30
84
32
70
60
94
142
46
68
88
82
86
44
114
156
82
144
154
216
242
314
344
328
320
344
318
324
330
436
456
306
202
246
308
390
404
478
486
486
392
432
574
626
776
712
734
720
632
700
774
694
690
802
638
574
556
596
636
708
662
618
614
668
760
792
706
780
772
770
646
668
664
640
722
736
716
590
600
670
748
802
808
802
754
612
766
768
674
654
570
688
716
728
690
634
632
620
744
942
964
872
872
766
794
820
984
1062
1010
1048
1150
1076
1130
1096
1144
1128
1136
1214
1162
1050
1082
1012
1076
1126
1052
1106
1142
1202
1168
1222
1192
1158
1166
1136
1220
1168
1186
1212
1166
1230
1160
1200
1328
1468
1502
1618
1526
1516
1494
1512
1426
1468
1474
1480
1416
1472
1456
1396
1394
1308
1382
1290
1314
1386
1392
1502
1488
1426
1506
1394
1392
1420
1476
1452
1326
1264
1372
1290
1322
1404
1360
1362
1372
1326
1346
1306
1244
1236
1286
1218
1144
1132
1108
1194
1252
1284
1160
1172
1164
1148
1118
1154
1082
1182
1248
1110
1146
1288
1246
1276
1274
1224
1202
1140
1158
1220
1226
1198
1152
1104
1094
1278
1324
1370
1442
1444
1382
1370
1454
1472
1474
1440
1526
1520
1700
1636
1746
1740
1714
1734
1710
1800
1788
1726
1710
1744
1784
1756
1726
1688
1738
1800
1880
1780
1778
1886
1936
1918
1942
1884
1878
1750
1744
1742
1738
1684
1876
1898
1968
1850
1822
1864
1894
1998
2096
2094
2096
2070
2028
2108
2090
2104
2066
2122
2094
2148
2136
2032
2094
2030
2042
2038
1990
1944
1870
1960
1906
1822
1874
1918
1872
1876
1794
1676
1664
1706
1724
1610
1554
1684
1834
1742
1834
1884
1892
1820
1774
1712
1724
1710
1686
1582
1648
1656
1584
1614
1622
1640
1636
1732
1760
1760
1782
1842
1896
1826
1912
1920
1924
1912
1838
1834
1822
1758
1766
1620
1596
1566
1538
1602
1444
1420
1470
1460
1576
1608
1666
1704
1712
1802
1870
1800
1926
1908
1824
1694
1684
1760
1854
1892
1956
1888
1878
1912
1942
1962
1966
2036
1986
1974
1954
1874
1826
1772
1702
1724
1620
1692
1678
1686
1634
1736
1624
1584
1534
1490
1526
1518
1438
1466
1556
1676
1696
1654
1640
1762
1650
1584
1600
1588
1676
1612
1520
1482
1472
1462
1574
1566
1518
1554
1544
1590
1620
1592
1636
1608
1674
1746
1796
1804
1792
1800
1792
1790
1766
1680
1702
1824
1750
1840
1916
1978
1874
1894
1872
2004
1934
1938
1888
1846
1784
1766
1814
1700
1728
1700
1740
1686
1610
1580
1558
1410
1348
1388
1500
1470
1470
1492
1416
1358
1428
1380
1366
1380
1294
1262
1344
1282
1226
1224
1176
1220
1142
1050
1138
1170
1058
1064
1118
1160
1028
1010
1034
948
944
944
962
982
1104
1210
1196
1188
1108
1032
1070
1016
928
950
942
896
850
834
764
810
828
828
754
806
770
782
744
786
800
828
816
880
836
862
922
890
910
926
922
776
674
638
642
590
570
660
714
656
512
554
554
500
500
448
434
400
448
436
478
338
350
366
436
480
462
476
528
590
692
668
646
556
552
488
614
658
650
700
724
710
684
680
598
572
554
622
632
698
616
546
596
554
584
594
632
548
556
512
496
378
230
244
120
74
86
94
42
134
74
190
184
98
28
84
80
192
158
226
214
210
200
266
274
182
124
172
214
258
204
280
258
164
114
84
216
220
370
274
228
274
266
284
308
398
294
320
304
396
440
462
470
472
380
368
418
356
394
442
466
362
374
230
152
94
98
134
132
292
114
212
198
90
158
178
174
314
378
364
410
480
424
352
436
380
400
342
330
292
316
246
334
534
584
554
608
534
442
530
550
500
568
516
538
490
520
506
508
530
622
562
620
572
622
598
618
664
694
582
570
594
438
418
428
446
358
298
264
262
310
414
356
384
338
280
200
190
160
114
62
166
334
396
402
414
376
416
262
306
404
254
382
332
422
406
452
398
376
404
438
462
516
482
372
452
550
596
630
702
742
690
532
506
440
398
438
464
542
566
544
550
520
534
484
392
506
414
438
462
372
444
488
420
464
406
506
586
544
584
572
682
608
518
582
584
654
654
530
504
330
332
324
266
334
336
392
384
464
598
638
520
532
534
644
590
536
694
688
734
772
630
504
506
462
366
414
398
424
464
486
408
350
478
606
636
534
432
410
440
436
464
378
292
152
188
134
170
176
108
58
60
16
30
0
26
182
232
286
226
274
200
208
156
134
148
96
32
76
116
228
162
212
244
396
458
500
432
388
376
456
548
474
538
580
546
626
656
754
720
788
696
656
656
564
544
636
614
668
746
742
696
798
700
756
714
722
728
710
684
696
680
670
648
728
720
612
514
494
504
476
616
582
582
596
612
568
668
564
602
644
584
640
704
710
622
642
716
868
948
978
968
954
908
846
822
868
800
688
654
748
730
676
676
676
