1512
1458
1566
1662
1856
1664
1586
1690
1872
1812
1708
1636
1696
1654
1732
1634
1642
1788
1830
1714
1764
1614
1534
1428
1388
1496
1534
1450
1568
1648
1698
1704
1680
1720
1724
1648
1568
1394
1256
1074
932
862
940
872
1024
948
932
844
682
756
504
488
188
102
166
292
184
208
112
190
228
322
342
160
322
474
340
324
468
438
476
326
344
378
316
364
508
290
426
364
402
356
434
416
448
418
296
202
292
264
356
412
332
224
194
242
338
378
540
482
542
486
432
384
250
288
152
10
112
252
242
112
56
34
66
142
162
272
216
448
536
602
426
298
348
154
128
152
94
80
94
22
220
334
412
464
374
454
514
422
374
390
364
134
146
240
306
230
432
424
290
294
354
404
236
336
482
358
280
230
350
356
356
308
144
190
372
492
424
390
460
478
524
768
796
786
646
780
726
724
844
1026
914
808
920
884
798
714
632
594
742
824
840
912
1016
1076
1020
942
900
942
764
694
636
496
604
644
612
580
652
746
968
1086
1268
1340
1308
1188
1094
1020
1168
1244
1074
1220
1114
946
1018
970
878
784
1044
906
908
1108
1006
1026
1046
962
922
950
962
1112
950
806
976
916
952
978
1052
982
860
836
836
802
648
598
776
886
832
730
782
840
726
704
470
714
678
682
550
538
622
562
578
628
444
492
550
556
560
460
404
340
284
376
276
290
396
392
534
612
588
470
576
572
488
464
352
238
208
164
54
4
66
68
74
176
200
284
348
176
106
204
284
398
404
374
244
186
110
80
140
184
250
208
192
178
60
138
20
40
22
92
60
44
82
24
28
122
46
50
4
160
184
198
312
298
216
138
114
122
162
324
444
480
530
624
574
588
416
414
420
260
306
150
60
226
470
466
230
246
322
182
246
406
452
502
290
270
114
144
322
376
176
294
438
572
542
414
594
692
800
662
658
628
740
910
894
732
674
530
484
624
564
686
518
520
492
600
674
538
440
546
558
560
558
422
388
418
314
414
534
586
588
530
702
668
472
366
406
482
554
638
704
592
592
578
708
742
818
814
850
868
754
750
832
762
738
636
766
668
662
804
784
806
946
944
960
864
802
698
746
1020
776
786
802
746
794
746
752
826
658
596
472
314
122
170
132
230
236
314
458
524
440
344
308
348
452
298
64
256
218
462
482
734
836
836
770
786
818
782
732
642
670
680
750
610
750
718
658
530
540
580
544
612
638
714
814
742
558
340
300
320
582
674
714
722
772
820
942
900
1092
1146
986
988
1114
1038
902
810
774
640
818
694
738
702
704
768
904
824
774
988
1102
1074
1012
1132
1174
1300
1394
1438
1378
1322
1358
1290
1284
1236
1196
1186
1322
1408
1272
1246
1238
1154
1170
1108
1076
1200
1072
990
1050
960
984
976
984
928
936
1000
1074
1196
1276
1182
1252
1002
918
902
948
980
1196
1204
1184
1186
1084
1170
944
938
876
832
598
644
670
628
826
904
900
708
586
794
942
978
1090
1024
1088
1068
1208
1290
1320
1228
1248
1308
1298
1186
1084
1066
1006
1068
1086
1030
980
868
698
608
498
638
520
700
778
936
998
1028
1104
1048
1008
1062
1012
1060
1016
966
804
786
934
986
902
912
976
980
1000
996
1096
1044
1150
1248
1050
1000
1034
1002
1028
1160
980
800
604
506
522
642
694
786
796
834
996
1000
848
1004
1060
1048
1042
968
926
956
962
998
894
776
590
546
406
286
282
292
412
360
404
538
276
356
430
300
252
60
34
142
382
366
356
250
230
128
192
284
402
356
314
316
234
160
24
182
140
86
258
194
188
268
326
200
104
84
82
12
50
86
72
52
186
170
302
148
158
308
322
340
374
434
518
534
358
214
272
316
432
426
458
472
444
604
510
504
426
306
416
382
434
364
198
370
362
500
476
458
388
442
584
656
730
836
706
734
720
826
786
702
844
862
982
1024
1076
1196
1220
1052
896
856
744
510
474
360
390
576
598
670
890
968
868
886
850
794
750
732
696
618
590
806
876
724
714
514
692
738
960
926
874
796
736
668
818
844
848
746
754
794
806
894
892
1014
946
922
934
964
1060
1252
1268
1404
1224
1268
1302
1186
1120
1124
1200
1172
1116
1050
1118
1122
1106
1150
1328
1426
1360
1386
1480
1362
1320
1328
1602
1578
1458
1348
1592
1550
1560
1586
1368
1406
1494
1446
1562
1444
1426
1368
1386
1428
1518
1414
1428
1486
1574
1554
1594
1622
1626
1690
1636
1498
1402
1248
1374
1366
1288
1480
1484
1390
1394
1294
1272
1190
1248
1258
1206
1196
1398
1348
1428
1486
1476
1284
1228
1192
1238
1280
1368
1434
1318
1414
1382
1182
1126
1238
1380
1274
1312
1414
1380
1338
1294
1080
1024
1084
948
1062
1086
1182
1180
1110
1054
1310
1236
1300
1360
1530
1418
1646
1580
1584
1504
1496
1412
1394
1602
1666
1770
1640
1758
1690
1734
1758
1856
1996
2010
2148
2294
2258
2188
2192
2036
2012
1862
1914
1980
1946
1936
1928
2030
1932
1830
1938
1852
1924
2026
2068
2002
1766
1888
1920
1742
1918
2090
1846
1708
1684
1600
1796
1644
1488
1524
1666
1726
1516
1510
1666
1684
1642
1638
1610
1606
1578
1498
1698
1772
1690
1548
1660
1722
1736
1586
1508
1644
1874
1800
1754
1802
1674
1774
1660
1600
1512
1454
1488
1530
1516
1328
1220
1368
1468
1544
1620
1566
1520
1630
1520
1270
1342
1254
1298
1360
1204
1172
1206
994
952
1002
904
906
840
984
956
932
1004
942
1000
1110
1186
1276
1252
1264
1136
1196
1188
1036
1002
1010
994
1016
1182
1190
1294
1242
1214
1284
1348
1422
1352
1364
1270
1218
1010
934
1142
930
1090
1112
1018
1200
1146
1134
1146
1146
1166
1408
1210
1290
1132
1160
1162
1218
1102
1034
752
722
856
1034
1056
872
930
820
742
660
724
646
624
508
432
536
632
670
712
788
774
596
580
696
750
750
898
816
848
728
484
436
452
460
714
586
736
636
664
902
878
880
692
672
746
706
582
678
692
936
858
988
888
928
862
1020
1250
1108
1014
1164
1202
1160
1130
1024
1042
1112
1064
1204
1120
1056
1170
1430
1360
1340
1384
1376
1420
1336
1198
1290
1376
1308
1430
1392
1468
1458
1416
1296
1228
1200
1370
1348
1468
1480
1520
1556
1580
1620
1594
1582
1530
1530
1402
1528
1418
1314
1294
1342
1538
1364
1384
1280
1320
1168
1328
1360
1304
1358
1314
1314
1344
1294
1328
1346
1280
1342
1442
1546
1536
1506
1430
1568
1430
1322
1308
1238
1112
922
936
1028
828
764
696
894
896
810
976
924
902
940
972
960
934
946
880
810
956
930
902
730
706
772
680
938
1160
1108
1032
1018
1004
932
824
684
444
410
582
584
476
520
582
480
574
508
628
762
810
700
768
590
742
946
1000
992
1010
1090
1088
1038
1100
936
856
894
698
730
754
604
626
686
644
702
578
434
510
468
596
562
688
596
598
592
442
280
338
534
506
564
492
584
718
790
738
812
628
716
720
858
802
576
832
834
516
494
372
196
116
10
90
120
146
168
208
216
242
326
162
276
174
160
398
222
256
326
392
300
390
382
476
384
392
438
376
450
342
310
302
392
354
268
346
280
312
150
128
316
288
306
362
680
648
466
446
164
128
342
252
134
194
130
186
152
122
10
16
226
48
42
252
316
130
22
74
10
14
78
122
110
42
92
58
26
76
6
82
44
144
34
28
46
116
272
288
134
162
178
386
400
366
294
346
402
456
506
406
404
394
290
274
254
288
188
74
176
138
328
310
294
412
438
512
560
410
500
442
512
598
510
610
652
500
608
582
534
636
484
474
696
466
460
450
528
660
660
700
668
616
844
670
716
750
692
644
548
792
760
744
694
576
536
690
706
710
700
886
850
1116
1204
1162
1392
1502
1768
1756
1644
1554
1628
1560
1692
1800
1900
1794
1852
1750
1802
1670
1688
1608
1684
1698
1894
1884
1672
1874
1808
1874
1860
1858
1890
1730
1688
1632
1512
1720
1666
1682
1508
1524
1322
1400
1322
1326
1240
1360
1228
1308
1408
1396
1486
1570
1634
1724
1666
1864
1936
1910
1864
1780
1714
1722
1764
1690
1640
1682
1722
1642
1590
1576
1472
1382
1418
1272
1616
1630
1572
1058
832
780
694
698
644
698
726
750
812
808
784
774
786
654
636
636
758
672
638
650
702
700
484
474
304
444
390
586
576
562
582
446
388
398
488
642
542
404
380
234
384
456
462
522
518
376
234
176
210
334
434
370
218
360
310
324
304
342
188
16
46
124
10
182
242
206
354
434
512
422
484
630
744
922
968
812
958
838
898
862
832
854
1030
1082
1050
920
784
620
474
326
182
296
354
432
486
510
406
354
392
412
560
542
606
584
626
652
676
584
600
462
420
446
422
250
298
232
406
382
638
588
640
624
636
754
698
642
590
482
428
354
476
286
452
376
246
260
324
222
304
154
14
24
176
100
6
16
76
44
56
142
96
110
20
216
150
240
236
116
212
8
38
172
108
124
180
354
422
386
332
300
390
466
540
476
330
364
168
160
356
466
570
716
734
644
702
748
828
838
868
878
882
900
782
856
878
768
912
868
1002
1074
954
996
1062
1062
1142
1284
1236
1164
1086
1060
1078
970
810
874
902
820
822
788
894
998
1054
826
748
714
606
550
782
562
488
654
782
610
598
702
700
698
684
678
694
574
516
592
618
522
390
282
494
374
506
508
582
670
556
438
588
742
812
752
724
848
572
390
310
294
246
374
402
398
384
232
212
196
182
240
124
236
280
270
230
156
12
36
62
84
82
120
216
52
214
432
448
346
562
274
66
154
132
116
26
30
184
302
72
6
36
46
106
148
278
168
38
212
216
78
180
92
164
122
32
60
294
210
172
140
358
198
48
48
18
28
14
54
24
108
126
142
58
110
40
264
430
572
414
572
600
506
522
478
390
322
364
380
388
354
202
240
278
320
224
268
386
580
624
506
484
452
290
324
164
282
248
194
80
34
206
148
262
204
268
170
272
236
356
172
268
92
204
168
