934
982
936
910
1002
1000
1010
1014
1022
1086
1060
1038
942
982
956
1000
986
922
894
862
940
840
1024
974
910
840
948
746
786
772
802
846
762
800
810
750
696
750
692
728
686
614
602
586
576
656
692
798
904
980
982
920
886
880
1052
1100
1126
1110
1100
1082
1030
1086
1098
1064
1170
1082
1020
1030
1020
956
1042
1012
1012
1052
1040
976
1016
1110
1106
1226
1296
1290
1162
1128
1120
1070
1026
1014
1032
1098
998
1030
1052
1036
1134
1090
1106
1112
1122
1132
1168
1112
1188
1200
1136
1138
1014
964
962
916
908
920
946
950
906
796
838
842
910
856
1002
924
974
998
1020
980
982
1024
1012
1024
926
1020
1034
1048
992
940
1010
1094
1028
1028
956
906
864
774
724
788
848
860
934
850
738
700
710
734
688
686
660
646
552
546
564
492
444
362
362
364
294
230
138
254
138
128
172
170
158
144
210
244
170
158
114
154
332
194
180
230
198
202
256
236
220
310
232
258
268
318
182
244
262
214
156
110
64
22
88
134
100
116
108
66
108
88
56
84
2
46
24
178
126
136
102
138
102
78
24
22
88
128
148
178
156
78
14
2
12
56
78
42
140
86
12
136
30
34
52
72
38
44
44
20
72
172
162
114
180
144
198
194
200
178
128
132
18
48
184
138
172
146
192
164
228
172
158
264
132
112
138
82
22
6
22
48
16
12
44
44
38
56
38
32
172
126
130
76
144
86
124
8
38
12
142
222
166
142
126
206
170
106
98
176
136
144
196
356
412
466
438
476
422
366
434
444
432
424
366
266
102
186
272
356
288
438
414
346
308
404
368
392
420
458
494
610
572
550
562
496
442
516
382
290
228
234
180
166
56
140
114
138
14
28
132
86
28
188
260
240
116
114
18
8
0
64
2
92
152
240
154
178
236
250
218
162
120
166
216
176
186
98
92
20
20
172
170
220
246
214
408
304
306
242
218
214
234
244
258
236
302
224
182
138
72
46
0
68
32
34
42
18
66
158
148
84
58
6
54
28
60
66
48
22
100
178
196
82
104
114
112
134
82
6
12
40
70
38
38
10
6
82
30
76
44
54
38
70
36
116
154
190
202
132
340
304
236
258
178
210
178
270
380
336
200
226
372
346
378
218
212
182
256
260
256
216
180
136
124
82
60
98
62
16
6
26
8
78
50
8
40
86
152
244
228
228
234
236
246
292
240
260
126
144
164
36
34
58
22
104
36
26
112
100
120
132
142
206
174
96
64
14
46
22
48
38
90
120
100
8
16
106
132
208
170
66
158
188
106
90
66
10
84
246
184
170
128
112
168
138
196
296
276
284
326
278
300
410
422
330
398
402
484
622
746
722
690
654
508
558
588
714
756
648
796
760
832
862
818
884
822
782
760
738
642
648
720
692
630
706
754
768
826
916
958
1014
1026
1054
1044
1202
1190
1290
1352
1386
1410
1316
1390
1386
1428
1400
1366
1406
1336
1424
1420
1486
1458
1306
1314
1390
1436
1500
1446
1510
1502
1420
1460
1484
1412
1404
1406
1386
1402
1504
1528
1550
1544
1614
1574
1612
1626
1702
1742
1894
1934
1934
1874
1904
1880
1894
1986
1980
1998
1992
1944
1980
1938
2068
2032
1902
1860
1878
1942
1998
2032
1996
1936
1870
1834
1842
1816
1844
1842
1788
1760
1712
1686
1598
1626
1596
1640
1624
1682
1626
1586
1632
1636
1520
1492
1604
1712
1718
1688
1722
1700
1722
1770
1928
1858
1884
1960
1918
1872
1856
1928
1972
2112
2034
2028
1948
1966
2136
1974
2050
2056
2152
2188
2144
2108
2036
2018
2046
2062
1932
1926
1834
1854
1860
1926
2042
2014
1998
2060
2072
2114
2180
2132
2172
2154
2148
2100
2164
2236
2256
2282
2218
2234
2302
2250
2246
2220
2262
2336
2232
2342
2316
2218
2236
2156
2240
2300
2332
2252
2294
2414
2314
2198
2256
2178
2146
2118
2168
2222
2190
2174
2116
2122
2056
2040
2050
2064
2082
2064
2038
2000
1960
2036
1994
2010
1998
2032
2108
2140
2204
2154
2132
2092
2080
2046
2160
2210
2140
2152
2054
2008
2068
2102
1976
2052
2042
2178
2190
2116
2112
2040
2024
2030
2054
2018
2002
2028
2034
1938
2022
2050
2058
2106
2130
2144
2128
2078
2054
2054
2060
1978
1960
1930
1850
1876
1730
1778
1752
1766
1654
1646
1676
1608
1586
1670
1660
1690
1576
1618
1556
1472
1502
1530
1628
1614
1532
1552
1594
1650
1660
1612
1576
1578
1624
1630
1668
1658
1632
1722
1674
1692
1652
1766
1856
1882
1842
1806
1902
1958
1910
2000
1980
1894
1974
1976
1994
1990
2124
2136
2098
2078
2162
2218
2212
2192
2200
2190
2206
2198
2206
2238
2178
2230
2238
2220
2212
2378
2344
2304
2234
2278
2298
2176
2236
2230
2148
2120
2190
2104
2088
2232
2220
2208
2256
2174
2148
2232
2192
2180
2276
2254
2194
2232
2148
2126
2182
2160
2160
2108
2182
2152
2186
2290
2362
2266
2368
2322
2266
2378
2302
2308
2324
2232
2196
2176
2182
2174
2094
2120
2118
2102
2240
2186
2088
2128
2080
2052
2122
2084
2154
2122
2114
2130
2206
2116
2210
2202
2294
2268
2222
2236
2204
2250
2144
2138
2096
2088
2150
2230
2284
2168
2058
2076
2098
2238
2174
2182
2186
2216
2196
2222
2146
2052
2064
1966
2070
2000
2008
1898
1948
1956
1990
2022
2106
2154
2138
2108
2106
2124
2146
2020
2034
2126
2224
2222
2300
2172
2210
2146
2184
2192
2086
2010
1932
1896
1832
1810
1858
1854
1886
1958
1860
1840
1872
1834
1692
1728
1732
1682
1850
1820
1806
1792
1748
1724
1636
1664
1454
1458
1470
1452
1486
1518
1676
1658
1580
1606
1686
1822
1722
1690
1740
1764
1874
1852
1852
1952
1958
1952
1858
1924
1970
2036
2056
2014
1968
1956
2020
2056
2052
2086
1980
2056
2142
2070
2130
2046
2072
2048
2100
2122
2158
2210
2196
2186
2084
2072
2114
2056
2040
2180
2242
2180
2146
2168
2288
2276
2276
2276
2180
2212
2206
2138
2156
2160
2168
2202
2168
2170
2190
2178
2066
2030
2000
1914
1988
1948
2078
2046
1986
1964
2012
1976
2020
2026
1910
1890
1882
1926
1908
1842
1860
1780
1858
2030
2038
2060
2080
2146
2108
2056
2040
2026
1964
1898
1882
1866
1958
2032
1970
1854
1844
1888
1902
1872
1832
1824
1824
1804
1790
1806
1812
1866
1928
2022
1976
2082
2008
1906
1922
1884
1922
1850
1862
1840
1890
1874
1850
1950
1914
1812
1792
1844
1856
1790
1808
1742
1768
1754
1790
1688
1620
1664
1658
1636
1660
1626
1636
1628
1594
1572
1622
1694
1688
1738
1860
2030
2014
1986
1932
1974
1964
1846
1890
1962
1990
1988
1922
1994
2042
2142
2130
2142
2132
2186
2226
2216
2168
2150
2148
2168
2182
2198
2112
2080
2004
1978
1970
1980
1948
1832
1824
1944
1868
1856
1926
1918
1944
1852
1942
1934
1878
1896
1880
1822
1822
1876
1904
1886
1998
1940
1836
1870
1754
1732
1760
1742
1820
1762
1752
1842
1884
1914
1902
1834
1870
1764
1728
1742
1728
1752
1714
1722
1656
1642
1598
1568
1530
1518
1556
1488
1556
1596
1614
1630
1550
1494
1412
1452
1530
1556
1588
1610
1654
1630
1618
1604
1580
1584
1586
1634
1612
1648
1500
1494
1446
1472
1462
1380
1398
1334
1388
1378
1334
1416
1380
1294
1204
1264
1198
1216
1174
1118
1210
1306
1300
1388
1314
1310
1292
1334
1236
1182
1264
1300
1272
1206
1234
1412
1392
1388
1372
1400
1352
1338
1396
1326
1276
1292
1244
1276
1356
1434
1520
1610
1590
1638
1734
1640
1726
1788
1866
1950
1918
1824
1942
1950
1942
1860
1860
1806
1758
1684
1736
1644
1650
1614
1618
1706
1652
1556
1444
1506
1518
1566
1514
1562
1570
1540
1562
1516
1530
1488
1524
1502
1498
1454
1458
1366
1312
1314
1340
1400
1416
1398
1428
1500
1438
1392
1382
1384
1328
1406
1392
1336
1232
1244
1270
1282
1296
1344
1368
1292
1300
1282
1248
1300
1320
1178
1246
1260
1184
1124
1056
1088
1120
1118
1038
966
972
882
782
840
900
976
936
1030
1106
1118
1072
1006
824
840
806
788
810
784
744
920
880
812
864
772
786
736
684
726
722
736
820
816
824
856
980
1016
1112
996
994
1020
1062
918
910
808
832
798
870
886
936
894
870
902
844
876
864
738
740
786
854
760
832
894
866
852
752
704
700
738
660
694
602
506
472
534
540
568
642
602
554
512
520
532
594
588
648
716
726
692
606
702
712
710
642
630
612
494
514
588
556
572
578
620
570
644
680
686
684
684
632
542
568
592
610
604
564
496
570
556
518
514
492
522
612
578
494
506
538
540
542
536
610
684
746
748
644
636
622
690
674
744
688
724
914
904
778
758
722
626
626
596
586
534
486
542
492
526
520
496
592
656
582
526
530
558
608
476
462
478
556
478
398
414
392
362
302
216
180
114
4
62
182
84
94
194
346
392
274
272
240
210
142
86
158
204
200
146
80
50
22
88
80
32
24
68
116
124
50
4
32
66
102
186
176
154
146
216
242
280
228
322
292
294
218
214
252
276
208
326
272
204
162
146
172
214
242
222
324
308
250
270
300
372
344
314
286
314
364
362
406
352
438
426
448
410
306
378
374
356
242
290
270
364
326
324
242
292
280
246
332
244
182
204
160
118
136
178
142
140
38
10
0
8
66
12
50
14
40
74
68
126
16
6
32
32
108
144
164
76
22
38
40
22
106
62
62
68
2
80
42
10
66
72
74
58
130
158
152
208
214
112
152
222
284
358
310
348
316
442
356
372
390
332
366
342
374
416
404
418
590
480
576
588
580
588
662
604
572
510
468
492
508
528
632
624
722
668
640
636
650
626
520
524
528
540
616
574
556
440
572
682
638
738
704
790
796
874
908
820
766
780
806
906
1030
1024
1042
1066
1038
1046
1122
990
934
914
920
896
794
724
572
470
536
558
642
620
638
610
528
588
546
518
602
556
482
554
612
590
492
434
346
346
300
342
346
400
336
412
406
488
356
316
390
418
468
530
622
538
488
492
416
356
448
512
614
616
532
568
684
728
618
624
666
534
478
480
430
434
518
464
540
534
454
408
380
400
494
518
484
502
428
374
230
152
158
164
216
254
192
146
180
202
244
372
348
210
194
328
284
262
228
174
230
260
282
364
334
288
196
118
124
108
158
6
32
24
134
174
90
132
80
62
42
40
26
80
66
26
138
80
174
258
204
180
178
