826
822
834
876
866
894
860
874
856
812
814
796
824
810
846
898
888
858
866
888
876
910
908
856
864
902
930
908
924
928
932
948
940
928
884
890
896
914
900
908
928
934
922
932
944
930
926
884
922
938
916
880
890
942
932
976
952
948
934
950
936
920
912
878
880
830
828
838
876
880
866
886
900
906
894
914
914
930
942
924
930
898
908
928
936
920
902
918
894
886
884
840
860
836
862
868
860
872
880
900
906
926
872
892
862
878
864
878
926
914
908
884
920
916
910
926
924
936
928
962
952
932
916
924
894
890
906
888
868
860
862
888
880
818
824
824
860
846
860
878
906
890
904
900
920
884
896
908
936
922
922
910
898
912
912
918
920
926
910
922
912
888
920
926
914
884
840
832
836
864
894
888
888
858
862
882
892
892
906
910
912
910
924
922
920
950
940
936
928
926
908
936
948
932
950
932
916
854
858
846
858
846
848
830
854
866
854
844
872
874
850
820
810
804
808
840
826
798
828
810
778
786
834
850
852
866
886
882
904
910
922
934
932
932
882
880
894
882
878
874
894
922
912
942
926
922
914
920
950
934
932
958
942
952
960
938
938
932
908
886
886
902
880
888
896
914
900
916
908
908
922
900
874
906
898
886
868
858
848
866
882
894
884
866
878
886
912
924
926
886
888
890
918
904
938
928
914
944
928
926
918
918
908
912
912
898
906
908
912
940
930
918
932
928
932
936
924
926
934
946
938
944
938
908
938
948
916
906
920
906
924
916
938
922
926
954
916
892
908
882
856
876
904
904
886
904
924
918
914
870
850
852
858
858
850
822
822
852
852
884
872
856
882
904
878
860
892
924
906
902
918
924
938
930
898
876
892
890
898
870
880
850
884
882
894
896
902
916
954
958
958
952
948
952
944
934
898
890
876
860
862
870
872
874
908
896
896
862
882
930
920
934
946
960
952
916
910
886
900
888
876
860
870
872
886
884
936
930
900
872
862
868
900
886
888
898
922
890
876
866
896
892
888
854
870
930
920
918
916
940
920
900
900
908
894
864
840
864
892
904
940
924
908
922
930
944
924
928
932
940
942
930
920
902
894
868
894
872
858
866
862
892
912
900
888
860
898
888
874
890
878
876
864
870
896
864
852
876
912
922
928
924
908
914
914
926
926
900
906
912
930
922
912
932
942
954
950
896
860
884
886
880
908
940
942
898
878
962
966
918
918
906
930
922
932
912
894
906
932
904
938
958
970
914
916
902
896
936
948
944
932
946
906
884
902
934
906
932
936
922
924
944
930
938
906
866
868
874
846
884
906
914
880
836
844
840
846
814
826
838
864
866
864
868
886
888
876
888
884
896
894
890
924
932
916
906
904
928
924
920
930
942
912
910
894
898
910
894
922
874
840
834
834
840
814
844
818
806
818
838
838
804
780
798
782
782
792
792
816
832
842
838
852
832
806
804
794
826
846
864
876
880
894
906
910
922
928
938
916
912
880
908
894
904
922
920
894
898
894
924
904
898
892
902
888
892
898
880
928
896
878
882
882
866
890
922
902
884
874
854
854
854
856
872
858
852
870
878
896
880
886
858
864
878
848
848
852
846
844
836
822
830
852
860
876
890
878
864
886
846
872
856
866
864
878
892
884
896
876
870
890
862
884
866
846
846
824
774
800
786
790
776
808
778
802
824
818
818
866
858
836
828
838
852
864
890
908
914
906
924
932
948
944
954
968
954
952
956
964
950
944
928
932
936
922
920
886
880
872
896
902
884
864
846
876
880
858
890
886
882
902
936
930
924
926
922
940
916
924
936
916
920
904
910
894
910
938
916
936
874
872
890
894
934
936
948
928
932
922
920
932
938
910
922
924
936
922
922
930
912
908
926
936
920
942
920
932
910
872
842
818
810
806
812
838
868
872
856
862
880
886
852
874
882
864
888
950
912
908
916
922
922
926
916
920
896
888
912
922
910
922
910
880
880
876
872
864
882
912
910
916
938
900
896
914
916
902
938
928
926
902
900
910
922
942
942
924
912
898
888
880
904
914
908
908
924
932
908
904
900
934
962
934
940
920
910
934
916
914
900
926
900
892
904
900
936
928
916
914
888
872
882
870
836
848
854
878
908
896
864
878
854
840
850
866
854
862
906
880
860
874
886
852
870
862
836
828
816
852
878
884
860
854
884
854
858
870
870
846
846
850
876
872
902
918
916
898
874
906
888
884
920
950
916
906
898
906
874
864
906
904
898
852
852
868
878
850
874
884
872
850
872
826
832
846
860
890
882
894
920
912
892
894
890
898
884
878
918
902
884
870
866
816
842
824
834
856
878
910
896
882
868
860
868
882
892
858
848
858
876
900
878
882
918
908
914
914
908
896
900
884
892
860
828
826
794
818
812
872
868
906
884
908
904
926
932
920
930
904
880
908
902
886
876
904
928
936
928
944
918
912
892
926
918
890
882
856
872
880
848
824
836
832
838
834
840
856
874
832
848
866
880
804
840
832
830
818
844
882
910
880
898
890
900
908
884
878
926
930
928
914
928
940
952
924
934
932
894
908
906
914
882
896
878
914
922
902
900
930
922
922
916
918
904
906
936
922
932
924
934
912
916
904
906
914
896
934
950
928
942
948
974
938
926
916
910
922
914
894
904
946
934
926
904
900
872
890
902
890
896
918
944
912
906
886
914
892
884
860
844
864
854
872
866
850
834
854
862
878
866
886
872
866
844
858
862
888
888
912
884
878
884
888
898
880
910
916
884
890
922
920
918
902
906
888
888
896
924
914
906
886
892
876
904
898
900
900
904
900
864
924
942
922
944
944
942
944
948
950
938
926
888
918
928
922
928
942
942
942
956
956
948
926
912
934
926
918
904
894
902
890
886
884
906
886
880
872
886
878
888
872
832
832
836
838
836
844
856
866
854
850
870
882
898
910
896
900
898
896
916
902
876
870
886
866
880
878
864
868
864
864
848
844
822
822
834
832
864
838
848
868
868
868
894
880
894
872
896
922
886
870
874
898
894
884
904
916
922
906
940
942
910
906
906
906
882
850
836
860
842
864
846
852
830
832
814
824
842
836
814
800
826
858
864
856
854
856
868
880
894
890
932
936
928
934
946
906
922
930
888
900
914
892
884
874
874
874
864
900
886
896
888
904
930
958
930
944
940
926
916
924
922
920
952
938
914
888
890
866
856
870
882
860
880
880
846
876
872
888
878
892
862
884
866
838
854
864
880
914
906
892
872
884
894
894
878
884
892
910
900
900
906
928
900
890
900
910
932
896
878
882
894
912
892
904
914
890
908
916
922
906
896
860
834
856
842
852
858
826
866
878
882
866
864
892
928
936
918
916
930
910
902
896
902
894
902
898
882
916
910
896
908
912
906
898
874
876
892
870
890
884
872
898
880
900
888
894
896
904
952
910
916
900
922
902
920
918
938
930
946
930
922
902
918
912
908
892
880
904
860
868
856
834
852
866
910
924
958
934
906
916
912
922
896
898
888
884
846
848
882
882
842
874
874
886
912
896
918
904
932
894
874
872
884
888
866
852
860
884
874
894
870
904
894
876
878
898
898
894
926
918
928
932
928
914
908
886
900
916
892
880
888
880
848
872
858
868
868
904
910
880
858
836
844
884
900
908
922
918
914
904
930
920
936
914
924
898
898
886
908
906
888
902
892
890
928
894
906
908
914
906
884
882
852
850
866
898
916
926
938
954
940
908
902
904
904
904
896
912
942
932
926
898
914
916
874
898
890
882
884
842
828
838
856
874
908
896
892
870
904
878
880
894
908
914
906
828
892
904
900
918
916
898
904
922
904
906
906
890
920
912
884
866
858
888
876
870
884
876
874
860
910
922
908
922
910
922
908
906
936
890
876
904
920
916
906
920
928
926
916
908
890
876
882
890
888
892
882
898
890
882
904
902
924
940
934
926
918
916
914
932
936
922
922
936
944
920
928
916
936
952
954
950
902
920
900
892
890
912
914
912
902
906
888
868
858
888
924
950
932
948
922
926
928
934
924
960
960
958
954
926
926
926
930
954
914
898
866
922
918
900
888
906
938
950
948
952
952
930
914
896
926
928
916
904
908
902
868
872
850
822
822
814
834
870
838
864
904
880
864
862
880
872
922
900
896
926
930
916
916
910
924
916
928
930
946
920
926
910
912
890
878
916
910
856
888
874
908
896
902
896
894
926
906
894
902
844
860
880
862
868
898
906
932
920
936
952
940
924
902
914
916
920
892
900
894
842
830
844
838
854
850
870
888
904
920
894
884
904
876
894
872
854
854
882
876
882
898
924
920
948
948
944
932
940
968
946
952
956
930
908
924
898
938
932
928
934
946
928
910
910
918
886
900
910
928
942
888
876
888
872
890
880
854
834
864
818
862
852
858
874
872
854
862
872
914
926
932
942
958
950
962
950
968
922
892
902
920
898
894
898
876
896
864
898
926
924
878
886
898
926
936
916
910
920
902
912
908
880
890
878
878
906
922
938
938
930
942
914
926
940
928
916
884
882
860
848
850
890
904
930
924
902
924
936
924
894
882
876
894
