7828
7936
7842
7770
7864
7810
7818
7950
7930
7930
7952
7990
7958
7990
7944
7956
7970
7976
7982
7994
8080
8032
7972
7866
7858
7906
7862
7914
8000
8010
7856
7920
7878
7826
7784
7784
7754
7758
7830
7810
7900
7832
7844
7878
7762
7838
7932
7926
8064
8074
8068
8090
8090
8090
8074
7886
7832
7752
7772
7798
7896
7886
7864
7844
7950
7998
7986
8022
8010
7946
7948
7968
8004
8030
8000
8056
8022
7990
7942
7932
7940
7840
7838
7800
7928
7926
7990
7980
7962
7908
7966
8032
8072
8088
8066
8052
7996
7982
8026
8008
8080
8110
8122
8070
8030
8090
7982
7922
7976
7952
7980
7912
7912
7860
7900
7852
7822
7876
7748
7806
7790
8020
8082
8036
7936
7936
7932
8024
8030
7998
7974
7984
7964
7950
7944
7940
7898
7842
7928
7980
7994
7974
7980
7914
7940
7926
7778
7860
7842
7858
7890
7918
7786
7870
7894
7926
7908
7890
7898
7910
7962
7916
7906
7828
7802
7854
7870
7834
7692
7696
7656
7708
7776
7834
7846
7894
7900
7804
7802
7726
7794
7848
7814
7828
7778
7770
7832
7806
7774
7848
7792
7796
7874
7846
7922
8048
8174
8130
8206
8170
8134
8030
7932
7982
7922
7912
7882
7980
7878
7962
7930
7930
7934
7850
7962
7962
7946
8050
8046
8080
8026
8036
7972
7888
7858
7818
7794
7778
7728
7802
7738
7740
7904
7856
7900
7848
7878
7852
7804
7782
7822
7850
7910
7972
7982
7924
7894
7856
7860
7788
7774
7840
7930
7978
8052
8050
8036
8000
7974
7968
8014
7972
8032
8064
8078
8142
8084
8094
8100
8030
8076
8034
8018
8064
8106
8100
8060
8092
8048
8060
8120
8104
8078
7990
7856
7852
7810
7806
7886
7836
7824
7916
8018
7952
7950
7898
7830
7806
7774
7828
7796
7950
7836
7878
7934
7962
7970
7928
7948
8008
7954
8092
8106
8122
8130
8080
8054
8054
7956
7990
8024
8016
7962
8150
8146
8148
8090
8120
8060
8072
7986
7994
7928
8024
8070
7940
7958
7934
7962
7998
7914
7906
7876
7944
7884
8028
8058
8112
8210
8282
8146
7984
8050
8084
7988
7936
7968
7908
7962
7958
7962
8042
8090
8122
8044
7956
7908
7894
7878
7996
8006
8098
8040
8100
8166
8174
8164
8098
8084
8092
8056
8036
8016
8022
7990
7924
7894
7968
7962
7902
7834
7904
7908
7846
7934
7904
7882
7854
7844
7822
7844
7862
7764
7760
7792
7850
7922
7900
7834
7866
7802
7712
7676
7688
7806
7740
7746
7746
7768
7918
7822
7844
7838
7862
7852
7788
7826
7850
7756
7822
7684
7664
7766
7954
8020
8056
8000
8048
7982
7930
7936
8012
8062
8006
7966
7942
7982
8048
7970
7928
7994
7930
8022
8014
8022
7892
7956
7962
7930
7888
7906
7962
7978
8134
8106
8156
8084
8018
8054
8022
7962
7920
7924
7904
8048
8058
8096
8072
8122
8090
8012
8048
7976
7926
8028
7966
7900
7946
7860
7906
7828
7978
8014
7900
7866
7844
7768
7836
7860
7958
8048
8114
8110
8092
8094
8046
8032
8026
7958
7968
7932
7828
7890
7906
7856
7870
7924
7750
7756
7858
7864
7856
7822
7740
7756
7700
7692
7660
7604
7668
7744
7688
7610
7630
7574
7646
7646
7668
7674
7560
7636
7600
7600
7564
7550
7508
7470
7374
7534
7512
7596
7638
7704
7676
7676
7670
7756
7772
7744
7844
7856
7904
7824
7820
7780
7782
7752
7764
7760
7800
7762
7746
7776
7670
7606
7606
7646
7710
7676
7716
7734
7684
7684
7712
7678
7718
7756
7834
7898
7790
7796
7754
7790
7802
7708
7662
7626
7616
7548
7590
7688
7726
7776
7898
7824
7778
7856
7942
7892
7910
7790
7930
7856
7822
7876
7870
7920
7922
7884
7862
7842
7830
7888
7838
7954
7940
7962
7860
7870
7814
7810
7768
7732
7788
7834
7700
7648
7712
7666
7786
7756
7780
7880
7956
7906
7828
7768
7790
7818
7836
7876
7860
7890
7888
7920
7924
7944
7940
7904
7860
7868
7738
7756
7720
7776
7612
7636
7700
7616
7706
7722
7698
7594
7792
7770
7718
7770
7710
7730
7570
7580
7666
7724
7638
7726
7850
7886
7866
7788
7792
7792
7708
7696
7682
7678
7628
7640
7672
7674
7696
7772
7790
7792
7784
7780
7836
7852
7892
7944
7906
7886
7854
7920
7964
8014
7898
7888
7968
7908
8034
8060
8092
8080
7958
7990
7916
7892
7972
7886
7894
7864
7844
7764
7776
7788
7792
7866
7916
7882
7912
7928
7990
7936
7896
7918
7846
7928
7858
7872
7806
7810
7892
7894
7936
7872
7826
7832
7848
7822
7878
7900
7972
8046
7962
7980
8058
8062
8026
8046
8056
8134
8204
8192
8192
8206
8204
8210
8122
8122
8194
8150
8166
8092
8058
8092
8110
8018
8144
8106
8048
8100
8064
8006
8012
7960
7954
7914
8010
7916
7968
7934
7938
7930
7882
7940
8124
8094
8020
8024
8024
8052
7970
7888
7882
7836
7936
7850
7940
7878
7872
7852
7904
7898
7972
8042
8076
8106
8168
8092
8060
8008
7948
7968
7924
7896
7876
7894
7844
7908
7966
7928
7900
7880
7902
7856
7918
7884
7952
8026
8020
8030
8010
8020
8040
8034
7912
7984
7984
8052
8008
8022
7938
7974
7938
7842
7852
7850
7798
7870
7788
7826
7820
7796
7792
7774
7846
7776
7854
7824
7744
7748
7696
7808
7708
7816
7894
7996
7900
7954
7926
7924
7810
7930
7936
7996
8056
8022
8040
8166
8068
8016
8126
8126
8182
8012
8100
8038
8072
8176
8228
8114
8210
8186
8088
7926
7936
7792
7782
7900
7876
7968
7994
7982
7956
7848
7948
8040
8014
8010
8076
8126
8114
8128
8026
8102
8030
8056
8136
8114
7980
7988
7948
7900
7908
7856
7888
7910
7912
7978
8034
8088
8080
8080
8162
8092
8194
8174
8092
8162
8168
8144
8200
8242
8190
8226
8212
8176
8100
8060
8056
7976
7984
8074
8082
8086
8060
8032
8054
7986
7952
7938
7862
7812
7852
7828
7866
7806
7812
7794
7840
7750
7726
7788
7782
7758
7780
7720
7716
7758
7850
7840
7830
7764
7824
7742
7852
7834
7864
7878
7834
7816
7710
7760
7832
7778
7718
7716
7678
7614
7596
7654
7656
7674
7606
7594
7650
7604
7710
7742
7816
7814
7868
7804
7780
7796
7882
7914
7954
7946
7856
7836
7800
7720
7740
7732
7796
7868
7844
7810
7784
7754
7752
7768
7738
7710
7744
7816
7818
7934
7882
7752
7946
7934
7954
7908
7830
7972
8008
7972
7886
7838
7908
7924
8004
8054
8138
8046
7960
7982
7966
8048
7980
7976
7988
8006
7970
8044
8032
8002
7978
8014
8068
8126
8154
8196
8214
8190
8178
8118
8126
7902
7976
8044
8034
8002
8034
8094
8002
7956
7946
7894
8016
8074
8096
8018
8054
8024
8160
8186
8054
8096
8066
8048
8110
8090
8074
8064
8124
7998
8052
8028
8130
8008
8082
8112
8060
8030
8084
8068
8088
8120
8070
8022
8094
8042
7996
8088
7946
8042
8014
8078
8164
8260
8228
8220
8208
8172
8084
8058
8000
7896
7856
7818
7876
7916
7920
7948
7960
7900
7952
7984
7970
7924
7904
7896
7874
7920
8012
8070
7980
7996
7910
7906
7836
7864
8006
8052
8042
7964
7974
7908
7938
7982
7886
7920
7918
7984
7976
8026
7982
8074
8054
8104
8082
8094
8124
8156
8144
8142
8140
8122
8068
8082
7948
7874
7910
7858
7794
7766
7846
7828
7818
7708
7778
7740
7678
7744
7738
7706
7624
7672
7720
7750
7714
7706
7668
7712
7806
7922
7852
7748
7742
7726
7710
7742
7750
7808
7840
7846
7774
7836
7858
7970
8006
7976
8010
7930
7922
7996
8028
8030
8014
7952
8024
8050
7920
7944
7930
7940
8064
8058
8054
8018
8116
8146
8146
8132
8038
8126
8092
8090
7988
7920
7936
7974
7908
7880
7870
7856
7896
7916
7942
7934
7940
8000
8030
8098
8084
8038
8136
8120
8094
8094
8154
8196
8136
8034
7946
7892
7866
8006
8004
7966
7914
7948
7934
7906
7880
7726
7750
7742
7706
7690
7730
7836
7754
7726
7760
7750
7650
7780
7784
7832
7708
7708
7762
7816
7780
7816
7838
7830
7844
7852
7814
7832
7808
7790
7752
7710
7696
7776
7844
7866
7836
7848
7882
7796
7804
7686
7792
7820
7846
7970
8022
7958
7872
7988
7990
8010
8008
7988
7938
7932
7886
7860
7728
7826
7824
7788
7704
7702
7734
7726
7678
7672
7652
7612
7702
7704
7732
7810
7892
7874
7842
7734
7782
7784
7820
7886
7872
7912
7926
7864
7796
7900
7894
7814
7776
7892
7902
7870
7972
7946
7924
8020
8034
7978
8018
7976
7932
8018
8030
7992
8010
8012
8008
8016
7912
7884
7792
7728
7742
7774
7768
7734
7794
7910
7852
7826
7834
7840
7794
7768
7730
7620
7642
7650
7656
7728
7768
7820
7810
7860
7896
7904
7850
7836
7832
7768
7798
7764
7778
7804
7878
8052
8046
7984
7972
7906
7890
7872
7864
7870
7906
7992
7886
7940
7880
7888
7876
7932
7946
7940
7946
7984
8016
7958
7958
7982
7936
7994
8090
8056
8066
8036
8066
8040
8038
8030
8034
8000
8006
8000
7900
7944
7880
7838
7842
7752
7594
7680
7776
7722
7626
7692
7740
7808
7792
7692
7676
7766
7808
7702
7660
7658
7734
7722
7638
7630
7662
7776
7888
7926
7878
7982
7956
7946
7940
7964
7912
7804
7908
7926
7930
7980
7910
7752
7894
7802
7818
7794
7770
7812
7948
7876
7908
7922
7918
7894
7810
7886
7804
7758
7804
7862
7916
7884
7848
7872
7856
7944
7898
7906
8048
8042
7990
8006
8028
7878
7914
7870
7784
7772
7850
7772
7708
7830
7860
7972
7970
7950
7908
7988
8066
8002
7936
7834
7840
7966
8030
8080
8054
7978
7886
7806
7812
7804
7836
7848
7864
7788
7826
7856
7938
7902
7916
7974
7914
7844
7874
7934
7884
7906
7912
7900
7894
7884
7840
7898
7942
7796
7724
7696
7704
7656
7740
7734
7720
7688
7836
7874
7858
7900
7736
7728
7618
7668
7782
7754
7898
7926
7960
7910
7844
7848
7924
7924
8000
7978
7966
7896
7958
7888
7946
7980
7904
7948
7846
7926
7996
7976
8002
8018
8064
7996
7990
7976
8012
7966
7968
7970
7962
7890
8054
8148
8134
8124
8092
8154
8136
8170
7992
7994
8006
8072
7870
7910
7874
7914
7866
7810
7822
7946
7974
7990
7862
7950
7974
7904
7760
7776
7750
7774
7844
7802
7748
7806
7770
7808
7780
7832
7796
7872
7916
7800
7826
7932
7948
7946
7926
7904
7836
7748
7836
7782
7776
7824
7720
7824
7832
7918
7902
7952
7984
7968
7996
7984
8008
7978
8020
7948
8056
8042
8018
8054
7994
7958
8018
8082
8138
8110
8118
8042
8032
8020
8056
8104
8138
8040
8132
8124
8114
8124
8162
8136
8052
8020
7992
7982
8000
8068
8074
8126
8098
8042
7950
7916
7972
7970
7918
7964
8016
7964
7892
7932
8136
8102
8042
8132
8096
8050
8012
8026
8116
8142
8130
8014
7910
7898
7854
7946
8022
8036
8016
8042
8090
8044
8012
8084
8008
8078
8124
8104
8030
8028
7976
7964
7918
7908
7816
7836
7814
7876
7944
8046
8144
8076
8148
8076
8020
8026
7990
7978
8024
8064
8016
8168
8044
7996
8022
7962
8094
8044
7982
7998
7934
7874
7944
7926
7930
7878
7870
7920
7854
7844
7842
7858
7872
7834
7908
7884
7866
7814
7874
7824
7810
7806
7924
8002
8044
8012
8032
7972
7958
8032
7982
8010
7940
7836
7786
7764
7824
7846
7802
7874
7890
7864
7950
7994
7942
7870
7938
7882
7930
7904
7964
7972
8068
8036
8072
7940
8002
7946
7856
7894
7942
7974
7938
7942
7966
7894
8032
8082
8010
8008
8014
7978
8012
7942
7812
7792
7806
7882
7836
7772
7752
7776
7938
7966
7884
7904
7898
7890
7934
7822
7804
7812
7828
7788
7788
7742
7722
7716
7684
7662
7622
7628
7598
7702
7720
7728
7812
7822
7790
7670
7728
7736
7730
7760
7752
7754
7726
7786
7788
7790
7746
7732
7714
7646
7636
7672
7762
7766
7700
7662
7594
7632
7742
7788
7742
7656
7620
7734
7756
7754
7744
7734
7672
7656
7774
