546
528
406
222
176
188
378
546
326
464
526
372
242
202
114
250
100
146
110
70
42
98
32
234
190
102
140
164
296
458
462
708
698
752
842
770
786
624
672
630
704
656
610
554
480
638
632
608
700
558
788
854
668
602
824
1106
1026
972
1166
1098
1018
1124
1026
860
1012
1044
1128
1172
1158
1086
1190
1208
1108
1106
1044
1112
1006
970
742
624
910
676
968
1108
1288
1362
1420
1468
1452
1278
1182
1292
1450
1606
1472
1490
1632
1592
1496
1550
1628
1688
1622
1462
1398
1344
1192
1114
1156
1066
1068
1038
1042
1018
830
946
892
1046
1244
1192
1192
1310
1326
1154
1110
918
842
816
852
720
688
604
672
770
536
686
642
804
756
722
588
704
786
828
818
830
754
658
564
652
740
544
418
500
382
496
616
698
700
570
664
660
686
482
390
202
242
360
184
370
304
440
642
632
626
470
472
480
368
414
358
360
500
554
418
334
442
562
468
462
552
540
492
308
248
210
252
60
112
278
300
412
480
534
592
716
694
580
638
620
514
406
658
680
674
754
890
920
994
1070
1072
1004
1114
1122
1316
1314
1258
1284
1320
1216
1206
1090
1134
1264
1272
1150
1192
1168
1214
1304
1320
1378
1274
1264
1336
1366
1284
1108
1028
1032
976
858
914
824
602
614
632
626
518
662
844
798
664
702
716
808
780
836
854
800
754
828
812
818
830
644
634
728
654
586
574
246
232
206
76
94
162
294
238
292
262
238
346
172
376
426
252
144
108
16
46
160
8
124
168
348
354
104
224
44
162
126
128
88
106
66
190
104
142
334
260
154
74
68
8
76
68
142
194
142
50
140
336
282
356
300
486
504
410
350
434
452
300
364
334
168
36
224
194
6
90
52
64
118
112
118
140
56
2
86
220
180
144
144
30
42
148
92
136
130
38
102
24
10
138
230
334
454
376
394
478
258
30
152
306
182
176
238
276
216
204
106
278
278
150
100
62
52
0
40
222
260
198
398
370
284
312
352
324
314
338
338
342
152
82
136
100
38
42
82
192
260
206
280
218
276
284
232
172
302
332
408
494
450
526
586
656
490
570
480
472
582
702
556
544
522
406
410
258
170
258
162
190
236
344
314
208
194
256
282
338
320
358
242
236
278
374
286
36
190
138
144
86
14
26
184
276
92
64
28
42
14
76
82
50
102
238
320
408
442
484
280
314
370
438
518
604
552
534
516
614
702
624
684
696
436
586
548
524
404
536
560
574
618
614
718
608
530
534
586
618
384
616
512
652
570
496
456
544
554
674
660
646
698
772
710
770
672
860
728
494
348
298
436
592
306
400
254
160
164
88
16
134
106
142
66
148
96
162
114
78
256
248
246
366
496
554
502
428
430
460
656
552
564
726
784
868
914
866
952
828
758
836
624
504
490
608
542
568
518
560
648
540
380
332
298
180
176
94
18
50
54
246
204
202
186
164
218
144
230
478
410
174
360
328
224
254
358
552
518
298
502
186
216
182
194
136
4
58
304
420
488
330
264
344
312
306
548
408
276
346
290
326
320
302
210
244
194
284
334
470
334
284
228
290
370
324
302
448
348
348
428
438
600
484
458
426
270
160
126
158
10
158
110
292
198
284
240
152
312
280
282
276
24
2
56
48
8
60
176
84
18
258
246
356
490
410
216
132
104
24
82
224
72
118
152
84
128
38
66
40
24
148
38
106
28
84
216
164
216
324
354
392
388
426
550
560
418
430
332
474
434
388
370
266
64
22
48
62
78
132
152
154
126
164
240
314
370
378
480
470
520
420
296
316
292
242
296
302
296
270
326
274
322
290
402
448
462
472
288
272
464
474
430
268
392
312
264
172
168
200
120
4
56
34
116
196
282
454
692
568
692
862
696
638
744
732
738
790
852
930
906
922
806
612
698
736
642
628
676
856
930
1140
1040
864
796
646
650
616
434
462
502
456
460
494
524
448
428
402
480
504
498
546
526
482
426
496
474
586
812
780
802
736
850
800
776
748
764
756
602
452
434
470
548
714
782
898
826
738
690
710
524
422
492
554
628
526
562
502
498
640
780
1084
1198
1174
1340
1374
1424
1310
1312
1202
1218
1408
1516
1674
1880
1616
1792
1788
1854
1880
1800
1726
1574
1714
1768
1800
1874
2034
2216
2244
2250
2318
2410
2528
2452
2644
2586
2562
2718
2788
2730
2728
2734
2674
2570
2392
2414
2302
2196
2196
2172
2138
2196
2214
2042
1930
2054
1856
1854
1834
1758
1792
1878
1862
1762
1904
2112
1986
1882
1932
2062
2012
2250
2234
2210
2274
2286
2074
2070
2074
2028
2002
2024
2032
2056
1946
2080
2148
2148
2258
2204
2132
2030
2156
1922
1796
1738
1746
1780
1888
1968
1866
1776
1772
1714
1678
1556
1332
1464
1612
1622
1650
1814
1710
1610
1678
1616
1542
1650
1588
1566
1590
1500
1354
1272
1128
1054
1078
944
792
794
944
832
830
832
838
864
962
904
878
840
810
716
728
640
600
672
706
738
578
620
416
414
588
558
488
456
296
278
300
196
108
14
146
162
298
248
166
236
282
216
320
354
492
454
370
420
314
338
418
314
246
378
470
422
288
472
346
280
338
412
386
478
444
306
348
414
314
362
432
176
336
336
378
400
262
316
302
268
252
208
396
142
428
346
380
496
342
476
534
656
772
658
560
622
556
552
302
136
140
298
166
182
260
326
298
272
310
192
214
134
204
36
162
138
312
500
516
486
514
566
456
632
572
622
450
522
448
378
402
402
504
478
432
236
414
308
440
596
590
620
598
490
464
412
474
290
206
64
106
122
2
136
78
312
392
494
702
802
768
804
696
766
794
700
610
560
610
516
598
530
624
608
808
932
880
940
890
906
1034
1022
1182
1196
1106
1062
1206
1280
1458
1456
1378
1176
1120
872
958
834
958
846
964
1068
1044
1036
984
994
1020
856
630
590
652
536
486
450
498
456
564
546
654
506
558
538
514
458
390
476
500
542
486
574
632
728
612
766
688
662
706
754
550
550
542
428
214
130
34
40
16
22
128
82
230
522
498
402
442
400
374
266
236
300
380
500
496
350
500
396
252
334
354
502
656
746
848
792
810
966
928
910
1012
1052
1134
1032
1090
980
1130
930
980
826
922
960
998
1070
918
930
898
872
670
806
894
776
668
380
354
386
500
506
468
464
534
594
762
832
814
872
762
860
984
846
972
804
1040
1124
962
1026
1010
888
702
672
740
750
698
650
802
760
848
694
566
544
660
758
808
782
752
790
746
686
686
774
822
900
764
772
802
896
826
936
914
900
870
928
782
676
704
606
450
650
830
834
812
1002
902
1026
1094
1024
910
1094
1226
1066
1080
1028
1052
1168
1280
1416
1632
1562
1532
1462
1440
1542
1712
1730
1538
1452
1386
1274
1278
1328
1220
1182
1066
1086
1038
938
860
738
590
678
760
686
676
706
676
712
634
666
786
726
916
792
706
530
550
584
654
610
654
768
786
782
768
746
710
730
756
706
658
668
682
698
608
540
414
450
612
520
256
412
560
580
584
730
884
1006
786
778
590
592
726
732
760
658
604
412
588
430
510
550
440
394
524
478
560
764
656
826
878
992
898
900
890
764
594
468
370
450
302
180
316
342
438
162
134
184
140
222
228
284
206
226
294
288
286
26
36
112
10
304
422
488
448
528
558
652
826
810
830
908
900
682
788
798
1014
972
1088
1054
1114
972
942
964
1048
1006
1036
1078
1052
1156
1362
1316
1346
1186
1010
892
804
746
854
810
790
744
754
752
734
670
632
476
474
460
310
354
372
280
254
230
224
396
260
412
432
556
450
470
442
462
468
520
514
470
450
410
548
526
398
418
358
266
454
464
414
418
386
388
358
200
78
270
310
442
420
406
366
390
288
288
254
96
188
182
144
6
188
166
4
66
114
14
34
46
16
24
92
46
88
20
194
390
542
730
544
536
444
370
452
400
598
628
546
682
758
874
854
774
750
856
902
954
734
622
696
814
802
780
840
694
910
950
1028
936
976
1072
1160
1346
1430
1186
1254
1228
1262
996
1010
986
912
862
962
1054
1170
1100
1164
1126
1010
858
894
1136
1226
1162
1232
1248
1236
1330
1316
1084
952
670
452
614
714
600
812
906
714
778
724
704
548
382
348
472
428
478
420
430
464
342
312
448
492
664
696
702
646
660
426
526
552
622
754
666
600
612
538
478
406
370
226
230
234
2
78
6
130
348
362
542
522
466
552
518
462
380
220
298
402
442
610
504
326
248
216
276
258
190
178
14
150
78
18
54
158
256
260
384
438
254
52
170
66
206
318
202
164
30
124
126
256
176
170
36
136
158
50
104
158
90
98
24
62
140
228
74
148
190
224
248
176
144
86
260
268
192
320
532
562
548
508
534
544
552
520
562
656
818
598
520
584
428
564
608
762
724
742
574
802
808
614
612
548
540
696
616
770
756
856
840
918
614
694
656
596
552
638
606
528
648
584
462
418
518
698
694
842
496
556
414
390
538
616
428
412
764
668
532
536
470
510
540
714
764
848
668
730
676
620
650
686
656
746
670
624
600
490
612
658
782
646
578
636
486
318
310
492
642
570
556
536
546
566
524
524
444
530
492
420
518
532
670
842
798
944
1106
978
972
738
666
710
726
696
874
974
1072
1056
976
902
938
952
1152
1150
1112
968
820
850
956
900
1050
1244
1280
1410
1312
1298
1204
1306
1238
1186
1166
1226
1168
1026
1012
1018
1154
1150
1090
1120
944
848
942
744
896
1008
916
912
956
1014
1048
1078
1108
952
1106
1292
1326
1322
1248
1310
1272
1308
1164
1160
1184
1098
1252
1352
1338
1388
1294
1278
1342
1270
1190
1190
1220
1490
1432
1478
1428
1380
1460
