3038
3070
3028
2980
2950
2942
3028
2980
3014
3010
2930
2868
2838
2752
2718
2720
2808
2836
2806
2784
2878
2880
2894
2886
2812
2812
2882
2918
2838
2758
2786
2836
2862
2780
2682
2764
2848
2846
2858
2800
2766
2792
2758
2796
2738
2774
2740
2750
2682
2744
2762
2774
2850
2922
2964
3030
3002
2962
2906
2956
2926
2884
2932
2942
2890
2822
2852
2858
2858
2830
2894
2938
2950
2966
2974
2948
2888
2850
2814
2820
2930
2842
2804
2770
2822
2824
2786
2726
2740
2750
2688
2690
2728
2742
2800
2858
2754
2840
2780
2822
2900
2936
2946
3004
3036
2954
2970
3026
3078
3018
2988
2984
2930
2934
2996
3042
3090
3008
2996
2990
3030
3088
3090
3102
3124
3092
3166
3132
3120
3092
3118
3052
3016
3076
3172
3136
3166
3228
3214
3214
3222
3240
3210
3132
3108
3100
3110
3134
3160
3226
3312
3250
3232
3172
3200
3150
3132
3174
3182
3184
3156
3170
3088
3036
3082
3048
3062
3066
3062
3124
3162
3108
3090
3074
3028
2988
2950
3016
3000
3012
3024
2964
3008
3010
2970
2936
2944
2896
2898
2942
2902
2908
2898
2894
2928
2920
2982
2984
2992
3004
3014
2954
2916
2936
2942
2964
2926
2904
2890
2858
2812
2822
2846
2912
2904
2954
2828
2908
2920
3002
3076
3106
3106
3126
3174
3138
3124
3100
3148
3108
3112
3040
3062
2986
2914
2936
3026
2982
2988
3074
3070
3002
3046
2990
2922
2932
2876
2872
2810
2786
2738
2664
2720
2758
2692
2746
2690
2656
2668
2700
2780
2858
2856
2892
2886
2820
2868
2882
2840
2806
2812
2852
2850
2880
2938
2974
2974
2930
2950
2924
2942
2888
2810
2792
2772
2846
2794
2834
2886
2884
2936
2984
2984
3060
3054
3060
3078
3042
3102
3206
3188
3214
3188
3136
3096
3236
3202
3224
3226
3204
3156
3114
3098
3090
3036
3116
3122
3100
3064
3012
2992
3068
3136
3188
3158
3086
3042
3036
3026
3054
3008
2956
2854
2952
2984
2954
2976
2936
2924
2936
2890
2858
2970
2874
2978
2990
2960
2956
3018
3070
3142
3126
3194
3138
3110
3168
3082
3122
3138
3236
3234
3194
3178
3196
3164
3234
3186
3224
3270
3282
3294
3188
3182
3180
3242
3232
3270
3250
3238
3248
3192
3172
3204
3276
3284
3256
3142
3096
3024
3032
2974
3010
2940
2968
2986
3056
3030
3068
3030
3068
2982
2994
2980
3046
3054
2996
2986
3062
3076
3074
3068
3012
2928
3002
3034
2974
2956
2930
2984
3004
2958
2938
2988
2952
2936
2908
2950
2896
2948
3022
2986
3078
3136
3174
3088
3076
3184
3146
3006
2936
2950
2946
2928
2954
3048
3010
2976
3018
2968
2916
2934
2982
3052
3030
2998
2992
2986
3028
2976
3012
3004
2876
2998
3020
2942
2870
2836
2930
2926
2970
3024
2910
2876
2780
2714
2762
2796
2828
2902
2866
2800
2838
2920
2980
2962
2954
2944
2888
2820
2734
2700
2692
2830
2830
2740
2700
2662
2692
2722
2764
2718
2802
2848
2774
2792
2794
2776
2798
2908
2942
2922
2938
2952
2962
2988
2982
3028
2974
2986
3040
3106
3120
3050
3108
3076
3096
3110
3130
3146
3108
3086
3132
3134
3142
3080
3070
3020
3042
3006
2960
2828
2778
2798
2814
2870
2892
2768
2804
2736
2692
2734
2714
2696
2612
2640
2610
2586
2612
2632
2632
2602
2534
2512
2568
2578
2514
2646
2614
2564
2598
2526
2496
2600
2600
2546
2512
2500
2544
2550
2594
2592
2612
2622
2614
2530
2546
2490
2536
2566
2516
2608
2600
2636
2644
2680
2702
2654
2648
2562
2612
2678
2740
2724
2796
2776
2796
2788
2778
2862
2800
2812
2838
2978
2960
2958
2930
2872
2860
2898
2932
2916
2942
2998
2952
2980
3030
3034
3048
3132
3090
3142
3092
3172
3070
3108
2992
2992
3028
3096
3092
3100
3106
3086
3038
2952
2970
2872
2914
2954
3020
3050
3038
3052
3026
3140
3162
3222
3206
3096
3058
3116
3104
3088
3092
3096
3060
3046
3042
3114
3146
3144
3114
3090
3146
3158
3250
3226
3210
3184
3212
3200
3196
3134
3180
3260
3204
3224
3220
3130
3156
3216
3166
3210
3228
3186
3162
3138
3114
3164
3128
3216
3232
3240
3250
3282
3282
3236
3220
3268
3304
3260
3298
3342
3332
3278
3388
3364
3396
3404
3346
3300
3250
3236
3276
3254
3314
3348
3288
3222
3320
3262
3236
3252
3266
3288
3216
3196
3254
3186
3136
3150
3142
3212
3194
3242
3262
3248
3236
3248
3248
3226
3204
3194
3106
3180
3166
3150
3234
3164
3144
3184
3130
3116
3074
3050
3056
3050
3066
3132
3108
3112
3114
3036
3068
3032
2940
2918
2852
2918
2970
2928
2906
2862
2876
2906
2826
2794
2732
2732
2866
2802
2816
2746
2726
2802
2832
2782
2764
2758
2738
2710
2778
2838
2834
2816
2830
2852
2840
2844
2922
2952
2894
2960
2910
2920
2990
3002
3056
3028
2990
3022
3102
3064
3082
3096
3034
2976
2910
3012
2996
2958
2998
2926
2956
2944
2862
2852
2880
2782
2760
2724
2800
2774
2754
2732
2730
2710
2666
2656
2714
2804
2720
2708
2650
2734
2720
2708
2706
2740
2682
2796
2804
2828
2848
2806
2926
2970
2912
2922
2824
2834
2860
2796
2778
2844
2806
2890
2890
2758
2780
2674
2680
2800
2798
2808
2804
2816
2796
2892
2904
2892
2878
2892
2956
2922
2984
3068
3056
3152
3068
3052
3072
3052
3010
2994
2992
2942
3012
2942
2936
2910
2970
3096
3004
3034
3018
2960
2826
2850
2858
2802
2794
2818
2834
2822
2778
2836
2824
2780
2794
2804
2766
2804
2772
2754
2720
2748
2796
2792
2856
2756
2790
2780
2848
2762
2812
2776
2804
2814
2876
2762
2694
2750
2644
2622
2558
2598
2482
2476
2496
2542
2540
2492
2504
2564
2526
2478
2526
2566
2606
2550
2522
2498
2500
2580
2656
2626
2700
2568
2586
2632
2594
2596
2670
2562
2490
2464
2508
2548
2566
2592
2642
2522
2512
2454
2534
2464
2494
2466
2520
2518
2538
2524
2572
2564
2606
2558
2552
2540
2576
2584
2658
2584
2654
2646
2578
2576
2556
2638
2640
2668
2656
2604
2624
2660
2612
2640
2632
2586
2516
2496
2492
2412
2488
2640
2594
2718
2718
2754
2778
2808
2860
2876
2960
2896
2852
2896
2918
2916
2874
2882
2846
2882
2938
2932
2974
2894
2800
2850
2812
2860
2862
2816
2844
2876
2904
3006
2994
2998
2976
2834
2878
2884
2924
2894
2936
2986
2982
2952
2988
3046
3040
2976
2984
2912
2926
2858
2944
2940
2962
3014
3016
2990
3018
2940
2932
2850
2770
2718
2702
2660
2666
2548
2594
2554
2626
2604
2590
2566
2616
2530
2528
2458
2464
2420
2358
2340
2336
2270
2284
2350
2440
2438
2462
2460
2434
2500
2494
2494
2450
2488
2452
2450
2482
2468
2504
2510
2594
2578
2616
2610
2616
2554
2556
2650
2628
2674
2720
2692
2816
2814
2836
2804
2800
2782
2730
2764
2706
2656
2626
2736
2690
2802
2822
2802
2736
2724
2728
2672
2680
2770
2838
2702
2734
2766
2712
2760
2858
2906
2888
2962
2986
2988
2952
2962
2902
2806
2786
2852
2898
2880
2922
2900
2946
3020
3060
3018
3048
3020
2954
2982
2968
2938
2998
2966
2938
2940
2916
2896
2892
2904
3014
3008
2972
2980
2946
2816
2850
2770
2656
2744
2696
2772
2882
2846
2766
2826
2778
2882
2886
2954
2962
2904
2884
2820
2788
2826
2766
2794
2706
2664
2772
2750
2764
2778
2704
2632
2590
2516
2604
2638
2708
2744
2698
2754
2858
2856
2898
2764
2844
2862
2890
2856
2954
2966
2990
2974
3050
3010
3078
3156
3158
3074
3144
3134
3108
3176
3250
3184
3184
3216
3238
3240
3152
3146
3174
3186
3180
3178
3260
3246
3290
3318
3300
3304
3424
3376
3374
3322
3314
3332
3348
3308
3268
3236
3224
3238
3228
3246
3266
3274
3224
3204
3226
3178
3190
3214
3136
3228
3194
3202
3210
3188
3164
3202
3132
3070
3052
3150
3150
3174
3242
3180
3162
3146
3204
3188
3224
3274
3240
3184
3178
3192
3204
3164
3082
3078
3060
3038
3062
3094
3052
3004
3004
3044
3104
3008
2996
2930
2814
2868
2866
2830
2880
2966
2898
2884
2966
2892
2888
2906
2820
2806
2816
2832
2916
2872
2882
2880
2888
2848
2854
2912
2912
2986
2886
2828
2878
2892
2890
2898
2932
2954
3004
2944
2984
3006
3056
3072
3074
2968
2924
2912
2920
2956
3042
3068
3076
3070
3098
3016
3056
2990
3020
3020
3072
3080
3090
3160
3150
3186
3130
3102
3066
3126
3048
3096
3188
3100
3166
3150
3112
3124
3164
3174
3162
3170
3152
3160
3062
3080
3012
3024
2962
3012
3032
3046
3092
3080
3052
2992
2950
2986
2936
2922
2934
2920
2998
3010
2976
2972
2910
2922
3010
3008
3094
3050
3010
2958
3032
3074
3038
2962
2972
3020
3020
2996
3020
3068
3002
2978
3046
3042
3060
3062
3002
3014
2938
2968
2930
2896
3020
3000
3032
3096
3062
3054
2998
3014
2998
2968
3104
3090
3086
3076
3022
2970
2984
3042
3086
3102
3106
3096
3062
3096
3086
3142
3202
3280
3238
3116
3162
3218
3228
3216
3186
3252
3272
3334
3298
3372
3422
3354
3382
3184
3230
3200
3154
3178
3246
3282
3240
3272
3374
3278
3316
3282
3302
3362
3390
3280
3398
3392
3384
3322
3374
3426
3466
3470
3372
3378
3342
3368
3446
3406
3420
3402
3380
3388
3422
3436
3440
3402
3346
3216
3234
3260
3240
3264
3412
3370
3362
3400
3430
3412
3398
3418
3392
3440
3472
3418
3360
3372
3264
3214
3212
3202
3258
3202
3166
3162
3186
3220
3240
3320
3270
3310
3356
3430
3354
3300
3190
3128
3226
3174
3166
3196
3190
3148
3068
3098
3056
3090
3162
3190
3208
3248
3180
3234
3292
3306
3278
3292
3272
3186
3080
3136
3160
3180
3234
3244
3256
3286
3300
3248
3192
3166
3140
3172
3136
3028
3044
3038
3046
3114
3078
3120
3078
3128
3130
3134
3110
3124
3190
3128
3118
3132
3118
3102
3150
3192
3176
3118
3082
3112
3138
3122
3122
3070
2992
2988
2982
2974
2934
2916
2848
2790
2764
2750
2714
2696
2662
2654
2826
2816
2876
2818
2832
2808
2782
2788
2788
2826
2892
2882
2748
2772
2774
2764
2818
2834
2732
2806
2796
2808
2688
2700
2728
2694
2678
2726
2688
2634
2708
2688
2730
2680
2668
2778
2682
2688
2694
2682
2646
2640
2692
2746
2740
2820
2874
2784
2734
2816
2796
2708
2722
2700
2784
2662
2696
2770
2862
2864
2824
2708
2808
2846
2952
2858
2860
2852
2824
2810
2866
2832
2814
2868
2878
2820
2806
2790
2824
2846
2828
2878
2856
2862
2956
2982
3078
3010
3008
3102
3038
3006
3010
3050
3068
3072
2994
3034
3016
3012
2944
2944
2996
2922
2956
2926
2944
2976
2990
2900
2962
2954
2888
2878
2860
2802
2824
2870
2820
2914
2970
2978
2932
2862
2808
2876
2872
2784
2798
2800
2836
2888
2878
2810
2834
2862
2840
2852
2836
2834
2908
2914
2932
2880
2956
2812
2806
2792
2774
2780
2840
2820
2830
2730
2686
2650
2736
2722
2730
2672
2720
2682
2648
2646
2708
2726
2640
2660
2618
2612
2656
2648
2670
2664
2706
2656
2662
2664
2620
2692
2688
2706
2656
2680
2642
2630
2604
2642
2680
2598
2580
2534
2574
2520
2528
2592
2556
2508
2520
2536
2516
2530
2516
2456
2420
2314
2342
2362
2298
2360
2364
2340
2298
2340
2316
2338
2366
2344
2266
2324
2362
2334
2408
2348
2272
2314
2296
2322
2250
2312
2386
2406
2362
2428
2414
2410
2422
2442
2382
2368
2350
2360
2336
2408
2320
2290
2330
2450
2390
2396
2356
2352
2422
2536
2580
2486
2586
2540
2534
2544
2588
2566
2572
2664
2638
2660
2638
2626
2532
2536
2522
2534
2496
2524
2534
2524
2528
2608
2570
2556
2648
2586
2494
2508
2490
2528
2552
2592
2618
2688
2662
2766
2750
2876
2860
2786
2776
2788
2816
2842
2886
2814
2836
2910
2954
2948
2970
