1118
938
1036
1128
1054
1048
1076
1224
1202
1278
1154
1168
1124
1090
1132
1080
1092
982
1054
1020
1124
1108
1044
1210
1082
1080
1124
1032
1038
998
1156
962
1010
912
844
924
920
944
892
886
954
940
880
982
1014
794
886
816
768
928
822
710
824
860
832
904
846
898
860
862
750
766
824
812
766
886
1124
1164
1176
1124
1202
1352
1368
1378
1266
1150
1168
1118
1060
1090
1058
1158
1068
1034
1210
1090
1108
1106
1256
1266
1306
1152
1060
1020
1140
1300
1424
1626
1698
1834
2022
2100
2042
2170
2258
2290
2392
2420
2344
2302
2344
2372
2530
2312
2394
2440
2574
2558
2660
2580
2550
2752
2932
3044
3130
3174
3144
3104
3072
2968
2926
2970
2926
2850
2866
2798
2822
2934
2866
2716
2796
2754
2792
2696
2814
2910
2670
2574
2596
2732
2844
2940
3084
3012
3008
2804
2784
2868
3006
3110
3096
3090
3118
3106
3054
3080
3124
3044
3256
3142
3180
3066
3120
3390
3580
3352
3252
3296
3226
3260
3336
3278
3308
3304
3324
3298
3204
3178
3100
3340
3358
3378
3200
3228
3248
3210
3144
3064
3170
3076
2962
3206
3110
3098
3146
3160
3124
3210
3244
3098
3134
3080
3028
3016
3096
3204
3254
3258
3230
3142
3338
3456
3586
3654
3636
3696
3820
3760
3756
3606
3460
3572
3456
3490
3596
3700
3732
3694
3684
3756
3684
3610
3516
3624
3822
3774
3844
3884
3942
3972
3946
3936
3864
3848
3916
4070
3990
3974
3798
3904
3910
3750
3618
3744
3740
3780
3696
3720
3826
3874
3878
3928
3892
3820
3892
3734
3746
3648
3568
3742
3780
3740
3712
3924
3928
4012
4184
4226
4208
4242
3980
4000
4044
4098
4226
4326
4292
4450
4426
4310
4270
4372
4308
4252
4304
4428
4304
4204
4188
4232
4242
4258
4064
4154
4042
3984
3948
4004
4074
4240
4154
4142
4136
4046
3994
4012
3864
3848
3612
3508
3418
3412
3602
3684
3704
3642
3654
3748
3660
3758
3666
3560
3648
3656
3420
3526
3488
3492
3412
3344
3366
3280
3182
3172
3136
3132
3208
3278
3302
3214
3142
3110
3150
2962
2776
2742
2724
2704
2718
2704
2638
2652
2686
2656
2596
2590
2572
2710
2770
2666
2504
2418
2344
2292
2330
2390
2582
2376
2258
2466
2532
2420
2392
2374
2466
2368
2450
2526
2394
2364
2268
2128
2164
2132
2138
2260
2422
2452
2458
2600
2456
2450
2492
2394
2336
2328
2358
2362
2312
2362
2316
2334
2388
2310
2364
2402
2570
2546
2398
2384
2426
2420
2418
2394
2510
2422
2436
2320
2248
2230
2164
2080
1998
2024
1916
1776
1924
1940
2074
1970
2030
1990
1858
1978
2024
2142
2088
2040
2130
2236
2266
2310
2288
2352
2412
2398
2278
2250
2298
2252
2108
2210
2124
2188
2396
2328
2264
2436
2406
2362
2382
2306
2494
2644
2602
2684
2524
2416
2374
2446
2490
2628
2622
2640
2712
2640
2642
2530
2460
2464
2344
2374
2504
2484
2478
2422
2422
2422
2472
2540
2506
2516
2424
2350
2344
2282
2400
2314
2156
2188
2248
2316
2308
2280
2194
2008
2042
2054
2062
2024
2078
2134
2090
2026
1964
2024
2034
2010
1986
2014
1970
1906
1926
1818
1748
1736
1670
1556
1506
1556
1532
1602
1674
1724
1718
1728
1750
1916
1890
1760
1642
1584
1456
1410
1404
1452
1380
1520
1466
1462
1526
1458
1600
1608
1608
1624
1466
1432
1578
1606
1680
1688
1728
1426
1478
1558
1732
1796
1722
1704
1742
1702
1670
1712
1688
1818
1710
1872
1948
1744
1858
1824
1812
1976
1914
2020
2054
1998
1836
1702
1642
1566
1496
1586
1530
1510
1498
1508
1424
1374
1276
1430
1520
1594
1708
1784
1612
1514
1590
1430
1386
1348
1228
1128
1210
1278
1340
1426
1528
1378
1452
1496
1482
1510
1590
1516
1360
1394
1276
1202
1296
1286
1384
1444
1422
1436
1644
1630
1634
1570
1518
1564
1590
1626
1456
1562
1508
1538
1436
1560
1604
1680
1938
1840
1856
1876
1824
1712
1698
1610
1540
1696
1684
1680
1592
1664
1668
1598
1592
1480
1404
1474
1618
1626
1676
1782
1748
1696
1558
1444
1298
1340
1354
1386
1340
1526
1482
1476
1624
1510
1490
1378
1612
1488
1396
1440
1310
1266
1414
1398
1572
1614
1636
1620
1476
1466
1500
1502
1450
1562
1358
1554
1690
1616
1580
1532
1368
1446
1298
1262
1408
1276
1290
1266
1186
1262
1226
1258
1330
1252
1418
1406
1302
1322
1236
1222
1324
1420
1368
1456
1412
1384
1402
1516
1554
1516
1482
1462
1388
1326
1242
1210
1274
1370
1398
1534
1536
1526
1578
1536
1486
1470
1318
1472
1410
1542
1620
1608
1398
1552
1334
1290
1320
1442
1422
1612
1762
1820
1890
1942
2112
2164
2186
2178
2234
2312
2384
2492
2550
2572
2532
2530
2474
2372
2408
2256
2198
2266
2292
2204
2272
2242
2320
2356
2236
2292
2332
2332
2162
2162
2148
2130
2136
2130
2130
2138
2168
2180
2218
2216
2202
2210
2246
2192
2168
2306
2198
2350
2258
2278
2382
2214
2148
2116
2258
2546
2274
2290
2304
2160
2240
2120
1992
2112
2194
2324
2326
2300
2504
2626
2666
2708
2640
2750
2688
2646
2600
2752
2752
2598
2694
2690
2764
2694
2640
2670
2586
2424
2212
2154
2102
2174
2002
2022
1944
2024
1954
1890
1894
1840
1706
1738
1740
1708
1706
1818
1872
1768
1840
1884
1940
1990
1912
1830
1728
1650
1794
1782
1950
1940
1862
1800
1838
2062
2038
2168
2198
2420
2464
2510
2418
2458
2566
2620
2540
2494
2540
2458
2398
2370
2348
2268
2360
2378
2314
2230
2346
2472
2408
2510
2532
2508
2582
2810
2798
2870
2818
2732
2776
2792
2838
2976
2922
2930
2844
2634
2782
2780
2788
2658
2664
2584
2392
2484
2512
2398
2414
2470
2434
2368
2400
2354
2414
2496
2510
2532
2536
2436
2422
2422
2426
2498
2602
2552
2498
2478
2510
2504
2494
2502
2456
2432
2538
2566
2652
2862
2858
2788
2788
2806
2644
2490
2492
2512
2624
2498
2534
2690
2684
2604
2494
2444
2376
2300
2312
2380
2312
2206
2328
2324
2438
2444
2654
2690
2816
2934
2900
2956
2832
2784
2664
2624
2590
2692
2642
2648
2588
2604
2654
2422
2444
2466
2474
2300
2270
2318
2308
2316
2238
2174
2144
1980
2006
1980
1980
1862
2062
2068
2144
2076
2216
2182
2296
2430
2454
2486
2510
2462
2488
2524
2394
2310
2386
2356
2206
2202
2174
2112
2134
2176
2162
2226
2338
2506
2532
2432
2332
2268
2290
2220
2150
2174
2046
2140
2120
2164
2184
2020
2040
2074
1996
1972
1868
1856
1794
1772
1636
1520
1494
1552
1498
1406
1536
1612
1584
1654
1638
1670
1810
1724
1844
1900
1842
1910
1994
2008
1956
2058
2022
2040
2104
2108
2122
2158
1964
1862
1908
1984
1938
1952
1934
2052
2098
1826
1858
1872
1866
1870
1980
1852
2146
2074
2094
2090
1998
2028
1966
1986
2124
2126
2214
2276
2378
2336
2270
2244
2208
2310
2358
2362
2484
2458
2400
2478
2376
2424
2530
2478
2570
2578
2680
2656
2478
2496
2452
2374
2434
2520
2412
2630
2846
2854
2638
2436
2558
2408
2426
2460
2566
2496
2562
2516
2608
2398
2490
2574
2510
2552
2638
2782
2810
2632
2450
2406
2392
2174
2126
2080
2226
2070
2160
2126
2122
2058
2052
2170
2162
2184
2164
2082
2162
2092
2012
2098
2018
2102
2144
2248
2254
2214
2128
2210
2318
2270
2286
2208
2286
2324
2366
2320
2338
2384
2424
2370
2480
2436
2272
2354
2264
2280
2192
2100
2016
2204
2092
2048
2094
2080
1982
1942
2000
1856
1760
1698
1662
1780
1750
1760
1680
1622
1710
1524
1408
1582
1774
1654
1622
1516
1620
1586
1654
1560
1588
1580
1630
1586
1710
1806
1942
2090
1922
2094
2132
2120
2022
1852
1970
2066
2156
2128
2254
2294
2230
2372
2388
2374
2224
2252
2390
2406
2440
2490
2484
2612
2524
2500
2634
2694
2538
2628
2650
2632
2606
2628
2654
2578
2582
2648
2716
2790
2810
2628
2518
2452
2638
2530
2304
2378
2336
2380
2586
2564
2608
2634
2526
2500
2428
2314
2400
2458
2482
2426
2360
2434
2574
2622
2738
2686
2658
2564
2406
2254
2380
2482
2502
2530
2464
2444
2348
2430
2390
2508
2342
2168
2258
2340
2346
2412
2454
2384
2372
2366
2372
2342
2190
2132
2220
2178
2092
2066
2102
2120
2182
2132
2136
2096
2178
2238
2230
2306
2548
2426
2424
2518
2500
2396
2366
2198
2194
2130
2136
2030
2162
2028
2052
1996
2068
2040
2008
2050
2086
2136
2212
2156
2160
2218
2196
2180
2256
2144
2134
1998
2056
1904
2020
1966
1874
1718
1652
1716
1694
1744
1856
1932
1936
1974
1910
1952
1940
1896
1778
1740
1548
1534
1492
1522
1400
1378
1402
1186
1104
1040
1034
1078
990
932
1062
828
748
822
626
770
648
552
478
544
532
546
564
598
790
798
778
814
690
674
744
758
766
666
578
592
834
928
938
960
966
932
856
750
942
800
796
746
626
688
804
704
716
852
864
732
738
816
700
706
668
754
666
610
638
604
642
754
660
760
678
848
904
642
558
512
428
444
368
294
230
398
442
484
510
502
452
374
216
66
40
18
124
194
214
374
264
248
174
282
434
370
270
244
286
488
550
586
776
756
636
724
852
968
916
1028
866
902
884
912
830
772
756
782
590
598
664
642
614
666
592
726
646
688
862
976
1138
1158
1122
1102
1146
1156
1092
1266
1280
1366
1368
1334
1280
1278
1218
1084
1012
956
828
858
790
844
772
918
936
794
830
880
1062
1082
1132
1066
1038
1026
1182
1344
1318
1350
1462
1468
1404
1270
1176
1282
1200
1214
1256
1360
1412
1360
1378
1364
1352
1322
1274
1298
1252
1426
1428
1514
1404
1416
1490
1404
1472
1494
1504
1384
1482
1446
1334
1370
1156
1328
1388
1352
1344
1282
1242
1270
1190
1178
1176
980
1046
1134
1066
908
998
938
1028
1188
1130
1232
1160
1494
1500
1660
1494
1562
1578
1616
1564
1514
1536
1388
1462
1374
1442
1360
1236
1186
1210
1198
1158
1166
1170
1238
1212
1486
1352
1290
1226
1200
1026
1058
1094
1036
974
926
1064
998
858
900
984
916
964
994
1000
1084
1044
1150
1138
1180
1236
1124
1006
1026
1114
1142
1140
1082
1156
1002
910
786
772
602
604
630
690
498
556
672
570
764
706
784
996
1034
970
994
884
910
840
932
946
848
844
678
692
622
666
774
766
800
638
804
802
912
748
742
800
844
850
860
906
768
866
814
830
798
854
862
832
866
770
584
704
896
964
1050
1168
1088
1024
892
762
760
710
884
908
844
962
886
990
966
996
936
960
980
944
960
1044
1140
996
1092
922
1008
980
956
1010
1092
898
766
724
686
562
496
590
648
822
742
608
748
684
782
1044
1198
1280
1212
1250
1062
806
708
744
866
824
866
854
986
1044
940
878
1096
1216
1232
1088
1136
1094
922
804
880
1022
1014
946
940
880
796
822
812
782
848
904
846
996
1042
900
896
998
992
914
804
680
676
734
770
690
760
748
748
692
588
596
606
690
610
546
502
452
436
442
374
310
274
404
340
408
318
222
194
224
270
250
378
64
88
226
334
254
358
472
530
542
598
488
464
348
206
268
178
220
280
266
422
444
404
416
500
388
426
222
246
224
60
22
26
120
204
12
88
172
150
192
430
418
382
300
280
304
308
278
248
428
602
672
814
784
758
