848
834
850
828
806
814
806
818
814
810
810
800
820
834
830
858
844
800
786
698
714
762
742
788
828
798
800
798
774
798
782
812
834
814
820
840
864
858
858
828
842
834
860
866
844
836
832
838
814
826
810
802
816
778
792
782
814
860
892
912
904
920
890
880
904
880
892
888
900
888
898
890
912
854
874
898
888
896
896
918
926
894
880
890
872
850
852
846
876
844
878
854
878
870
874
858
816
810
814
806
832
778
802
800
778
758
768
742
758
790
804
814
786
768
784
742
762
770
780
754
724
706
694
730
736
736
762
770
764
786
788
800
774
756
742
718
710
734
730
670
682
656
676
692
658
616
614
608
594
564
592
578
588
536
598
572
600
606
622
612
598
580
616
628
632
656
672
670
650
634
662
648
670
710
768
732
750
750
708
698
678
710
710
666
660
638
566
600
638
632
588
610
634
668
662
636
586
616
624
644
628
624
638
630
624
592
604
624
606
618
644
676
684
696
678
650
640
666
708
694
682
636
644
614
612
576
562
592
584
548
526
570
572
590
582
566
558
534
550
518
542
554
540
526
520
540
546
582
606
626
636
650
624
614
638
632
636
610
622
600
582
612
616
604
614
578
594
552
586
594
620
586
632
666
646
660
630
652
644
626
638
606
564
616
610
620
602
586
602
538
572
554
548
512
488
490
504
484
482
476
492
502
518
474
504
502
520
502
524
528
500
486
438
436
420
398
386
346
326
336
324
370
358
362
386
360
370
334
312
362
372
408
368
410
432
428
400
414
428
418
444
416
444
448
466
460
468
482
492
446
414
416
388
386
408
406
372
386
418
414
430
420
432
468
422
434
424
432
464
462
414
434
442
410
412
440
384
432
448
472
538
518
502
498
534
562
542
550
526
458
492
514
550
590
594
616
604
618
626
612
576
548
542
494
468
466
486
466
472
478
514
484
530
566
558
562
542
530
534
560
498
530
496
494
494
472
482
452
442
408
398
420
434
382
400
404
462
548
498
460
498
568
544
544
516
538
532
546
566
544
544
556
528
562
574
606
604
614
608
646
696
702
728
724
686
722
720
748
760
770
754
792
774
774
768
802
804
806
818
810
838
834
844
818
830
842
822
842
850
848
860
810
816
768
732
724
716
724
756
804
754
738
752
770
744
742
738
742
760
764
788
782
796
762
752
778
786
808
786
826
844
864
862
884
902
876
876
870
860
890
864
836
814
800
766
798
830
812
844
886
886
864
852
808
770
766
794
808
798
818
794
826
832
820
850
880
876
866
882
894
864
888
862
850
866
830
768
774
788
764
756
778
784
760
760
726
730
740
754
756
760
786
742
754
746
772
758
770
800
766
750
760
792
794
792
776
818
786
832
854
872
866
828
824
786
738
762
774
836
818
874
852
870
910
908
916
910
902
864
826
802
782
784
782
746
742
722
720
746
718
676
640
658
696
782
770
786
810
774
758
780
786
780
752
726
728
726
706
718
758
782
790
766
778
750
800
806
822
824
814
808
830
814
798
824
832
782
766
772
780
816
862
838
832
830
822
828
844
846
868
864
856
890
892
892
892
872
870
846
812
828
832
836
840
816
838
840
806
798
790
776
778
778
802
774
790
782
780
780
744
752
768
744
780
802
794
804
790
768
734
732
698
724
752
730
710
714
710
704
694
696
712
702
734
734
770
756
766
782
826
816
802
802
788
800
786
774
782
806
764
792
770
776
764
760
766
788
788
792
776
784
808
816
806
802
808
824
866
880
884
888
850
840
848
832
820
824
828
882
872
894
882
934
924
898
906
918
908
928
914
886
902
924
894
878
844
828
846
866
794
774
784
822
810
780
826
838
822
796
782
800
814
774
822
818
830
844
836
826
880
872
864
862
884
862
868
860
866
910
878
904
902
890
900
888
896
878
868
862
870
844
870
886
900
880
818
848
818
848
856
858
850
856
880
864
832
822
838
822
862
858
882
848
874
890
832
812
768
792
776
784
782
802
816
764
762
758
752
758
734
738
762
740
764
794
776
792
772
746
760
748
736
742
756
770
824
832
834
852
816
794
814
852
834
810
788
792
774
788
794
818
820
802
810
788
804
812
768
776
758
722
716
746
748
738
724
764
782
748
724
756
796
804
804
758
752
774
804
796
832
806
798
802
766
774
772
746
686
690
716
722
732
694
684
686
664
646
672
654
676
654
652
634
640
672
672
654
622
590
582
596
560
550
568
574
572
606
618
664
676
678
732
780
766
738
756
752
736
784
768
770
702
686
654
672
702
726
752
802
792
818
800
790
794
770
816
816
786
778
770
734
708
752
782
836
824
870
834
854
870
866
836
838
848
852
868
864
892
878
850
850
846
840
826
828
808
808
836
828
800
790
812
786
772
746
736
756
748
746
778
786
826
822
810
842
814
808
806
812
798
800
796
822
806
858
846
820
850
846
828
838
812
784
792
758
768
754
702
700
672
696
726
772
762
740
736
754
782
768
818
882
892
882
876
882
898
900
892
868
856
906
928
884
902
878
876
862
836
856
862
824
800
762
800
772
782
794
820
838
846
852
810
816
802
828
830
852
840
866
872
868
836
848
816
840
802
782
766
742
726
724
706
764
748
756
802
788
778
784
796
772
768
788
808
828
794
764
780
804
798
808
800
802
818
764
790
814
796
796
806
818
802
828
852
862
842
864
834
850
876
874
862
904
914
914
898
860
824
848
890
892
860
874
864
852
862
900
910
876
880
876
856
858
864
864
876
840
824
824
822
822
790
836
832
828
848
862
822
840
814
806
816
780
818
804
784
780
784
784
762
802
798
858
864
848
866
840
836
840
852
840
822
780
818
826
792
764
752
776
796
816
842
832
822
804
814
810
870
824
818
836
826
802
812
814
814
834
816
832
868
834
854
816
858
852
840
810
820
834
846
796
800
804
820
866
858
846
838
830
818
816
808
838
822
800
808
822
802
792
772
754
772
818
846
866
870
900
896
910
886
880
902
910
868
880
888
868
872
896
902
878
880
920
890
866
828
850
836
868
864
858
864
800
828
850
864
880
854
816
826
820
814
818
792
834
836
852
814
754
752
828
868
870
888
886
872
866
900
922
888
892
912
914
870
874
874
838
862
872
854
826
852
862
836
846
874
862
866
884
870
854
862
814
818
824
816
792
796
822
848
878
872
850
824
790
790
780
776
794
808
816
864
882
912
882
862
870
852
864
878
826
816
816
844
812
804
794
826
794
750
746
724
744
758
768
796
762
744
736
740
738
734
758
738
754
786
792
840
836
848
820
840
810
762
734
800
776
774
782
748
782
792
776
746
738
720
716
728
704
710
754
764
770
794
802
792
812
820
806
822
832
854
866
882
890
846
862
852
842
854
860
860
884
846
870
842
836
834
816
786
810
794
848
848
860
844
804
776
782
792
776
798
802
814
764
814
836
852
868
832
850
838
854
846
830
840
774
776
736
748
734
694
694
722
752
772
820
810
778
816
820
838
860
860
884
900
880
848
798
768
784
826
858
838
840
804
810
816
842
852
844
836
878
876
854
844
820
828
814
818
824
828
842
834
848
856
866
828
812
834
846
836
824
822
824
856
862
860
860
856
834
812
810
752
766
782
758
746
782
804
806
792
824
826
808
832
834
848
874
892
948
892
864
800
796
810
796
814
806
802
826
832
810
768
756
748
748
734
764
770
692
680
696
672
638
672
722
774
782
784
768
794
818
822
816
832
886
834
814
804
826
814
796
828
850
852
846
848
832
836
810
788
826
844
816
838
830
850
836
808
820
830
852
856
870
848
850
868
892
862
846
846
858
818
822
824
802
854
868
880
890
858
868
894
900
904
894
880
882
860
852
872
898
896
906
884
864
890
888
852
810
788
830
772
776
800
792
782
790
782
770
772
780
806
798
824
834
842
842
822
804
798
824
766
764
790
752
774
764
762
748
780
772
798
810
818
814
810
834
822
854
848
808
796
828
830
876
876
842
858
846
828
838
854
834
796
784
798
834
818
824
834
846
844
846
874
908
912
930
890
870
834
826
830
850
808
802
798
784
782
752
742
760
790
768
778
762
732
722
724
738
782
798
810
780
816
796
812
846
828
832
850
830
840
822
806
816
786
754
740
750
746
750
778
814
830
838
842
846
804
834
838
842
792
812
802
788
820
802
774
774
790
766
770
784
752
730
752
762
796
784
794
804
828
806
834
804
796
802
832
842
844
842
762
772
774
748
712
720
772
742
768
780
784
778
744
758
762
760
722
762
756
778
788
782
776
762
756
754
798
810
804
766
776
802
806
814
818
824
870
852
846
802
816
834
832
822
832
826
852
870
852
866
886
896
892
860
828
828
816
824
826
818
844
890
872
874
830
834
852
868
886
870
852
874
842
830
768
758
780
778
816
776
806
840
848
842
838
868
858
872
864
872
842
806
826
812
796
794
822
866
878
884
886
910
902
890
876
894
876
892
868
870
882
890
876
860
840
816
840
792
814
838
844
842
854
820
786
804
820
830
796
812
830
814
818
772
776
802
788
802
796
788
790
778
762
796
802
780
796
