350
470
512
554
510
560
516
592
516
630
614
620
672
658
636
670
518
494
396
352
518
614
654
650
778
620
550
586
666
678
704
746
676
618
738
800
824
866
920
936
912
880
818
866
762
694
698
744
754
836
960
892
862
820
736
748
688
576
604
544
520
516
552
660
672
754
746
808
716
666
752
778
856
854
876
952
886
884
810
766
744
758
676
670
712
658
744
792
770
816
840
802
768
866
798
822
796
692
636
550
610
628
636
572
518
610
648
660
640
558
596
506
424
344
272
306
300
314
378
486
544
476
462
442
438
490
466
464
530
668
598
498
636
618
586
580
556
588
668
782
786
814
732
774
724
594
612
598
642
622
604
536
544
526
430
522
618
556
480
396
368
416
438
448
456
512
516
498
566
498
432
362
384
292
374
214
238
214
236
164
242
290
414
316
322
262
260
214
230
250
332
398
434
486
448
530
440
390
514
506
476
478
612
750
634
598
618
654
608
620
528
464
452
430
374
390
482
572
590
630
564
574
572
570
476
476
444
484
284
224
220
224
124
100
104
62
42
16
130
202
226
208
76
26
134
254
308
274
310
318
238
170
74
136
176
184
110
176
296
148
70
90
80
14
66
34
62
76
38
26
22
34
22
30
26
24
16
108
236
226
184
244
264
312
402
438
410
416
436
468
522
570
394
360
240
246
268
312
236
288
356
414
332
206
168
144
124
176
142
216
180
336
354
260
264
356
456
508
406
528
418
456
396
336
330
344
332
356
258
178
298
178
76
110
26
58
64
20
0
0
22
50
0
34
20
170
192
134
138
140
246
358
416
472
350
330
332
388
326
268
252
348
350
344
388
392
372
406
388
432
518
534
532
542
468
448
554
536
506
570
656
654
600
656
644
634
562
420
478
414
530
500
540
588
524
460
386
392
354
388
268
254
210
192
132
152
140
68
4
12
172
148
88
426
424
382
422
440
354
332
318
272
368
242
278
318
408
294
212
222
334
288
242
198
86
12
82
220
188
88
114
280
372
322
356
376
418
358
530
452
412
328
444
534
494
532
534
722
660
644
736
752
726
726
702
642
572
606
532
520
590
686
640
678
616
550
476
504
510
394
318
462
526
560
550
536
634
662
638
492
524
482
554
608
704
700
792
796
794
880
888
854
798
740
734
786
832
806
872
842
858
940
886
936
1046
974
954
926
948
934
850
830
840
704
580
652
740
612
590
476
366
488
404
492
476
496
444
478
440
272
296
236
358
380
340
284
214
110
44
112
184
160
128
64
56
104
178
180
224
174
266
296
324
238
226
240
236
212
296
218
252
316
244
332
266
318
376
262
232
192
222
74
70
16
52
84
34
40
90
48
94
118
48
6
78
6
36
0
58
54
20
22
80
52
64
94
152
228
298
184
44
70
24
148
186
132
174
206
98
142
186
268
176
102
20
92
60
2
56
10
2
50
48
22
12
60
10
84
134
198
198
292
256
262
246
218
278
216
170
14
48
14
58
12
22
8
58
146
238
274
216
334
288
438
460
490
600
764
716
756
782
756
758
736
832
828
868
868
762
802
728
752
742
808
850
748
782
796
884
756
914
988
1026
1012
942
898
858
994
1030
1004
958
994
1012
948
904
910
888
766
646
630
510
492
492
618
536
604
560
552
562
536
620
612
602
570
512
484
386
418
352
268
328
320
206
210
320
380
208
268
356
408
346
352
334
416
450
470
490
484
452
350
382
402
448
458
444
456
454
540
506
520
598
494
562
530
564
546
544
550
506
516
364
394
282
310
374
364
366
276
308
404
534
528
386
312
340
386
418
364
470
502
360
510
456
350
348
432
472
484
478
394
462
450
278
414
356
338
372
454
504
608
612
722
578
578
464
546
516
464
502
662
660
540
518
426
342
362
288
228
190
234
190
230
246
298
252
250
264
292
244
184
146
110
8
16
56
84
152
162
264
254
234
284
164
60
132
146
136
96
244
214
154
176
210
238
342
350
474
540
592
562
646
560
622
520
490
484
460
396
290
312
288
268
388
260
302
346
396
308
188
182
98
176
152
120
152
232
224
290
308
360
314
310
270
164
220
238
134
56
90
104
62
6
26
32
4
146
12
82
192
340
354
346
276
296
234
216
160
168
116
96
36
74
86
36
112
160
152
178
204
170
102
184
210
152
300
226
260
242
104
202
214
232
158
68
98
140
152
220
166
72
108
110
90
118
72
74
94
88
132
152
112
54
50
6
84
134
144
198
128
124
138
178
218
336
236
304
420
328
188
268
308
330
202
312
228
160
38
102
94
194
50
96
78
58
86
150
112
104
120
78
108
164
158
62
102
50
12
2
8
42
132
34
50
28
58
214
276
214
208
150
104
68
46
48
102
148
258
134
74
40
40
32
12
26
16
76
80
60
58
88
216
208
196
214
166
128
30
108
148
86
46
4
58
136
104
240
212
176
196
142
166
60
106
44
32
72
126
98
106
0
100
40
48
54
2
36
80
108
110
10
52
46
6
28
70
6
42
92
128
210
336
282
272
414
466
444
370
382
358
350
300
308
328
390
290
184
264
252
306
304
276
170
258
336
328
406
362
406
348
378
408
494
512
420
372
292
264
230
202
84
80
46
28
108
28
60
18
144
200
254
428
378
338
352
446
408
436
510
406
462
492
398
384
466
374
262
260
238
316
336
274
240
192
140
98
6
36
10
54
56
36
26
118
62
84
34
2
14
66
94
90
42
10
40
102
172
268
254
238
286
262
270
216
168
150
104
118
146
250
324
254
236
142
34
16
64
124
54
32
228
288
328
320
262
208
78
194
122
74
10
168
88
182
174
394
346
242
182
246
314
242
178
66
70
110
42
64
8
110
176
126
66
16
36
96
98
2
40
82
26
28
10
12
68
148
214
164
154
136
168
56
68
132
50
2
28
118
84
46
74
54
134
214
230
210
302
346
442
342
228
232
248
252
252
212
212
282
350
338
380
348
370
364
362
274
372
290
232
164
166
208
252
132
128
192
132
214
280
272
246
212
298
198
160
196
180
186
104
90
20
4
92
124
54
96
46
50
88
64
6
86
52
40
74
122
160
206
264
184
264
228
136
104
44
148
128
48
176
190
46
12
42
12
12
20
94
148
174
176
134
136
98
68
22
52
26
86
162
242
198
122
82
96
160
200
178
258
260
290
202
80
66
72
6
10
64
100
80
28
104
86
38
104
226
164
122
60
92
18
24
86
32
60
96
70
24
52
6
78
114
30
52
24
48
152
190
140
168
218
290
240
174
162
296
246
252
230
180
274
212
288
260
318
366
318
428
380
434
428
462
364
388
464
428
456
322
414
454
438
574
560
674
688
676
644
748
712
668
738
688
778
726
766
936
916
932
884
874
972
896
888
846
802
702
688
646
618
636
548
598
664
706
668
732
698
596
618
580
472
362
452
382
298
214
146
120
282
308
276
310
344
188
138
218
278
150
12
30
142
142
174
76
2
70
130
224
304
258
204
214
164
14
124
84
66
56
118
164
144
204
300
400
484
564
518
530
500
536
560
464
588
574
644
630
636
588
536
574
518
492
428
406
398
516
634
726
664
702
648
714
628
686
560
560
670
622
620
568
618
558
648
638
556
620
668
676
618
662
584
536
512
368
396
406
270
290
282
248
246
270
204
138
180
330
424
454
314
248
236
176
128
14
136
112
94
102
172
138
156
232
242
340
316
334
372
238
266
282
166
260
350
378
372
368
416
352
308
264
312
250
200
166
144
122
176
118
80
8
26
194
216
286
338
390
454
412
304
366
510
546
696
634
642
564
494
558
590
532
448
412
494
556
534
474
446
396
360
436
374
372
352
338
320
384
398
518
464
400
326
236
140
138
152
104
10
30
28
44
2
98
88
166
206
206
300
242
354
330
408
360
276
190
112
102
98
254
292
512
532
468
450
474
312
212
304
436
376
310
298
272
134
162
154
44
40
26
70
46
4
26
78
42
32
106
70
128
146
182
258
182
246
104
154
118
138
218
286
404
394
430
456
460
536
518
438
366
440
408
372
260
296
318
396
564
522
460
518
406
308
358
430
300
250
198
230
134
158
74
42
68
28
4
44
22
156
0
28
38
34
52
74
14
60
122
92
160
90
202
254
288
308
306
280
204
306
266
270
456
536
466
532
532
502
448
428
478
416
444
354
258
302
312
168
154
206
206
196
112
18
54
58
14
24
42
84
112
112
106
8
38
18
62
60
70
64
106
138
24
140
140
126
114
170
106
82
30
102
134
128
220
106
128
82
56
180
204
298
154
92
126
42
4
4
30
58
38
20
40
88
152
48
112
136
106
92
234
190
156
192
338
482
484
426
434
550
496
514
488
408
428
296
330
286
246
198
148
204
172
268
172
196
184
200
190
210
196
174
176
112
102
76
118
64
4
48
44
6
92
152
134
202
194
48
54
180
128
178
188
210
208
198
286
270
408
372
466
538
472
490
504
390
398
364
314
366
424
422
406
394
318
252
244
194
128
218
230
294
426
478
506
578
590
522
538
668
750
794
812
936
802
862
952
1032
974
1016
996
1006
992
1012
1112
