336
352
390
372
362
346
372
408
434
416
426
446
476
492
508
490
472
482
478
492
452
472
486
512
476
482
518
584
556
558
546
524
476
432
394
430
386
374
364
386
420
448
434
434
418
398
318
306
296
290
316
338
384
370
354
406
400
352
362
380
304
310
320
284
290
316
348
312
330
336
288
302
230
220
224
230
242
232
232
244
238
242
272
278
286
294
286
286
304
326
268
236
240
192
198
178
184
118
96
78
66
104
70
62
126
74
56
6
14
38
70
116
50
136
150
120
118
94
12
0
12
56
88
104
150
90
142
100
122
148
106
140
140
98
132
166
152
144
116
110
116
174
170
192
192
202
188
208
210
236
280
330
354
354
368
342
392
422
408
422
436
376
340
400
360
336
358
362
370
420
378
362
332
384
348
330
362
362
380
440
452
426
430
496
512
524
526
510
536
534
538
538
534
518
480
442
356
324
336
360
312
232
214
156
194
216
170
152
152
194
260
226
190
242
214
230
242
246
240
286
322
346
392
414
430
416
376
346
366
348
358
384
414
432
434
448
504
486
498
454
432
436
454
448
468
484
452
420
446
462
464
448
416
444
432
404
378
424
442
508
530
486
448
430
370
346
368
398
420
412
462
452
416
438
416
400
408
382
424
438
472
438
408
408
408
438
456
410
386
450
436
432
396
382
360
388
474
456
504
412
364
382
426
460
474
438
462
448
488
516
504
516
526
494
456
418
338
346
336
348
308
356
326
298
278
284
284
322
324
390
364
332
312
320
316
330
336
342
358
314
288
260
274
374
362
340
352
322
272
288
346
318
334
330
336
320
330
308
294
256
246
240
192
162
146
136
146
168
208
252
302
326
298
344
288
302
280
300
260
246
268
278
274
254
298
290
266
248
242
258
290
340
280
276
282
278
290
306
324
388
408
386
370
414
430
430
422
408
454
448
428
384
356
394
372
374
412
416
444
518
448
474
484
516
498
464
448
428
440
478
452
440
414
408
426
436
396
352
370
430
432
456
474
462
428
414
410
414
392
358
390
360
378
344
378
390
354
428
472
420
390
386
378
412
366
316
320
310
264
304
262
264
262
218
196
228
218
202
192
180
186
252
268
310
252
254
284
304
306
258
262
260
270
296
268
276
256
250
288
328
280
280
272
302
306
322
296
252
274
256
268
292
300
350
370
376
370
362
378
384
392
360
306
348
370
368
322
326
346
346
344
340
370
398
400
464
444
430
456
418
408
400
368
342
370
414
430
418
428
394
366
428
416
432
394
404
406
368
358
310
376
350
398
354
360
374
346
394
402
456
412
414
390
442
478
488
456
452
430
468
488
514
510
554
552
548
558
524
532
544
546
538
534
584
562
558
566
590
556
594
598
650
676
678
722
672
700
726
732
690
660
658
664
658
692
684
678
672
722
706
738
754
764
758
754
756
748
704
722
736
722
718
694
642
620
646
660
636
658
630
614
594
630
620
608
612
530
496
442
408
424
424
384
388
374
390
344
332
326
366
362
352
382
340
298
312
314
284
298
312
288
352
348
384
436
448
388
428
434
450
444
440
406
424
408
364
304
310
342
342
388
422
420
442
406
418
424
452
448
400
386
396
340
292
356
342
342
388
390
400
406
368
336
334
366
372
348
340
372
404
420
344
342
316
276
292
344
388
430
440
488
464
402
452
420
400
390
410
386
378
366
330
368
346
344
346
406
372
362
358
374
364
318
324
328
344
350
356
366
412
398
454
426
414
342
340
350
390
450
430
404
388
346
376
378
406
380
332
368
312
262
256
288
310
354
322
330
306
312
298
290
322
306
298
286
266
266
244
258
224
226
178
140
196
208
242
264
248
206
216
214
180
150
154
124
110
162
148
168
152
184
234
180
182
168
142
162
124
126
88
100
96
144
98
112
126
152
180
168
94
34
108
90
126
154
118
72
62
2
44
56
26
8
30
78
76
110
100
70
102
130
140
84
68
90
64
76
64
18
42
30
8
68
56
124
90
90
120
142
144
160
164
186
152
118
176
148
134
104
64
102
96
90
112
10
8
28
50
64
66
94
120
74
66
98
108
90
126
110
92
80
98
92
94
146
98
98
64
38
30
56
64
76
50
54
36
12
56
42
82
62
62
68
76
54
42
92
120
142
152
140
158
182
188
188
172
122
138
170
180
168
184
168
182
176
184
224
204
168
196
164
110
120
88
120
124
150
190
186
122
142
112
116
144
148
120
134
150
168
146
84
72
58
72
70
114
104
92
96
92
122
54
122
122
62
70
68
82
130
154
130
124
108
146
138
140
194
238
222
226
204
182
230
194
178
190
208
242
178
152
194
242
232
220
190
208
248
254
208
250
252
204
176
198
208
198
260
242
262
196
196
162
166
186
202
180
182
156
112
86
56
72
66
128
38
48
44
22
10
40
28
14
0
48
10
2
24
16
18
40
70
104
34
48
56
58
46
94
86
134
152
138
144
130
126
116
96
120
128
164
180
190
140
134
134
190
222
220
268
244
298
290
270
244
238
226
224
238
230
218
260
310
328
312
300
300
322
324
368
350
354
362
320
318
288
326
378
422
392
388
370
348
368
336
342
374
394
402
444
402
440
482
408
398
410
432
422
400
366
372
330
394
386
392
402
424
410
384
384
372
374
372
408
400
402
424
426
428
440
476
494
408
402
352
370
308
340
328
332
310
284
296
332
302
284
288
266
244
270
274
162
124
120
148
152
100
10
4
14
20
6
34
54
16
12
38
12
16
36
4
4
12
30
68
88
118
118
116
116
142
160
178
190
190
142
202
158
172
182
172
168
204
204
198
248
254
310
338
384
364
396
390
402
428
470
456
460
416
420
380
372
400
374
346
368
358
386
420
362
412
388
356
376
366
354
340
358
436
374
406
436
346
368
342
276
308
284
262
334
354
344
358
354
402
332
322
348
368
464
442
472
500
464
496
516
516
492
530
546
540
548
540
580
578
594
668
628
562
562
580
534
504
552
494
466
424
460
462
478
494
528
516
512
454
394
470
500
460
444
500
520
554
524
564
560
618
614
584
562
604
546
540
538
514
494
498
512
548
596
582
556
528
578
592
604
616
604
632
644
664
706
706
662
648
682
722
692
658
648
760
702
744
756
738
710
704
680
692
666
656
626
620
612
612
638
680
706
712
746
728
734
758
782
768
748
722
678
696
724
684
700
770
762
746
722
720
728
694
692
656
704
708
706
720
682
670
720
694
692
704
726
726
698
714
654
630
626
602
626
632
612
616
614
576
660
696
688
668
702
676
652
662
714
688
690
690
660
712
754
730
790
736
700
710
744
760
776
810
808
794
784
796
774
760
774
784
798
768
758
730
680
650
696
762
754
744
742
702
682
704
740
780
802
820
772
756
772
778
794
784
776
794
780
770
804
766
774
746
720
726
684
724
700
688
664
690
684
694
696
716
708
714
740
762
708
718
692
730
710
722
688
684
668
654
666
686
638
738
772
772
790
798
824
790
806
836
824
766
744
732
718
700
700
668
628
622
624
590
566
622
586
584
596
562
544
534
528
502
504
496
464
524
538
552
546
564
528
462
492
498
530
590
632
628
664
704
696
682
616
690
712
664
692
694
694
694
714
652
648
728
712
718
786
726
680
710
760
790
738
694
650
684
670
664
700
720
750
748
700
634
642
622
586
554
486
498
522
476
466
520
500
588
656
668
614
600
562
606
590
594
626
594
596
608
594
588
590
558
562
550
584
602
574
552
530
556
590
526
504
480
428
438
508
534
552
578
600
614
646
624
618
652
584
560
548
552
556
552
564
546
570
514
506
472
508
488
524
462
490
466
450
476
434
426
432
424
458
480
460
438
432
410
400
346
338
364
358
426
486
538
518
562
570
554
604
588
608
552
552
510
548
582
586
558
600
662
606
562
538
530
514
530
500
454
466
474
540
556
508
528
510
500
472
464
456
474
462
490
492
524
562
556
554
574
644
580
616
608
540
524
484
440
472
468
394
396
412
406
420
470
472
496
486
452
434
408
380
356
374
326
344
404
398
364
422
422
492
468
446
438
378
368
414
372
424
460
424
386
354
300
306
252
226
166
134
122
132
124
114
120
170
120
152
116
132
82
102
76
166
154
122
104
60
94
32
36
80
74
18
78
56
124
98
132
116
54
72
24
44
78
8
46
44
40
60
14
10
44
40
92
58
24
78
118
74
90
110
92
80
150
162
148
164
132
100
54
94
120
126
140
148
152
180
138
152
104
102
132
130
162
164
184
166
130
2
16
6
26
64
124
88
86
102
34
26
4
10
4
56
14
8
34
16
8
6
30
70
46
94
126
142
152
164
112
106
132
138
88
28
0
34
18
18
66
144
180
158
216
208
210
216
176
144
162
240
256
316
232
256
236
214
228
330
386
412
426
388
338
312
326
290
252
266
282
266
234
182
208
232
220
220
224
144
150
162
72
90
110
126
72
48
80
64
20
64
30
40
0
2
14
8
8
22
6
16
30
18
22
10
8
6
34
54
66
44
6
6
18
72
106
134
72
80
56
44
76
72
26
28
8
