926
916
888
874
870
878
894
876
894
872
824
838
844
832
836
844
876
858
854
838
858
886
880
856
898
912
842
860
862
868
886
876
878
896
862
902
872
920
892
884
866
894
868
844
832
824
840
862
842
868
902
880
888
890
866
878
866
856
834
864
858
892
848
860
854
858
866
866
864
862
870
872
876
876
884
858
858
842
862
862
884
904
916
858
850
868
886
876
884
862
828
832
856
852
826
832
828
836
836
806
800
838
812
804
840
882
836
834
846
878
866
876
886
882
870
844
858
838
820
840
814
800
794
832
846
844
856
828
826
844
834
838
856
808
798
816
812
846
838
804
824
838
864
826
814
842
880
810
882
850
840
836
826
844
850
856
864
892
922
916
890
914
908
898
902
888
888
850
838
830
850
812
794
826
816
818
832
864
886
862
836
846
828
846
852
854
856
856
856
850
906
912
864
856
854
866
902
874
850
848
902
888
888
878
878
900
898
912
928
932
924
918
906
894
894
884
918
884
896
890
876
858
840
836
862
896
894
902
874
904
876
904
882
888
896
902
914
912
906
898
908
902
930
910
930
922
892
890
872
834
752
778
784
814
794
808
802
766
808
770
776
794
838
858
876
874
880
890
902
884
902
922
972
952
932
904
894
902
862
846
836
860
886
886
930
922
938
906
852
882
866
868
900
890
916
894
894
868
910
902
902
902
860
876
882
870
826
800
780
752
796
788
772
758
734
752
762
760
760
762
754
796
780
758
782
794
770
758
740
762
778
792
792
810
842
832
840
888
930
950
914
922
928
934
928
900
900
894
914
908
896
888
910
900
898
898
906
898
886
904
900
884
868
862
846
866
866
890
896
882
904
876
910
918
914
888
864
830
836
840
884
862
868
886
878
890
906
886
880
878
870
882
882
886
898
892
870
844
840
826
850
872
876
860
852
834
852
880
896
866
850
888
890
852
916
926
918
892
894
906
892
894
886
872
874
880
892
942
924
914
926
904
894
904
918
864
876
900
874
862
844
830
840
868
840
802
838
858
822
848
824
848
838
862
860
848
876
894
894
876
862
868
822
838
886
922
908
912
896
894
910
924
916
900
890
930
892
880
894
874
870
836
844
876
878
874
862
840
792
792
746
768
770
746
766
738
710
716
670
696
686
690
712
722
760
760
720
720
732
710
722
718
732
732
730
742
702
672
682
676
666
628
654
642
618
620
606
582
600
580
594
582
612
562
592
580
518
544
550
566
560
592
560
578
576
548
562
588
644
668
672
692
654
656
640
644
684
660
626
654
658
654
630
674
648
640
640
644
636
690
694
706
748
734
754
742
752
740
762
758
766
710
714
708
698
702
680
696
688
664
692
660
680
700
670
682
692
676
690
682
648
622
598
576
552
492
482
516
492
524
570
576
596
580
550
554
544
568
586
628
648
640
606
572
626
640
618
612
598
588
594
560
604
574
582
550
576
572
578
602
550
536
534
508
526
526
494
542
478
514
554
584
580
650
688
666
648
652
640
648
690
668
626
658
646
696
724
696
752
782
784
786
742
764
762
714
706
722
772
782
792
804
808
820
830
844
824
850
858
856
866
876
842
836
858
880
846
854
860
832
820
832
800
776
828
812
846
830
854
862
872
872
822
820
860
866
878
850
860
870
868
900
932
898
872
852
858
864
880
870
826
816
794
746
754
754
738
730
722
692
698
696
706
668
654
666
622
642
646
656
684
662
700
744
762
724
776
750
734
764
772
796
794
782
786
788
798
758
764
808
804
800
762
762
732
708
714
718
742
762
776
794
786
762
732
716
712
732
738
744
774
750
788
808
808
822
808
784
784
814
822
862
836
856
856
886
930
900
872
860
872
878
886
892
880
856
878
858
892
888
900
926
934
920
914
888
904
922
932
936
944
934
954
952
910
900
900
916
914
898
890
860
850
860
882
872
846
852
854
842
824
820
784
776
768
778
776
788
804
836
822
812
838
860
844
838
856
874
856
848
838
894
882
876
908
926
894
902
894
884
888
886
890
834
862
894
918
912
932
942
934
926
922
916
918
904
906
916
910
920
898
868
868
856
864
888
878
874
844
830
804
814
800
792
780
800
828
842
842
844
868
856
868
874
848
866
870
882
892
908
932
920
896
876
850
854
828
842
878
860
844
868
828
834
810
808
814
786
818
830
878
858
842
854
860
856
876
880
896
870
876
934
922
908
878
880
852
850
862
872
876
864
872
874
836
854
872
852
870
842
834
878
880
874
864
882
908
884
888
876
846
858
870
872
880
844
826
826
860
820
834
824
832
824
854
842
870
896
870
878
886
888
858
858
834
810
760
798
820
792
796
840
860
842
844
860
822
786
824
810
838
852
874
868
850
876
900
898
908
904
880
866
884
904
906
896
890
878
842
864
858
816
812
814
816
806
804
818
832
816
824
832
856
840
840
832
800
758
798
816
816
884
876
854
846
864
848
842
834
790
768
740
756
760
722
788
810
822
808
808
800
796
788
780
782
770
776
768
802
776
794
818
832
838
792
820
794
812
816
796
808
752
740
722
716
690
678
660
662
688
682
708
738
692
686
738
758
762
782
782
786
780
804
828
834
816
844
862
856
844
846
820
866
832
822
866
892
876
864
884
916
892
876
860
868
872
878
858
826
814
804
816
812
836
822
876
868
838
840
806
828
820
854
850
888
862
860
846
840
862
852
858
850
844
838
814
832
816
838
820
830
824
850
868
874
838
832
842
876
892
904
894
910
878
880
870
890
852
860
872
848
862
846
824
826
832
842
904
910
922
922
934
880
876
844
850
794
820
812
840
838
856
896
922
910
910
906
874
862
874
884
888
880
848
832
848
866
882
906
916
900
924
942
942
964
940
926
920
920
926
902
906
882
884
844
840
830
860
828
850
886
910
896
884
890
896
878
900
886
838
838
852
882
890
840
854
910
906
864
858
856
866
892
896
878
892
880
840
840
874
908
864
856
834
846
822
862
862
856
878
848
858
840
852
832
828
836
822
850
804
812
808
832
784
774
776
768
792
778
788
770
766
778
796
766
748
726
760
762
758
792
796
792
798
816
840
812
796
806
816
832
866
880
884
912
892
890
888
908
916
878
842
826
854
840
806
816
794
804
814
824
804
820
858
844
848
856
870
890
874
892
896
892
858
852
854
858
846
824
840
892
870
864
844
860
884
892
878
892
908
900
914
898
886
920
924
924
904
922
904
904
950
956
936
950
934
932
898
886
856
844
872
882
884
868
832
796
788
752
740
756
768
756
740
768
798
822
802
788
776
806
826
830
818
862
858
880
864
900
864
836
804
826
802
806
822
798
812
808
756
752
786
778
758
776
766
738
748
716
716
708
720
758
740
742
708
718
752
718
736
758
780
758
750
780
770
764
794
768
778
744
794
804
760
766
774
762
730
694
712
718
710
734
738
758
798
772
774
808
826
842
892
886
886
896
906
892
896
886
872
858
872
900
914
902
886
862
870
884
850
850
864
886
858
844
866
842
904
920
912
900
906
928
912
908
884
860
870
906
896
878
876
862
848
884
906
930
902
890
866
882
902
896
888
864
858
882
884
872
868
876
888
878
912
886
856
834
802
808
772
756
714
724
720
716
726
768
722
742
760
808
780
814
814
854
840
876
916
918
890
880
852
848
884
870
876
860
850
868
868
846
822
818
820
836
838
882
910
914
894
858
866
880
840
864
872
862
850
840
798
832
844
846
814
764
790
852
878
866
878
862
854
856
868
862
892
884
864
870
908
920
900
880
850
822
816
822
874
892
900
876
854
918
900
920
910
894
914
938
912
880
908
894
926
924
926
886
900
914
908
904
912
922
924
932
908
886
880
868
858
844
846
872
862
886
862
892
896
906
904
922
908
892
884
888
878
878
886
884
862
880
862
866
864
876
880
890
892
888
920
872
864
858
874
858
854
888
884
848
826
830
812
876
850
826
852
868
882
856
818
812
788
836
850
882
866
868
866
898
908
928
920
900
856
858
888
902
882
870
852
896
902
886
886
850
864
868
886
912
918
936
916
888
864
870
870
886
892
862
878
864
830
844
866
886
864
888
890
894
876
898
906
896
858
842
778
784
766
796
794
796
766
740
750
724
770
760
764
806
816
824
814
832
864
890
842
840
842
856
866
828
850
834
830
860
846
854
838
866
838
832
812
806
804
834
800
798
806
790
800
776
794
806
810
806
786
776
738
744
714
726
718
718
762
776
816
814
800
806
788
788
810
800
780
756
774
760
762
782
802
804
758
744
718
770
754
798
808
816
770
788
816
836
818
842
820
838
828
802
814
814
840
872
868
868
864
866
882
910
872
848
874
862
886
884
880
902
878
884
898
906
886
908
922
944
944
944
916
926
930
936
944
942
928
912
910
886
900
894
904
876
858
868
916
902
896
868
862
872
862
850
890
874
868
838
876
872
866
854
844
848
816
828
836
812
820
890
916
926
900
890
922
924
916
900
916
884
888
904
902
914
932
920
928
900
886
904
914
892
888
890
868
860
844
838
846
838
844
822
858
842
860
868
834
872
886
906
878
850
840
