698
726
780
746
724
722
742
808
810
780
808
776
770
778
756
778
802
780
778
778
790
818
818
834
810
796
766
770
792
802
782
780
766
754
776
760
760
704
722
686
692
692
684
742
768
720
730
718
748
738
726
750
760
786
796
772
754
806
842
836
836
830
852
830
860
862
888
874
872
858
852
820
830
834
850
852
868
864
870
820
814
778
822
796
838
844
868
826
852
842
844
856
834
842
830
830
856
866
852
808
826
836
834
850
882
838
888
864
828
810
810
836
838
814
816
824
828
822
810
812
822
834
814
802
806
798
794
826
818
826
816
804
816
788
788
764
712
688
662
662
660
652
686
696
684
676
694
692
700
704
698
698
738
722
726
726
694
654
670
664
664
678
674
668
652
634
686
658
702
700
704
664
654
676
672
648
646
650
626
632
644
662
666
686
660
638
624
598
580
562
598
600
620
622
634
660
684
698
728
722
714
718
700
716
732
732
722
754
738
698
688
706
698
728
738
724
694
690
692
716
728
750
726
698
706
728
736
772
726
764
720
704
710
678
706
680
644
638
684
700
698
702
722
708
690
706
654
696
686
690
664
702
686
676
660
680
728
802
806
810
776
770
766
766
744
756
788
836
838
836
824
818
842
800
806
794
726
700
720
752
788
804
802
790
776
800
816
798
800
814
820
820
836
826
798
818
780
800
792
804
802
830
814
820
836
868
870
876
844
844
798
826
816
814
820
834
808
768
798
758
758
776
796
812
812
836
834
814
796
806
840
832
824
790
782
754
772
790
780
796
758
740
750
764
766
734
744
734
686
736
730
750
726
742
704
712
728
730
724
756
750
738
752
754
762
778
790
786
764
722
736
744
746
768
770
726
744
704
758
756
752
748
738
724
764
778
742
752
716
710
666
710
686
682
670
666
670
674
674
636
698
684
658
660
666
678
680
654
668
690
762
710
724
746
728
698
680
638
650
638
646
630
648
652
624
550
578
622
592
598
612
644
612
620
590
674
722
714
712
770
824
824
850
878
832
870
808
790
770
754
774
764
754
766
804
786
802
784
782
772
796
830
828
852
842
850
836
830
834
814
826
822
846
828
846
854
882
858
830
844
862
840
814
796
822
822
842
830
806
832
818
812
812
826
816
808
814
820
854
790
778
780
780
808
778
750
768
762
788
792
806
770
782
788
772
812
844
818
822
882
850
806
782
766
788
790
788
748
680
664
654
650
670
656
658
702
684
662
688
708
706
704
698
736
786
834
862
868
850
846
838
814
788
804
806
780
792
770
770
788
792
806
820
818
810
798
762
724
802
806
726
706
726
688
672
716
702
720
720
716
742
738
714
722
696
708
694
700
732
722
728
702
730
756
762
774
806
792
784
766
784
810
790
814
822
800
818
784
748
762
756
728
726
720
730
746
774
796
802
800
790
772
814
806
782
812
786
806
820
802
840
856
850
820
824
850
870
852
856
896
886
898
892
884
868
866
868
858
868
866
896
872
878
900
888
844
852
866
862
860
868
826
846
816
792
724
752
746
762
780
816
858
834
784
784
808
768
802
808
842
876
824
816
840
872
872
882
846
808
810
840
796
800
772
760
764
776
760
804
844
824
814
788
766
764
786
802
862
882
858
888
874
880
836
834
852
816
848
882
842
858
866
862
846
842
812
764
768
770
804
822
772
754
802
786
818
854
838
800
814
848
856
846
896
896
894
908
908
868
862
892
902
896
874
850
866
862
862
836
840
868
860
850
826
822
826
826
852
842
834
824
844
806
856
818
804
794
808
810
836
846
854
850
830
830
836
874
882
882
894
888
884
852
822
756
768
764
762
784
814
798
800
814
806
784
792
820
822
802
774
784
756
778
794
792
828
834
820
814
798
804
808
808
814
816
838
860
908
902
866
838
854
850
830
836
796
784
774
754
788
792
764
758
750
706
688
728
770
728
732
760
774
740
760
782
762
740
742
778
802
800
818
814
814
832
806
830
852
836
788
812
842
856
876
896
902
912
908
924
908
922
914
874
886
902
922
882
890
906
880
846
846
866
892
906
922
908
904
918
904
940
892
886
864
838
822
774
754
762
760
794
786
776
780
800
830
810
804
850
846
840
862
840
822
834
820
838
856
818
804
776
774
768
780
792
818
786
796
778
734
746
742
774
784
786
814
854
814
776
802
818
808
832
818
790
822
826
850
836
848
844
866
826
834
832
834
806
834
802
834
822
824
798
800
814
844
830
830
842
846
826
824
848
820
832
862
886
922
876
878
880
852
852
850
840
822
856
848
846
792
836
838
818
792
758
756
774
788
784
778
828
796
786
800
774
792
792
790
736
732
694
714
722
754
748
754
762
742
732
730
756
718
752
770
762
774
782
790
786
784
728
738
734
742
744
756
750
792
752
722
708
716
732
696
744
744
724
690
684
704
684
704
728
670
686
702
766
768
774
756
780
748
738
778
774
758
784
814
810
832
826
828
862
856
816
822
802
776
760
762
798
782
786
784
760
744
722
728
694
696
722
744
716
706
724
706
700
726
740
772
790
834
848
778
746
764
744
754
720
726
756
734
732
714
740
782
786
848
838
820
822
810
842
822
820
844
838
834
794
808
846
834
810
840
884
854
814
792
780
758
754
832
826
842
848
852
844
784
768
768
736
702
714
728
776
766
808
822
786
784
784
760
774
800
770
758
768
724
728
722
736
748
772
734
746
726
708
756
736
786
792
804
816
846
834
852
872
896
850
854
846
822
798
790
798
790
772
754
760
742
746
740
734
710
694
704
674
694
652
654
652
664
624
652
644
654
670
682
642
652
676
666
684
662
658
658
650
696
686
676
724
676
672
698
686
656
638
598
598
598
640
638
630
588
602
646
652
612
662
666
664
678
644
600
608
592
626
680
682
692
588
602
622
596
602
604
606
600
552
524
546
504
486
474
488
504
478
504
524
496
512
530
526
470
476
456
480
550
534
568
604
566
592
638
640
666
682
726
768
774
758
706
714
704
716
650
664
668
710
662
686
676
694
736
740
722
708
762
810
796
796
748
758
756
734
756
732
700
696
720
748
728
666
662
636
644
658
620
600
598
580
536
516
500
512
510
510
544
580
626
644
634
606
612
622
576
536
564
544
492
486
466
504
532
526
576
570
578
596
604
582
572
540
542
568
552
564
590
612
602
598
580
576
578
576
566
584
550
554
514
502
502
524
572
580
616
666
644
666
646
662
646
650
652
680
682
692
682
710
706
714
700
678
708
688
672
654
664
716
726
746
772
752
762
708
696
720
742
750
728
710
720
736
726
690
682
698
664
674
662
646
636
622
636
644
648
668
694
710
736
700
700
714
672
668
666
668
718
714
768
736
718
752
778
726
736
688
696
724
716
722
650
670
662
706
692
694
740
730
734
744
706
722
714
658
684
650
652
680
690
640
632
624
650
660
694
734
772
760
758
792
756
750
690
664
662
638
634
622
660
700
692
664
710
716
682
732
762
768
734
766
744
740
740
744
794
816
772
738
726
746
750
744
740
776
746
760
716
706
670
662
728
702
698
660
712
694
682
666
708
690
708
674
686
696
748
806
804
786
760
826
762
764
796
814
832
862
838
852
872
880
868
866
850
848
784
816
836
812
828
814
840
840
832
830
768
792
768
728
752
714
708
754
760
734
682
700
692
718
698
690
674
652
686
676
690
726
706
712
704
722
794
766
736
720
768
730
724
704
698
754
754
758
764
726
716
740
732
716
752
762
748
780
746
716
738
746
764
814
784
788
804
832
824
858
830
836
860
864
860
884
874
862
836
812
792
810
772
722
738
734
706
720
726
740
758
722
722
736
756
790
814
816
820
814
812
822
840
804
862
884
828
804
808
788
762
742
746
726
734
752
778
782
748
710
728
728
762
774
760
784
774
738
736
740
710
708
722
748
758
760
736
724
784
762
772
750
740
696
716
746
740
738
748
748
732
700
736
732
720
758
792
776
780
772
734
716
708
700
754
722
726
734
744
726
718
754
724
764
770
808
814
820
866
860
854
880
874
858
848
826
834
846
846
844
850
842
808
830
844
864
848
802
798
790
778
788
772
786
786
748
704
702
712
706
658
690
760
782
772
742
786
844
830
840
822
858
862
862
848
818
784
788
852
836
832
870
852
832
870
892
898
910
888
894
908
926
918
920
890
864
866
890
914
850
858
830
802
806
806
822
866
862
862
858
854
836
822
826
828
812
824
806
820
828
818
834
868
852
796
798
788
800
816
822
834
826
840
854
862
830
864
876
890
866
854
884
868
830
840
814
774
800
786
786
762
786
784
792
816
820
800
816
822
838
826
798
806
802
812
840
826
856
860
860
852
834
792
772
810
804
794
750
778
792
800
768
740
756
728
700
716
706
696
672
702
700
736
722
702
684
648
654
670
720
732
726
724
728
738
738
730
802
834
854
838
846
814
824
836
802
816
830
838
832
812
838
814
834
826
822
812
810
814
818
826
858
886
880
876
880
840
858
882
860
866
826
828
836
852
834
846
832
794
772
746
790
798
802
758
756
740
758
766
784
768
752
730
730
718
