20
10
16
112
48
106
68
24
4
26
92
100
26
78
4
44
106
142
144
200
208
164
84
58
70
52
32
28
14
6
88
68
132
122
214
140
62
60
136
172
70
142
132
42
90
94
60
26
20
22
60
62
74
166
160
106
286
276
304
348
416
382
488
398
458
424
326
272
276
242
200
232
312
312
376
498
470
500
418
398
386
422
480
532
608
684
684
766
786
832
826
770
640
712
822
696
810
730
708
774
800
804
766
684
610
628
594
570
562
526
532
458
454
384
436
434
392
366
320
388
372
452
526
372
266
320
354
504
478
462
472
456
392
358
352
356
380
242
206
182
142
78
180
198
252
252
204
134
172
282
310
380
318
346
404
434
412
458
416
474
474
424
332
336
384
426
394
330
332
288
240
140
192
264
306
386
252
276
430
324
330
316
262
290
366
426
368
400
294
206
86
188
204
288
278
160
178
102
92
100
158
90
240
120
80
38
24
108
2
64
120
94
32
14
108
160
140
50
200
240
184
240
200
176
144
120
234
252
276
302
316
268
246
270
192
174
186
196
120
136
186
116
64
16
54
8
114
182
92
166
144
78
176
64
90
48
16
110
94
86
54
112
192
176
164
216
182
112
152
226
282
258
334
262
200
110
254
266
184
208
118
124
130
234
254
290
240
322
326
400
384
424
400
258
266
238
170
250
352
364
274
254
268
66
24
70
142
320
350
370
286
168
142
90
10
88
88
50
10
190
190
220
220
238
182
240
254
260
192
166
160
142
210
66
18
160
338
362
466
546
506
480
428
406
476
398
354
394
384
356
326
312
372
366
390
400
398
386
380
412
374
334
276
268
240
260
264
218
252
160
162
100
120
176
200
162
224
284
352
350
320
352
308
318
388
420
548
654
566
530
602
670
596
588
572
586
544
456
492
496
544
506
606
592
562
626
662
588
502
530
486
396
334
320
262
338
318
136
222
226
218
154
330
274
356
336
338
320
282
246
174
168
252
386
316
338
294
266
298
316
412
610
630
686
576
588
548
512
612
656
708
732
762
592
584
598
596
492
392
410
390
320
366
294
258
318
316
268
212
258
472
408
398
338
318
444
544
572
640
756
728
712
662
618
620
508
536
690
768
726
696
596
592
702
770
748
586
590
542
396
196
146
102
106
32
88
50
130
26
28
30
60
212
226
132
138
70
70
2
12
116
156
150
158
172
430
396
434
416
322
318
296
242
244
344
452
484
446
506
578
656
590
570
578
692
614
546
446
374
396
406
574
578
576
462
462
556
700
722
646
640
696
678
706
740
726
690
720
798
1014
930
968
1026
1052
1174
1124
1184
1264
1248
1176
1166
1188
1044
1016
978
1010
1140
1114
968
994
1028
976
944
954
940
1030
1082
1076
1116
1094
1100
1064
910
960
920
880
882
940
978
990
938
948
988
908
862
910
898
872
1036
992
1038
930
972
1188
1294
1344
1292
1174
1094
1092
1008
956
910
858
850
922
880
960
924
838
794
774
800
844
930
804
696
674
682
576
634
520
540
632
596
696
756
708
700
654
536
584
556
480
528
502
526
486
566
644
680
700
678
620
670
674
656
652
622
622
524
634
676
668
588
582
636
728
698
754
844
788
758
800
794
830
764
554
614
586
530
554
528
506
556
644
596
636
638
684
658
524
516
430
488
530
632
530
488
564
508
624
650
654
570
532
430
450
404
322
294
304
392
318
394
356
356
358
398
346
266
324
312
216
56
38
2
80
116
132
58
128
32
62
36
84
70
120
112
218
240
212
324
348
266
164
180
278
304
184
228
220
116
2
104
242
276
230
184
186
306
188
270
250
238
224
246
288
334
248
172
248
252
242
238
174
108
84
70
10
52
62
28
62
34
68
40
88
86
22
66
6
96
76
86
144
34
12
0
64
20
16
30
32
118
8
134
34
142
116
26
110
62
176
240
180
120
134
166
256
370
392
432
430
496
502
496
500
442
460
514
604
646
766
770
738
774
792
776
812
850
862
860
794
878
832
916
940
1016
1004
1016
902
1018
1030
936
882
876
970
968
898
850
908
850
1026
1130
1194
1274
1280
1290
1310
1316
1298
1220
1292
1318
1426
1394
1320
1158
1110
1216
1126
1238
1228
1276
1330
1286
1218
1270
1232
1258
1244
1228
1210
1104
1110
1186
1140
1136
1182
1142
1208
1098
1108
1116
1180
1234
1162
1200
1208
1258
1228
1196
1266
1198
1144
1104
1134
1100
1046
1060
1020
1012
1066
1130
1296
1278
1136
1048
976
1132
1124
1094
1098
1094
1032
1058
1152
1086
1064
1124
1088
1092
948
918
910
892
798
820
754
774
778
778
728
602
614
594
692
806
792
836
808
850
938
920
992
1104
1060
1080
1092
1116
1152
1132
1152
1130
1150
1068
1064
978
974
902
1006
1032
1006
1072
1064
1052
1066
1026
1014
1004
970
906
968
922
916
950
1012
996
1008
1004
1052
1154
1024
1008
890
874
740
676
532
520
460
532
508
514
408
478
464
510
508
486
476
496
426
290
224
88
140
152
184
316
286
224
226
312
398
642
678
686
458
316
270
254
176
34
8
140
278
234
196
198
224
174
30
66
154
174
234
288
220
58
10
66
42
18
28
46
86
112
0
198
260
324
198
242
228
338
364
240
226
266
288
294
258
308
308
272
380
446
436
386
386
406
362
212
226
130
152
224
140
78
106
116
154
102
60
80
98
160
180
168
90
70
72
94
68
2
80
120
46
24
56
46
80
50
8
4
114
166
132
60
66
30
104
42
58
26
104
164
142
158
146
272
276
174
110
80
70
72
14
36
18
104
46
90
58
122
78
196
272
302
178
192
222
288
326
336
368
214
196
280
308
454
418
424
368
282
332
218
234
160
144
246
214
222
282
196
202
8
80
56
76
142
170
146
162
78
132
60
86
170
172
112
192
176
102
150
152
198
158
190
180
102
246
224
246
184
396
336
304
358
346
216
56
54
76
232
194
194
280
228
178
174
188
224
214
308
318
360
454
474
592
544
480
400
260
310
492
370
368
284
110
150
174
140
146
138
112
230
240
254
230
186
200
150
226
306
416
424
468
410
470
528
396
250
230
204
310
230
170
110
122
2
58
64
118
0
62
24
8
82
38
30
68
30
108
34
70
60
10
50
32
86
108
150
204
178
232
90
130
198
348
304
194
224
334
290
208
312
188
384
326
280
286
346
398
540
658
622
546
590
644
616
470
462
414
440
470
446
490
414
434
520
496
526
482
424
486
492
422
426
402
454
334
400
378
462
406
252
256
226
318
472
558
624
646
612
600
614
550
532
572
656
694
774
634
670
674
746
754
718
772
652
634
594
668
714
608
594
640
656
682
666
636
582
506
376
440
360
310
324
410
392
380
448
350
322
322
288
402
300
350
430
418
354
442
396
478
662
682
608
598
626
540
464
552
508
522
364
310
270
218
234
108
94
134
28
52
4
62
44
66
34
46
18
42
24
8
6
50
62
52
96
16
72
200
138
170
214
150
80
84
62
38
124
132
64
44
12
26
32
54
104
226
174
262
248
210
352
290
276
306
376
406
354
424
476
460
460
400
310
232
354
400
322
230
228
206
278
376
508
448
454
524
452
428
474
490
464
424
384
424
414
290
144
84
170
200
232
208
262
328
354
362
412
402
478
390
530
558
526
482
474
694
740
774
828
796
792
712
696
668
706
666
538
516
558
622
632
748
744
664
714
654
668
632
704
588
674
808
796
848
848
876
882
854
850
882
818
752
772
800
880
764
876
908
1012
1058
1200
1108
1192
1254
1150
1204
1260
1272
1232
1264
1090
998
1186
1032
1056
1124
1056
1046
1068
1104
1152
1116
1154
1200
1140
1222
1180
1198
1218
1336
1454
1474
1402
1412
1242
1202
1170
1064
1120
1166
1194
1206
1260
1202
1212
1202
1296
1294
1328
1294
1296
1328
1228
1116
1040
1050
1124
1102
1162
1080
1112
1154
1060
1086
958
938
902
964
1006
1054
1018
1008
870
774
786
830
900
790
738
654
640
760
844
848
914
966
1056
1094
1010
920
974
968
1022
1054
990
944
994
1060
1070
1070
1108
1026
1114
1168
1202
1218
1178
1198
1100
1106
1094
1054
986
938
816
706
732
714
712
756
854
952
1012
1006
1040
934
1042
1014
1084
1024
1072
974
918
896
908
902
992
1044
1184
1222
1166
1202
1204
1230
1278
1230
1102
998
1138
1100
1036
1062
998
1120
1156
1172
1118
1018
956
1036
974
898
778
826
886
932
968
1048
990
928
856
854
1046
1002
946
986
916
916
1058
1044
944
914
880
900
916
892
968
966
968
918
988
1074
1174
1118
1028
1054
990
1058
1102
1130
1200
1178
1080
1032
950
982
902
890
834
858
832
792
850
846
906
892
928
1006
1092
1050
948
1092
1018
956
972
988
1010
990
966
896
880
824
834
806
820
780
682
620
608
618
580
514
546
558
602
680
578
562
608
622
746
890
964
932
746
816
784
806
760
600
502
576
430
484
418
416
538
528
614
588
458
470
410
432
358
330
404
398
420
496
622
484
498
594
550
592
564
586
592
450
412
394
462
446
442
566
500
494
528
654
518
506
478
528
456
474
396
350
282
284
294
284
336
354
378
510
614
574
686
648
750
682
702
716
666
794
834
936
962
824
740
820
862
880
974
986
870
888
954
992
926
932
896
932
978
1022
890
942
826
852
756
706
736
682
738
774
840
796
800
850
804
814
786
758
742
760
756
778
740
642
622
626
558
646
480
382
356
274
208
216
256
266
240
316
350
322
314
348
284
318
302
412
364
428
474
494
458
356
284
238
122
142
