822
828
838
776
832
818
832
824
880
870
882
884
850
842
842
848
856
830
842
844
804
844
830
826
868
864
854
838
830
844
828
826
858
836
838
810
792
806
808
824
784
742
730
698
724
696
688
680
692
698
672
628
612
628
656
630
622
602
584
546
548
542
586
638
608
612
602
652
712
724
746
708
670
672
672
710
736
706
686
650
586
548
580
550
592
644
662
666
638
626
628
612
612
568
536
542
506
472
496
500
512
550
584
552
524
532
520
532
492
510
504
496
476
490
478
482
442
416
380
418
346
358
322
316
366
364
356
364
280
324
300
292
298
342
370
386
412
354
374
422
414
388
408
448
438
452
416
426
454
490
484
488
440
462
502
518
558
546
558
536
540
560
536
518
514
496
512
488
416
472
462
480
488
502
464
458
464
462
484
498
504
472
532
584
552
562
550
564
512
524
532
542
562
564
554
540
540
542
530
498
520
528
520
534
546
550
570
574
638
636
624
634
620
644
630
660
650
646
674
676
680
702
726
692
704
698
656
652
706
706
678
646
658
642
638
630
622
560
576
552
550
548
512
472
478
532
542
542
562
536
544
550
548
540
538
560
538
486
438
440
440
444
388
442
410
402
426
436
438
504
540
584
606
600
582
558
614
606
650
634
636
616
634
672
664
646
640
648
676
672
684
692
660
652
644
630
638
630
618
606
658
654
654
652
654
676
654
606
618
642
662
652
580
608
610
582
562
616
634
654
648
630
618
628
636
618
590
602
572
586
602
612
624
586
608
612
632
592
610
596
624
566
558
536
600
650
624
628
664
620
632
672
660
664
660
644
626
626
616
576
612
612
620
634
582
578
608
642
660
628
606
632
628
670
680
666
680
694
720
688
692
692
670
716
740
786
782
770
772
776
784
784
792
782
820
808
784
778
776
760
762
734
730
682
696
708
718
740
754
758
744
764
748
736
772
784
768
780
798
804
808
850
826
782
788
800
786
756
776
768
736
742
726
728
764
766
772
772
802
788
786
790
724
718
710
652
674
696
702
698
750
766
754
776
774
760
754
744
774
776
800
794
780
788
800
766
788
814
806
790
842
804
794
798
812
790
792
792
782
770
798
798
798
790
770
744
744
748
744
726
728
748
730
714
718
782
766
796
814
818
846
856
834
834
806
794
764
764
736
674
676
740
748
720
724
778
818
822
844
826
816
790
800
802
804
778
780
812
844
814
838
866
810
792
800
774
778
812
798
784
762
762
770
742
738
756
794
808
818
824
852
864
818
838
854
816
808
794
796
782
774
800
806
818
788
802
760
792
798
800
798
796
792
774
760
792
800
814
858
882
878
882
898
876
844
834
882
874
880
846
826
872
862
924
910
908
878
876
802
812
808
834
796
820
806
848
794
766
762
790
764
802
780
804
790
800
762
724
722
746
742
744
764
770
766
766
806
816
808
800
778
806
798
770
746
702
736
714
746
734
728
738
758
774
770
704
718
678
692
700
674
664
652
656
642
686
726
710
764
766
740
708
732
752
754
714
744
780
750
774
782
750
750
740
758
702
658
654
660
702
708
714
708
736
712
752
740
730
718
718
734
728
734
712
744
798
774
734
730
702
674
644
656
682
658
648
660
678
672
690
630
602
580
594
564
552
512
504
508
554
544
554
510
512
540
538
540
574
616
572
618
606
602
594
606
584
584
600
658
694
692
620
578
594
640
570
570
552
580
624
610
654
632
646
656
670
638
604
584
630
678
662
656
648
666
652
682
678
686
676
664
724
722
704
688
716
720
732
770
794
776
788
804
810
792
790
742
772
730
768
752
684
714
768
752
792
790
796
814
802
792
792
812
836
814
802
746
776
770
788
816
854
868
876
886
872
844
852
840
804
802
804
816
840
848
860
896
868
868
824
780
814
820
860
856
808
794
756
718
720
772
756
734
672
720
718
738
762
696
692
688
634
602
570
536
544
552
516
554
514
470
510
532
522
536
524
552
556
554
520
472
458
472
474
432
440
434
444
420
414
428
442
470
456
416
410
416
424
438
398
404
356
338
334
312
342
332
300
280
304
296
330
330
336
342
302
360
344
328
300
310
356
386
400
430
456
386
378
404
384
378
346
294
302
332
352
342
370
410
404
386
378
362
440
486
450
436
418
462
452
460
518
474
466
480
490
438
468
504
500
488
484
426
452
442
462
490
488
530
510
506
510
464
436
444
466
466
432
444
452
492
476
478
460
460
440
420
460
442
422
406
390
424
438
428
466
434
392
434
448
470
474
508
468
512
500
502
512
498
522
552
506
520
518
494
526
500
496
476
454
452
398
390
366
382
404
430
434
464
468
504
522
520
570
600
582
616
618
614
600
592
582
598
622
630
638
630
622
646
594
614
610
636
638
658
634
646
638
668
644
628
628
604
578
592
624
644
674
690
664
682
738
724
722
718
712
724
756
752
750
746
736
766
748
754
706
682
716
750
792
774
802
820
824
838
838
838
846
888
894
876
884
860
858
884
918
940
936
924
910
888
876
898
874
878
870
876
896
868
874
842
840
866
840
842
844
816
808
800
812
792
792
820
784
776
808
804
822
850
882
892
880
884
868
832
806
786
774
740
756
792
832
842
844
826
834
798
822
846
850
824
862
854
894
890
886
906
896
870
888
892
870
876
874
906
900
906
898
902
904
892
880
892
916
892
880
842
832
806
794
730
712
750
784
806
830
808
790
788
806
832
830
788
842
872
868
878
904
862
828
848
870
876
860
856
840
818
826
836
828
842
838
834
802
826
842
818
826
750
728
754
748
798
830
852
836
796
764
728
722
732
732
720
728
712
712
772
754
752
738
758
810
820
808
838
822
810
838
822
824
806
762
776
810
810
820
818
814
846
862
870
852
822
866
834
840
878
842
848
808
818
840
836
812
828
840
836
830
842
880
874
854
860
860
852
840
818
824
810
836
824
838
832
850
882
828
846
856
834
858
858
858
864
870
836
846
804
756
748
740
744
748
758
766
736
724
712
732
702
744
766
748
776
796
778
786
828
810
846
860
856
856
864
860
846
806
776
764
810
812
848
830
822
822
816
794
832
840
798
814
778
774
736
758
802
800
814
830
822
842
834
844
862
864
842
788
812
828
798
832
858
854
866
854
868
864
826
820
878
886
904
860
888
882
880
888
894
872
862
888
880
864
860
904
916
916
870
822
848
848
840
806
796
806
808
816
820
822
822
818
820
850
844
832
864
832
854
816
802
838
858
826
800
832
798
820
824
816
806
750
764
750
774
732
694
686
688
730
746
776
756
772
792
764
778
824
750
754
784
786
798
772
760
746
752
738
758
732
756
744
708
756
770
766
802
802
832
838
816
864
792
770
738
744
684
700
724
660
704
670
656
630
624
670
664
654
654
644
624
652
670
678
660
676
654
650
626
614
626
616
646
670
692
748
768
744
720
760
822
836
858
846
862
866
844
808
814
828
846
854
862
822
810
836
826
836
814
792
814
812
794
802
850
820
858
830
798
780
772
800
782
782
790
754
748
762
818
804
770
786
792
798
796
816
816
810
822
870
864
838
852
890
866
862
854
842
838
846
842
848
826
802
752
698
736
726
684
674
678
616
630
656
678
692
682
724
718
704
726
754
762
750
712
748
742
762
760
762
744
744
776
742
752
740
784
798
772
742
756
720
766
772
736
718
710
754
782
768
778
746
760
728
726
736
764
734
746
728
718
730
704
712
732
756
750
738
740
736
736
758
764
760
778
784
798
774
780
750
764
764
772
784
806
816
838
852
810
786
790
780
812
768
734
710
664
690
658
678
684
728
730
698
748
772
770
760
742
766
754
720
686
686
658
680
664
654
676
620
666
632
648
638
684
724
720
754
760
750
750
794
788
800
754
728
734
720
732
706
658
666
720
710
706
698
708
694
696
710
708
714
732
724
706
728
760
746
774
778
786
790
794
816
844
832
786
788
788
790
816
818
790
798
844
840
830
868
842
822
834
826
832
822
800
776
810
836
832
866
874
842
796
798
778
814
804
808
798
796
764
746
740
756
764
776
806
814
846
854
856
854
816
814
826
802
816
820
826
834
848
844
838
848
870
872
850
852
840
852
846
846
828
810
790
812
802
834
834
856
834
840
862
836
804
852
840
800
788
780
738
726
736
690
688
666
678
702
752
712
722
786
834
810
830
826
808
760
778
780
792
802
830
790
794
808
794
790
810
848
826
824
838
852
850
862
852
824
808
762
728
766
758
756
732
768
782
740
740
728
716
716
726
726
704
704
664
634
692
706
728
734
700
708
734
736
762
824
782
784
764
798
820
792
826
842
880
882
856
878
890
894
880
888
890
880
874
872
852
858
856
848
854
854
860
810
822
854
860
890
864
884
890
900
912
896
880
928
886
866
816
838
814
828
816
878
886
866
878
850
874
888
910
902
880
894
882
872
872
874
862
858
842
828
838
846
822
850
836
856
842
838
824
882
882
858
872
850
850
834
792
778
778
782
768
768
754
750
776
818
792
808
804
824
824
840
798
824
836
812
850
830
856
830
822
852
840
836
816
848
878
864
