772
724
730
708
698
704
710
754
798
788
812
782
734
740
740
710
720
716
674
708
696
680
664
664
702
698
706
652
694
676
668
690
732
714
662
678
642
618
638
636
608
638
640
656
684
716
714
670
646
590
594
626
626
606
624
662
642
628
602
642
594
572
582
592
580
566
578
556
576
594
602
596
558
638
648
640
582
584
632
638
648
670
672
676
656
650
670
670
654
638
594
608
540
588
570
550
570
604
626
636
628
614
618
648
572
606
642
632
654
702
720
700
660
656
640
622
670
660
616
594
624
590
618
692
666
694
702
736
760
776
810
832
780
788
810
814
828
792
816
832
806
822
826
790
788
776
794
800
780
796
858
800
762
724
668
612
646
652
666
686
692
706
726
726
726
708
688
708
656
710
714
744
770
766
706
698
696
690
644
614
634
648
682
724
708
700
738
756
770
792
744
752
728
702
694
674
662
654
680
656
708
698
724
740
738
766
818
786
818
784
840
872
874
894
910
906
898
876
840
834
852
814
768
778
750
758
748
772
768
780
768
764
764
724
698
726
750
784
802
760
720
708
750
810
804
806
774
804
808
770
792
764
792
760
822
816
806
816
810
864
884
888
906
876
866
854
852
860
848
844
862
866
890
890
874
866
870
868
864
822
834
854
866
902
884
872
860
878
846
888
910
930
892
874
852
868
864
812
804
802
846
866
886
868
860
852
864
812
800
820
804
796
780
792
794
810
802
774
782
786
808
808
862
858
878
902
876
842
874
808
822
838
820
774
754
770
804
808
816
842
848
866
860
874
858
836
744
734
696
696
720
692
720
752
692
652
646
664
688
726
746
720
732
742
724
718
714
722
704
730
732
722
654
650
646
680
674
612
656
632
648
664
652
646
716
730
760
782
748
712
712
692
720
712
710
722
738
740
730
754
748
756
714
702
666
644
574
566
600
602
580
588
572
584
676
676
698
684
674
692
724
710
672
598
596
622
588
578
504
518
538
520
542
544
552
566
564
578
562
602
582
558
586
556
550
548
564
600
664
640
654
600
594
588
602
624
638
604
576
570
526
504
522
476
430
442
432
428
408
398
370
390
406
406
376
364
316
282
266
278
322
292
298
286
242
302
302
270
220
208
188
176
216
230
244
216
202
188
232
230
248
240
256
270
232
248
258
282
282
296
260
276
280
306
296
274
246
254
264
250
260
278
212
206
206
168
194
174
174
150
182
234
222
204
226
198
190
220
224
266
280
272
276
270
330
362
340
370
380
400
370
362
368
308
340
330
302
272
258
240
248
248
272
264
258
252
238
238
250
228
242
240
260
298
308
314
256
236
232
312
300
310
250
286
244
276
284
306
330
386
400
322
314
314
336
344
336
302
308
300
310
298
258
272
254
284
274
300
272
248
256
232
208
226
196
196
274
278
290
332
314
298
292
272
238
282
238
202
184
184
204
184
214
244
234
244
224
248
256
332
338
298
250
288
266
274
214
184
152
190
190
226
218
240
254
252
186
166
144
120
124
202
250
232
200
184
178
144
130
110
88
44
36
48
36
62
86
96
102
114
184
156
122
122
92
122
156
130
136
122
112
84
56
46
20
96
58
88
86
124
114
100
104
80
98
92
96
70
74
82
106
84
102
108
104
42
24
16
48
40
42
46
68
106
116
118
144
148
124
158
134
108
76
98
68
54
80
98
118
112
132
142
158
116
152
138
162
100
60
94
168
148
166
170
168
134
122
118
134
80
130
74
70
82
108
100
120
150
142
180
194
174
206
168
208
234
276
298
268
264
218
194
238
276
306
310
316
276
238
310
312
280
242
288
234
234
204
252
308
258
252
266
238
200
256
294
274
276
290
336
326
324
328
352
372
400
408
392
420
368
414
390
382
364
334
290
338
318
314
286
280
314
294
328
354
338
296
296
312
282
296
244
286
246
192
188
148
134
164
152
172
168
124
116
144
142
144
122
132
126
92
88
64
114
156
114
72
106
106
148
124
122
136
72
68
70
100
52
78
28
66
66
72
110
110
104
58
90
60
68
128
156
190
162
196
188
214
164
200
184
188
122
154
154
194
168
162
126
90
78
76
54
44
104
112
134
190
214
232
308
346
352
380
354
352
326
342
344
360
392
406
402
400
388
282
262
206
256
258
250
290
252
216
200
250
218
226
180
206
166
166
176
162
176
192
222
224
214
182
208
144
178
148
112
58
42
14
44
22
62
102
90
92
90
106
174
116
110
92
76
122
86
66
22
26
4
38
18
62
40
30
4
38
66
60
22
14
12
6
38
72
72
118
92
44
20
84
62
6
8
28
34
114
102
84
112
142
114
80
26
42
14
26
60
72
102
96
98
70
92
124
172
138
140
134
90
62
32
48
28
42
36
16
4
4
10
40
20
0
14
40
30
62
42
16
40
70
66
78
86
104
108
70
48
50
40
72
102
124
142
158
146
172
172
140
164
202
208
204
214
248
220
236
234
224
160
152
146
174
190
192
220
196
176
170
148
128
100
92
144
72
90
50
62
80
48
22
48
64
84
88
22
16
12
0
52
76
92
84
104
94
64
98
112
118
86
44
78
90
74
106
74
110
110
100
36
20
52
84
148
102
112
112
114
118
154
144
164
216
188
240
276
300
280
282
286
280
298
268
252
256
256
260
284
262
246
244
238
212
260
298
318
346
318
280
320
386
442
428
454
472
430
508
508
534
570
572
564
540
572
650
632
620
598
604
586
598
660
690
650
704
710
690
660
672
680
680
742
710
730
694
728
730
756
706
742
712
712
726
754
780
736
718
726
734
686
706
732
766
738
700
708
724
746
702
682
674
666
678
706
696
698
680
662
666
634
656
686
686
692
704
706
724
762
752
736
750
770
758
776
744
700
684
744
790
814
800
800
816
848
854
834
796
742
776
752
790
812
810
776
780
708
728
698
680
682
666
704
706
720
690
694
682
698
702
682
698
692
626
654
650
664
648
618
606
544
542
530
528
482
496
502
452
460
478
448
414
400
376
376
384
382
408
404
424
466
462
494
516
554
556
562
538
520
516
526
540
536
514
490
464
498
494
490
462
474
512
538
500
522
544
560
534
518
544
578
582
564
564
550
538
530
574
532
540
500
484
514
516
528
566
522
496
508
520
532
552
554
546
538
556
510
588
576
560
532
552
538
506
480
486
556
530
554
574
610
674
668
660
628
650
636
648
644
658
658
576
524
554
572
546
592
606
602
638
660
656
684
650
656
644
634
680
670
636
608
616
620
602
640
626
684
684
686
712
760
696
724
734
732
720
752
728
720
726
702
708
728
710
706
692
656
688
718
698
744
756
734
740
712
706
716
702
654
666
672
662
704
692
704
714
712
696
716
728
714
722
760
792
728
700
716
706
694
692
650
676
660
694
704
752
758
754
716
694
690
686
664
642
658
594
630
638
674
664
678
632
652
652
654
718
740
796
774
720
690
674
648
684
686
678
694
724
682
684
716
712
710
734
774
726
740
768
788
792
760
742
764
788
748
798
836
808
828
834
850
892
896
892
876
868
878
890
940
922
896
864
878
868
828
800
790
776
784
822
816
822
794
834
816
826
772
776
776
808
814
780
746
744
752
754
756
798
792
780
782
760
762
776
804
794
776
760
784
818
832
846
850
862
862
878
860
844
862
812
780
780
816
812
842
820
800
804
796
738
730
742
728
742
732
774
776
798
854
818
830
838
862
826
876
878
886
878
866
848
792
812
812
820
786
790
774
734
748
752
788
812
778
788
788
814
802
864
850
832
842
826
806
780
766
764
768
742
760
742
742
718
734
778
788
850
846
826
848
864
866
850
862
832
828
820
790
786
786
798
762
798
830
886
880
862
892
890
900
870
864
854
848
880
864
854
856
812
802
840
856
896
880
894
872
896
884
882
828
886
878
832
854
864
860
868
862
818
842
866
842
800
776
806
822
818
802
756
766
762
756
794
802
818
818
780
794
744
782
810
762
780
828
850
832
816
812
802
796
788
802
748
760
788
792
802
768
776
784
764
756
734
736
730
752
820
830
838
834
826
802
824
836
846
848
824
792
796
792
780
790
770
768
754
728
752
766
780
822
846
838
826
818
832
806
772
750
708
700
698
742
716
758
722
782
778
752
738
768
796
796
772
800
838
844
858
858
854
848
862
876
886
860
880
874
838
852
890
822
822
788
788
808
800
792
780
796
810
816
814
796
782
762
750
760
802
802
834
782
804
798
768
816
792
796
812
866
836
868
856
876
872
924
908
900
846
838
844
854
828
834
832
856
820
834
816
808
808
790
794
792
796
820
836
852
868
816
808
850
830
862
882
870
884
828
828
838
824
822
866
894
832
868
866
848
880
868
890
888
938
904
922
868
886
846
870
866
870
862
882
882
866
850
850
866
850
852
838
802
790
800
772
792
760
758
792
732
740
742
762
728
736
738
734
734
702
778
756
828
820
832
842
828
816
820
820
842
860
826
846
852
854
860
850
844
816
800
790
758
738
730
760
750
714
716
722
744
764
712
704
698
702
696
654
554
578
592
572
524
472
464
432
438
418
410
