914
876
864
954
850
862
740
756
714
698
444
352
378
522
562
502
510
468
348
210
106
290
90
110
244
342
208
468
388
516
218
264
340
284
400
518
456
480
444
256
326
280
350
186
28
176
86
6
146
116
146
214
222
298
200
388
314
348
378
328
310
370
328
350
344
534
550
550
520
438
222
256
244
126
158
180
90
178
106
146
84
240
346
458
488
508
564
484
634
508
536
454
468
520
562
628
622
442
564
548
408
308
252
190
282
336
340
284
220
214
12
64
86
148
220
282
228
116
100
116
86
130
16
146
102
86
84
60
100
104
186
100
94
148
346
452
674
666
644
668
642
650
494
320
340
292
364
182
128
320
296
252
290
222
220
232
284
176
64
42
136
250
254
208
378
516
594
508
546
600
602
740
604
656
646
698
834
796
772
862
790
938
918
1004
1150
1136
1056
1160
1102
1202
1142
1118
1024
1024
1114
1018
1066
1014
1104
1066
944
970
912
820
872
934
560
568
442
320
322
284
104
74
248
186
240
2
100
160
142
30
178
190
342
208
248
440
616
514
464
440
340
406
516
368
238
364
590
542
836
868
858
860
794
964
978
942
836
878
816
868
954
958
1034
1214
946
1018
1060
960
1146
1090
1184
1134
1180
1146
1146
912
876
752
534
528
468
378
406
586
620
502
668
778
592
580
742
662
652
590
702
602
692
632
580
508
466
512
598
616
466
318
328
378
344
278
390
314
460
482
434
490
342
344
466
444
400
246
320
420
452
562
796
924
980
1126
1124
1206
1080
1054
1098
996
1184
1238
1194
1270
1118
1132
1054
1088
1132
978
950
976
1128
1120
902
772
708
848
1050
1082
1132
1248
1118
1074
1134
1250
1210
1070
1140
1246
1256
1328
1306
1226
1236
1172
1096
1060
1136
1104
1016
1072
1008
918
1016
1044
1036
898
868
834
978
814
692
528
558
436
492
290
212
190
288
274
310
260
242
88
122
322
512
370
402
350
284
364
448
480
494
412
378
512
526
572
678
666
754
834
842
814
792
804
872
838
684
580
728
644
790
852
878
1014
1078
1086
996
974
964
1000
1076
948
866
904
994
1060
1186
1288
1366
1324
1276
1280
1122
1228
1288
1196
1026
1170
1016
1200
1018
950
954
934
824
750
848
732
726
652
656
668
696
784
702
670
828
984
974
902
834
858
960
1078
966
918
794
910
950
746
746
796
848
900
816
750
530
558
540
540
710
692
720
752
680
548
420
524
698
688
678
684
818
848
1072
904
972
880
826
904
902
900
898
966
916
934
858
612
436
484
610
704
710
638
612
620
480
538
462
456
388
382
412
264
134
122
288
160
24
142
142
216
446
442
414
388
436
360
386
512
492
384
468
454
302
628
764
762
820
754
782
682
668
656
844
1028
920
1016
990
1212
1234
1238
1186
996
1100
1060
982
886
806
738
784
882
912
892
926
1088
1120
1032
964
880
956
1038
1022
1194
994
958
976
1062
978
942
1168
1200
1214
1260
1312
1288
1244
1218
1288
1356
1416
1454
1690
1712
1730
1720
1648
1588
1446
1474
1518
1520
1580
1718
1602
1628
1566
1524
1546
1716
1738
1628
1728
1588
1680
1704
1598
1490
1314
1204
1094
1088
1174
1212
1180
1144
1192
1168
832
720
708
736
558
496
418
398
98
56
212
200
288
206
248
114
262
248
300
338
366
434
424
554
662
838
832
812
844
724
808
800
750
678
862
782
808
992
872
960
870
792
848
832
814
796
864
808
818
686
852
894
792
928
778
850
754
674
718
762
816
814
1102
1024
1198
1100
892
1008
940
846
1000
1034
1152
1152
1052
916
782
836
852
1056
1038
1032
982
1008
918
830
864
748
614
592
820
884
1136
1166
1156
1214
1392
1410
1410
1528
1646
1676
1528
1588
1496
1362
1440
1492
1458
1404
1424
1572
1546
1554
1478
1436
1408
1458
1580
1588
1504
1488
1448
1530
1636
1708
1710
1520
1482
1532
1424
1388
1264
1302
1392
1372
1210
1218
1304
1186
1184
1236
1232
1178
870
810
728
750
758
734
636
520
372
246
352
282
186
16
102
56
72
46
92
50
6
84
224
156
212
92
118
170
44
138
122
58
70
146
130
44
70
48
26
58
14
30
54
126
280
276
246
268
382
276
450
484
530
582
694
484
666
824
1006
1106
1088
1010
1082
1144
1226
1142
1126
1064
826
804
830
856
722
710
758
796
824
886
908
766
844
906
834
842
696
728
890
946
996
1140
1140
1124
962
858
866
778
576
538
454
716
876
954
766
496
518
566
528
482
566
594
512
246
300
326
422
470
548
604
684
774
538
340
180
42
16
14
80
152
92
18
118
38
114
124
186
68
86
28
56
36
200
330
260
238
22
168
338
208
134
208
80
24
12
114
118
100
124
140
186
284
406
542
270
412
250
64
74
180
90
40
152
188
186
204
62
108
48
52
62
76
244
210
344
322
432
566
416
358
456
444
482
544
326
198
316
292
192
120
362
460
390
342
458
406
508
664
664
762
790
882
776
766
1014
1020
1082
1098
1204
1422
1220
1018
1000
958
1052
1194
1196
1182
1210
1082
1026
936
742
1040
916
964
1076
946
832
786
878
898
902
920
1058
1062
1054
1066
1108
1240
1070
1068
1132
998
1006
954
822
898
926
934
972
1006
978
846
790
662
694
742
728
704
586
590
646
696
582
734
722
734
600
534
536
398
512
664
596
560
694
564
368
330
220
300
336
160
134
88
144
106
276
418
172
120
42
48
144
28
20
62
90
50
194
214
202
204
104
78
124
280
248
352
570
416
540
466
614
814
752
906
1010
842
720
560
570
352
268
354
326
494
430
592
588
604
686
848
830
678
586
434
490
686
536
484
362
188
142
234
448
600
572
572
494
568
404
416
488
398
454
506
478
488
426
678
528
462
450
396
608
638
664
720
634
558
746
926
880
908
976
1164
1204
1334
1308
1236
1312
1252
1202
1138
1132
1068
966
944
980
940
1016
1086
1232
1244
1326
1428
1126
1204
1030
1066
1030
1278
1440
1468
1438
1556
1540
1560
1690
1602
1550
1454
1380
1422
1568
1562
1542
1606
1490
1494
1576
1316
1258
1038
1260
1226
1094
1234
1226
1056
934
1042
1080
1032
984
906
818
882
708
780
718
526
458
490
558
572
640
528
542
628
532
712
728
818
716
676
656
796
744
664
570
488
576
542
562
488
618
506
558
398
430
360
310
136
92
164
246
258
212
24
2
12
90
10
192
118
34
16
16
94
70
58
84
312
152
164
430
434
56
100
168
188
316
112
166
116
142
64
22
274
346
338
414
170
294
234
124
224
54
28
54
166
218
152
112
142
130
26
36
10
52
50
132
140
294
306
344
422
386
374
298
160
116
0
8
92
10
38
154
238
112
104
90
178
196
170
14
2
54
66
10
4
78
158
106
134
158
270
436
426
388
344
270
318
200
104
6
28
200
276
320
318
270
266
342
162
90
218
258
500
554
746
724
594
590
498
338
302
246
582
434
410
402
308
306
224
252
332
400
454
462
318
328
202
214
290
412
316
324
316
270
332
360
226
196
206
232
242
298
214
232
172
256
292
170
86
112
182
132
144
136
348
322
176
66
196
40
26
38
122
76
52
82
100
206
214
290
90
150
334
356
474
502
492
542
454
528
198
216
204
188
84
22
220
228
382
248
240
184
488
352
170
54
26
80
106
40
84
290
272
164
44
138
218
376
378
418
350
294
280
406
420
538
542
532
338
340
426
472
676
670
758
888
944
996
918
956
1076
1104
1118
1130
980
842
940
762
736
650
724
506
462
638
566
422
460
442
388
348
242
14
300
224
306
198
378
360
488
602
606
736
758
712
798
842
856
856
792
732
748
734
814
756
588
532
536
582
494
424
452
390
256
84
154
40
236
390
78
278
308
114
230
226
214
4
124
220
256
156
270
132
10
14
24
154
220
226
162
142
98
204
198
252
416
532
618
562
610
572
674
638
686
706
676
762
834
778
690
828
792
770
664
670
688
732
896
804
774
682
546
546
414
586
598
680
668
578
602
570
628
732
654
528
384
430
466
414
478
706
672
818
944
984
1026
902
988
930
768
884
1148
1352
1298
1120
1176
1172
1148
1240
1102
1208
1194
1274
1106
794
860
796
810
800
782
694
690
770
680
720
616
542
462
574
418
280
320
402
570
654
736
650
550
856
698
380
446
414
350
186
112
188
18
92
86
122
138
202
248
280
322
234
242
0
198
258
358
526
460
500
550
518
510
608
616
716
490
518
468
634
668
590
536
694
552
548
482
572
680
618
612
532
510
498
584
590
570
542
358
332
322
158
78
86
130
300
286
242
358
384
274
14
4
148
164
58
46
78
70
138
244
142
182
68
240
120
22
38
136
272
372
408
348
290
394
420
502
530
408
322
398
478
352
422
452
544
364
342
534
506
304
422
300
54
146
116
246
366
472
426
236
260
330
504
516
734
672
650
552
670
536
568
510
448
442
542
640
546
578
620
580
506
572
418
490
470
372
566
564
500
622
636
666
574
478
588
602
658
608
442
428
404
432
416
394
256
384
390
330
296
482
586
500
534
464
574
556
438
602
490
476
328
312
310
432
418
566
534
468
586
682
836
820
988
1010
1090
956
1048
854
714
810
954
1046
952
858
1016
1096
1010
948
846
776
702
840
664
834
806
764
744
626
900
892
642
776
806
830
860
904
882
848
912
1052
1070
1028
1008
1010
1172
1080
1104
1194
1128
1088
1192
1440
1498
1650
1812
1800
1704
1618
1646
1426
1338
1276
1462
1416
1416
1500
1548
1494
1548
1470
1360
1392
1380
1404
1454
1386
1472
1530
1504
1508
1400
1336
1624
1534
1648
1580
1570
1704
1574
1596
1438
1484
1448
1480
1490
1462
1440
1354
1358
1502
1578
1400
1438
1352
1238
1022
986
850
908
820
748
542
