4186
4240
4398
4418
4574
4556
4642
4796
4792
4736
4704
4808
4780
4824
4626
4542
4620
4750
4628
4622
4636
4568
4686
4786
4694
4688
4738
4658
4486
4332
4248
4144
3982
3944
3976
3880
4026
4114
4150
4214
4124
4300
4288
4268
4240
4234
4252
4448
4580
4628
4668
4614
4580
4740
4756
4904
4840
4718
4648
4526
4628
4600
4698
4624
4668
4686
4778
4750
4726
4726
4624
4632
4644
4606
4488
4586
4468
4554
4512
4458
4630
4602
4512
4486
4514
4578
4612
4536
4570
4566
4660
4684
4616
4606
4572
4346
4322
4420
4358
4374
4364
4406
4258
4190
4286
4082
4082
4192
4278
4430
4442
4272
4304
4382
4522
4550
4524
4678
4768
4684
4598
4482
4524
4580
4534
4530
4564
4510
4392
4314
4314
4308
4354
4360
4292
4292
4360
4384
4354
4388
4650
4602
4516
4548
4552
4570
4616
4552
4412
4372
4446
4442
4364
4370
4230
4194
4240
4326
4272
4238
4326
4176
4282
4186
4364
4366
4348
4300
4364
4290
4228
4292
4226
4402
4318
4356
4232
4158
4104
4102
3968
4040
4174
4072
4082
4020
3958
3896
3838
3708
3722
3624
3698
3672
3796
3862
3954
4022
3990
3950
3892
3860
3960
3856
3916
3874
3848
3854
3950
3900
3842
3738
3728
3782
3750
3806
3814
3864
3772
3722
3702
3606
3690
3658
3526
3578
3520
3398
3510
3510
3652
3658
3492
3556
3574
3716
3860
3898
3918
3946
4078
4116
4130
4200
4236
4298
4332
4334
4398
4442
4264
4220
4290
4392
4414
4436
4660
4712
4750
4708
4778
4698
4608
4552
4586
4630
4704
4688
4868
4872
4746
4732
4732
4786
4616
4560
4440
4402
4258
4476
4436
4570
4474
4544
4650
4688
4824
4960
4954
5078
4922
4998
4994
4954
4906
4774
4770
4764
4962
5062
5038
5028
5164
5154
5114
5166
5206
4942
4862
4824
4824
4810
4776
4850
4938
4920
4888
4880
4872
4822
4870
4896
4694
4760
4724
4744
4870
4906
4988
5040
5144
5090
5206
5196
5166
5224
5222
5270
5350
5344
5328
5238
5074
4948
5032
5058
5216
5292
5262
5408
5414
5482
5464
5480
5346
5324
5270
5218
5308
5344
5336
5382
5500
5354
5252
5162
5052
5144
4982
4750
4748
4716
4640
4940
4954
4970
4974
5094
5210
5204
5150
5200
5238
5042
5084
5092
5002
5050
5100
4986
4890
4744
4714
4782
4748
4708
4680
4586
4720
4660
4692
4820
4944
4872
4952
4820
4876
4984
5084
5176
5050
5192
5194
5098
5122
5142
5198
5170
5184
5140
5238
5102
5100
5078
5154
5128
5094
5090
5166
5004
5078
5196
5316
5180
5226
5286
5168
5158
4982
4908
4946
4964
5040
5106
5214
5118
5140
5116
5012
5160
5002
5166
5226
5150
5088
5026
5004
4960
4948
4994
5146
5098
5242
5130
5042
5188
5116
5156
5080
5150
5100
5108
5022
4852
4874
4902
4882
4950
4994
5134
5302
5316
5436
5468
5472
5374
5302
5318
5310
5330
5210
5220
5178
5212
5184
5184
5292
5238
5238
5246
5248
5182
5178
5224
5244
5182
5248
5348
5384
5304
5392
5436
5300
5334
5266
5340
5430
5370
5352
5500
5400
5236
5132
5286
5346
5390
5450
5486
5596
5680
5612
5526
5522
5452
5486
5516
5474
5490
5584
5656
5652
5464
5494
5400
5408
5416
5344
5430
5316
5368
5310
5272
5102
5040
4884
4968
5024
4996
4986
5016
5090
5094
4964
4910
5036
4936
5032
5008
4826
4808
4952
4968
4964
4920
5052
5136
5090
5164
5196
5258
5176
5264
5174
5234
5238
5190
5264
5164
5134
5252
5254
5338
5212
5130
5192
5226
5246
5250
5182
5130
5148
5140
5192
5090
5042
5038
4968
5058
5108
5138
5186
5042
4974
4964
5078
5060
5170
5202
5104
5162
5180
5222
5302
5414
5338
5342
5312
5358
5428
5538
5530
5428
5516
5532
5590
5552
5566
5750
5806
5838
5860
5872
5820
5758
5680
5734
5682
5728
5730
5720
5808
5732
5484
5440
5328
5330
5190
5304
5418
5336
5478
5294
5310
5052
4802
4850
4918
4900
4882
4812
4824
4912
4986
5040
4924
5024
5024
5062
5142
5216
5078
5078
5072
5006
5112
5214
5214
5092
5116
5146
5136
5054
5072
4984
4910
4834
4810
4754
4682
4686
4710
4768
4618
4574
4520
4658
4726
4758
4662
4622
4550
4606
4328
4318
4400
4404
4488
4594
4544
4568
4548
4536
4534
4578
4768
4784
4888
4772
4682
4682
4866
4892
5060
5034
4996
5040
4990
4918
5052
4788
4730
4778
4606
4620
4590
4650
4504
4686
4674
4590
4680
4812
4766
4824
4790
4780
4800
4830
4882
4902
4822
4862
4890
4812
4704
4728
4770
4840
4750
4848
4934
4914
5002
5102
5212
5126
5136
5206
5308
5318
5232
5252
5270
5338
5242
5316
5264
5334
5404
5366
5352
5166
5186
5158
5186
5198
5160
5294
5314
5254
5314
5378
5298
5264
5250
5142
5084
5166
5156
5156
5142
5208
5158
5024
4912
4874
5008
4932
4982
4806
4820
4888
4832
4964
5018
5060
5026
5018
4978
4798
4826
5060
5302
5146
5150
5074
5170
5230
5090
4996
5180
5176
5278
5348
5426
5444
5554
5556
5552
5582
5504
5600
5532
5528
5600
5670
5634
5678
5736
5654
5568
5528
5558
5578
5550
5538
5502
5550
5660
5764
5868
5876
5914
5936
6064
6102
6116
6134
6206
6296
6472
6488
6510
6414
6450
6336
6388
6402
6266
6272
6320
6388
6362
6388
6296
6256
6190
6158
6208
6146
6042
6128
6152
6038
6016
6012
5736
5816
5834
5792
5844
5644
5682
5754
5856
5816
5930
5876
5794
5962
6088
6054
5918
5850
5846
5798
5750
5788
5708
5766
5718
5804
5808
5814
5856
6030
6002
5986
5958
6030
6148
6128
6052
6112
6070
6130
6202
6292
6254
6222
6290
6174
6152
6088
5964
5960
6002
6000
5884
5882
5866
5984
6012
5980
6086
5992
5932
6038
6074
6080
5940
5870
5834
5826
5646
5524
5530
5572
5604
5596
5548
5576
5552
5620
5530
5556
5514
5462
5538
5564
5636
5602
5622
5666
5702
5790
5680
5678
5718
5578
5612
5724
5646
5716
5738
5688
5588
5640
5826
5888
5922
5980
5966
5842
5882
5818
5788
5764
5894
5986
5974
5908
5884
5960
5994
5964
5996
5892
5986
5814
5900
5842
5936
5932
5962
5972
5980
6084
6150
6026
6020
5970
5836
5904
5854
5768
5754
5832
5842
5828
5810
5888
5840
5932
5956
5862
5864
5946
6044
5984
5858
5852
5884
5964
5984
6020
6014
5954
5838
5668
5674
5638
5468
5480
5632
5640
5762
5858
5630
5702
5846
5762
5630
5550
5524
5488
5506
5554
5560
5692
5656
5510
5638
5502
5434
5318
5302
5322
5238
5224
5356
5278
5308
5302
5294
5362
5284
5354
5304
5288
5396
5350
5412
5382
5412
5574
5562
5574
5502
5562
5504
5578
5576
5646
5692
5752
5980
6014
5886
5826
5816
5834
5988
6010
6022
5988
5920
5810
5822
5826
5684
5794
5896
5904
5860
5816
5764
5758
5726
5622
5578
5590
5590
5578
5554
5396
5466
5400
5492
5450
5614
5592
5670
5656
5578
5556
5646
5756
5782
5798
5784
5942
5988
5900
5798
5776
5856
5948
5810
5764
5724
5862
5934
5974
6032
6122
6074
5938
5960
5828
5740
5830
5886
5868
5824
5978
6024
5974
5864
5956
5948
5924
5960
5908
5968
5926
5794
5636
5628
5702
5726
5788
5878
5992
5950
5848
5802
5778
5794
5836
5868
5802
5746
5782
5894
5706
5766
5880
5830
5814
5800
5786
5792
5976
6096
6308
6268
6162
6198
6350
6280
6290
6254
6296
6222
6284
6350
6346
6370
6342
6342
6308
6342
6250
6250
6228
6298
6264
6186
6202
6226
6234
6224
6132
6246
6276
6228
6262
6324
6346
6296
6456
6494
6552
6530
6562
6618
6522
6390
6304
6260
6198
6304
6378
6202
6102
6096
6054
5962
5928
5872
5946
5876
5906
6020
5960
6008
5952
5982
5936
5892
5922
5894
5836
5820
5742
5754
5706
5832
5662
5808
5800
5788
5616
5522
5690
5582
5476
5374
5408
5336
5324
5368
5448
5434
5408
5522
5480
5536
5384
5434
5594
5494
5486
5572
5568
5646
5556
5618
5594
5556
5542
5530
5558
5506
5444
5362
5324
5300
5334
5192
5174
5228
5208
5074
5058
5062
4970
4938
5100
4920
5098
4964
4860
4882
4894
4948
4854
4908
4918
5020
4960
4890
4934
5050
5120
5068
5068
5014
4974
5136
5078
4956
4866
4906
4964
5040
5010
4966
4824
4784
4892
4938
4858
4898
5040
4916
4962
4904
4976
4924
4830
4760
4866
4758
4672
4834
4958
4834
4850
4952
5146
5268
5334
5346
5304
5348
5232
5144
5108
5032
4992
4982
4906
4846
4798
4752
4574
4380
4574
4748
4844
4946
4994
4944
5160
5106
4990
4988
5034
5066
5138
5054
5086
5004
5096
4974
4870
4884
4678
4530
4568
4578
4470
4404
4390
4332
4448
4528
4426
4526
4616
4716
4538
4488
4452
4450
4452
4340
4342
4408
4520
4438
4402
4494
4558
4476
4428
4382
4404
4436
4442
4508
4428
4388
4272
4306
4198
4248
4226
4238
4294
4478
4378
4408
4402
4400
4386
4584
4582
4646
4740
4804
4692
4766
4930
4898
4968
4856
4758
4678
4568
4588
4628
4680
4794
4932
4832
4862
4758
4662
4786
4802
4808
4700
4654
4768
4730
4808
4820
4708
4714
4638
4674
4784
4740
4712
4550
4592
4572
4708
4814
4910
4870
4822
4884
4804
4880
5014
4968
5088
5068
5058
4954
4920
4800
4786
4830
4904
5000
5090
5058
5062
4964
5028
5036
4992
4922
4812
4886
4920
4930
4930
5024
5036
5106
4938
4940
4952
5114
5138
5176
5026
5050
4958
5064
5056
5082
4998
4990
4974
5172
5130
5146
5270
5198
5106
5078
5004
5100
5110
5250
5326
5412
5454
5422
5434
5446
5508
5524
5550
5568
5492
5454
5556
5642
5626
5748
5670
5614
5628
5700
5546
5494
5440
5318
5306
5134
5072
5000
5052
5086
5124
5094
5246
5274
5296
5324
5266
5238
5230
5058
5092
4964
4902
4880
4782
4798
4828
4682
4572
4596
4682
4588
4590
4516
4556
4608
4586
4666
4700
4804
4810
4884
4890
4950
5006
4892
4932
5050
5200
5278
5310
5150
5102
5146
5200
5088
5092
5072
5160
5150
5094
5204
5204
5404
5486
5484
5558
5432
5452
5424
5442
5510
5548
5642
5628
5570
5460
5410
5464
5496
5496
5614
5544
5606
5614
5646
5708
5718
5718
5680
5618
5670
5526
5604
5524
5548
5534
5618
5510
5414
5516
5730
5640
5588
5606
5676
5726
5844
5992
5990
6096
6146
5848
5790
5852
5832
5838
5838
5800
5870
5840
5872
5860
5892
5866
5826
5842
5830
5896
5848
5802
5678
5558
5524
5492
5446
5438
5640
5594
5668
5702
5754
5696
5672
5708
5744
5810
5734
5662
5696
5628
5628
5512
5480
5574
5484
5444
5296
5406
5454
5374
5280
5306
5468
5514
5444
5654
5654
5662
5764
5816
5884
5692
5768
5764
5742
5616
5674
5710
5760
5738
5760
5804
5854
5706
5754
5572
5562
5668
5668
5672
5862
5770
5796
5830
5858
5720
5808
5800
5720
5772
5742
5756
5868
5884
5812
5836
5868
5820
5864
5826
5774
5640
5602
5520
5414
5300
5446
5458
5388
5494
5290
5334
5314
5472
5550
5460
5512
5484
5454
5464
5402
5344
5322
5270
5208
5278
5204
5132
5144
5124
5188
5264
5200
5244
5200
5148
5258
5224
5354
5416
5404
5564
5542
5512
5580
5482
5462
5500
5664
5566
5668
5416
5314
5376
5336
5322
5332
5364
5448
5526
5536
5614
5732
5946
5774
5758
5708
5752
5766
5628
5556
5562
5614
5746
5966
6018
6198
6276
6244
6324
6298
6288
6198
6096
6086
6012
6010
5964
6006
6000
5892
5754
5718
5738
5842
5794
5806
5800
5686
5748
5800
5772
5742
5748
5888
5882
5958
5882
5760
5784
5772
5646
5684
5764
5812
5816
5820
5772
5614
5828
5822
5752
5736
5862
5992
5862
5796
5734
5736
5660
5720
5808
5796
5730
5692
5708
5770
5698
5598
5532
5476
5486
5582
5550
5492
5252
5356
5442
5506
5550
5536
5590
5460
5536
5506
5558
5514
5768
5672
5556
5492
5476
5534
5456
5376
5382
5346
