868
852
882
896
888
888
924
906
894
920
896
896
906
882
886
874
868
870
864
846
860
882
902
882
872
884
896
914
916
906
870
874
818
850
846
824
818
808
808
848
846
878
886
860
864
888
876
882
904
914
908
916
902
868
882
874
876
884
894
906
932
946
944
942
930
894
916
876
856
860
866
816
834
844
820
854
864
862
838
862
868
848
842
814
782
786
790
758
744
740
762
768
740
768
754
786
804
790
776
780
736
734
752
740
752
794
734
718
698
696
708
744
782
780
766
778
740
738
736
716
720
674
680
704
722
742
726
732
700
738
720
738
732
734
744
770
778
794
794
814
794
794
822
814
844
844
822
850
876
880
894
930
904
916
886
904
888
856
884
882
872
874
874
844
838
846
842
834
806
800
794
778
784
832
836
846
826
830
834
864
852
872
892
868
878
908
878
814
830
840
850
892
880
888
894
906
914
910
926
914
908
918
900
908
914
934
888
894
906
902
870
876
900
894
910
904
932
888
890
878
898
882
896
910
910
898
888
900
860
838
794
816
818
800
812
828
820
828
830
790
784
790
778
804
846
846
844
844
856
852
848
846
844
816
860
848
838
866
874
838
814
818
804
804
826
818
804
852
836
818
840
870
870
844
840
838
790
822
854
832
832
850
850
848
906
938
926
944
930
918
920
912
928
942
936
930
914
912
916
920
902
898
914
890
868
852
862
876
828
852
860
860
894
886
902
912
920
920
920
918
942
932
934
896
858
896
898
896
884
904
930
936
922
930
930
894
876
884
866
862
840
800
818
792
748
736
696
706
722
718
728
752
782
758
776
782
780
772
762
778
754
800
812
762
798
770
814
848
858
820
834
834
846
818
790
796
788
796
818
824
864
826
838
860
864
830
832
828
848
842
816
834
866
886
916
888
902
892
888
888
908
910
926
904
916
922
918
886
920
888
904
906
892
850
870
866
864
874
880
878
896
896
910
888
914
912
898
882
866
880
904
906
916
890
882
862
872
876
886
874
888
882
890
852
844
836
844
864
830
856
864
876
860
842
870
864
862
872
880
880
886
882
880
896
868
884
876
888
852
836
866
824
850
854
858
868
898
864
852
878
888
912
922
938
904
912
916
898
890
878
868
888
858
878
870
836
806
798
836
820
806
806
800
790
814
842
880
886
894
878
874
878
906
908
880
850
844
860
872
914
898
908
870
834
858
850
854
848
860
862
876
890
880
872
892
868
872
882
896
892
898
862
882
872
862
870
892
882
900
920
934
912
884
864
866
852
864
884
896
874
828
842
844
838
840
844
832
846
840
842
830
812
816
868
882
906
888
898
898
892
852
876
854
894
926
922
914
918
910
898
892
870
896
860
882
878
862
896
904
886
872
856
822
850
812
828
852
852
826
754
740
708
758
816
826
878
876
908
930
938
938
946
936
926
914
906
900
924
924
930
920
890
870
876
898
940
930
924
906
900
880
886
854
844
852
850
868
870
886
858
832
830
802
848
834
834
858
852
834
838
858
840
846
888
896
896
872
814
796
828
846
842
810
806
816
812
820
810
802
806
816
796
796
808
826
828
850
846
860
886
888
856
904
892
902
898
890
908
900
902
904
876
872
854
886
940
902
918
886
886
886
896
886
888
898
906
912
904
882
868
902
912
912
886
864
856
858
868
890
864
866
868
878
882
868
862
868
836
802
796
780
774
782
756
776
770
814
818
802
818
814
828
832
864
882
896
878
852
870
908
898
918
916
922
894
910
894
894
870
848
864
876
848
818
834
790
734
780
788
778
784
774
792
796
782
790
812
828
810
780
744
726
672
716
696
708
716
762
764
758
732
756
768
812
804
790
802
806
818
864
844
862
866
840
818
844
830
838
830
848
842
822
798
788
792
794
854
848
840
866
874
862
818
812
782
768
810
802
828
832
824
872
860
866
854
856
874
866
892
886
888
868
828
798
794
810
822
830
868
838
842
824
814
800
788
752
798
840
850
830
822
836
842
806
826
832
816
826
864
906
922
892
902
908
888
868
840
828
834
838
836
844
866
850
862
902
906
896
924
892
892
888
842
830
846
856
868
854
846
868
848
832
862
842
826
832
792
794
782
818
830
824
818
800
816
848
848
844
868
904
876
880
888
902
882
862
902
914
908
912
896
926
928
914
924
922
906
898
904
852
862
904
886
880
914
922
894
888
896
884
874
898
904
902
930
924
932
922
934
906
906
908
908
918
926
922
950
936
922
912
878
888
896
870
856
850
896
922
928
916
926
908
912
910
932
906
898
884
914
904
884
924
888
914
940
910
878
886
892
890
890
870
862
886
860
872
856
840
864
894
882
876
862
888
884
880
840
828
798
780
748
760
770
756
764
768
752
792
800
816
832
822
834
806
792
776
800
742
748
722
714
700
746
776
754
732
696
736
756
782
778
766
784
766
790
838
840
842
834
834
812
842
824
844
832
860
880
860
898
900
886
890
876
890
900
900
882
890
916
904
936
902
916
902
866
846
832
818
816
850
858
884
884
904
906
916
902
894
906
892
908
920
942
892
880
862
864
870
876
880
908
886
900
886
890
868
878
886
900
920
914
904
886
880
908
882
890
894
916
932
892
856
878
860
830
818
814
820
818
846
844
866
882
882
862
830
818
810
856
856
864
884
874
850
876
884
864
888
868
838
870
886
900
864
828
870
876
856
866
854
858
870
870
878
902
880
876
860
904
890
906
894
880
902
908
890
920
916
914
894
912
930
950
972
924
918
890
884
852
852
878
848
860
888
870
884
882
862
840
872
914
914
906
918
916
892
874
890
894
882
878
860
818
818
810
808
800
796
786
776
810
768
756
810
860
884
902
908
908
896
888
904
896
922
918
912
944
916
904
896
902
902
892
836
766
774
804
808
840
854
840
860
836
838
874
856
862
880
878
892
870
880
890
868
864
854
832
852
872
872
898
902
888
884
840
890
882
898
902
884
886
890
904
884
872
880
894
888
862
896
896
912
920
908
902
888
882
874
864
894
892
892
918
912
900
876
912
928
920
924
906
896
894
886
882
890
904
888
908
884
916
922
910
920
924
908
912
890
890
918
922
910
900
898
894
874
850
850
846
852
894
876
872
902
934
922
902
898
880
888
886
898
892
898
908
918
902
904
886
906
908
872
860
854
872
906
890
878
900
862
890
954
936
926
918
914
910
894
878
864
838
828
868
844
824
840
886
874
870
868
852
848
838
882
904
904
936
902
932
938
938
934
918
912
900
916
924
906
908
910
926
928
916
910
880
892
910
896
868
896
914
920
956
966
932
906
904
888
900
918
890
886
888
884
880
898
914
910
894
920
880
854
880
940
936
942
928
942
914
944
936
922
926
902
902
920
918
922
912
928
922
934
880
862
912
918
896
878
910
900
872
876
880
862
866
840
830
850
832
838
792
822
830
876
864
856
880
854
844
862
896
896
874
878
868
856
872
882
872
880
888
870
876
902
900
898
912
904
892
878
884
912
932
912
912
928
926
922
910
894
910
880
896
906
872
866
860
868
850
866
870
860
888
866
868
844
872
882
898
876
896
868
882
910
910
912
934
914
908
908
874
876
874
854
834
874
878
864
828
808
854
890
870
836
792
776
794
816
806
874
878
862
868
874
886
870
872
876
888
902
888
896
886
882
880
894
914
886
896
912
898
920
894
872
858
884
866
874
824
836
806
812
802
818
816
804
810
810
798
836
848
916
888
906
870
862
904
914
904
884
892
892
894
838
832
848
826
868
882
910
918
938
956
946
924
904
894
882
886
858
896
910
884
858
864
840
844
854
868
884
870
874
858
864
878
872
890
910
906
886
850
828
820
834
846
876
892
922
926
912
906
896
868
890
902
892
852
848
894
874
874
886
842
860
896
868
850
846
874
884
874
868
868
876
870
844
812
848
898
890
914
880
870
888
846
838
832
808
844
826
862
824
866
892
842
870
840
828
796
834
864
868
854
878
850
876
916
918
900
882
860
856
850
826
854
882
870
866
866
796
810
810
868
872
874
888
890
902
874
880
884
902
908
896
902
900
882
884
894
878
872
874
896
892
882
922
938
914
910
910
908
936
904
916
906
898
896
932
912
908
916
894
904
926
908
910
922
896
878
868
876
844
858
886
856
852
854
842
846
842
866
866
910
920
944
928
948
960
948
918
912
908
880
890
890
858
862
860
866
904
910
926
934
906
918
898
910
866
846
854
844
852
888
864
862
852
896
904
850
860
856
804
814
814
876
870
856
826
816
836
864
872
840
854
858
808
826
832
810
850
842
882
892
880
892
880
862
866
890
882
886
898
884
918
912
906
910
906
916
924
928
894
870
892
890
934
952
922
906
902
886
862
856
832
810
818
806
816
790
800
830
788
796
826
844
878
860
872
826
814
786
852
844
846
824
864
894
878
870
860
846
848
854
814
798
810
820
814
834
838
838
816
790
788
792
794
784
810
818
844
836
842
838
844
824
848
854
850
830
848
880
892
896
892
886
902
920
944
946
924
894
916
870
898
870
846
850
878
860
824
794
808
792
838
866
862
882
884
922
922
