3160
3246
3262
3138
3156
3150
3194
3250
3278
3236
3234
3250
3272
3278
3290
3290
3254
3248
3262
3270
3232
3338
3244
3294
3292
3272
3390
3418
3332
3396
3400
3422
3458
3500
3476
3430
3432
3424
3416
3494
3434
3468
3406
3350
3432
3340
3406
3390
3384
3416
3380
3414
3432
3408
3386
3352
3394
3400
3336
3400
3404
3410
3402
3352
3354
3330
3340
3396
3396
3356
3318
3378
3370
3322
3306
3354
3326
3320
3314
3340
3232
3286
3278
3246
3192
3232
3242
3244
3236
3158
3206
3258
3224
3228
3188
3128
3122
3156
3198
3172
3176
3256
3230
3216
3260
3252
3212
3196
3104
3200
3200
3200
3048
3050
3116
3026
3054
3090
3030
3032
3088
3080
3002
3032
3060
3122
3150
3122
3202
3182
3282
3196
3182
3196
3198
3232
3260
3218
3122
3182
3134
3238
3208
3112
3082
3078
3046
3136
3058
3084
3210
3244
3222
3156
3142
3158
3092
3146
3170
3182
3138
3166
3168
3094
3098
3098
3024
2980
3016
3032
3018
2992
3002
3074
3032
3078
3050
3062
3088
3092
3084
3182
3232
3210
3248
3252
3198
3176
3128
3132
3158
3116
3118
3108
3124
3094
3080
3052
3138
3204
3118
2994
2904
2960
3006
2918
2924
2952
2912
2926
2930
2972
2996
3004
2984
3012
3058
3018
3018
2934
2936
2956
2978
3024
3000
3008
2974
2916
2916
2916
2948
2938
3006
2978
2910
3046
3106
3124
3148
3150
3040
3002
2970
3036
3158
3120
3072
3080
3018
3080
3044
3040
3054
3048
2988
2976
3026
3022
3106
3166
3152
3118
3136
3060
3096
3126
3106
3006
3058
3022
3100
3110
3092
3140
3108
3048
3022
3046
2966
2944
2916
2838
2852
2924
3002
3012
3026
3038
3036
2958
2972
3052
3084
3066
3062
3092
3184
3200
3164
3162
3080
3062
2984
2962
3018
3064
3036
3022
3090
3082
3156
3142
3174
3122
3068
3054
3068
3004
2926
3002
2968
2964
2916
2906
2904
2928
2940
2888
2914
2962
2970
2958
2990
2918
2928
2920
2998
2998
3032
2982
2992
2978
2922
2906
2870
2868
2908
2920
3018
3060
3036
3072
3098
3024
2960
2904
2904
2942
2928
2874
2950
2950
2990
3020
3044
3022
3064
3078
3084
3050
3010
3052
3124
3116
3062
3092
3042
3088
3066
3110
3104
3116
3080
3010
2922
2946
2944
2994
2998
2968
2940
2966
2958
2966
2958
2996
2934
2970
2932
2864
2776
2810
2842
2842
2916
2856
2912
2876
2914
2822
2800
2766
2746
2708
2680
2802
2798
2832
2824
2766
2794
2740
2672
2690
2708
2640
2606
2656
2686
2664
2676
2602
2640
2506
2524
2614
2612
2610
2552
2642
2626
2660
2670
2716
2780
2808
2860
2948
2934
2888
2894
2874
2928
3012
3084
3030
3004
2940
2942
3038
3048
3060
3182
3182
3154
3102
3044
3010
2984
2976
3012
2934
2972
3024
3064
3026
3010
3076
3030
3150
3158
3094
3130
3102
3106
3192
3176
3200
3176
3116
3194
3078
3140
3204
3178
3172
3166
3134
3144
3158
3234
3178
3168
3184
3174
3174
3112
3054
3062
3048
3054
3058
3028
2996
3042
2992
2986
2986
2980
3086
3120
3094
3214
3240
3264
3220
3206
3114
3034
3082
3032
2968
2966
2974
3018
2964
3074
3010
3052
2968
3112
3074
3030
3096
3076
3110
3138
3078
3128
3194
3176
3250
3314
3312
3340
3338
3374
3348
3428
3434
3360
3440
3454
3516
3470
3390
3386
3466
3500
3466
3470
3502
3472
3416
3382
3362
3382
3382
3424
3444
3412
3410
3422
3478
3428
3382
3392
3412
3340
3214
3230
3296
3270
3274
3276
3228
3284
3326
3328
3416
3398
3424
3382
3280
3302
3266
3250
3226
3192
3086
3160
3198
3148
3180
3162
3148
3200
3188
3270
3256
3284
3342
3368
3404
3394
3498
3468
3450
3474
3428
3440
3488
3446
3490
3502
3526
3506
3494
3488
3456
3408
3368
3372
3290
3290
3238
3176
3256
3288
3258
3294
3380
3368
3180
3178
3174
3222
3178
3126
3178
3216
3248
3262
3332
3278
3186
3128
3150
3118
3138
3122
3182
3168
3116
3100
3074
3064
3028
3080
3166
3248
3274
3188
3224
3226
3196
3188
3090
3090
3130
3196
3222
3332
3336
3360
3392
3282
3286
3238
3216
3122
3234
3230
3138
3112
3160
3178
3136
3162
3238
3218
3176
3154
3180
3292
3254
3304
3324
3286
3210
3206
3230
3144
3144
3122
3122
3186
3290
3282
3250
3288
3218
3228
3270
3216
3152
3070
3086
3110
3118
3064
3052
3122
3160
3092
3116
3200
3162
3154
3174
3196
3266
3272
3186
3150
3140
3066
3086
3120
3010
3086
3040
3022
2958
3006
2974
2956
3002
3062
2992
2990
3004
2922
2918
2860
2810
2782
2734
2718
2728
2738
2696
2704
2708
2662
2662
2598
2618
2638
2666
2722
2738
2742
2620
2648
2584
2632
2672
2648
2680
2596
2654
2656
2636
2738
2776
2786
2772
2778
2654
2666
2630
2658
2628
2532
2566
2600
2594
2540
2558
2658
2696
2668
2606
2696
2578
2616
2684
2694
2654
2636
2676
2710
2622
2676
2616
2590
2640
2624
2692
2712
2698
2652
2656
2720
2766
2840
2768
2734
2768
2824
2842
2938
2972
3012
2982
2992
2998
3096
3036
2990
3046
3062
3050
2970
2990
2990
2972
3064
3114
3130
3132
3156
3130
3126
3074
2976
2938
2990
2904
2892
2910
2936
2922
2994
2992
3036
3086
3044
3120
3126
3090
3094
3094
2986
3046
3062
3062
3124
3044
3112
3028
3040
3078
3106
3016
3046
3054
3164
3252
3256
3332
3260
3260
3218
3188
3194
3260
3312
3358
3312
3314
3284
3294
3240
3268
3266
3270
3250
3282
3274
3350
3342
3234
3206
3222
3180
3154
3142
3128
3128
3044
3174
3164
3258
3262
3160
3196
3226
3230
3136
3116
3142
3156
3146
3108
3136
3198
3220
3188
3208
3124
3188
3174
3190
3190
3132
3166
3172
3108
3132
3066
3018
2974
3008
2942
2956
2972
2992
2908
3104
3192
3206
3102
3076
3064
3008
3002
2940
2894
2946
2962
2928
2878
2914
2888
2952
2892
2868
2870
2828
2856
2980
3020
3146
3200
3180
3104
3116
3198
3168
3182
3200
3150
3098
3106
3090
3066
2972
2932
2900
2758
2768
2768
2820
2802
2924
2892
2914
2846
2880
2926
2964
3040
3092
3124
3122
3032
3026
2964
2974
2898
2972
2898
2900
2892
2860
2950
2936
2962
3010
2980
3024
3098
3090
3126
3202
3224
3236
3230
3168
3188
3204
3246
3278
3288
3352
3346
3306
3362
3274
3396
3396
3342
3254
3300
3282
3242
3160
3196
3206
3254
3202
3222
3318
3332
3380
3282
3330
3238
3236
3254
3202
3242
3236
3320
3370
3320
3344
3362
3328
3348
3370
3462
3364
3382
3462
3394
3406
3420
3434
3456
3456
3436
3412
3454
3490
3458
3476
3464
3458
3514
3562
3530
3462
3440
3346
3352
3394
3396
3392
3306
3222
3278
3280
3258
3218
3216
3236
3136
3160
3196
3170
3198
3270
3274
3268
3270
3360
3314
3412
3408
3358
3366
3328
3236
3220
3210
3220
3168
3178
3294
3248
3214
3192
3182
3180
3164
3214
3190
3114
3142
3126
3208
3218
3194
3174
3204
3258
3238
3216
3160
3202
3286
3290
3222
3188
3218
3130
3150
3204
3116
3066
3044
3044
3030
3082
3010
3026
3100
3096
3150
3198
3090
3120
3072
3054
3084
3088
3032
3076
3064
3042
3016
3004
2950
2980
2980
2954
2924
2986
3014
2900
2936
2862
2924
2972
2918
2992
2978
3012
3056
3034
3030
2990
3024
2954
2904
2836
2906
2860
2826
2808
2852
2906
2892
2894
2816
2868
2762
2782
2816
2836
2816
2840
2782
2768
2732
2642
2636
2616
2614
2804
2826
2836
2866
2902
2926
2952
2970
2918
2916
2792
2774
2698
2672
2692
2782
2806
2868
2832
2892
2842
2916
2956
3012
3012
3026
2952
2992
3068
3068
2992
2908
2906
2900
2860
2888
2934
2922
2866
2806
2858
2890
2978
2970
2968
2990
3090
3058
3030
3048
3034
3110
3074
3094
3118
3202
3122
3082
3134
3116
3130
3074
3038
3088
3036
3060
3004
3054
2962
2864
2900
2976
2938
3094
3060
3060
3090
3104
3106
3058
3040
3030
3066
3024
3022
2900
2834
2896
2886
2816
2728
2742
2816
2842
2854
2866
2838
2816
2816
2804
2770
2778
2768
2768
2760
2692
2756
2730
2662
2688
2670
2602
2658
2630
2616
2498
2542
2488
2484
2458
2466
2464
2518
2576
2616
2562
2526
2450
2382
2400
2396
2374
2358
2362
2384
2366
2372
2298
2284
2362
2256
2244
2246
2182
2138
2144
2176
2112
2210
2282
2250
2192
2086
2046
2034
2070
2120
2128
2188
2216
2130
2184
2152
2136
2146
2192
2222
2230
2278
2272
2292
2248
2298
2186
2184
2304
2282
2254
2316
2204
2190
2170
2270
2412
2398
2336
2286
2188
2176
2252
2292
2278
2186
2162
2150
2048
2176
2188
2244
2288
2288
2210
2190
2206
2152
2154
2224
2246
2236
2272
2218
2178
2224
2226
2196
2166
2206
2196
2226
2240
2310
2368
2390
2348
2366
2344
2294
2268
2344
2352
2366
2416
2386
2276
2268
2320
2394
2306
2266
2288
2278
2364
2394
2378
2338
2374
2352
2364
2354
2406
2336
2298
2348
2266
2204
2178
2222
2202
2172
2136
2164
2146
2236
2330
2350
2448
2364
2292
2308
2338
2310
2288
2354
2410
2336
2318
2322
2278
2338
2340
2352
2364
2458
2462
2586
2580
2608
2494
2568
2512
2476
2562
2508
2590
2568
2612
2688
2744
2736
2680
2612
2650
2600
2660
2662
2616
2626
2678
2656
2576
2618
2566
2624
2568
2546
2496
2448
2514
2516
2520
2460
2492
2448
2434
2410
2498
2418
2388
2440
2370
2370
2418
2430
2452
2576
2516
2504
2438
2424
2398
2508
2490
2534
2610
2674
2656
2668
2768
2698
2704
2756
2760
2744
2756
2766
2742
2756
2634
2586
2516
2586
2556
2640
2628
2594
2576
2612
2578
2636
2534
2578
2500
2536
2556
2574
2524
2560
2478
2518
2502
2510
2590
2628
2610
2650
2594
2546
2594
2736
2764
2740
2700
2784
2816
2746
2838
2772
2752
2812
2862
2834
2808
2764
2762
2742
2714
2750
2720
2718
2700
2748
2786
2816
2888
2846
2782
2824
2828
2808
2850
2804
2756
2774
2820
2772
2762
2828
2896
2836
2834
2888
2962
2964
2998
2896
2924
2880
2924
2904
2830
2892
2844
2882
2764
2750
2794
2738
2800
2860
2886
2856
2962
2874
2826
2814
2808
2894
2892
2878
2840
2842
2810
2832
2744
2832
2874
2786
2784
2824
2778
2696
2674
2700
2648
2642
2652
2656
2626
2630
2680
2736
2672
2628
2660
2664
2596
2554
2560
2504
2582
2574
2632
2630
2648
2684
2684
2732
2660
2626
2634
2632
2722
2758
2816
2820
2776
2772
2732
2754
2740
2704
2666
2664
2686
2636
2640
2566
2418
2502
2500
2526
2580
2520
2516
2614
2630
2590
2544
2586
2640
2624
2642
2632
2630
2658
2600
2682
2792
2776
2750
2766
2858
2852
2886
2944
3000
3070
3008
3010
3044
2950
2998
3020
3048
2988
2958
2926
2946
2974
2916
2920
2946
3016
3008
2962
2976
2954
2948
2968
2944
2898
2914
2986
3034
3028
2942
2916
2840
2880
2878
2932
2908
2838
2716
2698
2734
2648
2696
2660
2638
2650
2684
2608
2622
2568
2514
2502
2598
2536
2498
2420
2278
2264
2234
2164
2220
2228
2256
2318
2392
2440
2368
2406
2412
2402
2488
2500
2586
2556
2478
2502
2558
2636
2712
2748
2744
2694
2706
2778
2790
2712
2754
2746
2832
2830
2932
2936
2922
2898
3018
3052
3084
3146
3146
3112
3078
3042
3126
3116
3170
3218
3162
3204
3172
3196
3198
3220
3220
3160
3150
3190
3226
3152
3206
3200
3160
3182
3178
3204
3234
3182
3162
3174
3166
3148
3148
3162
3146
3170
3138
3160
3106
3138
3134
3268
3294
3276
3236
3254
3236
3232
3164
3238
3308
3276
3258
3266
3254
3280
3242
3142
3162
3150
3080
3068
3064
3052
2986
3046
3092
3044
3024
3028
2998
2982
2924
2948
2990
3016
3050
3072
3048
3134
3060
2992
2998
3002
2972
3030
3112
3120
3098
3162
3152
3146
3036
3014
3014
