46
62
42
40
82
88
108
166
258
262
332
362
378
412
406
372
346
380
388
426
432
372
368
376
418
414
360
354
316
352
290
306
332
286
310
402
420
382
438
440
416
420
412
410
338
346
306
264
312
286
262
260
306
372
412
418
408
340
350
348
370
342
302
252
218
192
210
222
158
232
306
292
282
308
288
316
276
238
250
278
206
182
166
188
234
212
226
268
266
286
302
338
304
296
328
330
344
332
354
290
248
250
302
288
238
282
332
286
288
260
212
208
194
204
186
174
172
164
162
138
124
146
194
182
226
262
220
204
172
166
256
248
158
82
46
72
64
90
50
46
46
86
66
0
14
28
72
50
40
10
6
6
24
20
8
18
8
0
48
32
12
16
0
18
38
8
8
8
26
60
32
66
62
74
94
156
144
146
72
102
80
48
74
74
40
100
88
124
128
98
110
104
146
136
148
120
136
220
220
202
156
172
170
50
94
162
120
50
40
142
224
262
230
232
270
342
356
374
370
352
350
354
370
312
372
336
318
312
282
282
332
254
242
254
236
200
108
92
56
54
16
58
84
92
88
94
82
116
118
172
160
136
128
128
146
216
192
296
290
284
234
218
176
164
188
150
172
188
164
124
116
150
100
58
88
90
108
142
148
154
160
150
122
72
50
82
106
150
158
154
158
128
176
120
88
32
62
116
54
2
50
18
24
44
56
96
50
22
42
56
82
64
58
60
34
38
38
84
84
106
138
160
128
148
182
182
204
244
246
210
160
210
172
170
172
198
264
248
262
246
204
180
166
224
174
176
152
122
196
180
140
134
100
116
118
140
182
118
78
100
106
126
128
130
140
122
116
116
128
174
130
84
90
88
116
102
128
188
152
116
146
146
126
162
96
54
6
56
48
114
88
12
50
10
16
40
26
6
6
16
8
20
0
42
2
64
72
110
76
112
122
78
64
130
50
2
8
100
132
138
176
182
236
184
110
132
126
134
120
188
248
256
240
208
242
230
212
176
178
186
150
148
106
102
112
136
156
160
148
146
160
120
110
132
144
178
210
120
106
48
96
34
80
142
218
234
252
224
186
256
328
312
304
294
270
244
282
304
232
188
120
108
74
86
84
108
122
134
72
184
136
88
94
88
88
154
214
184
154
176
190
212
196
206
178
196
166
150
158
162
136
94
82
58
48
46
110
70
2
76
86
84
94
102
92
94
66
24
16
26
42
20
60
42
82
108
86
92
112
116
146
148
94
60
44
96
54
12
8
36
16
54
58
94
170
166
148
144
88
132
158
174
140
92
128
190
220
232
224
222
242
298
332
350
324
318
312
288
194
148
256
332
298
306
284
256
282
288
292
256
258
298
272
270
362
366
326
300
368
326
392
398
408
384
352
428
384
386
406
398
442
444
458
468
450
492
568
622
578
570
592
546
520
542
506
476
488
474
472
462
426
444
444
446
512
542
514
578
576
588
574
618
528
508
458
434
414
424
392
404
380
332
320
286
310
330
334
414
374
362
294
314
270
184
182
216
202
188
236
284
252
270
272
268
196
196
148
168
160
136
154
172
144
204
200
184
144
152
166
144
152
184
168
134
82
166
148
160
166
144
132
158
132
136
176
152
106
144
122
138
74
54
18
2
46
64
24
54
92
90
2
6
14
26
4
30
8
40
106
56
46
48
60
30
54
60
86
118
130
74
124
72
64
82
126
126
76
142
176
190
180
220
240
200
162
168
172
166
134
186
200
96
96
112
132
112
160
100
92
88
134
184
186
140
184
220
172
174
174
174
160
236
248
316
300
274
278
252
246
274
296
278
240
230
192
224
250
238
230
218
180
112
48
16
32
16
20
12
40
2
56
42
46
100
114
140
118
86
104
126
114
132
132
172
154
186
134
126
128
136
86
106
156
206
222
246
240
222
270
298
284
270
308
352
316
284
294
274
262
266
250
244
266
282
258
272
256
238
244
286
238
262
324
404
408
342
332
332
324
288
318
318
302
310
290
340
378
386
392
434
402
328
318
314
312
270
204
256
240
254
250
208
166
182
142
100
124
102
128
146
180
178
172
176
102
88
88
102
110
188
186
248
234
218
220
172
174
204
234
226
186
148
174
176
246
242
238
250
276
240
236
168
160
116
142
148
178
198
250
212
202
224
306
290
254
220
224
214
232
196
228
242
228
260
210
254
314
308
272
280
284
300
342
284
252
230
236
194
252
224
268
284
280
238
256
242
242
144
208
190
226
308
296
302
322
340
354
380
274
310
330
344
358
366
394
382
386
324
282
238
278
222
216
236
148
146
152
180
180
156
128
128
130
128
156
212
190
176
226
286
322
314
350
334
326
404
376
366
330
244
236
194
214
170
188
198
162
186
218
228
168
182
182
236
222
202
222
210
206
232
284
356
300
254
266
274
320
270
224
192
238
228
276
234
156
130
130
116
144
112
134
160
102
90
86
28
16
50
2
26
12
6
24
60
44
54
70
106
132
118
64
30
2
18
52
106
42
16
4
36
14
48
42
72
84
84
100
128
122
128
84
36
54
38
70
36
58
44
8
22
12
44
28
4
28
34
4
2
34
106
100
112
110
114
82
162
140
210
252
202
240
298
264
288
330
314
290
338
326
286
268
266
280
288
300
314
314
290
272
292
238
222
196
174
202
160
182
226
228
254
264
252
304
304
284
310
290
302
318
296
326
410
394
426
430
466
454
440
466
450
472
494
498
422
388
428
412
484
456
460
430
424
452
420
436
422
436
470
498
484
494
492
474
458
426
376
360
402
466
420
426
486
496
484
450
420
456
478
450
394
426
422
408
380
322
314
294
318
324
304
320
320
294
368
336
354
366
324
344
258
270
292
338
354
342
314
358
330
308
372
358
346
352
358
358
376
348
344
374
340
362
416
434
446
414
442
398
390
352
302
316
314
366
396
400
394
394
376
378
356
354
342
386
384
334
300
304
312
272
342
346
318
326
352
264
220
222
206
152
186
178
196
210
194
182
134
166
184
180
194
184
180
130
164
196
166
168
126
82
56
46
2
24
44
20
8
12
38
8
52
24
12
40
16
18
14
2
6
6
2
14
20
16
70
24
50
72
100
90
36
24
38
14
18
8
54
52
82
122
136
114
122
144
122
120
122
76
116
104
112
116
36
14
44
0
26
50
14
38
30
2
52
44
70
54
106
122
108
68
108
82
110
192
182
202
208
180
184
156
178
150
138
170
190
242
248
256
210
256
248
160
142
182
220
206
190
148
144
130
150
148
202
186
204
214
220
262
310
298
290
234
286
266
182
278
314
318
328
348
352
366
372
350
374
442
392
416
420
436
408
376
388
366
326
350
370
358
316
364
310
308
244
244
268
294
316
286
326
382
360
386
414
376
346
276
264
302
260
264
284
296
274
344
338
326
370
354
408
422
418
382
376
384
422
394
340
352
328
346
356
342
408
398
378
374
334
362
350
318
308
224
236
208
212
190
186
202
172
176
182
194
232
184
160
140
180
196
190
170
110
104
102
82
94
76
20
34
28
26
54
20
12
46
22
50
22
64
2
6
24
10
34
44
62
16
26
4
24
28
88
54
56
58
48
28
20
8
16
48
84
2
46
46
66
8
16
44
2
40
4
32
38
22
28
42
40
72
64
56
40
60
114
110
96
28
4
4
18
102
102
78
90
118
120
156
142
124
80
68
76
22
46
32
14
72
102
84
70
62
2
22
10
66
94
134
110
122
28
14
40
66
70
86
98
88
124
170
172
158
104
90
48
24
86
108
96
112
34
46
38
2
52
62
22
38
22
66
16
20
32
70
90
64
82
72
74
68
60
36
34
98
72
122
118
134
116
162
170
198
220
246
228
168
176
206
192
144
160
216
222
228
180
162
156
170
156
132
166
96
88
128
98
64
82
76
86
48
54
20
6
14
0
2
44
66
24
36
10
16
24
100
132
172
148
152
164
148
188
250
276
254
260
328
300
300
212
178
110
160
212
126
114
136
64
54
108
88
106
100
142
198
224
206
220
228
234
290
336
354
340
364
342
318
260
236
282
310
312
298
316
362
344
344
320
320
342
362
316
380
350
332
350
346
296
260
344
328
356
416
418
442
446
420
422
426
398
442
402
424
398
412
386
366
398
412
380
402
458
488
482
478
510
506
442
410
430
454
466
406
398
350
328
316
344
322
348
318
272
230
242
242
264
340
404
394
448
406
398
424
390
406
410
328
340
294
300
268
268
284
272
350
420
378
328
310
292
288
326
376
384
374
396
404
428
456
452
468
474
454
448
420
420
418
398
410
314
314
340
362
318
370
328
360
320
286
244
232
226
244
316
308
326
388
354
316
322
306
366
348
336
308
208
192
214
180
128
136
88
76
94
104
110
142
156
144
160
216
208
272
290
290
314
336
292
310
356
360
404
404
382
406
432
434
422
464
436
428
376
316
332
396
364
336
284
244
288
302
312
322
332
322
276
248
292
286
320
372
352
348
352
298
308
248
256
278
240
242
146
178
186
172
188
264
250
218
252
264
292
256
294
292
346
364
352
348
336
350
354
356
338
