772
852
896
804
826
806
860
860
934
888
826
826
840
780
702
590
632
626
682
662
646
682
752
654
654
612
478
552
586
506
588
660
610
630
586
656
686
726
702
782
852
898
946
854
800
792
790
700
724
790
874
920
882
926
980
1052
1084
1120
1170
1138
1172
1184
1234
1088
1082
1200
1070
1008
988
982
1050
1012
1024
1000
1054
1150
1126
1116
1016
988
1020
1040
982
1006
1052
1032
974
980
966
1000
922
910
848
824
750
764
732
592
692
692
656
728
602
592
736
868
852
988
1048
1004
1074
1222
1238
1148
1022
1028
1088
1016
1002
1080
1090
1046
1080
980
994
910
862
948
1028
916
950
938
900
944
926
798
764
728
752
802
706
750
762
796
884
916
1050
1088
1086
1250
1146
1144
1204
1166
1234
1234
1196
1284
1360
1436
1456
1448
1472
1434
1534
1548
1562
1412
1350
1170
1270
1274
1316
1280
1364
1294
1240
1312
1330
1280
1132
1126
1076
1100
1152
1046
1010
1066
1048
1048
1026
1154
1232
1118
1214
1192
1220
1106
1038
1080
1078
1178
1244
1336
1276
1184
1068
1024
1062
1092
1142
1158
1194
1110
1088
1008
990
992
972
1018
1000
964
944
984
972
860
794
808
784
678
688
786
818
730
752
786
852
904
842
814
766
820
936
938
1018
1092
1076
1100
1130
1122
1078
1070
970
1026
1000
918
1004
1030
1090
958
932
918
1052
1076
1096
916
994
936
834
828
872
846
886
838
958
962
924
932
958
914
878
1064
1124
1198
1194
1254
1176
1152
1258
1252
1260
1230
1276
1238
1280
1222
1218
1224
1096
1090
1060
1144
1136
1060
1190
1090
1060
1088
1130
1196
1122
1164
1210
1168
1152
1198
1240
1238
1296
1332
1242
1242
1278
1236
1210
1154
1190
1194
1136
1116
1024
934
996
1026
970
982
1010
1138
1138
1192
1180
1190
1102
1084
1104
1078
1066
1188
1132
1112
1094
1214
1270
1310
1236
1220
1172
1264
1366
1232
1222
1146
1172
1078
1092
1124
1054
1098
1092
1056
1082
1020
1074
1116
1214
1248
1280
1182
1218
1104
1202
1232
1154
1128
1164
1168
1200
1208
1172
1288
1252
1268
1268
1366
1258
1222
1334
1366
1258
1196
1052
1032
1164
1140
1226
1330
1414
1416
1370
1370
1390
1424
1400
1332
1338
1376
1510
1436
1512
1530
1484
1516
1384
1434
1364
1366
1382
1416
1510
1536
1518
1558
1494
1482
1484
1514
1546
1544
1548
1520
1454
1376
1452
1434
1476
1422
1462
1426
1452
1394
1290
1334
1372
1358
1424
1392
1414
1340
1218
1270
1302
1302
1266
1280
1232
1358
1390
1438
1376
1382
1384
1298
1350
1358
1242
1186
1192
1122
1158
1204
1200
1158
1230
1316
1304
1326
1294
1262
1312
1264
1382
1254
1320
1314
1226
1254
1278
1354
1356
1284
1254
1184
1278
1428
1452
1500
1474
1524
1572
1640
1610
1636
1620
1498
1490
1490
1500
1612
1610
1650
1580
1504
1528
1512
1460
1422
1442
1380
1378
1420
1318
1362
1264
1310
1158
1206
1186
1210
1168
1148
1154
1202
1196
1252
1150
1140
1066
1018
1022
1008
994
960
1030
990
1004
1088
1136
1140
1126
1050
1050
1060
1104
1132
1156
1096
1172
1130
1194
1086
1032
1054
1084
1186
1198
1216
1210
1140
1242
1232
1220
1186
1182
1174
1266
1272
1232
1284
1328
1360
1430
1380
1354
1344
1358
1380
1300
1368
1378
1356
1388
1476
1414
1382
1310
1236
1310
1302
1412
1398
1486
1508
1436
1486
1480
1502
1494
1402
1394
1582
1542
1454
1376
1468
1398
1428
1336
1336
1304
1336
1352
1302
1252
1232
1280
1322
1304
1322
1382
1294
1280
1338
1286
1372
1394
1386
1552
1562
1638
1568
1634
1628
1574
1446
1420
1462
1494
1396
1330
1398
1316
1334
1416
1342
1342
1292
1256
1246
1324
1330
1346
1406
1408
1386
1284
1338
1352
1352
1212
1210
1216
1136
1226
1220
1050
1046
1060
908
924
1010
1044
1084
1150
1102
1152
1084
884
822
862
908
916
924
974
1000
1062
1048
1040
1006
1078
974
1026
1152
1170
1164
1172
1214
1158
1246
1170
1054
994
1018
918
956
980
960
1014
1062
1044
1030
1006
1028
1064
1128
1130
1114
1106
1160
1096
1104
1218
1210
1154
1130
1118
1040
1014
958
940
944
930
978
1006
1058
1080
1116
1118
1092
1098
1018
1048
1050
1054
1232
1274
1272
1320
1290
1316
1292
1322
1222
1320
1304
1300
1282
1268
1208
1236
1142
1174
1256
1216
1350
1312
1290
1248
1280
1354
1388
1300
1228
1252
1138
1234
1348
1392
1316
1282
1168
1120
1190
1088
1068
918
1062
1174
1056
1146
966
972
964
1006
964
1042
1044
984
910
994
974
926
808
766
704
640
718
890
804
776
718
642
758
714
746
852
886
958
930
1020
836
860
836
948
982
860
936
994
868
824
874
892
838
844
762
650
644
652
782
736
762
850
802
752
772
734
794
854
962
920
846
846
908
878
826
930
868
760
788
786
770
718
652
770
866
764
706
810
680
680
726
698
638
556
532
518
538
476
390
482
390
534
594
548
644
388
370
314
294
304
354
398
406
454
462
370
324
380
494
490
456
404
338
356
332
336
410
398
394
428
510
582
716
890
894
1000
936
940
918
896
836
854
1042
1038
1026
1074
1104
978
920
1032
1018
1034
1106
1018
1030
964
990
968
1058
1024
1010
902
892
946
970
1020
962
982
1056
1030
1062
1082
942
964
948
1014
970
986
994
966
1074
1046
982
1012
1052
1060
1004
1110
1232
1198
1220
1270
1196
1210
1208
1244
1252
1210
1198
1260
1170
1274
1276
1276
1224
1234
1126
964
922
884
888
940
898
822
838
792
742
688
650
658
592
586
582
544
436
424
362
444
390
540
470
464
418
392
366
404
336
244
300
186
168
182
76
106
102
166
66
136
134
72
144
34
62
112
178
266
250
352
320
332
320
418
432
462
394
332
388
344
430
416
406
448
444
448
462
596
546
576
546
524
538
580
542
562
598
608
686
640
586
614
564
466
516
524
474
536
564
588
566
492
414
416
514
384
374
388
418
388
384
396
450
538
588
582
504
572
738
760
766
804
876
878
880
816
722
716
674
624
538
432
380
532
546
604
554
462
510
572
456
450
416
482
482
512
594
688
778
752
690
592
642
584
580
628
628
710
622
644
720
758
746
828
802
734
654
538
446
478
496
522
544
436
400
514
510
528
572
476
458
510
484
636
698
678
668
710
710
636
648
654
620
768
750
692
672
676
626
746
768
772
836
784
762
816
792
754
804
938
848
858
848
792
746
756
670
722
616
676
582
518
594
670
646
686
598
550
484
380
388
498
452
446
540
546
620
488
504
442
420
438
476
562
508
446
438
414
388
472
468
478
544
480
452
412
440
484
442
512
522
610
558
574
484
458
484
476
506
550
460
396
450
634
698
714
658
568
634
672
662
548
624
592
614
684
656
762
712
786
714
696
650
618
658
744
724
764
756
848
892
936
1036
990
996
988
962
964
922
916
862
854
930
1026
994
908
980
1110
1030
1088
1168
1260
1318
1270
1210
1308
1314
1460
1480
1428
1470
1498
1434
1466
1410
1394
1472
1476
1326
1358
1348
1322
1372
1384
1376
1460
1328
1318
1474
1590
1434
1500
1434
1338
1484
1576
1626
1558
1590
1598
1676
1708
1602
1650
1588
1546
1590
1574
1618
1604
1494
1514
1558
1538
1614
1572
1510
1482
1534
1572
1510
1604
1622
1530
1562
1560
1522
1456
1428
1390
1370
1332
1334
1476
1390
1484
1504
1556
1488
1438
1366
1220
1220
1290
1150
1144
1262
1254
1196
1152
1046
992
934
996
1002
1066
1048
1012
1022
896
838
746
676
656
550
620
562
564
580
562
392
294
344
302
418
456
440
388
396
518
512
628
612
740
634
574
604
640
700
672
700
656
696
626
570
640
654
726
740
782
838
888
862
924
880
964
1016
1032
1124
1156
1082
1090
1044
1084
1054
1148
1128
1058
1102
1148
1170
1104
1044
948
996
872
892
844
812
770
720
756
756
834
794
820
768
722
694
694
706
778
734
772
782
906
1010
1058
1036
1016
978
980
1062
1116
1068
1170
1126
1168
1082
1058
1082
1024
1084
1042
1066
1004
1068
1106
1016
990
1118
1164
1206
1266
1366
1402
1488
1608
1580
1628
1624
1604
1620
1498
1524
1496
1494
1496
1556
1530
1406
1426
1506
1528
1564
1538
1514
1562
1680
1622
1680
1652
1578
1710
1608
1576
1478
1424
1434
1490
1474
1464
1444
1508
1544
1498
1606
1566
1612
1652
1570
1538
1458
1578
1630
1652
1644
1610
1466
1490
1476
1356
1316
1342
1330
1302
1224
1250
1296
1354
1262
1326
1276
1232
1276
1360
1316
1270
1176
1178
1196
1242
1262
1296
1322
1352
1484
1558
1446
1424
1470
1484
1542
1598
1602
1710
1778
1782
1818
1788
1764
1680
1724
1792
1868
1886
1806
1738
1636
1706
1876
1854
1844
1930
1860
1878
1898
1946
1986
2062
2104
2062
2036
2024
1950
1894
1926
1960
2006
2100
2112
2242
2140
2134
2120
2090
2068
2070
2132
2140
2018
1974
2008
1920
1820
1784
1878
1798
1768
1758
1788
1844
1776
1704
1770
1694
1642
1516
1536
1574
1504
1484
1494
1424
1494
1430
1574
1630
1670
1630
1570
1590
1606
1632
1604
1552
1546
1708
1718
1592
1536
1448
1486
1424
1334
1306
1170
1046
928
850
874
916
854
900
946
1024
1036
1012
976
920
954
900
960
966
854
782
804
912
942
918
950
884
904
940
962
852
834
846
868
826
812
746
796
752
680
592
588
536
598
550
608
696
716
796
710
736
732
832
832
942
866
756
826
852
736
738
756
698
666
510
610
586
654
636
688
842
930
966
946
946
1012
960
976
926
934
924
956
902
912
896
720
830
898
930
926
926
868
884
864
942
966
1110
1214
1190
1180
1160
1170
1176
1180
1134
1090
1120
1076
1052
1058
1050
1062
1094
1028
1094
1158
1168
1194
1204
1184
1240
1226
1366
1364
1366
1276
1290
1308
1232
1164
1158
1126
1098
1112
960
942
1036
1056
1182
1204
1240
1272
1296
1220
1214
1228
1194
1246
1260
1302
1326
1232
1278
1412
1476
1426
1480
1356
1330
1266
1224
1294
1306
1332
1324
1256
1256
1324
1338
1318
1268
1240
1256
1174
1190
1158
1134
1266
1242
1298
1426
1422
1518
1558
1578
1686
1720
1818
1874
1912
1828
1882
1804
1924
1834
1776
1794
1718
1688
1588
1592
1610
1590
1672
1648
1584
1492
1298
1356
1362
1290
1234
1206
1128
1146
1086
1116
1170
1290
1208
1224
1084
1080
1076
1032
1014
1046
998
932
914
862
700
648
718
654
676
588
688
724
764
814
914
1038
1002
1080
1128
1180
1028
990
944
988
922
884
766
768
710
794
802
878
976
972
976
984
980
1000
994
1092
1038
1014
960
978
962
958
1038
1148
1158
1218
1142
1150
1210
1212
1178
1198
1164
1204
1226
1196
1116
