690
694
708
696
660
594
600
610
636
654
670
670
656
676
700
720
766
744
730
750
732
762
790
776
756
728
712
684
710
708
694
714
734
760
794
758
802
806
824
836
820
836
824
780
782
840
850
862
860
876
854
872
824
824
808
790
796
818
812
858
844
796
780
808
832
844
836
820
746
750
732
756
748
746
780
778
772
798
772
772
770
738
738
712
716
734
706
716
750
742
738
766
804
816
808
830
864
864
880
848
824
814
834
812
780
796
812
822
826
784
748
742
756
822
822
834
808
792
814
856
866
868
882
862
854
860
812
832
820
796
826
806
742
738
732
760
748
778
786
790
792
790
798
806
772
830
824
790
786
770
814
810
828
884
900
900
906
914
904
870
880
884
894
856
858
870
876
858
848
846
826
834
848
806
756
776
792
780
770
796
794
792
816
814
840
838
844
818
782
810
774
756
760
762
806
856
854
854
850
902
912
916
930
930
906
886
850
848
806
784
786
764
774
784
796
808
782
786
800
832
818
858
846
814
790
836
836
810
794
828
824
888
876
888
878
884
882
850
872
874
850
832
830
826
832
760
806
744
782
792
780
780
776
776
740
758
750
750
758
788
816
794
838
840
832
840
806
814
856
862
836
826
818
838
806
802
814
766
722
732
766
772
758
742
786
776
762
756
768
780
818
786
810
776
762
784
792
802
782
742
728
742
726
764
754
702
704
730
694
682
720
694
708
674
636
650
700
712
726
724
722
732
674
716
692
732
704
670
616
614
618
560
554
564
550
584
546
546
524
558
532
484
512
526
530
506
520
514
536
532
522
530
558
536
550
542
546
554
576
566
510
532
552
532
544
554
602
582
576
524
526
516
530
520
534
562
568
560
574
570
596
590
602
600
672
686
672
662
668
710
754
792
802
774
794
748
754
784
730
782
746
734
730
720
702
684
722
722
738
722
714
724
698
702
720
706
722
718
714
712
690
716
728
776
770
756
810
772
792
800
826
832
794
766
790
840
814
838
784
796
846
858
856
860
838
832
832
836
816
790
788
754
740
696
664
662
708
734
696
740
720
734
728
710
716
740
752
762
774
812
822
804
794
794
808
818
800
818
818
816
834
806
776
754
774
750
770
800
798
818
814
804
804
820
856
862
818
838
858
884
910
860
854
870
858
848
878
852
856
842
852
820
824
802
832
818
828
810
776
822
832
792
818
802
796
804
782
758
798
798
796
834
822
780
790
834
810
836
844
814
798
794
784
788
802
828
758
778
744
720
782
794
786
782
760
744
722
722
728
742
752
730
702
652
658
668
688
756
788
766
728
702
684
692
684
720
764
762
808
780
822
788
778
788
800
766
752
766
800
792
826
810
828
802
800
844
822
774
782
800
748
734
754
772
756
798
838
810
796
822
812
846
866
874
888
866
880
882
882
844
868
866
908
890
930
872
854
828
842
840
822
816
808
810
818
838
848
858
826
842
868
882
888
886
862
896
852
824
834
812
840
846
848
828
808
796
776
772
754
800
798
784
760
788
792
810
808
830
808
776
768
782
784
766
784
780
754
764
744
750
792
816
816
814
836
818
814
776
786
800
780
778
778
750
794
826
834
826
810
828
834
824
776
748
714
716
728
702
728
762
748
738
722
746
696
726
734
746
744
718
758
784
748
734
756
784
800
778
788
788
808
822
808
826
750
730
784
778
784
800
796
788
794
802
812
750
726
732
764
770
802
808
794
774
784
780
756
756
770
800
786
760
758
734
752
756
808
816
808
834
848
792
764
766
782
808
788
742
752
764
784
794
802
814
800
762
738
746
744
730
686
682
692
654
666
640
658
650
674
658
626
656
646
636
608
600
608
590
582
634
616
530
566
576
558
558
532
544
514
502
552
542
562
590
562
570
560
550
580
582
520
568
556
536
532
516
472
540
568
586
574
576
600
590
584
624
600
556
570
564
584
562
580
576
568
550
594
610
620
624
638
690
752
782
808
752
770
752
778
762
770
804
846
840
842
790
832
830
810
826
818
794
790
812
822
854
878
860
910
874
852
872
900
904
920
882
892
824
814
826
826
852
904
896
858
840
796
772
762
736
776
778
740
748
742
730
730
754
784
768
760
776
816
788
764
736
740
724
716
740
750
726
710
708
716
706
716
706
720
706
748
744
722
698
714
740
738
734
776
768
752
706
708
678
682
674
680
690
746
752
812
800
768
782
778
718
740
732
706
712
698
726
744
740
748
718
696
718
708
730
724
696
746
750
758
794
764
796
800
780
822
810
790
818
792
792
804
786
788
780
748
742
718
756
766
738
756
744
706
722
740
748
756
730
736
724
692
694
686
690
684
700
670
668
640
740
722
730
746
722
704
740
750
754
762
782
784
766
798
808
778
780
744
806
816
828
822
804
794
808
838
832
848
888
864
846
850
866
842
876
844
836
836
846
830
812
808
764
768
766
778
794
778
802
786
830
816
838
842
792
790
786
832
842
874
848
838
812
818
814
844
842
834
852
824
870
884
884
872
862
838
846
834
860
884
902
854
858
866
860
844
822
832
840
834
834
824
822
856
872
888
898
904
906
904
940
946
916
874
864
862
842
800
790
730
744
782
826
862
862
840
816
800
818
798
818
814
846
832
810
778
776
748
714
714
740
760
708
736
686
724
764
778
762
752
792
788
768
806
826
826
838
842
824
792
802
780
754
780
800
806
788
788
784
776
854
832
804
800
806
798
814
822
822
818
848
872
832
834
826
784
816
820
842
850
842
846
884
878
872
840
814
788
804
786
818
796
780
774
800
822
834
842
866
898
870
854
832
848
870
842
860
868
858
868
852
908
856
838
868
854
854
862
886
872
846
846
878
900
876
868
894
862
816
818
844
840
868
804
828
852
866
860
862
896
886
882
886
882
866
856
882
888
902
898
898
864
850
860
858
872
864
844
828
788
780
738
754
716
720
728
744
758
768
738
754
718
720
726
726
724
732
714
722
750
792
790
802
772
792
786
798
810
792
812
770
748
760
794
786
794
822
814
806
814
754
762
814
828
826
806
778
764
726
746
696
684
704
698
698
724
708
736
746
768
750
750
754
762
746
762
844
858
870
880
846
856
862
854
810
802
882
886
862
878
868
864
884
878
904
916
900
888
890
894
908
896
894
864
914
888
892
880
906
934
932
888
894
890
892
902
856
826
832
830
836
838
822
816
794
792
822
842
866
866
856
840
846
858
836
872
874
880
872
886
904
892
896
882
866
842
836
840
834
814
828
814
810
776
744
724
724
726
760
728
750
728
714
710
700
734
742
750
686
736
748
760
730
718
706
696
742
734
728
758
718
740
720
748
742
754
754
768
778
778
742
748
700
690
678
700
750
774
782
744
730
742
724
764
750
742
774
766
740
778
774
810
792
738
742
706
702
694
650
622
618
600
616
642
642
670
622
632
650
658
636
594
584
656
694
682
716
708
718
670
738
748
776
788
768
720
720
776
756
764
778
784
810
854
852
878
922
890
892
904
898
870
864
874
842
848
862
854
876
892
886
898
856
880
842
846
848
842
900
868
868
862
866
844
874
850
862
850
874
812
842
854
888
892
872
874
876
882
850
878
846
848
826
798
802
796
858
854
866
848
844
850
864
872
900
880
860
850
836
838
806
808
836
888
886
858
868
860
890
866
848
864
854
872
892
904
890
888
872
868
844
844
860
858
856
836
824
814
828
844
802
798
808
802
794
802
820
806
808
820
786
742
742
734
774
786
790
780
790
752
750
718
724
704
714
704
730
750
808
818
836
850
838
846
878
864
860
830
826
798
834
828
814
808
782
782
750
752
708
738
788
798
774
806
784
782
770
752
832
842
812
828
808
788
818
828
790
800
822
854
834
814
834
814
798
800
782
804
778
756
782
774
778
774
790
810
810
792
762
714
756
752
762
784
806
778
770
778
750
782
810
822
846
868
866
842
792
806
806
814
826
812
788
782
786
798
790
786
790
772
774
792
752
774
742
768
724
736
740
766
752
766
754
798
778
788
778
766
772
758
814
806
788
786
788
760
708
682
650
652
682
666
690
670
654
636
620
612
594
572
608
614
624
634
620
622
666
650
626
644
638
612
608
614
610
586
564
552
574
588
528
516
518
538
538
506
524
546
542
590
562
572
552
560
558
570
620
624
558
506
508
478
490
478
512
516
536
576
606
638
634
628
626
590
578
574
582
604
582
594
536
518
548
528
530
588
540
526
536
546
524
490
526
516
556
566
568
536
586
572
586
580
588
600
608
596
554
556
614
594
622
614
644
686
680
678
690
686
706
706
778
744
770
746
706
686
700
720
716
688
696
690
688
732
682
630
628
632
630
600
618
668
688
720
760
766
726
718
710
700
714
732
696
660
654
702
664
690
676
702
694
688
710
694
652
660
630
646
672
704
626
636
640
600
622
634
620
626
600
610
582
660
660
690
742
738
718
726
672
664
684
656
654
660
672
674
656
668
678
716
690
730
712
746
702
734
708
686
762
774
800
836
848
816
838
878
874
868
856
872
844
804
804
822
792
756
730
806
762
756
766
788
766
780
800
