984
996
966
980
990
932
1022
980
948
1066
1016
924
1022
1010
920
1058
928
876
1014
1110
1140
1084
974
1014
1082
1078
1020
960
1034
1074
1094
1206
1224
1234
1338
1330
1186
1154
1378
1264
1326
1334
1294
1210
1250
1398
1506
1584
1628
1590
1562
1620
1770
1830
1816
1886
1818
1634
1614
1556
1584
1684
1860
1786
1868
1944
1890
2066
1972
1966
1816
1918
1878
1842
1710
1856
1902
1898
2030
2084
1922
1866
1926
1782
1866
1804
1968
2006
1916
2060
1922
1988
1952
2062
2154
2134
2186
2258
2242
2174
2222
2100
1996
1882
1718
1810
1730
1530
1674
1668
1648
1592
1620
1516
1474
1656
1734
1760
1574
1876
1716
1832
2120
2170
2180
2154
2242
2248
2052
2064
1884
1916
1850
1896
2036
1966
1994
2008
2208
2272
2226
2236
2116
2040
2144
2170
2150
2168
2232
2280
2224
2356
2402
2324
2298
2262
2230
2174
2276
2134
2002
2006
2016
1954
2026
1946
1988
2086
2040
2050
2014
2030
2110
2096
2142
2054
1980
2174
2296
2376
2322
2314
2246
2056
2136
2252
2278
2374
2256
2278
2208
2026
1940
1856
1838
1844
1986
1916
1852
1904
1886
1940
2040
2090
2282
2248
2014
1956
2034
1966
1910
1684
1764
1702
1904
2140
2090
1944
2068
2050
1946
1864
1914
1900
2004
1992
1740
1732
1702
1698
1574
1554
1602
1712
1604
1450
1406
1478
1682
1486
1476
1466
1652
1676
1756
1762
1716
1754
1660
1760
1726
1736
1662
1650
1736
1730
1798
1810
1750
1874
1792
1800
1828
1978
1940
2008
2086
2150
2034
2002
1986
2124
2098
2004
2064
2052
2166
2122
2108
2046
1890
1950
1834
1760
1962
1922
1948
1866
1858
1792
1682
1744
1652
1746
1656
1708
1858
1900
1826
1736
1824
1688
1774
1628
1608
1548
1434
1412
1546
1648
1758
1738
1902
1984
2048
2166
1956
1864
1818
1700
1638
1480
1230
1282
1284
1128
1204
1172
1246
1314
1144
1124
1156
1006
930
940
916
976
1068
1202
1222
1216
1178
1154
1250
1152
1150
1252
1308
1442
1724
1666
1772
1740
1726
1724
1692
1550
1512
1392
1548
1458
1502
1434
1438
1312
1254
1200
1250
1260
1244
1286
1226
1144
1096
1094
1254
1390
1362
1364
1484
1552
1600
1622
1650
1516
1470
1654
1640
1746
1696
1462
1522
1674
1748
1696
1606
1634
1512
1518
1358
1276
1194
1184
1150
1258
1184
1122
1108
1096
1046
944
740
608
560
466
402
400
400
440
82
26
6
106
98
104
50
154
110
156
246
178
112
72
60
228
250
342
182
228
98
20
22
94
210
234
190
274
282
210
470
522
352
460
384
468
480
524
388
444
530
740
740
694
906
666
506
544
604
650
472
580
596
652
670
676
648
686
706
512
482
322
306
270
238
32
56
16
104
272
302
344
358
462
462
458
524
510
390
428
372
282
128
150
34
218
134
142
96
138
20
154
56
152
226
504
520
346
364
358
462
348
388
300
320
410
246
354
498
488
430
456
428
406
498
482
686
662
670
676
760
702
540
696
726
766
718
818
552
618
532
450
336
302
294
304
202
406
412
400
336
440
460
568
718
628
670
646
770
796
694
624
696
560
418
470
448
456
430
530
550
488
466
506
558
582
492
542
554
526
488
484
408
442
428
322
322
232
6
60
22
74
40
100
64
46
144
172
180
348
330
390
350
316
374
388
374
294
286
350
232
184
18
8
152
124
214
100
84
114
126
362
262
98
70
56
70
12
90
142
292
288
326
340
254
330
200
84
144
208
88
222
196
200
304
310
278
408
514
512
408
346
424
322
368
418
654
568
350
356
370
228
174
178
196
158
194
172
148
242
244
360
294
288
336
228
220
326
172
232
238
212
280
266
304
240
222
142
166
98
22
146
232
184
130
200
50
84
82
74
258
332
556
744
654
530
500
376
310
344
388
410
402
282
348
350
326
506
590
724
676
664
602
528
602
700
468
570
586
722
770
714
712
772
864
760
890
922
822
858
914
934
980
908
876
882
784
812
1014
1064
1160
892
856
968
972
966
946
940
1050
976
872
680
714
776
634
608
610
486
410
466
448
388
436
280
262
312
162
166
272
252
418
554
502
590
722
796
800
894
984
1076
978
886
796
946
918
938
1044
856
880
784
798
662
648
690
770
758
982
1028
1018
956
892
1004
1026
950
988
898
962
944
840
814
850
794
908
780
884
874
956
956
918
860
1018
1086
866
784
694
730
702
790
914
916
926
930
932
912
854
760
654
842
904
904
830
914
938
906
860
862
828
844
934
782
868
896
890
896
966
912
670
676
556
588
430
514
522
458
482
386
402
372
434
430
408
290
256
282
152
46
16
162
150
108
72
26
16
100
186
250
432
416
328
112
212
208
122
104
132
14
38
224
56
78
138
180
186
158
134
10
54
12
82
26
106
220
170
208
112
132
200
116
272
378
540
482
418
118
72
60
164
176
20
76
152
266
316
384
392
380
422
342
184
102
108
104
98
234
214
136
152
178
156
164
272
354
238
496
704
696
758
884
918
1082
904
878
772
816
828
728
816
752
888
982
786
864
946
902
854
840
962
1000
946
740
648
664
638
538
584
436
216
206
202
156
60
130
122
6
96
68
34
104
86
142
62
80
132
152
118
148
114
178
194
266
134
236
184
138
322
306
296
180
176
348
262
294
212
262
340
406
268
192
134
298
418
318
240
170
286
314
420
380
538
536
358
542
530
690
728
804
662
762
572
510
468
456
418
372
200
166
174
116
102
96
244
314
282
304
342
380
338
264
216
208
78
8
90
232
396
296
292
236
264
378
320
498
442
272
314
298
368
276
372
364
306
306
130
258
258
274
342
444
510
620
728
740
818
892
836
926
994
878
1032
922
612
566
708
740
788
826
894
812
742
792
822
942
1060
1148
1128
1100
1188
1142
1198
1218
1272
1234
1252
1308
1422
1412
1418
1336
1394
1232
1352
1282
1258
1306
1412
1424
1550
1560
1620
1754
1886
1842
1850
1576
1406
1540
1662
1434
1490
1400
1474
1176
1116
1172
1158
1192
1234
1370
1372
1266
1442
1452
1522
1466
1420
1386
1240
1280
1160
1224
1338
1314
1228
1184
1306
1194
1144
1210
1270
1246
1364
1434
1504
1492
1526
1454
1474
1406
1546
1350
1316
1420
1594
1636
1652
1708
1528
1548
1586
1312
1464
1714
1790
1590
1480
1466
1458
1418
1690
1538
1510
1504
1460
1344
1330
1262
1180
1128
1160
1218
1230
1222
1036
1184
1088
1212
1124
1072
1146
1272
1176
1274
1316
1456
1648
1674
1524
1508
1416
1500
1428
1498
1496
1584
1550
1508
1362
1288
1222
1046
1032
1108
1096
1330
1372
1232
1268
1250
1122
1008
1134
1232
1188
1088
1232
1200
1322
1242
1148
1128
1170
1118
1004
982
1006
1212
1240
1248
1226
1250
1272
1298
1160
1160
1434
1396
1502
1378
1470
1350
1448
1452
1524
1570
1694
1872
1738
1924
1918
1812
1848
1782
1792
1836
1798
1924
1906
2076
2016
2096
2004
1952
1968
1860
1808
1804
1842
2010
1968
2008
2088
2062
2076
2190
2210
2356
2264
2192
2000
1998
1894
1992
2006
1992
1886
1902
1968
1852
1798
1764
1612
1736
1800
1914
2168
2138
2214
2082
2186
2178
2192
2190
2102
1952
1980
2048
2104
2076
1972
2006
2004
2064
1966
1840
1702
1734
1792
1884
1958
2256
2086
1964
2024
1886
1894
1804
1948
1856
1900
1898
1820
1848
1996
2092
2186
2104
1916
1762
1728
1782
1782
1864
1938
2014
2150
2204
2056
2136
2280
2322
2264
2370
2326
2234
2026
2098
2110
2130
2298
2330
2438
2428
2324
2498
2396
2510
2464
2650
2552
2496
2406
2384
2488
2506
2506
2496
2500
2558
2652
2518
2564
2412
2388
2372
2400
2328
2472
2406
2444
2440
2448
2448
2554
2610
2658
2648
2710
2732
2562
2570
2544
2496
2520
2426
2542
2574
2474
2494
2488
2446
2296
2292
2172
2100
2138
2122
2076
2164
2070
2056
1992
2044
1988
2044
2120
2242
2238
2110
2226
2154
2332
2258
2294
2220
2142
2380
2322
2118
1984
2008
1904
1860
1848
1950
2098
1862
1680
1666
1610
1646
1810
1780
1762
1762
1778
1954
1932
1998
2082
2172
2340
2352
2096
2220
2282
2406
2462
2564
2572
2520
2650
2624
2754
2586
2602
2684
2656
2712
2752
2634
2890
2776
2808
2910
2942
2980
2952
3012
3252
3300
3222
3002
3060
3050
3220
3234
3230
3266
3352
3242
3126
3182
3082
3044
3068
3176
2954
3022
3220
3262
3306
3450
3374
3452
3408
3426
3384
3336
3578
3528
3536
3404
3436
3500
3486
3558
3278
3312
3296
3240
3264
3068
2932
2776
2764
2758
2810
2868
2886
2768
2704
2680
2672
2666
2592
2760
2878
2830
2832
2838
2824
2950
2842
2826
2780
2832
2904
3000
2928
2924
2860
2862
2808
2818
2890
2854
2714
2704
2570
2596
2672
2566
2628
2710
2696
2718
2784
2768
2784
2844
2958
2880
2790
2742
2766
2756
2786
2842
2586
2444
2414
2318
2274
2218
2230
2210
2154
2142
2296
2244
2402
2482
2514
2412
2432
2410
2258
2310
2382
2236
2452
2412
2354
2274
2370
2514
2380
2440
2352
2452
2660
2894
2688
2744
2756
2822
2934
2954
3074
3060
2998
3064
3036
3122
2808
2900
2778
2712
2676
2704
2682
2618
2634
2628
2462
2728
2674
2724
2828
2954
3032
3092
3030
2802
2860
2974
3052
3032
2868
2928
3074
3252
3194
3234
2976
2962
2934
2878
2912
2884
2864
2904
2834
2860
2734
2596
2574
2538
2438
2612
2728
2760
2746
2898
3096
3164
3052
3104
2950
3034
2984
2808
2754
2728
2790
2902
2936
2756
2776
2796
2882
2826
2738
2750
2806
2754
2638
2512
2634
2722
2854
2648
2652
2842
2888
2846
2816
2696
2682
2776
2764
2812
2818
2864
2812
2860
2952
2966
2926
3020
2980
2946
3080
2792
2912
2932
2806
2794
2804
2814
3048
2952
2988
2998
2862
2992
3086
3022
3036
3104
3294
3480
3398
3374
3564
3570
3464
3340
3352
3274
3302
3182
2938
2920
2870
2924
2966
3034
2932
2802
2838
2772
2686
2698
2802
2850
2852
2896
2940
2906
2980
3170
3284
3214
3234
3378
3454
3552
3374
3426
3316
3312
3292
3192
3270
3222
3254
3356
3544
3406
3326
3352
3452
3500
3434
3488
3510
3336
3418
3402
3456
3470
3508
3474
3388
3272
3298
3338
3506
3484
3494
3474
3452
3602
3616
3656
3630
3540
3500
3572
3660
3706
3776
3750
3580
3628
3534
3666
3660
3710
3896
4060
3958
3832
3942
3986
4114
4268
4380
4378
4112
4082
4000
3986
4008
3970
4032
3982
3942
4010
3888
3732
3694
3622
3600
3520
3384
3402
3428
3392
3354
3258
3312
3228
3406
3490
3640
3664
3714
3706
3640
3592
3626
3720
3806
3558
3468
3336
3564
3424
3428
3268
3282
3234
3164
3372
3366
3344
3270
3206
3086
3086
3042
3134
3218
3044
2974
3114
3210
3276
3094
3122
3240
3212
3138
3058
2986
3012
3038
3056
