676
626
538
398
388
426
404
348
286
332
138
304
308
272
196
314
368
360
214
132
84
6
82
206
98
58
120
42
52
38
10
86
32
52
12
42
138
40
126
132
150
278
250
212
228
248
328
224
222
230
128
80
174
194
180
330
344
350
288
254
318
374
320
252
340
332
260
134
108
104
138
186
178
158
162
242
276
324
330
284
236
298
322
330
370
492
518
612
554
492
484
498
574
878
856
868
932
882
806
728
744
654
658
692
704
642
648
638
620
612
628
560
554
622
496
500
586
570
508
614
612
584
548
588
526
506
330
366
430
450
348
312
164
158
82
64
32
8
54
18
90
150
200
238
180
180
146
170
280
282
242
236
226
188
170
294
348
312
322
316
376
334
282
358
314
280
188
208
392
372
416
564
614
602
542
528
564
606
616
682
616
584
628
598
648
504
472
452
472
512
530
596
740
698
724
694
754
744
752
778
940
968
910
908
1036
984
1038
1188
1136
1088
1122
1052
1016
962
934
910
828
812
712
760
788
974
990
922
986
1036
1020
1012
980
966
962
1028
1012
1070
1080
1164
1250
1220
1334
1268
1300
1216
1210
1224
1174
1180
1186
1196
1366
1408
1272
1266
1292
1254
1148
1134
1194
1136
1186
1144
1100
1084
1168
1210
1126
958
1000
978
1096
1016
882
898
804
804
712
638
630
652
736
730
806
730
744
796
804
916
952
920
974
1062
1146
1032
1116
1104
1160
1182
1176
1196
1222
1208
1138
1176
1226
1166
1178
1222
1162
1122
1026
914
884
936
872
856
826
784
774
830
836
792
814
822
844
868
846
852
894
1010
986
942
1026
1006
954
888
910
820
872
862
966
986
1004
1014
1084
1178
1294
1274
1354
1310
1316
1298
1328
1230
1228
1322
1254
1172
1148
1030
1064
984
1000
984
966
1016
938
916
898
968
916
928
968
1028
1076
1090
1124
1064
1138
1260
1298
1296
1232
1240
1128
1060
984
1000
1040
1128
1152
1154
1200
1184
1332
1330
1302
1354
1348
1456
1312
1280
1254
1298
1210
1244
1206
1034
1010
1028
1028
1110
1080
1016
960
992
976
930
962
850
928
950
996
880
912
856
860
888
898
926
882
870
844
794
782
856
962
962
936
928
896
944
976
948
870
806
842
862
758
798
790
864
890
906
866
714
694
710
706
722
716
772
700
774
752
784
778
742
854
908
872
762
822
838
778
728
760
758
760
702
614
596
664
592
526
520
600
582
534
514
530
484
402
402
474
374
396
410
368
326
284
190
246
350
294
184
204
112
8
2
8
130
46
164
186
200
234
242
170
156
112
184
88
36
38
18
148
32
2
32
14
104
202
198
302
320
260
280
256
258
266
328
218
156
146
106
106
46
60
68
114
104
38
18
66
26
198
160
126
114
154
24
50
24
140
92
30
32
10
38
70
98
86
136
168
70
64
50
136
206
290
312
310
318
402
302
296
270
278
318
300
396
334
402
314
394
362
498
452
336
314
212
272
376
262
324
472
542
560
574
598
574
522
368
452
494
590
622
662
594
632
656
698
686
792
706
692
612
628
726
804
742
740
776
726
728
746
682
640
652
650
674
766
842
788
890
838
830
778
734
868
752
742
886
844
820
828
746
818
880
848
842
762
770
752
818
882
920
1020
946
912
836
802
728
722
752
744
788
798
778
728
710
666
664
696
580
510
472
494
506
494
436
436
444
396
476
550
556
420
554
704
716
722
776
768
842
914
938
968
936
870
960
790
692
696
738
642
692
554
502
372
376
384
384
384
440
356
324
336
260
196
198
148
164
106
54
90
236
232
138
180
136
210
172
152
106
238
262
246
332
258
254
206
232
348
328
388
342
302
196
150
98
106
134
86
126
150
206
132
82
86
24
184
188
156
202
196
292
242
288
284
324
442
360
310
332
238
242
264
286
226
166
120
86
80
48
56
94
178
138
106
164
112
134
54
92
140
228
282
238
234
286
378
300
176
132
114
144
120
186
240
260
200
72
84
18
126
70
32
12
22
38
98
28
34
14
74
200
120
104
90
118
6
26
72
94
116
166
76
8
92
20
120
140
118
16
2
34
78
74
56
12
72
2
12
62
28
88
136
210
250
236
184
146
128
122
90
148
114
90
10
38
102
144
142
78
36
62
96
100
64
70
76
96
118
60
78
12
112
76
124
140
116
46
48
76
130
96
110
134
84
238
256
204
200
146
14
2
80
104
156
154
102
10
82
4
106
98
70
16
78
26
32
74
10
2
20
2
94
146
80
102
180
204
340
308
278
282
276
278
188
94
38
60
94
24
38
102
112
186
206
142
274
170
172
98
180
130
112
88
34
36
86
10
22
20
96
76
196
284
354
342
378
252
276
216
258
326
428
440
406
326
226
174
206
276
272
188
194
130
28
54
68
86
156
166
134
192
198
222
234
182
236
322
274
292
402
442
376
414
400
498
498
470
464
542
482
606
598
640
670
636
716
650
614
514
520
606
656
674
578
542
680
660
628
668
676
712
706
778
762
766
766
846
852
714
794
750
666
746
800
778
778
780
786
850
864
874
882
934
944
904
948
1060
966
924
790
740
764
712
750
650
538
516
586
606
546
478
448
434
448
440
386
436
562
614
698
758
782
830
864
874
876
752
754
766
780
796
764
798
696
642
712
846
916
970
958
926
882
796
816
884
800
870
830
844
884
988
916
830
732
654
624
496
528
516
494
584
586
588
560
592
622
636
538
624
538
550
454
416
412
440
488
558
558
560
538
560
460
390
366
288
304
290
290
390
360
254
312
364
340
294
308
342
366
330
332
380
328
262
228
268
246
368
482
474
500
484
380
334
322
302
368
412
442
520
564
530
444
442
386
364
358
346
352
312
282
246
350
324
350
358
346
336
264
250
338
374
338
200
192
116
96
136
124
40
62
124
136
194
204
228
2
18
66
36
28
60
6
24
18
100
26
90
2
82
46
40
70
104
136
146
62
112
244
304
260
182
148
106
92
136
144
252
124
88
44
54
192
222
262
178
154
142
122
106
28
40
58
58
60
106
72
64
28
38
136
40
4
20
4
14
112
74
92
78
54
12
6
44
78
56
112
244
192
274
434
390
402
406
546
500
488
450
496
458
414
514
544
496
500
564
470
412
472
566
516
444
516
558
590
528
468
494
464
464
404
436
532
536
448
470
454
390
396
418
404
308
248
216
226
186
254
280
410
342
356
390
308
286
346
304
280
360
424
322
222
168
306
436
426
406
416
424
476
346
288
276
210
204
276
244
274
170
234
226
288
372
330
388
356
328
418
404
420
452
390
284
306
394
462
392
508
464
554
490
422
516
474
446
442
360
312
322
352
320
356
400
386
380
398
346
390
378
346
278
240
280
284
206
244
264
196
126
106
140
158
94
80
38
34
6
142
112
128
96
22
30
58
48
138
172
204
210
216
198
164
200
154
78
66
90
96
110
74
26
30
66
36
78
32
8
180
162
134
108
142
126
72
88
106
122
112
210
152
104
134
164
196
278
280
378
356
374
352
380
264
232
138
272
208
200
262
290
340
340
228
336
306
320
248
192
224
210
252
230
166
170
196
220
172
122
174
130
162
258
242
152
228
150
8
60
124
114
286
422
422
420
400
410
416
388
384
508
590
676
562
600
522
544
598
498
388
344
474
416
474
522
574
668
716
734
814
836
772
710
638
560
640
530
474
530
460
500
526
440
388
398
446
490
570
644
704
552
572
472
598
512
396
366
274
284
390
282
226
184
260
240
170
168
80
116
112
68
70
6
76
164
238
270
260
270
284
202
282
286
312
314
222
198
188
244
276
332
400
328
268
272
322
372
316
258
260
326
314
270
288
316
294
268
162
86
84
122
112
106
22
24
28
74
148
64
64
38
66
98
54
30
52
50
32
34
2
42
74
96
120
108
36
100
104
0
90
54
84
138
218
228
230
328
374
342
300
210
286
300
226
158
120
66
24
44
62
118
46
36
106
68
44
56
106
74
28
38
28
6
48
80
178
218
200
204
184
132
210
310
408
510
518
434
402
440
300
226
230
294
250
230
308
386
570
696
724
642
672
646
632
666
704
782
830
844
814
772
810
824
856
858
1040
1072
904
872
880
884
804
936
992
1000
962
998
978
1058
1020
1034
1128
1228
1120
1104
1166
1290
1338
1434
1424
1330
1374
1328
1240
1216
1202
1320
1394
1436
1436
1362
1314
1362
1542
1490
1666
1754
1646
1654
1682
1692
1644
1574
1680
1732
1738
1690
1674
1654
1640
1580
1670
1698
1752
1728
1754
1756
1866
1858
1886
1882
1848
1828
1870
1864
1884
1752
1732
1778
1838
1852
1956
1952
1844
1892
1860
1784
1728
1734
1736
1666
1684
1766
1764
1712
1734
1730
1852
1776
1762
1798
1862
1884
1932
1928
2004
1952
1914
1906
1932
1858
1864
1850
1884
2046
2054
2006
2110
2056
2148
2198
2280
2198
2226
2230
2110
2086
2080
2042
1966
1866
1854
1834
1752
1802
1856
1814
1910
1916
1838
1872
1812
1796
1738
1666
1540
1560
1566
1556
1400
1496
1436
1476
1486
1520
1576
1654
1616
1606
1642
1570
1592
1610
1658
1666
1736
1802
1780
1700
1642
1674
1704
1704
1628
1506
1552
1532
1494
1410
1344
1436
1452
1426
1484
1390
1458
1494
1620
1602
1572
1516
1370
1366
1280
1246
1218
1270
1206
1070
1170
1144
1202
1218
1156
1268
1274
1228
1226
1196
1188
1154
1138
1034
970
1058
1076
1100
960
872
918
798
874
914
866
872
988
1054
1042
976
898
896
908
890
980
938
1044
1118
1196
1206
1264
1250
1230
1338
1336
1390
1474
1432
1458
1502
1508
1410
1420
1412
1498
1460
1432
1438
1394
1450
