3380
3372
3398
3464
3420
3416
3480
3468
3452
3430
3380
3392
3378
3420
3342
3334
3354
3356
3366
3428
3436
3402
3410
3408
3468
3494
3438
3414
3390
3350
3408
3428
3382
3402
3398
3412
3398
3406
3432
3494
3464
3464
3474
3438
3470
3476
3472
3472
3438
3308
3350
3340
3362
3360
3418
3442
3384
3408
3404
3440
3484
3508
3484
3538
3500
3552
3520
3442
3426
3438
3428
3468
3498
3484
3498
3574
3526
3426
3488
3460
3422
3442
3390
3446
3466
3430
3490
3550
3512
3530
3506
3468
3484
3518
3518
3424
3342
3336
3356
3352
3322
3316
3324
3408
3390
3378
3406
3382
3432
3448
3444
3486
3470
3412
3486
3530
3492
3528
3512
3550
3446
3548
3558
3534
3538
3606
3662
3662
3614
3600
3596
3582
3598
3640
3602
3616
3604
3554
3610
3636
3620
3600
3574
3576
3558
3566
3576
3554
3482
3422
3408
3522
3532
3534
3392
3336
3356
3382
3416
3434
3452
3438
3514
3528
3504
3500
3446
3458
3440
3454
3460
3466
3392
3382
3428
3476
3412
3428
3412
3456
3422
3424
3496
3426
3480
3514
3518
3520
3530
3508
3500
3482
3470
3430
3404
3430
3452
3466
3440
3392
3358
3318
3304
3352
3298
3274
3374
3400
3400
3434
3502
3532
3538
3530
3500
3424
3458
3452
3506
3584
3540
3520
3542
3530
3550
3568
3550
3528
3516
3496
3434
3484
3540
3536
3528
3530
3494
3498
3522
3576
3546
3544
3502
3464
3406
3430
3510
3476
3516
3532
3516
3478
3496
3410
3400
3368
3448
3414
3390
3342
3372
3436
3472
3412
3388
3394
3398
3388
3466
3488
3548
3520
3432
3478
3460
3402
3334
3328
3354
3368
3332
3408
3412
3438
3466
3440
3424
3460
3480
3522
3476
3468
3488
3520
3520
3488
3418
3518
3476
3472
3476
3520
3558
3476
3520
3470
3452
3380
3438
3458
3452
3398
3386
3436
3386
3378
3376
3332
3304
3336
3340
3346
3344
3364
3462
3442
3380
3340
3294
3322
3384
3348
3330
3308
3250
3270
3232
3218
3226
3320
3414
3454
3452
3360
3330
3350
3348
3372
3392
3454
3448
3414
3420
3408
3410
3466
3462
3466
3486
3466
3402
3390
3388
3420
3454
3492
3438
3448
3460
3432
3412
3390
3384
3334
3350
3388
3374
3370
3350
3342
3348
3322
3306
3340
3338
3340
3412
3412
3390
3350
3292
3290
3352
3374
3270
3252
3294
3364
3416
3428
3426
3426
3436
3374
3462
3470
3484
3400
3398
3400
3444
3402
3412
3466
3454
3490
3506
3488
3486
3420
3420
3426
3400
3394
3404
3332
3268
3294
3392
3398
3348
3388
3314
3386
3394
3442
3318
3280
3260
3248
3252
3254
3250
3338
3286
3224
3212
3176
3198
3220
3214
3178
3138
3162
3130
3154
3198
3214
3244
3226
3222
3290
3270
3290
3294
3280
3240
3306
3316
3342
3364
3370
3382
3366
3286
3298
3262
3244
3314
3306
3332
3308
3326
3278
3312
3308
3266
3248
3218
3214
3226
3374
3340
3332
3310
3304
3284
3310
3228
3236
3230
3176
3080
2968
3018
3058
3084
3108
3084
3106
3066
3122
3124
3120
3166
3220
3210
3204
3202
3132
3204
3168
3148
3168
3176
3204
3208
3188
3236
3194
3156
3180
3110
3110
3186
3112
3084
3118
3186
3152
3214
3170
3170
3160
3116
3174
3268
3292
3260
3302
3378
3340
3338
3354
3362
3380
3400
3470
3446
3434
3404
3446
3400
3416
3498
3516
3472
3486
3428
3474
3390
3362
3356
3382
3358
3318
3312
3366
3356
3342
3368
3504
3490
3520
3544
3602
3628
3618
3594
3584
3516
3476
3484
3502
3458
3410
3376
3388
3386
3352
3396
3346
3344
3312
3364
3352
3336
3378
3454
3468
3412
3394
3424
3472
3458
3468
3558
3496
3486
3424
3436
3404
3480
3466
3404
3494
3480
3470
3438
3452
3464
3458
3520
3514
3482
3510
3550
3596
3494
3562
3582
3600
3610
3628
3586
3544
3502
3578
3538
3558
3554
3572
3610
3586
3576
3582
3622
3646
3630
3638
3598
3590
3572
3576
3582
3566
3596
3582
3646
3644
3586
3600
3606
3644
3624
3624
3558
3496
3466
3456
3438
3454
3496
3490
3542
3582
3572
3442
3424
3380
3352
3324
3398
3348
3326
3300
3292
3350
3314
3310
3278
3306
3288
3282
3282
3356
3300
3336
3304
3340
3382
3384
3386
3414
3364
3410
3408
3530
3494
3510
3494
3460
3410
3418
3410
3434
3438
3324
3408
3492
3512
3510
3546
3494
3456
3512
3542
3452
3310
3260
3240
3262
3314
3242
3312
3316
3292
3374
3402
3416
3412
3482
3456
3514
3582
3528
3514
3510
3538
3522
3482
3538
3524
3554
3526
3558
3542
3546
3572
3474
3418
3530
3472
3468
3512
3462
3498
3564
3498
3582
3530
3544
3532
3416
3444
3446
3404
3402
3378
3438
3398
3394
3392
3408
3482
3468
3490
3442
3438
3466
3500
3528
3514
3502
3498
3420
3442
3446
3446
3338
3362
3370
3380
3436
3438
3406
3464
3426
3350
3338
3334
3346
3374
3376
3332
3312
3290
3322
3300
3294
3418
3378
3390
3398
3384
3382
3398
3416
3398
3420
3414
3410
3368
3380
3386
3386
3378
3422
3436
3360
3358
3380
3400
3408
3328
3326
3350
3364
3372
3294
3274
3322
3310
3322
3268
3288
3412
3372
3320
3306
3454
3404
3368
3380
3476
3448
3348
3396
3494
3448
3454
3460
3456
3438
3426
3478
3436
3380
3416
3464
3510
3500
3542
3448
3414
3384
3404
3386
3454
3404
3474
3486
3456
3450
3512
3498
3442
3422
3502
3466
3418
3456
3376
3402
3430
3422
3468
3464
3474
3360
3328
3406
3434
3494
3504
3476
3488
3542
3598
3584
3528
3512
3488
3498
3490
3452
3494
3498
3480
3442
3448
3536
3512
3538
3470
3498
3480
3496
3506
3524
3446
3434
3398
3398
3390
3344
3336
3416
3410
3492
3478
3438
3400
3334
3380
3350
3428
3494
3440
3340
3384
3386
3420
3390
3328
3398
3362
3326
3466
3248
3224
3190
3260
3170
3238
3266
3294
3280
3280
3350
3368
3414
3440
3384
3418
3450
3436
3446
3448
3430
3424
3444
3424
3454
3480
3464
3556
3504
3584
3548
3568
3512
3474
3426
3422
3366
3428
3386
3384
3404
3338
3320
3306
3312
3216
3270
3196
3210
3206
3278
3264
3252
3240
3286
3244
3190
3144
3190
3234
3212
3186
3192
3164
3158
3180
3176
3342
3338
3372
3336
3394
3368
3334
3324
3250
3290
3272
3238
3222
3274
3284
3302
3278
3220
3248
3198
3216
3266
3258
3194
3244
3252
3232
3222
3216
3208
3228
3296
3380
3444
3386
3408
3354
3438
3392
3476
3468
3522
3558
3490
3450
3420
3502
3556
3530
3534
3524
3506
3516
3468
3386
3348
3392
3408
3472
3468
3456
3442
3390
3402
3392
3416
3404
3344
3276
3362
3462
3434
3424
3474
3452
3446
3454
3420
3488
3526
3560
3542
3538
3512
3428
3490
3550
3516
3552
3532
3522
3520
3476
3540
3500
3528
3498
3512
3448
3472
3428
3454
3446
3498
3470
3464
3484
3492
3422
3426
3462
3460
3440
3488
3394
3440
3494
3470
3432
3400
3338
3370
3340
3390
3468
3492
3430
3416
3412
3384
3352
3454
3490
3502
3526
3510
3522
3464
3514
3436
3512
3458
3454
3512
3468
3484
3480
3440
3478
3448
3490
3440
3494
3538
3478
3440
3364
3414
3358
3348
3348
3368
3364
3340
3348
3328
3276
3208
3158
3136
3166
3140
3208
3186
3184
3212
3252
3266
3228
3198
3252
3346
3414
3342
3336
3302
3330
3272
3336
3328
3314
3390
3414
3400
3410
3380
3374
3426
3416
3424
3450
3502
3488
3480
3442
3438
3346
3390
3384
3394
3378
3390
3338
3270
3268
3296
3276
3392
3444
3442
3480
3476
3510
3438
3416
3404
3378
3456
3440
3364
3318
3310
3368
3348
3400
3430
3392
3434
3394
3386
3372
3338
3304
3322
3392
3372
3310
3336
3354
3346
3386
3288
3306
3316
3354
3394
3294
3264
3334
3394
3368
3438
3430
3422
3476
3406
3346
3396
3418
3482
3438
3522
3530
3522
3542
3558
3466
3490
3506
3558
3556
3550
3526
3504
3474
3482
3580
3582
3606
3548
3440
3394
3442
3454
3444
3380
3400
3378
3384
3382
3396
3298
3362
3264
3290
3320
3288
3316
3340
3220
3256
3310
3370
3392
3358
3398
3392
3414
3352
3342
3324
3386
3398
3416
3400
3390
3394
3404
3360
3368
3360
3398
3388
3352
3366
3372
3274
3270
3248
3272
3274
3320
3302
3312
3308
3234
3264
3264
3366
3414
3432
3428
3498
3494
3530
3546
3452
3428
3472
3454
3444
3500
3494
3464
3476
3450
3388
3352
3386
3388
3456
3456
3444
3412
3460
3432
3398
3424
3332
3296
3270
3252
3166
3190
3184
3238
3262
3230
3210
3200
3322
3376
3310
3338
3366
3314
3288
3250
3256
3226
3182
3178
3206
3206
3216
3228
3258
3296
3310
3314
3292
3336
3326
3400
3500
3472
3450
3384
3402
3404
3468
3434
3420
3430
3526
3508
3562
3548
3514
3488
3440
3470
3510
3472
3452
3396
3336
3366
3382
3348
3366
3400
3384
3352
3334
3376
3362
3416
3454
3428
3402
3410
3446
3352
3380
3376
3380
3406
3426
3438
3410
3390
3346
3404
3434
3478
3480
3470
3530
3436
3470
3554
3538
3544
3552
3606
3574
3510
3464
3452
3554
3500
3448
3412
3438
3404
3288
3378
3394
3386
3498
3498
3476
3454
3470
3500
3496
3504
3434
3400
3418
3420
3504
3380
3354
3396
3430
3398
3432
3466
3464
3532
3542
3558
3566
3530
3454
3504
3462
3444
3502
3416
3416
3506
3522
3486
3450
3488
3402
3450
3464
3458
3470
3382
3362
3318
3274
3376
3352
3402
3530
3462
3548
3486
3472
3482
3432
3380
3448
3464
3494
3478
3512
3562
3572
3538
3496
3556
3474
3520
3560
3522
3490
3518
3512
3552
3508
3522
3500
3508
3480
3550
3586
3538
3558
3618
3602
3562
3488
3516
3528
3518
3510
3466
3488
3444
3388
3382
3394
3454
3524
3512
3534
3498
3532
3510
3508
3418
3390
3446
3398
3388
3392
3338
3326
3348
3314
3288
3302
3410
3460
3432
3458
3414
3378
3384
3360
3344
3386
3410
3496
3492
3482
3488
3494
3464
3442
3418
3424
3478
3498
3524
3574
3630
3584
3580
3566
3618
3568
3502
3502
3476
3452
3470
3528
3534
3574
3610
3598
3534
3468
3510
3478
3494
3512
3488
3476
3508
3546
3530
3502
3492
3522
3590
3596
3530
3512
3492
3480
3434
3394
3408
3328
3282
3294
3238
3350
3430
3452
3524
3530
3532
3580
3576
3506
3466
3512
3518
3442
3434
3484
3500
3510
3466
3492
3478
3398
3490
3470
3512
3584
3518
3528
3478
3448
3396
3482
3474
3456
3468
3482
3526
3566
3580
3538
3452
3428
3464
3468
3452
3486
3482
3504
3450
3456
3436
3420
3388
3362
3348
3386
3404
3354
3356
3380
3410
3374
3402
3398
3466
3488
3460
3450
3438
3482
3544
3520
3562
3562
3436
3412
3472
3472
3504
3406
3438
3454
3446
3404
3444
3452
3430
3426
3476
3448
3496
3486
3548
3504
3554
3588
3604
3570
3576
3528
3490
3520
3464
3436
3464
3470
3464
3468
3456
3504
3468
3494
3554
3604
3664
3612
3552
3518
3526
3488
3552
3530
3544
3432
3482
3438
3426
3448
3460
3364
3388
3414
3416
3410
3436
3508
3500
3466
3418
3368
3378
3402
3378
3340
3302
3316
3304
3310
3368
3378
3374
3356
3388
3378
3410
3464
3460
3368
3362
3390
3392
3424
3406
3448
3404
3444
3462
3406
3456
3548
3494
3494
3496
3522
3494
3526
3532
3534
3510
3568
3556
3524
3550
3540
3528
3484
3506
3552
3528
3452
3384
3348
3346
3358
3382
3458
3496
3502
3468
3446
3448
3440
3426
3406
3422
3568
3542
3556
3512
3514
3496
3548
3520
3494
3550
3570
3544
3464
3438
3446
3558
3580
3560
3566
3572
3548
3536
3520
3494
3472
3490
3470
3480
3536
3504
3544
3520
3450
3428
3406
3362
3316
3366
3368
3450
3510
3528
3456
3416
3480
3482
3436
3366
3454
3472
3510
3492
3466
3520
3488
3512
3542
3482
3496
3540
3496
3544
3538
3454
3462
3430
3468
3522
3566
3602
3640
3600
3620
3570
