20
30
34
56
68
70
74
12
32
2
74
72
82
116
176
162
182
186
172
246
208
232
220
166
168
136
222
232
222
162
102
110
130
86
84
98
92
102
108
134
156
196
166
182
174
164
160
136
108
164
188
138
100
22
6
28
42
46
50
82
80
16
62
78
54
20
8
62
38
60
76
46
8
18
68
12
42
28
2
22
74
82
114
134
148
118
132
128
170
224
168
102
34
36
4
14
18
14
20
6
12
16
16
14
6
24
54
48
74
86
84
130
162
156
162
168
130
104
168
154
240
264
256
284
278
290
308
240
196
198
246
274
266
214
202
208
186
190
196
182
128
80
94
142
162
144
210
252
262
286
328
342
332
352
300
286
292
226
176
220
208
230
212
222
242
218
194
190
184
202
228
230
218
160
180
154
168
144
154
218
188
172
154
174
142
76
70
82
82
106
82
48
92
42
16
6
8
2
10
2
16
70
86
126
162
156
184
178
214
210
196
212
260
230
288
306
296
276
232
250
126
104
110
92
94
80
80
110
124
170
136
110
118
188
212
258
210
192
160
122
84
48
110
150
126
118
166
220
240
236
290
278
208
214
176
178
180
222
238
264
188
200
152
128
88
48
26
54
52
40
84
76
116
100
96
86
138
132
98
146
122
138
168
200
198
208
226
216
200
204
144
142
90
94
104
82
124
88
100
116
100
120
164
216
188
180
224
192
186
174
222
190
192
234
202
266
296
274
310
414
360
372
308
270
310
288
352
306
326
364
362
432
480
436
430
426
458
432
420
404
370
422
448
464
428
432
412
438
442
446
432
412
494
452
416
388
370
392
356
396
418
450
390
340
304
292
214
240
190
226
196
258
254
308
276
296
274
232
246
226
226
224
262
316
320
338
336
286
286
232
198
236
164
190
228
258
238
284
290
326
376
322
352
340
380
384
372
376
412
500
500
458
464
530
536
498
512
518
514
514
446
502
484
472
444
478
468
440
466
452
466
456
466
512
504
484
512
508
490
526
546
558
542
554
522
520
514
542
514
438
442
466
436
444
430
446
450
490
542
502
480
442
504
522
518
540
528
550
518
506
590
574
536
514
498
520
524
534
504
466
550
544
472
528
528
528
568
512
552
512
478
508
500
522
572
594
578
518
472
488
516
544
514
542
570
584
590
498
572
598
666
612
618
620
638
656
674
674
650
678
728
746
706
684
702
684
672
714
714
704
720
738
730
724
678
652
600
600
640
652
630
604
608
572
606
632
630
616
678
690
706
726
704
698
676
724
714
722
716
714
734
674
672
640
630
640
638
646
618
614
602
580
600
602
608
574
616
612
562
548
512
488
476
442
434
498
538
540
540
536
488
450
464
396
368
400
304
320
338
264
278
298
236
288
318
348
342
358
404
442
458
390
348
286
270
298
320
318
368
404
392
454
516
460
500
466
508
490
540
534
518
464
464
540
524
500
442
440
468
476
468
472
470
514
474
480
466
468
452
518
466
434
446
480
530
570
592
610
584
532
548
542
576
596
656
616
634
614
572
526
536
518
498
540
506
508
504
496
450
452
422
444
426
404
384
396
438
396
328
294
260
282
268
296
290
330
342
344
306
280
308
344
334
352
364
390
400
460
430
462
474
432
470
464
466
408
404
340
328
378
306
320
294
306
318
296
260
252
246
208
146
106
82
114
126
162
206
232
256
246
324
336
316
368
422
412
440
392
446
466
502
488
480
458
472
436
444
444
458
418
426
432
442
442
472
476
468
508
496
522
484
468
500
542
606
562
570
582
582
604
620
614
622
606
622
630
632
652
636
672
662
668
688
712
628
620
560
572
602
612
538
524
514
532
532
506
474
380
396
350
346
352
412
388
386
432
454
444
434
436
454
460
480
414
358
364
308
304
288
288
326
324
394
360
354
364
384
434
408
390
406
462
464
464
470
504
492
478
432
398
370
352
364
314
332
342
342
356
292
286
232
296
338
348
334
316
294
304
240
242
174
230
248
226
164
170
158
162
180
218
226
222
212
186
120
120
154
100
132
110
98
82
84
126
104
122
152
130
158
102
42
6
20
58
42
12
38
8
20
16
10
76
118
114
76
86
64
76
94
114
82
94
26
62
26
32
32
48
74
78
74
110
64
2
2
26
102
94
158
144
156
126
198
184
182
158
184
156
162
120
148
208
194
148
168
126
74
38
54
48
2
16
28
66
116
116
94
108
122
112
64
58
74
44
20
28
6
12
18
26
58
96
110
62
82
126
28
18
32
30
18
26
32
12
24
2
36
26
2
10
0
2
6
50
28
62
82
36
20
2
44
46
76
90
86
94
172
214
182
168
208
200
168
200
222
276
218
224
150
166
176
176
194
176
176
184
238
270
272
274
270
306
310
360
394
368
398
416
448
442
370
376
344
326
350
378
394
318
308
282
298
308
338
310
338
290
342
326
310
240
236
168
184
170
166
200
178
102
100
92
116
128
116
154
120
196
158
172
184
206
226
218
248
200
240
262
248
220
244
284
232
234
218
182
218
188
168
138
146
90
76
98
104
184
154
174
186
138
130
122
114
80
132
136
142
120
104
60
46
20
42
22
30
4
44
98
134
154
120
144
70
72
86
64
80
48
40
18
78
66
28
50
24
44
4
56
88
128
144
76
86
2
34
62
50
62
70
140
214
272
222
192
256
234
206
202
224
252
214
168
166
172
154
130
136
124
106
28
22
20
14
26
14
6
64
44
6
12
4
44
44
16
32
36
56
86
76
98
66
64
86
96
120
138
62
100
70
58
78
64
54
92
134
154
136
94
70
32
72
26
20
14
28
12
30
38
74
116
160
124
110
168
160
176
158
188
124
108
70
76
118
126
142
170
160
144
104
144
148
202
180
160
174
112
138
178
214
232
240
246
250
284
332
344
400
404
418
344
290
346
322
302
284
258
296
314
284
238
306
292
264
214
192
166
172
170
166
218
188
168
208
212
160
176
220
198
216
252
284
278
246
282
312
334
270
212
190
190
254
276
350
288
334
292
262
284
276
288
342
398
428
448
436
508
538
522
496
518
550
534
534
542
570
526
520
516
590
544
468
392
360
392
454
430
374
354
356
402
358
346
326
322
330
354
354
294
248
250
280
298
246
248
284
304
354
418
412
422
446
446
454
460
460
446
466
476
434
494
494
514
484
430
446
520
572
612
584
540
574
552
592
590
606
608
600
618
638
652
690
750
794
788
766
732
712
712
714
686
646
656
700
716
678
646
666
720
750
748
738
744
750
700
712
688
716
694
680
704
716
708
724
714
706
738
712
640
668
644
616
570
560
564
592
538
464
446
442
420
484
490
440
446
486
472
470
520
534
534
514
478
514
514
456
404
356
346
370
430
352
368
340
310
276
252
294
282
256
238
260
288
306
278
250
250
260
230
212
234
268
238
218
176
198
194
150
170
174
210
178
218
240
156
172
148
70
112
150
128
126
74
100
48
4
20
10
42
26
28
28
12
62
78
42
72
86
84
30
2
16
38
2
4
50
86
118
148
124
118
132
118
148
100
54
62
14
26
28
60
108
136
132
104
34
14
6
64
28
74
96
100
98
94
38
64
66
70
44
100
136
184
128
116
76
120
78
110
76
90
60
94
94
14
10
2
42
8
18
4
4
8
22
32
18
22
46
40
6
12
52
66
46
18
48
64
108
116
138
110
92
76
116
68
86
50
20
16
56
56
30
48
98
112
64
102
66
58
54
46
2
90
82
42
82
80
64
74
120
138
134
114
106
170
212
198
188
174
200
202
166
182
160
160
136
60
70
120
104
86
92
40
30
22
32
34
8
2
4
32
26
66
132
86
124
124
130
180
204
232
246
226
224
216
224
202
200
158
192
242
224
206
208
250
164
202
222
246
242
188
92
84
92
140
152
184
162
168
122
104
86
130
104
166
160
164
118
132
166
148
150
154
130
130
158
140
144
100
50
88
102
178
146
136
152
172
224
184
180
160
112
56
42
10
22
88
96
90
98
104
122
128
108
146
88
146
112
88
4
32
6
16
42
34
26
52
58
48
62
84
142
162
148
138
198
186
206
204
234
266
256
226
294
248
236
272
316
298
402
402
366
316
322
344
312
346
350
322
346
332
338
368
358
314
396
384
382
390
442
380
376
300
308
318
312
304
248
216
246
256
288
296
298
308
326
330
318
336
306
272
334
302
280
306
260
236
206
258
276
250
238
252
290
258
250
254
244
206
174
184
136
128
114
130
82
52
90
140
176
212
262
272
210
200
228
230
246
232
248
262
248
224
178
140
114
108
84
70
78
184
138
188
186
200
170
192
214
228
202
238
266
228
250
250
224
216
220
210
236
222
202
210
180
158
152
134
102
102
106
122
84
150
184
166
178
166
232
246
280
266
266
212
196
278
268
324
304
354
326
302
298
312
338
338
370
390
408
438
426
442
464
480
502
460
498
476
434
450
472
488
468
446
468
494
472
452
456
498
488
450
486
514
486
476
426
422
430
404
490
486
462
444
410
392
432
418
478
428
390
412
422
448
484
466
478
506
454
438
462
474
502
550
