164
216
170
196
306
306
372
402
490
458
506
466
472
490
486
552
560
550
508
442
496
494
518
454
434
386
342
356
410
486
448
440
522
468
532
552
678
656
628
586
582
532
530
494
530
544
524
508
408
414
494
494
654
644
758
812
868
932
1024
1062
1122
1066
1094
936
1030
942
970
892
848
836
782
758
828
778
840
788
814
766
788
776
828
788
774
936
880
878
846
816
810
820
842
752
808
782
770
730
646
642
508
574
442
518
578
638
668
672
626
530
520
564
570
630
610
658
696
630
522
514
534
508
614
648
596
628
524
542
456
342
264
38
156
152
172
256
274
242
368
394
358
488
394
530
556
508
500
458
394
332
402
430
396
322
364
420
376
492
502
546
520
466
434
422
350
404
492
546
484
460
496
482
390
376
450
388
304
386
446
460
542
536
516
412
468
476
376
330
326
254
406
400
322
474
472
598
592
598
580
514
448
498
506
600
732
656
658
676
622
670
780
796
700
662
644
656
696
620
568
588
574
428
382
354
268
320
344
358
362
320
310
286
272
314
296
288
318
372
344
344
348
354
400
378
350
184
278
338
334
284
390
286
316
344
426
436
384
372
450
410
388
324
186
158
122
80
54
98
56
92
128
104
62
146
170
62
50
10
2
52
136
140
126
54
38
92
98
24
100
142
74
28
20
34
84
120
44
46
18
6
54
82
70
80
100
70
40
16
64
90
150
90
144
168
252
196
226
176
180
50
4
12
170
170
76
132
158
378
356
324
298
342
330
354
396
520
540
510
506
466
518
520
408
400
430
422
518
608
554
634
580
540
506
488
610
576
490
578
504
548
498
572
632
648
666
554
560
554
548
552
544
730
638
692
628
726
634
554
574
634
738
780
766
866
992
1076
1106
1092
1310
1336
1254
1210
1210
1196
1304
1200
1114
1122
1192
1314
1386
1326
1302
1276
1298
1076
1118
1062
1020
1038
1118
1120
1058
1048
1006
1010
928
1036
1008
926
924
998
1036
1086
1118
1046
1056
1116
1034
860
934
998
1156
1224
1134
1162
1148
1202
1198
1176
1112
1068
1106
1124
1102
1162
1166
1226
1242
1250
1244
1240
1166
1180
1216
1282
1344
1360
1362
1298
1296
1284
1284
1212
1232
1234
1310
1150
1258
1228
1154
1040
1052
994
1162
1274
1200
1216
1182
1212
1312
1384
1366
1328
1324
1318
1306
1388
1362
1444
1472
1476
1474
1308
1386
1332
1260
1262
1206
1194
1202
1156
1204
1132
1140
1196
1168
1272
1288
1292
1186
1252
1272
1322
1310
1260
1266
1234
1302
1292
1342
1402
1390
1468
1450
1500
1492
1366
1360
1294
1226
1342
1390
1402
1442
1382
1406
1354
1322
1296
1302
1278
1220
1244
1240
1186
1194
1266
1324
1312
1452
1542
1502
1588
1648
1732
1776
1838
1658
1686
1780
1742
1748
1754
1710
1564
1476
1588
1554
1638
1626
1582
1494
1480
1422
1380
1282
1296
1168
1094
1090
1010
1112
1162
1122
1068
1146
1166
1072
932
1010
844
840
930
964
934
918
906
950
830
780
872
1032
1124
1094
1002
1022
1010
864
864
774
724
882
862
726
742
752
780
866
788
740
782
762
784
898
790
808
904
826
896
874
858
902
892
804
796
656
738
670
656
632
708
580
590
604
696
724
716
666
684
588
660
718
668
696
684
754
764
766
824
1010
922
996
972
960
942
998
1054
1056
1072
1114
1166
1200
1198
1042
1108
1086
958
868
750
668
636
696
706
752
716
700
562
516
598
638
652
606
626
626
680
544
534
554
694
666
682
636
732
690
732
722
678
640
770
698
760
914
880
914
932
870
920
944
916
998
1048
1020
982
948
1112
1210
1150
1226
1138
1078
1156
1100
1092
990
968
1038
1012
1000
914
936
1006
1096
1110
1008
980
900
912
942
912
948
870
888
768
820
834
844
756
752
742
808
758
750
652
738
616
582
586
566
464
494
412
358
298
310
306
440
452
476
616
600
602
680
692
696
692
698
656
728
742
692
680
676
696
738
704
618
550
386
352
360
314
272
232
266
390
420
536
558
544
440
306
344
270
294
252
118
216
160
46
56
90
106
122
126
28
8
22
20
60
84
46
124
138
86
58
14
0
142
46
58
100
212
232
314
262
264
226
234
226
138
90
120
112
38
64
100
50
68
106
160
106
8
132
120
110
252
250
204
254
308
470
420
474
488
542
612
608
626
642
634
494
530
686
654
666
772
902
840
870
912
798
738
664
608
552
630
620
636
676
682
706
722
642
672
776
760
792
724
756
796
840
794
902
924
868
858
862
930
884
920
936
944
864
810
724
692
734
750
758
748
720
668
778
762
764
768
796
754
626
552
524
600
572
526
596
542
606
724
708
650
698
836
832
670
748
690
562
580
550
476
546
450
396
424
522
474
460
410
462
504
518
530
596
576
534
548
538
530
492
336
240
116
50
104
34
44
144
144
158
162
74
110
160
240
340
206
174
180
248
276
212
306
326
372
360
296
306
336
178
142
54
70
88
142
110
152
196
52
16
24
52
32
40
110
30
72
78
150
174
256
382
344
344
372
428
504
542
604
518
462
512
486
562
564
426
376
384
428
480
516
502
556
600
582
578
486
380
322
300
310
436
388
362
454
540
572
512
508
514
448
386
244
288
190
170
210
132
30
74
30
10
60
34
26
8
40
34
56
138
166
164
38
70
156
244
152
202
184
258
168
152
98
88
70
20
158
178
48
44
54
16
38
26
16
50
106
90
76
78
10
16
60
126
154
154
146
54
42
102
46
68
108
10
80
40
68
80
112
102
26
60
4
16
110
38
40
32
64
236
114
136
98
140
214
288
200
226
222
238
156
88
74
236
230
310
264
230
190
242
182
134
138
142
258
132
244
238
262
252
302
444
612
620
734
676
662
630
582
608
490
594
724
528
568
686
760
868
898
810
942
910
834
784
862
784
822
800
1026
1032
978
982
930
912
898
782
854
890
864
734
790
826
786
726
728
684
762
766
732
678
566
700
780
710
802
846
956
956
794
838
788
754
730
722
666
772
818
692
670
742
804
746
672
680
760
766
776
710
836
802
776
686
692
614
688
526
430
358
330
394
336
262
252
306
278
360
346
520
534
470
360
398
430
480
620
604
698
784
710
680
722
656
708
596
570
682
670
826
798
752
868
902
786
772
718
706
710
820
780
714
834
868
926
928
944
916
862
1010
1024
1016
968
1052
902
978
902
880
800
936
868
918
870
812
758
790
894
856
822
840
824
790
808
746
718
836
868
840
796
774
824
890
876
920
822
832
830
862
822
766
742
666
716
608
442
418
492
434
596
438
360
464
550
618
550
542
612
560
478
510
616
698
664
626
696
700
588
608
588
528
546
440
394
338
362
308
184
314
418
376
336
358
302
264
318
280
308
308
194
172
106
104
126
144
68
108
64
42
38
32
32
30
104
58
74
34
6
46
16
62
12
126
116
6
20
78
34
34
2
38
68
116
138
92
184
116
20
46
36
134
158
106
62
152
14
28
32
100
44
84
114
196
170
170
100
50
72
234
174
186
132
100
102
172
312
362
378
432
466
612
598
538
512
504
578
552
704
776
732
652
628
594
590
558
426
448
474
468
468
504
436
482
550
626
546
392
370
322
210
190
124
176
226
300
294
344
296
182
158
166
98
14
0
88
20
10
10
36
8
112
22
22
36
30
182
144
106
118
156
234
310
404
422
478
548
616
604
570
530
450
430
508
504
516
460
430
294
334
284
314
232
230
254
276
374
426
416
518
596
604
606
662
746
676
682
704
648
552
624
600
638
584
548
582
504
554
594
584
480
526
532
536
640
564
502
612
560
544
554
522
540
532
564
594
592
426
338
298
288
254
214
262
228
366
470
450
420
324
278
214
328
276
266
276
188
234
226
182
250
384
408
416
372
370
374
390
422
382
330
268
242
288
192
208
198
230
258
294
300
236
86
2
50
132
128
190
180
358
508
616
698
806
878
850
656
618
622
532
626
638
744
642
564
612
636
612
752
642
730
658
726
728
724
602
344
272
322
344
420
406
534
480
334
386
428
398
472
486
392
328
320
354
234
294
420
384
394
320
350
298
290
328
266
306
262
308
484
562
598
654
700
758
770
758
824
778
818
816
908
912
818
702
722
862
788
914
962
888
870
796
758
688
630
580
596
562
550
666
670
710
628
504
464
468
488
538
614
646
644
604
612
688
638
736
726
730
650
726
678
710
702
684
772
726
706
752
782
730
654
682
800
730
766
814
988
974
900
1004
996
1018
890
894
942
1056
1030
1082
1036
1052
1092
1022
1058
1006
976
932
898
822
914
942
1092
1086
1130
1116
1208
1274
1346
1308
1344
1326
1308
1242
1238
1320
1292
1328
1396
1290
1300
1172
1174
1202
1118
1098
1142
1222
1228
1200
1164
1046
1064
1052
1008
978
1020
1078
1086
1080
1050
1116
1040
898
940
1026
978
842
844
798
836
880
698
710
692
830
944
1026
1060
1062
1062
942
924
814
714
704
720
676
678
748
790
770
772
682
744
810
784
806
852
782
742
752
790
912
962
996
1072
1060
1070
1056
1088
1064
1138
1102
1020
1066
960
946
1062
1164
1190
1156
1058
1060
1100
1084
1040
994
1042
1008
1002
1034
1070
1102
1160
1204
1160
1106
1112
1126
1036
926
896
976
1012
1112
1072
984
954
1018
918
922
928
960
886
994
948
852
838
836
880
962
1018
1000
968
786
732
634
538
648
710
688
656
616
612
590
614
674
610
684
708
680
658
748
780
832
828
898
900
940
960
956
956
902
816
790
772
728
650
542
576
542
498
526
498
508
480
640
690
780
704
722
894
874
782
724
754
876
