338
412
400
428
442
376
392
284
322
332
234
208
234
128
170
220
222
250
176
278
266
234
154
0
70
46
22
162
118
82
82
118
62
36
24
28
120
156
96
52
100
0
32
130
262
288
348
318
288
498
430
474
308
392
366
402
516
394
308
332
332
294
368
312
290
280
370
336
376
364
360
332
358
354
452
408
336
440
560
558
476
536
554
554
520
502
406
408
400
374
434
392
476
456
394
524
406
412
432
398
404
392
430
398
404
400
372
332
320
172
90
180
98
42
42
104
128
118
56
64
32
46
74
104
2
76
168
102
112
16
22
74
6
58
198
182
200
242
222
202
190
248
272
248
262
160
260
326
238
252
420
456
550
400
450
478
526
472
478
476
508
490
210
236
172
200
168
132
124
66
70
48
40
76
42
46
42
42
116
80
120
214
162
92
82
120
154
138
164
280
214
330
396
410
452
498
436
426
392
400
374
456
468
586
560
550
618
584
500
516
486
480
466
336
294
320
392
322
402
338
364
330
278
272
304
360
338
220
282
344
274
418
298
274
330
362
422
298
294
334
254
204
312
340
290
198
76
50
8
28
196
62
38
156
168
50
44
2
16
94
116
130
192
240
328
390
468
426
346
338
280
268
274
190
210
102
32
30
24
228
226
272
264
118
188
256
264
322
270
340
344
362
368
372
394
354
374
352
366
328
388
592
640
606
636
646
668
556
626
574
650
694
740
758
770
756
838
734
772
890
910
886
900
1012
918
920
872
960
928
864
1002
1048
1140
1198
1192
1064
1074
1092
1038
1206
1114
1138
1060
1040
940
944
1006
1006
952
694
646
722
706
706
764
760
872
860
912
902
984
922
926
920
832
844
798
844
832
848
830
838
726
660
576
534
584
676
758
806
708
782
770
708
656
688
546
524
590
574
698
796
746
768
774
798
790
850
874
934
804
772
738
820
800
840
802
682
774
788
752
838
852
852
756
774
656
664
664
662
612
596
632
500
474
310
368
356
326
332
300
364
370
378
282
258
328
494
450
594
726
740
764
734
804
864
782
588
474
498
478
474
510
456
460
508
416
556
472
496
526
632
676
688
696
674
750
764
660
656
666
542
576
400
372
332
240
232
300
200
124
124
80
100
86
148
204
214
110
54
106
178
228
258
240
134
194
102
86
6
4
56
102
108
78
20
46
170
262
242
288
198
342
292
252
206
78
50
96
124
168
170
136
192
66
20
34
32
68
98
92
76
126
42
56
92
82
38
16
98
86
172
300
348
276
270
244
180
104
54
64
4
60
26
64
16
54
76
50
56
46
108
80
164
138
76
136
170
174
178
258
132
8
8
42
72
32
12
28
76
88
102
38
98
108
66
94
204
162
246
248
258
288
332
406
512
462
534
558
716
686
786
736
704
696
760
704
638
678
764
756
800
800
744
756
766
826
786
880
882
926
846
922
824
722
848
922
782
860
888
914
962
906
930
974
994
1078
1008
924
932
1014
998
1004
972
944
946
956
886
874
828
784
840
868
920
906
850
862
830
916
952
1074
1114
1050
1080
1028
1040
1052
1048
1008
1086
1050
988
990
916
932
968
998
1028
1044
1066
1092
1112
1102
1142
1160
1044
994
1058
1218
1076
1112
976
944
988
882
744
798
758
800
818
688
710
686
724
750
774
612
654
702
674
748
758
804
762
832
884
982
1044
1062
942
994
928
906
876
846
872
642
662
686
664
752
806
940
964
956
870
902
894
856
906
878
820
934
1002
982
942
896
952
956
922
930
784
850
738
720
686
738
772
818
682
692
658
692
720
574
570
578
470
366
376
322
330
428
516
364
404
306
270
364
288
372
436
500
510
420
444
300
322
394
424
436
540
564
620
552
546
524
492
424
438
412
366
296
326
228
278
398
352
376
358
450
476
432
348
346
268
350
462
464
448
398
158
234
204
6
114
138
138
70
152
120
82
6
38
6
10
20
32
12
168
290
332
396
342
500
584
658
598
610
542
504
390
380
418
536
464
470
506
504
524
586
616
548
502
468
428
234
212
378
270
324
388
388
454
320
384
382
366
496
478
404
272
372
282
262
338
370
436
412
482
538
444
510
540
722
800
900
824
724
584
612
550
538
628
668
638
614
646
698
670
740
898
952
866
772
778
806
780
784
702
678
712
736
796
668
644
690
712
636
744
810
744
764
734
774
846
788
810
786
798
918
976
962
998
1006
954
908
890
878
842
870
798
674
642
580
588
566
584
536
428
396
294
340
252
312
100
174
114
130
164
218
228
170
236
162
194
94
54
42
6
36
76
44
0
124
136
44
20
2
2
46
36
102
156
292
314
300
244
218
308
278
150
130
226
194
250
214
282
364
318
342
334
190
254
330
296
232
224
288
340
346
378
384
460
564
498
416
344
374
296
304
382
378
310
372
346
318
436
334
190
198
224
122
64
118
116
154
84
144
166
192
266
176
80
124
112
128
240
300
332
258
304
396
302
274
276
252
214
170
196
98
188
182
246
336
384
442
436
582
556
312
390
398
326
302
294
184
266
350
272
314
196
260
146
150
148
146
212
268
278
296
200
178
216
182
288
404
436
456
364
494
546
542
544
552
542
610
678
634
650
640
614
668
594
658
528
516
514
740
726
704
768
796
796
756
848
878
840
884
850
778
774
870
928
702
786
818
820
816
842
846
830
924
908
898
876
948
978
864
786
750
810
848
882
826
874
882
864
768
724
774
762
606
618
622
672
600
586
508
390
534
526
520
522
552
474
442
416
442
414
456
398
480
536
542
674
650
718
814
764
708
764
838
896
976
874
770
810
818
896
880
748
652
534
596
526
422
258
316
332
320
396
484
478
454
492
364
366
444
400
558
362
344
266
290
364
390
384
326
364
292
286
242
278
138
116
192
230
184
188
180
282
152
96
76
162
128
148
206
144
72
36
4
38
20
8
56
18
70
72
14
48
60
38
36
42
10
6
80
108
130
78
16
76
46
48
90
132
110
122
60
48
76
102
98
4
0
14
10
6
168
68
90
156
78
74
116
26
134
266
250
180
114
152
126
34
112
140
186
164
98
38
44
152
188
174
150
136
42
104
146
86
170
246
136
94
180
360
250
266
230
222
316
262
334
288
324
224
272
330
308
346
378
376
310
244
302
232
138
194
250
294
328
412
236
292
250
114
152
70
8
18
50
144
108
44
22
44
20
90
100
58
164
322
332
406
388
496
410
426
462
484
430
396
328
340
316
368
386
486
526
598
548
502
480
528
540
530
382
228
260
322
346
360
428
322
180
236
238
228
182
160
152
156
180
18
130
90
20
42
80
4
32
10
22
116
154
314
332
338
346
362
336
368
380
458
436
488
378
472
478
610
590
622
718
762
776
690
670
680
644
584
574
666
650
610
612
596
618
706
620
682
536
602
600
510
440
386
416
448
448
328
206
168
86
58
202
314
204
312
392
454
482
396
490
544
360
370
284
406
452
508
560
528
590
574
600
542
652
686
620
422
382
298
372
302
114
98
112
108
102
56
172
244
138
178
276
114
50
54
40
22
60
108
162
168
66
28
16
78
46
42
60
68
100
174
184
148
194
208
314
274
216
244
264
78
98
262
390
426
402
358
290
274
280
230
178
14
44
54
206
240
146
154
134
220
222
356
354
446
372
390
364
328
276
330
386
400
384
372
648
584
672
708
730
678
562
664
694
596
564
458
452
440
442
512
508
360
272
328
268
306
236
216
118
18
116
62
104
158
192
246
104
80
128
108
104
94
28
46
10
32
110
234
292
148
142
44
20
90
116
160
180
180
230
220
252
264
266
222
398
378
370
464
442
412
486
474
374
274
200
298
300
250
278
328
352
362
354
264
248
336
448
542
492
450
358
344
426
510
468
490
520
404
406
226
242
206
156
154
84
12
50
80
170
200
254
222
346
448
432
496
608
590
620
584
596
658
706
782
664
622
608
540
414
362
338
378
524
556
388
316
262
168
156
238
376
294
474
474
306
346
220
220
200
212
46
24
40
146
250
272
248
206
300
350
356
386
408
338
282
212
194
126
124
244
328
432
344
392
452
556
532
554
580
576
580
556
548
624
654
646
666
702
762
832
804
750
752
778
768
780
754
866
920
1014
986
1022
1206
1176
1258
1174
1130
1110
1112
1094
1048
1026
878
798
636
632
544
528
604
656
656
588
610
790
770
752
752
798
862
972
1014
960
970
992
824
774
704
662
774
830
854
744
818
798
782
628
702
680
612
666
706
536
578
704
842
776
714
740
810
806
732
778
772
812
878
846
850
914
1010
918
930
934
962
1016
1054
1116
1132
1142
1076
1066
1062
1024
1024
1054
1082
1006
1074
1174
1084
1068
1008
1134
1152
1274
1298
1298
1160
1146
1048
1002
946
838
888
970
900
874
860
738
678
614
618
594
664
766
752
674
716
642
732
732
822
734
802
748
706
642
580
610
674
648
628
494
402
380
454
530
536
602
572
582
474
400
380
394
444
482
450
368
328
280
254
270
340
298
322
304
346
268
430
360
338
402
514
494
494
426
382
404
364
412
266
228
174
180
182
302
280
118
32
144
342
378
370
364
394
440
352
290
176
238
212
164
234
112
146
144
188
230
172
188
102
158
274
172
138
134
144
184
190
154
90
170
144
60
