384
430
440
422
358
330
352
328
346
360
410
378
410
430
448
364
390
366
334
372
430
400
416
482
492
470
454
454
384
364
350
280
266
274
294
306
320
236
266
234
232
190
212
214
216
242
172
106
154
152
152
160
120
80
92
30
14
30
38
4
8
26
62
98
90
108
160
222
242
280
260
304
320
290
272
194
104
94
108
126
58
36
10
14
6
4
4
40
8
0
50
4
10
52
48
130
116
146
124
118
128
122
156
88
76
114
90
72
154
122
136
132
102
134
148
150
152
164
186
152
158
120
30
16
50
6
2
108
108
82
30
94
110
72
92
108
110
76
20
14
14
62
70
82
80
110
128
120
50
70
56
10
42
12
36
8
30
120
150
134
102
64
66
40
22
22
56
112
92
172
248
240
216
188
184
160
182
148
206
202
162
144
98
188
130
152
182
172
196
204
250
274
316
308
248
260
270
266
342
384
356
382
378
380
450
442
388
408
386
400
362
330
340
360
376
448
432
464
434
426
390
410
416
366
332
362
334
312
352
382
418
410
428
482
484
476
520
520
554
530
538
468
450
424
442
502
482
486
482
488
454
434
460
484
468
510
548
532
498
524
550
538
534
538
514
532
530
548
502
532
500
476
468
402
426
400
448
466
440
446
452
426
486
460
438
444
422
442
512
492
508
420
412
392
418
424
438
476
438
400
364
336
264
252
274
292
314
256
284
306
272
250
252
278
322
354
304
320
374
350
330
328
340
368
386
332
326
340
298
260
312
298
300
274
242
294
302
278
306
306
306
282
302
266
258
246
218
252
298
280
300
372
388
404
410
406
416
466
436
414
436
428
420
386
396
412
398
416
428
400
418
412
354
332
388
378
326
338
340
344
306
230
226
220
202
202
266
294
314
266
258
252
264
224
234
252
226
260
202
166
156
168
218
184
216
294
300
280
312
282
330
330
270
242
238
212
192
242
266
308
350
384
448
454
420
448
496
470
458
434
470
486
454
452
448
450
478
480
514
550
510
478
470
472
470
472
514
464
438
400
390
348
338
340
378
384
426
448
408
402
398
380
374
358
352
330
324
366
362
312
338
272
222
184
226
268
280
224
212
252
310
384
386
340
344
404
454
454
472
506
516
478
506
546
554
558
588
576
572
544
538
532
574
548
544
500
534
538
492
540
572
632
616
586
600
574
626
582
606
608
632
674
642
634
602
586
592
562
538
508
552
558
566
578
560
514
504
524
568
598
598
582
612
630
634
610
576
516
484
460
440
426
420
394
436
436
456
394
476
464
468
464
454
450
434
498
506
420
394
386
312
314
350
374
392
430
444
464
418
382
406
378
306
370
360
430
422
442
456
484
456
452
474
442
406
352
418
400
384
362
416
438
496
472
490
436
442
424
378
322
314
368
390
388
376
376
370
390
362
418
438
402
348
312
334
334
356
320
324
288
348
414
370
302
246
274
266
248
276
288
288
274
356
372
368
404
426
406
350
354
370
400
366
360
374
366
406
384
312
256
294
274
206
218
178
150
170
200
260
220
230
244
166
140
210
256
202
194
170
156
146
160
160
158
176
190
226
160
242
228
152
166
102
148
156
152
114
156
234
220
198
160
118
184
148
126
172
136
186
202
234
196
210
204
260
244
292
258
248
232
150
194
272
276
186
214
238
268
274
308
270
316
310
324
348
376
388
346
326
266
276
308
288
250
290
308
290
308
292
254
282
274
288
264
286
202
198
166
154
90
56
66
64
68
70
100
146
188
226
200
160
84
62
88
48
58
42
38
34
66
66
0
30
64
50
48
28
34
92
66
90
74
66
28
6
6
42
76
54
102
136
172
160
132
172
192
106
90
56
66
20
8
6
44
28
40
62
16
98
48
12
58
124
128
124
140
128
184
220
140
130
124
94
98
100
66
106
130
132
168
160
138
196
130
136
220
252
278
226
220
238
262
260
210
222
262
290
258
252
222
242
204
200
260
234
312
372
332
358
336
332
322
354
306
322
264
302
268
250
272
326
330
332
328
300
336
334
320
268
268
246
256
262
358
308
226
308
308
292
324
376
388
376
384
392
322
298
284
264
352
306
298
336
292
300
332
320
350
352
376
364
326
326
306
278
258
228
260
266
206
208
222
250
254
228
190
226
192
116
114
90
92
96
136
132
126
172
208
206
196
206
178
164
156
176
204
174
160
156
176
162
130
156
194
134
126
124
154
206
214
210
218
164
194
258
208
254
206
200
160
206
158
176
114
84
156
122
146
100
84
76
34
14
10
32
2
30
16
42
32
32
34
128
140
138
206
190
192
216
192
138
160
152
110
110
146
166
134
150
116
94
140
152
120
110
90
76
66
88
122
122
88
56
0
40
18
94
84
118
148
134
136
124
132
154
44
68
144
112
24
10
50
14
100
184
84
54
60
78
86
124
114
170
184
122
40
18
24
10
48
50
20
24
70
40
60
18
100
48
18
2
34
26
62
128
120
122
102
160
162
204
220
236
270
244
228
204
218
230
264
284
314
292
280
318
340
334
342
280
272
248
240
246
308
316
370
316
254
312
300
332
344
384
434
426
442
422
414
416
458
450
450
512
458
408
432
412
428
400
362
374
430
444
504
466
510
428
404
370
358
350
352
362
358
364
360
382
382
374
326
290
324
306
324
368
340
272
346
408
416
400
364
392
422
390
376
346
294
292
232
228
232
222
192
234
276
206
148
130
66
72
42
90
62
112
126
156
164
176
164
116
160
124
184
204
204
262
246
260
316
318
318
364
344
346
294
242
182
198
196
234
240
224
184
140
128
156
178
190
202
226
228
240
232
258
272
248
180
194
240
230
254
240
212
226
234
176
130
122
116
92
90
122
158
178
182
160
184
184
186
212
232
244
278
314
332
356
318
360
360
390
396
372
372
428
410
474
488
468
458
450
468
472
456
412
410
412
420
430
408
438
410
402
400
346
306
246
262
286
302
332
294
286
294
262
272
226
176
170
180
114
56
50
62
32
30
10
50
62
50
86
110
82
74
102
86
92
34
44
24
6
48
8
18
2
4
20
2
68
92
144
154
80
98
104
76
64
64
98
52
38
30
12
4
26
54
58
60
50
78
80
56
96
52
68
118
156
102
118
80
84
110
54
30
36
22
28
10
14
10
62
50
26
4
56
58
54
142
104
76
66
152
120
132
148
182
146
158
136
174
192
212
216
268
228
182
194
212
240
248
268
290
284
282
342
352
382
404
354
372
400
404
350
382
388
394
410
452
430
448
490
466
466
476
534
506
566
492
546
508
538
566
544
526
514
476
508
500
482
390
388
364
452
446
414
396
346
344
288
264
314
328
376
388
366
378
438
384
394
400
422
484
468
458
442
502
434
472
488
436
376
380
374
408
424
358
350
346
408
356
330
276
276
290
294
258
316
340
380
336
316
288
278
258
236
194
192
238
212
212
196
146
156
198
248
202
144
186
182
184
184
126
102
82
110
66
52
58
38
60
50
44
18
4
2
48
20
106
102
120
164
166
152
182
164
198
204
242
282
302
318
338
328
312
322
328
320
326
398
428
444
444
486
494
494
426
436
448
440
496
516
500
472
502
508
456
440
424
448
476
502
584
564
544
560
538
520
468
532
496
458
412
462
356
398
440
498
492
524
534
560
618
624
600
566
540
510
510
486
484
500
438
482
506
484
524
494
502
480
482
464
450
492
524
474
498
508
564
578
598
596
592
554
458
458
476
444
460
450
416
424
422
414
422
444
436
436
500
452
410
394
410
380
356
304
392
400
404
436
430
458
470
560
538
514
548
574
570
506
534
528
548
514
502
480
432
470
568
590
544
524
472
530
524
520
564
542
568
548
602
632
598
594
648
622
608
566
610
632
650
672
648
664
640
634
584
626
580
556
504
476
432
422
412
464
396
448
418
452
460
400
424
410
420
448
480
426
416
380
332
342
348
332
338
314
266
250
262
198
218
240
240
264
248
238
240
264
234
238
248
256
296
274
290
294
262
282
260
228
212
242
270
242
200
278
232
210
190
142
94
84
98
152
190
224
240
190
226
240
284
300
296
266
194
210
220
156
166
196
268
288
286
272
340
334
348
310
308
316
262
278
256
292
210
170
184
182
114
80
120
104
22
36
50
58
28
36
28
54
82
104
88
128
118
120
84
70
84
106
62
62
46
44
8
48
94
44
8
32
96
54
60
96
26
32
26
4
16
38
50
60
24
28
14
68
46
74
22
8
36
70
74
136
96
60
94
120
178
180
148
178
126
120
70
80
72
22
56
34
54
2
30
26
8
8
36
30
62
74
84
48
34
26
64
88
88
86
80
86
46
120
106
90
122
140
132
132
152
168
208
230
226
246
276
292
310
270
226
248
264
248
302
282
246
280
242
226
298
308
314
278
236
174
156
206
178
180
180
164
198
182
224
276
290
300
366
356
406
418
380
402
366
368
334
396
398
402
344
368
388
364
396
410
352
350
350
300
312
326
320
330
270
276
276
278
270
230
234
274
270
244
194
236
246
232
294
264
230
238
288
292
308
306
298
336
324
368
390
402
394
