380
364
246
384
410
496
608
738
736
722
606
602
660
576
544
528
576
550
542
494
494
612
526
420
642
668
588
608
622
670
534
348
312
264
344
468
518
478
540
584
590
690
728
802
818
636
818
740
710
724
780
678
720
720
532
536
536
646
660
630
708
472
370
530
584
796
854
902
1022
1114
1068
1078
930
758
742
800
900
1066
1002
832
848
880
780
766
788
838
826
966
916
756
802
912
868
862
822
844
610
652
608
620
578
400
310
264
190
200
246
416
390
132
136
38
260
242
334
262
304
46
24
36
56
160
106
32
266
360
386
362
326
414
384
348
128
230
154
278
22
230
276
224
242
350
514
636
728
522
328
240
236
216
362
402
458
444
362
352
310
412
410
430
454
490
466
540
554
646
536
530
480
492
448
554
444
454
566
724
742
656
618
698
652
724
694
742
624
582
498
678
578
506
522
472
470
544
686
598
648
492
512
626
616
572
404
330
320
254
164
212
242
64
102
102
22
108
64
4
214
242
260
150
44
108
256
172
114
70
72
300
324
210
206
208
16
166
88
154
126
144
136
136
180
96
222
198
174
12
32
48
218
136
236
254
106
62
82
90
20
174
80
162
204
200
252
228
190
172
86
38
158
200
76
42
114
70
12
74
20
14
16
30
18
68
54
84
122
78
8
106
12
24
78
38
100
230
328
540
566
662
564
512
512
420
286
228
120
118
114
116
18
98
10
2
44
112
106
6
192
310
302
344
268
260
258
56
196
302
282
370
352
340
280
346
328
396
310
402
290
364
388
424
368
320
378
332
292
362
540
630
728
902
872
798
688
668
540
544
416
440
220
342
266
262
318
242
420
350
186
76
60
12
164
104
32
58
242
356
334
406
514
396
224
150
20
2
82
126
14
28
50
62
28
126
38
106
58
180
250
378
432
516
606
388
348
486
534
706
642
744
746
754
636
754
518
530
640
730
678
660
660
512
456
352
216
306
332
360
390
484
576
698
678
756
710
778
746
618
542
426
252
240
312
304
306
232
50
84
244
292
286
320
298
318
122
258
136
46
50
30
222
412
300
584
354
460
538
778
660
462
430
570
554
438
558
592
510
588
570
486
544
566
666
670
662
814
810
832
822
844
838
794
978
994
934
856
838
756
672
756
656
676
654
680
668
576
510
548
722
716
608
482
508
518
540
578
400
494
326
326
214
220
222
124
92
188
58
92
28
296
368
514
444
312
406
314
226
172
170
314
330
396
296
306
434
326
408
452
432
454
312
260
408
420
342
346
28
106
118
12
48
32
28
100
28
32
182
162
150
206
160
246
78
16
136
148
36
2
68
104
32
218
156
200
118
152
2
168
68
78
86
202
216
164
78
58
2
48
94
2
194
100
106
120
144
240
130
406
200
178
318
294
392
370
398
510
526
516
568
554
570
644
576
812
832
770
672
814
786
680
626
692
590
636
790
986
874
858
756
770
672
802
802
868
658
760
736
744
838
820
834
746
860
836
834
890
684
856
850
916
806
804
882
868
834
674
680
636
724
794
832
944
922
772
844
764
840
684
598
542
384
330
316
364
266
186
168
242
246
310
174
132
254
302
382
384
434
364
448
624
722
554
506
648
668
648
504
464
516
716
712
464
556
468
638
726
652
720
728
530
602
754
898
890
832
824
698
622
726
784
734
700
764
766
802
962
872
800
774
662
504
360
310
370
320
422
530
444
318
296
334
240
160
438
486
518
442
422
320
86
6
98
204
324
404
382
462
548
608
538
692
742
836
684
726
710
860
824
800
636
668
652
724
746
706
672
420
518
500
582
748
672
704
660
690
640
606
598
516
492
494
434
494
536
496
600
574
472
520
638
696
546
714
646
660
806
1002
906
928
930
954
920
934
1084
1088
1232
1170
1038
1118
1348
1354
1180
1202
1092
1088
1098
858
924
852
792
842
824
808
788
772
898
898
894
952
970
982
1062
1182
1302
1348
1252
1518
1628
1592
1694
1580
1474
1312
1402
1332
1450
1500
1438
1386
1338
1380
1184
1172
1174
1136
1168
1024
974
1118
1156
1096
1148
1160
1306
1280
1326
1302
1318
1278
1272
1356
1348
1342
1366
1332
1452
1606
1454
1240
1398
1462
1662
1658
1668
1630
1692
1534
1574
1656
1448
1390
1564
1638
1678
1756
1754
1826
1804
1828
1726
1864
1828
1968
1936
1968
1938
1934
1806
1802
1734
1806
1688
1624
1642
1704
1834
1742
1796
2012
1970
2026
2046
2012
1880
1874
1926
1744
1716
2012
2070
1968
1936
1850
1964
1856
1842
1820
1880
1864
1856
1870
1914
1922
1980
2020
1904
2156
2080
2192
2120
2260
2272
2348
2136
2070
2084
2184
2232
2226
2238
2044
2332
2318
2406
2464
2488
2430
2254
2304
2220
2062
2004
1996
2016
2076
1990
2132
2050
2034
2068
2038
1946
2096
2170
2156
2132
2192
2100
2226
2254
2224
2094
2138
2186
2024
2266
2256
2084
2052
2324
2434
2516
2592
2632
2802
2738
2816
2806
2772
2756
2758
2880
2904
2812
2712
2788
2744
2788
2730
2622
2616
2832
2836
2918
3074
2898
2668
2646
2476
2510
2658
2636
2686
2514
2488
2528
2512
2478
2534
2602
2736
2666
2716
2652
2678
2610
2736
2660
2688
2642
2572
2536
2582
2558
2592
2556
2798
2882
2984
2950
2978
3116
3032
3016
3094
3194
3246
3288
3252
3202
3126
3022
2862
2846
2910
2870
2854
2830
3004
3150
3208
3018
2936
2832
2774
2752
2888
2838
2804
2690
2546
2558
2460
2374
2340
2382
2440
2358
2546
2654
2730
2760
2852
2608
2364
2400
2458
2678
2662
2688
2562
2474
2380
2522
2540
2360
2344
2356
2330
2356
2364
2224
2242
2372
2458
2424
2494
2568
2614
2512
2480
2372
2288
2264
2188
2190
2316
2360
2456
2590
2648
2778
2808
2770
2928
2834
2792
2976
2970
2766
2658
2536
2638
2476
2508
2530
2562
2456
2356
2334
2396
2214
2232
2136
2104
2068
2020
2092
2062
2040
2120
2266
2080
2116
1988
1914
1864
1820
1716
1676
1764
1824
1730
1770
1750
1656
1498
1574
1604
1522
1508
1548
1714
1634
1696
1728
1816
1816
1634
1688
1636
1604
1594
1726
1680
1694
1630
1404
1218
1110
1336
1232
1210
1264
1318
1436
1358
1362
1406
1244
1308
1172
1086
744
900
782
822
782
724
636
750
758
888
824
804
686
638
630
562
646
640
712
832
790
782
650
694
650
658
704
728
870
932
952
1048
996
1010
962
906
802
660
438
688
710
782
816
856
964
1004
1072
938
818
1092
1128
1278
1286
1344
1404
1418
1526
1374
1276
1332
1240
1176
1152
1228
1342
1244
1260
1272
1364
1408
1354
1430
1378
1238
1268
1354
1418
1304
1240
1342
1354
1418
1374
1384
1532
1464
1578
1728
1660
1528
1558
1580
1524
1328
1266
1156
1186
1188
1266
1226
1334
1378
1456
1668
1626
1624
1564
1734
1560
1506
1466
1444
1322
1238
1106
1214
1330
1294
1180
1378
1340
1508
1654
1696
1706
1672
1710
1826
1626
1682
1840
1616
1642
1648
1638
1642
1614
1634
1594
1470
1330
1410
1378
1410
1592
1474
1566
1600
1634
1574
1666
1644
1716
1552
1442
1462
1434
1618
1730
1736
1592
1702
1832
1968
2016
2028
2070
2130
2122
2026
2170
2172
1964
1988
2054
1966
1944
1814
1842
1892
1964
1788
1764
1792
1970
2096
2118
1958
1908
1908
1866
1838
1836
1906
1868
1994
2068
2090
2108
2106
2152
2276
2304
2298
2360
2344
2246
2306
2430
2420
2414
2386
2292
2376
2376
2436
2528
2486
2472
2534
2784
2578
2510
2468
2540
2630
2620
2636
2496
2422
2504
2484
2376
2258
2420
2482
2340
2184
2248
2348
2196
1946
2000
1892
2094
2114
2056
1918
1968
1926
1986
1814
1794
1700
1656
1704
1616
1658
1774
1730
1702
1736
1692
1770
1674
1640
1606
1592
1610
1496
1594
1542
1572
1554
1418
1226
1200
900
878
860
814
718
636
646
644
670
594
480
380
338
354
270
392
554
556
564
712
560
492
466
480
486
544
504
428
440
376
192
6
20
134
98
200
252
322
328
412
404
446
524
620
660
512
580
614
574
418
512
476
456
500
644
620
672
732
704
642
662
672
816
736
640
676
600
588
586
562
594
744
750
620
686
564
616
582
500
540
416
544
598
492
504
502
670
688
762
912
986
856
836
968
1184
1320
1274
1196
1168
1146
1286
1266
1212
1082
890
876
1004
1082
1190
1152
1218
1284
1330
1150
1058
1042
1068
1066
1104
1068
1006
1094
1114
1168
1224
1214
1298
1212
1194
1150
1220
1218
1250
1150
1250
1140
1152
1106
1140
1144
928
902
788
766
732
704
614
840
946
748
664
684
734
680
680
724
616
566
536
358
452
468
596
722
802
794
730
664
726
610
658
822
726
894
926
1092
1062
976
982
1060
1332
1104
1164
1150
998
816
926
876
852
772
824
856
1038
756
760
802
706
602
618
620
454
460
440
420
474
460
470
682
612
614
698
602
596
544
528
496
570
574
552
470
620
660
634
688
684
696
732
714
566
734
622
624
476
390
426
522
600
566
534
594
562
474
582
546
658
806
782
746
780
868
774
802
720
656
648
642
734
636
570
638
728
798
852
990
1146
1166
1210
1198
998
1116
1172
1146
1118
1168
1098
986
940
936
1024
974
912
926
930
940
922
822
718
626
638
624
592
666
762
774
694
708
832
632
680
618
612
662
610
500
564
662
798
918
852
622
642
696
760
780
708
698
728
614
348
496
462
598
582
546
428
368
364
382
382
320
448
336
238
464
456
342
382
422
558
620
700
606
678
906
958
952
976
994
1046
1114
1062
1074
1006
916
954
960
1040
1064
1036
1056
962
924
1080
1242
1334
1224
1244
1436
1356
1402
1252
1114
1122
1148
1264
1376
1394
1344
1382
1378
1378
1420
1296
1214
1218
1160
1122
1304
1190
1060
1014
1110
988
946
790
892
1104
1128
1170
1170
1352
1192
1440
1538
1508
1534
1524
1648
1772
1528
1524
1424
1454
1610
1578
1478
1376
1308
1254
1368
1402
1304
1290
1388
1448
1562
1576
1770
1564
1550
1470
1396
1508
1346
1484
1468
1424
1350
1342
1392
1316
1322
1298
1186
1158
1002
928
1086
1008
1058
1134
1206
1262
1206
1284
1292
1338
1374
1294
1292
1130
1084
1150
980
1016
1042
1022
1024
942
880
690
644
792
720
604
716
952
890
1020
1086
914
772
