808
872
676
616
544
470
520
470
654
552
580
516
578
488
646
510
284
318
470
518
582
482
396
260
238
202
30
192
252
302
444
398
270
172
230
262
260
364
480
288
210
62
62
184
104
40
88
108
62
90
54
14
108
48
14
8
64
64
100
66
8
236
326
246
300
312
414
460
568
546
604
718
746
802
1052
1052
1090
1074
990
990
928
926
758
670
684
578
554
496
620
752
742
650
750
646
548
310
180
212
200
294
196
84
92
110
36
52
34
144
288
284
224
350
492
358
326
374
222
160
86
76
28
30
4
154
280
192
330
390
370
280
214
386
378
464
456
416
386
518
610
790
838
814
878
788
742
634
674
532
292
226
16
186
292
320
250
210
174
142
244
472
492
422
278
330
184
194
6
146
104
114
68
170
306
82
80
86
104
60
180
296
208
96
72
214
234
178
220
332
168
114
4
14
116
272
176
282
270
210
294
380
576
670
684
656
628
744
706
668
794
786
762
676
612
544
612
778
682
830
764
738
696
926
1098
1036
1028
1088
1282
1242
1270
1278
1262
1264
1286
962
854
762
734
750
680
782
708
654
808
950
916
862
890
774
832
964
1036
980
868
626
522
498
434
316
72
188
364
272
278
238
224
282
304
316
386
362
330
390
344
494
456
502
576
470
408
500
396
472
584
452
486
490
490
394
424
392
422
354
366
242
318
220
226
308
364
294
366
578
544
638
556
394
328
250
178
118
108
130
28
68
82
134
294
166
36
82
48
104
98
196
44
30
22
22
226
488
332
306
482
552
500
428
392
180
102
88
170
200
62
120
90
28
106
68
20
54
122
262
202
182
326
532
620
686
776
702
638
518
454
524
244
78
144
202
276
376
310
202
50
10
6
32
64
8
56
100
232
406
424
434
462
374
352
224
268
208
154
142
102
112
122
270
162
72
88
68
174
74
128
116
250
260
344
456
452
324
376
114
122
378
462
268
258
172
70
226
246
270
178
252
252
232
222
254
208
54
68
36
176
84
90
4
50
32
62
94
208
372
494
432
428
550
664
534
594
758
538
522
492
392
490
456
478
426
482
572
628
750
780
778
740
700
904
724
750
808
782
816
1016
914
822
804
638
968
1120
1206
1192
1190
1090
1224
1240
1152
1028
1048
1206
1030
1088
856
880
866
696
544
544
466
534
474
654
746
662
574
606
730
678
874
544
506
456
584
694
744
848
738
766
652
678
672
676
724
852
964
1202
1408
1362
1312
1328
1372
1530
1708
1772
1738
1774
1754
1626
1826
2038
2100
2030
1998
1636
1604
1626
1640
1700
1678
1648
1886
1652
1714
1642
1686
1708
1770
1868
1916
1830
1748
1864
1842
1848
1742
1856
1808
1888
2004
2034
1970
2000
2018
2032
2008
1868
2032
2130
1934
1850
1766
1866
2012
1990
1940
2056
2094
2050
2016
1992
1780
1768
1690
1796
1672
1834
1720
1756
1856
1830
1796
1792
1724
1702
1708
1712
1754
1628
1714
1652
1718
1716
1694
1694
1704
1664
1528
1448
1480
1458
1406
1426
1494
1536
1444
1392
1324
1278
1228
1116
1260
1192
1276
1276
1472
1388
1370
1376
1370
1436
1356
1422
1196
1210
1224
1442
1422
1570
1670
1682
1606
1496
1500
1502
1532
1326
1434
1372
1450
1418
1532
1334
1142
1192
1240
1418
1392
1364
1152
1200
1252
1104
912
894
942
752
754
716
624
560
572
818
836
920
1024
942
904
1010
1008
1108
1202
1222
1160
1142
1124
968
790
648
666
810
856
604
740
898
952
948
926
856
590
592
580
638
798
702
630
524
650
482
410
286
294
160
242
454
370
398
380
262
332
456
478
452
328
420
528
384
462
628
692
686
802
680
542
670
652
790
744
998
908
828
676
624
626
630
512
488
562
534
404
328
274
178
192
100
316
404
290
322
410
554
362
400
334
180
252
222
188
248
120
186
80
68
120
28
16
58
44
32
42
198
72
118
62
54
20
98
164
26
192
194
48
168
36
86
8
22
236
392
394
406
314
196
280
254
252
188
300
208
186
190
56
100
172
146
40
8
138
22
78
106
108
110
166
238
324
558
772
650
674
746
656
550
574
764
654
622
594
578
512
660
730
766
554
618
496
468
520
302
572
624
664
614
806
984
1262
1344
1370
1320
1404
1318
1164
1344
1202
1298
1264
1222
1172
1160
1264
1292
1212
1126
1164
1306
1128
1050
1006
1080
890
840
738
918
792
774
820
976
1146
1108
1170
1204
1312
1418
1208
1354
1300
1412
1336
1346
1220
1172
1092
952
934
888
774
616
704
692
726
626
576
682
490
674
706
574
604
512
610
516
276
200
162
258
212
256
424
428
396
412
616
688
702
850
842
880
982
920
926
866
822
704
726
708
624
514
400
398
462
374
364
284
130
386
484
478
562
406
302
256
380
504
488
444
416
390
486
486
500
646
790
734
764
816
894
828
832
740
802
832
734
546
536
576
494
638
766
694
580
550
532
538
600
740
666
626
332
396
278
268
172
74
116
308
226
278
406
490
398
406
456
288
138
70
42
124
114
12
32
36
112
78
64
120
128
300
326
276
452
518
448
448
416
462
382
382
248
320
262
162
102
152
342
216
342
324
196
350
270
372
366
324
380
336
294
364
264
462
346
242
424
536
474
322
184
116
180
338
252
372
318
310
302
128
46
38
64
36
76
8
2
162
88
186
114
106
92
30
22
258
506
572
390
436
508
580
756
672
610
694
642
640
722
634
716
734
812
636
576
624
782
784
882
964
900
1010
1030
798
970
822
778
606
552
396
454
608
492
362
274
298
278
392
430
474
612
566
460
432
520
490
556
604
670
780
728
628
640
590
606
556
680
840
912
1026
1066
918
752
726
736
796
784
842
784
854
798
556
754
808
730
694
730
746
650
730
692
886
880
868
948
940
924
882
1074
902
1068
956
878
976
854
968
1076
958
1024
1030
952
1084
1214
1084
1126
1048
986
1076
1200
1128
1038
856
826
694
654
540
580
630
422
404
474
596
456
520
420
686
696
778
862
782
848
942
1070
944
884
1022
1028
912
844
912
874
780
780
818
870
676
798
908
992
1034
924
804
790
718
534
588
810
696
782
752
640
654
720
700
924
1012
768
786
854
694
468
640
628
564
384
442
508
348
226
160
136
4
6
22
74
172
242
150
144
300
302
354
480
440
698
652
602
496
454
496
210
282
118
168
94
142
234
330
132
150
28
80
30
188
106
114
372
336
392
474
600
538
514
412
520
272
192
258
272
330
310
418
296
430
594
636
742
750
832
800
652
414
376
424
418
492
484
418
400
506
430
572
378
428
342
278
278
196
56
54
54
92
86
78
204
152
22
80
64
54
62
88
322
340
256
194
458
454
322
374
354
386
344
430
286
188
136
140
134
226
108
82
154
136
206
260
340
188
202
194
468
578
666
636
468
680
644
724
568
494
470
442
560
464
482
298
296
304
72
42
94
108
152
290
240
398
390
400
274
284
268
102
332
292
330
428
268
232
252
110
176
48
20
128
66
58
298
412
318
274
252
252
226
32
20
94
86
68
148
172
56
18
110
24
106
216
106
44
30
104
112
120
324
136
220
190
220
368
430
562
432
592
478
376
478
312
448
466
506
574
474
546
554
354
258
96
92
132
114
178
298
250
84
14
62
58
42
60
96
222
218
252
58
148
132
62
4
40
116
256
382
280
314
360
532
436
380
504
648
900
824
880
826
706
940
974
914
890
970
902
882
804
798
980
1096
1094
1056
878
904
986
1202
1254
1158
1160
1122
1128
1196
1252
1326
1348
1262
1152
1190
1260
1260
1190
1412
1312
1528
1434
1518
1620
1732
1750
1756
1604
1746
1548
1496
1540
1408
1374
1300
1392
1390
1386
1414
1590
1470
1508
1502
1562
1706
1860
1874
1858
1678
1682
1516
1716
1738
1732
1788
1906
1946
1862
1950
1882
1974
2034
1992
2106
2070
2066
2014
1870
1928
1754
1808
1852
1714
1648
1552
1582
1506
1566
1488
1562
1488
1484
1304
1302
1220
1478
1554
1694
1846
1732
1608
1494
1434
1298
1220
1128
1252
1234
1038
1074
1002
1062
1036
1020
950
796
890
1004
1062
1012
1042
1070
1106
1182
1110
1232
1338
1406
1378
1376
1328
1450
1524
1598
1598
1766
1798
1736
1648
1358
1392
1504
1392
1362
1312
1418
1490
1496
1488
1582
1582
1640
1874
1904
1864
1782
1746
1712
1816
1930
1962
1928
1918
1822
2056
2018
2100
2100
1954
2114
2170
2242
2292
2318
2246
1924
1964
1642
1708
1484
1394
1574
1560
1644
1744
1848
1906
2064
1934
1956
1676
1382
1440
1442
1410
1344
1228
1522
1406
1540
1646
1802
1836
1654
1612
1672
1754
1712
1762
1758
1896
1808
1726
1768
1760
1838
1922
1908
1798
1846
1970
2010
1802
1838
1848
1910
2004
1970
1860
1818
1810
1866
1720
1678
1378
1380
1276
1280
1390
1364
1276
1400
1344
1286
1296
1304
1290
1458
1444
1498
1536
1400
1294
1252
1190
1276
1326
1502
1546
1398
1454
1532
1552
1476
1422
1398
1446
1474
1512
1452
1440
1468
1452
1316
1226
1192
1234
1164
1208
1240
1106
1036
1038
1158
1238
1386
1402
1510
1494
1568
1392
1236
1308
1384
1392
1636
1390
1340
1220
1082
1062
976
1202
1408
1354
1228
1104
1332
1442
1242
1080
1218
1040
1242
1258
1136
1102
884
916
1058
834
928
890
1004
984
914
970
932
896
768
940
1096
1158
1144
1134
1216
1298
1298
1206
1420
1408
1342
1380
1398
1322
1282
1478
1556
1422
1380
1394
1252
1258
1124
1134
1194
1288
1210
1158
1190
1270
1266
1264
1264
1300
1304
1158
1206
996
862
930
1120
1012
836
792
732
692
720
718
784
806
764
814
706
852
768
844
862
1016
1048
1016
992
1014
910
868
954
994
908
924
722
880
794
846
654
500
480
348
366
476
476
618
644
856
894
896
958
982
876
700
690
718
636
592
638
586
490
384
230
352
224
288
226
82
154
24
38
36
22
94
32
268
290
350
280
476
442
506
530
532
652
590
490
478
580
478
424
470
646
674
