6774
6786
6800
6794
6904
6796
6846
6788
6918
6934
7028
6988
7054
7020
7030
7032
7000
6894
7040
7132
7086
7062
7096
7266
7442
7492
7452
7378
7384
7420
7418
7366
7278
7144
7214
7232
7234
7388
7502
7328
7386
7384
7450
7312
7280
7226
7164
7118
7200
7198
7218
7200
7104
7142
7098
7194
7066
7074
7062
7168
7128
7230
7270
7164
7138
7110
7034
7004
7036
7060
7060
6962
6958
6908
7042
7014
7028
6960
6982
6828
6826
6888
7044
7138
7114
7190
7146
7126
7108
7080
7110
7038
7110
7200
7096
7174
7164
7148
7168
7158
7086
7044
7040
7130
7042
7038
7016
7000
6992
7040
7162
7050
7200
7130
7108
7062
7226
7290
7264
7248
7208
7338
7310
7310
7288
7206
7288
7390
7300
7280
7246
7324
7316
7384
7362
7416
7352
7348
7314
7354
7278
7160
7114
7052
7084
7118
7272
7170
7210
7128
7186
7254
7320
7280
7188
7242
7324
7390
7348
7406
7410
7264
7236
7278
7172
7232
7328
7276
7270
7206
7406
7362
7324
7284
7234
7288
7418
7312
7362
7408
7446
7350
7424
7412
7402
7424
7406
7486
7488
7526
7390
7440
7368
7424
7356
7396
7424
7436
7346
7272
7278
7294
7328
7370
7350
7266
7400
7358
7252
7254
7282
7218
7166
7264
7214
7228
7230
7154
7208
7286
7244
7326
7262
7214
7244
7158
7182
7130
7028
6938
6944
7042
7060
6962
6918
6890
6896
6946
6962
6850
6880
6898
6942
6860
6906
6974
6964
7150
7098
7174
7240
7208
7178
7224
7300
7330
7208
7216
7278
7084
7148
7286
7258
7258
7390
7360
7406
7460
7496
7510
7402
7470
7532
7540
7560
7554
7582
7552
7544
7556
7490
7464
7482
7602
7552
7534
7492
7432
7378
7418
7296
7278
7372
7358
7464
7522
7494
7514
7386
7432
7400
7392
7368
7368
7350
7342
7340
7372
7364
7400
7276
7220
7308
7432
7480
7730
7720
7742
7840
7724
7636
7602
7630
7674
7684
7638
7602
7652
7602
7594
7662
7798
7770
7776
7666
7718
7662
7746
7726
7786
7680
7600
7734
7690
7580
7604
7502
7632
7746
7796
7746
7740
7678
7598
7518
7536
7544
7566
7598
7606
7594
7604
7482
7444
7394
7448
7400
7392
7242
7352
7328
7230
7334
7362
7320
7374
7300
7304
7304
7382
7396
7334
7338
7316
7412
7492
7506
7418
7564
7506
7394
7366
7326
7386
7362
7326
7344
7328
7362
7220
7296
7184
7142
7090
7098
7080
7070
6986
7020
7092
7030
7000
7072
6970
7016
7036
7064
6964
7138
7120
7226
7226
7180
7096
7066
7080
7040
6962
6828
6852
6760
6738
6782
6744
6766
6906
6974
7020
7050
7046
7004
7052
7050
7030
7004
6884
6896
6816
6902
6878
6908
6876
6920
6922
6960
6970
6964
6994
6950
6876
6826
6894
6920
6898
7008
7044
7006
7024
7018
6998
6982
6918
6976
6950
7002
7048
7022
7060
7146
7114
6996
7100
7040
7088
7124
7076
6992
7060
7056
6906
6842
6932
6960
6946
6988
6926
6942
7004
6968
7038
6936
6880
6940
6902
6958
7020
7018
6972
7046
7046
6930
6980
6990
7020
7102
7230
7128
7014
6954
6906
6846
6814
6820
6766
6740
6766
6816
6852
6940
6868
6922
6956
6918
6902
6900
6914
6882
6922
6916
6868
6934
6928
6986
6994
6912
6922
6956
6940
7022
7006
7004
6972
6808
6846
6800
6872
6780
6834
6898
6968
6944
6918
7086
7036
7050
7014
6944
6918
6880
6996
7122
7136
7154
7146
7124
7044
7206
7116
6980
6994
7028
6902
6828
6804
6762
6722
6632
6590
6638
6630
6658
6764
6694
6628
6674
6640
6566
6686
6548
6442
6548
6664
6608
6630
6708
6738
6696
6786
6762
6682
6604
6600
6654
6770
6782
6810
6940
6972
7104
7116
7108
7048
7016
7046
7068
7112
7198
7168
7160
7060
7074
7034
7136
7182
7154
7162
7082
7166
7046
7120
7092
7168
7160
7108
7054
7068
7044
7046
6980
6982
6828
6856
7004
7056
7012
7074
7098
7030
7028
7070
7064
7032
7016
6888
6764
6744
6760
6698
6610
6580
6648
6740
6788
6710
6674
6788
6710
6742
6648
6642
6790
6774
6848
6820
6776
6702
6658
6712
6782
6704
6686
6672
6586
6548
6394
6428
6494
6570
6626
6710
6720
6744
6636
6746
6742
6728
6686
6664
6726
6758
6724
6730
6710
6658
6676
6724
6804
6742
6762
6752
6604
6534
6508
6600
6612
6494
6620
6648
6596
6574
6636
6570
6608
6648
6692
6724
6738
6686
6714
6580
6546
6694
6714
6724
6796
6748
6772
6774
6728
6850
6868
6918
6908
6880
6784
6700
6744
6704
6696
6874
6864
6890
6816
6862
6896
6896
6892
6878
6976
7006
6946
6748
6818
6850
6830
6880
6956
7158
7150
7286
7348
7410
7242
7162
7218
7274
7296
7240
7246
7172
7054
7140
7234
7348
7356
7430
7408
7402
7392
7286
7232
7100
7118
7092
7154
7242
7340
7328
7394
7414
7372
7474
7538
7450
7370
7496
7456
7410
7468
7554
7584
7482
7538
7420
7454
7486
7446
7370
7448
7414
7390
7332
7314
7336
7354
7314
7296
7248
7188
7272
7282
7250
7158
7180
7170
7164
7176
7210
7262
7256
7264
7340
7328
7452
7402
7410
7404
7420
7442
7432
7444
7498
7362
7366
7370
7412
7426
7436
7316
7524
7434
7366
7404
7442
7420
7330
7314
7340
7366
7438
7558
7590
7470
7532
7582
7528
7574
7594
7528
7532
7448
7358
7416
7428
7336
7320
7276
7170
7242
7160
7226
7364
7402
7498
7454
7348
7312
7302
7246
7392
7388
7442
7428
7412
7398
7352
7384
7346
7344
7304
7348
7394
7342
7140
7120
7188
7364
7420
7338
7394
7452
7412
7406
7364
7276
7252
7302
7336
7326
7278
7354
7398
7486
7402
7512
7610
7514
7472
7582
7434
7280
7308
7252
7182
7244
7266
7154
7152
7034
7084
7168
7164
7146
7180
7184
7232
7316
7352
7398
7400
7402
7414
7340
7386
7452
7348
7346
7254
7318
7240
7048
6930
7030
7036
7102
7126
7062
7096
7104
7028
7050
7032
7014
7074
7082
7146
7190
7056
7048
7112
7138
7186
7180
7100
7034
7052
7054
7006
7078
7138
7242
7234
7152
7120
7182
7140
7116
7062
7020
7082
7174
7178
7176
7126
7118
7132
7012
6992
7052
7118
7170
7072
6988
6996
7014
6898
6974
6894
6912
6898
6926
6854
6838
6920
6908
7036
7036
7012
7034
6946
6996
6942
6956
6830
6852
6744
6736
6782
6628
6612
6540
6524
6592
6578
6388
6418
6360
6244
6230
6142
6180
6148
6070
6102
6024
6070
6144
6146
6130
6274
6350
6340
6382
6380
6482
6526
6582
6686
6736
6688
6574
6526
6570
6652
6708
6856
6852
6800
6818
7060
7032
6988
6998
7012
6874
6892
6854
6896
6972
6936
6794
6786
6752
6808
6666
6524
6444
6476
6496
6472
6494
6582
6614
6646
6706
6620
6634
6730
6832
6734
6946
6898
6794
6814
6810
6790
6746
6610
6656
6766
6830
6802
6838
6832
6722
6724
6830
6830
6838
6670
6684
6758
6840
6806
6826
6882
6872
6836
6768
6722
6734
6678
6560
6594
6538
6570
6576
6564
6662
6706
6656
6570
6632
6530
6558
6584
6454
6596
6552
6472
6436
6284
6218
6180
6142
6084
6184
6222
6220
6210
6312
6284
6186
6226
6242
6390
6356
6418
6492
6440
6518
6516
6438
6470
6452
6400
6442
6364
6410
6304
6430
6486
6408
6456
6546
6538
6582
6642
6574
6630
6580
6544
6622
6672
6702
6654
6666
6760
6824
6808
6740
6828
6956
6966
7012
6990
6962
7038
7164
7020
7012
7038
7112
7108
6992
7048
7122
7092
6984
7088
7178
7158
7108
7136
7208
7182
7176
7182
7244
7242
7372
7306
7416
7414
7468
7416
7316
7422
7450
7384
7308
7286
7268
7232
7192
7274
7256
7272
7270
7210
7132
7172
7250
7220
7188
7328
7350
7378
7280
7392
7482
7464
7470
7388
7396
7338
7308
7414
7416
7332
7554
7520
7370
7426
7414
7436
7538
7430
7476
7508
7490
7518
7508
7602
7586
7640
7642
7620
7610
7668
7686
7690
7730
7718
7750
7656
7658
7622
7634
7560
7652
7666
7692
7712
7794
7704
7712
7650
7576
7480
7410
7414
7388
7430
7510
7404
7484
7360
7288
7202
7246
7322
7292
7334
7394
7276
7312
7354
7268
7344
7318
7378
7292
7226
7284
7238
7344
7228
7306
7286
7272
7292
7246
7198
7142
7176
7128
7066
7064
6984
6972
6972
7048
6910
6890
6932
6888
7114
7118
7254
7234
7056
7074
7154
7272
7330
7280
7322
7398
7338
7308
7276
7224
7204
7258
7216
7276
7254
7248
7216
7218
7174
7174
7124
7130
7154
7146
7224
7140
7200
7180
7224
7240
7160
7066
6980
7052
7002
7040
6970
7010
7028
7008
7012
7138
7128
7196
7284
7304
7298
7160
7100
7076
7074
7058
7112
7142
7248
7340
7296
7348
7308
7306
7262
7314
7300
7424
7458
7314
7240
7224
7188
7266
7244
7198
7208
7192
7192
7190
7110
7058
7120
7156
7140
7048
7072
7092
7054
7076
7040
7064
7170
7244
7236
7204
7294
7210
7320
7240
7312
7326
7368
7304
7334
7330
7226
7348
7214
7184
7154
7148
7034
7028
6956
6892
6922
6934
6912
6786
6726
6730
6688
6762
6720
6710
6734
6916
6924
6858
6858
6720
6776
6656
6720
6568
6658
6620
6628
6686
6720
6776
6748
6864
6872
6818
6814
6958
7012
6978
6974
7030
6844
6870
6926
6900
6820
6872
6814
6776
6860
6946
7030
7084
7108
7144
7082
6968
6906
6990
7106
7156
7228
7304
7282
7230
7204
7224
7240
7284
7228
7168
7180
7122
7156
7180
7146
7190
7238
7282
7258
7246
7220
7218
7242
7292
7206
7184
7238
7304
7308
7190
7166
7164
7148
7152
7102
7054
7062
7080
7054
7018
6982
7134
7160
7108
7094
7140
7260
7364
7258
7296
7268
7138
7206
7274
7150
7232
7374
7380
7328
7316
7330
7326
7306
7342
7216
7154
7168
7190
7176
7190
7174
7152
7126
7100
7064
7058
7088
7084
7190
7098
7016
7120
7216
7204
7078
7036
7060
7084
7102
7102
7144
7148
7322
7394
7390
7432
7398
7372
7206
7204
7154
7270
7208
7184
7154
7054
6968
6978
6976
7020
7054
7006
7006
7096
7104
7036
7020
6980
7138
7184
7098
6992
7134
7140
7098
7204
7250
7232
7226
7216
7216
7230
7212
7240
7140
7008
7072
7024
7064
7088
6950
7026
6980
7088
7108
7106
7016
7038
6966
7032
7078
7064
7104
6970
7018
6986
7062
7120
7052
6930
6980
7060
7086
7236
7222
7170
7164
7192
7196
7194
7190
7364
7370
7280
7396
7424
7298
7086
7138
7296
7184
7290
7224
7290
7256
7258
7288
7220
7312
7294
7374
7490
7424
7464
7488
7522
7390
7338
7284
7406
7472
7334
7290
7194
7194
7146
7180
7178
7142
7114
7130
7256
7278
7242
7122
6982
6998
6980
6986
6882
6916
6852
6822
6800
6822
6868
6956
6866
6914
6942
6958
6984
7012
6862
6926
6928
6914
6800
6682
6672
6694
6662
6722
6634
6666
6688
6730
6738
6746
6676
6602
6632
6610
6762
6834
6760
6700
6744
6754
6614
6622
6634
6660
6550
6612
6686
6612
6572
6650
6628
6510
6466
6470
6500
6428
6552
6472
6470
6514
6390
6434
6472
6512
6616
6530
6526
6550
6496
6360
6468
6508
6432
6414
6430
6452
6458
6546
6560
6578
6574
6516
6608
6554
6636
6632
6458
6518
6534
6630
6572
6730
6706
6622
6582
6554
6620
6704
6730
6626
6674
6680
6688
6760
6884
6812
6830
6908
6940
7098
6912
6894
6754
6690
6684
6754
6772
6850
6866
6866
6786
6828
6860
6814
6792
6804
6714
6700
6606
6534
6480
6470
6454
6552
6388
6470
6460
6478
6418
6430
6416
6478
6532
6544
6584
6538
6526
6604
6736
6714
6602
6706
6862
6824
6846
6826
6754
6678
6780
6770
6798
6884
6956
6920
6884
6838
6850
6836
6798
6734
6630
6564
6472
6420
6436
6404
6486
6584
6714
6720
6804
6896
6846
6832
6756
6850
6878
6876
6822
6838
6900
6834
6872
6818
6898
7000
7004
6966
6992
7010
7012
7002
7006
7014
6964
7012
7092
7008
7000
6968
6938
6862
7004
6914
7042
7188
7160
7184
7160
7156
