722
748
796
776
800
766
780
766
758
764
748
728
690
718
748
734
740
750
780
764
772
746
768
736
698
674
606
642
612
638
630
706
736
760
744
736
688
646
628
560
550
582
562
518
538
538
516
548
568
566
586
596
590
586
578
554
608
608
630
572
610
660
666
674
674
696
682
694
722
734
778
748
746
728
726
720
732
734
736
746
726
732
690
686
686
680
652
614
556
624
616
638
654
624
632
636
602
598
610
632
656
714
738
756
708
666
684
706
736
726
712
720
708
690
742
736
730
742
718
742
756
742
690
652
708
680
674
696
694
678
724
744
742
740
802
782
754
716
672
666
634
602
628
540
532
486
506
496
502
476
472
410
382
376
336
316
324
332
380
372
394
398
358
336
274
238
214
184
214
208
198
184
176
194
184
188
164
164
142
150
116
90
110
140
146
172
198
178
172
166
180
124
158
200
172
206
196
220
232
180
194
200
218
200
212
242
234
244
192
220
192
192
194
172
132
114
82
158
176
258
190
192
212
198
212
200
182
200
232
288
288
294
264
238
250
196
172
176
154
146
180
236
240
238
268
266
248
244
284
262
268
266
252
254
236
296
338
370
368
356
354
406
418
434
412
410
418
518
562
532
498
496
516
548
554
560
600
632
620
628
668
654
682
722
692
710
686
706
682
710
686
688
644
660
610
636
660
670
654
660
672
720
708
688
672
646
650
650
654
672
692
700
692
696
704
754
774
774
684
670
674
666
664
674
684
666
666
662
652
650
650
652
636
624
618
622
640
632
654
684
720
712
712
658
658
706
698
716
748
782
772
758
776
770
808
786
790
784
786
784
780
790
776
760
768
690
700
686
666
634
648
640
644
630
656
628
668
696
668
682
676
718
724
700
652
614
608
554
538
554
564
570
536
552
584
610
618
636
616
628
666
610
594
640
678
666
700
684
670
634
672
678
650
624
674
670
622
602
588
596
584
578
608
562
536
496
518
514
528
534
562
578
572
574
576
502
450
484
498
542
538
518
522
524
530
540
540
574
544
560
624
670
686
706
712
704
708
718
748
734
756
720
706
708
750
842
854
866
878
904
898
892
880
876
854
844
824
792
770
754
790
784
798
818
828
832
806
842
852
852
836
868
838
826
838
828
806
816
808
808
814
840
846
802
806
806
802
766
756
766
798
798
796
812
840
854
850
832
868
920
916
908
886
848
822
820
798
796
778
778
768
782
786
772
760
758
748
740
796
768
764
746
754
780
756
760
744
706
720
664
688
720
738
762
764
728
752
752
748
770
756
806
774
784
780
784
790
812
790
776
786
834
806
800
822
824
824
808
804
810
820
808
802
792
810
764
792
780
712
736
698
712
702
716
748
746
770
744
750
738
768
778
790
806
824
830
836
818
770
788
818
818
848
824
844
872
846
854
864
842
808
764
762
780
808
824
834
834
828
824
816
846
846
842
852
848
818
824
786
822
830
760
784
774
790
704
746
726
716
680
732
754
766
766
776
758
732
756
760
796
840
856
866
884
840
822
840
848
830
794
800
828
824
850
850
842
854
874
838
860
840
838
834
828
846
848
842
860
852
834
794
854
904
902
900
898
900
904
862
838
796
760
758
732
758
772
778
772
778
792
830
818
830
820
802
818
798
798
774
774
812
786
734
772
732
752
780
800
788
762
736
668
678
700
686
752
748
748
730
688
716
718
760
788
784
774
808
804
792
772
782
764
716
742
704
720
678
696
710
676
684
698
702
720
690
690
658
660
694
714
674
680
672
604
620
614
604
622
662
672
650
710
708
702
696
642
634
678
692
664
660
646
644
610
592
598
624
588
620
602
620
596
584
544
550
544
584
584
578
586
516
508
512
494
588
560
542
540
566
566
564
592
594
574
586
606
588
522
534
560
506
528
480
516
494
494
476
472
472
494
496
474
488
524
546
502
506
526
460
472
504
562
550
584
570
536
530
484
526
526
526
520
482
490
444
446
398
382
390
416
360
376
392
376
386
406
448
450
462
450
452
466
434
480
454
436
414
420
382
366
404
374
372
392
426
438
492
466
456
472
520
530
522
544
522
500
474
396
408
416
414
426
366
398
344
348
346
296
236
248
274
294
310
318
304
278
296
302
356
368
374
404
374
396
372
380
424
432
512
508
516
540
532
562
606
612
648
656
670
708
746
766
760
788
824
788
822
840
842
812
790
738
772
752
734
736
746
750
774
766
786
750
760
762
758
764
758
740
714
732
746
716
704
730
724
730
738
736
736
732
762
794
832
848
832
814
796
828
818
760
768
742
734
726
656
612
630
620
588
654
684
678
670
622
556
546
604
608
630
638
642
580
508
558
538
552
560
494
454
454
508
560
568
542
566
574
584
608
618
616
572
576
562
540
562
582
554
546
552
550
540
498
540
552
540
566
536
556
516
472
476
442
454
468
398
456
474
486
446
458
468
446
464
444
448
472
496
498
466
460
438
412
416
398
388
376
328
316
330
306
304
332
312
346
338
280
286
318
300
318
356
318
240
286
242
178
202
218
192
206
204
180
154
146
152
94
116
98
90
108
86
62
84
120
116
98
32
84
52
88
82
68
52
32
10
16
50
68
64
38
80
122
138
110
50
82
44
36
12
48
24
40
14
18
20
2
4
42
22
0
46
104
132
170
176
150
156
168
142
118
158
120
116
134
126
132
132
164
212
196
232
282
234
206
192
246
278
298
278
300
290
244
258
238
268
244
214
190
186
154
124
96
74
70
78
98
64
64
52
12
30
14
14
4
62
94
140
92
102
104
144
174
200
276
300
294
252
274
240
274
234
274
252
268
266
340
314
280
260
296
254
212
236
234
190
204
208
160
184
194
204
236
196
204
196
180
152
150
132
122
96
86
150
136
124
194
216
224
242
282
244
230
260
244
246
238
236
238
224
226
254
244
226
188
194
182
220
242
254
206
244
264
254
280
270
270
224
200
220
194
208
212
178
144
176
198
258
222
222
212
260
242
272
278
304
318
312
344
280
284
256
274
256
246
250
254
248
264
262
300
322
288
344
348
326
314
366
328
332
374
344
350
334
320
292
266
268
202
280
286
278
240
204
164
172
184
210
208
204
194
208
196
178
162
160
142
78
84
70
90
78
38
22
16
42
72
98
102
84
54
96
58
124
150
206
216
280
322
328
338
348
372
392
406
394
436
410
434
448
438
404
400
416
394
438
428
436
418
406
418
342
310
318
306
342
398
380
380
344
378
358
360
394
392
398
384
388
348
382
392
362
360
400
414
372
374
394
404
454
504
518
502
498
494
488
490
482
442
428
448
454
476
462
482
496
512
546
544
540
536
558
548
568
570
572
548
506
500
466
492
482
506
544
538
530
524
562
584
612
640
590
568
564
568
582
596
600
612
640
636
654
658
650
680
658
676
666
690
692
702
744
764
762
750
766
764
794
752
780
788
790
792
808
824
834
832
826
822
814
838
852
858
836
826
822
856
844
840
834
798
776
812
766
746
766
786
780
776
782
748
768
786
792
758
760
748
760
764
760
740
748
736
722
692
690
694
728
748
758
806
800
802
814
836
848
884
892
846
822
830
830
802
772
790
780
768
754
770
718
794
816
810
792
802
806
762
724
710
730
714
726
718
706
688
724
674
648
656
618
612
614
624
664
664
696
630
608
610
624
668
604
580
580
548
528
492
470
460
470
436
418
336
342
384
382
400
406
378
370
364
340
358
358
340
362
386
350
374
330
358
332
342
312
290
308
324
402
380
378
418
432
446
398
388
422
430
390
378
348
350
350
334
342
346
348
376
350
340
364
402
388
408
424
414
408
398
418
452
394
390
360
350
344
364
368
370
408
416
412
390
408
458
444
436
390
432
396
388
334
340
336
374
376
384
320
260
316
296
270
262
216
184
166
148
110
68
48
10
12
12
64
54
46
84
58
58
92
100
116
140
82
74
18
44
32
72
58
82
68
56
52
46
32
80
82
74
132
164
144
174
212
166
176
148
152
142
88
112
150
76
86
54
58
92
120
146
152
144
90
116
90
114
106
160
140
158
194
198
214
250
240
228
154
192
202
182
146
144
140
114
134
102
88
96
66
50
24
80
100
118
156
164
170
180
138
112
70
92
146
148
136
108
104
88
80
92
98
94
76
78
76
106
132
140
120
94
96
52
54
38
72
62
22
4
38
2
54
86
66
98
126
104
80
140
116
84
86
62
10
6
56
50
50
36
74
96
80
62
36
30
10
36
44
66
136
120
168
208
226
248
256
216
226
262
220
170
186
158
156
164
172
196
162
178
158
168
178
218
184
162
122
162
258
264
254
252
296
346
318
300
306
290
310
322
258
258
250
290
216
272
302
282
304
244
276
250
224
252
272
242
218
220
166
184
200
162
148
164
100
68
26
10
36
38
18
22
12
10
46
20
14
62
64
36
22
26
28
18
12
30
18
0
46
124
88
78
74
68
70
54
76
112
122
136
116
116
114
60
58
38
68
64
84
108
132
154
160
128
230
150
146
190
228
220
282
224
230
244
228
254
234
226
226
240
268
288
330
314
326
306
