1366
1432
1384
1434
1316
1186
1132
1148
1112
1118
1092
1066
1184
1286
1080
1118
1106
876
1078
1048
938
876
888
972
934
918
744
568
646
696
614
968
1142
956
966
1004
1078
1124
1072
1044
988
974
956
1030
1056
980
954
1070
1170
1104
986
1098
1112
1030
1090
1168
1100
938
804
726
580
650
588
398
304
278
264
258
274
444
182
200
150
18
186
292
370
240
272
216
224
328
348
304
424
556
472
446
284
338
360
360
590
612
594
422
366
352
306
450
378
300
384
518
554
434
330
342
292
320
318
354
308
368
434
312
98
60
96
168
164
150
196
204
56
38
24
64
66
112
118
112
10
160
94
8
116
82
54
80
128
118
94
68
110
100
92
92
102
6
56
124
138
204
218
316
110
130
176
148
112
166
212
278
276
366
492
606
630
738
664
756
786
724
848
868
926
952
932
918
796
740
556
560
530
552
570
600
472
464
468
504
454
464
390
264
152
140
22
76
84
6
12
134
90
168
230
208
290
134
138
192
8
14
50
62
70
160
188
440
370
418
476
462
562
588
806
854
910
918
816
788
800
708
698
726
722
688
726
798
906
856
844
776
838
892
968
906
826
872
932
992
920
930
1008
1140
1242
1308
1410
1410
1434
1346
1432
1418
1398
1514
1522
1630
1576
1576
1488
1556
1692
1476
1574
1556
1522
1482
1410
1442
1476
1512
1354
1334
1346
1404
1414
1256
1252
1340
1310
1460
1520
1528
1696
1634
1738
1722
1788
2044
2008
1874
1868
1986
1848
1972
1860
1942
1934
1866
1924
2064
2084
1872
1896
1904
1742
1802
1818
1772
1770
1842
1738
1636
1568
1734
1758
1818
1738
1820
1928
1904
1972
1930
1976
1866
1816
1840
1708
1760
1830
1606
1636
1712
1866
1844
1916
1902
1924
1810
1736
1638
1770
1742
1744
1798
1810
1720
1680
1612
1672
1690
1676
1668
1744
1770
1716
1806
1714
1508
1438
1464
1642
1690
1584
1556
1558
1406
1372
1538
1456
1320
1428
1388
1374
1402
1424
1454
1334
1404
1270
1414
1492
1330
1316
1278
1250
1318
1356
1214
1048
1072
970
888
872
828
988
840
806
652
800
902
998
1166
1404
1454
1446
1348
1472
1480
1450
1328
1440
1322
1390
1674
1742
1664
1578
1522
1394
1240
1184
1208
1406
1272
1246
1278
1332
1310
1202
1132
1280
1434
1330
1346
1392
1478
1458
1326
1286
1290
1296
1174
1226
1162
1238
1264
1372
1386
1222
1158
1170
1086
1026
1028
986
1008
1018
1190
1416
1422
1614
1370
1528
1518
1726
1732
1724
1736
1752
1690
1668
1512
1550
1492
1346
1408
1406
1464
1436
1420
1434
1274
1290
1438
1552
1376
1350
1386
1400
1360
1182
1310
1344
1252
1136
1060
1148
1050
908
854
980
936
1060
1206
1326
1216
1194
1102
974
922
832
856
810
826
790
748
704
968
980
976
852
970
956
774
810
956
898
898
940
988
988
998
872
848
874
960
818
756
630
496
484
488
568
520
488
624
446
490
368
232
242
250
56
90
170
0
250
342
324
124
190
356
324
318
206
244
270
156
222
110
122
16
56
40
16
74
30
214
220
232
292
298
268
336
528
514
478
622
558
516
488
442
410
212
340
140
158
248
280
248
238
136
148
190
84
224
158
132
258
166
162
356
358
160
346
422
268
210
250
204
202
216
372
210
226
150
188
248
338
260
318
390
352
478
402
516
314
398
468
416
156
242
248
374
486
476
424
424
542
588
524
610
608
628
496
370
312
188
172
138
132
240
298
326
184
76
90
110
274
460
474
530
488
374
282
326
464
468
354
324
286
410
370
484
580
606
578
506
634
422
574
484
350
276
192
194
326
302
276
334
182
176
144
158
56
112
68
42
256
282
214
188
78
254
340
384
428
480
472
354
414
432
354
456
586
616
568
628
720
714
582
600
684
556
344
156
8
110
106
0
88
28
230
156
62
108
54
256
312
228
198
26
158
42
14
10
34
138
212
284
364
448
398
494
408
592
568
576
592
716
798
738
880
832
804
780
684
728
698
618
748
736
654
588
492
600
418
462
508
544
522
552
692
440
398
574
688
738
762
826
820
794
702
624
760
658
634
588
526
518
654
628
590
714
752
832
1010
1014
934
900
914
848
838
808
836
840
784
884
852
780
688
696
780
852
774
618
700
600
482
498
532
588
580
586
494
438
316
236
178
156
140
100
130
34
104
248
112
118
2
60
96
46
6
50
184
40
144
162
208
126
318
394
422
326
580
698
702
734
658
466
534
502
450
534
462
580
646
462
526
418
348
244
76
232
232
258
170
234
326
226
332
402
422
458
430
618
684
618
692
656
712
622
524
534
622
666
488
508
496
430
72
184
72
92
88
86
10
30
74
152
188
98
92
44
12
84
70
240
132
50
242
142
200
122
180
276
248
166
308
244
118
124
34
22
58
28
92
24
4
38
200
86
90
122
30
50
40
50
196
142
326
336
174
104
74
42
48
44
230
38
122
116
162
206
260
232
332
322
542
608
660
504
534
564
482
492
680
698
646
562
556
488
478
488
518
486
458
450
430
574
568
476
344
268
292
76
134
208
170
112
30
130
124
200
72
84
144
154
176
22
42
18
102
88
132
248
290
230
96
176
256
304
202
332
134
96
42
160
264
242
238
288
340
462
480
388
474
478
364
548
450
390
382
408
468
522
468
388
426
216
224
294
278
278
8
12
104
150
186
198
220
56
136
86
44
90
22
70
108
176
176
172
82
26
130
4
184
334
372
338
286
224
328
364
196
198
180
110
8
70
28
74
104
242
430
498
504
510
412
392
422
326
232
340
322
152
208
174
146
136
192
134
104
202
290
264
296
150
270
362
186
206
244
288
376
392
314
352
234
224
168
158
144
150
404
546
540
590
512
588
530
450
482
408
402
456
430
392
338
484
378
424
648
712
706
728
874
892
688
642
626
700
794
840
758
652
750
894
810
818
812
784
622
690
700
656
578
576
606
698
712
650
516
392
542
558
600
426
326
306
230
92
12
40
34
124
184
300
350
286
446
524
616
702
836
768
870
786
684
666
392
388
474
568
526
710
710
822
786
688
606
718
720
706
898
698
674
742
748
866
820
830
806
802
816
828
876
756
562
426
318
250
336
190
302
172
138
214
48
26
52
132
246
364
254
316
164
158
162
72
6
66
32
100
96
158
138
46
82
64
130
26
98
156
152
192
126
162
148
200
60
66
170
298
206
306
350
294
400
398
416
238
124
40
90
194
120
136
68
38
18
120
148
120
72
112
138
154
360
372
320
444
420
414
428
372
440
608
704
814
692
860
870
702
694
686
648
700
684
762
770
912
968
994
894
1110
1032
1130
1140
1132
1226
1152
1114
1140
1248
1138
1108
1014
974
1092
1124
1036
1154
1184
1234
1280
1318
1298
1232
1136
1082
1034
998
932
880
790
716
748
858
864
948
872
800
906
876
958
888
998
1166
1390
1446
1304
1178
1164
1266
1340
1268
1290
1448
1566
1568
1464
1512
1466
1434
1498
1382
1328
1188
1140
1152
978
936
866
904
1040
998
1128
1148
1108
1112
1026
1066
980
972
952
976
984
1022
846
1148
1058
1202
1448
1510
1312
1384
1332
1236
1280
1332
1502
1506
1602
1664
1520
1520
1464
1384
1406
1402
1302
1358
1422
1334
1276
1350
1360
1296
1232
1232
1248
1440
1416
1328
1340
1374
1362
1354
1396
1348
1270
1208
1140
1148
1120
1148
1192
1136
1272
1178
1214
1204
1284
1238
1308
1340
1562
1622
1514
1574
1588
1692
1588
1530
1622
1752
1726
1738
1774
1788
1794
1892
1932
2106
2038
2094
1974
1932
1840
1880
1792
1950
2014
2130
2070
1970
1950
1922
1974
1834
1670
1712
1782
1728
1656
1640
1740
1638
1514
1556
1542
1710
1802
1706
1606
1586
1716
1818
1704
1626
1622
1648
1734
1742
1800
1926
1948
2096
2162
2130
2302
2358
2376
2454
2528
2484
2402
2484
2448
2560
2354
2432
2476
2408
2308
2458
2322
2292
2484
2476
2560
2606
2568
2664
2740
2502
2514
2508
2476
2378
2454
2366
2368
2326
2156
2218
2202
2278
2120
2114
2116
2048
1968
1912
2016
1910
1930
1970
2004
2106
2152
2206
2190
2188
2168
2308
2218
2170
2402
2278
2326
2256
2222
2236
2220
2254
2254
2330
2234
2278
2418
2202
2118
2050
2010
1900
1994
1894
1786
1678
1668
1660
1804
1990
1960
1924
1864
2006
2050
1968
1864
1808
1786
1648
1788
1612
1564
1568
1594
1690
1878
1984
1960
1968
1974
2000
1952
1974
1896
1968
2084
2048
1902
1792
1738
1890
1742
1654
1502
1394
1324
1368
1290
1266
1268
1366
1664
1646
1556
1630
1492
1500
1546
1612
1514
1382
1264
1412
1374
1314
1290
1204
1162
1202
1164
1160
1104
1178
1098
1054
988
846
718
830
918
870
762
864
914
766
744
814
722
898
940
818
996
1016
978
948
1002
1122
1222
978
944
932
788
726
588
586
612
506
690
592
584
672
634
644
570
440
392
434
324
348
450
294
192
154
34
36
24
10
70
196
228
282
316
310
322
492
386
390
252
160
272
276
400
558
530
482
568
344
296
140
32
20
30
66
28
54
44
28
80
16
60
202
364
462
370
398
276
240
140
136
184
158
222
196
246
298
358
290
262
186
310
378
374
256
258
350
356
422
534
548
504
480
722
760
990
812
886
1102
1250
1244
1252
1272
1412
1392
1270
1186
1362
1372
1332
1464
1458
1406
1368
1398
1322
1484
1514
1514
1542
1544
1550
1460
1436
1540
1622
1722
1764
1772
1800
1686
1716
1766
1676
1542
1450
1444
1508
1380
1432
1514
1586
1606
1432
1484
1222
1250
1238
1156
1204
1114
930
912
890
970
842
938
830
836
680
794
870
1032
964
968
1024
1002
864
802
736
876
872
954
1058
1158
1082
1302
1220
1118
1130
1178
1164
1294
1096
1176
1182
1128
1206
1276
1338
1378
1502
1526
1424
1330
1274
1280
1282
1126
1186
1240
1152
1120
1108
1180
964
898
892
912
836
810
892
860
862
1028
1008
928
1036
1010
968
966
1048
964
852
1024
1066
1038
1110
1058
904
1068
1024
1038
1158
1312
1306
1144
1222
1120
980
964
1026
1052
1092
1146
1210
1086
1116
1116
1040
1118
1018
1204
1238
