380
400
416
410
394
358
358
350
330
330
324
324
254
264
236
226
244
268
292
354
368
400
444
322
334
280
290
236
224
276
298
228
254
252
270
282
294
310
328
374
394
352
362
372
390
446
444
434
408
412
438
402
378
366
388
356
360
406
396
370
326
310
326
336
392
402
442
418
414
428
438
358
378
374
400
380
398
402
394
416
424
366
382
352
336
356
388
370
320
316
330
350
390
438
412
414
404
396
374
358
420
360
374
386
356
386
404
378
360
422
400
370
356
294
344
282
260
308
344
360
308
338
294
250
246
266
294
326
336
376
362
396
334
344
388
364
442
452
462
448
436
366
350
370
308
316
222
206
286
250
238
196
174
208
212
150
136
120
72
72
50
72
78
68
44
98
96
124
122
178
122
104
108
132
96
144
86
126
124
200
214
206
168
120
90
68
72
66
110
84
54
136
142
112
158
160
180
182
178
132
118
88
96
132
122
94
54
18
10
0
70
64
84
112
76
140
144
136
198
180
178
188
144
152
78
18
80
108
96
164
140
152
170
190
220
306
288
262
276
300
322
320
326
310
286
258
254
296
294
236
236
274
258
262
292
288
266
266
278
262
274
300
294
286
252
222
244
248
276
296
294
284
262
242
184
120
146
166
128
154
80
24
18
52
58
106
146
164
216
204
222
202
218
212
192
194
196
140
172
158
218
248
276
226
262
288
354
354
346
374
332
326
294
280
306
338
326
364
380
396
364
360
340
312
366
354
366
364
406
414
418
442
466
456
442
406
428
336
318
312
364
392
376
398
394
406
416
394
430
470
510
482
476
490
428
398
336
268
270
274
200
200
256
304
300
286
308
326
284
258
218
260
270
262
238
252
248
290
276
312
282
342
362
312
294
310
320
332
372
296
246
256
262
248
218
232
224
232
230
210
218
262
282
322
286
292
250
306
348
370
388
346
308
318
318
298
242
256
228
218
274
276
286
262
266
280
314
298
270
256
256
294
366
380
370
392
386
368
442
410
418
476
424
382
402
438
390
330
344
368
330
316
304
360
322
338
268
284
266
272
344
410
402
374
406
438
486
500
522
546
520
560
596
658
646
586
608
582
548
532
490
422
442
492
430
504
522
468
462
438
440
406
396
372
342
328
364
390
416
392
382
402
340
362
376
380
400
316
318
362
324
312
258
228
196
152
110
72
38
4
38
82
84
140
96
56
28
38
88
84
58
90
146
110
136
88
88
120
168
176
208
198
164
192
184
218
156
140
120
134
132
158
128
128
170
140
68
58
118
94
32
36
54
86
30
74
32
30
2
54
60
28
72
110
86
60
94
84
74
64
50
74
126
120
92
168
164
156
156
100
100
70
68
72
12
4
16
6
20
44
40
18
4
30
14
12
82
94
122
152
126
80
68
68
90
74
2
20
24
38
16
12
18
62
28
42
114
84
126
178
184
208
254
262
286
354
348
334
322
338
376
370
304
288
270
264
340
336
356
392
346
316
344
298
308
306
260
278
254
232
228
244
234
290
342
354
350
418
378
372
412
358
310
318
342
392
366
340
358
374
350
366
354
316
354
330
312
320
342
340
298
292
290
254
208
252
292
326
322
308
310
256
276
242
234
250
252
242
254
238
264
222
166
208
184
176
236
154
140
144
176
226
292
306
310
316
274
296
324
378
384
354
324
306
300
282
210
260
274
308
290
304
316
268
230
222
178
170
172
148
180
202
214
240
232
210
204
228
216
222
224
222
250
248
282
264
292
306
294
318
314
324
314
250
222
194
212
196
180
170
222
282
242
266
304
340
408
412
384
394
366
388
344
348
336
284
258
256
226
280
292
252
304
274
306
298
296
246
224
208
224
226
190
164
168
148
146
144
186
148
98
82
58
18
42
10
10
42
76
124
134
154
122
198
198
218
202
130
146
116
120
108
162
78
152
128
76
44
20
42
54
96
126
146
200
176
246
254
254
248
256
192
212
210
182
182
150
164
172
204
230
198
158
188
180
204
242
282
280
260
226
250
234
250
208
206
172
200
240
178
190
228
260
276
282
242
216
194
166
252
252
272
356
366
370
362
346
372
398
380
422
382
376
396
390
404
390
372
364
338
332
358
372
412
422
436
476
430
484
468
446
424
472
450
522
530
496
426
430
430
414
362
346
352
332
344
306
368
368
320
338
314
396
396
414
436
416
398
392
374
342
356
354
402
448
444
434
428
444
420
418
426
436
414
430
464
420
468
476
490
512
486
522
528
568
588
598
604
572
574
576
618
592
630
638
580
534
580
582
600
558
546
538
584
584
568
582
576
546
548
574
534
490
516
468
454
448
484
470
502
440
466
482
496
506
502
454
484
484
504
464
482
504
520
548
528
472
486
450
416
426
414
436
428
458
452
438
436
436
430
440
416
422
424
464
438
386
392
408
446
370
330
366
360
372
394
426
440
452
574
594
614
594
574
552
540
484
540
548
540
512
516
542
610
600
616
582
616
622
620
600
640
700
672
668
630
608
600
546
556
566
566
570
556
542
542
544
518
476
502
548
554
530
506
510
490
534
576
606
622
642
646
664
670
602
612
618
610
604
596
626
564
558
540
560
578
582
628
650
688
710
710
662
672
616
650
676
680
702
714
710
724
700
710
676
662
680
696
702
756
738
694
682
678
676
680
730
738
706
708
678
668
722
720
660
630
626
574
516
486
552
566
582
610
592
612
554
540
538
586
614
584
622
638
644
622
662
654
706
696
736
724
700
726
724
714
776
772
746
748
714
714
740
718
652
588
622
628
578
572
550
554
536
530
520
526
554
538
588
610
640
634
638
628
610
606
602
596
584
548
480
456
448
470
468
452
442
444
464
444
442
502
482
490
438
388
396
368
360
272
256
218
280
316
366
430
400
430
430
442
394
408
464
440
464
426
446
464
446
446
498
498
476
426
412
448
426
416
434
424
424
450
462
488
500
558
544
524
482
526
536
490
420
486
484
538
516
488
482
448
458
398
436
478
504
536
536
570
586
574
562
588
532
568
574
572
532
572
594
616
604
618
592
558
526
472
428
406
458
476
534
538
546
506
480
518
460
394
344
364
332
402
356
288
308
324
324
306
330
334
262
284
298
290
368
352
370
322
284
244
186
172
162
212
244
226
186
210
258
278
230
240
276
230
276
260
308
280
322
302
286
294
278
262
210
228
228
228
282
272
270
262
288
294
280
214
232
252
266
322
304
324
328
290
278
274
270
298
294
258
322
338
392
378
364
460
396
340
378
372
356
412
422
418
414
370
344
282
260
234
218
212
188
132
140
152
136
142
100
114
90
136
130
98
90
88
126
68
36
32
10
8
10
54
94
20
8
52
88
68
64
110
130
186
176
234
270
262
314
272
252
218
198
146
144
118
164
174
190
190
174
182
140
118
112
142
164
180
204
250
220
228
236
240
208
222
260
258
292
266
262
276
260
282
284
288
308
304
372
384
376
380
344
332
346
372
338
310
290
252
260
270
282
290
296
282
332
264
252
240
198
200
208
202
270
328
368
346
356
328
284
292
264
256
292
232
252
256
300
354
394
442
470
442
440
428
428
436
460
404
414
378
398
390
420
450
414
386
368
388
424
448
486
434
478
406
408
384
414
396
422
404
406
440
460
460
434
480
476
462
452
468
478
460
400
396
352
410
376
340
326
246
182
218
236
278
332
304
312
330
348
336
340
380
292
278
266
208
196
210
248
278
284
310
282
306
294
312
340
386
404
398
360
374
406
406
346
342
330
362
354
384
402
370
356
358
350
358
368
394
440
480
446
438
426
386
396
438
426
460
418
476
506
446
442
416
416
428
442
408
414
434
430
396
342
344
278
278
258
220
234
228
138
134
158
182
188
182
146
210
204
192
172
202
218
172
232
272
250
258
250
254
274
266
302
258
320
272
280
266
298
320
364
356
392
354
318
352
366
362
326
364
376
366
312
312
322
304
320
326
290
330
264
276
212
230
190
128
146
136
156
170
188
164
132
132
48
62
8
32
114
150
158
138
158
86
84
64
50
38
16
44
60
46
14
42
30
8
4
50
62
20
24
66
34
28
30
12
0
14
14
26
2
28
2
50
6
44
20
14
56
36
12
28
46
8
16
8
8
2
16
12
56
42
46
86
130
226
236
238
260
268
300
220
250
292
268
222
208
194
208
216
166
170
150
148
102
174
126
128
212
248
320
304
292
310
300
288
308
304
276
298
316
296
316
320
376
402
392
454
426
444
482
494
494
492
474
526
522
510
564
540
612
630
648
648
664
726
726
688
656
646
594
620
590
592
580
588
618
590
632
606
628
622
626
584
584
620
664
678
662
654
616
666
674
656
638
634
620
634
654
680
688
700
770
754
758
786
790
776
736
722
706
696
682
684
716
680
634
626
628
592
572
618
596
666
654
640
678
666
628
616
552
544
616
600
600
540
526
484
452
446
440
418
408
426
472
478
500
482
504
548
516
530
554
510
494
468
482
502
486
470
508
522
488
530
516
496
446
376
362
396
402
352
382
378
398
378
392
366
344
344
324
362
358
364
332
328
290
310
