7416
7514
7452
7502
7424
7524
7584
7582
7618
7558
7636
7776
7782
7778
7738
7800
7800
7838
7834
7794
7790
7756
7714
7898
7848
7906
7830
7860
7812
7802
7930
7936
7850
7762
7736
7734
7662
7598
7634
7540
7482
7552
7536
7594
7498
7584
7568
7492
7438
7384
7362
7348
7348
7374
7374
7344
7496
7550
7478
7542
7546
7428
7454
7624
7516
7662
7588
7678
7618
7594
7530
7400
7338
7398
7342
7512
7402
7508
7512
7514
7690
7544
7460
7444
7470
7506
7606
7474
7524
7346
7450
7286
7236
7244
7330
7330
7392
7356
7270
7280
7304
7292
7376
7428
7386
7518
7558
7538
7554
7488
7516
7560
7398
7372
7484
7500
7514
7518
7456
7392
7428
7376
7302
7168
7162
7204
7262
7384
7284
7272
7398
7346
7328
7294
7494
7496
7482
7448
7508
7586
7602
7566
7574
7544
7472
7490
7488
7482
7458
7474
7478
7432
7560
7574
7636
7506
7540
7638
7532
7510
7478
7506
7556
7512
7450
7502
7480
7450
7398
7378
7352
7324
7434
7364
7322
7350
7312
7406
7454
7436
7324
7390
7278
7192
7312
7272
7358
7396
7438
7470
7538
7504
7478
7466
7570
7502
7374
7332
7402
7436
7486
7536
7574
7514
7470
7476
7512
7524
7474
7482
7454
7478
7422
7342
7344
7464
7496
7494
7484
7508
7490
7366
7322
7334
7390
7444
7396
7478
7602
7608
7622
7602
7532
7466
7450
7452
7492
7392
7442
7378
7354
7432
7482
7552
7718
7746
7702
7864
7886
7808
7712
7666
7740
7798
7658
7594
7610
7628
7620
7592
7580
7600
7550
7602
7590
7598
7574
7572
7698
7654
7698
7738
7626
7652
7640
7602
7582
7554
7602
7464
7416
7410
7448
7466
7482
7576
7628
7576
7544
7600
7502
7552
7548
7580
7656
7576
7646
7618
7582
7546
7574
7662
7658
7738
7754
7764
7712
7784
7718
7706
7660
7674
7690
7706
7668
7632
7622
7538
7554
7464
7442
7400
7376
7316
7404
7390
7456
7356
7192
7248
7352
7372
7278
7302
7294
7274
7322
7286
7258
7202
7242
7286
7246
7220
7286
7194
7270
7390
7450
7484
7424
7434
7422
7418
7504
7512
7486
7538
7536
7596
7548
7768
7698
7660
7700
7720
7688
7658
7732
7644
7558
7602
7714
7712
7722
7702
7738
7754
7656
7616
7566
7522
7570
7560
7618
7648
7676
7678
7548
7608
7528
7482
7470
7570
7570
7482
7444
7524
7576
7540
7570
7506
7618
7572
7570
7590
7626
7570
7612
7602
7508
7538
7518
7504
7468
7564
7606
7686
7664
7744
7704
7634
7514
7502
7432
7470
7518
7404
7372
7536
7548
7534
7556
7582
7636
7614
7638
7706
7776
7684
7710
7636
7654
7742
7664
7672
7544
7500
7542
7502
7354
7262
7296
7204
7214
7330
7242
7304
7354
7320
7468
7358
7244
7190
7124
7294
7422
7458
7402
7352
7306
7226
7250
7312
7438
7396
7360
7430
7454
7466
7506
7536
7554
7534
7416
7420
7342
7426
7474
7342
7364
7294
7242
7244
7198
7152
7198
7138
7162
7172
7234
7206
7134
7182
7130
7118
7188
7310
7416
7426
7362
7232
7248
7132
7074
7018
6952
7000
6876
6854
6656
6644
6598
6496
6442
6364
6456
6376
6458
6486
6484
6494
6484
6376
6384
6436
6522
6548
6532
6440
6470
6554
6616
6556
6658
6628
6678
6622
6624
6624
6698
6704
6808
6810
6804
6810
6798
6778
6880
6764
6572
6500
6586
6578
6610
6608
6816
6764
6684
6794
6834
6836
6846
6654
6656
6742
6720
6742
6744
6764
6684
6754
6864
6766
6734
6694
6598
6600
6552
6540
6608
6612
6578
6698
6640
6642
6646
6594
6462
6512
6658
6800
6804
6822
6714
6726
6794
6870
6814
6862
6850
6804
6794
6784
6794
6940
6860
6728
6754
6740
6744
6754
6764
6620
6686
6826
6946
6952
6852
6790
6850
6872
6890
6860
6904
6898
6840
6786
6816
6860
6844
6860
6800
6746
6672
6668
6598
6708
6612
6584
6574
6608
6496
6462
6428
6498
6500
6602
6696
6698
6568
6482
6602
6698
6664
6676
6606
6450
6394
6466
6442
6490
6528
6560
6664
6618
6510
6476
6474
6412
6446
6426
6382
6448
6310
6268
6164
6152
6306
6328
6312
6390
6358
6396
6394
6514
6434
6438
6602
6622
6562
6616
6584
6568
6538
6480
6538
6380
6368
6448
6466
6556
6434
6476
6456
6404
6322
6350
6292
6208
6236
6400
6374
6330
6402
6388
6328
6402
6384
6364
6432
6526
6578
6630
6538
6690
6666
6702
6722
6798
6784
6722
6696
6772
6838
6908
6890
6828
7044
7074
7076
7062
7044
6960
6932
6930
6936
6846
6882
6902
6836
6838
6756
6882
6842
6810
6788
6810
6754
6756
6854
6910
6956
6936
6820
7034
6962
6914
6954
6972
6940
6946
6996
7066
7032
6906
6866
6916
6932
7026
7056
7224
7306
7266
7318
7352
7392
7362
7302
7370
7512
7474
7460
7418
7476
7496
7388
7444
7430
7392
7378
7354
7320
7288
7312
7380
7408
7310
7356
7362
7388
7318
7410
7396
7318
7278
7250
7294
7368
7380
7358
7268
7220
7270
7262
7260
7274
7278
7354
7432
7564
7552
7472
7450
7454
7480
7584
7534
7576
7566
7596
7656
7568
7530
7654
7556
7524
7472
7518
7548
7546
7430
7516
7522
7554
7486
7430
7418
7302
7252
7214
7312
7298
7156
7242
7240
7312
7250
7170
7072
7186
7146
7254
7448
7580
7468
7622
7658
7560
7518
7536
7430
7496
7498
7506
7636
7496
7578
7652
7614
7590
7618
7626
7644
7626
7570
7660
7596
7618
7518
7480
7340
7336
7486
7446
7428
7374
7350
7494
7586
7596
7706
7724
7770
7784
7692
7518
7604
7514
7740
7746
7664
7586
7546
7572
7660
7606
7578
7592
7594
7594
7602
7688
7668
7762
7772
7648
7632
7658
7534
7654
7564
7556
7476
7470
7490
7500
7496
7494
7582
7578
7602
7554
7494
7462
7594
7642
7756
7814
7794
7834
7768
7726
7814
7890
7796
7770
7750
7670
7744
7744
7762
7724
7718
7632
7702
7680
7610
7648
7648
7700
7644
7604
7724
7734
7762
7664
7704
7712
7694
7628
7616
7662
7768
7694
7604
7620
7610
7606
7558
7562
7558
7556
7444
7424
7450
7592
7638
7644
7570
7500
7512
7536
7458
7460
7432
7478
7542
7450
7514
7448
7402
7340
7336
7376
7344
7344
7268
7210
7444
7350
7284
7302
7296
7390
7462
7468
7498
7500
7416
7428
7378
7484
7434
7392
7262
7232
7228
7220
7302
7284
7280
7266
7192
7196
7192
7266
7208
7278
7252
7198
7172
7066
7244
7270
7360
7396
7498
7482
7540
7492
7436
7380
7306
7324
7334
7462
7436
7462
7432
7384
7362
7280
7358
7420
7426
7460
7516
7460
7406
7414
7454
7486
7372
7426
7424
7590
7676
7756
7834
7862
7714
7656
7746
7734
7522
7622
7684
7694
7712
7690
7688
7592
7510
7444
7358
7356
7378
7444
7388
7304
7314
7362
7398
7518
7450
7344
7296
7350
7440
7492
7442
7476
7576
7542
7556
7518
7520
7556
7618
7598
7590
7456
7390
7334
7370
7362
7456
7384
7420
7422
7356
7340
7280
7246
7268
7226
7102
7024
7120
7192
7324
7368
7336
7292
7288
7384
7516
7546
7422
7368
7478
7470
7476
7396
7498
7510
7474
7462
7528
7510
7532
7440
7428
7318
7382
7450
7418
7444
7456
7494
7382
7448
7400
7298
7332
7302
7312
7410
7456
7330
7282
7338
7376
7304
7274
7282
7234
7200
7360
7280
7258
7262
7284
7112
7078
7136
7076
7258
7294
7238
7192
7230
7296
7212
7198
7162
7198
7236
7212
7086
7002
6980
7146
7000
7190
7214
7392
7270
7192
7224
7176
7256
7260
7278
7274
7420
7368
7446
7482
7498
7510
7554
7512
7566
7482
7328
7350
7366
7332
7180
7130
7074
7006
6898
6970
6968
6990
6880
6990
6924
6814
6750
6796
6782
6796
6722
6892
6826
6796
6742
6692
6802
6730
6870
6918
7050
7126
7068
7042
7092
7180
7160
7230
7228
7276
7294
7334
7348
7352
7284
7342
7264
7282
7276
7156
7164
7116
7190
7202
7238
7094
7190
7206
7138
7164
7176
7162
7142
7174
7228
7212
7190
7230
7208
7280
7306
7314
7302
7392
7406
7430
7464
7392
7564
7450
7476
7452
7566
7486
7510
7476
7496
7470
7512
7530
7534
7410
7410
7446
7376
7450
7482
7492
7510
7486
7588
7460
7526
7484
7408
7392
7484
7558
7478
7344
7370
7472
7570
7506
7564
7486
7486
7622
7558
7580
7682
7728
7798
7748
7782
7598
7624
7676
7726
7782
7806
7828
7718
7612
7630
7668
7774
7732
7724
7774
7712
7672
7672
7726
7660
7606
7624
7656
7608
7704
7716
7842
7862
7852
7876
7880
7858
7880
7886
7830
7770
7736
7786
7758
7670
7632
7454
7568
7478
7580
7546
7650
7706
7692
7752
7730
7686
7688
7528
7660
7562
7518
7492
7502
7584
7632
7596
7572
7428
7462
7472
7562
7516
7482
7488
7396
7446
7506
7408
7482
7520
7564
7520
7526
7516
7430
7556
7494
7522
7502
7448
7510
7530
7570
7508
7604
7588
7580
7622
7704
7752
7840
7846
7820
7764
7646
7656
7722
7682
7626
7560
7652
7544
7434
7454
7494
7544
7482
7486
7454
7440
7426
7496
7636
7634
7524
7472
7510
7576
7592
7544
7584
7642
7654
7648
7596
7672
7682
7674
7648
7676
7700
7668
7722
7832
7868
7776
7826
7730
7666
7720
7820
7840
7860
7914
7824
7728
7702
7758
7676
7740
7598
7544
7666
7652
7584
7604
7564
7516
7574
7434
7372
7366
7234
7310
7284
7394
7364
7334
7334
7332
7284
7288
7400
7320
7334
7288
7258
7296
7198
7184
7186
7248
7248
7234
7260
7398
7342
7384
7232
7196
7144
7070
7102
7072
7040
7112
7104
7208
7118
7120
7128
7186
7218
7144
7128
7192
7212
7216
7132
7096
7116
7110
7042
6878
7006
6962
6932
7032
7008
7174
7098
7088
7036
6946
6950
6954
7086
6984
6954
6950
7134
7210
7184
7132
7184
7198
7220
7168
7114
6996
6956
7048
7124
7144
7238
7176
7108
7124
7082
7070
7054
7102
7118
7166
7164
7144
7138
7064
7046
6888
6788
6802
6902
6964
7018
7074
7058
7142
7176
7184
7078
7116
7192
7224
7172
7114
7122
7140
7186
7092
7156
7218
7330
7288
7268
7284
7272
7216
7284
7338
7274
7290
7222
7178
7096
7132
7082
7200
7054
7192
7244
7124
7158
7156
7046
7080
7124
7092
7186
7028
7068
7084
7082
7120
7012
6936
7060
6988
6938
6940
6996
7038
7040
7058
7048
7108
7226
7316
7232
7288
7220
7144
7230
7202
7184
7324
7312
7392
7400
7406
7456
7466
7392
7424
7418
7332
7324
7312
7356
7242
7304
7344
7230
7370
7288
7280
7344
7328
7208
7162
7104
7202
7200
7112
7090
7038
7124
7132
7156
7188
7174
7190
7200
7128
7130
7194
7022
7124
7164
7092
7094
7012
6970
7104
7110
7174
7188
7160
7250
7250
7156
7250
7172
7118
7184
7020
7050
7052
7106
7208
7080
7180
7280
7264
7158
7254
7302
7304
7390
7464
7440
7398
7478
7468
7456
7428
7478
7430
7424
7338
7322
7380
7448
7572
7584
7514
7596
7606
7580
7722
7694
7602
7562
7608
7608
7514
7550
7442
7428
7350
7394
7334
7378
7326
7378
7288
7364
7434
7426
7430
7330
7448
7362
7396
7410
7426
7432
7528
7622
7578
7576
7700
7636
7506
7586
7576
7526
7414
7440
7534
7552
7532
7612
7640
7744
7776
7750
7678
7690
7656
7630
7646
7618
7638
7508
7478
7440
7396
7412
7362
7422
7402
7428
7266
7398
7376
7452
7382
7334
7356
7314
7326
7332
7284
7208
7062
7144
7178
7310
7308
7234
7274
7230
7144
7082
7246
7192
7276
7312
7238
7208
7140
7196
7262
7210
7180
7180
7156
7190
7174
7250
7316
7334
7372
7318
7344
7426
7412
7388
7378
7386
7332
7334
7388
7530
7506
7464
7578
7634
7476
7390
7394
7358
7362
7366
7330
7534
7498
7550
7486
7432
7414
7538
7492
7532
7644
7594
7564
7522
7500
7436
7484
7454
7468
7432
7494
7420
7408
7286
7378
7402
7488
7472
7422
7434
7454
7412
7480
7454
7464
7514
7482
7426
7436
7466
7478
7472
7450
7438
7422
7532
7602
7588
