576
580
618
590
594
580
562
558
572
504
538
520
470
458
472
526
500
524
550
522
524
530
532
498
502
558
564
582
598
554
554
580
574
600
588
606
584
586
596
586
548
566
568
582
560
524
504
468
482
410
430
460
448
442
434
458
484
472
464
452
488
524
514
550
510
546
548
538
512
566
548
628
694
668
678
650
626
572
504
472
462
454
482
424
390
366
388
416
390
376
410
358
372
354
372
312
328
328
304
344
300
262
266
188
206
220
290
334
326
280
284
322
338
372
378
306
352
390
368
370
314
354
432
414
436
446
376
402
408
422
462
412
388
452
442
484
536
616
540
542
566
496
470
426
520
540
524
492
500
496
482
476
486
500
520
522
508
526
564
588
572
552
518
528
526
504
518
460
420
418
386
344
352
410
408
344
360
388
318
330
298
314
332
314
318
334
400
374
368
334
356
402
408
440
422
432
448
428
476
442
444
452
520
530
524
528
552
510
496
490
462
486
426
428
398
414
404
384
390
382
418
442
434
454
510
496
506
530
418
414
418
388
364
328
302
280
320
290
270
274
302
296
282
240
210
278
318
266
270
224
260
248
248
228
256
198
162
100
108
122
124
164
108
124
216
200
170
150
198
204
188
140
132
128
130
148
166
160
172
134
110
94
70
80
6
6
24
24
12
16
50
46
14
80
40
6
16
16
4
50
84
84
96
144
164
136
112
128
90
84
70
96
100
104
132
172
220
250
240
186
132
88
116
124
96
78
102
130
206
186
164
154
116
136
96
82
46
48
42
76
56
24
10
48
68
104
112
130
70
74
64
28
10
50
34
30
118
154
140
150
148
124
100
64
56
34
2
20
2
4
12
30
58
124
84
50
28
28
78
64
98
132
154
50
34
84
50
20
18
72
92
70
70
88
58
96
124
154
94
120
86
108
136
118
84
64
78
62
58
4
24
66
72
112
56
36
64
70
60
66
32
16
20
10
48
44
66
18
26
48
50
56
64
44
12
12
38
20
2
16
22
44
74
50
86
16
8
18
10
8
74
98
68
56
14
52
64
102
174
134
122
92
108
94
102
106
78
14
6
82
62
48
40
6
66
72
66
66
98
132
138
154
182
224
268
238
202
238
230
262
274
298
266
254
340
350
370
336
360
388
408
392
402
404
428
452
468
480
442
458
472
438
442
472
500
536
560
542
574
492
452
494
528
532
558
562
580
580
510
544
510
454
512
504
470
452
464
454
454
430
430
446
480
472
528
502
478
498
506
522
514
518
512
430
438
406
388
360
364
408
380
368
362
322
326
378
392
360
342
302
246
272
230
196
144
82
44
50
8
12
2
0
58
2
20
20
2
48
100
98
64
72
58
56
60
88
110
112
126
194
184
164
198
242
218
224
238
216
240
218
238
260
246
288
262
240
218
248
222
268
258
246
242
264
278
302
342
310
328
330
334
342
354
360
314
286
280
310
288
314
342
322
278
316
306
306
302
242
228
202
266
320
348
338
298
352
398
400
422
446
438
436
390
388
398
448
446
456
468
506
474
502
478
516
496
490
534
520
512
496
510
516
498
526
506
504
494
472
520
536
564
528
506
508
540
572
582
546
520
600
592
568
546
530
548
590
600
562
588
674
670
644
648
690
730
770
718
668
656
660
658
680
678
714
722
758
714
700
680
618
596
574
546
566
550
580
626
642
636
610
586
608
626
574
572
578
586
606
622
614
638
600
594
560
526
542
548
580
464
434
422
414
420
436
368
306
332
296
366
380
392
402
456
440
416
438
406
400
414
416
460
484
446
424
432
462
476
460
458
468
448
456
428
450
502
496
492
498
514
544
540
556
576
552
544
554
528
556
580
546
536
498
522
536
528
572
632
666
710
704
718
706
722
708
720
720
710
692
702
660
702
748
752
732
712
716
684
720
720
746
748
762
760
734
724
684
690
648
640
616
582
558
528
570
644
646
650
626
656
612
586
546
538
498
488
508
490
488
404
382
372
382
380
372
362
424
442
422
414
392
452
476
542
544
530
486
472
462
436
442
426
470
466
454
454
400
370
446
394
394
442
412
408
396
378
382
420
416
390
436
438
468
402
314
326
336
308
378
348
328
328
370
368
348
316
318
360
342
398
380
366
442
418
328
328
316
232
214
224
226
192
214
256
252
302
286
302
308
358
366
390
410
410
402
450
484
488
490
472
448
480
450
440
430
470
420
438
398
432
438
398
378
320
340
340
302
300
304
264
278
268
272
286
234
296
294
236
306
298
286
318
344
316
316
392
412
422
442
430
478
518
576
528
494
496
504
522
496
464
504
456
472
476
480
470
482
480
492
488
508
516
556
586
648
662
660
676
734
706
752
788
762
776
772
812
790
778
766
778
776
754
772
716
696
712
718
732
678
676
760
760
774
726
700
696
706
684
628
656
680
654
686
688
680
672
676
696
648
666
656
644
686
690
686
662
650
680
646
600
576
628
648
608
584
608
574
574
600
620
612
596
586
606
582
596
554
550
554
546
560
562
596
590
570
536
496
452
508
534
478
424
386
436
462
428
420
408
336
286
282
306
322
316
316
254
294
316
352
354
332
312
396
372
332
344
348
336
372
374
382
330
260
204
208
190
194
234
302
310
286
346
290
338
374
376
378
374
390
358
346
352
392
372
426
430
444
452
434
440
414
406
378
372
384
360
320
302
320
354
344
354
328
340
310
368
402
408
404
450
442
422
462
400
386
410
474
498
502
494
506
524
472
502
520
518
522
564
592
564
578
532
540
482
502
478
462
468
420
478
462
446
384
430
438
484
450
476
464
428
430
432
470
520
492
476
514
524
570
562
584
550
570
584
608
626
606
568
526
508
490
466
446
468
466
422
358
334
402
450
398
408
406
396
416
488
488
518
508
522
478
480
480
482
486
476
542
540
520
578
580
570
574
554
620
578
628
604
650
612
648
714
714
710
708
678
606
566
590
558
540
586
590
632
654
688
702
666
740
750
756
764
722
688
712
744
720
684
734
736
742
728
692
640
642
626
588
566
564
616
586
624
596
578
598
638
640
658
708
790
798
822
810
850
846
846
800
792
822
778
804
752
742
746
760
762
742
752
778
812
832
832
808
812
764
756
780
784
798
806
748
716
730
764
792
756
746
736
710
722
704
696
696
670
694
706
692
720
764
722
756
744
748
748
788
788
754
770
814
766
754
778
766
790
764
734
734
738
748
780
770
712
714
712
728
742
742
744
744
724
700
740
760
780
776
728
688
676
704
742
746
696
708
746
760
784
826
828
842
838
832
828
868
864
892
890
880
894
876
886
866
872
876
892
882
878
846
840
836
792
804
806
776
796
778
776
766
752
730
758
758
736
710
714
752
750
738
724
654
684
722
698
666
678
674
688
710
692
684
692
698
704
740
740
718
754
724
750
824
772
804
764
706
746
700
670
694
698
638
670
700
700
714
710
690
666
666
632
610
582
614
576
636
646
666
672
728
738
754
742
762
752
738
684
672
712
670
710
772
754
742
742
740
754
752
774
742
746
810
794
790
786
748
764
764
758
774
758
772
738
774
788
788
820
814
842
802
792
784
724
714
732
698
726
712
696
668
706
672
668
728
690
682
708
680
726
734
716
700
666
738
720
738
764
800
798
778
750
780
784
792
778
810
750
704
674
696
664
682
682
702
694
644
674
676
764
750
748
786
750
770
760
770
784
806
784
780
720
762
726
726
756
726
714
722
750
770
748
814
806
830
852
854
802
756
754
790
752
698
750
746
708
680
658
666
644
650
668
714
722
752
740
682
696
704
666
688
696
732
782
744
792
808
790
772
768
796
794
810
836
818
832
826
818
826
788
796
772
822
844
816
802
840
848
852
846
840
826
842
866
862
868
822
822
862
888
878
876
848
852
850
860
824
842
844
816
744
742
794
758
728
734
734
698
704
724
724
732
708
730
754
812
820
828
800
812
772
734
766
786
796
768
784
766
778
742
748
750
698
690
674
688
682
706
676
702
688
704
718
706
688
730
734
718
734
786
818
814
824
816
786
764
776
778
770
802
774
750
712
760
746
722
700
724
732
786
768
784
744
748
710
726
702
734
746
716
702
688
696
692
698
724
702
662
658
662
648
644
624
624
662
620
612
630
624
674
664
662
674
668
678
666
622
618
618
634
634
672
682
746
714
670
712
706
682
704
690
714
702
684
658
664
680
656
670
666
696
660
688
706
688
634
634
626
654
614
604
620
606
608
650
652
678
650
692
706
684
714
710
726
684
696
712
700
752
778
776
804
784
796
760
760
742
702
738
746
750
780
770
760
734
750
744
752
706
718
770
726
698
732
710
736
738
730
694
666
596
602
600
566
530
490
430
388
442
396
386
418
406
442
394
446
436
408
480
448
466
496
482
516
506
482
464
492
482
500
544
574
582
600
632
646
622
638
620
594
572
536
594
582
550
580
530
524
512
562
572
674
750
734
760
776
758
784
780
742
706
688
662
624
662
670
654
650
670
650
648
664
674
702
710
692
688
678
680
700
754
740
718
724
680
680
672
712
716
714
726
746
694
660
684
