188
118
136
164
218
298
294
240
220
128
124
104
50
48
48
2
32
24
2
32
16
26
50
34
70
110
110
78
156
106
92
84
88
88
36
48
10
58
18
8
104
132
96
80
132
148
178
150
160
134
138
184
238
252
278
282
234
190
242
228
242
204
210
240
284
288
292
254
208
232
278
324
306
346
400
370
436
422
440
430
420
390
412
464
502
542
542
466
430
374
382
356
426
462
432
458
468
438
424
432
372
378
368
334
326
334
300
272
272
252
198
270
294
292
290
260
318
326
346
338
386
396
384
442
452
426
364
368
466
494
474
484
504
476
490
444
500
490
432
390
390
372
322
254
300
334
326
262
216
224
212
214
240
244
264
262
240
262
254
232
212
174
212
202
212
206
226
246
208
196
168
196
188
202
182
168
164
152
156
156
146
178
136
154
198
266
206
210
176
126
142
170
160
156
212
170
184
118
80
108
114
120
134
186
160
156
126
80
82
78
82
188
188
218
172
234
236
286
316
306
330
358
360
384
394
352
342
384
420
458
406
390
416
360
398
388
430
428
412
352
306
336
366
334
302
326
340
356
346
340
406
424
396
410
386
434
416
422
442
452
470
472
422
418
394
384
348
302
298
326
342
314
306
228
292
328
308
298
318
322
326
300
270
254
238
222
214
220
192
140
124
176
160
96
96
68
138
140
132
142
154
188
200
210
132
122
142
142
176
240
200
196
206
238
226
254
238
244
184
194
234
306
280
316
352
350
364
376
404
392
434
454
444
424
402
400
416
380
394
412
362
366
342
330
350
318
354
364
422
392
422
432
448
470
446
462
456
478
484
518
546
536
578
528
524
442
466
458
404
352
384
428
418
424
406
388
348
316
362
366
348
376
362
318
344
312
238
262
306
296
262
254
240
242
182
206
200
246
254
272
236
276
254
210
212
234
234
270
328
326
326
356
376
390
362
308
336
324
330
288
298
308
268
246
304
250
304
304
290
246
270
316
292
308
342
340
430
416
450
452
432
450
496
536
556
536
544
506
474
454
406
362
346
294
326
286
248
224
280
312
290
276
276
224
218
230
240
234
222
258
268
244
272
278
262
286
276
244
288
302
282
234
152
118
138
112
184
180
104
148
146
152
100
146
162
110
144
74
20
32
54
50
40
46
30
92
132
122
152
240
248
214
194
200
198
184
144
138
138
156
100
110
124
76
142
142
90
116
112
170
218
160
180
190
140
176
128
126
82
70
42
34
58
98
106
106
100
116
122
108
66
118
148
118
204
256
188
166
236
222
238
212
262
236
242
326
326
334
358
374
350
360
310
380
356
312
284
290
310
350
346
296
256
346
368
390
406
454
384
388
416
442
450
396
420
424
438
462
512
486
450
456
448
500
524
514
420
456
446
452
428
458
412
386
450
396
432
464
486
552
520
516
484
464
462
438
350
318
330
350
304
318
316
334
310
286
238
242
200
184
196
230
192
228
222
236
230
196
170
152
128
92
64
58
52
84
168
166
140
120
84
138
182
174
216
268
338
276
246
238
254
276
258
276
272
260
234
206
184
182
224
194
182
232
176
168
162
230
144
184
196
198
174
208
224
206
252
254
250
258
210
218
240
264
188
202
210
230
198
208
228
184
236
206
226
218
238
260
272
246
328
306
264
212
210
220
216
214
208
212
172
98
124
110
78
132
126
144
120
112
186
236
168
140
112
132
118
132
124
142
106
76
54
66
64
48
78
118
110
124
112
78
130
112
104
116
84
98
72
66
56
0
54
60
52
4
12
12
80
90
30
72
94
60
44
50
66
142
138
90
82
92
140
152
140
178
140
138
124
114
112
132
108
176
194
180
202
162
152
168
154
180
212
160
184
194
194
148
168
216
262
294
324
324
368
354
316
290
262
250
182
186
260
248
236
310
308
320
336
344
300
336
382
334
400
332
264
254
292
254
210
296
310
284
260
252
264
258
240
242
244
246
272
280
208
220
152
182
222
210
216
204
202
182
166
90
84
110
104
78
96
100
136
168
134
102
118
84
136
80
38
110
138
88
138
110
94
130
150
178
212
252
246
252
254
262
268
258
278
318
328
310
266
240
262
222
222
162
166
170
192
172
196
260
276
242
238
214
228
238
272
242
204
244
272
266
246
244
234
238
200
210
234
200
164
178
116
122
144
74
88
118
128
220
310
228
232
206
188
216
208
192
220
244
204
196
176
240
264
222
222
230
178
178
162
124
122
128
112
124
92
96
150
110
104
162
148
122
128
136
146
108
186
176
184
160
144
106
146
134
176
172
224
228
272
258
296
358
280
298
274
298
246
266
220
186
180
210
176
144
182
228
218
254
218
222
224
274
248
266
336
300
296
342
378
442
394
380
390
428
366
366
386
406
378
374
346
318
324
364
340
306
300
272
188
200
168
194
174
136
128
86
100
106
50
4
90
80
86
110
138
172
170
170
186
218
218
146
122
110
102
118
120
120
124
104
70
66
18
38
16
8
38
26
44
16
20
34
32
92
120
68
98
74
34
114
116
136
100
84
108
132
88
68
74
36
100
134
120
94
0
10
24
30
34
14
34
54
36
28
46
94
94
56
64
68
54
34
12
22
30
70
56
78
90
76
80
66
70
94
108
106
90
52
10
6
20
12
26
60
48
54
78
28
34
44
62
38
32
10
2
72
38
14
78
78
78
106
126
158
182
154
152
116
92
106
108
96
92
90
112
100
138
178
222
252
260
254
252
268
306
340
452
464
468
482
460
454
400
414
414
386
348
366
428
460
468
478
428
410
402
448
430
396
374
372
434
488
490
454
444
438
420
376
368
340
326
326
376
432
470
502
534
546
460
444
488
512
510
512
542
598
612
634
578
608
610
596
616
640
616
602
640
588
574
598
646
638
644
640
628
634
606
616
622
580
574
470
522
510
486
460
390
346
336
334
342
366
398
434
436
424
442
428
418
388
450
396
396
420
418
432
424
440
386
376
442
458
434
434
400
370
382
400
322
376
330
322
258
228
234
312
356
418
422
420
444
440
416
416
414
438
444
458
372
448
430
394
378
344
334
266
286
320
284
226
222
228
218
202
184
194
180
156
160
174
200
208
244
232
216
222
236
258
292
304
332
322
308
338
332
338
326
304
318
382
350
390
450
388
388
338
324
386
388
314
306
322
390
426
438
442
472
434
404
420
378
462
446
428
460
422
446
434
422
460
372
422
418
516
538
458
416
402
430
436
478
490
426
434
436
430
470
454
496
504
548
522
534
474
508
488
518
574
552
566
590
570
588
588
528
510
476
486
524
506
478
476
494
470
432
384
374
334
378
410
420
436
436
440
484
468
502
490
444
460
450
394
444
472
500
494
510
520
470
474
494
506
474
440
438
458
462
502
498
486
492
532
502
520
514
562
540
512
468
474
456
416
366
316
356
330
316
368
356
344
336
348
386
336
318
282
286
306
314
362
406
434
394
344
316
332
348
450
448
458
510
536
504
444
430
382
374
374
398
386
434
426
484
458
458
444
474
480
492
482
476
452
454
448
440
474
504
514
568
518
494
506
536
562
570
576
606
602
540
584
554
564
558
586
576
566
516
510
570
582
610
580
530
538
548
518
564
546
558
556
546
488
466
488
476
474
462
432
452
430
436
376
420
418
440
426
446
450
482
506
460
476
452
502
494
526
512
514
496
484
456
456
484
462
460
418
448
398
412
386
426
366
358
340
372
354
346
352
422
428
444
462
374
380
366
366
354
308
252
216
222
228
192
180
264
282
278
302
370
300
322
330
272
260
226
192
174
186
142
154
188
230
220
230
152
154
186
206
162
146
148
152
134
148
54
34
24
32
4
12
80
84
70
120
52
6
18
46
34
100
38
6
12
26
16
8
22
24
4
40
16
2
4
76
112
124
196
266
264
236
292
288
344
360
324
264
224
200
186
140
128
116
72
68
116
62
60
102
82
90
152
130
132
160
124
120
134
168
222
218
148
174
226
254
224
220
206
220
242
222
242
194
208
248
206
226
230
128
166
182
186
172
148
148
164
180
204
172
204
212
272
276
236
260
258
218
200
248
204
240
224
150
38
8
8
50
66
64
70
80
94
126
178
132
124
140
124
90
126
116
124
124
118
122
114
34
68
44
58
62
22
6
40
50
34
14
12
2
30
10
4
20
4
60
68
102
90
104
120
172
192
118
126
242
236
216
194
220
252
328
310
302
280
320
340
392
408
424
456
452
466
484
434
454
460
500
566
564
542
492
508
452
444
446
464
492
442
440
432
492
486
482
462
450
438
456
488
514
482
414
410
448
462
424
380
358
368
326
336
358
316
354
354
376
416
428
342
354
350
380
388
390
312
354
304
260
250
274
224
240
234
234
240
282
304
288
258
288
272
260
252
186
216
142
156
162
142
166
196
168
218
198
228
274
276
322
352
356
324
330
354
336
340
296
240
256
240
174
148
130
158
190
220
268
260
286
242
248
222
240
234
266
284
320
276
290
292
300
324
336
338
268
288
314
278
326
284
232
280
318
336
382
412
416
348
350
344
326
358
372
392
348
368
306
