3578
3562
3660
3594
3592
3650
3596
3624
3518
3540
3512
3458
3528
3518
3502
3430
3420
3378
3368
3364
3408
3316
3340
3350
3378
3408
3384
3412
3412
3436
3456
3506
3504
3530
3478
3520
3482
3456
3410
3418
3416
3438
3450
3486
3430
3468
3462
3504
3506
3430
3526
3452
3392
3420
3420
3502
3452
3468
3512
3484
3476
3534
3416
3404
3438
3440
3522
3492
3532
3552
3512
3522
3482
3510
3564
3528
3512
3528
3502
3486
3478
3424
3310
3288
3314
3336
3336
3348
3342
3402
3478
3454
3440
3458
3452
3396
3376
3406
3448
3458
3450
3442
3370
3384
3386
3412
3444
3416
3416
3384
3328
3270
3254
3380
3442
3458
3496
3482
3514
3474
3466
3516
3530
3604
3590
3580
3560
3576
3614
3606
3592
3572
3550
3576
3564
3610
3590
3572
3558
3564
3564
3586
3572
3556
3550
3492
3526
3436
3510
3454
3430
3438
3404
3468
3442
3484
3524
3532
3490
3460
3424
3478
3476
3444
3406
3458
3518
3500
3490
3536
3522
3514
3548
3490
3486
3542
3474
3402
3506
3516
3492
3412
3468
3500
3490
3460
3490
3456
3482
3540
3500
3460
3416
3486
3558
3556
3604
3604
3592
3606
3644
3668
3602
3532
3584
3588
3596
3538
3498
3474
3482
3520
3490
3496
3480
3510
3446
3392
3464
3540
3448
3496
3556
3492
3528
3574
3550
3488
3446
3440
3412
3494
3524
3490
3516
3478
3462
3404
3402
3424
3392
3364
3464
3484
3498
3436
3446
3458
3502
3524
3478
3534
3556
3480
3504
3528
3454
3428
3538
3516
3492
3518
3470
3478
3506
3500
3546
3546
3490
3456
3420
3456
3478
3578
3500
3526
3516
3568
3580
3550
3480
3456
3518
3466
3508
3546
3436
3496
3510
3512
3472
3544
3608
3626
3686
3610
3554
3572
3520
3544
3548
3562
3570
3542
3572
3524
3534
3554
3522
3516
3466
3518
3576
3690
3594
3610
3632
3596
3602
3588
3594
3544
3576
3512
3548
3468
3474
3452
3442
3426
3502
3478
3444
3458
3488
3544
3518
3492
3478
3458
3484
3492
3512
3488
3496
3576
3612
3528
3514
3498
3524
3532
3550
3542
3534
3552
3506
3474
3368
3426
3412
3428
3466
3412
3444
3366
3346
3336
3386
3436
3450
3454
3432
3452
3456
3486
3464
3520
3450
3494
3404
3356
3398
3396
3414
3502
3484
3512
3532
3514
3502
3506
3528
3560
3540
3526
3530
3514
3466
3460
3434
3434
3424
3498
3526
3520
3508
3556
3544
3492
3464
3400
3446
3398
3416
3398
3354
3392
3426
3434
3428
3394
3420
3458
3482
3476
3500
3502
3482
3484
3422
3428
3390
3408
3392
3398
3366
3360
3446
3446
3402
3372
3408
3424
3398
3378
3326
3414
3452
3454
3504
3528
3524
3462
3476
3498
3480
3482
3506
3536
3584
3520
3544
3432
3468
3528
3556
3538
3566
3618
3622
3646
3640
3628
3546
3526
3566
3564
3648
3664
3602
3584
3568
3520
3522
3526
3552
3552
3538
3534
3536
3578
3582
3600
3580
3594
3502
3452
3482
3532
3550
3558
3618
3610
3528
3496
3530
3616
3624
3622
3610
3576
3602
3632
3636
3616
3638
3610
3590
3600
3600
3538
3570
3590
3532
3602
3612
3576
3630
3594
3640
3696
3660
3586
3626
3616
3562
3468
3456
3452
3428
3510
3552
3574
3554
3456
3440
3486
3470
3488
3468
3474
3592
3512
3462
3440
3466
3440
3508
3506
3564
3542
3572
3598
3634
3622
3618
3614
3566
3578
3456
3516
3564
3554
3568
3538
3630
3608
3604
3572
3578
3536
3536
3484
3442
3358
3366
3392
3372
3422
3448
3422
3430
3434
3366
3318
3296
3290
3336
3334
3304
3282
3314
3332
3318
3368
3396
3402
3344
3284
3274
3310
3326
3344
3318
3328
3350
3304
3312
3292
3242
3278
3284
3304
3294
3290
3332
3362
3308
3262
3282
3354
3370
3382
3386
3380
3290
3302
3316
3342
3390
3420
3446
3382
3418
3460
3400
3398
3432
3374
3346
3436
3426
3450
3474
3426
3452
3412
3408
3440
3352
3392
3394
3480
3496
3472
3530
3548
3542
3496
3472
3472
3464
3484
3474
3466
3472
3392
3394
3416
3442
3476
3474
3468
3536
3578
3592
3488
3464
3428
3410
3444
3512
3524
3502
3532
3524
3494
3442
3444
3344
3504
3446
3536
3548
3550
3548
3550
3578
3622
3660
3634
3612
3670
3708
3726
3726
3712
3666
3676
3604
3602
3584
3632
3596
3582
3620
3592
3578
3574
3552
3540
3538
3536
3510
3582
3532
3546
3556
3628
3594
3598
3676
3636
3574
3568
3572
3556
3600
3602
3624
3588
3654
3660
3646
3614
3632
3580
3568
3512
3512
3528
3594
3580
3564
3520
3556
3482
3548
3564
3594
3588
3576
3578
3644
3640
3574
3528
3496
3506
3458
3490
3526
3578
3540
3540
3524
3512
3478
3456
3542
3502
3478
3492
3582
3548
3430
3408
3386
3390
3366
3272
3322
3378
3394
3324
3224
3356
3320
3332
3406
3408
3434
3470
3450
3418
3454
3458
3440
3442
3408
3372
3448
3396
3378
3356
3384
3398
3412
3412
3400
3466
3554
3482
3516
3550
3618
3606
3560
3514
3430
3396
3510
3482
3454
3484
3494
3484
3550
3528
3496
3572
3594
3594
3562
3522
3552
3506
3524
3540
3556
3502
3496
3534
3530
3570
3580
3622
3648
3646
3596
3520
3572
3512
3468
3542
3498
3496
3464
3492
3520
3482
3478
3488
3530
3548
3456
3482
3520
3532
3520
3476
3432
3450
3478
3490
3574
3544
3560
3560
3590
3556
3518
3508
3536
3514
3476
3512
3518
3510
3486
3516
3562
3540
3594
3594
3618
3618
3572
3562
3492
3522
3530
3516
3516
3534
3534
3522
3496
3538
3540
3540
3546
3518
3490
3460
3420
3410
3480
3524
3528
3508
3578
3588
3498
3550
3578
3590
3592
3566
3572
3568
3554
3530
3530
3548
3560
3522
3522
3508
3570
3516
3512
3578
3604
3582
3644
3622
3612
3596
3570
3542
3566
3608
3584
3612
3624
3592
3658
3642
3682
3642
3622
3612
3632
3668
3624
3562
3536
3486
3554
3614
3582
3606
3614
3682
3672
3678
3654
3626
3598
3556
3578
3570
3524
3462
3488
3508
3526
3568
3570
3576
3518
3544
3574
3596
3602
3532
3452
3458
3506
3418
3374
3344
3344
3408
3464
3430
3478
3396
3464
3502
3566
3550
3556
3588
3604
3568
3634
3606
3614
3544
3528
3588
3596
3608
3600
3606
3548
3562
3580
3576
3556
3502
3536
3512
3534
3500
3496
3404
3420
3456
3470
3478
3420
3412
3430
3398
3374
3392
3366
3350
3436
3436
3446
3476
3428
3478
3466
3482
3506
3438
3470
3452
3456
3508
3554
3530
3482
3452
3470
3418
3454
3484
3466
3452
3416
3436
3494
3526
3532
3574
3482
3442
3490
3478
3564
3466
3472
3414
3420
3426
3370
3352
3238
3230
3244
3278
3350
3374
3398
3412
3492
3480
3482
3404
3390
3380
3398
3398
3398
3430
3408
3390
3434
3428
3416
3480
3456
3392
3448
3452
3474
3478
3518
3562
3606
3596
3672
3654
3630
3556
3488
3484
3474
3496
3526
3494
3464
3474
3322
3312
3304
3286
3242
3234
3190
3200
3200
3332
3344
3406
3460
3412
3356
3334
3390
3356
3388
3368
3376
3372
3408
3438
3400
3442
3410
3424
3468
3458
3472
3516
3514
3504
3484
3506
3520
3478
3532
3556
3522
3480
3478
3464
3444
3488
3484
3486
3464
3446
3516
3550
3552
3584
3552
3592
3566
3578
3548
3604
3636
3626
3646
3648
3620
3506
3580
3566
3608
3568
3510
3592
3602
3512
3600
3554
3474
3482
3484
3520
3528
3586
3590
3632
3624
3682
3658
3648
3612
3614
3622
3628
3598
3618
3668
3612
3588
3564
3522
3536
3522
3532
3548
3622
3648
3644
3580
3536
3570
3596
3558
3540
3520
3554
3594
3624
3604
3574
3580
3600
3574
3582
3604
3488
3442
3468
3484
3452
3472
3394
3542
3556
3584
3568
3548
3500
3540
3530
3502
3470
3448
3440
3450
3498
3506
3498
3540
3542
3554
3514
3498
3564
3506
3516
3520
3498
3518
3514
3480
3452
3448
3346
3372
3406
3456
3486
3444
3442
3462
3424
3370
3430
3478
3440
3484
3486
3466
3452
3448
3410
3450
3430
3458
3496
3530
3542
3540
3498
3450
3506
3506
3408
3430
3348
3366
3350
3358
3372
3312
3360
3404
3338
3282
3324
3298
3236
3314
3334
3328
3366
3340
3328
3290
3396
3406
3392
3352
3286
3266
3300
3316
3280
3226
3272
3238
3216
3280
3368
3390
3368
3398
3384
3386
3330
3326
3382
3404
3436
3348
3364
3390
3356
3414
3342
3310
3398
3400
3358
3334
3376
3298
3296
3386
3300
3352
3348
3304
3322
3254
3242
3230
3232
3262
3284
3230
3236
3260
3286
3294
3342
3402
3386
3354
3322
3288
3284
3324
3308
3342
3316
3330
3356
3404
3420
3516
3424
3496
3468
3478
3488
3454
3450
3462
3418
3450
3502
3522
3546
3480
3516
3494
3516
3544
3542
3586
3572
3550
3632
3654
3632
3550
3558
3606
3588
3536
3512
3554
3538
3582
3594
3528
3580
3578
3504
3492
3540
3540
3542
3586
3580
3610
3654
3590
3560
3540
3580
3558
3596
3582
3572
3544
3500
3568
3620
3580
3622
3574
3530
3580
3542
3594
3564
3546
3550
3506
3438
3446
3368
3384
3340
3388
3378
3362
3402
3428
3442
3424
3430
3464
3482
3460
3494
3534
3550
3516
3486
3504
3564
3508
3564
3580
3584
3560
3550
3540
3530
3578
3596
3620
3556
3626
3588
3560
3542
3530
3550
3538
3546
3564
3532
3602
3660
3634
3666
3564
3546
3544
3566
3540
3508
3508
3544
3550
3564
3588
3558
3576
3610
3602
3564
3604
3588
3612
3608
3582
3580
3572
3560
3578
3584
3552
3580
3590
3530
3516
3528
3538
3480
3544
3470
3510
3572
3502
3532
3468
3524
3576
3526
3554
3548
3526
3488
3480
3510
3498
3418
3500
3506
3456
3448
3366
3438
3446
3528
3518
3550
3492
3486
3496
3446
3486
3462
3460
3424
3398
3430
3472
3466
3476
3510
3588
3592
3520
3498
3488
3456
3488
3522
3518
3574
3562
3602
3606
3574
3602
3558
3614
3526
3572
3470
3480
3532
3534
3534
3584
3582
3592
3474
3452
3518
3554
3620
3634
3596
3598
3582
3626
3656
3630
3552
3578
3556
3590
3592
3634
3600
3544
3544
3530
3516
3560
3538
3490
3494
3414
3532
3490
3372
3418
3450
3498
3466
3428
3496
3518
3520
3526
3544
3530
3544
3466
3468
3450
3466
3478
3518
3434
3430
3450
3452
3468
3486
3534
3456
3514
3490
3510
3532
3600
3494
3478
3514
3578
3564
3570
3532
3508
3458
3456
3506
3562
3512
3468
3414
3408
3404
3412
3454
3460
3398
3440
3372
3428
3456
3420
3408
3374
3426
3438
3446
3484
3496
3522
3588
3610
3568
3524
3542
3566
3508
3480
3468
3468
3466
3430
3462
3454
3452
3518
3554
3608
3668
3590
3588
3562
3542
3540
3570
3576
3554
3518
3508
3528
3556
3544
3574
3556
3490
3564
3532
3500
3474
3534
3544
3538
3528
3532
3518
3560
3556
3578
3606
3562
3474
3464
3430
3416
3418
3376
3364
3446
3366
3436
3376
3446
3386
3458
3444
3448
3488
3468
3486
3476
3528
3538
3472
3398
3440
3446
3428
3526
3490
3466
3418
3384
3386
3354
3372
3384
3398
3328
3330
3318
3290
3284
3358
3316
3350
3332
3378
3350
3274
3270
3238
3252
3208
3230
3206
3174
3246
3204
3164
3212
3110
3178
3260
3238
3304
3326
3320
3258
3248
3248
3204
3214
3180
3148
3096
3144
3166
3178
3190
3250
3250
3206
3216
3240
3246
3230
3226
3134
3126
3166
3100
3102
3088
3118
3128
3076
3030
3032
2940
2946
2990
3064
3092
3060
3114
3116
3104
3156
3194
3238
3224
3250
3224
3268
3274
3216
3276
3254
3268
3242
3342
3408
3412
3386
3374
3440
3422
3400
3422
3418
3394
3404
3444
3412
3344
3316
3388
3362
3392
3368
3402
3366
3346
3338
3342
3272
3304
3304
3246
3362
3376
3358
3302
3312
3258
3244
3100
3022
3042
3036
3062
3100
3070
3044
3064
3080
3142
3130
3072
3132
3106
3154
3176
3210
3166
3146
3156
3116
3110
3108
3088
3130
3126
3188
3216
3182
3118
