3258
3256
3222
3122
3064
3208
3264
3322
3300
3258
3248
3232
3184
3220
3252
3202
3176
3210
3216
3236
3244
3174
3150
3096
3146
3116
3152
3136
3222
3218
3226
3260
3246
3206
3218
3216
3272
3254
3144
3186
3228
3180
3188
3168
3210
3172
3160
3200
3120
3042
2966
2934
2976
2992
2962
2856
2858
2864
2840
2898
2876
2866
2842
2824
2894
3008
2942
2942
3034
3050
3040
3070
3102
3126
3152
3106
3038
3034
3098
3132
3054
3038
3094
3126
3176
3234
3292
3284
3278
3198
3228
3172
3178
3216
3204
3246
3308
3240
3326
3294
3302
3320
3292
3332
3400
3448
3364
3400
3334
3276
3130
3158
3108
3142
3136
3094
3192
3334
3338
3350
3346
3354
3334
3298
3274
3312
3400
3260
3264
3284
3282
3230
3264
3234
3322
3272
3290
3318
3346
3320
3304
3314
3240
3220
3208
3272
3326
3292
3268
3366
3410
3452
3422
3440
3424
3404
3312
3352
3304
3296
3348
3424
3464
3414
3470
3462
3526
3520
3524
3490
3496
3512
3554
3556
3586
3564
3484
3470
3498
3526
3530
3574
3540
3494
3522
3510
3488
3490
3452
3422
3448
3428
3506
3432
3482
3478
3476
3486
3476
3490
3470
3426
3508
3636
3638
3584
3570
3590
3510
3464
3414
3458
3420
3500
3500
3498
3526
3478
3472
3440
3436
3398
3384
3326
3350
3412
3316
3374
3410
3394
3410
3444
3428
3532
3564
3520
3492
3482
3440
3440
3306
3322
3348
3346
3324
3288
3316
3326
3228
3288
3300
3318
3300
3238
3250
3214
3220
3156
3180
3270
3322
3148
3172
3106
3116
3142
3088
3114
3044
3012
3028
3082
2994
3062
3026
2988
2998
3022
2970
2990
2934
2924
2892
2934
2964
2986
2996
3034
3116
3156
3096
3088
3100
3094
3110
3146
3170
3150
3210
3254
3302
3296
3378
3388
3386
3344
3292
3272
3272
3224
3274
3286
3250
3332
3334
3338
3310
3330
3274
3266
3292
3380
3390
3290
3272
3262
3218
3290
3326
3328
3338
3382
3436
3412
3436
3432
3438
3456
3428
3388
3396
3330
3336
3362
3278
3198
3186
3230
3178
3204
3132
3136
3170
3094
3150
3274
3278
3220
3282
3314
3304
3324
3284
3384
3370
3316
3386
3380
3362
3340
3322
3374
3418
3356
3348
3342
3340
3338
3356
3344
3380
3262
3218
3238
3278
3368
3372
3370
3346
3244
3236
3300
3306
3316
3304
3340
3358
3324
3282
3338
3240
3178
3146
3228
3232
3246
3216
3214
3082
3066
3062
3056
3022
3010
3006
3010
2930
2890
2930
2946
2950
2984
2906
2916
2942
2984
2980
2978
3010
2994
2974
2972
3044
3020
3006
2960
2972
2956
2908
2918
2934
2962
3030
2992
3054
3086
3068
3020
3022
3032
2990
3046
3078
3090
3096
3136
3090
3122
3108
3174
3212
3222
3146
3224
3206
3268
3384
3396
3370
3300
3286
3256
3370
3318
3292
3302
3338
3340
3320
3342
3328
3320
3308
3214
3182
3154
3178
3190
3244
3166
3224
3260
3376
3360
3428
3488
3546
3514
3504
3470
3440
3468
3452
3470
3452
3544
3470
3454
3514
3518
3508
3484
3460
3460
3456
3400
3438
3486
3434
3372
3384
3376
3456
3512
3532
3500
3502
3498
3482
3458
3504
3506
3516
3508
3564
3524
3564
3508
3430
3402
3410
3462
3524
3508
3532
3474
3548
3488
3514
3414
3474
3414
3404
3398
3430
3436
3410
3350
3334
3346
3348
3344
3316
3312
3326
3336
3336
3334
3296
3322
3318
3334
3320
3338
3300
3314
3302
3372
3412
3430
3470
3430
3374
3338
3378
3338
3344
3270
3304
3346
3344
3352
3346
3320
3382
3398
3450
3446
3454
3512
3478
3426
3448
3462
3432
3466
3480
3472
3378
3414
3426
3364
3342
3398
3358
3340
3344
3276
3348
3432
3372
3390
3460
3460
3370
3386
3286
3270
3258
3232
3242
3272
3290
3334
3324
3434
3434
3398
3380
3368
3420
3436
3374
3300
3258
3346
3364
3376
3370
3382
3366
3388
3412
3420
3406
3432
3436
3368
3314
3354
3398
3396
3402
3372
3324
3306
3304
3322
3388
3344
3394
3400
3390
3442
3444
3376
3328
3324
3304
3246
3266
3296
3344
3324
3312
3286
3278
3282
3308
3360
3334
3366
3432
3372
3382
3336
3372
3360
3340
3330
3440
3460
3496
3430
3410
3444
3476
3454
3444
3476
3456
3474
3402
3390
3408
3380
3286
3310
3324
3320
3330
3424
3392
3408
3366
3294
3256
3248
3284
3248
3354
3382
3364
3360
3362
3456
3316
3338
3404
3418
3452
3498
3516
3446
3460
3502
3484
3436
3444
3450
3508
3512
3496
3412
3410
3360
3404
3370
3412
3426
3384
3418
3428
3382
3384
3412
3450
3388
3444
3396
3322
3326
3298
3320
3322
3300
3340
3314
3320
3316
3326
3292
3336
3322
3318
3240
3346
3400
3402
3382
3428
3416
3396
3466
3490
3554
3528
3530
3564
3558
3576
3560
3546
3530
3598
3566
3562
3464
3440
3546
3552
3488
3540
3470
3460
3414
3458
3442
3460
3504
3466
3434
3452
3420
3390
3468
3438
3442
3486
3444
3366
3334
3366
3380
3392
3406
3346
3412
3384
3412
3324
3294
3328
3278
3286
3294
3334
3326
3294
3324
3232
3234
3216
3212
3162
3148
3162
3212
3242
3222
3282
3288
3304
3212
3212
3236
3262
3294
3350
3308
3320
3284
3308
3254
3258
3204
3270
3268
3292
3348
3364
3284
3296
3262
3250
3284
3388
3434
3390
3308
3274
3296
3268
3308
3352
3316
3230
3268
3292
3256
3240
3142
3138
3156
3156
3208
3226
3230
3234
3174
3188
3158
3214
3238
3292
3216
3242
3206
3148
3108
3190
3034
3002
2952
3014
3072
3078
3130
3096
3110
3156
3118
3120
3160
3118
3106
3074
3182
3186
3180
3144
3118
3108
3118
3114
3082
3066
3076
3100
3066
3066
3142
3100
3196
3190
3116
3240
3334
3306
3328
3312
3338
3350
3324
3280
3266
3174
3254
3256
3308
3322
3352
3354
3310
3274
3322
3280
3266
3252
3310
3324
3314
3284
3370
3440
3430
3448
3442
3436
3396
3358
3296
3280
3300
3298
3304
3348
3310
3316
3328
3310
3370
3350
3320
3232
3230
3216
3196
3066
3040
3026
3058
3028
3084
3112
3128
3162
3194
3214
3192
3152
3270
3248
3162
3212
3280
3300
3340
3372
3394
3408
3442
3402
3410
3452
3510
3506
3456
3360
3384
3368
3282
3320
3318
3318
3320
3354
3364
3440
3368
3406
3378
3370
3422
3460
3380
3376
3368
3370
3428
3466
3512
3476
3450
3540
3526
3480
3480
3462
3422
3450
3462
3440
3482
3546
3480
3434
3448
3422
3424
3510
3494
3460
3488
3420
3466
3460
3470
3496
3428
3426
3450
3440
3402
3406
3408
3426
3520
3474
3452
3434
3426
3436
3410
3448
3476
3474
3384
3378
3312
3290
3232
3326
3302
3302
3288
3326
3264
3172
3156
3196
3186
3164
3176
3108
3024
3092
3062
3090
3150
3136
3142
3168
3170
3178
3234
3292
3248
3192
3200
3168
3204
3230
3228
3202
3246
3336
3302
3310
3310
3296
3318
3254
3172
3204
3228
3260
3254
3218
3230
3218
3300
3248
3176
3220
3212
3124
3102
3038
3054
3006
3048
3178
3202
3226
3154
3078
3168
3202
3154
3168
3208
3210
3302
3248
3272
3294
3366
3352
3416
3446
3420
3420
3396
3396
3450
3406
3406
3368
3334
3326
3298
3272
3264
3258
3300
3240
3348
3318
3232
3270
3300
3380
3410
3364
3310
3340
3314
3334
3356
3306
3276
3246
3238
3312
3310
3260
3322
3266
3296
3280
3254
3314
3188
3148
3186
3198
3140
3156
3082
3120
3140
3160
3154
3138
3176
3146
3124
3124
3092
3132
3154
3124
3214
3180
3148
3198
3194
3192
3246
3238
3254
3252
3256
3274
3248
3308
3248
3346
3368
3426
3402
3408
3414
3378
3460
3446
3512
3438
3480
3516
3488
3506
3466
3432
3450
3428
3436
3422
3304
3330
3420
3388
3400
3392
3418
3386
3390
3398
3378
3482
3434
3434
3492
3434
3484
3568
3520
3562
3552
3480
3424
3436
3410
3432
3404
3450
3506
3504
3414
3464
3410
3422
3436
3424
3346
3376
3380
3320
3344
3318
3296
3376
3362
3252
3246
3250
3264
3314
3224
3250
3300
3238
3308
3300
3230
3252
3242
3234
3238
3272
3266
3270
3278
3286
3302
3274
3210
3246
3286
3234
3182
3144
3140
3100
3070
3056
3048
3040
3088
3038
3102
3076
3140
3096
3092
3150
3204
3222
3236
3270
3264
3166
3256
3238
3304
3242
3302
3364
3368
3366
3388
3358
3324
3348
3338
3312
3322
3382
3422
3396
3436
3390
3362
3324
3310
3342
3346
3338
3310
3358
3418
3346
3310
3366
3358
3426
3392
3362
3294
3260
3242
3272
3310
3232
3190
3172
3152
3210
3128
3080
3116
3048
2984
3056
3064
3062
2978
3040
3082
3120
3104
3148
3128
3224
3254
3280
3292
3310
3278
3324
3270
3206
3252
3256
3252
3288
3328
3328
3326
3360
3418
3366
3332
3336
3328
3290
3312
3306
3298
3374
3446
3480
3432
3456
3458
3442
3474
3466
3416
3418
3396
3478
3438
3394
3324
3344
3292
3316
3278
3318
3318
3326
3286
3322
3380
3356
3334
3382
3360
3330
3368
3264
3290
3308
3298
3382
3342
3370
3300
3232
3246
3276
3326
3282
3284
3280
3364
3388
3362
3382
3392
3398
3440
3432
3498
3474
3460
3430
3426
3428
3410
3382
3300
3336
3240
3256
3202
3254
3186
3240
3206
3212
3224
3118
3120
3134
3180
3258
3268
3218
3168
3170
3146
3102
3096
3052
3022
3038
3020
2992
3012
3032
2962
3052
3086
3044
3002
3048
3172
3224
3130
3068
3174
3074
3050
3040
2946
3060
3106
3148
3168
3164
3094
3104
3172
3188
3208
3212
3210
3204
3132
3188
3140
3066
3186
3174
3116
3036
3048
3088
3094
3100
3104
3122
3124
3234
3218
3304
3304
3232
3166
3288
3214
3168
3192
3304
3292
3316
3256
3256
3238
3270
3298
3288
3322
3352
3340
3402
3360
3400
3436
3456
3452
3406
3328
3280
3286
3308
3432
3490
3446
3400
3410
3308
3318
3336
3274
3296
3360
3344
3400
3398
3354
3386
3408
3384
3456
3474
3410
3362
3392
3456
3402
3414
3352
3426
3456
3396
3426
3452
3442
3430
3396
3406
3394
3436
3478
3512
3460
3458
3418
3446
3444
3426
3382
3452
3402
3456
3436
3446
3492
3424
3424
3470
3432
3492
3534
3592
3618
3602
3546
3524
3510
3506
3504
3456
3392
3406
3458
3496
3480
3430
3372
3364
3330
3386
3490
3464
3508
3458
3350
3318
3268
3308
3284
3360
3338
3314
3330
3324
3434
3316
3330
3324
3320
3318
3382
3364
3412
3258
3248
3212
3154
3190
3246
3288
3282
3230
3246
3244
3158
3198
3214
3248
3202
3200
3234
3232
3230
3180
3190
3196
3234
3204
3224
3262
3334
3330
3324
3294
3298
3276
3336
3286
3310
3320
3340
3372
3334
3328
3298
3256
3286
3364
3286
3272
3314
3348
3340
3332
3340
3404
3410
3436
3446
3414
3412
3394
3414
3484
3406
3382
3326
3336
3336
3278
3330
3400
3378
3412
3360
3384
3398
3368
3318
3316
3364
3388
3374
3352
3356
3408
3498
3496
3480
3466
3448
3414
3366
3418
3438
3396
3434
3474
3408
3412
3396
3420
3468
3442
3390
3402
3414
3420
3418
3446
3442
3444
3432
3476
3526
3538
3502
3486
3494
3444
3434
3368
3424
3400
3414
3392
3402
3338
3318
3430
3366
3382
3408
3434
3424
3378
3438
3382
3382
3380
3466
3412
3426
3382
3344
3368
3372
3384
3368
3316
3412
3400
3370
3396
3300
3260
3204
3118
3126
3114
3136
3128
3234
3166
3144
3220
3264
3296
3360
3328
3308
3312
3386
3420
3418
3422
3330
3336
3326
3304
3262
3276
3278
3300
3340
3376
3340
3364
3418
3330
3332
3334
3312
3294
3396
3420
3442
3400
3432
3446
3446
3412
3358
3310
3258
3230
3232
3228
3284
3296
3244
3244
3224
3216
3246
3144
3108
3240
3158
3122
3154
3194
3152
3124
3096
3102
3094
3026
3076
3146
3140
3180
3216
3208
3222
3184
3198
3208
3186
3182
3190
3210
3222
3172
3152
3146
3158
3126
3086
3118
3090
3014
3054
3066
3024
3108
3144
3190
3218
3248
3240
3136
3166
