7792
7734
7778
7800
7704
7694
7706
7686
7790
7740
7726
7742
7672
7748
7638
7714
7694
7626
7532
7438
7434
7454
7516
7410
7284
7136
7256
7370
7430
7408
7406
7360
7314
7316
7388
7424
7480
7484
7488
7444
7480
7544
7418
7400
7458
7542
7624
7580
7616
7690
7738
7724
7764
7766
7690
7620
7610
7540
7692
7678
7664
7618
7618
7624
7554
7582
7602
7594
7574
7626
7600
7600
7666
7620
7582
7614
7644
7702
7650
7640
7698
7714
7612
7688
7592
7586
7656
7592
7590
7564
7512
7516
7630
7532
7586
7532
7532
7552
7538
7534
7636
7562
7630
7468
7564
7572
7652
7842
7734
7678
7720
7714
7764
7728
7722
7756
7776
7842
7786
7818
7762
7808
7756
7696
7696
7662
7614
7636
7716
7666
7650
7594
7642
7704
7734
7646
7720
7668
7684
7546
7562
7582
7548
7494
7600
7672
7618
7648
7610
7638
7780
7662
7656
7712
7654
7670
7670
7718
7704
7622
7632
7706
7788
7806
7906
7944
7832
7670
7632
7620
7664
7678
7744
7714
7694
7734
7710
7698
7732
7600
7616
7652
7746
7720
7644
7628
7646
7664
7682
7750
7790
7694
7620
7732
7722
7714
7790
7800
7784
7732
7720
7732
7786
7688
7740
7702
7674
7536
7566
7566
7508
7434
7382
7478
7402
7470
7416
7498
7524
7592
7506
7568
7650
7674
7616
7582
7630
7494
7570
7560
7658
7760
7776
7744
7676
7698
7562
7550
7494
7532
7556
7636
7664
7678
7742
7834
7806
7708
7682
7592
7442
7438
7342
7366
7326
7344
7362
7358
7448
7462
7502
7558
7552
7590
7540
7548
7528
7520
7528
7540
7606
7656
7754
7676
7704
7624
7596
7482
7640
7620
7760
7674
7684
7608
7520
7598
7588
7612
7512
7542
7560
7606
7502
7638
7652
7602
7632
7590
7670
7536
7532
7566
7490
7494
7524
7590
7588
7724
7666
7788
7796
7826
7826
7840
7754
7690
7612
7664
7668
7544
7550
7614
7624
7624
7664
7756
7742
7668
7662
7696
7640
7728
7710
7724
7654
7742
7718
7714
7738
7708
7716
7734
7724
7670
7778
7750
7748
7778
7792
7834
7822
7834
7728
7660
7704
7680
7658
7678
7714
7770
7654
7662
7734
7734
7676
7640
7662
7654
7618
7668
7690
7566
7618
7754
7744
7612
7562
7530
7564
7636
7614
7656
7664
7652
7592
7518
7586
7656
7558
7540
7522
7540
7458
7472
7550
7576
7598
7674
7680
7606
7514
7522
7470
7542
7612
7530
7540
7440
7558
7630
7622
7630
7610
7668
7644
7686
7620
7662
7548
7638
7690
7690
7612
7620
7646
7726
7728
7698
7658
7650
7636
7654
7724
7642
7656
7584
7566
7654
7664
7736
7652
7534
7468
7386
7354
7360
7462
7384
7372
7408
7494
7634
7478
7438
7526
7434
7518
7532
7498
7522
7510
7666
7764
7668
7660
7572
7574
7538
7718
7652
7648
7658
7640
7696
7838
7736
7678
7676
7642
7708
7672
7588
7658
7738
7776
7790
7756
7746
7790
7780
7726
7760
7736
7624
7688
7754
7788
7782
7728
7652
7748
7730
7816
7848
7784
7822
7762
7742
7718
7764
7620
7686
7740
7698
7708
7748
7754
7844
7944
7808
7690
7680
7752
7640
7688
7738
7686
7592
7696
7720
7726
7748
7702
7796
7568
7576
7704
7704
7700
7666
7810
7764
7740
7734
7806
7752
7658
7756
7810
7840
7846
7810
7830
7722
7780
7834
7876
7892
7828
7822
7890
7882
7830
7878
7710
7618
7594
7590
7616
7684
7710
7768
7766
7760
7708
7658
7814
7862
7882
7864
7910
7800
7898
7880
7852
7784
7776
7796
7680
7602
7746
7820
7758
7726
7622
7544
7494
7684
7610
7602
7556
7646
7774
7760
7638
7658
7688
7696
7676
7666
7630
7640
7632
7592
7620
7688
7660
7646
7618
7546
7480
7486
7586
7606
7594
7454
7548
7704
7670
7624
7588
7698
7704
7638
7678
7728
7738
7766
7736
7742
7664
7520
7526
7588
7552
7406
7448
7528
7454
7498
7500
7540
7532
7490
7462
7466
7556
7576
7580
7520
7524
7498
7422
7436
7542
7524
7548
7554
7530
7564
7630
7718
7786
7800
7808
7724
7670
7660
7756
7742
7688
7670
7612
7732
7674
7688
7546
7428
7428
7544
7514
7580
7634
7560
7488
7542
7612
7502
7436
7514
7570
7584
7678
7632
7700
7522
7602
7518
7588
7594
7496
7438
7500
7400
7404
7398
7470
7510
7388
7414
7350
7284
7236
7330
7388
7412
7390
7398
7390
7458
7464
7572
7526
7528
7580
7602
7516
7518
7602
7554
7572
7576
7582
7516
7614
7636
7556
7574
7496
7454
7552
7600
7618
7682
7646
7688
7646
7620
7642
7694
7696
7680
7650
7672
7704
7710
7666
7710
7628
7626
7582
7702
7662
7746
7750
7780
7710
7632
7654
7748
7718
7680
7710
7702
7588
7668
7816
7782
7776
7736
7766
7972
8028
7900
7848
7838
7876
7866
7710
7636
7592
7436
7444
7568
7578
7648
7778
7670
7668
7692
7614
7538
7660
7544
7584
7542
7612
7576
7614
7576
7642
7544
7520
7562
7594
7624
7696
7714
7692
7564
7644
7644
7532
7614
7592
7618
7558
7546
7520
7532
7520
7572
7622
7584
7468
7462
7504
7478
7338
7302
7326
7280
7296
7248
7316
7228
7292
7414
7338
7352
7438
7476
7406
7392
7434
7406
7314
7290
7264
7226
7342
7384
7392
7418
7424
7454
7518
7556
7470
7388
7408
7354
7236
7238
7168
7356
7362
7504
7526
7496
7476
7494
7520
7542
7562
7438
7428
7356
7356
7416
7404
7420
7494
7602
7676
7680
7554
7534
7494
7480
7574
7632
7604
7572
7514
7546
7462
7436
7432
7424
7520
7478
7448
7404
7430
7388
7496
7568
7622
7594
7580
7570
7536
7534
7564
7434
7548
7590
7576
7646
7612
7604
7626
7664
7598
7620
7518
7546
7524
7466
7502
7570
7616
7572
7484
7586
7484
7334
7360
7336
7386
7354
7346
7338
7234
7240
7320
7264
7330
7296
7220
7188
7192
7322
7196
7178
7228
7276
7270
7308
7338
7346
7310
7252
7290
7370
7268
7250
7328
7368
7346
7382
7352
7380
7350
7298
7182
7160
7150
7154
7218
7172
7192
7180
7158
7166
7282
7248
7284
7390
7474
7500
7488
7570
7408
7414
7440
7500
7538
7626
7586
7606
7546
7558
7550
7596
7622
7562
7544
7574
7626
7638
7626
7696
7746
7750
7654
7598
7570
7554
7654
7648
7730
7720
7770
7664
7598
7442
7448
7482
7506
7452
7450
7422
7460
7468
7490
7576
7740
7762
7768
7718
7680
7600
7632
7618
7678
7596
7546
7614
7574
7556
7512
7506
7552
7576
7644
7670
7672
7680
7754
7758
7698
7740
7786
7710
7674
7712
7734
7724
7744
7658
7572
7512
7552
7584
7688
7726
7642
7650
7672
7688
7672
7646
7666
7742
7594
7584
7652
7606
7584
7526
7530
7504
7442
7442
7484
7488
7494
7466
7418
7294
7276
7246
7210
7106
7134
7096
7104
7208
7292
7270
7152
7204
7102
7076
7196
7234
7378
7416
7376
7334
7324
7360
7394
7412
7440
7582
7436
7506
7480
7538
7636
7588
7702
7740
7654
7668
7558
7580
7598
7646
7696
7698
7624
7558
7530
7498
7548
7536
7522
7590
7668
7654
7648
7646
7678
7660
7622
7650
7654
7624
7562
7624
7684
7566
7500
7504
7494
7598
7592
7592
7626
7634
7632
7626
7552
7554
7408
7290
7208
7306
7280
7288
7394
7288
7326
7342
7236
7250
7318
7344
7358
7440
7468
7416
7398
7322
7292
7274
7170
7070
7278
7262
7380
7408
7384
7384
7330
7412
7382
7410
7290
7358
7332
7330
7418
7348
7286
7272
7290
7268
7194
7256
7230
7272
7234
7312
7372
7302
7290
7202
7332
7382
7298
7302
7330
7392
7356
7204
7240
7222
7258
7250
7270
7184
7170
7214
7250
7226
7134
7200
7244
7190
7254
7228
7294
7110
7260
7190
7224
7276
7144
7210
7226
7154
7274
7270
7352
7328
7330
7264
7364
7346
7340
7266
7338
7474
7510
7510
7478
7432
7370
7324
7388
7468
7396
7276
7278
7304
7288
7332
7340
7370
7448
7310
7178
7260
7260
7252
7246
7246
7306
7316
7314
7312
7314
7316
7370
7352
7328
7368
7366
7428
7534
7568
7592
7616
7628
7616
7544
7558
7638
7524
7554
7458
7576
7540
7574
7614
7630
7682
7658
7634
7598
7672
7652
7600
7698
7702
7670
7552
7540
7482
7474
7532
7522
7496
7504
7490
7524
7444
7434
7328
7312
7314
7220
7254
7418
7470
7350
7338
7320
7352
7412
7352
7296
7280
7342
7324
7400
7362
7382
7218
7290
7298
7186
7280
7352
7246
7264
7366
7498
7470
7600
7482
7438
7454
7486
7490
7498
7504
7544
7584
7610
7562
7524
7544
7582
7604
7624
7560
7540
7570
7554
7564
7640
7478
7476
7552
7532
7638
7578
7592
7526
7578
7518
7478
7464
7348
7454
7544
7528
7466
7424
7404
7508
7476
7478
7576
7608
7592
7596
7632
7660
7636
7490
7534
7636
7662
7546
7474
7404
7396
7408
7380
7350
7446
7300
7404
7506
7524
7534
7524
7430
7572
7518
7572
7484
7542
7484
7432
7468
7474
7404
7348
7370
7474
7498
7454
7450
7396
7364
7502
7490
7446
7396
7452
7562
7456
7518
7460
7330
7304
7384
7370
7310
7266
7246
7136
7112
7166
7214
7260
7254
7332
7258
7230
7310
7290
7318
7440
7488
7518
7398
7268
7230
7172
7234
7282
7272
7282
7324
7174
7144
7154
7194
7170
7116
7046
7014
6914
6822
6818
6960
6900
6916
6852
6840
6876
6874
6978
6976
7064
7054
7090
7074
7006
7080
7132
7198
7280
7280
7238
7266
7186
7192
7286
7362
7458
7398
7340
7234
7284
7326
7356
7290
7390
7402
7442
7462
7516
7432
7382
7376
7406
7502
7444
7458
7426
7434
7336
7332
7366
7328
7360
7296
7232
7258
7252
7262
7288
7192
7098
7152
7144
7154
7190
7218
7164
7250
7330
7410
7470
7532
7534
7610
7654
7534
7610
7582
7552
7588
7542
7538
7542
7400
7312
7266
7282
7270
7264
7326
7312
7352
7358
7326
7140
7094
7122
7110
7204
7288
7306
7278
7358
7340
7304
7164
7126
7124
7132
7130
7056
7206
7212
7150
7138
7218
7082
6984
7008
7026
7060
7038
6940
7082
7086
7186
7178
7140
7202
7172
7214
7144
7130
7320
7290
7224
7280
7298
7326
7420
7378
7394
7376
7388
7430
7478
7412
7534
7540
7468
7508
7356
7372
7366
7396
7384
7406
7422
7380
7382
7332
7378
7488
7462
7372
7402
7478
7520
7362
7372
7412
7386
7276
7278
7312
7248
7256
7186
7050
7214
7186
7278
7244
7304
7388
7404
7362
7496
7518
7530
7532
7526
7542
7584
7592
7600
7626
7642
7580
7666
7622
7566
7498
7600
7670
7598
7574
7440
7526
7460
7428
7512
7490
7448
7330
7452
7470
7494
7452
7438
7422
7436
7530
7616
7562
7544
7592
7540
7564
7522
7324
7326
7380
7324
7274
7302
7328
7290
7326
7248
7372
7304
7316
7336
7280
7336
7326
7278
7282
7298
7446
7384
7344
7320
7360
7370
7250
7348
7300
7276
7274
7246
7306
7316
7330
7288
7258
7134
7090
7030
7014
6894
7008
7018
7038
6874
6858
6980
7034
7060
7086
7004
6984
6984
7134
7110
7038
6968
6980
7138
7118
7226
7104
7186
7152
7120
7200
7170
7268
7190
7182
7188
7106
7182
7054
7030
7080
7124
7190
7212
7236
7226
7316
7324
7428
7338
7550
7546
7562
7632
7738
7614
7762
7810
7690
7670
7708
7664
7782
7732
7886
7878
7824
7848
7754
7782
7776
7826
7784
7814
7744
7686
7794
7812
7764
7698
7708
7768
7828
7808
7644
7542
7596
7604
7616
7510
7620
7668
7582
7490
7632
7672
7724
7660
7588
7554
7600
7582
7606
7572
7532
7602
7542
7500
7408
7424
7488
7468
7422
7498
7600
7510
7492
7548
7486
7538
7532
7532
7458
7388
7380
7366
7268
7172
7314
7260
7360
7344
7296
7198
7172
7126
7154
7196
7278
7240
7334
7442
7468
7416
7398
7264
7308
7318
7280
7284
7176
7244
7258
7256
7314
7368
7316
7270
7398
7326
7342
7368
7328
7292
7400
7396
7356
7392
7326
7348
7404
7546
7548
7602
7654
7516
7524
7536
7616
7560
7552
7466
7426
7422
7484
7534
7570
7498
7518
7534
7500
