30
40
60
4
150
218
288
254
120
156
146
6
154
164
100
42
44
154
168
40
70
202
210
158
378
332
214
288
240
326
274
334
386
364
320
344
362
302
198
232
110
24
166
14
22
4
132
232
142
296
314
324
176
244
134
150
164
262
320
378
262
238
176
34
38
82
68
112
160
2
6
8
130
184
206
256
340
254
222
116
92
40
22
84
18
58
52
108
148
64
22
158
204
0
136
124
66
174
190
222
98
150
144
98
138
58
240
90
298
444
546
486
434
494
514
430
692
788
636
658
586
432
286
476
492
440
526
566
646
626
558
804
914
978
1002
1142
1140
1120
1142
1112
1150
1256
1158
1080
950
788
674
862
950
854
846
870
848
766
638
644
664
698
476
588
652
664
738
828
722
710
632
576
574
732
592
566
536
620
604
636
500
406
336
384
184
244
232
214
268
186
76
68
22
72
152
206
248
260
242
338
310
362
444
382
382
402
518
560
440
482
444
450
364
430
388
184
26
72
12
198
328
476
562
596
454
438
412
406
600
788
880
954
968
896
946
848
748
690
510
470
240
306
290
98
118
50
42
12
26
16
26
152
162
260
366
330
370
390
356
252
310
258
146
168
42
94
60
214
82
36
122
130
120
20
24
56
16
50
76
198
194
90
136
110
202
118
54
24
30
2
14
38
96
130
282
340
258
346
314
422
480
402
488
600
674
754
874
958
836
850
920
898
972
992
924
792
734
792
932
892
882
1016
1162
1254
1414
1326
1392
1388
1414
1520
1630
1584
1606
1554
1588
1534
1374
1438
1504
1660
1602
1824
1968
1822
1820
1800
1840
1780
1876
1802
1666
1510
1444
1416
1316
1434
1526
1616
1644
1696
1574
1430
1444
1436
1552
1456
1382
1244
1290
1302
1306
1372
1424
1344
1390
1466
1498
1324
1334
1356
1452
1556
1616
1534
1604
1730
1746
1804
1802
1618
1470
1484
1598
1686
1476
1482
1420
1530
1392
1450
1400
1556
1698
1628
1732
1674
1756
1704
1848
1680
1658
1478
1494
1494
1600
1462
1632
1574
1462
1340
1312
1438
1456
1486
1426
1572
1676
1604
1528
1534
1500
1348
1218
1280
1300
1384
1606
1548
1586
1628
1674
1754
1850
1786
1802
1876
1790
1882
1880
1970
1978
1960
1990
2006
2058
1930
1846
1898
1892
1948
1922
1936
1886
2016
2024
2062
2046
1934
2106
2102
1990
1910
1932
1928
1834
1736
1622
1756
1758
1640
1650
1644
1594
1558
1474
1552
1462
1352
1404
1438
1524
1606
1604
1642
1630
1668
1538
1488
1628
1694
1788
1800
1762
1608
1514
1426
1274
1382
1438
1508
1682
1722
1696
1740
1714
1776
1788
1878
1828
1794
1780
1776
1742
1692
1742
1668
1680
1630
1684
1534
1556
1516
1532
1590
1570
1618
1714
1830
1944
2034
1950
1924
1902
1764
1854
1790
1912
1886
1910
2042
2150
2192
2254
2382
2368
2344
2214
2242
2308
2310
2258
2244
2244
2258
2184
2228
2238
2206
2222
2160
2250
2404
2408
2442
2438
2494
2390
2284
2290
2316
2334
2190
2038
2070
2084
1932
1932
1806
1868
1704
1594
1624
1598
1558
1610
1570
1408
1462
1392
1440
1514
1550
1498
1512
1492
1424
1512
1536
1468
1474
1392
1410
1308
1324
1270
1334
1386
1384
1218
1224
1498
1446
1432
1484
1530
1702
1662
1522
1292
1174
1212
1240
1198
1322
1230
1394
1350
1328
1242
1144
1194
1196
1292
1394
1398
1560
1580
1370
1290
1188
1154
1222
1238
1136
1166
1152
930
948
894
920
854
686
682
860
1040
1178
1154
1024
1120
1106
1006
1168
1170
1024
1084
1116
1084
1158
1192
1310
1286
1350
1466
1462
1512
1532
1308
1384
1370
1350
1412
1272
1306
1398
1494
1334
1280
1228
1268
1226
1226
1216
1182
1062
1052
1070
1064
1118
1080
1152
1134
1056
872
1112
1216
1164
1244
1238
1302
1402
1404
1382
1630
1502
1462
1566
1662
1538
1556
1568
1552
1570
1536
1470
1616
1618
1514
1394
1432
1416
1340
1200
1016
1130
1108
1076
978
1194
1130
936
1018
974
946
1084
1098
910
918
934
908
960
956
876
792
810
846
814
846
764
790
872
752
790
856
938
824
836
984
650
686
498
434
428
476
352
542
572
748
672
694
474
536
548
478
658
602
596
648
676
534
482
546
540
516
352
454
486
404
348
216
210
206
172
102
116
152
120
120
82
206
270
184
320
366
156
0
10
220
66
60
108
132
128
144
294
184
56
6
76
150
268
306
318
338
290
376
516
588
604
586
322
288
300
296
458
568
518
354
278
306
266
256
304
224
140
92
130
56
46
72
266
348
420
460
470
368
434
448
348
304
290
312
448
422
428
360
464
440
532
460
602
466
640
526
422
140
236
310
194
264
276
258
324
408
334
358
338
442
552
534
456
544
608
550
422
442
554
696
604
554
496
510
482
580
602
550
580
632
690
718
798
742
770
852
868
690
758
722
718
638
404
322
508
588
698
806
940
820
904
974
1022
1034
1114
1086
1176
1264
1038
1008
1160
1186
1064
1270
1206
1040
910
894
932
978
964
1030
1094
1074
982
850
942
872
932
1010
1348
1288
1258
1182
1160
1092
1084
1130
1124
1084
904
720
722
470
486
528
600
538
486
556
736
628
502
760
624
692
636
630
642
512
550
552
390
208
336
416
324
266
308
452
226
286
312
420
306
296
302
348
546
598
496
552
566
542
636
624
536
700
866
1034
1016
1106
1096
1140
1092
1138
1040
1064
1122
1136
1150
1292
1396
1440
1410
1456
1448
1402
1350
1184
1214
1326
1298
1312
1180
1294
1348
1202
1288
1286
1376
1526
1478
1538
1578
1530
1478
1532
1568
1754
1892
1880
1914
1868
1858
1986
1850
2048
2178
2150
2166
2208
2204
2212
2150
2152
2264
2330
2412
2448
2332
2356
2248
2244
2102
2138
2076
2160
2160
2234
2226
2156
1960
1898
1922
2012
2020
1986
1912
1992
2000
2040
1918
1968
2014
2040
2040
2134
2234
2156
2186
2194
2362
2326
2220
2128
2020
2112
2230
2276
2282
2262
2302
2202
2222
2104
1932
1874
1788
1812
1840
1848
1848
1730
1892
2014
1924
2012
2046
1948
2026
1940
2002
1972
1864
1874
1890
1912
2252
2224
2226
2316
2252
2212
2232
2322
2250
2184
2112
2224
2278
2342
2490
2532
2494
2468
2394
2312
2324
2382
2418
2450
2482
2640
2640
2466
2528
2492
2552
2678
2662
2662
2794
2910
3028
2872
2890
2858
2918
3010
3002
3020
2982
3018
3108
3110
3002
2920
3144
3138
3350
3184
3326
3396
3402
3542
3498
3402
3402
3374
3450
3372
3554
3440
3364
3408
3558
3544
3576
3472
3604
3494
3600
3630
3638
3764
3508
3416
3438
3436
3508
3296
3150
3052
3142
3258
3162
3194
3014
3004
3104
3122
2982
2864
2800
2806
2758
2716
2918
2730
2820
2852
2780
2880
2872
2802
2548
2542
2478
2378
2386
2408
2430
2390
2450
2400
2394
2492
2344
2434
2416
2324
2224
2318
2314
2268
2272
2414
2662
2764
2724
2746
2680
2616
2726
2640
2728
2544
2616
2546
2568
2664
2652
2764
2762
2764
2622
2730
2766
2974
3034
3200
3224
3158
3158
3048
3020
2952
2880
2896
2832
3054
3058
3112
3176
3182
3438
3452
3550
3570
3652
3744
3636
3620
3482
3362
3298
3144
3084
3154
3104
3032
2980
3092
3196
3252
3336
3386
3368
3390
3440
3482
3630
3622
3536
3568
3464
3496
3636
3680
3822
3682
3644
3620
3612
3654
3572
3678
3816
3852
3810
3704
3774
3688
3700
3756
3844
3910
3850
3886
3882
3872
3884
3896
3882
3918
4002
3928
3940
3810
3762
3754
3700
3778
3876
3954
3984
3914
3994
3980
4076
4218
4098
4072
4052
4110
4130
4114
4120
4114
4168
4244
4188
4222
4116
4158
4280
4198
4328
4350
4452
4260
4286
4324
4148
3976
3948
3854
3876
3734
3628
3644
3688
3670
3656
3704
3790
3734
3986
4120
4092
4176
4076
3934
3874
3832
3626
3604
3594
3718
3596
3612
3622
3646
3696
3786
3742
3720
3732
3832
3802
3822
3954
3886
3820
3958
4112
4012
4028
3990
3998
3968
3800
3824
3822
3792
3850
3884
3802
3986
4064
4110
4118
4090
4116
3816
3762
3618
3606
3572
3496
3580
3550
3580
3420
3384
3452
3508
3400
3376
3520
3474
3502
3538
3636
3564
3568
3488
3222
3166
3128
3076
3064
3142
3068
3096
3192
3088
3094
3204
3412
3456
3444
3556
3558
3626
3602
3654
3582
3434
3566
3654
3488
3502
3584
3518
3474
3544
3518
3570
3610
3642
3694
3652
3774
3762
3802
3688
3690
3650
3592
3554
3508
3534
3526
3190
3148
3168
3302
3136
3088
3156
3132
3030
2892
2906
2856
2912
2994
2892
2756
2800
2784
2604
2594
2600
2464
2476
2298
2506
2658
2714
2546
2600
2616
2504
2540
2576
2644
2688
2752
2618
2712
2586
2608
2608
2684
2706
2728
2860
2766
2730
2892
2956
3052
3148
3084
3170
3320
3316
3328
3150
3068
3074
3026
2922
2856
2900
2848
2940
2822
2838
2828
2830
2860
2908
2932
3062
2926
2846
2786
2798
2738
2702
2788
2680
2802
2870
2764
2848
2828
2768
2724
2774
2778
2802
2760
2700
2684
2782
2800
2702
2598
2750
2702
2684
2644
2616
2560
2486
2572
2672
2536
2658
2558
2672
2616
2594
2568
2514
2492
2600
2744
2742
2898
2782
2780
2834
2960
3006
2982
2966
2966
3026
2978
3070
3104
3026
2954
2952
3112
2978
2850
2836
2890
2858
2940
2988
2914
3074
3124
3118
3026
3136
3126
3086
3126
3122
3230
3262
3360
3368
3498
3584
3410
3316
3326
3256
3084
2908
2888
2766
2778
2796
2888
2892
2790
2718
2736
2754
2764
2926
2988
2886
2880
2960
2900
2846
2710
2810
2722
2732
2690
2756
2886
2842
2706
2790
2706
2624
2514
2562
2624
2894
2782
2760
2844
2854
2884
2856
2784
2828
2844
2686
2558
2684
2814
2852
2798
2930
2756
2842
2762
2714
2776
2954
2962
2892
2756
2812
2896
2766
2804
2776
2750
2780
2800
2742
2666
2610
2678
2668
2698
2756
2928
3056
3056
3126
3144
3102
3074
2944
2916
2810
2708
2840
2900
2798
2646
2640
2670
2582
2484
2456
2424
2544
2396
2348
2328
2256
2024
1952
2048
2154
2206
2162
2192
2166
2208
2418
2380
2300
2256
2248
2328
2404
2506
2348
2466
2420
2494
2444
2498
2412
2590
2506
2680
2410
2378
2546
2468
2542
2456
2428
2394
2326
2320
2448
2394
2300
2460
2224
2220
2260
2274
2312
2284
2190
2182
2124
2182
2084
2176
2144
2032
2150
2208
2264
2316
2270
2200
2140
2088
2028
2022
2088
2042
2064
2038
2126
1910
1910
1920
1834
1818
1944
1946
2056
2086
2170
2160
2192
2230
2206
2306
2352
2308
2270
2274
2216
2236
2248
2354
2344
2502
2384
2422
2610
2524
2628
2586
2466
2408
2380
2098
2144
2230
2294
2228
2308
2320
2454
2388
2472
2476
2432
2524
2438
2404
2380
2300
2314
2432
2596
2622
2436
2416
2318
2470
2510
2454
2642
2638
2694
2524
2444
2454
2306
2444
2460
2306
2456
2438
2338
2294
2328
2148
2100
2276
2302
2228
2140
2162
1946
2066
2178
2196
2256
2422
2528
2446
2530
2440
2588
2394
2482
2278
2434
2260
2164
2176
2266
2242
2276
2370
2460
2510
