60
70
92
64
112
154
148
166
118
84
196
34
42
66
10
6
126
150
122
72
50
50
186
178
100
198
100
142
110
38
18
52
54
12
6
36
20
16
60
72
92
116
68
14
32
54
18
122
92
16
50
6
32
24
46
202
164
244
258
256
280
342
320
216
258
312
244
272
318
322
332
352
334
500
582
466
518
538
568
558
506
520
592
530
476
608
606
536
532
540
566
640
532
598
530
538
614
702
732
664
750
698
806
804
844
778
708
728
746
708
720
644
698
714
638
574
582
694
722
666
680
740
864
802
758
786
746
790
794
818
820
784
748
730
704
614
632
744
648
704
676
636
608
602
746
714
636
648
680
664
552
682
760
740
828
806
698
754
794
614
718
782
748
718
652
626
684
542
432
372
392
248
260
238
250
126
184
148
166
138
160
250
342
276
424
494
514
446
418
424
344
408
524
592
672
674
590
722
824
800
762
728
734
706
760
720
734
680
654
672
622
634
540
644
660
656
524
658
706
590
588
560
474
492
530
576
592
590
524
520
430
318
224
250
180
176
178
206
198
106
132
62
80
14
32
144
46
50
18
40
16
54
84
32
68
106
38
96
72
40
154
222
142
150
164
156
124
138
182
102
74
54
42
100
170
58
144
312
314
290
224
268
320
272
288
276
232
118
82
140
108
12
44
70
178
144
144
182
42
100
134
160
226
282
282
286
290
284
270
266
266
262
244
184
108
166
52
182
238
312
314
280
330
396
354
410
448
420
482
530
526
514
592
506
544
514
460
452
470
526
570
632
820
782
716
782
866
896
920
836
770
794
658
682
722
760
752
782
826
878
900
862
674
618
670
506
524
548
572
622
648
666
698
658
762
764
838
840
820
904
886
872
848
744
776
718
708
678
590
518
616
616
590
636
688
782
726
612
680
726
620
608
676
700
666
684
662
684
542
610
610
634
664
692
816
828
962
966
938
876
846
802
762
868
862
944
1002
1038
1050
1028
950
1076
1114
1224
1178
1146
1238
1162
1120
1128
1126
1028
1072
1026
1030
1086
1130
1088
1106
1092
1166
1200
1256
1238
1302
1460
1542
1654
1566
1458
1484
1506
1596
1584
1572
1482
1422
1464
1462
1450
1418
1404
1398
1440
1576
1516
1598
1516
1582
1532
1484
1530
1518
1510
1402
1464
1438
1548
1526
1544
1512
1492
1462
1414
1338
1348
1326
1254
1260
1216
1280
1232
1160
1140
1022
1040
902
958
916
958
990
936
998
908
906
816
820
732
734
798
832
760
776
854
804
732
664
660
592
658
652
604
552
624
636
650
606
654
680
732
768
798
756
782
862
794
774
726
716
646
598
712
706
736
776
686
540
484
600
508
584
612
616
654
596
586
728
604
654
652
706
696
704
794
738
782
934
970
870
758
720
696
716
656
736
560
466
522
378
404
454
466
430
406
406
356
186
80
148
104
214
122
56
136
110
58
60
8
18
32
52
38
110
134
202
194
158
156
122
170
112
258
268
184
216
214
128
198
96
68
50
56
0
8
2
42
96
114
162
112
128
152
84
44
160
142
280
204
118
154
252
222
226
200
206
100
88
56
162
198
158
222
198
152
130
238
196
96
82
50
62
80
28
50
10
36
184
148
190
216
194
284
134
142
120
34
38
80
24
38
32
12
70
32
54
50
42
12
94
26
94
176
114
82
146
74
162
218
268
102
58
26
6
34
26
10
22
116
168
154
142
184
106
20
128
210
242
182
162
130
226
162
132
60
68
60
96
122
76
162
212
58
58
0
98
108
28
50
40
82
48
22
64
82
128
74
88
52
60
38
60
166
216
160
48
126
114
90
214
188
198
226
314
302
284
288
214
252
196
192
142
138
170
214
178
128
100
20
8
96
48
18
24
6
48
144
154
144
70
146
128
180
174
128
74
132
90
122
184
92
212
226
260
322
330
494
432
462
402
468
520
486
464
508
416
406
460
402
538
562
524
554
502
660
686
652
636
706
726
706
826
838
958
796
826
888
894
870
878
1044
1062
1166
1196
1208
1218
1054
1038
980
978
990
1022
1104
1200
1226
1154
1182
1106
1194
1088
1084
1060
1092
1114
1186
1130
1038
1000
978
930
950
916
968
996
1074
1048
1058
1164
1164
1268
1276
1292
1272
1262
1248
1212
1256
1258
1262
1196
1180
1160
1250
1180
1188
1238
1162
1146
1142
1070
1088
1010
1054
1138
1188
1258
1270
1286
1368
1204
1214
1190
1110
1100
1184
1178
1280
1242
1266
1318
1272
1218
1236
1174
1216
1172
1170
1168
1120
1106
1268
1328
1382
1278
1284
1260
1302
1378
1270
1260
1334
1358
1360
1264
1300
1300
1294
1272
1276
1228
1274
1338
1342
1446
1404
1326
1256
1302
1320
1342
1292
1176
1122
1142
1100
974
932
950
988
956
1028
984
880
896
910
870
844
878
866
986
998
1068
1136
1156
1204
1220
1272
1290
1268
1240
1188
1246
1188
1262
1248
1310
1412
1350
1340
1238
1310
1288
1310
1218
1246
1304
1396
1322
1214
1256
1210
1206
1314
1332
1382
1414
1574
1622
1670
1550
1524
1412
1448
1374
1400
1290
1312
1322
1270
1202
1374
1458
1466
1410
1562
1604
1780
1764
1708
1676
1710
1708
1764
1762
1754
1726
1726
1634
1634
1548
1736
1754
1860
1912
1856
1890
1846
1956
2022
2090
2060
2082
2102
2102
2148
2076
2046
2066
2180
2122
2042
2104
2210
2186
2248
2282
2256
2276
2406
2330
2328
2310
2308
2360
2296
2158
2156
2168
2098
2072
2142
2040
1986
2054
1970
1954
1880
1936
1944
1962
1940
1908
1862
1832
1748
1794
1740
1680
1658
1564
1482
1458
1480
1434
1472
1456
1484
1488
1566
1516
1552
1468
1548
1492
1466
1492
1540
1606
1598
1570
1556
1632
1674
1574
1598
1502
1486
1566
1406
1358
1380
1314
1320
1392
1362
1322
1290
1266
1228
1144
1142
1178
1234
1164
1240
1232
1272
1320
1316
1226
1314
1346
1294
1378
1356
1400
1458
1466
1522
1494
1510
1464
1398
1424
1312
1248
1338
1306
1172
1082
1070
1068
1086
1194
1062
1084
994
956
1076
1010
1084
1102
1004
1094
996
950
1038
1060
1076
1092
1128
1094
1080
962
1002
974
984
1006
994
1026
1126
1152
1158
1204
1230
1288
1182
1160
1140
1104
1034
1018
976
982
984
986
1060
1036
1034
1128
1088
1130
1218
1212
1188
1134
1166
1194
1170
1104
1142
1002
982
1046
1160
1124
1126
1132
1156
1216
1190
1188
1178
1212
1378
1282
1348
1314
1342
1352
1320
1214
1218
1322
1198
1228
1190
1164
1094
1048
932
796
910
962
894
986
952
936
972
894
782
696
790
760
848
864
802
822
806
866
960
1062
1100
1068
1004
1052
1078
996
982
940
894
846
806
810
728
776
688
712
750
726
806
806
796
702
742
686
664
636
512
576
626
702
578
558
518
674
592
602
542
430
316
246
262
294
370
310
350
348
294
228
230
286
208
224
240
134
140
158
44
120
68
64
42
40
150
210
172
190
134
134
172
164
178
152
258
254
252
250
256
244
242
282
284
288
242
280
304
380
390
328
278
398
400
358
392
382
410
474
366
294
240
252
214
374
366
300
410
394
408
384
394
462
496
454
538
442
500
582
664
604
588
700
788
802
824
788
820
940
920
848
840
832
798
850
750
642
626
508
546
676
646
532
614
612
704
846
904
908
904
878
862
850
856
1050
1168
1010
1030
1004
1080
1082
902
838
740
712
810
720
794
866
858
820
856
892
928
864
810
768
818
790
776
720
668
668
526
542
630
678
776
798
768
760
784
756
568
604
562
564
692
694
680
714
790
766
798
868
770
626
620
630
608
618
616
590
634
514
454
412
394
352
354
414
394
362
426
516
508
526
426
596
600
648
606
512
460
452
504
494
412
400
478
644
608
594
600
628
730
694
714
828
802
678
740
824
726
636
642
688
688
780
762
784
732
768
758
686
596
706
622
664
680
764
774
732
696
660
712
716
824
698
652
742
732
730
742
814
808
858
920
894
912
898
944
924
892
970
1032
1012
986
962
824
702
750
776
822
866
890
884
848
908
824
826
886
822
876
890
960
950
900
916
952
948
922
972
910
868
868
770
748
768
666
794
792
786
702
776
722
796
784
664
716
752
664
668
626
604
666
688
720
746
686
602
566
608
560
566
568
502
404
496
578
746
730
578
500
576
674
748
698
646
672
582
536
536
544
566
554
672
546
596
666
634
572
506
574
624
676
734
732
790
840
888
790
818
870
816
800
798
812
804
878
896
838
814
790
736
690
634
604
698
652
696
720
774
760
688
642
634
648
680
728
708
738
764
734
760
672
562
640
472
520
490
518
534
516
524
522
620
636
642
734
688
722
690
716
702
636
698
718
764
620
694
690
616
640
694
762
758
680
672
638
682
776
818
936
946
996
926
866
778
716
826
872
826
840
850
782
820
910
876
974
956
900
948
1060
1074
1170
1198
1108
1118
1130
996
830
900
918
864
756
648
608
780
836
898
968
982
1114
1152
1024
958
806
848
916
878
822
894
776
822
778
678
640
720
608
574
560
526
638
634
728
772
640
588
702
688
618
572
524
508
474
558
484
634
664
586
526
572
562
550
580
624
604
542
510
446
416
328
426
388
386
210
308
216
164
40
94
48
120
170
228
254
242
294
314
210
304
386
400
394
474
410
426
422
400
354
114
80
214
210
262
262
176
92
62
56
10
42
62
58
138
14
170
186
136
72
132
48
118
194
236
256
194
170
70
90
174
174
116
50
30
8
6
6
46
46
62
2
86
82
156
16
4
54
92
68
36
2
60
56
64
138
184
166
234
162
204
212
304
362
282
248
72
68
6
112
52
94
78
22
10
20
10
12
76
154
226
314
240
226
182
128
102
130
164
312
248
238
250
344
210
226
238
326
228
270
242
234
224
230
316
296
328
380
398
512
536
600
628
532
524
520
448
470
520
550
500
