3342
3302
3320
3348
3358
3362
3346
3322
3338
3408
3364
3368
3334
3322
3352
3272
3324
3312
3352
3302
3334
3308
3294
3272
3222
3190
3246
3288
3270
3244
3348
3306
3254
3286
3254
3262
3256
3286
3302
3372
3358
3360
3370
3372
3274
3332
3366
3364
3410
3340
3320
3318
3324
3274
3276
3312
3368
3282
3252
3312
3334
3294
3302
3288
3256
3296
3272
3206
3214
3162
3314
3358
3396
3358
3372
3360
3428
3418
3460
3526
3572
3536
3554
3520
3494
3470
3516
3442
3428
3484
3502
3524
3466
3444
3378
3388
3314
3300
3318
3330
3314
3318
3244
3214
3132
3118
3100
3170
3278
3282
3262
3310
3218
3258
3222
3198
3216
3264
3212
3248
3262
3186
3318
3282
3248
3300
3286
3304
3280
3292
3206
3258
3232
3274
3180
3188
3242
3244
3246
3242
3226
3252
3180
3198
3216
3326
3300
3294
3402
3384
3332
3390
3378
3392
3364
3266
3250
3196
3228
3188
3220
3260
3356
3308
3288
3222
3222
3246
3254
3268
3228
3244
3258
3186
3218
3278
3386
3366
3418
3424
3414
3418
3382
3404
3372
3368
3336
3362
3330
3292
3268
3262
3322
3244
3232
3242
3172
3230
3142
3072
2994
2990
3088
3044
2972
3014
3004
3004
3062
3064
3034
3074
3068
3040
2982
3018
2992
3016
3054
3024
3010
3018
2984
3066
2992
2954
2976
3006
2982
2922
2990
3006
3032
2988
3014
3062
3112
3060
3016
2984
3010
3042
3036
3112
3060
3100
3120
3170
3166
3136
3142
3168
3246
3174
3178
3192
3184
3162
3220
3284
3266
3298
3290
3240
3248
3202
3142
3068
3104
3086
3088
3040
3004
2892
2880
2842
2964
3032
2958
2880
2890
2926
2934
2938
2990
3022
3072
3114
3082
3062
3056
3066
3168
3120
3176
3196
3146
3240
3280
3334
3272
3222
3242
3194
3136
3136
3214
3234
3308
3290
3258
3270
3274
3312
3268
3258
3362
3408
3326
3368
3346
3364
3316
3380
3408
3352
3428
3424
3416
3430
3384
3312
3386
3382
3398
3400
3348
3326
3354
3364
3316
3360
3264
3288
3286
3288
3316
3200
3152
3218
3338
3406
3522
3468
3472
3442
3468
3482
3474
3454
3390
3432
3394
3428
3392
3374
3274
3168
3246
3316
3172
3242
3218
3280
3362
3392
3344
3310
3328
3364
3418
3456
3396
3410
3428
3390
3384
3428
3472
3500
3480
3416
3408
3444
3428
3416
3468
3444
3470
3542
3414
3410
3362
3372
3452
3550
3546
3556
3564
3566
3610
3540
3550
3560
3584
3568
3598
3566
3546
3542
3504
3522
3468
3554
3538
3570
3446
3424
3444
3384
3464
3394
3396
3350
3334
3326
3404
3454
3472
3402
3354
3458
3482
3422
3430
3314
3342
3208
3270
3270
3256
3256
3224
3222
3166
3148
3098
3146
3066
3108
3040
2946
2946
2954
2972
2944
2918
2862
2930
2906
2978
2936
2928
2958
2884
2826
2706
2680
2792
2800
2690
2736
2778
2826
2900
2878
2860
2840
2810
2850
2886
2960
2886
2948
2964
3004
3070
3102
3128
3116
3116
3202
3164
3122
3208
3228
3220
3232
3160
3098
3144
3222
3206
3344
3342
3292
3208
3222
3296
3264
3308
3288
3296
3280
3222
3262
3290
3230
3136
3052
3054
3078
3114
3070
3088
3150
3098
3086
3042
3060
3146
3136
3052
3006
3066
3078
3094
3112
3036
2968
3024
2966
2926
3062
2962
3036
2978
3006
3030
3072
3046
3084
3084
3124
3082
3064
2996
2964
2988
2992
2974
2970
2946
2964
2918
2896
2856
2844
2878
2920
2932
2844
2878
2822
2802
2798
2890
2858
2912
2956
2962
2998
3012
2972
2924
2958
2908
2812
2850
2830
2824
2740
2772
2702
2742
2618
2642
2602
2596
2480
2528
2534
2514
2592
2592
2568
2612
2634
2680
2546
2590
2652
2634
2690
2680
2776
2794
2820
2772
2798
2818
2802
2896
2818
2764
2818
2754
2660
2722
2678
2654
2700
2758
2710
2674
2660
2788
2758
2824
2892
2898
2928
3032
2990
2956
3002
3006
3122
3098
3066
3034
3012
2994
2986
3082
3028
3022
3074
3114
3034
3092
3116
3178
3172
3178
3262
3302
3252
3268
3234
3270
3318
3256
3230
3220
3190
3222
3280
3322
3340
3316
3330
3316
3342
3292
3320
3398
3424
3348
3294
3280
3276
3358
3362
3276
3354
3352
3352
3266
3320
3430
3420
3422
3382
3380
3412
3392
3440
3428
3346
3430
3474
3490
3414
3448
3356
3470
3482
3460
3362
3336
3326
3332
3408
3408
3382
3354
3346
3386
3360
3394
3452
3462
3442
3304
3222
3158
3242
3276
3294
3244
3192
3156
3164
3172
3202
3186
3154
3170
3262
3270
3286
3354
3358
3336
3382
3382
3446
3440
3434
3430
3470
3458
3390
3400
3394
3408
3372
3414
3360
3350
3346
3354
3362
3346
3382
3388
3436
3322
3362
3276
3272
3212
3182
3144
3146
3180
3220
3172
3216
3236
3270
3296
3282
3294
3340
3344
3302
3306
3312
3376
3378
3480
3458
3422
3390
3348
3448
3420
3366
3398
3306
3304
3250
3180
3242
3294
3298
3256
3196
3250
3256
3278
3236
3244
3190
3162
3214
3182
3168
3182
3208
3154
3100
3180
3192
3154
3168
3204
3174
3180
3150
3126
3148
3154
3088
3000
3016
3030
3118
3158
3098
3054
3058
3026
3026
3062
3048
3124
3196
3228
3188
3138
3068
3016
2966
2984
3012
3032
3052
2994
3012
3034
3032
3002
2984
3008
3002
3068
3068
3080
2970
2858
2882
2890
2948
2902
2896
2982
2944
2930
2904
2918
2888
2996
3000
2980
2920
2944
2976
2910
2970
3038
3034
3008
3030
3042
3100
3142
3168
3172
3144
3094
3116
3070
3054
3170
3136
3020
3030
3032
3070
3090
3028
3128
3090
3094
3118
3178
3176
3234
3120
3048
3070
3032
3140
3216
3176
3200
3198
3176
3166
3158
3108
3108
3116
3150
3186
3244
3266
3326
3352
3350
3312
3320
3326
3314
3334
3390
3418
3452
3322
3322
3288
3302
3322
3362
3382
3404
3336
3382
3430
3420
3338
3400
3408
3370
3404
3374
3398
3404
3358
3334
3332
3368
3396
3460
3466
3496
3500
3494
3422
3430
3416
3354
3348
3372
3446
3444
3434
3496
3486
3498
3546
3504
3452
3466
3446
3462
3444
3388
3378
3346
3398
3306
3316
3244
3250
3250
3254
3302
3306
3256
3280
3232
3266
3256
3284
3202
3206
3252
3306
3254
3252
3270
3346
3270
3314
3418
3350
3270
3220
3234
3258
3300
3286
3356
3362
3232
3318
3350
3300
3284
3276
3272
3198
3292
3350
3312
3382
3400
3332
3276
3340
3372
3348
3324
3366
3322
3394
3356
3380
3346
3358
3316
3374
3374
3382
3442
3492
3484
3444
3422
3424
3402
3438
3422
3418
3386
3476
3498
3456
3450
3396
3420
3338
3296
3174
3214
3208
3188
3226
3280
3312
3366
3360
3366
3310
3286
3312
3382
3328
3304
3306
3310
3240
3292
3248
3262
3226
3168
3158
3168
3170
3130
3170
3184
3172
3144
3116
3058
3134
3220
3150
3062
3132
3156
3186
3180
3136
3226
3242
3268
3218
3180
3196
3166
3142
3156
3080
3114
3076
3042
3096
3092
3078
3072
3076
3096
3172
3118
3182
3184
3176
3082
3058
3056
3096
3082
3102
3052
3034
3086
3060
3040
3114
3104
3092
3078
3072
3054
3030
3060
3108
3132
3068
3104
3122
3124
3194
3272
3234
3190
3284
3194
3226
3212
3154
3074
3060
3066
3154
3148
3086
3124
3144
3110
3122
3156
3212
3238
3254
3178
3150
3212
3238
3302
3284
3286
3334
3358
3310
3260
3310
3266
3344
3302
3292
3322
3320
3288
3256
3254
3286
3362
3372
3322
3156
3174
3240
3270
3242
3334
3268
3300
3252
3238
3274
3190
3194
3214
3222
3232
3152
3196
3196
3214
3220
3154
3232
3284
3318
3280
3210
3254
3244
3252
3352
3268
3252
3288
3320
3280
3298
3288
3332
3278
3292
3220
3174
3196
3232
3226
3184
3204
3214
3186
3130
3070
3110
3002
3070
3076
3110
3168
3144
3142
3110
3138
3114
3110
3098
3058
3048
3096
2994
3004
2948
2932
2952
2926
2960
3024
2974
3060
3066
3070
3054
2982
3038
3090
3078
3022
2984
2912
2956
2976
3056
3078
3102
3198
3048
3000
2994
3066
3106
3128
3146
3106
3048
3064
3058
3100
3050
3050
3040
3014
3044
3122
3208
3122
3066
3100
3010
2998
3072
3046
3058
3052
3064
3144
3102
3062
3022
3118
3120
3082
3044
3018
2964
2976
3030
3058
3072
3172
3162
3112
3146
3160
3206
3268
3266
3286
3210
3206
3242
3208
3212
3238
3164
3140
3202
3176
3226
3236
3244
3310
3302
3262
3254
3306
3186
3174
3184
3060
3062
3028
3050
3064
3098
3160
3174
3242
3184
3306
3354
3372
3412
3378
3332
3316
3334
3362
3368
3318
3290
3264
3302
3276
3236
3266
3264
3274
3322
3320
3318
3322
3342
3256
3220
3280
3264
3240
3240
3274
3332
3292
3366
3356
3438
3404
3430
3370
3330
3354
3354
3308
3314
3306
3308
3296
3276
3290
3300
3276
3272
3314
3288
3284
3316
3320
3228
3234
3198
3244
3154
3132
3162
3166
3230
3192
3270
3250
3244
3190
3162
3240
3290
3318
3310
3358
3342
3352
3328
3378
3366
3374
3332
3302
3308
3280
3294
3354
3338
3324
3262
3268
3212
3228
3172
3152
3136
3240
3238
3236
3240
3272
3308
3270
3230
3254
3254
3226
3234
3270
3246
3234
3278
3194
3174
3096
3112
3102
3126
3178
3190
3202
3264
3328
3254
3162
3230
3256
3208
3232
3278
3266
3278
3286
3304
3344
3320
3372
3450
3512
3496
3458
3500
3470
3530
3506
3464
3464
3482
3466
3408
3396
3358
3414
3478
3498
3500
3406
3400
3464
3446
3400
3380
3400
3280
3290
3308
3330
3328
3288
3326
3374
3308
3264
3218
3220
3246
3274
3324
3412
3426
3318
3332
3338
3374
3360
3320
3380
3438
3486
3518
3518
3416
3378
3332
3376
3402
3338
3412
3412
3384
3356
3378
3376
3404
3444
3486
3466
3374
3362
3304
3364
3290
3310
3338
3328
3388
3402
3418
3434
3360
3330
3322
3266
3274
3198
3248
3254
3338
3340
3284
3320
3330
3334
3352
3348
3394
3436
3404
3414
3360
3350
3350
3320
3356
3342
3302
3368
3352
3352
3288
3286
3334
3276
3246
3126
3102
3152
3150
3160
3126
3174
3280
3330
3352
3280
3218
3204
3122
3156
3090
3134
3094
2992
2984
3130
3040
3040
2982
3004
3034
3032
3096
3142
3140
3086
3102
3038
3004
3032
3056
3078
3026
3008
3022
2924
3086
3032
2968
2978
3038
3064
3094
3038
2964
2946
2922
2944
3004
2910
2914
2922
2894
2942
2876
2852
2882
2846
2888
2998
3012
2952
2876
2918
2978
2974
2982
2996
2934
2960
3014
3050
3108
3094
3032
3060
3080
3100
3130
3176
3220
3112
3084
3132
3198
3090
3094
3046
3012
3074
3052
3130
3100
3172
3132
3124
3168
3196
3130
3128
3112
3072
3112
3104
3098
3128
3158
3200
3174
3130
3036
3086
3132
3186
3076
3094
3122
3234
3264
3218
3134
3228
3196
3184
3254
3278
3314
3324
3348
3378
3368
3382
3418
3408
3412
3388
3358
3480
3470
3466
3436
3434
3392
3368
3382
3324
3246
3170
3212
3294
3356
3412
3402
3432
3380
3464
3408
3426
3468
3484
3448
3420
3474
3448
3476
3408
3468
3422
3452
3440
3446
3386
3336
3352
3394
3390
3360
3282
3316
3298
3284
3268
3266
3240
3266
3332
3330
3344
3372
3332
3366
3322
3320
3358
3350
3380
3424
3366
3272
3280
3240
3212
3294
3248
3212
3226
3166
3170
3218
3192
3268
3272
3304
3342
3340
3322
3258
3298
3258
3204
3178
3230
3272
3250
3236
3234
3212
3260
3320
3230
3212
3102
3072
3124
3154
3026
2926
3024
3038
3062
3116
3150
3166
3204
3236
3352
3360
3394
3422
3432
3376
3348
3390
3394
3402
3302
3288
3244
3280
3322
3218
3292
3290
3248
3182
3174
3216
3254
3246
3274
3266
3236
3242
3270
3310
3350
3356
3316
3278
3234
3266
3322
3256
3316
3360
3406
3442
3450
3438
3440
3442
3498
3530
3484
3436
3434
3434
3394
3366
3342
3400
3386
3392
3354
3414
3450
3486
3418
3446
3490
3466
3412
3368
3384
3412
