710
706
716
740
738
734
708
688
712
696
732
724
744
714
676
696
696
712
682
716
730
672
680
620
562
562
558
534
534
550
592
552
584
570
596
570
562
514
488
510
518
528
570
558
540
536
480
496
492
506
432
406
400
460
468
456
454
492
442
452
492
408
414
360
344
334
398
378
432
448
476
432
386
390
398
422
384
394
384
394
402
402
380
394
412
468
442
438
454
410
454
452
418
442
466
496
524
516
506
558
566
542
502
480
458
464
480
466
514
518
454
428
442
424
438
434
382
418
402
442
436
460
422
468
424
398
414
432
468
424
444
450
404
382
354
332
326
336
328
306
312
352
392
326
376
350
392
426
406
360
384
376
374
386
364
332
336
374
370
350
380
350
332
338
338
364
354
342
364
406
388
332
364
384
326
306
266
236
204
214
256
286
274
250
258
280
290
316
350
364
412
406
392
388
340
342
356
326
356
376
376
372
450
422
364
380
378
332
376
422
432
426
406
460
512
534
552
522
524
512
458
504
468
454
444
472
466
494
478
474
480
542
506
510
486
538
526
522
522
488
550
534
574
602
624
638
606
612
668
708
718
716
726
676
680
686
716
750
744
720
722
698
672
646
670
700
710
680
672
712
668
706
682
654
658
648
622
658
666
648
666
644
620
638
608
602
596
644
658
654
686
716
738
716
694
676
664
708
688
702
716
684
668
724
710
720
712
718
708
716
692
696
730
690
720
732
714
708
728
714
684
690
686
700
710
706
668
606
620
692
672
684
626
602
566
602
590
558
578
546
608
628
618
566
534
466
466
464
468
424
408
406
414
374
312
308
290
304
340
364
346
338
356
340
302
294
326
316
306
330
308
312
336
326
328
320
342
332
334
328
348
312
356
366
374
344
362
368
334
328
352
334
348
328
364
334
404
380
406
418
438
502
498
524
526
498
538
534
548
576
614
600
588
556
552
566
548
544
548
526
564
542
564
602
632
636
648
638
648
646
654
602
576
568
526
528
540
544
512
488
546
542
574
512
524
514
524
524
504
478
482
494
512
490
468
504
454
472
518
480
550
540
504
568
574
606
606
616
650
678
672
652
664
658
690
676
692
654
644
630
650
632
652
666
710
706
638
604
558
566
610
556
556
584
590
552
566
588
622
648
686
712
688
670
704
702
702
686
722
710
696
706
724
754
732
698
712
734
780
798
812
822
810
846
800
766
732
758
774
782
756
778
802
820
788
802
780
772
774
778
778
796
818
840
824
824
802
828
810
808
816
804
824
812
778
784
758
794
804
804
820
788
752
770
786
792
800
788
770
760
762
752
776
778
768
770
808
806
812
800
808
796
770
770
740
728
668
646
662
670
644
634
644
680
686
688
736
778
782
786
754
794
758
774
808
802
798
834
782
816
808
784
792
790
804
812
844
840
808
776
764
752
738
756
760
730
720
756
764
720
700
690
722
728
686
706
690
688
664
678
700
706
738
718
742
738
732
660
650
646
652
674
676
642
646
640
618
602
616
632
638
652
618
596
600
642
588
560
532
586
624
652
668
628
648
624
614
562
636
626
610
596
576
578
580
634
692
684
594
562
548
544
566
572
528
454
530
538
576
602
624
646
606
574
592
584
576
638
624
634
646
638
644
562
564
556
536
586
620
650
662
634
634
656
686
724
724
694
698
708
756
766
740
736
768
716
724
760
766
724
732
708
744
722
706
704
636
594
584
576
570
566
580
580
572
610
636
628
654
650
670
644
612
648
626
628
592
586
594
582
610
594
582
576
614
606
634
680
646
664
626
626
626
604
576
536
490
478
468
470
470
470
438
452
428
376
406
374
380
390
348
338
318
312
346
368
370
382
390
414
452
418
426
424
404
410
370
356
338
340
334
322
300
376
358
300
294
340
394
404
420
430
420
364
372
382
372
432
414
408
430
424
440
434
484
432
388
354
344
324
332
332
320
322
350
406
394
378
378
394
404
392
374
468
482
512
506
496
504
510
494
482
474
472
482
544
528
530
562
582
552
578
620
648
654
650
652
670
694
702
728
742
760
728
732
720
744
756
778
734
716
718
718
714
736
718
722
746
766
756
746
730
678
696
654
658
614
610
576
634
638
676
682
664
640
618
664
632
664
638
670
668
610
606
654
686
706
746
786
790
762
844
808
808
798
812
782
786
810
778
812
786
766
754
756
760
754
710
690
690
690
682
654
598
574
624
612
622
662
650
622
614
574
574
540
536
574
548
554
566
532
516
520
504
498
502
532
502
508
550
604
614
570
540
598
624
634
624
644
690
662
640
636
664
686
648
636
638
692
694
680
680
674
656
664
656
640
650
634
610
614
606
576
598
604
576
628
668
682
696
668
638
678
742
744
764
768
806
802
832
790
798
784
756
712
700
710
752
772
768
790
804
766
740
702
722
728
698
722
684
684
670
742
734
684
700
726
686
672
672
678
704
690
736
726
720
724
776
732
758
766
764
760
754
770
740
750
782
796
796
810
776
794
754
756
774
752
720
742
700
726
710
728
754
746
782
794
756
786
776
802
784
784
744
672
682
664
702
714
698
710
686
718
740
734
708
738
728
740
718
722
686
686
670
664
662
680
674
682
680
686
688
682
666
710
694
692
678
674
696
666
660
616
614
612
594
614
666
650
640
660
696
700
714
672
662
602
640
638
676
628
612
612
594
594
578
590
566
582
516
576
554
502
520
502
522
530
520
536
578
608
676
688
710
712
706
716
770
810
802
780
806
840
856
824
842
776
796
796
796
812
830
868
822
814
782
774
770
820
828
832
822
800
760
756
712
744
760
796
814
782
826
834
840
860
878
856
820
824
846
822
842
836
838
858
846
846
846
808
854
804
826
828
802
792
786
776
786
824
836
822
808
808
852
846
850
892
914
886
900
896
888
902
876
878
836
844
810
758
774
802
800
784
758
766
800
796
792
802
804
828
814
850
850
814
822
804
772
728
722
700
702
672
666
692
668
654
582
574
558
558
574
554
542
550
566
626
636
602
576
586
644
642
644
628
606
620
640
694
674
680
664
640
620
664
710
746
692
712
708
716
724
710
708
722
756
724
730
752
782
780
794
774
752
784
800
828
818
826
826
856
852
846
842
820
832
828
856
828
826
818
800
818
810
792
796
824
810
806
798
718
744
708
758
702
714
768
768
768
798
824
808
802
822
828
836
824
806
796
798
818
824
780
774
748
784
778
762
760
762
754
744
734
740
774
760
758
758
744
724
710
660
630
624
614
608
578
592
596
606
640
640
590
636
642
648
626
630
640
658
648
660
654
650
616
626
582
622
662
656
648
642
652
632
648
642
686
684
656
658
712
704
710
708
658
656
664
630
600
596
572
582
582
572
522
486
486
498
496
486
404
402
404
418
432
428
436
400
362
408
478
454
496
470
444
428
438
418
398
360
348
336
338
356
378
338
310
344
362
332
358
374
414
406
418
450
368
360
392
390
416
380
406
412
464
440
442
466
396
400
402
448
390
426
470
486
494
512
526
478
472
510
566
598
606
616
634
628
600
578
544
596
602
600
624
648
636
598
610
628
648
688
696
670
664
700
692
714
722
674
668
686
696
688
650
674
682
642
640
648
672
670
706
764
734
750
750
728
712
680
692
660
646
664
682
704
708
728
740
764
758
790
782
790
768
760
736
718
696
716
732
710
678
670
670
610
612
684
752
752
742
806
822
856
810
810
800
788
750
724
708
714
750
768
760
802
790
776
746
766
782
754
734
762
792
724
708
706
704
708
710
750
772
780
784
730
682
722
746
790
860
820
818
824
824
796
806
818
840
860
888
880
868
842
854
864
882
856
884
868
872
858
864
848
872
868
856
892
864
826
806
854
848
848
820
788
784
774
798
754
742
758
750
736
784
772
774
774
788
750
754
752
698
726
754
730
742
740
728
728
764
772
790
806
804
782
810
828
802
820
836
826
838
778
776
794
774
796
770
816
816
762
798
784
812
818
846
818
836
834
816
814
830
854
880
854
872
866
876
900
884
876
880
836
842
864
854
868
806
824
834
850
852
850
866
860
898
842
800
800
774
754
706
668
652
704
748
730
712
690
762
768
760
756
750
728
722
764
740
670
618
664
686
682
682
700
738
766
754
768
776
792
794
776
762
774
744
776
810
810
802
820
810
782
774
736
758
802
792
824
772
782
800
774
754
742
766
720
730
720
650
678
688
656
706
714
722
754
776
752
742
710
738
712
710
732
688
694
724
742
680
692
674
644
672
650
658
626
684
734
724
702
710
680
670
740
722
780
750
774
804
774
790
810
808
800
782
768
736
754
760
746
794
816
806
840
842
852
888
874
874
860
838
842
836
772
756
806
798
784
816
814
804
766
756
782
790
820
800
794
768
784
752
760
720
748
706
738
714
752
704
764
738
770
778
784
770
782
784
772
762
758
764
784
758
748
784
788
776
816
816
792
782
740
770
742
706
660
686
688
698
714
708
704
734
726
768
744
754
720
694
672
640
652
654
706
698
664
616
580
598
600
630
620
604
634
594
636
654
674
666
644
632
628
596
568
570
608
622
686
