146
164
142
54
22
32
8
34
90
96
106
68
86
44
6
106
110
158
158
238
288
296
268
272
286
294
360
354
442
410
390
326
372
342
338
324
278
260
294
302
352
380
366
356
410
378
402
412
386
418
416
404
388
438
518
542
514
542
552
602
606
630
594
594
608
590
606
558
526
494
486
432
442
464
438
398
398
570
602
574
566
600
644
680
630
618
602
618
620
558
578
612
674
708
642
664
666
628
648
646
650
718
708
714
674
670
670
682
614
616
612
636
644
640
600
628
630
600
576
516
554
578
588
588
600
596
608
590
608
616
610
614
646
700
694
678
650
652
674
708
680
638
534
526
504
474
510
534
498
528
570
524
586
566
536
472
464
518
508
506
466
470
444
398
444
442
440
442
410
398
398
412
414
422
494
484
512
528
484
506
538
514
520
526
544
522
458
434
482
486
530
528
504
462
432
456
488
436
496
482
450
424
464
508
516
482
474
470
416
398
448
464
432
434
470
494
474
480
436
472
458
454
434
396
380
414
404
388
408
394
388
428
434
450
430
458
498
486
452
480
484
418
382
384
402
428
416
410
422
452
462
458
488
496
502
482
446
444
420
384
428
448
450
408
428
426
436
496
476
528
544
562
560
542
510
524
496
452
498
508
516
502
480
504
532
568
546
578
586
574
558
568
536
576
546
550
540
520
512
490
484
494
486
496
482
442
434
378
374
332
308
322
320
296
220
202
144
106
92
68
106
36
94
120
116
160
106
166
186
194
230
220
204
212
216
192
208
186
180
136
104
142
186
226
150
144
102
150
176
184
198
204
232
262
224
256
210
264
304
312
346
296
268
228
184
208
174
204
234
222
182
212
214
186
240
262
292
252
234
246
208
180
116
118
178
210
196
212
244
264
306
330
338
300
298
324
360
416
436
418
456
442
448
424
454
422
448
454
406
420
400
386
352
334
304
370
342
292
302
296
330
332
332
382
424
458
466
482
426
404
388
372
350
372
342
334
292
222
232
342
370
376
402
434
412
450
406
458
448
446
458
450
398
382
338
302
288
228
236
308
356
352
304
278
264
234
158
148
132
132
132
138
204
156
210
172
198
226
278
292
326
290
344
278
260
294
342
370
356
338
350
350
318
326
452
460
462
412
390
406
386
312
348
332
224
276
226
196
246
242
294
282
326
294
320
360
330
318
316
288
268
244
240
232
208
266
230
228
284
218
224
190
142
154
80
62
122
148
98
64
74
116
112
114
126
34
84
122
162
136
172
96
58
22
18
56
44
22
12
36
2
6
48
42
82
92
68
22
18
12
24
90
62
88
88
84
108
74
66
52
68
30
38
24
16
40
84
118
140
112
188
192
128
166
174
180
134
158
118
154
66
88
86
62
54
82
38
56
22
18
12
80
108
92
112
54
56
38
8
38
22
82
60
58
58
54
42
46
30
10
44
98
70
40
48
44
28
32
16
16
22
0
74
116
112
66
122
116
150
188
144
172
176
164
204
196
164
188
160
134
154
176
134
90
82
34
14
20
38
74
118
92
124
70
52
24
34
106
82
76
142
104
198
174
174
192
168
172
160
144
148
134
132
118
76
114
180
120
190
198
230
268
320
400
342
318
326
302
318
270
290
240
272
234
260
276
306
296
296
280
282
268
274
314
340
386
392
420
406
402
380
320
310
296
298
318
320
330
274
286
266
282
308
306
280
210
176
176
198
190
192
206
178
152
148
136
152
142
182
140
150
88
154
164
196
176
166
162
130
116
62
50
6
30
42
46
44
8
34
24
24
16
28
96
40
12
18
52
28
20
44
52
116
114
146
150
198
182
214
302
272
270
336
334
314
336
300
262
260
208
238
238
224
204
160
166
170
130
168
114
104
74
126
118
146
118
134
190
190
204
178
218
270
222
234
180
142
146
184
210
234
254
320
402
338
308
330
264
294
298
264
260
242
242
252
292
282
250
254
218
230
322
314
392
334
348
284
312
300
272
314
302
322
278
274
272
242
276
248
276
246
246
218
166
228
216
188
200
160
116
204
264
252
294
282
282
302
280
324
314
354
324
342
352
376
370
390
398
390
402
358
378
386
406
378
404
390
386
372
382
372
380
406
404
384
424
426
448
488
498
492
504
508
538
536
566
566
584
528
550
554
568
562
536
532
538
582
590
632
642
626
588
584
604
626
690
730
704
672
684
654
670
678
676
762
784
752
718
646
692
716
698
756
762
746
730
686
664
694
666
672
696
664
636
608
576
558
534
508
494
500
490
522
558
588
600
596
562
590
574
550
544
470
482
466
484
530
556
524
560
628
626
590
594
568
570
600
618
586
536
524
494
478
490
504
556
590
612
558
552
542
572
590
668
570
572
540
512
498
546
540
500
506
530
570
578
546
496
518
506
482
570
594
600
634
630
662
682
648
600
624
644
644
642
618
674
594
572
598
582
590
600
604
610
630
664
660
652
638
606
614
576
554
582
598
604
648
664
670
682
646
612
588
634
606
642
608
632
684
674
748
716
706
742
694
652
654
636
628
632
628
590
594
602
644
622
642
664
656
674
700
698
690
710
702
716
708
718
674
714
670
670
658
710
622
598
606
604
570
580
554
576
630
610
556
524
542
500
542
524
548
482
514
504
478
500
478
474
450
430
454
474
440
488
526
508
526
530
522
544
512
508
480
514
476
408
394
384
352
326
330
298
360
358
386
366
332
376
384
404
426
364
328
290
236
280
280
284
236
234
220
222
212
190
196
202
188
182
150
112
150
98
114
90
100
80
46
6
6
74
104
138
150
202
198
186
182
220
250
216
240
222
190
264
254
248
260
346
350
374
420
414
394
396
420
464
450
460
466
430
430
430
446
466
482
448
450
454
458
430
428
414
432
464
494
530
542
502
456
458
414
438
348
326
368
370
368
370
332
404
450
450
424
414
432
464
472
466
462
480
504
486
504
538
534
480
474
476
496
466
474
476
520
500
526
570
538
512
480
474
444
498
506
472
456
480
478
488
486
466
512
480
440
484
480
484
492
502
512
480
476
410
432
428
410
388
382
406
358
372
344
370
386
394
374
336
338
308
296
272
288
314
324
310
278
352
308
304
244
222
258
256
242
246
266
292
316
344
374
366
348
326
334
366
364
362
300
258
274
256
266
300
298
300
296
274
322
258
346
338
302
244
236
210
272
202
224
260
242
204
214
248
266
214
220
232
214
232
244
220
254
332
356
312
232
188
168
152
138
130
98
114
60
98
146
198
174
204
248
212
248
282
294
260
244
214
212
220
200
206
178
220
168
162
186
162
184
192
178
202
270
264
262
290
322
340
278
270
244
312
324
330
286
304
296
262
206
224
242
250
282
274
218
194
166
214
208
230
234
218
242
228
306
280
288
310
356
328
340
348
372
346
372
338
360
364
390
346
330
330
304
358
348
360
404
450
458
466
460
452
446
382
350
370
382
344
326
342
346
430
418
380
398
414
424
452
458
468
476
484
436
398
382
396
364
360
366
330
322
372
300
334
276
286
244
248
220
256
220
234
214
236
228
246
240
262
250
280
258
214
252
254
226
252
300
242
202
162
150
188
176
216
190
178
128
76
78
100
90
96
60
148
106
48
44
28
48
50
90
66
82
64
84
102
88
56
96
108
118
90
140
202
180
148
192
178
176
144
162
182
180
204
200
200
258
216
238
252
218
194
192
212
252
222
222
206
226
202
220
202
180
114
80
58
10
10
8
14
50
22
10
26
26
46
44
24
72
64
86
56
86
96
102
88
26
46
48
40
4
16
6
82
44
60
40
52
44
2
32
26
56
34
54
18
26
2
28
40
64
106
116
170
198
178
188
146
182
182
198
204
216
200
170
144
138
156
194
172
142
86
122
166
146
218
216
178
196
192
256
224
216
214
228
232
266
306
310
318
392
410
428
458
452
466
424
428
388
400
406
430
378
406
400
376
406
420
398
438
450
490
542
516
508
566
532
528
552
548
542
516
516
516
526
534
592
612
604
648
660
606
574
584
590
604
604
584
616
620
636
612
584
536
552
522
546
602
598
594
636
642
646
590
584
608
632
604
614
668
652
676
654
658
654
648
584
610
566
558
594
594
592
586
608
576
532
512
478
468
474
528
542
504
496
490
468
438
452
490
444
444
484
496
508
476
400
390
460
484
498
540
576
572
596
592
644
660
680
698
716
736
722
686
708
728
726
722
678
670
628
642
672
650
690
666
642
590
568
552
534
520
550
534
542
534
504
500
436
420
388
368
336
316
334
334
336
350
396
422
396
370
388
396
388
394
442
488
500
490
476
458
474
416
388
370
476
398
388
402
404
472
446
492
502
506
536
532
556
538
500
492
496
498
532
546
582
584
534
534
510
490
544
536
518
422
438
488
532
574
550
516
508
504
522
510
534
502
524
536
520
466
424
364
382
370
386
340
290
308
304
354
354
354
366
378
394
394
394
432
388
390
360
394
374
332
364
374
412
424
438
478
506
524
554
532
510
482
478
502
460
442
422
382
416
456
468
520
582
574
564
588
582
572
638
672
654
672
642
562
606
580
