148
152
152
160
180
128
92
112
112
138
134
100
110
88
124
86
56
64
118
134
116
92
66
38
82
104
72
84
28
42
64
64
50
74
72
64
132
80
120
118
118
96
106
110
100
124
116
92
64
4
34
76
62
122
154
136
102
116
134
126
136
126
132
154
172
166
192
176
106
86
46
36
24
30
42
20
30
26
76
26
26
2
8
16
8
2
10
16
24
54
38
36
62
82
112
156
96
134
142
120
76
62
102
94
100
100
94
84
106
118
112
72
104
68
72
90
88
84
106
134
174
138
160
150
114
50
70
68
98
80
104
78
58
44
52
42
30
4
2
14
26
6
54
94
78
38
60
42
64
34
48
82
100
80
104
46
18
8
26
22
48
8
28
58
78
80
62
104
90
54
94
122
148
158
212
204
198
154
150
150
190
200
204
192
182
152
198
210
202
160
88
64
72
130
106
94
60
80
38
20
24
60
74
116
108
168
186
194
156
128
108
116
146
134
162
206
230
248
240
216
262
250
286
322
272
296
264
248
274
198
138
138
112
178
146
112
164
134
112
110
206
188
202
252
210
202
228
280
358
342
328
332
290
326
298
284
240
208
274
218
190
188
160
156
142
184
150
136
150
152
172
122
178
238
232
228
166
186
204
152
176
212
222
244
256
262
264
240
228
270
206
162
164
108
114
84
14
48
94
48
36
62
56
76
88
72
84
72
72
104
100
134
172
246
232
256
244
224
236
248
232
224
190
132
166
168
148
124
120
118
124
104
88
64
40
16
18
26
42
14
26
44
40
78
88
74
122
100
132
72
32
36
42
64
62
80
50
38
42
16
48
44
52
60
90
68
94
28
6
38
28
42
80
30
24
58
26
34
72
112
64
128
120
112
78
92
128
160
172
128
130
132
118
142
166
198
200
192
184
198
170
214
190
180
202
202
232
256
238
210
206
222
178
178
126
136
88
110
110
144
86
98
128
100
74
104
172
180
152
148
174
200
196
196
154
148
134
86
122
170
170
168
158
150
142
164
168
216
226
220
218
246
236
216
210
276
256
248
248
226
232
220
186
252
204
200
184
138
118
106
134
86
100
72
66
124
132
120
80
120
156
210
248
220
238
250
298
344
324
382
346
354
406
396
392
346
420
430
386
388
426
458
456
496
566
560
558
556
558
510
498
520
542
542
568
556
576
604
562
536
538
542
566
566
528
508
516
538
540
528
572
570
536
522
542
496
498
494
484
492
548
560
584
568
576
580
532
534
494
472
438
472
474
484
444
440
470
442
438
402
346
398
414
382
360
406
426
466
504
496
616
656
686
598
560
632
626
548
590
530
536
530
578
498
494
520
562
586
574
576
528
512
506
574
580
602
568
534
508
516
564
606
610
580
520
562
552
562
552
578
628
646
622
628
644
662
692
656
680
678
714
698
662
648
638
670
668
626
596
634
622
630
628
640
574
590
624
644
658
700
668
676
692
654
658
606
682
656
660
668
692
676
674
672
592
600
624
626
640
628
636
670
664
690
656
594
626
648
612
600
610
602
640
686
696
722
684
660
610
602
606
622
638
582
592
586
578
586
566
582
578
634
630
586
560
518
494
524
490
452
490
488
446
464
506
502
462
486
484
484
554
554
550
544
596
612
610
636
632
634
632
650
626
566
570
600
576
592
604
582
554
492
480
498
526
544
522
568
564
572
492
496
514
456
470
480
472
504
442
440
468
438
430
382
406
334
344
370
366
364
374
340
326
314
374
394
380
386
356
332
362
398
410
458
454
422
446
394
438
466
454
470
562
538
538
520
508
522
518
524
490
502
556
528
540
586
580
568
522
542
530
528
514
502
512
480
500
490
458
468
490
462
476
432
420
416
410
398
430
480
516
552
558
548
498
462
450
470
448
468
464
454
448
416
414
352
394
370
388
366
362
446
412
356
350
360
342
374
338
348
322
262
214
236
242
244
252
218
160
152
66
20
18
22
10
2
16
10
44
54
60
20
6
38
40
62
40
42
40
20
4
10
24
70
88
106
72
64
100
80
48
56
8
2
18
10
58
54
0
26
32
48
68
24
28
50
76
32
10
26
4
0
28
18
54
4
18
50
46
116
80
110
148
124
134
72
118
94
106
104
114
86
94
102
88
94
96
72
36
72
80
178
198
174
218
184
164
110
80
84
106
120
138
126
212
270
296
306
326
352
388
402
412
422
452
470
418
400
436
398
456
460
438
396
424
414
396
348
356
368
390
368
398
428
446
468
422
428
410
402
414
410
336
364
350
310
342
350
352
402
340
306
274
190
168
170
196
206
216
208
208
166
186
208
164
184
166
182
186
98
90
106
96
34
88
110
108
132
128
154
130
136
136
146
132
116
72
28
34
14
48
48
30
116
134
196
178
184
270
246
260
258
276
312
354
360
314
268
290
266
248
272
264
342
284
328
288
312
294
252
256
266
266
244
244
220
216
196
192
202
208
202
158
158
118
110
124
204
112
104
54
84
122
86
50
142
170
150
174
170
162
192
204
172
156
182
218
214
202
182
150
156
158
118
120
92
48
88
100
82
36
74
50
86
26
40
38
44
44
62
26
26
62
82
110
112
116
96
44
26
14
64
24
58
62
120
112
88
54
68
78
86
98
114
110
48
70
52
120
120
148
148
146
164
122
170
144
162
156
174
220
172
150
136
134
142
168
116
114
114
166
140
166
140
102
92
134
132
162
176
254
284
250
212
204
250
166
112
108
70
86
84
90
112
14
8
30
14
78
100
114
114
156
158
176
118
98
86
92
66
16
48
26
16
12
14
46
92
66
22
84
88
52
22
8
32
10
76
8
58
20
8
8
48
56
108
102
112
116
98
110
112
128
106
66
80
114
72
62
102
134
154
152
98
132
126
104
72
42
24
2
26
30
118
56
42
52
40
80
66
84
40
50
18
26
38
20
50
46
78
68
16
16
28
34
34
18
20
28
92
74
88
52
28
44
44
80
86
80
42
8
62
110
150
168
192
226
198
228
202
224
226
256
274
310
290
230
244
188
154
172
170
188
170
142
96
100
114
124
114
60
88
20
18
68
80
86
42
64
62
124
146
122
120
142
130
108
68
104
108
78
50
22
28
14
32
16
18
22
6
10
36
38
54
86
100
130
168
192
140
166
166
198
202
198
174
184
156
174
194
152
158
124
116
56
66
52
60
58
104
88
78
86
112
94
48
8
44
18
2
36
110
126
112
88
96
90
112
136
178
184
184
206
166
144
160
174
156
158
64
70
40
8
68
72
80
130
102
106
90
78
104
210
206
214
160
130
148
150
140
142
178
244
162
154
162
168
172
206
160
122
134
178
182
184
208
202
230
186
180
160
170
120
118
182
104
134
144
150
156
176
186
190
210
168
208
232
218
180
114
84
66
56
36
52
56
22
22
26
58
0
20
48
42
38
0
32
62
62
54
4
32
62
58
64
130
142
130
128
128
138
122
176
220
238
250
258
308
286
292
264
230
214
228
224
218
234
212
176
178
192
156
172
138
140
174
138
154
162
138
158
156
132
144
136
138
164
184
168
154
180
214
178
164
138
194
182
206
232
252
224
268
260
276
280
330
322
384
340
380
342
342
374
418
396
400
424
410
428
382
402
344
344
386
384
380
322
346
344
340
314
310
314
314
302
306
286
284
314
298
276
274
274
220
254
306
250
272
290
254
258
280
326
368
328
306
336
332
384
440
488
510
488
520
518
506
466
450
428
408
428
404
396
404
408
424
376
352
320
334
330
350
426
454
416
424
418
402
370
410
410
410
388
374
380
442
472
416
388
378
444
454
504
528
544
522
510
500
538
526
518
546
476
474
550
552
528
506
476
490
532
536
546
560
544
498
498
500
502
498
456
508
480
504
474
476
480
494
482
486
456
450
464
476
478
464
520
530
498
488
474
478
488
520
552
606
536
510
500
484
528
502
562
592
558
544
546
558
582
556
562
636
616
604
586
564
576
500
448
482
458
436
382
378
420
448
464
444
448
494
514
476
482
494
518
566
600
576
576
570
570
600
632
642
624
584
542
522
512
460
462
428
480
508
528
472
426
442
418
382
404
414
452
412
406
412
394
432
432
456
466
428
434
456
402
362
386
432
452
454
472
426
458
454
466
446
396
452
498
478
508
534
488
500
498
484
508
506
552
554
540
556
524
536
528
522
502
502
492
484
444
480
486
480
538
550
496
508
522
568
546
560
582
638
648
660
666
622
640
618
626
620
596
598
588
596
680
678
638
670
628
682
706
706
734
732
744
722
728
730
722
722
744
788
750
750
742
748
724
720
716
746
750
702
632
628
618
650
618
618
634
636
666
636
666
648
664
662
680
664
650
660
648
660
658
706
676
692
654
604
636
632
632
616
676
702
714
694
650
664
628
662
638
658
702
658
642
694
688
702
634
654
676
606
648
624
638
642
664
626
668
660
642
636
672
656
698
710
712
722
720
702
714
724
716
692
730
736
734
736
754
722
740
746
726
728
686
724
768
786
786
762
800
788
768
746
750
714
768
764
780
800
782
752
736
738
744
720
718
692
