1036
1006
924
968
1022
978
1144
1014
886
870
832
862
920
1000
944
948
862
756
712
642
666
868
848
744
820
958
1188
1064
1160
980
852
928
950
956
788
848
762
872
994
1106
1054
1272
1394
1498
1606
1598
1622
1580
1636
1588
1684
1546
1652
1552
1726
1916
1926
2160
2118
2006
2002
1906
1856
1992
1894
1878
1922
1960
2070
1858
1970
2040
2180
2090
2184
2124
2104
2264
2278
2408
2362
2314
2302
2266
2198
2282
2416
2348
2444
2404
2436
2460
2422
2440
2442
2478
2694
2468
2414
2580
2562
2548
2586
2778
2686
2636
2600
2464
2432
2486
2450
2542
2328
2316
2528
2332
2444
2408
2414
2214
2252
2206
2164
2262
2380
2316
2288
2322
2446
2664
2728
2704
2852
2898
2726
2732
2820
2868
2834
2836
2798
2866
2814
2564
2526
2460
2262
2230
2280
2394
2422
2298
2256
2348
2230
1982
1990
1988
1914
1742
1758
1726
1702
1768
1622
1748
1626
1438
1228
1132
1144
1332
1118
1122
1258
1416
1408
1290
1454
1274
1354
1292
1334
1356
1154
1342
1480
1328
1432
1354
1390
1498
1598
1716
1626
1818
1904
1946
1866
1840
1842
1636
1314
1394
1290
1256
1166
1158
1178
1154
1118
1148
1228
1180
1252
1388
1498
1574
1618
1646
1656
1528
1410
1380
1250
1200
1208
1152
1226
1178
1358
1344
1078
1152
1180
1174
1204
1174
1038
1024
1034
932
898
830
776
754
646
758
640
452
524
768
746
850
1066
1142
1270
1188
1164
1286
1166
970
926
1078
1048
982
880
930
946
990
1018
1014
1118
1230
1008
862
788
798
720
872
898
792
686
946
830
834
858
632
728
744
700
646
704
628
504
662
576
574
468
388
382
384
444
482
532
512
440
350
156
82
160
362
460
390
428
354
310
366
516
566
528
606
608
456
472
626
750
556
630
544
554
548
604
662
744
544
494
400
410
218
118
170
216
50
30
72
104
250
158
122
26
32
72
60
34
152
328
154
184
238
202
318
346
346
248
248
338
418
548
696
680
772
510
510
530
476
442
598
438
406
350
346
418
370
424
296
216
62
88
60
108
300
318
454
354
226
330
194
276
86
120
164
250
296
398
250
270
142
288
242
262
168
194
232
130
14
8
48
26
50
42
336
378
350
382
474
704
632
456
588
418
406
410
356
136
148
236
294
288
242
230
204
214
224
234
130
146
122
144
28
92
14
166
240
84
152
212
208
94
42
148
166
198
310
262
446
396
222
146
28
20
112
310
486
466
648
626
600
550
518
498
514
440
324
130
12
18
230
284
372
592
634
560
726
810
816
792
940
896
734
738
912
814
830
752
656
766
574
660
632
518
442
516
466
530
494
668
840
652
604
588
524
574
802
846
846
714
558
542
430
590
430
342
296
410
412
276
326
384
312
296
328
370
452
374
228
296
290
316
242
292
332
158
200
308
156
150
348
434
604
684
774
620
660
658
736
860
984
946
1048
1030
1100
1106
1042
1152
1142
1242
1262
1172
1282
1264
1326
1256
1246
1260
1486
1610
1590
1516
1542
1516
1546
1480
1494
1548
1520
1390
1442
1418
1306
1152
1198
1300
1358
1446
1338
1452
1326
1162
1270
1270
1362
1294
1266
1134
1246
1292
1126
1088
1218
1340
1286
1256
1166
1308
1348
1300
1610
1536
1572
1432
1518
1514
1688
1544
1496
1420
1452
1510
1482
1314
1330
1230
1366
1318
1420
1560
1600
1644
1718
1610
1364
1434
1478
1390
1434
1422
1474
1478
1648
1650
1566
1426
1168
1044
944
924
888
652
600
768
862
742
648
480
518
660
692
582
500
448
604
646
648
730
798
636
584
574
678
622
580
648
640
468
468
626
676
604
658
706
604
436
514
604
520
442
500
404
444
368
222
250
118
108
148
34
52
56
50
6
62
86
6
22
14
74
72
236
284
492
418
390
496
394
630
638
656
588
706
736
900
834
918
1028
1076
994
990
1126
1286
1296
1132
1178
1030
1024
994
1002
970
864
884
994
898
988
1016
916
862
872
920
746
590
554
760
844
774
716
788
734
792
846
890
948
1008
1084
1078
846
758
670
684
574
550
616
768
782
790
1034
980
996
768
1016
1134
1078
1146
942
980
840
812
786
778
638
558
374
276
288
244
190
234
386
518
568
612
786
750
632
550
506
594
680
810
1048
1090
1068
1104
1028
1036
864
796
770
732
752
996
972
988
1120
1040
974
866
1038
1044
894
646
624
568
438
306
320
186
258
294
188
284
306
282
228
270
364
92
138
114
220
342
366
448
428
164
230
224
234
168
206
278
212
210
356
540
544
602
858
984
1178
1060
1224
1200
1268
1318
1266
1218
1212
944
996
1026
1018
1036
1082
1228
1194
1094
1048
1222
1208
1092
1052
1404
1452
1366
1596
1598
1578
1622
1560
1502
1374
1484
1466
1524
1308
1258
1306
1530
1548
1688
1766
1854
2008
2020
2054
1996
2110
2148
2162
2200
2150
2122
2104
2112
2126
2196
2412
2204
2372
2296
2304
2364
2218
2260
2246
2262
2182
2176
2302
2396
2284
2022
2074
2044
2026
2060
2018
2144
2254
2110
2124
2272
1992
2078
2050
2088
2202
2152
2126
2112
2130
2096
2016
2038
2170
2122
2076
2004
1884
1826
1834
1736
1582
1690
1618
1550
1488
1638
1700
1590
1520
1488
1488
1528
1426
1592
1458
1370
1486
1538
1498
1492
1480
1160
1354
1114
1020
910
986
1054
1042
1036
1118
1096
1082
1212
1334
1232
1312
1200
1146
1154
1156
1270
1330
1474
1510
1324
1198
1238
1242
1120
1040
928
926
892
978
884
796
744
766
792
700
582
476
352
288
246
362
420
480
320
300
280
268
318
300
324
340
166
80
216
154
48
0
244
190
278
310
300
278
220
314
212
330
486
594
566
672
754
654
540
564
386
330
288
484
522
344
352
400
432
352
358
388
546
646
752
830
916
1024
1118
1038
1018
1058
1174
1332
1426
1338
1276
1352
1328
1272
1238
1358
1370
1240
1114
1120
1040
1106
1102
1122
916
1060
1136
1372
1404
1476
1500
1560
1596
1696
1662
1828
1780
1712
1704
1784
1766
1612
1536
1528
1650
1456
1402
1424
1564
1602
1688
1800
1944
2060
1984
2052
1806
1592
1494
1522
1506
1412
1546
1648
1764
1614
1696
1738
1726
1716
1632
1452
1280
1344
1538
1670
1660
1694
1666
1718
1686
1754
1728
1556
1762
1768
1790
1890
1892
1816
1698
1750
1768
1826
1690
1820
1806
1830
1798
1782
1736
1728
1682
1624
1760
1978
1928
1890
1920
1922
1788
1716
1750
1746
1724
1588
1610
1524
1400
1488
1432
1504
1486
1558
1508
1516
1400
1374
1318
1248
1170
1156
1216
1288
1198
1080
1086
962
844
798
782
896
1084
1102
1124
1250
1532
1452
1550
1578
1440
1396
1280
1306
1430
1514
1606
1624
1652
1760
1816
1548
1600
1430
1516
1532
1512
1574
1578
1504
1576
1392
1442
1520
1574
1432
1296
1376
1326
1400
1206
1376
1222
1300
1254
1386
1324
1180
1362
1274
1218
1202
1248
1172
966
1004
846
806
648
606
386
382
364
436
692
696
734
642
506
534
538
636
506
398
272
200
224
384
440
376
380
390
392
312
458
364
252
298
102
138
192
344
208
246
352
244
78
124
196
146
210
144
154
118
232
200
316
312
230
300
224
60
68
2
56
206
354
298
318
490
358
422
512
416
354
338
234
168
68
76
120
22
162
176
166
146
246
206
170
330
286
140
98
92
26
54
136
244
302
470
328
218
242
172
188
106
160
178
136
116
32
54
50
102
38
92
30
118
206
178
224
408
356
288
252
180
22
18
98
98
64
38
170
102
58
134
148
142
112
294
314
376
244
166
344
346
522
768
866
882
932
902
1010
1038
1002
940
1092
1014
1168
1202
1214
1224
1242
1196
1020
1008
930
730
764
656
694
560
550
480
410
292
288
358
462
440
374
294
266
244
280
192
244
94
110
30
70
106
94
76
104
178
300
354
468
506
406
448
454
462
408
448
472
436
568
586
538
616
530
424
372
290
204
16
30
96
148
28
24
110
46
24
58
60
142
100
38
86
74
232
204
230
190
294
280
144
158
304
278
434
476
492
472
478
416
302
542
498
544
468
346
284
252
270
132
318
186
114
38
118
84
120
112
84
26
110
162
124
40
56
68
0
102
110
6
4
134
124
172
50
14
60
56
146
314
360
406
296
96
110
34
78
34
18
50
164
278
238
262
296
412
208
238
190
252
378
272
326
204
312
370
372
460
696
826
784
768
778
614
590
648
704
844
798
790
856
854
884
910
954
1038
1174
1188
1168
1136
1230
1382
1364
1462
1510
1576
1424
1352
1254
1250
1440
1490
1646
1716
1744
1776
1766
1836
1950
1720
1726
1718
1828
1736
1882
1806
1784
1810
1718
1764
1802
1624
1546
1472
1602
1576
1432
1388
1418
1278
1380
1400
1434
1448
1370
1208
1142
1122
1222
1132
1054
942
862
826
726
644
750
822
878
912
1114
1148
1166
1056
1230
1040
1034
938
878
700
744
678
816
794
696
996
970
1072
1162
1130
988
952
1192
1036
1192
1288
1286
1292
1172
1278
1230
1186
1318
1224
1328
1494
1450
1540
1608
1522
1268
1376
1192
1206
1178
1064
1098
946
976
950
986
990
862
932
886
982
1080
1120
884
852
1022
1138
1298
1426
1376
1436
1346
1412
1332
1390
1382
1282
1184
1168
1278
1364
1346
1284
1186
1266
1294
1544
1652
1712
1592
1554
1662
1594
1524
1656
1602
1490
1456
1288
1344
1396
1470
1400
1606
1538
1376
1330
1366
1476
1738
1472
1482
1382
1280
1252
1166
1034
1122
1290
1356
1552
1324
1300
1246
1170
1054
1372
1362
1354
1272
1140
1034
1120
1248
1202
1276
1290
1376
1348
1276
1422
1286
1370
1270
1210
1002
986
1086
1092
1032
1058
1232
1116
1058
1152
1044
910
992
944
852
822
934
958
954
876
840
912
880
738
616
778
650
606
816
744
564
742
632
686
736
624
610
630
646
834
922
904
898
942
860
874
826
898
894
1054
952
946
934
1090
968
884
1042
942
968
940
1062
906
946
974
820
828
746
806
758
760
720
834
864
958
1128
1148
1052
1104
1062
1104
928
872
792
906
1016
1098
1218
1142
1008
984
866
792
930
890
886
1142
1060
976
806
650
606
858
934
956
848
666
800
748
680
666
700
764
770
672
764
802
730
672
580
640
672
522
504
482
364
398
410
478
454
342
542
642
546
544
468
370
364
404
606
682
668
486
544
472
488
598
774
724
824
804
654
568
686
554
574
610
674
602
672
600
596
572
