3492
3548
3612
3566
3586
3616
3566
3544
3522
3440
3450
3390
3392
3480
3468
3518
3510
3530
3516
3538
3562
3576
3592
3630
3680
3670
3662
3642
3600
3562
3574
3528
3506
3560
3590
3594
3612
3616
3552
3568
3556
3530
3504
3524
3542
3612
3642
3690
3696
3714
3694
3650
3650
3616
3656
3646
3626
3654
3580
3600
3628
3692
3688
3670
3618
3634
3642
3592
3574
3588
3600
3646
3606
3594
3528
3532
3600
3592
3580
3558
3520
3586
3596
3596
3498
3496
3500
3454
3496
3554
3514
3516
3582
3548
3536
3532
3564
3596
3578
3608
3640
3702
3704
3668
3692
3720
3694
3734
3672
3660
3626
3670
3684
3590
3536
3494
3482
3564
3562
3602
3572
3574
3578
3598
3588
3556
3546
3526
3562
3572
3588
3608
3542
3572
3532
3492
3488
3506
3552
3606
3622
3550
3540
3510
3482
3470
3472
3498
3452
3488
3504
3540
3604
3684
3598
3638
3596
3630
3632
3630
3632
3596
3612
3598
3602
3594
3624
3626
3580
3556
3546
3624
3638
3668
3634
3564
3570
3568
3576
3556
3602
3608
3610
3622
3652
3578
3640
3592
3586
3524
3550
3564
3616
3610
3560
3552
3590
3524
3484
3492
3472
3502
3482
3506
3464
3454
3470
3460
3436
3444
3490
3500
3534
3624
3646
3642
3610
3638
3614
3598
3610
3644
3628
3604
3626
3602
3588
3620
3642
3562
3486
3520
3534
3484
3484
3510
3568
3578
3606
3620
3678
3692
3608
3582
3552
3548
3578
3538
3578
3570
3540
3582
3538
3530
3552
3540
3564
3530
3636
3676
3724
3686
3610
3596
3592
3606
3602
3666
3616
3632
3624
3650
3634
3604
3572
3598
3574
3562
3538
3592
3518
3488
3414
3490
3418
3398
3370
3476
3478
3506
3532
3564
3570
3600
3498
3556
3542
3554
3540
3462
3462
3494
3544
3550
3512
3526
3508
3522
3562
3602
3584
3580
3608
3618
3616
3658
3656
3632
3590
3626
3592
3660
3664
3624
3568
3632
3624
3634
3574
3598
3620
3704
3622
3662
3722
3726
3680
3686
3714
3628
3578
3540
3578
3542
3592
3560
3592
3604
3698
3714
3636
3574
3624
3590
3620
3714
3686
3642
3672
3638
3640
3650
3606
3612
3588
3558
3542
3552
3600
3674
3660
3636
3616
3600
3558
3550
3558
3566
3596
3524
3518
3526
3550
3532
3534
3612
3596
3582
3522
3490
3450
3440
3490
3524
3490
3478
3492
3446
3410
3422
3372
3462
3454
3466
3514
3536
3532
3436
3464
3476
3424
3490
3532
3576
3548
3538
3532
3476
3488
3496
3528
3518
3450
3526
3516
3514
3492
3464
3392
3468
3460
3456
3470
3524
3576
3598
3578
3648
3640
3680
3646
3640
3582
3594
3620
3540
3574
3594
3626
3634
3602
3550
3484
3506
3552
3492
3462
3542
3474
3418
3442
3424
3428
3388
3348
3418
3494
3566
3552
3576
3550
3582
3608
3608
3650
3612
3544
3578
3630
3618
3676
3646
3584
3642
3620
3636
3606
3628
3654
3708
3662
3706
3622
3628
3654
3606
3602
3592
3636
3602
3606
3632
3640
3640
3642
3568
3566
3622
3664
3676
3616
3634
3594
3570
3562
3518
3466
3468
3478
3530
3550
3508
3508
3492
3502
3552
3544
3458
3518
3532
3592
3652
3596
3558
3600
3586
3596
3566
3536
3558
3588
3586
3672
3640
3600
3626
3640
3592
3570
3588
3612
3570
3558
3570
3550
3498
3528
3532
3518
3504
3534
3564
3530
3582
3586
3614
3598
3616
3630
3612
3658
3652
3618
3574
3582
3580
3572
3608
3550
3526
3554
3564
3598
3522
3616
3604
3576
3554
3544
3572
3584
3462
3558
3602
3554
3566
3600
3576
3610
3546
3558
3632
3624
3622
3538
3568
3572
3530
3480
3576
3572
3530
3580
3538
3594
3650
3644
3578
3576
3550
3606
3596
3606
3574
3500
3474
3452
3506
3568
3596
3522
3516
3526
3488
3532
3560
3546
3466
3524
3540
3482
3480
3524
3496
3514
3514
3444
3462
3470
3426
3524
3520
3450
3420
3502
3510
3534
3588
3552
3526
3582
3648
3614
3634
3682
3682
3620
3568
3576
3578
3544
3448
3474
3436
3554
3492
3492
3492
3524
3520
3564
3562
3596
3528
3478
3550
3576
3552
3546
3506
3544
3476
3476
3516
3530
3548
3576
3498
3508
3506
3494
3490
3520
3534
3516
3542
3538
3556
3514
3504
3564
3588
3600
3598
3610
3658
3618
3630
3580
3554
3592
3604
3602
3558
3598
3618
3628
3598
3572
3596
3640
3628
3594
3616
3638
3590
3578
3592
3596
3608
3580
3656
3602
3630
3596
3540
3560
3612
3668
3714
3688
3646
3570
3564
3546
3530
3558
3514
3534
3544
3560
3500
3516
3454
3440
3468
3504
3496
3448
3460
3442
3422
3428
3432
3462
3550
3596
3548
3482
3542
3570
3578
3548
3556
3600
3538
3508
3544
3528
3578
3548
3588
3622
3652
3650
3664
3636
3556
3504
3508
3492
3516
3474
3500
3408
3356
3354
3352
3368
3382
3298
3320
3294
3286
3276
3282
3306
3298
3250
3300
3340
3422
3330
3364
3340
3312
3282
3256
3314
3242
3178
3240
3318
3330
3350
3410
3440
3438
3450
3442
3458
3430
3468
3398
3368
3408
3376
3410
3382
3372
3434
3466
3432
3416
3432
3416
3434
3516
3502
3510
3520
3518
3492
3448
3504
3514
3468
3460
3484
3462
3446
3450
3504
3524
3542
3578
3592
3622
3594
3502
3530
3520
3462
3470
3492
3554
3568
3590
3496
3528
3526
3542
3534
3520
3498
3568
3562
3576
3556
3514
3558
3502
3576
3592
3628
3510
3550
3530
3522
3538
3526
3578
3554
3596
3628
3656
3664
3608
3616
3720
3684
3670
3656
3610
3560
3556
3476
3462
3502
3516
3528
3476
3448
3434
3424
3398
3432
3480
3482
3492
3450
3428
3432
3476
3478
3496
3582
3506
3468
3466
3440
3460
3534
3556
3632
3606
3612
3642
3618
3548
3602
3594
3552
3610
3614
3618
3578
3622
3592
3670
3638
3610
3654
3610
3586
3630
3558
3508
3516
3558
3536
3606
3636
3604
3622
3642
3638
3592
3608
3642
3632
3680
3624
3732
3706
3638
3670
3678
3606
3628
3602
3628
3608
3636
3626
3612
3576
3546
3576
3590
3608
3660
3692
3676
3624
3614
3636
3654
3594
3572
3580
3582
3560
3588
3590
3578
3510
3516
3592
3628
3680
3712
3660
3738
3694
3714
3690
3636
3682
3684
3608
3616
3672
3642
3678
3678
3648
3654
3650
3608
3586
3558
3562
3578
3560
3528
3510
3466
3450
3388
3458
3486
3510
3450
3460
3472
3524
3436
3458
3474
3464
3468
3438
3456
3482
3462
3546
3522
3556
3528
3488
3520
3526
3528
3508
3466
3450
3504
3492
3492
3424
3362
3398
3410
3456
3406
3476
3514
3500
3514
3476
3448
3560
3534
3492
3488
3396
3376
3468
3396
3432
3440
3476
3540
3502
3490
3512
3486
3464
3460
3490
3518
3524
3538
3510
3510
3508
3462
3516
3440
3398
3404
3482
3448
3466
3506
3434
3398
3408
3364
3388
3312
3382
3460
3466
3534
3474
3508
3512
3448
3528
3532
3528
3586
3544
3454
3504
3496
3514
3534
3516
3596
3614
3534
3518
3522
3486
3492
3530
3524
3538
3576
3596
3604
3558
3562
3580
3580
3580
3548
3594
3608
3582
3560
3566
3586
3654
3682
3688
3710
3692
3628
3688
3752
3684
3710
3630
3656
3644
3664
3696
3686
3718
3696
3680
3652
3674
3652
3676
3634
3690
3730
3732
3702
3662
3664
3704
3686
3614
3588
3544
3564
3592
3612
3604
3570
3586
3600
3576
3598
3566
3526
3560
3604
3602
3594
3628
3628
3652
3692
3668
3620
3574
3602
3630
3650
3670
3650
3596
3598
3596
3646
3648
3596
3614
3554
3606
3578
3630
3670
3612
3546
3546
3520
3576
3550
3568
3542
3580
3604
3588
3606
3606
3586
3588
3642
3614
3664
3682
3696
3610
3646
3674
3668
3666
3628
3612
3614
3588
3566
3620
3662
3660
3580
3562
3538
3496
3454
3480
3514
3542
3608
3614
3620
3662
3638
3580
3550
3584
3572
3622
3636
3652
3700
3682
3654
3616
3620
3686
3686
3696
3572
3578
3606
3586
3614
3632
3550
3650
3634
3604
3652
3680
3672
3626
3552
3574
3582
3644
3580
3594
3560
3576
3558
3552
3552
3614
3588
3556
3596
3628
3630
3666
3628
3620
3616
3602
3686
3640
3632
3620
3672
3688
3666
3666
3658
3634
3614
3572
3614
3568
3592
3514
3486
3524
3530
3594
3522
3480
3474
3422
3434
3480
3546
3618
3592
3612
3608
3568
3580
3632
3688
3686
3664
3590
3562
3450
3442
3490
3468
3456
3466
3472
3540
3526
3584
3542
3496
3510
3462
3454
3470
3442
3386
3460
3446
3440
3414
3368
3550
3476
3434
3440
3410
3480
3494
3434
3498
3478
3500
3492
3536
3526
3556
3490
3478
3438
3460
3470
3356
3386
3346
3362
3320
3402
3462
3410
3378
3392
3368
3344
3302
3370
3318
3294
3288
3256
3318
3352
3328
3370
3346
3352
3306
3386
3372
3406
3454
3512
3524
3518
3488
3496
3542
3544
3460
3514
3554
3498
3516
3570
3588
3618
3578
3576
3614
3616
3632
3612
3628
3666
3642
3616
3650
3702
3652
3618
3514
3510
3530
3558
3540
3572
3554
3522
3574
3510
3484
3442
3350
3360
3364
3446
3490
3460
3424
3356
3410
3406
3394
3350
3366
3400
3466
3500
3520
3508
3524
3532
3544
3522
3526
3556
3516
3500
3516
3502
3486
3416
3450
3442
3470
3490
3546
3570
3628
3654
3602
3640
3590
3510
3540
3534
3522
3508
3522
3534
3522
3536
3516
3530
3526
3548
3596
3626
3644
3664
3664
3610
3576
3532
3576
3534
3540
3536
3528
3566
3546
3520
3452
3454
3436
3438
3484
3548
3530
3512
3518
3528
3548
3554
3528
3602
3642
3626
3642
3614
3562
3558
3582
3652
3628
3616
3598
3612
3600
3630
3586
3638
3524
3550
3534
3584
3524
3590
3658
3678
3604
3624
3640
3614
3578
3590
3604
3612
3634
3612
3650
3686
3682
3642
3582
3552
3538
3586
3626
3598
3638
3660
3644
3656
3624
3626
3632
3540
3520
3576
3558
3514
3476
3510
3502
3454
3450
3430
3432
3466
3466
3470
3466
3480
3560
3578
3588
3548
3560
3516
3522
3502
3574
3534
3552
3634
3620
3640
3632
3596
3602
3600
3580
3556
3588
3542
3450
3516
3522
3508
3544
3536
3588
3578
3580
3560
3554
3582
3604
3610
3596
3526
3478
3516
3504
3534
3546
3500
3452
3472
3462
3422
3426
3526
3528
3498
3522
3470
3534
3562
3566
3564
3590
3630
3596
3548
3540
3516
3532
3494
3482
3552
3494
3550
3528
3542
3548
3552
3468
3476
3460
3478
3494
3552
3614
3570
3564
3536
3534
3480
3526
3528
3490
3468
3526
3478
3466
3422
3494
3450
3528
3512
3512
3412
3406
3468
3520
3450
3530
3572
3600
3588
3556
3576
3628
3560
3530
3522
3552
3628
3602
3568
3514
3510
3512
3500
3518
3530
3524
3518
3536
3528
3520
3468
3540
3538
3510
3456
3524
3506
3508
3452
3444
3412
3432
3432
3464
3470
3478
3470
3432
3470
3466
3444
3474
3484
3454
3436
3424
3434
3434
3460
3512
3496
3484
3528
3522
3514
3552
3506
3548
3496
3528
3454
3444
3476
3474
3504
3494
3518
3502
3524
3436
3440
3456
3460
3480
3460
3472
3422
3454
3414
3432
3438
3430
3414
3440
3474
3438
3354
3372
3332
3312
3444
3494
3578
3594
3590
3560
3520
3436
3412
3344
3390
3382
3370
3364
3326
3378
3310
3338
3330
3374
3354
3392
3376
3450
3454
3422
3420
3470
3422
3438
3500
3494
3424
3380
3414
3436
3414
3390
3348
3318
3250
3164
3146
3162
3186
3166
3154
3128
3178
3218
3200
3210
3230
3222
3254
3242
3200
3194
3132
3148
3230
3282
3318
3236
3202
3156
3216
3220
3168
3186
3178
3200
3242
3238
3248
3220
3216
3190
3166
3116
3120
3100
3046
3052
3034
3042
3086
3072
2988
3004
3124
3180
3164
3126
3128
3102
3120
3196
3184
3242
3196
3134
3188
3276
3342
3334
3290
3320
3294
3290
3250
3220
3248
3276
3224
3130
3082
3070
3090
3122
3136
3156
3122
3148
3188
3138
3188
3242
3260
3252
3182
3166
3226
3218
3218
3232
3276
3246
3232
3170
