96
138
126
174
240
188
190
222
206
228
194
210
242
270
326
344
308
270
248
254
274
338
434
416
426
516
554
514
518
554
548
538
570
556
552
568
554
508
504
464
452
428
356
414
470
462
512
494
472
510
472
494
550
550
520
508
436
436
388
420
412
420
416
434
422
416
392
410
426
426
382
348
344
304
324
308
272
276
274
262
276
266
278
282
334
336
322
344
288
330
314
306
308
346
320
294
288
266
248
196
226
196
210
214
198
244
248
248
224
162
122
92
88
40
42
40
6
4
14
60
110
108
136
156
226
226
222
246
218
240
234
288
298
292
352
364
356
378
420
370
382
400
438
454
380
422
406
396
340
364
376
360
304
268
280
242
162
142
192
208
230
258
254
290
262
252
264
224
282
270
182
124
128
172
160
170
162
128
140
98
120
124
130
150
102
94
58
136
120
122
174
160
164
198
230
300
274
264
282
200
166
140
144
154
150
174
108
30
30
72
86
68
82
24
26
62
80
66
88
48
8
82
68
98
108
124
160
104
80
114
36
50
20
4
52
106
122
76
32
46
12
34
84
122
116
114
110
116
86
118
102
118
112
142
176
144
156
174
146
110
100
56
10
64
106
98
86
86
52
118
144
136
110
130
180
204
284
242
208
216
212
226
230
256
284
276
330
282
272
240
220
256
242
238
290
296
316
292
314
298
230
204
202
244
258
288
290
274
318
358
420
466
436
458
480
456
458
514
564
610
600
620
618
602
578
640
634
670
648
616
612
636
590
564
576
546
606
578
618
590
592
602
614
632
636
642
624
634
664
638
622
606
648
624
596
530
530
538
530
506
518
582
574
568
530
522
552
498
566
500
444
398
424
424
414
430
392
312
316
326
340
360
342
346
388
376
414
432
390
436
452
454
446
422
476
404
372
362
360
404
394
422
402
396
400
420
410
442
406
430
396
384
398
392
438
478
474
466
512
534
594
594
608
614
634
716
712
688
686
696
688
680
650
646
634
630
582
604
652
616
616
612
578
568
564
532
508
476
470
472
482
482
490
450
460
432
372
364
372
348
276
260
304
312
300
266
244
274
202
208
166
104
168
174
118
106
126
178
172
150
164
164
184
168
160
148
186
244
216
224
240
262
270
260
240
240
240
258
290
262
256
240
280
272
240
204
142
186
104
86
146
182
222
182
156
140
158
144
138
184
210
222
202
152
112
140
164
136
106
102
100
98
98
106
86
72
44
34
4
24
40
54
96
64
42
28
56
62
108
114
164
178
180
196
220
212
218
196
198
226
270
224
240
232
264
220
244
258
210
246
238
224
274
268
302
264
242
242
216
182
152
124
86
70
70
72
34
58
22
50
8
28
82
146
66
62
44
56
66
48
50
64
54
70
24
22
46
56
56
28
6
16
34
48
52
56
130
86
90
114
86
148
146
120
100
56
38
36
12
12
20
60
70
72
68
128
120
114
114
66
68
30
22
6
12
38
78
26
14
28
20
50
14
4
18
6
14
28
46
8
38
44
70
70
72
76
76
110
110
98
140
84
10
6
34
24
10
12
44
80
102
122
156
92
126
90
66
74
18
8
4
8
42
44
24
14
68
118
114
54
110
144
156
156
186
198
226
208
234
270
276
240
232
208
170
52
48
44
86
44
10
20
38
58
6
2
16
64
42
62
156
140
128
114
220
238
322
284
282
288
330
338
348
342
316
334
332
334
278
232
286
254
282
248
286
266
194
164
198
230
248
298
290
304
340
328
374
372
356
366
350
374
398
422
408
406
464
440
402
426
418
374
354
392
330
266
210
236
152
146
160
82
136
178
162
90
98
78
26
22
58
128
116
132
152
136
108
112
76
100
68
90
160
158
144
162
158
216
236
268
246
206
246
286
308
312
316
306
262
232
212
202
216
182
180
186
178
176
168
120
112
76
68
64
52
32
58
78
82
94
118
118
122
84
24
32
54
42
40
46
60
64
40
12
26
6
56
2
4
20
26
122
86
68
84
90
64
86
102
116
134
162
158
174
152
116
126
126
96
132
132
158
188
236
230
188
238
250
308
370
368
368
356
376
368
406
440
480
472
550
512
512
478
476
470
504
518
498
540
590
554
564
612
624
596
588
552
556
566
582
576
568
588
586
578
546
584
592
540
558
588
608
664
636
604
576
606
582
568
580
586
628
620
642
658
600
614
608
592
642
662
630
622
598
600
566
536
500
452
450
446
512
508
504
512
480
468
462
478
438
364
348
354
272
204
144
172
238
272
268
296
246
268
272
188
164
150
142
154
136
138
186
154
136
126
114
192
162
126
148
160
178
184
198
152
176
132
104
100
110
132
178
198
148
132
150
170
156
130
124
186
232
278
260
250
288
306
296
248
266
292
304
322
320
338
294
328
392
458
442
482
484
460
460
486
452
442
492
538
508
518
494
546
562
564
546
528
514
462
428
422
364
396
410
356
320
392
398
390
388
372
400
374
340
352
358
302
258
282
242
182
254
230
308
346
314
310
302
348
366
364
324
374
396
454
400
408
374
336
330
350
364
414
424
476
462
508
560
536
492
486
520
520
484
466
450
456
500
480
506
514
470
410
400
388
428
454
474
418
454
436
424
438
462
430
466
456
440
404
382
426
412
390
408
474
416
432
428
390
394
400
432
458
436
472
472
464
420
408
432
510
540
556
470
430
390
350
310
346
344
340
334
366
360
426
376
352
358
386
414
372
448
404
394
386
404
374
348
292
272
294
276
342
318
230
258
298
334
300
276
346
278
260
346
332
274
224
208
192
174
190
216
234
202
216
196
154
160
90
124
80
78
150
184
212
172
106
106
152
126
128
76
74
146
146
138
88
138
150
184
214
152
202
140
160
206
160
132
150
164
142
140
186
146
144
176
172
166
192
188
206
156
148
122
138
214
252
272
272
322
340
374
316
374
376
424
462
466
376
314
338
348
376
288
272
298
342
346
350
386
350
354
322
350
384
360
322
336
354
386
358
360
348
354
330
312
318
338
332
360
356
366
420
462
440
466
424
388
354
408
344
324
284
290
306
314
342
308
254
262
218
202
190
278
338
356
332
332
370
390
328
356
376
378
380
386
348
306
278
270
292
306
274
288
334
362
360
326
370
358
358
356
284
296
200
218
264
220
238
216
200
138
106
134
148
142
62
136
66
58
96
110
124
164
144
214
226
242
288
260
160
192
210
256
288
290
272
252
334
324
306
276
266
330
340
294
320
288
366
412
470
456
418
454
492
524
528
516
504
556
598
630
640
606
626
620
598
670
640
618
616
702
756
748
740
748
734
672
622
540
510
516
532
542
558
570
564
610
606
594
574
528
488
494
482
490
526
540
474
532
514
538
594
614
592
642
636
612
626
572
572
594
548
514
544
538
544
510
486
446
480
468
448
460
434
396
424
440
444
418
394
360
356
358
322
326
290
306
308
248
226
232
206
194
226
258
248
254
296
314
298
286
246
264
284
314
292
304
334
316
368
322
352
358
380
346
316
326
344
316
330
336
392
350
380
356
368
378
366
360
398
420
458
448
444
436
458
496
474
512
548
584
618
554
570
558
586
600
568
560
528
524
532
518
514
462
386
394
436
496
512
508
560
558
596
594
588
604
540
506
476
464
422
428
442
410
452
454
440
472
428
426
444
390
316
250
222
278
258
290
258
266
296
244
242
264
198
204
166
158
128
48
20
20
28
26
6
36
46
44
132
152
182
192
210
190
206
246
262
238
276
298
198
196
164
190
224
236
278
290
314
244
186
212
168
228
276
250
258
310
302
284
290
250
208
212
200
218
256
234
260
270
256
218
246
260
264
328
286
356
350
296
214
194
214
216
238
160
144
146
172
174
142
156
178
224
166
166
160
162
160
194
202
266
208
194
280
228
260
302
358
368
412
376
338
298
296
332
308
284
258
232
222
270
284
266
320
332
360
326
334
348
234
142
106
134
198
224
216
260
240
270
254
290
320
284
252
308
326
378
426
384
440
432
358
378
408
400
366
336
382
376
344
390
442
426
392
364
384
404
406
404
330
312
380
430
394
380
406
388
460
434
450
454
472
428
424
422
428
472
494
510
466
460
422
414
424
452
448
424
404
450
478
468
466
494
508
448
404
370
376
398
394
368
352
358
380
386
390
410
422
440
406
408
446
422
446
450
516
546
494
436
432
436
444
450
492
520
526
520
496
580
590
590
554
546
562
578
598
612
618
596
604
626
590
580
514
548
560
548
602
624
614
588
552
506
550
558
524
500
498
410
404
434
430
436
452
426
338
326
290
320
314
306
300
290
220
242
208
232
200
184
210
190
148
164
140
142
152
168
154
124
192
220
234
206
206
210
254
190
172
154
144
144
98
82
86
58
60
92
18
6
16
16
10
8
22
6
52
78
30
58
128
88
16
8
2
6
12
26
34
16
38
6
86
112
84
114
118
136
166
154
180
176
186
180
216
178
184
184
142
106
66
78
52
14
24
76
106
138
134
176
228
184
120
138
174
172
168
234
232
266
264
220
272
288
236
208
166
252
234
272
258
248
226
194
190
226
206
176
