598
670
628
744
884
948
890
988
854
872
970
906
918
824
836
676
700
1000
864
756
682
700
718
842
714
740
740
676
694
622
606
514
466
380
434
390
374
376
446
582
622
650
490
438
448
338
434
340
340
332
380
362
478
538
456
348
306
314
206
188
268
272
346
450
382
292
214
230
284
312
216
310
192
126
182
244
270
134
66
60
0
66
120
164
88
90
102
14
180
58
10
50
58
68
48
10
126
78
6
2
120
34
130
162
74
78
94
338
374
346
320
338
320
396
282
344
264
266
250
404
312
310
26
36
48
16
58
112
374
220
124
198
70
66
68
14
20
180
210
268
158
86
136
384
296
338
92
154
112
110
90
12
266
430
488
490
482
372
378
402
448
558
568
670
590
764
706
672
688
810
916
1062
878
876
672
574
664
578
526
536
246
214
250
288
500
488
534
468
414
604
408
470
438
494
536
528
630
676
582
716
736
898
862
856
702
802
796
846
1032
964
930
1120
1176
1136
1206
1064
988
934
994
1050
1164
1140
1066
998
1108
1154
1186
1358
1448
1366
1446
1410
1364
1308
1274
1218
1246
1150
1204
1072
988
970
978
916
940
1032
1108
1048
1120
1086
1290
1252
1216
1354
1428
1472
1466
1440
1528
1326
1344
1260
1442
1362
1408
1560
1574
1492
1366
1436
1422
1520
1512
1496
1482
1596
1704
1660
1720
1624
1732
1678
1768
1654
1714
1720
1796
1814
1914
1624
1636
1790
1672
1704
1740
1640
1444
1484
1424
1418
1418
1396
1390
1340
1344
1404
1424
1394
1260
1178
1326
1244
1200
1172
1224
1196
1274
1344
1400
1502
1484
1512
1454
1580
1554
1502
1448
1492
1610
1584
1604
1520
1472
1490
1498
1570
1624
1518
1438
1558
1596
1702
1694
1816
1834
1874
1768
1902
1600
1610
1686
1616
1684
1558
1512
1474
1600
1362
1386
1292
1450
1480
1404
1380
1416
1378
1216
1170
1120
1082
1058
1176
1360
1414
1380
1380
1474
1480
1524
1400
1510
1470
1438
1374
1300
1398
1330
1266
1238
1048
1150
1280
1150
1178
1250
1296
1424
1262
1210
1162
1080
1114
1020
1066
1174
1110
1086
1130
1134
1290
1348
1248
1234
1110
1126
1016
1162
1358
1384
1452
1524
1538
1364
1296
1400
1416
1218
1258
1384
1352
1158
1312
1230
1148
1260
1488
1576
1606
1460
1522
1592
1502
1700
1650
1694
1702
1562
1544
1466
1434
1546
1626
1540
1606
1806
1828
1882
1858
1902
1840
1904
1836
1974
2084
2062
2100
1982
1894
1956
2028
1918
1782
1784
1878
2078
2016
1924
1966
2292
2282
2264
2160
2210
2158
2264
2192
2222
2214
2194
2174
2214
2092
2162
2020
2004
2000
1946
1890
1748
1996
2128
2048
2160
2244
2466
2574
2504
2666
2692
2690
2644
2444
2534
2506
2328
2248
2328
2322
2366
2406
2362
2238
2140
2182
2188
2478
2600
2500
2596
2718
2718
2766
2764
2766
2850
2680
2694
2770
2764
2752
2742
2824
2842
2964
2972
2894
3054
3038
3140
3144
3038
2846
2978
2952
2846
2962
2962
2808
2842
3110
2948
2924
2872
2710
2646
2530
2590
2614
2784
2662
2654
2680
2708
2762
2736
2888
2946
2914
2882
2840
3048
3154
3090
3026
3050
3146
3254
3366
3248
3156
3066
3150
3212
3254
3330
3434
3436
3442
3330
3344
3310
3108
3274
3312
3386
3320
3352
3218
3128
3236
3170
3088
3142
3152
3150
3110
3112
3024
3042
3096
3158
2988
3246
3258
3372
3322
3382
3326
3388
3386
3422
3336
3262
3298
3190
3340
3284
3302
3340
3462
3274
3244
3314
3350
3382
3434
3438
3658
3648
3716
3630
3674
3638
3626
3602
3510
3566
3498
3528
3610
3614
3470
3490
3472
3458
3484
3502
3554
3488
3484
3534
3412
3454
3476
3636
3542
3562
3542
3392
3446
3454
3560
3446
3468
3562
3578
3616
3512
3388
3568
3702
3832
3736
3618
3522
3588
3564
3648
3590
3506
3332
3160
3408
3426
3442
3510
3470
3350
3218
3306
3400
3344
3324
3174
3124
3098
3002
3130
3048
2940
2984
2964
2914
2870
2894
2998
2876
2848
2798
2884
2802
2620
2678
2534
2642
2738
2722
2646
2796
2902
2802
2760
2716
2722
2850
2914
2846
2968
2896
2958
2902
2834
2724
2584
2570
2572
2670
2674
2634
2640
2616
2498
2620
2510
2484
2636
2586
2634
2552
2636
2610
2664
2636
2620
2670
2720
2742
2704
2668
2556
2664
2692
2812
2934
2884
2796
2758
2712
2768
2612
2610
2616
2642
2742
2554
2790
2818
2768
2702
2738
2760
2774
2774
2744
2794
2728
2644
2570
2488
2512
2578
2622
2600
2678
2640
2754
2674
2760
2684
2750
2662
2736
2562
2538
2570
2504
2364
2518
2646
2544
2784
2726
2806
2764
2846
2700
2716
2576
2448
2360
2460
2490
2668
2566
2566
2520
2474
2286
2228
2326
2448
2384
2362
2436
2320
2506
2516
2590
2590
2730
2746
2736
2882
2928
2920
3000
2894
2804
2610
2556
2708
2714
2750
2830
2844
2916
2838
2744
3018
3046
3124
3196
3182
3174
3136
3276
3192
3078
2840
2828
2948
3066
3170
3158
3192
3090
3006
3140
3202
3136
3120
3076
3132
3174
3178
3376
3382
3318
3338
3248
3038
3022
3138
3166
3102
3130
3314
3150
3148
3266
3156
3158
3138
3058
2824
2892
2842
2726
3012
2994
3100
3154
3226
3092
2910
2914
3008
3012
3124
3016
2960
2886
2816
2710
2634
2568
2616
2582
2544
2468
2492
2416
2428
2472
2452
2544
2622
2534
2686
2834
2822
2662
2694
2756
2776
2646
2866
2934
2926
2964
2964
2910
2866
3120
3116
2998
3050
3118
3184
3212
3076
3068
3054
3068
3124
3096
3114
3138
3294
3288
3120
3216
3182
3174
3220
3216
3132
3022
3074
3034
2938
2828
2878
3004
2994
2998
3012
3006
3064
3030
3158
3042
3028
2856
2702
2776
2800
2942
2848
2710
2844
2860
2984
3116
3162
3080
3202
3224
3536
3652
3566
3642
3678
3738
3580
3690
3816
3702
3770
3782
3808
3806
3798
3772
3798
3858
3892
3886
3752
3724
3686
3690
3520
3544
3680
3606
3474
3556
3366
3430
3358
3412
3434
3416
3312
3388
3238
3230
3354
3290
3204
3186
3096
3228
3122
3236
3278
3318
3310
3306
3374
3380
3508
3576
3454
3344
3188
3306
3438
3432
3368
3330
3398
3318
3358
3406
3376
3364
3300
3298
3270
3164
3198
3274
3248
3360
3450
3630
3626
3750
3858
3860
3796
3886
3848
3894
3904
3938
4000
3904
3860
3860
3900
3880
3908
3980
3910
3856
3656
3736
3878
3748
3666
3464
3504
3394
3502
3436
3440
3400
3354
3436
3486
3506
3394
3456
3350
3332
3262
3384
3454
3472
3438
3372
3278
3386
3444
3452
3522
3430
3326
3306
3212
3424
3344
3364
3538
3596
3424
3372
3354
3532
3680
3708
3576
3568
3542
3468
3518
3436
3450
3568
3502
3664
3654
3640
3612
3666
3618
3684
3430
3444
3510
3424
3476
3524
3514
3528
3436
3316
3290
3304
3066
3040
3098
3070
3124
3062
3168
3136
3004
3074
3056
3052
2924
2958
2910
2908
2984
2978
3042
2944
3130
3166
3258
3288
3136
3094
3166
3042
3120
3076
3070
2956
2998
3000
3084
3238
3338
3304
3332
3286
3364
3312
3370
3246
3258
3270
3262
3282
3398
3426
3318
3250
3320
3392
3494
3388
3300
3268
3240
3380
3352
3344
3344
3478
3418
3416
3354
3290
3252
3238
3170
3344
3214
3416
3292
3322
3348
3436
3356
3368
3282
3170
3114
3132
3084
3340
3356
3160
3244
3206
3196
3220
3196
3056
3074
3138
3026
3010
2998
3276
3416
3366
3346
3316
3274
3342
3376
3524
3392
3458
3560
3558
3590
3330
3284
3376
3266
3196
3264
3204
3170
3184
3264
3416
3508
3514
3558
3344
3416
3470
3318
3358
3430
3242
3248
3208
3136
3106
3270
3432
3358
3372
3474
3492
3570
3460
3532
3714
3794
3764
3526
3482
3610
3570
3810
3842
3858
3802
3824
3702
3880
3916
3982
4044
4172
4162
4172
4216
4436
4408
4454
4402
4636
4476
4556
4608
4680
4684
4614
4700
4664
4568
4542
4578
4558
4698
4598
4768
4772
4830
4842
4830
4858
4788
4764
4784
4680
4700
4670
4604
4632
4572
4472
4574
4604
4480
4610
4598
4516
4332
4394
4466
4516
4492
4520
4368
4320
4234
4336
4218
4080
4180
4240
4142
4046
4202
4164
4194
4148
4104
4208
4246
4204
4116
4086
4194
4138
4170
4248
4236
4194
4258
4334
4382
4264
4396
4212
4212
4112
4130
4162
4118
4062
4046
4048
4000
3872
3852
3894
4034
3978
3984
4038
3928
4040
4046
3898
3858
3852
3794
3900
3830
3814
3780
3760
3742
3714
3736
3630
3480
3504
3586
3656
3764
3918
3890
3894
3946
3820
3858
3854
4044
3998
3890
3874
3946
3924
3870
3740
3866
3732
3782
3796
3772
3798
3860
3912
3854
3868
3954
4030
4010
4178
4310
4334
4458
4570
4484
4280
4268
4304
4252
4318
4116
4084
4036
3966
4030
3992
4156
4008
4066
4204
4298
4136
4042
4004
4004
4070
4084
3994
3952
4020
3970
4038
4050
4092
4026
3938
3974
3932
3934
3922
3872
3912
4010
3958
3896
4070
4212
4142
4038
3782
3642
3766
3730
3720
3958
3926
3940
3868
3894
3902
4026
3864
3802
3856
3762
3804
3736
3786
3836
3912
3914
3938
3856
3924
4020
4026
3950
4148
4168
4188
4232
4180
4062
4108
4150
4042
4022
3884
3856
3878
3952
3724
3594
3566
3536
3468
3526
3526
3630
3438
3424
3422
3558
3644
3684
3730
3820
3774
3676
3788
3910
3776
3744
3702
3686
3746
3664
3658
3594
3530
3650
3738
3758
3778
3748
3858
3916
3944
3920
3916
3928
3758
3848
3836
3898
3688
3714
3812
3818
3874
3796
3792
3952
4068
3982
3944
3932
3886
3946
3898
3960
4040
3992
4006
4020
4054
4034
3950
3834
3810
3858
3800
3840
3780
3810
3774
3554
3468
3534
3474
3506
3414
3386
3424
3308
3374
3536
3580
3456
3420
3364
3368
3348
3312
3422
3350
3348
3340
3422
3366
3242
3146
3124
3060
2976
2940
2824
2944
3074
3150
3200
3104
3098
3140
3006
2968
2970
2892
2918
2852
3004
2802
2688
2566
2480
2338
2376
2348
2354
2464
2592
2620
2562
2664
2560
2576
2522
2386
2446
2416
2600
2834
2912
2998
2910
2824
2936
3178
3118
3130
3154
3268
3366
3444
3572
3572
3594
3576
3602
3716
3716
3786
3984
3908
4000
3950
3964
4048
4042
4022
3942
4036
3928
4024
4242
4212
4162
4228
4088
4114
4072
4004
4034
4012
3832
3890
3984
3868
3926
3682
3600
3590
3500
3450
3384
3394
3374
3610
3634
3786
3868
3748
3606
3794
3878
3832
3698
3660
3570
3614
3576
3602
3504
3544
3686
3596
3690
3686
3638
3652
3642
3648
3628
3770
3732
3644
3794
3960
4062
4202
4040
3988
4026
4058
3988
4086
4028
3922
3880
3832
3940
3988
4096
4108
4238
4270
4306
4414
4352
4378
4368
4350
4356
4400
4520
4566
4548
4402
4466
4418
4346
4252
4306
4252
4208
4384
4552
4516
4516
4548
4500
4524
4482
4518
4734
4564
4514
4426
4576
4484
4328
4308
4346
4286
4292
4328
4426
4472
4298
4280
4274
4208
4260
4280
4340
4334
4466
4354
4384
4454
4454
4478
4452
4474
4482
4558
4444
4512
4630
4562
4542
4594
4522
4426
4412
4470
4452
4306
4426
4410
4470
4714
4850
4768
4808
4778
4896
4922
4878
4870
4888
4926
4902
4940
4924
4852
4880
5002
5074
5150
5222
5108
5052
4992
4952
4978
4962
4988
4882
4924
4862
4952
4876
4906
4966
4794
4668
4708
4754
4702
4742
4696
4688
4698
4648
4558
4772
4766
4874
4830
4884
4860
4810
4758
4658
4556
4672
4606
4514
4412
4480
4502
4462
4370
4348
4460
4570
4662
4680
4600
4572
4486
4486
4436
4370
