3450
3442
3422
3534
3496
3464
3528
3520
3502
3482
3512
3542
3518
3434
3438
3504
3530
3510
3556
3542
3556
3560
3546
3600
3592
3554
3550
3470
3454
3492
3470
3524
3502
3518
3518
3486
3544
3566
3514
3472
3472
3512
3450
3392
3380
3380
3318
3366
3382
3368
3250
3290
3270
3262
3232
3334
3372
3374
3400
3384
3404
3438
3390
3460
3474
3570
3500
3560
3512
3504
3420
3398
3388
3388
3380
3440
3478
3406
3442
3384
3488
3496
3470
3498
3484
3456
3530
3552
3540
3512
3498
3418
3484
3510
3448
3462
3440
3382
3356
3322
3240
3210
3190
3172
3158
3148
3136
3214
3236
3288
3294
3306
3348
3318
3318
3304
3292
3350
3282
3312
3346
3372
3392
3474
3468
3402
3396
3400
3386
3382
3318
3350
3390
3306
3296
3246
3348
3398
3410
3458
3422
3318
3250
3302
3304
3270
3242
3336
3348
3320
3382
3388
3424
3460
3478
3470
3488
3460
3432
3404
3412
3402
3400
3404
3324
3354
3310
3390
3474
3398
3446
3464
3444
3404
3468
3422
3358
3346
3372
3384
3322
3330
3278
3294
3296
3374
3360
3370
3366
3386
3342
3358
3348
3404
3454
3410
3444
3470
3484
3540
3606
3548
3542
3568
3510
3508
3472
3472
3488
3498
3514
3520
3498
3518
3556
3552
3584
3584
3528
3540
3562
3582
3480
3468
3524
3576
3544
3592
3618
3574
3578
3578
3596
3608
3558
3566
3594
3610
3582
3584
3616
3608
3614
3620
3608
3578
3532
3550
3554
3576
3604
3572
3580
3544
3576
3588
3578
3560
3542
3538
3548
3516
3518
3520
3572
3564
3534
3550
3558
3578
3598
3602
3540
3546
3540
3528
3530
3538
3560
3542
3536
3566
3580
3552
3574
3562
3526
3532
3496
3484
3442
3432
3382
3420
3374
3452
3458
3506
3466
3496
3512
3530
3526
3484
3508
3426
3438
3334
3410
3466
3372
3450
3456
3398
3422
3488
3464
3544
3564
3548
3470
3482
3530
3452
3468
3530
3528
3496
3508
3466
3462
3438
3424
3438
3456
3538
3512
3488
3466
3480
3500
3420
3520
3518
3498
3488
3462
3522
3468
3506
3578
3554
3556
3478
3424
3398
3350
3300
3334
3412
3418
3454
3446
3480
3382
3434
3462
3416
3420
3432
3454
3488
3460
3450
3484
3376
3446
3470
3438
3452
3466
3496
3512
3540
3622
3670
3646
3656
3640
3594
3560
3502
3516
3608
3656
3632
3616
3602
3612
3592
3614
3610
3598
3590
3622
3602
3584
3590
3572
3514
3576
3502
3526
3492
3514
3540
3524
3510
3538
3538
3554
3532
3518
3556
3528
3532
3502
3572
3514
3482
3496
3502
3474
3434
3482
3460
3456
3452
3496
3542
3586
3544
3498
3476
3528
3576
3534
3524
3484
3508
3436
3430
3450
3464
3514
3494
3482
3408
3422
3456
3434
3470
3482
3572
3506
3474
3424
3440
3436
3404
3448
3464
3470
3510
3518
3494
3494
3512
3532
3568
3540
3530
3600
3584
3508
3420
3414
3484
3494
3558
3514
3530
3524
3454
3458
3500
3558
3612
3528
3502
3466
3482
3430
3372
3300
3304
3350
3306
3330
3304
3370
3398
3370
3370
3302
3302
3252
3236
3270
3344
3236
3220
3224
3338
3342
3286
3254
3278
3322
3336
3350
3380
3390
3380
3340
3352
3330
3396
3408
3434
3430
3368
3342
3386
3412
3358
3364
3316
3280
3290
3312
3336
3256
3298
3356
3310
3330
3306
3396
3454
3526
3498
3436
3454
3432
3490
3490
3436
3472
3472
3468
3402
3422
3468
3448
3398
3378
3458
3404
3462
3456
3478
3504
3534
3568
3522
3548
3514
3476
3546
3530
3492
3486
3518
3532
3568
3572
3438
3456
3394
3440
3372
3402
3406
3392
3376
3416
3396
3372
3408
3422
3390
3372
3298
3274
3256
3244
3296
3328
3316
3330
3350
3376
3348
3480
3474
3522
3492
3514
3516
3508
3590
3568
3474
3408
3396
3394
3418
3456
3494
3490
3448
3442
3410
3482
3500
3532
3480
3498
3526
3528
3576
3566
3576
3610
3654
3670
3616
3634
3544
3540
3560
3602
3552
3570
3576
3534
3492
3454
3400
3300
3422
3476
3486
3438
3444
3528
3538
3518
3544
3578
3634
3642
3638
3500
3536
3546
3510
3630
3660
3660
3606
3678
3654
3648
3596
3600
3578
3580
3634
3642
3616
3598
3594
3550
3558
3548
3576
3624
3584
3584
3610
3638
3658
3650
3684
3690
3646
3612
3594
3552
3512
3532
3532
3532
3532
3514
3532
3590
3606
3558
3544
3508
3496
3500
3568
3580
3598
3602
3582
3566
3590
3578
3594
3624
3546
3548
3554
3476
3486
3496
3496
3430
3556
3538
3512
3502
3536
3580
3634
3590
3604
3596
3630
3656
3596
3556
3498
3532
3530
3546
3540
3556
3562
3476
3462
3502
3544
3564
3484
3436
3460
3524
3500
3526
3518
3520
3476
3396
3430
3352
3406
3418
3420
3426
3386
3366
3432
3444
3450
3364
3360
3394
3400
3370
3416
3408
3330
3414
3446
3482
3478
3440
3438
3448
3444
3490
3544
3530
3650
3666
3682
3672
3648
3662
3644
3660
3662
3630
3658
3584
3554
3614
3584
3606
3558
3590
3564
3588
3528
3518
3492
3500
3528
3528
3574
3594
3632
3664
3638
3696
3676
3680
3694
3636
3612
3624
3596
3624
3618
3620
3566
3518
3510
3504
3566
3568
3508
3560
3562
3584
3558
3574
3554
3554
3572
3596
3582
3610
3598
3624
3594
3574
3636
3532
3472
3394
3452
3426
3376
3418
3414
3486
3526
3520
3498
3450
3396
3400
3400
3382
3456
3398
3426
3476
3482
3506
3518
3502
3510
3472
3482
3462
3376
3390
3374
3438
3418
3454
3470
3502
3490
3436
3478
3482
3496
3508
3510
3456
3424
3462
3398
3474
3466
3414
3416
3470
3474
3462
3498
3492
3586
3568
3544
3588
3556
3512
3482
3536
3584
3574
3572
3570
3604
3618
3548
3598
3598
3586
3612
3578
3610
3600
3638
3634
3602
3570
3524
3530
3560
3478
3500
3540
3562
3578
3552
3564
3556
3566
3540
3548
3520
3512
3560
3534
3496
3456
3406
3448
3424
3402
3354
3382
3480
3426
3444
3466
3518
3542
3444
3444
3434
3404
3454
3412
3448
3428
3436
3432
3470
3478
3462
3486
3486
3544
3524
3608
3594
3586
3520
3454
3472
3446
3376
3380
3356
3412
3392
3466
3456
3452
3448
3414
3406
3448
3528
3544
3494
3520
3482
3526
3456
3434
3414
3416
3404
3360
3394
3444
3474
3496
3432
3454
3448
3418
3454
3466
3462
3430
3402
3388
3408
3442
3436
3478
3502
3528
3534
3614
3596
3490
3562
3542
3514
3504
3514
3498
3574
3576
3548
3544
3480
3512
3486
3504
3456
3484
3502
3506
3510
3516
3526
3526
3556
3574
3536
3484
3500
3496
3492
3522
3482
3440
3412
3408
3362
3384
3436
3502
3484
3478
3448
3488
3486
3502
3476
3446
3418
3478
3436
3478
3496
3546
3496
3540
3552
3514
3548
3564
3548
3594
3604
3616
3582
3528
3528
3568
3500
3468
3414
3380
3500
3492
3506
3532
3518
3546
3598
3630
3628
3582
3578
3578
3550
3610
3590
3568
3598
3602
3548
3562
3536
3578
3566
3592
3582
3500
3502
3572
3636
3618
3602
3584
3546
3494
3488
3542
3472
3478
3488
3394
3456
3438
3392
3392
3414
3476
3486
3452
3410
3366
3364
3348
3316
3338
3356
3348
3318
3358
3486
3504
3488
3500
3546
3550
3506
3502
3480
3572
3612
3674
3608
3602
3612
3630
3610
3562
3594
3580
3588
3632
3578
3520
3500
3568
3592
3550
3570
3532
3600
3552
3546
3554
3572
3588
3580
3566
3564
3512
3518
3510
3462
3436
3444
3402
3386
3376
3358
3360
3372
3396
3444
3494
3526
3480
3452
3478
3450
3406
3476
3446
3512
3532
3520
3546
3506
3498
3492
3484
3478
3480
3550
3536
3514
3532
3488
3458
3484
3470
3448
3450
3484
3528
3584
3534
3570
3546
3584
3606
3688
3680
3654
3592
3582
3552
3584
3530
3532
3496
3490
3496
3478
3510
3472
3438
3374
3460
3464
3478
3580
3592
3558
3526
3546
3538
3490
3530
3560
3528
3580
3578
3504
3542
3494
3512
3550
3558
3590
3656
3618
3628
3630
3590
3626
3572
3500
3558
3598
3592
3604
3614
3634
3640
3636
3630
3604
3648
3638
3634
3666
3604
3636
3646
3668
3704
3650
3668
3636
3652
3620
3660
3604
3584
3578
3524
3586
3536
3536
3554
3518
3530
3532
3544
3516
3584
3610
3594
3662
3644
3598
3602
3634
3612
3630
3648
3622
3580
3568
3540
3594
3566
3564
3514
3594
3562
3520
3552
3502
3514
3456
3422
3464
3414
3404
3412
3392
3470
3440
3350
3418
3364
3356
3354
3280
3282
3334
3352
3470
3460
3474
3494
3460
3500
3494
3416
3476
3516
3560
3582
3556
3544
3552
3530
3588
3596
3520
3520
3584
3572
3636
3588
3628
3598
3562
3514
3500
3492
3516
3524
3530
3556
3506
3518
3520
3540
3502
3578
3580
3578
3580
3568
3654
3654
3554
3582
3546
3514
3542
3462
3506
3498
3526
3514
3466
3434
3492
3488
3518
3526
3524
3544
3558
3560
3530
3548
3482
3504
3544
3490
3506
3580
3538
3568
3630
3612
3576
3558
3492
3528
3536
3564
3646
3608
3598
3574
3578
3596
3594
3566
3608
3598
3650
3626
3618
3654
3590
3524
3566
3532
3560
3566
3520
3558
3552
3558
3622
3626
3672
3642
3624
3700
3670
3628
3614
3624
3678
3642
3604
3542
3550
3502
3504
3510
3490
3488
3508
3554
3562
3460
3468
3524
3582
3490
3578
3594
3536
3476
3462
3506
3480
3458
3470
3544
3528
3494
3544
3562
3580
3546
3632
3604
3590
3514
3504
3444
3534
3484
3432
3514
3558
3578
3630
3618
3562
3538
3478
3468
3494
3494
3552
3548
3578
3532
3542
3528
3542
3522
3508
3550
3540
3536
3516
3532
3600
3544
3500
3516
3578
3588
3512
3486
3480
3474
3434
3386
3468
3456
3494
3468
3466
3510
3522
3504
3480
3436
3462
3462
3422
3460
3476
3458
3516
3562
3548
3490
3444
3444
3366
3450
3480
3510
3494
3496
3512
3434
3404
3386
3448
3510
3460
3504
3484
3500
3534
3460
3432
3444
3474
3438
3380
3422
3404
3502
3524
3454
3422
3398
3436
3432
3488
3402
3410
3464
3420
3486
3506
3456
3490
3502
3514
3456
3452
3508
3516
3480
3498
3484
3442
3432
3464
3496
3448
3496
3512
3514
3476
3394
3352
3364
3388
3312
3332
3360
3354
3392
3352
3338
3350
3424
3408
3410
3358
3322
3236
3260
3312
3346
3382
3384
3450
3374
3412
3462
3502
3488
3450
3496
3548
3508
3502
3472
3456
3418
3456
3486
3408
3422
3482
3414
3468
3510
3522
3514
3544
3522
3512
3484
3496
3500
3584
3568
3564
3608
3546
3538
3468
3456
3506
3478
3518
3488
3550
3532
3514
3564
3582
3602
3596
3632
3640
3592
3584
3584
3570
3620
3562
3612
3584
3586
3644
3662
3628
3634
3596
3598
3584
3572
3486
3544
3566
3516
3536
3576
3650
3622
3614
3604
3560
3492
3486
3434
3416
3492
3510
3562
3588
3596
3572
3560
3592
3586
3632
3614
3602
3636
3562
3528
3526
3572
3602
3636
3630
3646
3614
3558
3564
3528
3502
3590
3580
3614
3552
3486
3498
3448
3482
3502
3540
3596
3496
3488
3488
3552
3612
3586
3620
3668
3666
3634
3666
3644
3596
3586
3582
3576
3574
3510
3468
3480
3556
3522
3530
3510
3480
3562
3596
3634
3650
3660
3608
3576
3494
3508
3534
3516
3532
3446
3452
3474
3478
3476
3518
3504
3506
3524
3502
3482
3484
3524
3496
3492
3462
3468
3452
3448
3460
3498
3410
3390
3332
3322
3334
3300
3352
3364
3296
3250
3334
3404
3344
3310
3278
3290
3288
3288
3336
3384
3392
3334
3402
3384
3408
3452
3452
3482
3436
3456
3490
3522
3542
3494
3480
3516
3500
3538
3534
3548
3622
3616
3582
3576
3570
3568
3536
3534
3534
3568
3626
3636
3602
3614
3608
3650
3674
3700
3678
3666
3688
3674
3628
3664
3652
3634
3614
3580
3588
3550
3514
3550
3530
3578
3550
3550
3572
3602
3626
3624
3564
3598
3506
3484
3470
3488
3536
3540
3518
3578
3608
3578
3574
3644
3576
3570
3588
3548
3542
3570
3588
3574
3562
