3610
3624
3574
3604
3600
3608
3576
3536
3514
3552
3604
3562
3602
3614
3648
3696
3628
3630
3620
3536
3520
3442
3396
3378
3382
3416
3444
3450
3416
3384
3366
3350
3380
3348
3308
3354
3404
3462
3522
3580
3602
3602
3592
3552
3594
3540
3602
3626
3624
3598
3600
3482
3492
3500
3508
3540
3528
3538
3582
3584
3600
3578
3608
3586
3606
3580
3588
3586
3558
3518
3542
3506
3544
3558
3586
3584
3630
3656
3642
3608
3598
3632
3668
3674
3588
3600
3584
3598
3584
3570
3604
3548
3574
3604
3592
3600
3576
3602
3610
3664
3662
3632
3618
3636
3610
3526
3514
3452
3450
3460
3494
3490
3492
3480
3446
3526
3552
3596
3592
3564
3562
3564
3580
3592
3598
3490
3456
3514
3522
3500
3454
3480
3404
3396
3420
3482
3458
3454
3446
3450
3504
3542
3500
3588
3574
3600
3596
3614
3582
3578
3666
3606
3558
3534
3562
3546
3484
3538
3566
3622
3598
3596
3598
3636
3630
3626
3620
3526
3628
3582
3526
3484
3550
3558
3532
3544
3550
3514
3526
3584
3518
3506
3544
3590
3540
3620
3632
3596
3524
3576
3592
3604
3600
3574
3616
3548
3594
3560
3576
3518
3522
3538
3568
3602
3564
3560
3564
3526
3570
3596
3540
3544
3530
3494
3456
3408
3434
3416
3476
3486
3452
3454
3446
3490
3480
3486
3464
3458
3414
3436
3476
3496
3498
3552
3564
3538
3484
3498
3472
3432
3368
3420
3472
3500
3482
3478
3518
3508
3532
3410
3400
3378
3396
3406
3456
3462
3474
3450
3446
3384
3420
3396
3438
3398
3328
3310
3316
3240
3236
3328
3338
3356
3394
3352
3304
3360
3358
3386
3346
3426
3398
3358
3390
3356
3342
3324
3302
3324
3344
3394
3398
3458
3472
3408
3398
3406
3362
3476
3554
3498
3546
3536
3478
3530
3496
3560
3496
3510
3500
3552
3490
3456
3502
3460
3468
3460
3478
3478
3436
3442
3402
3372
3314
3262
3330
3366
3350
3402
3416
3416
3380
3394
3444
3444
3394
3396
3394
3438
3446
3374
3394
3356
3362
3350
3334
3360
3368
3342
3372
3324
3362
3414
3384
3384
3440
3502
3546
3548
3502
3514
3426
3448
3522
3548
3546
3442
3462
3474
3472
3546
3512
3498
3446
3480
3502
3454
3490
3414
3366
3396
3406
3378
3398
3328
3328
3382
3444
3434
3468
3468
3468
3476
3518
3496
3506
3514
3526
3556
3500
3490
3480
3474
3464
3348
3418
3412
3446
3510
3532
3530
3580
3524
3532
3550
3548
3550
3596
3570
3612
3614
3594
3628
3598
3632
3566
3578
3646
3672
3624
3552
3598
3588
3628
3610
3586
3602
3634
3624
3622
3650
3612
3574
3560
3540
3602
3592
3526
3506
3626
3574
3526
3538
3514
3604
3668
3646
3652
3600
3576
3606
3638
3574
3572
3516
3504
3490
3488
3608
3624
3622
3602
3580
3602
3600
3600
3552
3550
3512
3530
3548
3572
3600
3606
3626
3666
3660
3676
3650
3644
3676
3642
3536
3518
3478
3478
3492
3422
3386
3448
3532
3546
3558
3594
3534
3548
3640
3618
3600
3564
3500
3506
3604
3582
3606
3636
3540
3542
3612
3666
3730
3642
3566
3512
3518
3456
3508
3590
3612
3576
3606
3652
3626
3648
3652
3584
3566
3540
3504
3514
3560
3526
3554
3570
3546
3528
3496
3506
3536
3532
3486
3508
3492
3416
3362
3380
3318
3310
3388
3434
3368
3406
3482
3512
3490
3478
3442
3474
3520
3550
3548
3556
3564
3580
3576
3614
3640
3710
3664
3648
3658
3648
3624
3654
3672
3658
3608
3644
3590
3560
3566
3570
3594
3656
3640
3550
3542
3528
3578
3562
3588
3602
3562
3586
3550
3510
3544
3538
3546
3592
3570
3558
3516
3546
3536
3530
3506
3480
3400
3402
3432
3514
3546
3568
3642
3622
3566
3558
3570
3542
3590
3618
3562
3522
3504
3536
3456
3420
3434
3476
3462
3474
3488
3516
3556
3464
3510
3440
3434
3394
3434
3412
3400
3428
3414
3322
3418
3422
3444
3480
3426
3438
3430
3458
3490
3472
3464
3462
3450
3526
3498
3494
3500
3440
3498
3478
3550
3436
3528
3556
3516
3460
3412
3382
3392
3504
3512
3458
3410
3480
3496
3498
3508
3528
3536
3568
3518
3544
3538
3466
3526
3550
3518
3594
3608
3600
3636
3656
3622
3624
3632
3660
3604
3658
3576
3598
3630
3648
3590
3622
3670
3680
3712
3712
3662
3660
3594
3566
3572
3532
3550
3498
3460
3494
3478
3524
3514
3538
3480
3452
3510
3552
3574
3590
3554
3594
3596
3592
3596
3626
3622
3576
3524
3522
3522
3536
3554
3606
3636
3622
3606
3578
3626
3628
3554
3508
3476
3496
3542
3588
3578
3604
3576
3592
3630
3574
3558
3528
3432
3392
3382
3380
3346
3374
3372
3366
3374
3424
3416
3448
3504
3474
3442
3404
3470
3400
3400
3396
3486
3460
3490
3486
3520
3550
3554
3538
3480
3480
3472
3464
3502
3486
3490
3474
3504
3560
3546
3560
3520
3490
3468
3478
3482
3580
3526
3492
3562
3602
3642
3592
3568
3548
3530
3548
3620
3536
3552
3554
3486
3522
3506
3512
3484
3494
3550
3506
3562
3492
3530
3548
3496
3372
3408
3386
3380
3420
3470
3474
3502
3492
3488
3506
3558
3582
3574
3508
3508
3432
3540
3522
3554
3492
3506
3614
3582
3598
3616
3712
3688
3690
3622
3638
3650
3648
3620
3568
3590
3628
3606
3570
3540
3606
3584
3612
3612
3630
3654
3654
3602
3600
3572
3622
3590
3566
3588
3572
3588
3640
3608
3640
3602
3578
3558
3506
3484
3470
3528
3552
3494
3490
3438
3482
3488
3456
3478
3504
3506
3526
3526
3564
3490
3474
3434
3440
3446
3446
3426
3456
3466
3484
3436
3438
3454
3476
3518
3448
3422
3432
3418
3468
3446
3500
3496
3464
3506
3540
3612
3650
3642
3636
3672
3656
3642
3602
3538
3576
3622
3566
3578
3606
3628
3568
3628
3610
3610
3606
3588
3566
3574
3544
3614
3586
3506
3478
3452
3452
3446
3516
3478
3454
3392
3400
3442
3410
3416
3448
3436
3514
3450
3426
3414
3382
3410
3416
3426
3446
3480
3378
3370
3372
3470
3476
3478
3470
3410
3444
3480
3476
3456
3438
3390
3492
3456
3490
3480
3454
3468
3532
3580
3542
3556
3594
3608
3610
3650
3616
3528
3584
3530
3534
3510
3430
3466
3414
3424
3402
3508
3600
3566
3554
3500
3578
3564
3580
3482
3414
3434
3496
3546
3476
3500
3488
3496
3536
3604
3528
3514
3522
3492
3510
3416
3428
3472
3458
3440
3446
3444
3430
3496
3494
3546
3542
3598
3504
3558
3492
3470
3452
3464
3426
3408
3420
3368
3402
3360
3350
3298
3290
3344
3450
3402
3340
3324
3286
3222
3184
3214
3178
3210
3224
3238
3192
3150
3112
3018
3104
3096
3066
3082
3132
3140
3148
3166
3158
3148
3142
3070
3102
3264
3270
3254
3260
3264
3320
3338
3334
3302
3290
3234
3250
3276
3294
3298
3316
3286
3316
3286
3306
3320
3292
3398
3328
3384
3330
3320
3280
3258
3282
3302
3366
3366
3346
3350
3452
3488
3480
3464
3442
3444
3458
3468
3488
3474
3474
3422
3474
3530
3544
3588
3610
3556
3614
3588
3552
3590
3570
3502
3558
3594
3594
3592
3612
3532
3528
3484
3446
3466
3462
3490
3458
3460
3458
3524
3606
3548
3506
3576
3586
3530
3510
3506
3542
3578
3548
3466
3482
3476
3418
3434
3434
3480
3438
3424
3466
3420
3416
3502
3414
3430
3414
3434
3430
3438
3428
3400
3394
3418
3370
3388
3424
3504
3500
3434
3518
3532
3562
3548
3512
3516
3554
3548
3538
3538
3534
3528
3524
3468
3486
3494
3476
3472
3396
3506
3506
3546
3558
3554
3524
3546
3566
3504
3538
3560
3536
3568
3546
3546
3572
3560
3492
3526
3554
3496
3470
3490
3506
3492
3426
3506
3530
3500
3546
3514
3538
3558
3612
3598
3594
3646
3648
3694
3668
3610
3586
3646
3574
3662
3624
3614
3628
3594
3610
3562
3580
3592
3630
3576
3568
3568
3562
3548
3492
3532
3512
3528
3554
3598
3634
3636
3634
3676
3648
3606
3524
3526
3460
3522
3422
3388
3394
3456
3482
3494
3500
3468
3464
3474
3504
3536
3584
3606
3584
3538
3570
3604
3652
3590
3584
3590
3544
3482
3464
3462
3452
3504
3468
3508
3500
3542
3520
3484
3512
3532
3578
3606
3602
3560
3530
3546
3556
3582
3540
3506
3518
3576
3544
3536
3552
3556
3524
3580
3560
3532
3528
3532
3602
3586
3644
3616
3602
3582
3574
3608
3594
3572
3508
3478
3446
3460
3548
3530
3544
3490
3528
3534
3546
3476
3530
3534
3576
3598
3584
3586
3558
3552
3538
3566
3510
3524
3582
3592
3594
3596
3620
3604
3552
3548
3478
3498
3486
3426
3470
3540
3524
3492
3424
3510
3506
3472
3444
3458
3444
3462
3494
3562
3468
3426
3416
3356
3384
3458
3442
3464
3466
3464
3452
3466
3436
3526
3512
3494
3460
3502
3508
3478
3416
3474
3466
3538
3490
3532
3520
3564
3536
3500
3482
3458
3454
3428
3426
3504
3486
3466
3496
3462
3478
3500
3514
3544
3540
3510
3500
3500
3500
3582
3652
3652
3572
3602
3612
3594
3572
3550
3498
3502
3472
3476
3502
3530
3504
3464
3554
3508
3516
3578
3578
3542
3532
3500
3454
3446
3504
3504
3450
3460
3458
3408
3410
3374
3438
3362
3384
3416
3406
3446
3464
3500
3504
3480
3422
3374
3418
3506
3554
3484
3520
3448
3420
3414
3398
3398
3376
3452
3482
3448
3480
3552
3488
3526
3538
3646
3604
3630
3608
3574
3486
3464
3488
3508
3454
3512
3504
3524
3482
3528
3534
3486
3450
3414
3436
3448
3478
3478
3470
3432
3416
3466
3494
3500
3538
3620
3586
3552
3580
3594
3500
3536
3516
3494
3540
3536
3540
3576
3606
3576
3634
3640
3588
3596
3566
3582
3488
3474
3532
3510
3528
3604
3618
3576
3554
3582
3524
3514
3534
3570
3594
3570
3594
3576
3568
3576
3542
3558
3610
3566
3474
3498
3512
3506
3568
3540
3532
3558
3530
3518
3524
3476
3428
3408
3366
3410
3434
3428
3454
3406
3364
3384
3432
3504
3546
3564
3524
3556
3578
3598
3588
3592
3528
3408
3376
3384
3376
3394
3348
3224
3164
3250
3152
3170
3194
3260
3330
3344
3258
3280
3254
3328
3360
3332
3296
3340
3284
3304
3296
3308
3336
3310
3320
3314
3278
3322
3210
3240
3262
3246
3202
3226
3214
3222
3220
3232
3180
3226
3252
3280
3304
3356
3294
3342
3342
3290
3304
3274
3262
3310
3322
3318
3358
3338
3372
3386
3400
3386
3420
3360
3328
3338
3372
3372
3270
3324
3270
3304
3356
3368
3356
3392
3384
3390
3432
3448
3486
3462
3422
3486
3470
3452
3388
3404
3404
3486
3508
3550
3570
3554
3548
3554
3498
3504
3406
3378
3336
3344
3376
3394
3388
3342
3444
3474
3464
3384
3380
3392
3356
3348
3312
3334
3332
3368
3354
3392
3430
3414
3444
3406
3452
3474
3426
3426
3438
3438
3530
3464
3482
3474
3422
3410
3410
3354
3300
3328
3306
3306
3278
3292
3306
3308
3358
3376
3442
3428
3384
3358
3384
3384
3384
3358
3406
3406
3424
3416
3390
3422
3394
3346
3420
3446
3478
3482
3420
3384
3356
3412
3424
3458
3474
3456
3514
3450
3430
3458
3438
3468
3458
3588
3544
3462
3496
3520
3462
3520
3480
3536
3590
3576
3556
3568
3552
3534
3486
3540
3548
3464
3486
3462
3458
3462
3452
3366
3384
3342
3354
3424
3410
3366
3358
3320
3298
3392
3394
3376
3396
3378
3394
3350
3376
3306
3242
3292
3322
3348
3342
3410
3378
3408
3388
3350
3388
3444
3500
3498
3506
3532
3554
3584
3544
3528
3484
3492
3460
3480
3458
3420
3480
3456
3536
3482
3534
3514
3568
3580
3634
3608
3618
3658
3700
3670
3616
3602
3596
3636
3624
3662
3614
3660
3544
3506
3594
3604
3600
3606
3582
3600
3562
3620
3626
3592
3578
3572
3558
3606
3598
3612
3602
3546
3544
3554
3556
3622
3578
3568
3602
3574
3584
3566
3514
3496
3548
3468
3456
3430
3356
3362
3362
3358
3342
3306
3318
3284
3370
3342
