8012
8000
7950
8088
8062
8072
8142
8178
8172
8182
8162
8102
8156
8108
8130
8206
8130
8084
8074
8130
8128
8114
8118
8094
8134
8116
8104
8086
8048
8072
8082
8132
8158
8152
8134
8142
8198
8030
8014
7966
8046
8032
7936
7882
7922
7966
8030
7972
7962
7930
7926
7940
7916
7976
8014
8030
8134
8138
8162
8118
8106
8062
7986
7880
7922
7864
7898
8014
7942
8054
8054
8034
8032
8018
8096
8044
8070
8058
8060
8068
8088
8054
8080
8086
8062
8096
8082
8006
8054
8040
7976
8038
8026
8010
8058
8006
7986
8000
7942
7894
7882
7878
7800
7772
7812
7786
7816
7808
7856
8020
8128
8172
8038
8098
8144
8044
8080
8092
8142
8100
8102
8122
8102
8094
8136
8130
8098
8194
8224
8188
8104
8158
8122
8138
8068
8034
8038
8072
8122
8040
8028
8046
8042
7968
7916
7946
8022
8066
8132
8116
7982
7900
7892
7958
8018
8016
8034
8012
7998
8080
8126
8100
8130
8116
8126
8188
8250
8150
8092
8074
7962
7974
8128
8106
8038
8078
8000
8172
8164
8126
8168
8040
7968
8028
7922
7984
8094
8046
8090
8156
8182
8170
8220
8250
8252
8238
8234
8238
8170
8248
8192
8166
8134
8126
8124
8082
8076
8066
8012
8020
8008
7954
7948
7896
7880
7888
7840
7816
7796
7720
7856
7824
7870
7906
7928
7896
7944
7982
8024
8050
7976
7946
7906
7882
7876
7970
7958
7960
7926
7900
7996
7982
7960
7992
8078
8048
8028
8018
7970
7976
8038
8034
7990
7898
7974
7972
7896
7908
7906
8004
7950
8042
8016
7932
7870
7852
7920
7912
7944
8006
8074
8118
7988
7966
7896
7964
8020
7902
8012
8052
8072
8126
8142
8170
8160
8134
8178
8142
8144
8220
8218
8238
8170
8178
8064
8066
8010
8018
8066
8176
8120
8046
8056
8154
8134
8070
8132
8144
8108
8162
8088
8050
8062
8152
8148
8122
8096
8068
7986
8066
8072
8098
8188
8228
8138
8092
8080
8068
8126
8126
8106
8128
8132
8096
8090
8156
8130
8142
8144
8228
8194
8152
8074
8064
8136
8082
8186
8232
8216
8156
8102
8016
8054
7982
8004
8050
8178
8202
8250
8172
8208
8200
8200
8206
8158
8098
8136
8156
8222
8172
8060
7970
8006
8088
8112
7988
7940
7938
7824
7872
7836
7936
7968
7850
7914
7988
8080
7984
7960
7878
7812
7836
7850
7840
7854
7918
7978
7944
8036
8034
8036
8018
8108
8102
8144
8098
8154
8040
8098
8126
8080
8018
8048
8026
7988
7974
7994
7930
7980
7932
7924
7920
7990
8004
8082
7932
7934
8024
8066
8086
8142
8138
8114
8084
8012
7998
8088
8084
8040
8078
8018
8088
8140
8186
8174
8162
8152
8090
8222
8210
8226
8236
8180
8036
8044
8012
8094
8018
8070
8006
8026
8050
7996
7964
8022
7964
7886
7878
7918
7970
8024
8080
8040
8124
8016
8018
8166
8090
8086
7940
7982
7938
7992
7948
7992
7986
8028
8078
7910
8028
8046
8030
8120
8132
8188
8210
8140
8160
8104
8108
8082
8120
8206
8168
8098
7994
7998
8086
8122
8160
8050
8120
8026
7952
7958
7896
7924
7880
7900
7956
7978
7918
7882
7952
7886
7766
7788
7722
7756
7812
7892
7978
7942
7926
7986
8132
8114
8068
8144
8128
8158
8110
8098
8028
8074
8040
8042
8082
8034
8064
8022
8036
7926
7926
7908
7944
7968
8038
8040
8072
8106
8124
8068
8178
8088
8040
8076
8112
8084
8102
8028
8016
7860
7930
7838
7916
7912
7854
7934
7962
7924
7874
7880
7800
7918
7890
7838
7806
7778
7856
7804
7880
7906
7972
7996
7980
8064
8096
8020
7990
8040
7948
7980
8028
8026
8018
8032
8148
8266
8248
8198
8110
8082
8104
8020
8068
8040
8028
8026
8100
8034
8010
8098
8044
8078
8074
8152
8128
7998
7936
7930
7946
7958
7878
7810
7828
7906
7946
7900
7884
7820
7866
7878
7928
7836
7756
7794
7798
7894
7954
8054
8002
8032
8150
8154
8140
8124
8104
8100
8186
8196
8212
8104
8048
8060
8048
8008
7998
7942
7960
7936
7982
7972
7962
7982
7984
7966
8044
8124
8102
8030
7924
7886
7872
7834
7888
7940
7952
8022
8038
8046
7986
7906
7852
7802
7846
8022
7996
7992
8092
8078
8102
8132
8148
8200
8166
8162
8088
8122
8182
8178
8228
8242
8166
8116
8154
8066
8072
8108
8102
8028
7936
7982
8000
7996
8080
8024
7970
8092
8196
8152
8152
8176
8170
8122
8164
8180
8104
8100
8078
8098
8116
8114
8100
8148
8160
8074
8078
8024
8004
8114
8070
8050
8090
8064
8038
8068
8112
8018
8154
8026
8066
8140
8112
8064
8096
8084
8012
7996
8002
8034
8108
8178
8144
8180
8210
8266
8226
8246
8288
8298
8268
8142
8050
8086
8080
8006
8034
8044
7948
8002
8140
8180
8228
8168
8206
8194
8226
8194
8166
8122
8042
8116
8170
8076
8070
8078
7976
8076
8124
8180
8168
8128
8032
7988
8058
8024
7998
8096
8036
8066
8130
7962
8028
8010
7952
7962
7874
7786
7910
7954
7940
8004
7944
7902
7968
7986
7930
8076
8096
8046
8136
8124
8076
8154
8076
7996
8034
8154
8112
8070
8122
8166
8158
8098
8090
8130
8184
8240
8190
8232
8186
8144
8192
8186
8194
8222
8158
8108
8164
8150
8144
8172
8182
8126
8152
8182
8154
8182
8232
8276
8234
8264
8202
8098
8116
8086
8130
8158
8204
8152
8136
8130
8136
8156
8152
8104
8146
8018
8092
8052
8036
8100
8094
8032
8006
8078
7984
7912
7902
7944
7860
7854
7982
8062
8054
8154
8104
8146
8032
8008
8006
7934
7932
7930
8028
8040
8126
8168
8220
8224
8270
8206
8210
8156
8194
8240
8138
8098
8122
8228
8256
8290
8286
8238
8248
8134
8140
8108
8110
8042
8016
8110
8098
8196
8164
8150
8122
8134
8152
8162
8222
8180
8204
8186
8148
8084
8046
8178
8238
8216
8212
8292
8226
8244
8288
8256
8246
8146
8186
8202
8108
8072
8094
8162
8022
7920
7894
7998
7996
8062
8094
8060
8018
8028
8084
8098
8110
8098
8146
8084
8006
8046
8040
7988
7926
7844
7764
7826
7778
7856
7830
7840
7902
7960
8000
8016
7960
7918
7992
8036
8040
7936
7978
7946
7928
7850
7920
7862
7928
7910
8014
8036
8026
8080
8086
8054
8092
8126
8204
8146
8152
8110
8198
8212
8262
8240
8160
8038
8050
8148
8108
8148
8132
8154
8136
8056
8064
8048
8102
8148
8184
8220
8200
8212
8258
8374
8282
8272
8318
8244
8246
8146
8144
8138
8096
8024
8082
8086
8028
8018
8040
8078
7954
8022
8018
8020
8028
8074
8090
8094
8082
8096
8132
8132
8090
8010
8050
8082
8042
8094
8166
8160
8086
8168
8232
8194
8058
8040
8034
7996
7960
7940
7944
7964
7966
7914
7866
7802
7958
7982
8020
7944
7988
7982
8028
8056
8082
8078
8050
8044
8030
8066
8156
8096
8124
8060
8096
8092
8046
7962
7928
7924
7960
7884
7860
7916
7954
8036
7998
7968
8004
7950
7956
7948
8012
7958
7946
7840
7820
7850
7900
7942
7924
8044
8042
7990
7996
7994
8020
8046
8066
8164
8206
8242
8210
8142
8136
8052
8104
8054
8110
8082
8064
8028
8078
8138
8128
8210
8106
8086
8024
7950
8000
7886
7894
7892
7914
7892
7908
7828
7916
7880
7890
7810
7874
7948
7956
7900
8050
8004
7962
7926
7960
7896
7814
7874
7954
8050
7990
7994
8002
8038
7966
7902
7830
7698
7758
7800
7866
7922
7946
7928
7818
7822
7764
7758
7892
7770
7750
7814
7906
7854
7838
7800
7846
7960
7836
7816
7844
7772
7832
7884
8010
7954
7904
8014
7918
7914
7870
7874
7980
8000
8076
8044
8104
8124
8154
8116
8066
8000
8070
8100
8144
8186
8078
8080
8158
8122
8054
8104
8088
8188
8180
8132
8168
8222
8216
8270
8136
8186
8208
8150
8014
8048
8066
8062
8008
8044
8022
8008
8032
7966
7952
7980
8062
8086
8096
8082
8132
8096
8072
8092
7962
7922
7938
7898
7894
7910
7944
7886
7886
7860
7838
7926
7960
7984
8072
8092
8008
8072
7998
8138
8136
8170
8218
8112
8204
8174
8198
8192
8224
8180
8056
7962
7898
7906
7954
7988
8078
7960
7976
8048
8106
8164
8174
7990
7976
8060
8068
8116
8010
8090
8122
8124
8186
8142
8160
8100
7988
7964
7928
7998
8064
8090
8088
8062
8086
8102
8056
8002
8032
8004
7976
7960
7956
7952
7958
8050
7972
8022
7926
7878
7882
7888
7822
7816
7782
7850
7826
7756
7864
7792
7682
7564
7636
7658
7666
7712
7842
7820
7826
7832
7800
7698
7676
7668
7752
7840
7890
7852
7856
7866
7876
7834
7798
7770
7862
7888
7980
7966
7834
7798
7860
7802
7754
7830
7806
7818
7890
7886
7888
7762
7616
7610
7672
7724
7656
7710
7852
7752
7762
7768
7726
7782
7818
7758
7778
7852
7870
7878
7852
7918
7890
7966
7958
7948
7974
7946
7982
8020
7976
7988
7978
7988
8046
8078
8006
8062
8122
7974
7992
7914
7876
7848
7942
8028
7994
7988
7950
7970
7932
7962
8022
7936
7904
7996
8062
7932
7986
7862
7766
7802
7872
7870
7892
7954
7934
7790
7810
7916
7904
7822
7886
7950
8008
7988
7918
8026
7990
7948
7922
7930
7946
7998
8074
8090
8062
8008
7946
7930
7962
7946
8004
7966
8004
7950
7958
7938
7962
7964
7972
7994
8044
8082
8094
8024
7948
7902
7968
8002
8048
8078
8000
8044
8070
8064
8112
8172
8018
7960
7956
8012
8108
8054
8054
7954
7884
7906
7944
7940
7832
7798
7754
7740
7788
7812
7746
7794
7824
7792
7784
7774
7760
7890
7908
7914
7850
7758
7828
7774
7802
7772
7776
7906
7932
7940
7994
7958
8024
7988
8052
8086
8122
7982
8006
8050
8018
8036
8016
7930
8090
8194
8180
8036
7966
8006
8094
8180
8172
8118
8134
8144
8052
8096
8088
8094
8014
8112
8068
8038
8016
8060
8096
8058
8162
8126
8146
8180
8052
8020
7950
7832
7796
7852
7904
8046
7940
7914
7948
8008
8034
7970
8040
8042
7958
7950
7974
8018
7926
7962
7890
7928
7876
7948
8052
8012
7982
8044
7972
7992
8054
8034
8002
8048
8006
7980
7894
8014
7990
7932
7968
7880
7934
7872
7826
7830
7852
7850
7890
7900
7878
7880
7942
7840
7896
8006
7998
7994
8032
8066
8084
7982
7998
7986
8036
8054
8042
7994
8038
7964
7978
7988
8070
8116
8124
8174
8162
8186
8158
8094
8164
8222
8202
8176
8076
8060
8096
8154
8128
8140
8146
8136
8148
8098
8140
8090
8062
7994
7958
7946
7966
7982
8146
8160
8116
8110
8158
8130
8164
8094
8098
8134
8090
8022
7952
7826
7934
7958
7984
8010
8044
8012
7990
8066
8144
8072
8022
7952
7976
7956
8014
8066
8156
8150
8072
8110
7996
8034
7968
7910
7974
8010
8060
7968
8002
8036
7996
8038
7936
8006
8008
8000
8084
8074
8052
8066
8124
8166
8058
8038
8038
8100
8074
8114
8088
8008
8028
8102
8104
8114
8254
8230
8172
8190
8090
8076
8080
8040
8078
8128
8158
8172
8194
8206
8196
8102
8046
8114
8152
8142
8124
8168
8144
8156
8168
8078
8216
8230
8154
8210
8144
8166
8128
8174
8260
8232
8200
8178
8108
8184
8088
8048
8146
8080
8026
8090
8114
8196
8190
8006
8046
7948
7958
8108
8048
7970
7982
7962
8018
8102
8084
7982
8048
7988
8008
7964
7876
7886
7882
7990
7972
7952
7974
8014
8028
7976
7944
7962
7946
7904
7986
7960
7906
7882
7908
7950
7922
8000
7972
7990
7966
7882
7758
7924
8020
8078
8032
8066
8166
8172
8242
8132
8210
8186
8236
8176
8134
8152
8208
8256
8286
8222
8162
8176
8172
8104
8034
8126
8178
8170
8268
8272
8212
8116
8162
8128
8096
8168
8102
8062
7974
7992
7958
7968
8014
8062
8048
7974
8016
8052
8052
8018
7996
7920
7980
7968
8048
7974
8054
8046
8090
7994
8010
7928
8008
7970
8018
7936
7938
7878
7822
7780
7738
7832
7892
7968
7884
7878
7888
7810
7804
7796
7900
7774
7728
7820
7718
7774
7772
7882
7828
7820
7808
7884
7824
7996
8062
8062
8122
