932
916
916
928
928
950
904
908
904
932
936
938
920
904
894
888
872
884
902
914
914
902
912
902
906
902
894
900
908
920
902
952
950
946
952
936
938
916
912
934
918
932
936
934
922
946
946
906
902
892
918
890
880
868
862
856
840
882
878
874
882
880
876
902
894
886
858
832
790
770
798
798
816
796
838
822
856
866
832
824
840
862
840
868
860
802
838
818
812
850
882
880
886
904
874
878
880
868
892
874
882
864
834
850
894
892
888
918
914
920
924
928
922
922
920
912
912
894
908
914
942
910
904
874
876
906
902
906
870
874
822
828
844
848
802
826
846
834
856
874
890
892
888
860
884
894
882
870
870
864
862
876
886
870
846
840
860
878
892
894
884
884
888
864
878
864
872
858
846
886
914
924
920
928
916
904
920
920
932
928
938
920
916
916
900
902
886
846
846
852
846
860
878
878
884
892
884
910
908
890
878
850
840
852
860
866
830
882
876
876
910
914
908
890
894
912
916
924
886
844
824
814
850
846
856
886
884
908
880
892
906
882
844
856
860
886
886
876
844
856
862
852
822
834
834
864
878
868
872
848
828
856
864
870
862
848
824
816
806
804
792
806
828
814
828
830
800
816
812
816
836
800
800
816
824
816
810
832
826
836
790
796
798
798
792
808
792
852
846
860
882
844
880
892
872
872
884
880
890
890
880
860
906
904
896
886
892
928
934
922
918
918
930
914
888
878
838
862
854
888
868
876
856
844
800
836
828
824
862
872
884
888
874
852
904
914
896
916
906
926
870
874
874
870
856
848
856
872
860
884
898
916
932
912
914
906
896
898
908
874
894
884
872
902
906
896
876
876
862
856
836
868
888
868
902
896
876
870
914
884
896
916
916
904
916
938
928
898
912
916
908
886
894
884
904
902
906
890
912
898
900
900
908
914
910
892
868
868
874
862
840
864
854
864
910
906
906
902
890
906
888
842
816
842
878
902
882
926
898
886
890
934
934
892
894
884
838
852
862
878
872
866
858
868
890
862
884
862
858
870
880
912
910
928
950
948
956
938
944
948
916
926
896
922
932
932
946
936
936
932
962
962
968
978
932
930
920
906
930
908
900
916
920
906
926
910
914
898
880
848
834
830
844
862
842
802
838
870
876
878
870
850
878
874
846
820
818
848
822
828
884
896
934
950
940
934
936
932
950
908
888
922
894
922
922
928
954
954
960
944
936
898
912
910
898
872
852
866
830
802
832
844
844
888
914
858
866
854
852
846
888
886
868
882
890
872
880
868
906
916
936
902
900
878
888
864
846
848
860
854
868
858
878
846
834
840
822
844
850
852
876
910
914
898
862
836
862
864
856
846
864
842
842
862
886
896
892
866
884
876
862
890
880
860
860
856
840
838
828
846
838
864
866
854
844
846
860
872
868
856
866
862
886
888
910
886
860
826
898
898
912
892
906
914
888
866
866
868
876
876
890
888
894
886
888
886
850
832
832
844
862
856
864
840
862
872
872
920
924
936
930
942
958
948
924
910
920
888
890
924
908
906
944
938
914
908
924
904
906
882
874
884
876
878
876
846
826
830
810
814
886
888
878
868
834
838
824
830
822
828
834
828
810
844
896
914
920
942
908
916
916
924
930
916
954
936
936
904
930
918
926
898
870
830
862
864
862
834
868
876
912
904
884
864
866
888
930
924
930
916
924
936
944
910
916
902
892
868
902
874
852
856
860
850
840
818
844
874
892
878
908
912
902
928
950
900
928
934
924
940
928
946
954
938
900
902
882
900
896
922
936
924
908
934
902
940
924
920
904
922
926
916
926
938
912
920
890
854
806
836
850
852
842
836
854
888
890
902
888
872
884
908
888
898
894
878
892
894
930
926
904
918
914
910
910
918
916
894
888
872
858
884
888
866
870
890
876
874
874
860
850
852
878
928
914
882
910
912
934
930
922
900
910
938
928
916
908
916
898
882
890
922
942
950
940
926
918
930
940
922
920
916
908
916
896
880
944
916
926
906
912
938
930
942
908
894
928
916
926
906
900
878
852
864
882
846
872
886
884
882
884
908
908
924
944
940
920
932
934
908
898
910
886
890
898
922
904
908
918
934
910
940
954
938
922
902
876
884
900
924
934
928
908
910
882
878
896
872
888
920
910
894
870
866
838
878
878
910
888
864
862
874
862
852
852
862
864
870
856
848
884
898
886
866
888
880
878
882
888
922
930
922
926
914
904
882
872
884
900
894
892
890
870
868
870
890
872
852
868
862
842
862
884
878
888
860
868
872
876
896
906
882
892
902
914
918
932
902
898
886
920
928
942
914
914
882
894
882
898
908
912
908
918
916
910
896
858
876
902
926
908
888
902
918
910
912
902
926
914
922
912
914
938
950
932
916
888
900
888
856
794
776
838
856
842
886
896
908
920
922
892
874
918
910
872
906
898
890
896
906
886
894
898
880
904
908
912
900
902
904
902
888
936
960
936
952
934
918
936
944
946
928
930
920
924
920
918
956
938
926
906
890
894
898
888
894
886
884
918
912
916
888
892
882
900
890
864
900
876
832
842
848
822
816
830
808
764
766
792
816
852
904
888
880
884
898
904
920
886
918
936
906
898
898
890
906
916
914
914
920
928
928
922
892
876
902
912
912
906
892
898
918
902
910
888
890
876
890
872
864
880
886
902
904
886
878
898
894
916
880
868
846
866
884
864
850
886
894
870
898
872
866
892
904
906
924
930
920
908
910
886
918
908
932
948
958
938
926
916
904
916
918
898
862
878
888
864
870
854
850
842
842
864
868
872
882
882
860
874
862
854
862
856
856
862
856
882
862
866
872
884
874
864
864
858
866
890
888
902
906
890
884
864
908
916
914
890
898
876
902
896
894
910
934
902
894
900
894
938
934
946
960
954
934
910
892
906
876
866
856
834
836
860
886
878
838
848
838
846
858
898
894
900
908
894
902
900
898
916
874
852
850
888
898
902
860
844
828
852
872
876
860
866
886
894
898
932
916
902
912
892
902
898
888
910
922
914
930
920
900
908
898
904
918
884
860
862
862
842
842
860
846
892
870
902
902
866
866
910
914
900
918
914
892
916
920
910
940
932
930
910
914
914
904
890
896
900
908
888
908
876
874
874
890
898
912
908
880
894
886
892
928
942
942
930
934
906
908
912
918
900
896
900
922
914
910
912
896
888
886
888
908
890
908
884
890
880
912
918
922
890
880
870
892
914
900
884
882
872
862
820
798
820
832
830
812
814
804
786
814
822
822
814
776
832
856
888
868
846
844
838
828
820
834
816
814
786
832
862
830
818
844
838
854
880
878
884
866
866
830
852
826
814
834
820
856
862
878
846
874
868
876
858
892
880
872
888
854
888
908
912
888
920
884
874
856
874
902
896
898
894
928
900
898
876
888
878
906
892
882
904
904
892
876
860
872
912
866
854
852
870
854
876
892
868
880
896
916
884
880
900
884
880
886
904
894
904
950
942
914
932
914
908
888
890
918
912
912
918
908
910
898
906
898
882
882
884
894
880
896
904
898
930
912
916
930
944
938
918
906
926
930
898
880
890
872
928
936
944
944
944
946
936
904
908
930
904
896
884
854
846
886
904
870
864
868
828
864
866
836
792
806
846
866
892
862
856
858
864
874
872
880
850
834
858
896
910
932
914
896
892
864
896
888
892
882
888
906
920
932
924
934
918
910
916
924
924
920
918
916
894
908
896
884
852
850
848
842
868
856
858
860
828
838
852
832
888
898
924
916
930
908
928
910
910
916
904
906
908
906
932
920
900
930
914
916
914
878
886
906
898
902
924
928
906
890
924
920
920
930
938
938
932
910
918
890
898
890
906
934
952
932
884
922
930
914
918
896
926
922
898
908
910
902
928
918
904
890
882
886
890
880
882
898
884
902
856
856
866
886
862
910
930
954
984
966
944
962
960
946
898
922
918
902
904
916
892
898
922
898
904
896
908
904
926
922
902
886
902
836
846
852
864
874
822
858
864
906
904
874
820
816
816
824
842
860
858
864
878
862
876
872
862
880
860
864
848
838
858
858
872
846
854
838
846
810
830
832
806
816
832
822
814
818
832
842
846
830
820
838
824
846
840
844
832
806
794
814
840
810
850
828
820
830
826
800
804
786
802
836
814
808
792
800
776
802
804
774
790
778
776
780
796
782
800
818
830
828
892
906
898
868
882
914
884
876
884
874
902
880
868
886
890
912
940
924
934
924
920
926
928
926
896
900
886
894
912
914
902
888
886
866
898
906
924
930
920
900
906
908
914
918
918
892
856
834
860
834
828
820
836
824
822
856
836
824
844
856
884
884
918
948
928
920
932
932
944
880
912
884
904
930
928
928
896
902
930
902
902
870
898
886
886
874
898
902
912
902
914
914
922
924
880
866
842
844
858
872
878
892
874
830
800
790
794
822
840
836
824
840
810
804
822
808
792
780
822
808
798
810
788
776
804
816
818
784
810
822
860
848
828
854
860
870
868
838
804
828
856
854
870
898
892
892
906
914
888
890
916
894
920
904
910
932
930
918
924
930
926
922
