144
190
194
162
154
138
134
90
28
26
20
32
74
74
86
72
84
112
166
158
122
194
210
230
210
230
218
240
210
218
194
164
160
122
160
214
152
164
170
114
178
172
176
198
142
180
188
192
170
116
136
170
108
108
108
90
88
100
168
146
144
92
102
34
18
12
22
38
50
100
102
56
14
62
0
56
38
56
14
20
40
56
44
58
28
48
72
108
64
94
54
64
114
82
124
118
104
140
96
146
198
266
208
230
218
216
158
198
186
146
154
130
146
182
144
174
130
92
88
72
130
156
142
152
144
70
88
110
72
104
78
86
44
32
40
22
36
48
16
32
42
52
32
92
46
42
68
60
64
62
84
102
82
124
162
188
232
188
224
130
136
132
110
174
158
164
172
86
78
70
104
140
144
152
126
88
124
78
102
138
58
62
106
70
30
12
28
8
24
2
46
34
26
12
34
32
24
82
14
14
52
62
120
142
122
96
114
118
136
72
116
120
80
94
110
76
110
92
40
20
60
16
16
50
78
120
78
104
126
124
98
130
130
152
190
172
172
96
102
92
82
126
32
40
30
30
46
32
34
62
28
30
92
128
146
102
142
164
174
210
208
190
180
148
150
160
124
158
170
130
102
58
4
4
8
4
42
28
20
0
42
116
186
116
72
60
70
104
88
74
126
154
198
152
214
196
222
236
218
208
202
162
206
212
210
232
218
238
244
180
202
240
294
238
260
248
278
272
314
326
282
274
212
256
264
250
320
324
332
296
284
322
334
388
384
386
358
352
324
304
288
360
360
376
404
408
448
432
402
378
336
416
412
428
450
420
416
436
410
362
354
304
322
342
390
370
408
394
368
364
326
298
294
256
294
320
320
334
340
318
352
422
392
384
428
486
464
508
542
522
526
494
506
516
486
422
406
426
402
394
388
400
388
428
412
408
408
400
412
378
408
432
442
442
460
464
488
474
418
452
434
434
430
488
484
494
526
482
494
456
506
544
500
526
558
500
546
536
510
500
528
502
480
434
414
414
458
450
484
516
514
544
556
564
532
496
498
530
584
550
570
602
574
582
594
580
562
546
538
522
570
552
616
636
652
650
640
656
670
662
608
570
550
526
604
592
618
604
604
576
592
612
620
592
524
506
522
484
482
452
456
448
430
386
478
502
522
446
466
470
530
544
524
534
512
524
528
498
458
472
444
442
460
432
492
496
484
512
594
584
530
492
490
440
464
394
302
268
248
272
232
172
168
234
188
304
304
334
296
290
294
284
230
206
212
194
192
192
222
262
256
278
264
308
292
342
326
334
254
306
306
324
324
358
386
372
360
442
362
342
346
316
258
286
360
346
384
378
340
298
292
312
252
242
240
254
290
318
278
254
212
236
248
204
220
208
216
224
216
260
238
202
210
202
262
290
294
322
312
334
328
406
396
356
352
340
316
324
308
300
230
274
294
280
302
358
348
354
364
380
400
424
348
340
296
258
202
246
244
252
280
252
220
228
186
204
260
264
256
282
236
244
266
230
222
242
230
204
260
218
236
240
290
354
312
320
354
300
206
174
212
180
122
126
116
90
92
60
8
0
90
74
76
156
224
270
314
290
278
264
246
206
202
156
170
232
310
336
370
406
384
384
392
386
408
384
336
326
368
310
328
300
344
264
314
398
400
380
378
370
420
434
460
480
474
420
382
382
390
328
350
344
378
400
364
356
308
322
326
348
320
332
238
276
282
260
266
258
258
256
298
268
240
236
230
240
214
234
298
302
368
370
370
394
380
458
464
390
368
368
364
298
256
306
296
320
348
326
390
344
296
252
288
356
330
340
342
310
268
280
314
314
290
240
308
276
286
284
282
326
294
186
140
140
182
198
228
180
224
174
156
120
140
52
166
132
126
82
4
16
10
24
68
128
148
158
126
132
104
102
156
104
114
18
84
94
128
82
78
134
190
184
146
148
88
72
18
8
96
32
30
14
14
40
80
30
72
68
54
78
76
206
192
188
214
208
180
158
186
246
308
354
352
320
344
376
346
414
328
300
300
288
252
284
292
254
272
228
258
278
232
242
296
336
294
236
232
290
250
172
84
124
142
160
96
0
58
120
128
112
138
184
170
134
150
114
106
98
68
84
68
90
68
16
2
74
114
54
20
32
14
26
40
52
98
126
102
150
154
132
168
152
140
130
104
128
150
102
132
134
78
32
4
66
92
90
112
38
18
44
32
20
14
12
110
116
124
66
64
44
64
44
14
18
42
56
74
44
14
36
0
58
92
120
122
62
90
74
60
82
126
190
196
210
260
232
244
230
262
324
290
292
250
280
318
350
382
388
408
416
394
380
402
384
422
482
516
474
446
424
428
402
362
356
300
266
284
230
264
278
178
158
152
64
44
38
64
72
96
132
168
210
216
266
302
338
294
250
260
242
206
204
176
184
180
164
108
142
86
70
108
126
122
144
214
178
74
86
116
86
108
114
104
132
178
162
180
164
120
8
4
54
38
52
48
56
10
22
18
98
92
84
124
84
176
180
266
270
274
272
230
230
234
192
202
224
232
274
216
172
156
212
194
198
218
242
202
222
248
268
240
186
138
136
142
120
130
142
206
258
232
210
220
178
144
146
166
164
100
82
54
46
22
60
70
104
46
62
114
114
138
190
210
192
192
216
244
208
154
150
150
142
140
170
142
106
168
200
172
136
142
84
76
68
56
26
32
44
38
84
112
86
114
164
178
154
158
154
176
164
140
144
160
160
78
6
24
64
58
42
68
70
114
88
128
90
38
34
98
70
132
102
98
116
74
50
28
32
10
20
58
84
66
4
48
66
44
20
78
24
14
24
54
2
10
18
44
80
150
154
162
166
148
130
190
132
148
130
174
148
204
206
132
162
204
184
184
108
96
114
126
138
162
124
60
32
20
44
6
12
54
2
50
84
94
82
114
48
8
22
24
22
22
16
4
38
26
30
34
4
26
16
12
58
104
104
56
22
6
28
68
54
74
148
148
156
94
130
100
132
100
138
164
154
194
196
182
134
128
106
74
82
110
142
126
142
162
192
200
174
266
284
286
262
272
266
262
290
326
328
372
274
200
176
132
130
126
106
80
82
92
90
66
86
96
64
8
38
0
6
14
50
108
142
154
196
216
222
212
162
184
144
116
76
78
144
170
170
226
196
150
136
116
100
118
68
96
86
106
140
134
184
168
172
226
190
198
210
220
290
268
300
292
286
302
282
266
262
310
318
318
290
282
362
370
372
440
486
512
522
552
462
474
436
484
480
504
542
520
498
506
478
490
540
516
520
510
478
454
508
520
504
432
412
406
402
440
432
408
462
444
432
386
380
420
394
442
468
506
558
510
474
454
454
474
486
484
508
468
414
424
464
444
458
450
446
458
456
436
418
414
440
490
452
482
488
438
408
352
384
394
380
382
340
338
378
434
366
296
290
252
270
252
240
226
230
190
192
148
120
128
162
152
148
128
34
84
82
72
68
60
90
96
94
88
116
246
292
300
294
326
348
324
310
300
306
344
362
376
408
400
464
390
416
344
350
294
300
310
352
344
328
358
370
364
402
364
350
292
296
280
262
234
240
288
262
310
278
240
232
226
244
306
268
304
320
276
218
210
202
198
216
250
216
200
224
230
196
188
206
190
206
184
236
200
204
148
134
128
168
184
204
202
224
224
204
194
188
202
188
184
122
108
96
108
84
170
100
48
36
14
22
2
36
72
48
10
4
20
54
66
34
64
104
78
78
72
114
148
184
166
120
106
64
86
32
44
44
70
44
46
6
76
14
4
6
42
26
58
48
66
136
148
164
174
164
166
128
74
82
82
70
92
148
160
186
276
276
264
296
324
334
326
328
318
350
380
388
394
348
366
348
368
376
406
400
384
418
436
382
388
396
360
312
366
380
362
424
438
476
470
506
476
446
442
458
434
434
430
464
474
408
386
426
424
398
452
486
510
498
444
404
384
444
460
418
422
412
408
426
408
350
360
368
314
258
266
234
220
172
178
168
152
184
212
176
202
272
270
284
294
288
236
200
200
196
264
318
298
288
278
232
218
226
218
294
334
342
384
424
444
374
404
396
412
406
424
450
406
438
458
472
446
454
488
448
444
412
450
422
448
440
406
392
382
302
326
284
304
348
386
372
384
348
378
370
402
414
442
486
478
502
520
452
410
368
414
380
336
396
370
348
370
338
254
300
342
388
330
304
294
246
232
212
262
272
210
248
248
202
264
240
312
298
288
214
270
242
246
256
234
224
254
226
224
222
208
242
222
214
190
184
198
180
178
178
180
144
112
118
132
150
96
98
54
46
90
54
36
24
24
44
38
64
48
46
76
62
76
126
28
0
12
10
12
2
14
10
40
6
52
50
12
18
26
34
40
10
36
108
138
144
158
182
184
172
212
178
184
150
136
190
208
176
234
244
280
256
316
328
328
278
292
290
288
246
244
226
220
218
260
272
294
302
286
254
204
206
220
246
320
300
266
256
228
174
186
200
192
146
206
182
160
188
158
156
94
122
128
108
126
142
134
140
164
194
100
86
88
100
