1598
1720
1704
1700
1760
1774
1746
1706
1806
1770
1994
1908
1974
1896
1760
1816
1816
1690
1736
1640
1530
1688
1622
1590
1712
1640
1774
1788
1744
1768
1788
1632
1606
1680
1788
1944
2146
2226
2212
2176
1956
1950
1920
1922
1944
1952
1754
1982
1944
1900
1950
1682
1544
1652
1640
1758
1748
1696
1696
1762
1666
1760
1448
1470
1424
1552
1530
1676
1650
1770
1644
1564
1498
1552
1532
1484
1452
1430
1388
1316
1306
1218
1190
1090
1416
1354
1138
1054
1038
1200
1068
1118
1110
988
1014
956
970
974
1056
980
1100
952
826
638
462
620
776
610
538
740
708
766
784
596
558
598
406
364
400
572
618
580
440
546
486
298
230
108
12
32
22
26
114
24
164
252
222
156
138
426
484
306
146
22
34
64
200
438
456
442
458
556
468
646
566
528
654
456
422
420
332
230
144
160
230
116
40
52
56
128
2
98
194
114
150
308
246
350
378
376
484
202
188
148
194
142
226
210
310
370
480
616
754
742
944
1004
1072
1174
1296
1290
1290
1294
1372
1366
1326
1382
1374
1602
1812
1800
1710
1748
1876
1734
1620
1666
1730
1718
1782
1628
1430
1488
1374
1278
1180
1292
1068
918
994
922
1050
946
1018
1052
992
828
778
672
630
648
686
408
470
458
408
316
400
480
496
620
322
406
504
496
550
690
636
616
598
514
556
420
436
520
482
482
410
480
458
572
568
720
794
838
608
888
874
662
582
586
740
734
732
726
784
830
774
800
716
648
638
794
886
1014
1002
892
726
682
634
702
552
542
572
672
638
664
610
402
282
254
366
484
604
778
716
694
690
790
840
990
1018
970
976
1054
1062
984
924
966
1136
1142
1200
1242
1128
1200
1216
1042
958
1002
1010
910
924
928
918
784
710
758
740
704
752
642
658
652
694
808
870
878
904
866
860
746
704
702
570
562
638
690
820
850
802
880
710
558
396
346
426
572
718
718
666
612
686
642
624
696
846
970
1026
1074
1220
1174
1188
1084
1188
1308
1566
1490
1522
1650
1490
1412
1366
1444
1350
1230
1122
1268
1280
1328
1434
1352
1370
1384
1382
1138
1310
1268
1138
1114
1188
1032
1256
1098
1260
1164
1040
868
986
986
1014
1018
1166
1152
1154
1212
1194
1168
1264
1202
1206
1126
1048
884
906
950
994
924
838
804
778
770
742
638
714
668
844
712
642
750
676
394
434
630
606
412
406
242
376
262
84
30
26
24
40
64
16
78
52
116
76
2
78
322
258
264
182
176
70
136
76
68
0
118
72
118
278
322
282
184
156
132
38
110
274
324
208
278
286
294
290
404
276
218
148
56
64
424
444
408
474
448
444
286
292
294
298
160
148
98
114
192
200
280
306
320
302
308
390
506
570
606
650
650
646
512
528
478
492
658
698
636
800
684
650
760
720
684
542
660
730
654
592
626
566
426
440
558
584
860
1174
1246
1370
1344
1318
1136
1130
1198
1264
1186
1190
1102
1054
1158
1180
1144
1086
1212
1132
1252
1304
1418
1366
1362
1328
1336
1474
1362
1330
1328
1234
1196
1296
1420
1334
1226
1164
1338
1226
1270
1420
1398
1428
1436
1554
1358
1366
1484
1484
1502
1434
1408
1354
1520
1614
1626
1706
1656
1584
1548
1448
1758
1594
1606
1584
1484
1516
1564
1486
1462
1226
1016
1098
1174
1106
1000
992
1038
884
686
604
628
646
712
654
832
816
904
980
916
872
1144
1104
1090
1036
1066
1206
1320
1420
1444
1340
1212
1328
1406
1434
1408
1476
1472
1460
1512
1548
1452
1322
1518
1482
1398
1092
1236
1280
1276
1396
1270
1172
1262
1174
1140
1190
1124
1270
1130
1248
1312
1330
1482
1384
1170
1094
974
854
886
876
1072
1050
1184
1114
852
788
862
958
864
894
952
936
1206
1258
1334
1552
1450
1480
1560
1514
1378
1384
1362
1424
1410
1218
1238
1218
1252
1272
1420
1332
1422
1422
1372
1388
1276
1254
1292
1118
1162
1150
1152
1278
1246
1312
1296
1314
1348
1150
1328
1418
1330
1190
1244
1358
1428
1480
1430
1228
1104
1116
1164
1022
1162
1214
1154
1204
1138
1066
1138
1042
962
1180
1174
1240
1080
1108
1056
924
1040
1178
1262
1262
1206
1244
1264
1230
1142
968
954
888
648
492
558
434
278
194
178
134
290
244
6
178
200
20
140
32
52
12
100
162
250
252
196
254
166
120
134
80
114
188
150
258
320
194
184
108
38
152
154
70
48
78
96
104
26
204
394
154
88
116
344
360
306
388
366
334
228
306
456
540
542
570
592
518
366
502
548
530
536
496
464
590
554
708
748
936
886
850
788
810
856
964
856
830
940
868
916
936
1030
1038
964
968
960
908
736
514
420
418
324
338
458
362
392
568
716
460
410
244
198
50
66
78
8
72
12
66
94
62
196
208
122
128
228
236
276
222
350
442
266
122
112
54
18
64
32
14
84
94
88
106
42
4
256
64
2
108
136
100
198
140
252
200
390
304
422
506
338
390
362
324
632
800
624
728
672
528
694
824
806
766
720
680
526
462
362
454
530
482
342
346
532
450
496
488
520
480
468
560
396
418
484
646
656
708
644
652
594
524
574
468
558
536
604
612
598
628
764
628
578
510
298
314
248
192
162
74
240
362
428
578
544
554
566
398
390
504
600
552
604
518
792
938
848
744
732
648
674
550
498
588
516
604
560
592
636
618
470
518
454
422
476
450
510
550
480
444
532
556
516
506
456
394
400
456
576
558
452
484
512
606
476
414
458
556
442
506
466
370
320
440
430
480
326
322
296
280
242
252
314
360
478
412
380
300
276
318
384
260
216
310
260
170
250
340
366
234
244
154
126
206
186
168
166
204
264
142
218
322
82
34
32
32
142
278
244
252
450
528
600
510
386
386
582
666
672
526
640
452
588
556
624
646
688
606
686
362
346
272
160
158
166
110
482
338
284
116
230
314
156
238
148
386
288
438
360
338
276
438
660
676
756
688
756
726
566
576
576
404
464
530
542
608
516
562
642
590
528
492
720
668
698
528
430
510
576
446
422
374
380
536
492
652
718
750
804
824
758
612
520
584
346
380
256
260
434
274
330
370
358
256
382
414
506
436
242
330
448
398
264
118
62
6
24
56
54
142
246
222
216
88
74
84
2
48
202
332
344
296
150
276
196
284
152
190
188
326
172
112
176
244
186
98
108
88
46
104
118
78
12
44
54
44
174
198
8
62
112
96
40
178
238
386
320
316
534
546
562
566
554
690
738
992
1050
1058
970
1064
980
1068
1098
1032
1022
780
622
528
582
798
1006
982
1066
1222
1304
1178
1218
1248
1370
1410
1438
1416
1276
1362
1306
1252
1174
1148
1266
1292
1300
1268
1226
1114
1126
1106
1068
1054
794
758
786
934
896
1022
1142
1078
1006
1040
1128
1164
1142
1206
1136
1076
1044
1098
1080
1026
1042
1172
958
824
736
678
694
922
872
892
878
786
762
850
934
850
784
534
394
470
494
610
746
914
936
918
1032
1138
1300
1422
1238
1204
1164
1204
1276
1314
1158
978
1070
974
888
686
712
698
644
470
616
338
232
404
644
552
424
296
236
208
348
214
314
128
90
52
8
172
22
174
212
166
206
274
8
36
102
56
30
136
40
200
162
30
212
300
234
112
74
6
86
78
42
254
234
184
228
222
288
368
250
228
270
220
292
244
296
518
564
530
550
758
844
830
860
864
800
620
668
686
484
418
290
356
292
500
462
486
474
430
310
278
232
204
40
62
6
150
148
150
322
386
298
420
484
394
416
364
274
114
94
32
24
46
140
106
62
88
64
130
100
194
304
254
98
234
166
280
352
342
414
226
190
166
206
268
390
318
590
592
614
602
718
488
384
438
432
452
362
428
424
426
378
448
456
390
452
514
434
262
184
316
200
68
88
4
108
164
158
154
98
120
28
74
64
50
72
44
200
346
248
250
156
150
8
64
56
166
134
240
296
266
256
122
42
322
300
314
484
656
604
426
350
418
228
212
298
388
402
418
358
390
322
202
194
232
308
268
230
212
194
148
236
344
356
684
774
642
546
544
430
606
520
430
574
670
870
858
1014
972
928
794
722
754
670
732
812
746
984
878
690
604
654
694
708
756
846
930
1012
1078
1024
892
1010
814
856
740
864
842
854
782
756
744
658
520
430
452
412
452
566
686
682
576
234
226
302
302
400
438
352
244
88
190
98
88
198
14
108
110
222
272
354
344
342
314
276
176
266
450
280
244
142
134
222
158
76
96
28
116
54
116
112
222
190
372
284
440
600
686
578
724
576
710
676
780
862
992
774
696
804
856
654
682
720
664
500
458
512
562
518
610
546
298
244
348
360
290
288
302
268
350
406
332
512
634
566
636
606
606
420
300
122
118
178
202
352
430
430
532
464
478
466
464
428
370
302
272
454
294
364
530
538
576
592
696
642
680
608
592
518
362
28
150
322
106
170
90
24
16
8
210
348
352
456
354
344
260
188
62
126
108
162
336
482
462
352
152
82
22
42
24
38
66
42
376
240
80
186
188
200
230
290
354
394
320
528
574
522
584
634
480
656
572
560
598
690
620
726
918
800
854
758
630
706
554
482
534
610
362
262
340
260
172
242
206
290
300
334
100
20
6
90
112
242
410
282
236
360
448
416
360
404
660
630
558
702
666
622
780
754
760
688
618
730
728
800
572
358
472
546
652
622
540
558
590
614
640
572
662
730
782
736
710
672
884
884
772
806
900
1138
1074
1180
1252
1140
1042
870
900
1134
1318
1222
1168
1128
1118
1186
1138
1294
1208
938
1022
1052
1050
1026
968
988
840
792
654
592
506
484
430
498
248
456
680
580
650
866
1120
1044
1108
1050
964
882
850
914
974
866
996
1072
990
1080
1226
1360
1272
1186
1306
1392
1434
1622
1662
1492
1530
1366
1414
1466
1294
1220
1386
1526
1452
1448
1468
1510
1564
1438
1408
1220
1058
1042
