198
234
244
294
260
278
268
204
176
222
128
56
114
116
54
54
2
24
18
32
4
4
12
20
22
38
96
144
72
120
74
26
54
16
36
2
10
2
22
12
8
62
120
190
208
236
268
300
310
274
214
160
80
60
86
120
192
172
168
150
126
130
148
138
110
110
84
58
26
70
100
130
160
156
170
198
234
210
250
238
238
210
208
218
220
298
290
258
310
286
290
326
326
336
340
402
438
412
376
410
416
412
480
478
520
542
442
478
492
504
492
566
602
576
538
530
532
500
474
544
532
468
436
434
460
442
484
494
458
488
480
502
470
534
530
526
540
484
484
448
506
464
456
468
466
492
472
452
456
506
496
470
422
438
412
454
412
420
360
330
336
314
302
292
264
246
280
296
292
238
226
250
220
138
156
226
240
236
330
332
402
366
380
354
370
344
352
282
260
220
184
184
142
198
224
192
160
118
130
150
192
154
134
132
184
120
214
210
188
250
312
350
306
308
290
328
290
276
282
290
286
266
190
134
148
152
164
144
106
130
98
90
90
96
40
94
72
58
32
32
6
6
36
22
26
46
4
12
24
4
48
42
18
48
48
88
60
56
56
64
86
60
52
18
56
22
10
8
90
78
66
42
40
68
80
160
172
172
200
200
174
84
132
134
118
162
188
240
282
332
310
292
332
282
194
178
174
176
228
256
244
282
268
310
314
304
326
338
330
334
310
300
352
382
364
356
330
298
276
242
212
232
198
226
294
258
234
278
316
294
338
366
364
334
354
314
322
324
288
280
270
290
314
358
332
320
340
294
238
296
280
168
166
170
152
184
244
316
320
364
320
342
366
442
418
426
420
408
394
378
348
266
260
330
372
354
382
384
342
368
322
360
328
282
306
306
284
310
304
314
320
284
226
254
254
242
258
236
152
96
90
108
56
108
70
46
26
68
92
114
74
64
8
24
68
84
104
132
136
154
152
120
90
74
44
10
4
6
60
52
76
92
80
82
84
70
34
34
22
8
6
54
98
82
140
176
248
292
250
252
228
264
270
224
204
192
186
202
168
142
130
68
80
76
78
68
18
8
74
16
36
68
62
42
14
28
18
38
112
174
200
150
130
146
110
36
74
108
130
122
148
190
212
222
154
158
108
120
64
50
16
8
22
10
68
86
98
88
98
122
78
80
52
14
24
30
28
52
28
24
8
28
24
54
20
12
60
80
38
76
68
110
174
192
146
134
154
92
88
48
86
64
106
68
58
64
92
88
88
50
60
54
14
58
56
52
58
36
46
4
14
48
80
56
50
38
84
78
128
146
140
150
118
70
92
138
130
108
104
90
128
108
84
112
78
78
68
150
142
140
128
154
166
172
164
212
236
230
166
166
74
40
38
2
26
10
22
32
8
32
18
68
62
94
82
62
36
14
10
0
56
36
4
32
50
54
16
36
12
2
14
36
66
34
52
64
70
26
84
74
30
34
90
118
96
24
38
84
90
70
44
32
40
30
64
54
66
6
26
26
30
32
16
10
8
2
64
118
158
102
92
104
102
70
100
114
86
8
24
56
2
30
22
38
34
22
36
22
24
46
12
42
44
14
14
58
2
6
12
36
6
16
26
50
98
126
74
36
78
92
80
104
96
52
90
78
108
74
56
60
30
14
14
12
54
74
118
104
104
84
68
42
78
14
12
2
10
70
48
28
48
32
40
68
132
128
162
148
114
120
132
128
130
150
108
116
134
142
190
224
244
240
244
288
272
246
226
290
316
326
330
322
288
280
346
338
326
338
346
322
292
290
258
250
230
228
182
160
158
204
122
114
86
38
56
10
46
38
52
30
54
84
90
32
82
162
180
210
166
242
216
180
182
162
100
102
168
182
180
190
156
188
204
262
298
252
240
220
182
172
178
220
228
212
158
142
130
176
170
168
184
148
152
120
88
20
18
30
18
50
38
22
24
20
56
70
54
4
10
22
46
24
46
22
46
40
46
82
70
84
28
78
52
24
6
38
26
46
58
30
20
74
64
88
100
84
106
110
66
24
12
76
24
22
66
20
14
8
72
64
70
6
8
40
80
148
198
182
206
224
218
236
240
190
188
164
158
234
236
180
196
194
196
138
152
160
172
126
200
278
264
294
252
224
212
184
232
240
256
256
304
324
326
334
372
320
260
260
270
230
262
304
340
368
344
390
400
416
416
406
344
386
378
376
394
376
386
364
368
400
364
414
378
360
392
404
392
390
400
396
370
392
372
406
380
394
434
378
364
380
420
364
358
330
274
282
282
316
314
284
308
308
284
336
338
344
360
302
252
216
212
194
196
206
196
242
220
234
202
196
154
76
82
56
10
20
58
64
96
182
206
192
214
206
202
258
254
222
258
270
236
244
276
260
280
380
340
322
272
272
320
280
294
224
208
210
192
144
170
212
258
192
212
194
194
178
156
152
204
222
148
96
12
8
60
8
36
42
38
72
64
28
22
78
92
104
58
32
24
38
68
36
90
154
146
152
112
96
106
74
80
78
70
66
36
4
60
22
74
80
28
36
68
78
12
46
70
92
104
158
170
160
208
214
216
222
200
176
148
100
84
116
114
82
106
118
100
44
72
2
42
36
86
92
92
84
142
130
140
146
100
112
118
42
102
54
52
60
50
66
136
154
184
108
88
182
214
216
198
204
264
272
270
250
190
248
172
210
216
188
160
140
154
172
186
156
180
132
154
188
204
300
368
360
386
436
468
454
452
454
506
498
468
448
458
420
350
420
378
360
288
264
232
254
184
150
168
200
236
256
230
242
224
314
376
358
318
304
266
272
252
228
200
180
134
150
192
146
208
210
262
240
208
194
250
276
288
254
272
278
280
328
226
276
322
280
296
296
302
398
402
380
356
352
348
318
304
262
284
290
278
266
308
326
342
332
346
328
296
258
208
190
234
224
162
176
186
174
226
196
200
192
178
128
104
50
30
34
4
102
134
158
228
226
232
208
160
120
128
112
96
36
68
70
64
60
64
86
114
96
138
118
98
78
88
54
22
32
16
20
48
32
14
36
64
82
58
70
78
54
102
46
2
8
46
42
112
102
184
132
170
138
198
228
200
198
176
124
94
96
70
110
126
98
82
88
90
42
46
62
56
26
34
4
70
124
78
66
56
36
4
24
8
16
60
54
66
56
54
70
26
60
122
92
120
108
96
126
82
10
10
54
64
48
72
26
22
64
68
82
38
0
58
72
46
60
0
22
10
10
36
118
66
108
144
130
42
94
70
90
124
130
146
160
166
180
228
258
246
214
204
230
222
232
256
258
282
198
136
102
192
184
114
156
200
284
268
246
274
332
306
284
248
226
190
226
180
196
136
206
246
264
276
310
334
350
380
376
380
400
436
456
442
424
398
402
398
430
400
400
394
340
302
276
222
252
258
304
310
252
292
176
220
168
166
172
208
170
204
204
166
154
120
118
130
126
136
132
178
228
202
200
204
180
172
170
178
152
180
174
162
118
136
96
128
100
160
114
96
36
30
14
24
30
80
48
38
38
22
66
38
4
10
4
26
8
6
26
8
48
66
54
6
14
46
38
104
46
58
62
142
126
172
176
154
136
194
194
232
216
204
226
154
168
206
258
272
316
328
304
272
312
304
318
314
276
268
270
262
212
178
146
132
94
134
158
116
186
188
172
148
156
172
184
146
154
84
102
100
94
54
26
134
154
170
158
118
104
98
34
22
34
82
30
38
20
8
20
72
26
38
8
30
4
18
22
52
72
110
148
138
114
150
164
124
138
132
130
166
154
204
210
176
144
130
112
98
150
114
78
110
72
80
122
146
138
142
132
138
72
50
46
54
124
70
90
66
30
26
28
18
16
72
56
48
62
70
36
44
56
6
24
64
20
2
24
96
108
130
86
116
94
130
102
134
124
112
88
68
32
16
58
44
48
58
62
56
98
154
178
142
94
104
76
20
16
32
102
128
138
128
172
190
260
256
296
324
360
342
306
340
292
284
326
264
292
292
306
288
266
336
358
334
276
330
364
370
306
336
344
340
320
256
266
204
170
148
122
170
146
130
192
184
146
156
144
166
176
202
206
178
168
174
156
130
90
78
130
132
110
136
138
200
196
168
178
160
170
164
164
152
136
188
170
116
148
208
202
234
218
210
246
242
270
254
322
326
344
296
308
290
288
226
224
272
244
266
240
222
270
314
310
300
314
316
302
356
368
338
288
292
292
338
370
352
406
370
402
404
384
358
352
362
376
444
458
510
480
426
478
444
406
432
440
382
408
364
354
388
350
358
322
368
328
354
390
438
418
430
400
324
312
342
318
344
326
318
290
284
250
254
216
188
168
160
132
146
166
162
132
152
138
190
142
152
136
210
178
206
280
312
326
352
382
380
308
300
308
270
286
284
232
278
322
298
308
284
226
210
244
252
206
306
328
356
414
372
328
324
350
314
286
316
302
288
316
322
390
360
376
382
436
432
428
380
402
338
338
360
330
300
294
256
234
234
264
242
260
252
296
254
330
264
222
224
230
224
262
252
288
324
306
346
338
320
344
290
324
374
364
