204
236
226
230
244
304
280
324
366
388
422
404
462
416
420
452
372
480
498
458
490
450
480
508
554
554
496
480
450
414
400
422
428
388
426
446
474
454
440
466
470
480
482
494
530
566
598
606
602
652
650
662
646
626
572
538
584
594
602
570
590
544
516
486
392
402
426
556
592
514
510
450
486
484
526
456
414
388
388
356
420
392
400
412
414
416
414
400
412
438
378
362
366
380
352
402
368
398
394
368
342
352
342
312
286
320
316
324
374
424
412
444
474
458
404
434
404
404
466
502
494
542
492
492
540
528
554
610
628
618
648
580
530
504
476
484
458
500
548
558
526
538
554
582
574
606
590
564
560
512
512
556
556
588
600
578
542
516
466
468
474
426
444
440
464
448
428
436
408
364
382
356
326
280
244
208
178
168
208
214
276
266
276
314
268
292
266
282
316
262
296
296
326
306
320
288
312
298
366
386
404
432
434
488
480
428
410
376
406
396
510
462
488
514
518
516
538
502
486
478
484
524
538
522
556
544
622
630
622
634
622
606
552
554
592
536
592
564
566
578
592
612
598
690
684
628
614
630
626
636
680
632
614
670
612
544
574
576
540
502
514
534
578
636
612
622
622
620
682
652
638
622
638
614
566
506
460
514
530
534
518
524
558
544
548
532
512
536
546
538
568
544
580
610
558
546
566
616
612
610
590
568
518
584
620
610
596
628
658
640
594
576
584
568
542
558
582
572
590
580
614
600
602
648
630
598
602
578
620
668
698
668
662
650
650
616
630
658
640
594
634
610
658
670
692
670
684
712
662
576
528
524
472
452
430
458
466
446
424
466
468
550
522
530
530
526
456
408
420
438
400
422
412
408
440
466
492
442
464
452
534
508
482
476
424
394
402
392
422
412
434
464
532
550
564
602
584
604
594
582
558
542
482
458
452
474
414
414
428
428
420
344
364
412
434
446
396
356
294
336
312
286
274
304
280
236
274
230
228
252
316
304
318
318
302
268
232
246
238
228
252
302
222
242
216
266
338
404
376
378
400
448
442
454
504
558
532
602
568
634
614
638
694
694
686
704
710
684
650
628
588
606
596
566
514
468
466
506
500
458
456
430
468
508
492
502
522
488
444
442
458
446
446
398
444
444
380
302
366
374
374
418
370
366
370
310
278
270
308
338
342
298
272
308
318
334
320
272
270
270
288
252
290
286
324
360
326
362
320
248
332
350
418
484
488
464
434
438
452
412
366
336
328
314
260
232
260
200
242
240
254
254
238
246
274
324
260
276
250
264
208
242
218
186
158
138
98
104
68
12
50
48
2
48
18
28
46
86
48
16
46
20
84
98
94
52
54
42
16
16
40
32
4
60
42
38
38
84
114
106
106
96
44
8
34
24
56
66
144
194
234
244
274
240
292
268
320
362
360
290
272
284
312
318
324
302
336
316
312
394
384
380
346
326
294
214
178
146
170
184
114
70
108
82
32
8
20
70
92
84
112
244
258
248
294
260
260
180
142
140
88
144
122
170
86
170
182
202
224
246
252
198
224
194
210
248
208
226
232
230
286
300
290
356
358
372
412
452
450
418
490
464
466
470
466
488
460
450
464
470
444
450
474
498
526
506
498
518
614
590
632
666
618
650
624
598
602
608
578
518
484
454
372
334
358
402
360
354
370
408
482
438
464
420
448
404
362
428
420
378
436
440
480
474
420
430
464
400
392
338
382
364
362
316
282
268
202
186
186
218
254
274
288
270
270
204
196
244
196
186
230
276
218
266
226
264
210
214
204
278
242
238
244
262
320
286
268
244
246
280
278
178
88
92
98
44
58
82
76
26
30
40
52
4
32
80
74
36
38
32
54
42
70
120
164
146
172
92
62
92
100
80
66
116
92
70
80
114
166
198
178
204
160
168
162
182
166
196
182
176
120
84
80
8
26
52
84
100
90
46
18
22
54
50
0
32
32
10
2
42
24
34
20
20
40
44
96
58
8
36
2
6
44
68
46
8
26
90
122
118
108
124
128
138
112
140
102
138
182
218
204
284
286
252
212
228
238
248
240
218
228
206
204
202
284
216
180
160
204
194
178
132
122
166
152
172
106
110
70
90
92
68
36
6
28
28
14
8
10
22
72
128
214
178
202
156
174
128
136
144
74
74
58
14
40
28
34
40
114
78
94
92
84
68
124
154
104
98
136
136
88
102
68
76
82
116
90
50
96
132
142
180
196
190
180
156
132
112
84
88
132
102
92
48
114
78
58
50
62
2
44
68
56
76
72
84
88
50
22
46
8
6
58
52
46
56
34
14
62
50
86
84
66
24
12
4
86
48
68
50
34
26
10
8
30
22
78
158
120
78
126
150
204
174
174
234
202
180
106
72
80
102
146
184
168
140
94
64
54
26
0
22
28
50
10
50
126
96
120
118
102
140
142
144
106
156
130
114
44
42
58
114
96
68
104
84
56
72
32
12
24
8
66
24
32
44
52
6
22
60
24
10
4
44
48
72
56
80
116
52
76
108
120
70
4
14
48
44
84
62
68
56
96
50
40
110
84
110
50
2
62
64
146
54
44
30
30
50
84
110
160
178
172
148
186
188
186
178
186
180
210
230
206
240
254
216
188
192
164
172
186
162
186
142
162
180
174
94
66
62
124
162
208
228
258
232
292
270
280
238
270
282
264
250
276
274
276
276
280
280
278
232
262
236
252
228
212
258
284
268
292
332
328
322
352
354
354
346
418
376
422
412
422
478
478
426
452
424
420
394
406
392
444
418
434
448
448
446
434
486
460
470
440
450
430
438
416
428
494
490
458
444
464
418
398
418
406
408
382
384
426
440
428
454
470
422
414
424
416
364
328
324
302
260
262
222
198
244
198
190
248
236
248
250
240
278
286
310
352
350
378
382
384
404
430
394
402
390
400
350
326
358
336
366
342
394
432
412
420
392
378
398
408
438
450
402
338
306
282
342
318
360
350
352
368
418
476
510
532
562
540
526
490
558
512
562
588
588
620
596
574
510
484
490
472
444
404
384
352
374
408
370
406
408
440
468
432
452
458
468
448
444
474
432
408
410
422
478
456
490
534
566
610
652
626
622
624
660
658
668
638
686
710
710
710
732
686
664
634
688
652
628
686
674
700
726
722
734
752
790
758
714
712
664
710
716
730
712
680
664
686
650
642
674
694
744
750
748
738
758
674
652
668
684
646
652
642
596
604
580
544
586
540
524
560
516
452
480
498
536
546
538
504
492
526
560
510
500
398
360
372
360
392
348
346
384
376
386
408
394
434
460
462
446
488
524
516
492
506
516
528
492
452
460
438
400
354
360
362
302
326
318
292
302
322
304
270
252
202
170
174
216
178
228
202
236
190
170
210
164
166
170
144
174
154
88
160
162
134
96
118
68
46
30
104
84
114
158
182
188
142
96
114
138
142
122
90
130
150
190
150
178
198
248
254
226
194
188
168
170
128
74
72
24
20
4
12
50
40
66
70
108
134
114
176
192
196
184
200
232
186
142
150
160
134
108
116
40
42
118
88
76
64
84
96
100
84
24
72
18
36
98
132
148
148
102
76
72
54
96
60
76
42
20
50
60
38
20
8
2
30
34
28
16
14
22
56
18
10
0
10
6
72
74
126
96
108
140
96
58
116
106
102
122
126
94
90
120
112
94
110
82
102
136
166
184
218
232
280
328
370
330
276
298
276
262
310
300
276
326
288
228
236
272
254
262
248
290
232
256
216
218
206
180
98
88
60
84
162
136
212
184
166
164
102
48
76
52
0
8
18
52
114
106
106
120
100
92
66
130
72
50
50
48
60
34
58
72
56
38
134
82
56
54
62
82
42
66
70
58
72
84
92
88
14
60
48
88
72
66
76
64
46
28
2
32
6
46
28
34
24
24
28
30
94
74
38
16
8
18
82
126
118
156
86
106
116
142
162
152
146
92
116
98
80
58
22
8
4
50
62
58
22
70
54
52
92
68
64
60
46
10
34
24
24
28
34
26
38
58
56
54
62
34
68
82
108
170
122
108
136
120
104
66
52
66
86
174
128
142
180
188
188
228
220
200
180
218
244
274
242
286
244
196
228
260
250
200
260
226
150
140
186
174
172
174
186
156
148
192
194
174
164
178
264
250
214
260
248
236
246
252
288
328
372
374
398
416
428
388
412
364
320
274
206
276
270
240
296
302
266
256
248
246
226
252
312
340
340
372
370
348
420
400
380
352
354
380
456
500
514
542
596
584
560
564
520
538
518
466
398
390
422
410
448
496
544
528
540
494
508
456
442
428
446
494
474
484
454
450
394
420
394
332
334
328
344
314
342
354
348
372
338
306
252
182
202
220
242
226
218
212
170
190
226
236
236
250
220
184
160
130
138
104
118
94
72
128
152
156
172
126
182
166
158
152
186
194
252
298
342
344
306
366
352
368
352
378
420
316
336
360
374
392
354
332
322
280
268
320
304
274
292
328
254
298
282
244
290
292
282
286
266
260
288
256
296
334
306
352
332
374
378
388
396
408
348
328
358
346
394
396
384
362
390
348
376
366
320
296
