3124
3064
3056
3034
3024
2960
2942
2936
2994
3080
3030
2974
2924
2852
2830
2840
2778
2826
2972
2990
2974
2982
3030
2952
2944
3044
3042
3048
3016
3102
3062
2988
3080
3044
3042
3048
3010
3022
3074
3054
2986
2888
2990
2982
2904
2882
2844
2824
2816
2746
2732
2666
2816
2852
2896
2800
2966
2992
2950
2960
2890
2852
2928
2954
2994
3068
3092
3164
3138
3122
3102
3090
3040
3004
2976
2902
2878
2886
2998
2946
3038
3088
2966
3068
3088
3116
3094
3108
3172
3066
3098
3094
3144
3016
2900
2952
2954
2894
2872
2812
2792
2762
2758
2734
2720
2794
2816
2808
2836
2856
2916
2932
2900
2982
2958
2916
2912
2892
2860
2918
3020
3054
3104
3096
3132
3128
3092
3118
3076
2994
3066
3146
3170
3158
3176
3164
3190
3230
3164
3156
3200
3242
3196
3130
3162
3094
3136
3144
3138
3102
3010
2992
3008
3010
3004
3064
3084
3190
3246
3232
3218
3204
3240
3276
3132
3076
3076
2998
2966
3022
3016
3082
3012
2954
2906
2954
2984
2970
3048
3098
3074
3134
3158
3144
3078
3164
3204
3190
3194
3188
3176
3192
3242
3322
3298
3206
3210
3146
3150
3108
3124
3132
3038
2964
2926
2992
2984
2872
2932
2968
2964
2992
2962
2888
2842
2848
2902
2916
2982
2884
2936
2886
2880
2914
2994
3058
2966
2908
2882
2936
2934
2910
2902
2972
2950
3000
3022
2962
2940
2866
2858
2876
2894
2908
2822
2948
2886
2892
2962
2934
2844
2906
2856
2850
2764
2784
2680
2724
2830
2854
2890
2830
2798
2848
2860
2756
2776
2806
2706
2686
2658
2706
2816
2842
2912
2904
2870
2796
2862
2838
2892
2794
2780
2770
2862
2882
2960
2934
2958
3036
3076
3080
3114
3026
3022
3002
3072
3072
3132
3068
3080
3022
2920
2900
2992
2922
2942
2866
2894
2902
2918
2924
2938
2888
2904
2930
2944
2994
3016
2964
3008
3038
2984
3004
3104
3114
3152
3186
3192
3210
3246
3208
3118
3054
3024
2970
3038
3092
3132
3090
3102
3160
3192
3190
3152
3206
3150
3154
3134
3154
3136
3174
3164
3144
3080
3030
2980
3052
3144
3040
3122
3188
3158
3158
3172
3238
3204
3224
3292
3312
3350
3374
3390
3348
3240
3176
3196
3148
3058
3042
3042
3012
2986
2980
3006
3056
3008
3086
3094
3128
3094
3066
3020
3076
3070
3082
3038
2990
3040
3062
3090
3098
3106
3164
3068
2986
3050
3062
2978
2972
2994
3010
3170
3110
3058
3026
2950
2966
3040
2976
3062
3022
2970
3024
3038
2972
2960
2922
2896
2858
2858
2942
2986
2984
2810
2786
2758
2860
2906
2934
2982
3014
2992
3004
3032
3026
3090
3052
3014
3092
3064
3056
3094
3048
3088
3134
3116
3234
3278
3296
3216
3170
3180
3246
3262
3236
3240
3124
3218
3284
3350
3282
3302
3228
3214
3202
3236
3252
3252
3244
3160
3208
3188
3114
3086
3136
3214
3162
3176
3152
3138
3156
3124
3130
3120
3022
3006
3008
3016
3070
3038
2960
2886
2902
2900
2938
2874
2948
2914
2960
2948
2868
2848
2860
2930
2882
2896
2862
2948
2940
2962
2964
3048
3010
3054
3016
2912
2964
2888
2846
2916
2928
2948
3002
2986
2868
2798
2804
2748
2808
2798
2844
2832
2864
2934
2950
2952
2912
2940
2872
2934
3008
2962
2886
2834
2898
2926
2918
3008
3064
3020
3060
3000
3044
3024
3090
3110
3142
3122
3180
3272
3268
3206
3242
3250
3314
3260
3264
3362
3366
3368
3348
3302
3310
3284
3232
3304
3252
3190
3250
3266
3266
3254
3234
3238
3174
3182
3192
3270
3240
3306
3298
3284
3326
3350
3266
3244
3276
3210
3202
3240
3300
3302
3300
3260
3242
3274
3262
3248
3268
3214
3206
3322
3234
3286
3236
3270
3268
3188
3096
3112
3100
3122
3070
3078
3048
3086
3036
3134
3128
3094
3058
3136
3096
3118
3100
3136
3132
3172
3156
3090
3004
3094
3178
3228
3246
3280
3294
3170
3194
3190
3136
3196
3190
3204
3200
3240
3296
3240
3208
3234
3126
3152
3254
3218
3208
3152
3204
3202
3164
3116
3230
3182
3164
3084
3076
3062
3082
3094
3084
3094
3066
3092
3082
3094
3090
3108
3166
3166
3152
3068
3116
3100
3186
3206
3218
3204
3146
3100
3108
3132
3034
3050
3010
3010
3012
3036
3016
2946
2912
2878
2888
2872
2896
2912
2914
3014
3060
3082
3154
3194
3148
3042
2990
2958
2978
2992
3092
3096
3108
3086
3116
3118
3060
3098
3062
3070
3002
3062
3012
2992
2980
2934
2932
2978
2914
3002
2990
2932
2918
2966
2902
2926
2936
2950
2930
2914
2894
2734
2676
2668
2750
2786
2830
2790
2868
2920
2870
2928
2832
2770
2690
2714
2778
2728
2772
2718
2676
2672
2718
2744
2770
2812
2714
2798
2644
2686
2736
2674
2612
2608
2634
2568
2620
2592
2646
2794
2756
2802
2754
2738
2774
2808
2816
2786
2798
2764
2744
2718
2740
2628
2592
2652
2738
2758
2814
2754
2728
2896
2854
2806
2824
2852
2852
2918
2922
2944
2910
2942
2938
2912
2894
2866
2862
2832
2874
2820
2858
2874
2840
2800
2844
2810
2816
2864
2862
2836
2832
2854
2870
2836
2878
2826
2772
2814
2854
2856
2864
2824
2764
2726
2708
2642
2752
2832
2854
2832
2816
2830
2904
2842
2862
2790
2904
2826
2758
2846
2868
2880
2882
2914
2898
2888
2912
2946
3020
2870
2756
2702
2728
2798
2808
2856
2876
2820
2882
2930
2962
3028
2982
2924
2956
2922
2916
2832
2916
2964
3012
2970
3058
3016
3020
3004
3090
3100
3082
3054
3074
3098
3106
3016
3028
3018
2934
2936
2976
2982
2984
3048
3084
3052
3072
3042
3088
3050
3008
3014
3002
2916
2938
3032
3008
3054
2972
2980
2958
2860
2854
2828
2814
2858
2802
2728
2830
2898
2854
2816
2802
2886
2896
2844
2868
2948
3026
3044
2984
3024
3086
2998
3020
3002
3080
3090
3116
3084
3090
3226
3232
3220
3162
3100
3118
3120
3136
3156
3102
3142
3156
3118
3156
3136
3120
3066
3020
3010
2994
2964
3050
3000
3002
2922
2928
2988
2974
2970
3016
3090
2996
2908
2976
2990
2986
3038
3050
3024
3012
2964
3006
2918
3018
2890
2956
2984
2950
2942
2996
2908
2836
2766
2782
2842
2850
2838
2882
2828
2868
2822
2868
2882
2862
2886
2928
2924
2904
2834
2766
2818
2882
2854
2850
2796
2820
2866
2994
3052
3000
3024
3030
2972
2946
2854
2952
2946
2894
2828
2846
2874
2922
2874
2944
2966
3010
3006
2980
2974
3028
2970
2960
2980
3066
3048
3142
3154
3196
3140
3120
3144
3146
3096
3080
3052
3040
3070
3054
3060
3204
3228
3192
3176
3142
3116
3226
3260
3258
3306
3302
3360
3424
3384
3338
3278
3258
3324
3300
3342
3252
3266
3298
3306
3382
3434
3460
3482
3454
3420
3402
3412
3446
3422
3458
3404
3380
3372
3276
3198
3178
3130
3230
3210
3168
3204
3226
3182
3192
3186
3226
3312
3282
3338
3328
3328
3350
3308
3412
3364
3414
3450
3318
3350
3368
3344
3338
3404
3432
3420
3368
3336
3334
3322
3258
3144
3176
3186
3230
3216
3208
3182
3144
3162
3100
3154
3202
3088
3072
3010
3020
2946
2990
3072
3044
3042
2960
2946
2976
3044
3056
3138
3206
3246
3230
3206
3180
3150
3182
3160
3216
3054
3110
3138
3080
3088
2998
2996
3092
3034
3142
3082
3004
3064
2958
2962
3030
3056
3124
3152
3108
3120
3156
3088
3080
3030
3096
3032
3084
3082
3032
3078
3078
3154
3088
3164
3120
3112
3086
3146
3112
3082
3010
3058
3126
3120
3112
3076
3120
3110
3118
3040
3076
3000
2954
3006
2934
2928
2946
2966
2978
2972
3000
3124
3130
3048
3104
3070
3046
3056
3126
3140
3112
3128
3112
3144
3096
3130
3126
3084
3088
3124
3140
3130
3034
3010
3074
3126
3094
3128
3088
3058
3082
3094
3212
3264
3230
3256
3250
3310
3324
3252
3278
3212
3242
3236
3224
3216
3166
3176
3162
3108
3146
3102
3116
3096
3028
3062
3122
3172
3204
3112
3058
3106
3094
3052
3108
3166
3062
3064
3090
3218
3102
3134
3160
3114
3044
3062
2998
3020
2942
3012
2950
3026
3084
3078
3118
3128
3110
3084
3052
3046
3096
3192
3080
3048
3054
3116
3136
3202
3206
3178
3108
3084
3124
3184
3130
3110
3110
3110
3106
3124
3110
3152
3178
3200
3230
3240
3298
3320
3300
3306
3260
3294
3374
3410
3328
3252
3168
3138
3226
3202
3186
3174
3192
3212
3276
3178
3186
3106
3158
3206
3272
3290
3342
3282
3286
3296
3302
3316
3278
3234
3228
3258
3188
3246
3282
3298
3266
3288
3378
3406
3398
3330
3354
3320
3294
3358
3380
3310
3330
3320
3356
3400
3386
3446
3430
3336
3372
3354
3278
3306
3354
3320
3288
3290
3268
3242
3268
3270
3290
3256
3232
3226
3260
3188
3206
3120
2980
3040
3030
3024
3032
3072
3094
3100
3022
2990
2970
2960
2884
2900
2826
2780
2758
2832
2948
2980
3018
3000
2902
2852
2946
2956
2990
2970
2990
3006
3072
3094
3074
3042
3086
3032
2980
3108
3124
3122
3138
3078
3060
2980
2982
2950
3066
3064
3018
3044
3036
3070
3070
3090
3058
3064
3006
2968
2996
2986
3038
3082
2994
2942
2892
2946
2964
3038
2984
2974
2848
2806
2802
2768
2752
2830
2844
2916
2918
2904
2850
2896
2836
2846
2882
2914
2968
2968
2966
2882
2872
2896
2948
2968
3100
3082
3096
3080
3100
3112
3048
3176
3102
3100
3116
3174
3170
3242
3270
3212
3100
3150
3230
3222
3208
3272
3244
3254
3268
3212
3196
3244
3262
3298
3348
3344
3314
3282
3314
3278
3264
3278
3258
3248
3208
3174
3156
3188
3156
3242
3242
3140
3114
3216
3190
3174
3102
3100
3124
3058
3074
3034
3092
3058
3070
3030
3014
2990
3062
3040
2988
2992
3040
3060
2978
2970
2986
3034
2996
2886
2950
2938
2912
2998
2944
2894
2990
2954
3072
3018
3030
3044
3080
3068
3090
3170
3172
3202
3146
3116
3116
3012
3062
3062
3088
3086
3020
3014
3110
3164
3136
3164
3122
3086
3104
3086
3024
3004
2964
2930
3016
3018
3054
3036
3106
3132
3024
3122
3156
3072
3044
3084
3074
3060
3016
3008
3028
3024
3012
2960
2962
3022
2964
2992
2986
3024
3104
3148
3122
3000
2952
3004
3086
3176
3162
3152
3126
3090
3074
3030
3058
3106
3104
3088
3218
3202
3182
3190
3222
3218
3190
3198
3168
3064
3048
3058
3070
2972
2884
2928
2940
3024
3020
2978
2960
2856
2958
2888
2922
2882
2880
2892
2988
3004
2978
2982
2966
3000
3074
3038
3002
3008
2950
2946
2924
3014
3046
3114
3176
3104
3192
3122
3126
3114
3108
3100
3108
3036
3088
3084
3012
3002
2990
3050
3060
3038
3122
3068
3140
3074
3102
3092
3058
2926
2974
3000
2956
2918
2888
2962
2894
2812
2816
2852
2816
2854
2838
2822
2800
2930
2902
2894
2922
2804
2784
2702
2646
2646
2510
2480
2534
2464
2468
2400
2354
2298
2246
2276
2402
2444
2456
2444
2376
2318
2336
2388
2294
2284
2358
2416
2410
2468
2458
2498
2628
2568
2534
2538
2560
2496
2466
2568
2548
2524
2492
2478
2540
2492
2474
2488
2516
2404
2410
2484
2562
2540
2576
2566
2508
2400
2416
2456
2502
2510
2412
2424
2374
2470
2450
2436
2466
2482
2468
2460
2410
2402
2452
2386
2494
2614
2670
2728
2636
2634
2600
2634
2680
2686
2712
2754
2826
2806
2820
2784
2772
2714
2694
2758
2750
2734
2770
2786
2784
2816
2818
2808
2858
2804
2794
2814
2880
2902
2896
2942
2890
2858
2898
2838
2860
2890
2848
2910
2916
2922
2898
2916
2968
3028
3014
3010
3058
3036
3082
3056
2964
2922
2920
2906
2862
2854
2956
2966
2922
2970
2972
3012
2906
2948
2866
2920
2980
2932
2934
2978
2962
2916
2970
2866
2780
2836
2878
2860
2832
2824
2840
2926
3052
3064
3064
3068
3006
2982
3012
3014
2974
2904
2908
2938
2956
2886
2934
2952
2992
2896
2830
2818
2854
