392
360
332
350
394
444
386
356
380
350
368
372
360
348
392
392
434
424
352
298
298
318
330
314
338
368
318
370
360
408
398
384
344
370
368
412
428
460
474
470
484
466
462
448
462
452
500
458
432
508
472
416
406
414
398
386
452
480
462
396
376
382
400
482
490
478
454
480
432
384
416
442
510
486
496
464
482
486
430
436
418
428
390
400
386
358
318
324
344
284
384
452
430
478
516
552
550
626
648
602
614
654
632
618
632
608
552
546
522
560
518
552
584
584
588
554
558
562
564
548
554
596
616
564
550
472
492
508
472
448
428
420
426
412
446
426
400
384
358
420
408
412
394
386
374
354
388
376
374
346
334
362
390
402
366
398
428
416
452
434
432
492
470
516
528
580
544
584
570
578
570
592
618
686
690
708
664
672
620
598
596
592
628
630
602
572
524
616
588
590
588
528
578
616
594
582
544
538
560
608
556
520
506
520
460
452
486
508
566
586
552
594
580
574
614
574
612
564
506
498
544
518
486
514
584
528
526
554
534
504
484
512
554
548
528
530
530
574
562
574
516
490
506
546
534
518
578
562
574
558
534
484
454
420
408
450
462
456
454
478
472
514
512
518
536
490
514
520
518
458
450
382
390
424
442
476
456
486
480
488
532
550
582
556
562
570
542
572
578
552
538
550
546
524
494
466
474
462
498
540
550
502
542
548
604
634
570
548
548
536
522
572
594
584
544
484
448
480
494
470
454
388
394
388
338
370
366
366
408
372
358
344
372
268
270
310
294
256
196
188
180
228
224
254
208
174
224
208
226
286
250
214
224
206
206
188
170
154
130
202
196
224
224
200
232
236
196
216
226
248
260
228
310
338
350
312
332
324
392
374
348
404
384
428
414
464
474
482
520
504
476
526
588
596
632
694
670
682
676
622
604
602
610
670
682
656
650
586
576
570
536
518
540
518
518
490
498
500
556
570
584
580
590
524
472
416
454
464
442
386
298
268
248
208
218
242
278
308
316
332
346
316
356
304
306
268
238
246
222
270
250
250
250
158
164
168
218
264
258
292
266
338
340
368
344
362
380
414
428
404
412
438
440
392
424
436
402
384
418
420
398
410
438
420
434
422
440
474
452
510
562
560
536
532
508
468
500
492
494
482
482
518
506
520
484
492
484
492
552
600
542
608
628
562
508
466
444
446
482
464
476
396
402
334
342
346
334
346
318
314
304
306
352
348
356
304
330
336
326
352
340
348
342
354
382
336
276
296
292
346
332
318
266
266
228
176
150
140
154
110
108
180
126
112
86
104
84
102
170
174
172
202
142
196
186
160
96
68
40
60
96
148
172
194
226
164
164
238
244
252
296
284
270
284
298
334
300
264
228
276
238
254
242
276
244
278
248
250
286
294
314
284
296
272
230
192
182
136
144
128
92
92
56
124
112
116
116
122
98
96
102
114
140
146
214
220
212
162
112
126
98
142
96
86
76
76
58
18
8
24
10
12
4
4
114
174
246
210
232
202
218
280
280
284
266
210
182
178
250
238
206
186
158
176
168
126
42
74
66
108
128
194
166
190
184
150
126
102
102
108
110
102
68
96
118
150
172
190
138
120
222
208
290
330
336
330
288
268
262
290
300
316
338
320
350
346
320
322
328
322
310
256
244
206
214
232
184
174
190
202
232
204
214
226
210
190
154
154
134
166
84
98
140
174
190
220
236
176
176
132
122
146
146
150
162
166
172
188
142
182
218
218
272
340
340
338
300
290
300
288
274
286
282
258
260
264
266
254
270
294
358
330
354
358
406
426
382
312
316
324
368
368
436
442
504
502
496
444
412
470
446
422
448
422
466
444
458
466
484
482
492
484
456
452
448
440
360
418
428
470
472
418
384
364
368
326
310
264
190
150
122
140
160
204
248
272
250
244
246
210
162
158
208
204
218
206
210
180
160
170
176
176
124
80
64
88
60
10
8
6
2
34
32
20
78
90
74
62
34
72
72
34
34
2
40
22
20
54
112
146
178
238
226
226
212
192
208
246
204
232
280
282
246
234
236
254
314
292
248
200
230
220
236
276
288
292
292
320
240
216
228
192
228
218
238
304
250
284
266
244
204
250
238
264
274
244
240
274
368
348
408
374
430
498
488
528
614
642
624
620
546
492
534
544
550
586
590
560
592
548
558
542
486
464
458
492
490
492
490
494
460
470
478
490
492
444
512
490
482
466
414
422
392
394
344
346
378
354
308
280
270
234
216
176
194
250
204
222
224
272
296
310
272
288
258
264
256
218
240
248
198
196
214
226
262
250
260
284
238
240
238
254
240
252
210
238
240
188
198
180
142
138
184
152
188
224
234
248
296
298
266
268
244
290
294
290
244
214
216
188
176
134
126
94
182
164
114
140
176
180
176
180
178
126
160
200
246
202
198
208
208
216
194
216
188
202
238
256
254
260
294
272
236
268
292
254
260
258
264
260
284
292
342
318
342
294
358
340
364
360
420
400
418
400
360
396
412
372
352
342
298
324
302
316
292
298
282
286
312
256
246
280
246
174
150
108
84
74
62
74
148
114
126
92
110
84
88
98
118
136
148
108
50
70
82
122
104
82
20
48
48
76
74
62
30
14
76
28
26
14
20
40
84
96
86
50
110
88
110
122
142
132
110
78
18
0
22
80
84
38
70
70
14
0
58
10
22
24
24
66
38
8
56
46
44
0
12
4
28
80
100
122
60
64
60
106
118
122
74
30
44
64
108
94
54
22
10
54
46
34
44
4
28
36
44
22
36
16
6
12
6
20
20
34
48
36
60
74
0
44
16
6
14
10
16
6
14
26
62
98
46
48
96
46
70
58
52
52
92
142
178
196
192
244
226
274
244
248
258
278
340
282
282
248
258
290
294
310
272
292
274
312
330
296
284
270
242
304
314
308
290
306
334
288
282
296
264
284
260
218
228
260
222
240
172
158
106
154
182
134
108
58
12
4
2
48
92
100
154
234
216
218
218
208
248
232
220
244
226
250
276
216
232
260
272
204
252
296
238
298
346
398
412
470
514
534
516
494
552
588
582
542
574
554
548
512
592
592
584
490
506
526
496
516
524
570
570
604
598
620
624
630
618
570
622
614
596
550
598
598
586
588
584
614
598
568
550
570
572
600
568
574
560
558
602
652
600
606
546
566
570
564
562
494
528
536
566
584
552
468
502
530
560
612
572
590
554
496
510
508
480
474
538
556
560
536
580
556
532
584
502
490
514
542
540
534
504
476
516
544
542
534
512
564
534
522
502
452
388
380
362
336
318
266
298
318
278
234
220
196
178
238
258
286
326
318
288
270
266
262
264
286
330
270
238
222
254
204
182
168
128
100
134
132
112
80
138
96
120
144
64
108
102
74
80
52
70
64
74
76
88
100
150
186
228
198
172
172
154
162
168
168
154
150
172
188
200
256
246
294
278
310
336
382
402
380
376
358
296
362
366
382
380
376
320
368
332
306
290
262
280
248
258
234
190
218
208
226
214
194
164
210
218
250
242
238
296
268
278
300
320
358
336
374
364
356
308
306
284
252
268
268
302
316
316
326
296
316
334
368
390
358
338
336
316
284
364
356
394
400
410
370
360
404
458
498
518
548
498
486
472
474
460
490
480
410
444
466
438
450
510
562
476
466
524
528
492
506
496
520
486
440
418
370
434
436
452
466
440
412
432
468
430
456
424
442
426
428
412
346
332
382
430
460
450
432
430
392
382
348
320
304
278
298
336
352
306
376
372
374
410
402
444
448
462
446
462
474
500
448
484
470
478
494
446
482
446
448
454
472
522
450
414
396
326
344
362
360
340
404
402
364
374
386
364
314
348
296
354
314
322
368
362
374
348
398
318
294
314
326
306
252
246
264
270
266
328
274
260
280
288
322
322
344
402
394
416
446
456
418
386
398
432
464
384
394
448
472
430
452
440
520
536
534
508
494
466
472
478
462
492
532
470
468
464
438
446
428
410
356
340
354
352
386
362
344
366
388
362
340
400
402
414
408
358
342
334
350
426
436
444
448
432
368
340
370
340
324
304
302
328
256
196
228
184
224
222
190
194
188
178
132
136
134
194
182
238
196
228
242
288
276
264
288
276
318
280
308
230
268
250
232
202
280
298
292
304
288
284
300
286
282
252
244
228
186
210
220
210
198
214
196
198
250
304
260
316
308
276
288
298
322
350
400
372
424
468
500
524
486
482
450
392
368
338
370
344
340
324
378
408
416
430
424
392
414
404
434
478
496
520
528
532
524
564
592
608
610
564
554
568
552
578
590
606
600
566
594
586
566
576
570
608
596
606
594
592
574
580
578
592
606
590
564
530
480
442
400
402
416
452
472
436
464
424
410
420
420
412
422
468
464
420
368
404
338
318
334
300
320
340
318
248
274
280
306
308
370
404
408
414
448
384
388
366
348
368
418
384
414
466
472
470
458
426
380
342
372
380
418
462
466
520
516
574
520
500
550
616
590
572
610
584
566
526
530
578
538
554
580
558
536
542
572
554
516
500
416
408
394
410
442
450
512
498
544
536
562
590
576
