744
728
704
720
736
722
730
702
718
720
762
766
750
752
748
728
678
690
672
690
682
726
736
768
770
766
780
784
800
830
800
786
752
792
760
800
776
776
806
814
812
826
804
812
810
826
796
814
806
832
832
814
816
810
816
810
802
830
862
866
890
874
886
870
836
850
828
806
826
822
814
814
800
834
844
794
790
774
780
792
790
810
792
778
788
806
840
856
862
852
836
866
898
906
926
940
922
930
922
900
914
932
936
922
898
892
908
906
922
920
896
896
878
904
908
912
884
868
878
888
854
842
868
866
870
862
858
864
874
860
834
844
876
868
830
842
860
860
862
878
900
890
878
904
898
896
900
874
850
828
828
806
814
838
820
816
774
802
814
796
838
896
852
808
814
788
768
792
790
832
854
838
824
848
844
868
868
888
884
910
868
874
848
842
822
860
844
870
870
874
918
914
896
910
920
928
918
882
882
874
874
890
878
892
892
914
892
902
912
904
914
914
928
894
876
846
862
872
874
844
860
878
900
906
924
908
934
924
912
902
908
880
884
884
900
888
930
914
906
886
896
880
884
876
862
834
818
822
850
878
856
846
866
862
856
878
866
842
878
882
896
892
864
858
882
888
904
914
912
896
902
884
864
876
866
902
892
854
854
860
846
842
842
812
800
864
870
886
902
926
922
896
906
922
918
890
898
866
904
894
850
854
854
878
890
888
876
862
848
828
852
822
850
858
816
816
822
818
862
814
830
842
856
858
846
820
848
816
804
822
816
790
796
768
772
788
754
768
782
786
794
820
864
860
886
894
880
892
870
880
884
852
854
860
894
898
902
920
900
898
864
904
900
892
908
890
886
888
900
920
900
854
872
880
864
842
824
830
834
856
810
826
842
862
846
894
866
880
850
846
858
848
844
812
778
756
794
784
764
774
752
782
804
766
788
738
770
748
778
792
804
830
888
886
892
880
888
862
866
848
828
820
804
804
798
794
796
816
846
844
796
820
840
830
870
882
870
888
912
894
912
916
904
894
902
902
888
890
886
918
928
920
946
926
908
900
872
896
896
894
900
900
934
898
916
934
932
944
936
912
886
906
914
930
934
912
928
934
936
936
904
896
882
884
880
912
916
918
920
916
916
902
914
920
908
922
890
904
874
908
904
930
908
932
914
888
866
828
826
858
878
870
886
916
920
920
914
916
892
900
880
910
872
906
904
902
910
902
916
884
910
922
912
878
898
892
886
910
924
922
906
908
896
878
888
894
874
916
888
874
838
864
824
822
826
834
858
830
866
882
858
862
852
834
840
834
822
818
812
864
832
808
834
894
914
912
888
844
796
804
800
778
802
800
776
776
804
790
802
800
788
784
774
820
822
828
836
864
824
826
824
844
820
832
844
816
756
748
730
728
760
796
828
836
836
828
870
878
876
882
882
844
874
892
888
894
888
868
912
898
926
924
888
870
894
862
882
894
896
894
926
924
910
900
912
900
880
896
890
882
874
846
854
872
856
876
858
872
882
884
870
864
878
884
878
878
844
824
846
842
836
810
820
844
812
824
810
828
838
806
816
826
768
736
708
732
772
748
722
750
756
736
726
750
764
832
834
822
844
842
850
844
870
874
878
896
920
896
886
870
866
888
852
832
860
888
894
906
878
898
906
916
858
836
866
914
924
922
916
932
950
930
910
872
854
866
904
900
918
910
940
894
910
906
924
894
862
812
864
856
864
872
890
894
874
870
900
878
854
870
862
866
862
832
834
866
882
882
878
884
884
896
846
864
890
900
906
916
910
912
920
904
884
856
876
902
880
886
888
870
898
920
898
916
918
940
930
916
908
908
904
876
876
854
870
880
876
884
876
874
864
870
842
860
864
846
864
858
846
894
860
846
836
814
840
814
840
808
798
820
848
850
854
806
790
808
812
826
848
870
882
902
884
880
890
882
892
900
916
908
906
904
884
876
870
884
888
856
830
832
828
816
818
832
840
870
856
862
860
856
852
836
798
822
818
834
822
824
866
838
858
840
802
816
834
856
858
866
880
900
880
898
880
824
830
878
886
874
826
822
812
814
778
764
806
800
834
812
814
802
832
844
826
834
802
774
750
766
814
836
866
884
872
824
866
876
870
876
898
862
880
900
924
936
916
902
880
866
854
868
864
836
828
844
892
914
882
886
906
900
894
874
872
902
906
896
864
918
896
880
914
886
862
884
836
856
834
806
770
812
788
778
778
774
780
756
748
718
724
692
692
706
742
750
758
762
748
702
710
734
778
794
766
790
808
822
790
826
826
808
776
768
750
782
798
836
848
870
888
894
850
850
822
842
860
890
894
866
856
812
828
874
860
872
894
912
884
888
894
914
912
910
918
910
884
906
908
896
888
884
874
904
912
898
904
872
886
902
928
926
886
896
902
914
904
852
840
860
830
838
868
846
838
802
812
850
818
818
842
816
820
834
802
858
886
860
854
886
886
868
860
874
842
834
846
876
870
840
824
850
832
814
826
812
804
790
810
822
838
846
862
842
850
832
872
866
894
862
836
872
890
874
882
906
914
882
872
906
894
842
878
892
918
918
912
922
896
900
856
840
818
794
812
820
798
798
832
826
858
884
876
892
890
918
912
896
868
848
870
874
864
856
850
846
818
868
856
852
834
846
808
826
836
834
868
876
866
848
818
840
838
818
822
812
806
822
842
852
808
820
814
814
818
818
776
774
788
802
844
814
856
826
796
856
852
874
820
814
820
838
806
824
862
878
832
846
866
844
852
850
886
910
916
922
888
896
904
882
862
848
852
848
864
834
828
860
868
818
838
876
878
882
882
908
902
930
926
892
936
894
858
854
866
860
854
854
838
832
846
838
808
820
794
778
802
784
764
794
796
812
820
826
842
862
826
840
840
852
878
848
884
888
914
926
922
920
900
858
874
866
842
872
868
856
876
876
878
886
906
896
930
916
910
890
896
878
878
884
838
802
828
840
824
814
806
816
826
854
850
850
850
820
838
856
822
804
806
810
798
780
790
764
740
752
790
820
848
836
826
826
776
798
844
866
866
856
834
822
814
790
756
764
754
742
682
672
680
628
624
626
636
602
606
604
608
624
584
546
538
520
572
598
618
630
640
656
650
660
658
646
640
602
598
560
618
628
654
694
746
766
778
776
752
796
820
808
858
860
866
844
822
828
840
844
860
846
782
760
796
798
764
794
780
796
760
812
808
812
822
816
822
808
800
818
790
808
802
816
802
780
796
778
776
790
782
788
806
794
798
816
826
836
848
870
816
838
874
814
814
832
826
828
862
864
822
806
820
832
822
816
812
830
840
848
856
836
802
796
804
810
838
824
804
826
812
808
810
806
782
782
828
838
822
806
786
786
794
778
832
788
826
820
810
824
834
840
826
784
798
800
772
724
704
698
680
698
708
728
724
730
716
670
684
658
656
660
660
620
614
666
654
636
624
622
654
636
630
624
696
688
672
714
700
744
742
724
718
698
706
712
682
712
720
746
762
726
702
726
732
744
736
726
666
642
642
686
668
650
658
686
690
656
680
702
684
692
674
688
688
676
634
634
612
598
586
598
570
540
538
558
560
580
600
610
602
608
638
652
602
576
554
570
576
550
528
542
546
620
618
620
648
646
594
608
590
574
546
576
548
588
596
618
662
666
708
698
658
684
676
720
734
736
726
716
698
684
710
740
724
716
704
682
702
686
678
704
710
774
772
756
766
812
808
756
770
772
796
750
740
760
696
720
718
718
728
742
774
784
758
788
790
770
786
798
762
768
750
746
780
772
748
732
764
760
786
786
758
778
790
776
782
812
826
832
842
866
854
874
872
856
834
904
918
912
914
890
896
920
936
920
924
928
928
930
960
960
956
962
934
940
936
920
902
936
900
896
900
904
906
878
888
870
860
842
862
858
850
872
862
830
816
818
868
866
856
812
798
764
740
760
796
794
830
862
882
876
848
856
854
882
864
894
888
868
862
840
858
888
910
906
868
890
876
872
834
842
850
814
856
874
870
874
856
840
868
842
810
822
848
850
874
854
854
846
864
870
870
886
936
938
920
920
912
866
830
848
882
892
892
874
874
848
874
908
946
940
918
898
900
900
914
918
896
914
926
898
884
896
872
878
888
884
892
894
910
878
860
820
846
848
876
870
912
890
870
874
876
878
896
886
834
868
896
898
896
928
888
862
890
888
898
910
890
894
860
880
844
876
884
872
846
848
862
876
868
890
886
912
920
902
908
878
872
886
866
840
842
852
836
862
876
870
862
854
834
806
792
784
756
790
776
802
788
814
844
854
852
880
882
884
878
874
892
912
880
846
894
894
882
928
910
918
904
940
872
884
884
882
882
904
896
902
920
898
870
876
850
846
846
844
878
846
880
842
876
852
842
806
804
810
770
786
820
796
802
824
820
784
828
840
832
838
850
832
882
896
892
882
868
864
902
880
878
898
896
872
858
844
872
866
870
862
868
888
904
900
914
926
920
910
898
906
896
894
912
944
910
938
934
936
906
936
926
934
918
928
914
926
912
896
894
906
926
926
880
854
850
844
844
850
