804
806
788
798
772
788
786
838
834
838
844
858
848
826
812
820
838
846
820
820
812
792
758
764
754
778
786
770
784
796
796
824
804
824
800
814
774
778
774
800
818
840
814
770
774
768
746
750
752
766
742
774
748
782
810
802
800
782
788
802
822
838
778
792
816
780
774
808
780
754
802
804
814
840
846
834
790
824
824
804
834
810
788
822
844
830
830
884
906
898
898
902
890
916
914
888
844
854
864
878
866
836
862
896
896
884
862
852
844
864
870
874
874
858
848
834
844
828
840
806
770
764
810
860
816
808
800
838
828
802
804
796
766
748
708
668
664
688
678
694
686
692
670
684
700
692
694
710
678
690
666
678
654
646
644
680
666
634
682
690
714
746
760
740
726
736
754
748
770
790
768
774
778
762
762
758
784
792
746
730
744
754
756
760
758
772
780
826
816
812
822
846
856
814
782
806
806
800
824
826
848
840
854
874
870
884
860
836
774
790
816
760
770
768
772
788
822
814
792
800
810
806
778
788
786
816
782
798
822
818
802
806
830
794
778
784
808
806
790
818
786
768
744
736
722
720
748
716
736
712
646
650
646
658
648
664
682
690
732
696
710
734
714
730
708
712
668
684
654
648
634
652
632
630
660
660
648
628
666
642
658
662
656
634
636
620
642
610
654
588
544
526
586
544
516
530
552
564
590
606
540
498
506
492
530
518
508
572
582
536
552
550
530
500
496
506
486
478
490
478
480
458
436
450
468
464
520
534
474
510
540
546
542
532
594
612
644
632
678
688
662
658
670
626
636
658
606
608
602
590
610
640
658
676
702
684
670
618
656
696
714
722
764
746
714
742
736
724
738
770
774
806
800
818
822
838
840
852
844
852
844
870
846
804
792
794
810
786
800
808
788
816
816
804
804
818
798
800
780
780
800
846
888
906
876
866
854
850
838
864
860
872
902
922
880
854
876
908
840
826
842
840
844
830
884
872
850
838
842
832
836
836
832
824
800
766
786
764
736
762
804
772
770
830
790
792
800
774
774
780
808
802
788
810
846
846
810
798
730
742
744
758
732
734
706
712
704
654
680
668
654
706
740
678
682
716
750
762
806
780
702
698
652
638
646
608
592
648
690
728
726
766
774
820
852
852
804
852
828
830
860
886
844
818
810
846
820
782
788
822
818
832
828
810
832
878
870
886
894
876
858
860
814
852
878
858
872
894
918
922
942
946
912
908
926
908
882
890
844
820
804
822
762
760
768
792
798
806
798
810
750
760
762
746
732
744
738
770
760
768
694
702
692
698
690
684
652
696
692
724
738
698
662
676
668
688
666
704
698
660
656
668
706
736
788
822
802
848
874
870
912
918
914
886
846
844
822
802
802
796
790
802
788
778
760
722
722
738
730
738
728
724
746
758
796
838
856
838
886
882
846
854
860
862
850
874
862
894
888
874
874
890
898
918
906
898
888
852
834
870
882
864
872
928
926
880
888
876
868
848
848
830
794
814
808
818
834
870
834
846
864
868
826
838
856
880
860
858
848
854
870
848
834
852
872
910
900
886
890
914
896
900
894
888
894
906
892
868
870
864
868
860
850
880
872
882
898
848
824
820
798
776
752
766
722
754
756
786
802
796
818
834
810
836
828
816
836
830
882
860
848
834
818
804
832
826
752
760
752
756
770
760
750
786
780
780
806
748
758
766
776
762
776
754
778
782
780
782
766
760
740
798
814
834
818
794
812
794
788
796
778
748
756
724
726
674
692
742
720
760
780
770
762
740
740
734
742
772
786
772
704
706
722
740
746
732
734
718
658
686
636
664
652
664
636
658
682
678
652
644
642
630
676
690
702
728
774
708
708
704
734
746
714
712
734
724
756
788
804
816
798
794
794
790
806
804
830
886
880
876
920
920
928
904
922
928
884
844
812
806
832
800
744
762
762
780
772
786
756
766
756
726
692
716
750
784
786
788
784
814
814
824
846
832
844
848
840
826
814
790
794
804
780
744
710
720
764
776
788
776
768
796
830
838
798
782
784
850
860
900
908
906
872
884
870
848
824
814
830
842
862
856
844
814
844
840
842
822
828
812
836
816
834
824
802
810
828
852
830
824
772
784
764
780
790
816
776
800
844
836
852
864
870
874
870
866
844
856
866
910
894
872
894
900
902
868
882
894
888
880
902
880
906
882
852
890
892
910
918
892
888
868
856
864
884
886
884
862
840
836
856
890
878
866
842
812
802
806
792
824
804
800
818
802
792
800
784
834
832
772
816
868
852
830
824
818
822
830
826
818
802
810
804
774
798
812
796
818
848
870
874
846
862
826
842
850
868
844
850
842
836
836
846
842
840
888
886
898
924
944
904
900
890
844
886
892
874
884
876
908
886
878
858
858
870
852
844
850
876
900
898
894
890
904
882
866
880
876
844
844
798
792
808
836
842
834
844
822
790
846
844
846
854
832
808
814
818
846
822
818
822
834
838
838
830
804
828
808
776
810
826
824
810
848
842
854
854
868
906
898
834
828
834
864
886
878
868
856
880
904
898
918
910
904
882
874
906
882
886
894
900
884
910
914
888
888
876
838
802
824
842
808
804
798
820
796
784
816
806
810
852
878
860
848
802
792
802
804
808
826
854
834
810
794
770
750
762
786
808
854
862
842
854
868
864
834
820
836
840
828
822
850
776
748
714
748
730
766
758
770
788
788
798
806
828
838
846
834
824
854
846
850
842
850
824
790
800
794
786
824
784
786
838
836
800
780
764
804
794
806
812
808
834
820
800
736
712
712
754
796
836
856
834
850
862
852
818
864
870
862
868
880
876
880
868
878
890
900
860
860
828
840
844
856
872
874
846
830
802
802
812
796
824
800
802
794
770
790
810
810
800
798
794
846
834
896
902
866
882
856
842
836
854
830
838
838
816
834
816
826
812
818
824
802
830
796
794
796
784
760
800
818
810
794
804
830
812
870
854
864
864
894
886
880
856
864
860
864
910
900
916
874
876
862
894
850
836
802
812
796
808
802
748
784
800
798
770
766
756
800
770
756
768
766
778
768
788
786
774
816
806
794
812
802
844
826
804
796
790
766
760
746
712
746
732
686
674
658
634
624
608
562
528
550
548
534
566
546
516
496
502
540
540
542
522
572
584
612
604
612
638
632
622
606
594
606
622
694
698
690
716
706
748
740
736
732
700
698
736
750
736
738
774
750
722
692
694
732
720
704
718
732
718
668
660
700
668
726
714
762
758
724
700
684
656
632
630
652
628
634
636
654
642
646
656
650
674
682
698
706
686
706
690
698
694
690
714
666
670
658
674
658
708
674
660
676
716
738
696
696
662
644
632
642
638
650
650
688
708
648
682
694
666
620
638
664
662
692
718
704
694
718
728
734
786
794
814
856
832
826
836
856
852
858
872
890
848
842
854
850
876
878
908
900
876
832
836
860
880
864
846
896
918
914
890
910
898
912
898
904
900
930
918
930
902
906
888
890
900
888
884
902
904
922
888
870
846
874
870
878
854
844
786
800
800
796
824
814
826
836
840
834
828
822
826
820
830
796
802
816
840
854
896
892
884
904
882
894
908
878
884
890
894
862
878
910
920
934
896
892
922
936
926
904
882
904
890
896
888
888
892
862
866
904
904
872
902
898
862
894
876
884
848
836
818
828
806
856
878
858
866
884
864
888
898
884
870
848
866
880
842
808
834
854
844
858
858
886
856
864
852
902
918
886
838
860
848
874
854
872
898
924
924
942
926
904
906
928
924
908
892
930
924
904
868
854
854
854
854
832
826
830
854
854
862
872
868
854
866
856
876
886
852
860
840
874
900
912
920
908
912
906
916
924
912
922
918
912
914
894
908
904
888
902
910
904
884
908
868
894
886
922
928
940
944
934
934
930
902
862
870
872
832
852
898
882
868
820
786
792
804
796
842
876
836
848
862
864
884
892
848
868
880
866
862
902
858
846
846
824
782
766
750
772
792
828
848
852
824
804
804
832
852
858
818
834
836
868
896
898
908
894
868
858
866
872
872
900
894
886
878
860
804
766
770
732
784
798
818
834
842
846
830
840
862
872
902
898
882
890
884
854
860
880
928
898
894
894
912
924
922
904
890
878
874
896
888
900
934
922
888
870
864
826
828
818
840
838
840
810
840
844
850
870
872
874
864
838
814
818
794
812
826
814
844
864
864
864
874
886
900
884
892
912
908
892
918
928
876
848
828
832
808
822
802
800
802
820
836
854
870
890
872
886
892
896
898
864
862
862
850
876
886
920
876
862
854
864
886
860
854
834
854
856
860
878
902
918
922
902
878
902
926
898
878
866
884
880
852
810
816
818
826
776
856
854
852
840
894
878
878
864
850
834
882
870
902
928
912
910
890
884
868
852
838
818
812
842
860
868
878
836
848
856
836
858
904
906
880
892
840
830
834
822
834
814
828
856
864
882
878
880
854
864
880
882
836
822
808
822
782
804
822
798
794
784
824
818
860
874
848
868
872
864
872
856
860
838
848
888
930
936
920
912
884
888
884
860
878
874
894
906
890
886
860
856
896
874
888
900
