20
16
22
46
70
24
88
20
88
36
28
30
106
128
190
274
280
264
242
298
256
204
256
150
148
156
148
78
0
92
134
124
244
192
98
148
184
174
146
202
240
266
302
304
250
284
264
242
256
242
148
96
166
152
126
90
202
256
306
262
192
220
150
194
268
240
348
284
254
352
280
340
478
482
434
444
406
444
426
398
342
342
294
236
148
192
258
270
228
264
280
306
342
216
290
280
274
304
258
290
224
178
180
132
204
226
230
350
358
240
258
276
190
194
264
290
248
232
234
224
264
188
268
436
520
522
548
470
366
308
358
390
332
402
500
590
602
672
696
754
782
904
764
648
686
614
722
852
958
896
798
798
876
850
830
942
1030
1024
1010
928
962
1024
1050
1024
1044
1148
1146
1170
1176
1176
1238
1302
1362
1402
1378
1290
1348
1390
1412
1422
1344
1302
1298
1296
1234
1188
1216
1252
1322
1252
1180
1054
1106
1232
1222
1190
1220
1180
1238
1356
1316
1388
1342
1270
1338
1384
1320
1306
1234
1316
1372
1336
1260
1200
1292
1306
1248
1316
1220
1224
1232
1300
1354
1248
1324
1394
1324
1390
1264
1348
1450
1422
1362
1360
1296
1302
1362
1430
1408
1544
1466
1416
1516
1484
1328
1288
1312
1276
1274
1242
1214
1260
1256
1172
1248
1312
1410
1496
1508
1610
1552
1520
1496
1452
1448
1568
1534
1548
1566
1516
1522
1428
1420
1444
1440
1386
1438
1472
1594
1552
1500
1548
1662
1660
1658
1636
1714
1826
1762
1762
1820
1818
1806
1806
1798
1908
1914
1900
1862
1906
1816
1832
1738
1704
1612
1542
1624
1560
1690
1700
1720
1702
1674
1658
1644
1674
1704
1606
1556
1478
1434
1390
1300
1256
1236
1198
1208
1320
1396
1422
1354
1310
1290
1466
1474
1494
1506
1468
1588
1546
1548
1512
1594
1540
1490
1456
1472
1576
1456
1420
1488
1470
1416
1398
1390
1388
1478
1504
1462
1456
1556
1630
1730
1800
1826
1858
1976
1986
1950
1910
2014
2046
2062
2018
2038
2100
1966
1894
1734
1614
1554
1446
1376
1256
1300
1384
1374
1372
1324
1332
1400
1436
1388
1320
1316
1294
1294
1280
1234
1182
1134
936
896
834
804
830
794
816
730
720
710
802
762
812
754
720
796
824
758
756
674
708
834
750
768
794
854
884
760
726
738
912
1000
908
902
884
926
860
904
830
936
858
978
916
830
836
926
980
950
972
906
806
852
846
936
980
942
1034
1054
1142
1220
1214
1240
1262
1186
1198
1236
1314
1362
1242
1264
1254
1218
1178
1308
1200
1088
1022
980
1010
1064
1118
992
932
1000
1036
1014
1038
1018
1042
1090
1104
1032
1108
1074
1160
1252
1324
1220
1142
1072
1018
1066
1006
980
958
954
984
1118
1120
1060
1022
1008
984
904
902
776
646
640
662
580
480
546
556
476
498
448
524
414
356
334
362
388
494
366
348
356
336
388
432
426
462
422
332
370
414
454
444
504
544
578
570
598
602
632
486
396
308
320
358
284
382
380
364
372
340
386
384
500
474
622
616
634
620
630
644
614
638
654
730
782
706
730
638
612
630
572
516
446
472
544
588
610
602
586
470
494
534
470
400
432
512
418
392
348
308
370
338
468
470
420
364
400
404
412
434
390
340
242
312
286
292
348
282
308
244
240
190
156
148
240
266
276
320
230
292
298
296
282
254
270
348
370
544
598
642
564
622
608
480
420
452
474
314
224
110
134
132
78
50
52
0
32
74
148
140
122
120
196
128
148
86
12
56
12
74
128
114
14
24
26
12
92
112
106
176
242
218
148
140
100
124
176
74
48
84
100
46
120
128
38
40
0
48
74
48
18
12
0
70
6
76
84
232
160
220
182
34
28
116
124
198
180
116
126
134
134
156
150
124
154
90
44
84
94
92
80
36
102
110
154
6
50
66
92
72
84
270
224
280
310
346
298
270
328
436
354
424
492
504
490
510
488
582
486
344
306
450
534
536
422
458
488
484
444
512
544
470
490
488
546
442
336
396
458
402
458
442
402
330
312
410
456
518
566
712
784
722
708
660
498
510
524
516
536
506
586
556
570
672
672
646
568
678
640
734
852
968
936
1008
870
900
960
980
952
950
900
904
880
846
904
858
942
916
924
818
764
800
948
970
962
976
1002
942
820
896
902
980
1104
1246
1212
1152
1162
1166
1220
1274
1156
1140
1102
1098
1168
1182
1134
1056
978
994
976
1024
1040
980
916
940
1040
958
926
888
926
908
938
998
978
1028
894
984
1018
1056
1130
1158
1116
1100
1082
988
994
1100
1036
950
1074
1128
1090
1092
1160
1202
1244
1158
1132
906
866
820
698
724
742
832
788
918
1044
936
1008
1048
958
962
916
946
936
880
876
912
916
1042
888
1004
1060
1050
972
1118
1206
1302
1334
1326
1154
1128
1146
1198
1206
1142
1256
1268
1344
1308
1470
1564
1578
1600
1556
1498
1546
1512
1516
1410
1434
1528
1592
1572
1520
1408
1444
1418
1360
1316
1256
1204
1108
1142
1160
1170
1210
1202
1360
1302
1360
1252
1220
1270
1346
1332
1198
1226
1350
1420
1424
1400
1430
1368
1354
1368
1336
1374
1424
1396
1398
1310
1174
1126
1126
1162
1162
1038
930
1038
1208
1274
1234
1198
1230
1108
1268
1146
1092
1090
934
1026
1068
1026
1044
1156
1186
1170
1112
1096
1128
1222
1148
1160
1148
1140
1128
1120
1070
1040
966
1014
950
1008
936
938
930
828
860
896
914
974
984
1046
948
976
852
706
748
762
804
850
972
1054
1044
1042
1022
1048
962
1094
970
1032
1044
1098
1148
1166
1098
1098
1202
1042
1170
1170
1134
1044
1086
1050
1034
1056
1054
1036
1058
970
972
944
916
964
930
844
818
884
824
872
698
648
512
498
520
598
614
594
594
606
584
614
692
672
764
896
820
812
840
856
776
816
784
758
762
750
622
658
664
614
678
732
768
730
728
684
732
676
730
770
724
786
816
742
848
828
884
788
890
900
954
918
958
906
912
852
878
886
842
802
852
776
674
650
656
702
742
748
714
606
598
618
708
768
764
844
898
956
930
886
736
736
754
786
754
714
680
702
672
680
560
594
492
512
608
582
486
452
468
474
444
516
386
402
372
432
392
404
356
458
434
340
332
352
302
334
368
412
462
442
444
400
410
394
400
372
302
274
284
426
456
432
410
384
414
400
440
382
352
352
324
354
372
344
282
300
340
196
198
188
134
138
132
60
136
236
266
262
302
278
334
312
232
192
186
226
196
156
162
210
310
436
486
378
346
358
332
426
484
424
546
546
540
520
482
398
368
326
342
276
270
122
102
192
284
386
394
302
320
400
442
580
614
660
620
572
660
682
680
718
710
692
682
796
816
832
844
840
864
860
876
952
956
1008
976
1000
948
1008
972
928
990
920
818
924
884
912
976
922
878
780
792
852
770
722
684
674
692
666
550
606
594
772
728
694
648
766
684
676
654
616
716
724
782
812
710
796
766
696
610
568
556
562
522
472
526
562
574
472
352
328
342
350
402
254
280
408
432
526
430
524
560
386
432
324
242
264
298
392
386
436
366
250
220
282
358
360
414
382
410
436
582
558
540
530
498
444
410
498
428
452
498
472
574
688
748
902
892
734
700
746
848
868
878
882
870
828
818
778
746
734
828
910
962
994
974
1088
1118
1120
1100
1094
1106
1222
1190
1046
1014
1034
1030
960
1014
942
1004
992
1034
1028
964
924
1024
1026
992
996
1002
936
924
944
962
960
920
982
942
960
1082
1168
1158
1212
1192
1130
1134
1128
1000
1008
1056
1072
1050
1078
1056
1184
1194
1314
1244
1280
1298
1402
1470
1480
1516
1540
1548
1544
1590
1532
1544
1528
1548
1524
1548
1494
1344
1392
1260
1190
1032
1214
1238
1226
1230
1242
1160
1188
1132
1176
1132
1054
996
912
842
808
952
1034
928
848
816
856
902
1028
1010
1050
1078
1164
1324
1334
1266
1374
1344
1394
1392
1346
1302
1300
1358
1288
1260
1268
1320
1364
1400
1326
1158
1124
1294
1296
1264
1220
1124
1142
1090
1046
1046
1004
978
1026
974
930
808
796
766
738
714
600
584
566
596
656
528
516
390
420
542
434
454
454
426
480
530
554
474
476
512
594
514
418
472
474
494
420
500
564
686
566
528
562
574
652
680
620
660
782
784
670
652
686
700
728
742
832
768
624
594
756
724
712
688
736
838
1022
1148
1154
1148
1144
1174
1126
1214
1230
1348
1450
1422
1434
1350
1298
1354
1298
1302
1194
1268
1364
1370
1370
1368
1382
1380
1516
1528
1604
1618
1528
1552
1510
1550
1534
1412
1460
1486
1540
1502
1546
1444
1434
1426
1416
1420
1392
1422
1350
1316
1304
1306
1200
1096
1104
1128
1074
1148
1082
1062
1006
940
886
762
712
578
582
648
650
648
692
640
676
608
616
552
500
522
616
672
596
634
642
666
764
634
668
638
604
520
522
498
362
302
298
236
332
286
220
262
254
238
260
244
180
60
124
116
18
78
42
46
96
118
110
142
144
220
212
122
260
296
318
346
342
360
298
464
420
298
282
274
180
134
54
38
52
52
158
160
148
40
36
84
26
12
14
4
26
74
12
32
114
124
48
102
72
48
116
162
140
144
84
150
80
114
40
52
0
64
56
54
68
156
174
100
62
134
202
194
274
368
404
400
308
260
266
384
390
410
424
412
474
518
536
542
442
380
352
410
338
232
308
206
226
196
258
198
218
210
234
248
250
286
274
190
172
94
204
162
104
92
84
148
150
208
164
188
142
152
156
98
126
188
164
204
200
176
120
120
118
126
162
230
202
176
96
130
160
156
148
112
44
128
126
56
44
84
102
144
128
130
26
86
104
110
126
152
158
64
100
248
210
198
226
276
374
300
212
260
300
296
264
372
364
456
456
522
494
430
332
196
206
136
118
126
82
38
58
8
14
8
112
18
120
88
36
134
102
86
158
180
170
126
250
256
198
172
118
146
186
116
268
284
286
366
340
272
302
310
412
450
436
482
458
414
434
342
388
366
408
460
550
562
600
606
594
654
532
530
654
580
682
674
688
690
686
