7756
7742
7714
7634
7554
7516
7532
7492
7564
7616
7588
7642
7592
7572
7530
7594
7522
7514
7626
7702
7562
7530
7528
7414
7330
7292
7400
7310
7262
7280
7398
7444
7454
7494
7538
7556
7620
7712
7660
7614
7612
7648
7606
7568
7552
7486
7518
7588
7672
7676
7646
7694
7678
7634
7782
7752
7758
7780
7804
7716
7660
7578
7616
7560
7680
7620
7602
7760
7794
7764
7796
7678
7652
7762
7674
7746
7630
7582
7606
7562
7650
7808
7876
7868
7836
7836
7802
7786
7798
7766
7634
7616
7618
7684
7496
7446
7500
7500
7560
7580
7530
7552
7650
7696
7662
7542
7520
7514
7422
7420
7494
7532
7592
7564
7532
7540
7400
7570
7386
7370
7426
7454
7392
7336
7402
7610
7702
7696
7752
7686
7746
7768
7838
7868
7906
7916
7736
7640
7670
7734
7872
7914
7882
7932
7774
7710
7660
7766
7816
7764
7696
7786
7780
7768
7792
7752
7712
7860
7892
7842
7736
7736
7708
7714
7742
7812
7776
7672
7754
7642
7798
7776
7808
7896
7862
7860
7914
7836
7878
7940
7956
7942
7946
7826
7872
7930
7830
7818
7838
7862
7902
7874
7880
7962
8066
8118
8104
8128
8084
8072
8048
8040
7970
8030
7998
8082
8032
7928
7850
7858
7756
7766
7782
7716
7764
7836
7858
7908
8000
8076
8154
8134
8072
8004
7996
8018
7976
8006
7998
7946
7900
7882
7760
7744
7716
7694
7698
7826
7916
7874
7756
7740
7686
7622
7576
7648
7630
7794
7790
7708
7634
7614
7578
7510
7560
7528
7622
7562
7460
7470
7434
7524
7534
7512
7404
7410
7446
7456
7514
7528
7542
7650
7658
7606
7652
7630
7684
7702
7724
7742
7756
7812
7704
7656
7706
7740
7684
7676
7612
7628
7640
7688
7744
7658
7556
7634
7648
7598
7512
7600
7668
7644
7454
7404
7424
7562
7540
7516
7548
7590
7634
7650
7588
7656
7684
7732
7652
7668
7676
7610
7554
7640
7752
7732
7656
7606
7720
7660
7702
7690
7736
7722
7698
7692
7714
7566
7620
7824
7752
7666
7636
7794
7858
7772
7712
7804
7760
7736
7770
7818
7752
7694
7624
7546
7472
7508
7550
7526
7570
7534
7646
7644
7742
7690
7764
7738
7744
7740
7840
7720
7730
7752
7778
7750
7698
7752
7754
7836
7792
7748
7842
7876
7860
7824
7822
7848
7874
7954
7850
7794
7824
7816
7800
7702
7702
7716
7696
7598
7536
7588
7556
7572
7526
7548
7588
7680
7674
7704
7732
7806
7794
7796
7716
7672
7678
7638
7646
7714
7686
7674
7688
7654
7652
7750
7802
7798
7662
7608
7530
7670
7728
7744
7730
7744
7728
7728
7778
7796
7662
7664
7638
7624
7500
7418
7560
7642
7668
7628
7618
7664
7750
7786
7668
7618
7666
7750
7652
7636
7534
7606
7608
7624
7652
7704
7726
7736
7630
7684
7738
7722
7752
7770
7742
7754
7732
7636
7636
7686
7630
7628
7660
7550
7584
7510
7540
7504
7492
7572
7570
7656
7562
7440
7506
7460
7526
7614
7604
7558
7626
7644
7580
7666
7658
7706
7716
7732
7780
7832
7744
7728
7674
7638
7648
7712
7664
7680
7822
7704
7790
7832
7780
7816
7784
7854
7832
7880
7848
7676
7684
7766
7816
7910
7910
7766
7852
7928
7818
7876
7896
7908
7998
8008
7962
7968
7828
7848
7790
7590
7652
7710
7830
7788
7810
7828
7810
7822
7808
7838
7854
7922
7856
7874
7844
7804
7824
7782
7718
7786
7664
7638
7680
7664
7594
7626
7640
7668
7686
7772
7808
7828
7912
7926
7930
7896
7898
7692
7698
7752
7766
7882
7846
7826
7762
7686
7664
7678
7658
7622
7554
7578
7600
7576
7722
7642
7632
7654
7610
7620
7608
7608
7614
7636
7548
7588
7626
7590
7626
7678
7840
7918
7864
7764
7732
7752
7758
7704
7698
7806
7822
7774
7694
7656
7636
7734
7678
7592
7622
7752
7636
7606
7656
7590
7468
7524
7552
7582
7530
7622
7608
7682
7624
7614
7704
7720
7736
7742
7802
7778
7854
7866
7938
7898
7890
7866
7838
7830
7932
7988
7940
7914
7874
7952
7978
8022
8016
7994
8052
7956
7916
7914
7930
7884
7908
7854
7882
7868
7852
7852
7836
7798
7766
7786
7670
7682
7684
7730
7796
7824
7838
7952
7940
7988
7930
7844
7850
7790
7728
7808
7774
7810
7762
7812
7832
7798
7770
7872
7856
7822
7774
7842
7670
7696
7666
7554
7498
7516
7560
7712
7674
7674
7740
7712
7626
7704
7688
7722
7740
7678
7740
7802
7736
7724
7788
7780
7802
7864
7776
7792
7816
7678
7676
7678
7748
7764
7710
7776
7752
7790
7818
7882
7858
7842
7790
7740
7716
7722
7696
7696
7684
7654
7666
7666
7652
7732
7758
7748
7776
7648
7532
7636
7666
7776
7774
7760
7722
7728
7778
7646
7654
7732
7684
7686
7614
7470
7546
7524
7504
7528
7540
7508
7548
7554
7622
7648
7682
7744
7738
7694
7714
7680
7674
7752
7718
7744
7788
7716
7694
7636
7698
7678
7650
7692
7764
7700
7668
7596
7622
7662
7664
7674
7778
7774
7832
7852
7710
7694
7746
7688
7686
7712
7766
7812
7838
7856
7788
7778
7688
7684
7672
7688
7826
7714
7768
7754
7788
7706
7670
7668
7718
7618
7668
7708
7746
7750
7694
7616
7652
7600
7624
7550
7560
7516
7526
7534
7516
7654
7718
7688
7650
7630
7628
7592
7546
7442
7432
7470
7420
7410
7450
7612
7504
7554
7530
7508
7530
7548
7546
7608
7602
7652
7620
7568
7538
7662
7638
7580
7538
7554
7580
7470
7450
7344
7520
7502
7650
7616
7570
7576
7716
7544
7578
7642
7726
7618
7690
7716
7688
7778
7726
7674
7730
7792
7836
7822
7932
7906
7934
7808
7856
7810
7946
7976
8076
8004
8046
7888
7886
7836
7960
7958
7894
7814
7688
7742
7756
7822
7812
7858
7770
7870
7872
7910
7860
7794
7692
7756
7660
7660
7562
7628
7648
7730
7730
7694
7686
7700
7526
7556
7638
7626
7592
7624
7664
7696
7690
7738
7724
7676
7656
7666
7640
7636
7640
7714
7732
7706
7784
7778
7826
7768
7692
7684
7694
7728
7750
7740
7736
7702
7760
7694
7704
7544
7460
7606
7626
7646
7610
7568
7588
7540
7560
7434
7392
7484
7562
7642
7704
7686
7612
7602
7634
7704
7716
7706
7704
7604
7576
7576
7534
7598
7482
7478
7436
7410
7344
7298
7330
7346
7442
7394
7326
7398
7512
7540
7624
7530
7498
7450
7326
7372
7446
7450
7482
7338
7412
7456
7480
7374
7250
7278
7142
7178
7124
7232
7170
7130
7240
7246
7148
7262
7190
7206
7018
6994
7142
7172
7230
7364
7316
7360
7376
7310
7328
7292
7362
7322
7240
7294
7174
7106
7190
7118
7122
7082
7138
7102
7138
6964
6910
6936
6908
6988
6968
7052
7078
7148
7158
7156
7190
7150
7104
7054
7086
7126
7074
7124
7222
7166
7146
7252
7326
7274
7280
7294
7406
7374
7342
7324
7320
7324
7410
7392
7344
7440
7388
7466
7472
7518
7454
7326
7260
7288
7330
7306
7312
7392
7526
7544
7446
7542
7468
7528
7616
7546
7654
7566
7600
7530
7538
7634
7596
7640
7672
7658
7592
7630
7638
7682
7802
7762
7660
7580
7532
7584
7542
7630
7572
7554
7560
7476
7454
7402
7496
7538
7476
7470
7644
7600
7588
7568
7646
7694
7704
7744
7700
7646
7626
7606
7594
7422
7646
7576
7532
7574
7594
7714
7690
7676
7658
7592
7524
7438
7410
7458
7418
7424
7378
7434
7426
7340
7484
7370
7412
7436
7580
7546
7482
7588
7612
7568
7592
7568
7662
7686
7694
7650
7658
7794
7840
7716
7728
7896
7756
7870
7916
8010
7990
7926
7948
7900
7898
7910
7962
8032
7890
7748
7806
7724
7778
7766
7758
7816
7832
7872
7966
7856
7876
7774
7762
7758
7606
7598
7886
7898
7832
7880
7892
7886
7896
7862
7930
7896
7928
7960
7932
7846
7814
7866
7840
7774
7644
7592
7642
7706
7826
7884
7908
7866
7710
7762
7752
7744
7840
7872
7886
7864
7954
7900
7962
8010
7996
7872
7934
8002
7922
7898
7892
7990
7956
7868
7884
7934
7854
7836
7776
7766
7864
7806
7900
7882
7922
7980
8000
8030
7988
7954
7914
7902
7864
7810
7764
7814
7844
7866
7978
8018
8108
8074
8076
8024
8084
7984
7922
7910
7894
7872
7840
7834
7894
7880
7860
7766
7824
7814
7814
7954
8026
8050
8034
8046
7976
7898
7898
7934
7836
7964
7934
7934
7974
7888
7856
7926
7964
7878
7890
7912
7804
7768
7686
7704
7594
7744
7686
7698
7796
7748
7814
7772
7808
7806
7794
7836
7868
7866
7952
7954
7910
7840
7882
7906
7876
7872
7936
7942
7846
7878
7860
7848
7872
7810
7790
7768
7764
7816
7850
7844
7810
7766
7774
7824
7870
7942
7904
7854
7972
7952
7964
7922
7886
7792
7712
7830
7862
7884
7764
7758
7710
7742
7774
7704
7786
7826
7870
7724
7770
7744
7670
7578
7634
7618
7638
7520
7660
7684
7656
7622
7646
7738
7824
7710
7722
7844
7768
7820
7776
7816
7854
7908
7804
7864
7814
7862
7814
7724
7690
7760
7752
7702
7560
7590
7596
7476
7624
7604
7562
7698
7638
7680
7766
7782
7818
7846
7774
7742
7836
7880
7898
7910
7852
7812
7784
7722
7778
7728
7768
7696
7728
7734
7766
7718
7770
7814
7844
7836
7762
7746
7680
7534
7512
7556
7566
7644
7726
7728
7690
7788
7730
7742
7668
7612
7608
7528
7548
7626
7586
7724
7642
7810
7782
7984
7958
7862
7828
7778
7742
7732
7688
7618
7634
7596
7612
7474
7524
7528
7562
7574
7518
7504
7502
7454
7372
7426
7552
7662
7620
7696
7710
7656
7666
7608
7766
7882
7764
7852
7856
7870
7900
7846
7800
7722
7700
7800
7736
7742
7834
7948
7888
7898
7898
7936
7924
7972
7966
7864
7864
7918
7838
7880
7936
7880
7886
7776
7770
7824
7854
7816
7776
7774
7780
7754
7688
7622
7608
7582
7636
7602
7562
7622
7618
7568
7552
7588
7696
7648
7596
7546
7536
7540
7534
7506
7462
7542
7556
7582
7696
7802
7704
7724
7906
7874
7820
7892
8016
7932
7966
7938
7910
7860
7846
7928
7920
7904
7864
7936
7842
7834
7844
7898
7894
7864
7872
7892
7908
8016
7924
8006
8126
8114
8128
8086
8046
8018
8064
8082
8100
8186
8134
8254
8238
8182
8116
8138
8170
8118
8014
8010
7964
7982
7978
7892
7952
7950
7934
7930
7952
7998
7972
7966
7840
7800
7740
7766
7720
7792
7870
7872
7836
7736
7656
7694
7588
7586
7724
7752
7738
7798
7900
7838
7790
7826
7796
7776
7794
7814
7828
7844
7872
7858
7934
7940
7950
7952
7848
7750
7938
7894
7930
7848
7886
7902
7992
8046
8104
8150
8156
8148
8036
8024
7940
7952
7852
7784
7804
7734
7792
7762
7702
7826
7802
7698
7780
7824
7840
7748
7822
7850
7844
7886
7810
7690
7796
7928
7974
7968
7950
7920
7978
7934
7982
7944
7974
7966
7974
7900
7962
7984
7962
7882
7740
7790
7774
7828
7726
7846
7696
7812
7846
7826
7830
7826
7768
7680
7794
7692
7692
7728
7790
7812
7874
7832
7834
7910
7886
7822
7730
7820
7756
7862
7780
7868
7926
7906
7796
7722
7598
7532
7524
7518
7582
7606
7566
7536
7428
7456
7580
7770
7754
7648
7708
7642
7644
7634
7622
7658
7714
7800
7676
7702
7702
7712
7752
7692
7592
7588
7616
7566
7542
7524
7446
7404
7394
7538
7606
7566
7608
7658
7640
7590
7580
7544
7484
7536
7504
7444
7538
7594
7512
7566
7568
7604
7698
7696
7660
7646
7620
7580
7610
7614
7652
7626
7530
7608
7560
7580
7554
7514
7446
7512
7598
7602
7580
7590
7538
7554
7648
7560
7578
7594
7594
7588
7614
7666
7630
7546
7486
7500
7638
7718
7654
7722
7612
7640
7576
7554
7522
7410
7368
7442
7428
7392
7380
7368
7460
7486
7526
7660
7718
7778
7750
7704
7786
7790
7884
7806
7838
7814
7864
7800
7782
7808
7890
7888
7850
7790
7762
7710
7656
7654
7620
7600
7586
7644
7724
7744
7674
7582
7604
7686
7718
7710
7856
7784
7746
7768
7850
7832
7808
7796
7886
7826
