2208
2180
2140
2158
2198
2218
2200
2090
2114
2196
2242
2176
2148
2154
2224
2342
2422
2354
2332
2370
2422
2438
2618
2672
2680
2718
2756
2692
2698
2662
2694
2716
2686
2684
2650
2600
2566
2602
2528
2446
2472
2482
2494
2610
2568
2558
2592
2628
2592
2600
2570
2604
2658
2494
2458
2364
2300
2318
2276
2264
2278
2378
2348
2442
2412
2490
2400
2490
2360
2404
2368
2422
2460
2482
2492
2504
2554
2574
2670
2714
2770
2710
2690
2646
2672
2680
2692
2626
2630
2706
2728
2744
2752
2724
2654
2654
2670
2656
2560
2582
2608
2656
2544
2582
2578
2542
2586
2666
2788
2750
2728
2664
2638
2594
2602
2612
2620
2618
2572
2554
2486
2502
2460
2530
2540
2528
2510
2556
2592
2556
2522
2574
2544
2488
2574
2556
2602
2522
2520
2528
2520
2498
2384
2428
2462
2372
2450
2414
2436
2586
2658
2590
2592
2592
2626
2614
2484
2496
2478
2470
2536
2472
2488
2464
2468
2466
2490
2464
2500
2578
2614
2608
2542
2444
2470
2482
2346
2150
2290
2238
2300
2264
2250
2292
2246
2196
2202
2208
2212
2172
2092
2160
2188
2170
2136
2174
2054
1988
1906
1932
1842
1894
1888
1846
1938
1888
1834
1718
1708
1744
1776
1818
1912
1830
1784
1708
1728
1760
1720
1754
1770
1816
1772
1800
1842
1788
1882
1992
1998
2034
1990
2032
2054
2044
2054
2028
2032
2052
2082
2020
1998
1952
1962
1950
1878
1864
1892
1904
1954
1926
1964
2052
2006
2046
2030
1962
1884
1932
1994
1954
1926
1850
1826
1786
1778
1772
1860
1898
1948
1894
1946
1896
1796
1810
1872
1816
1800
1840
1798
1712
1734
1720
1792
1750
1760
1682
1778
1796
1780
1814
1830
1740
1698
1780
1728
1788
1918
1840
1876
1800
1682
1722
1660
1656
1660
1622
1672
1634
1592
1600
1638
1694
1704
1650
1624
1732
1788
1876
1966
2020
2030
2012
2012
2000
1952
2032
1956
2056
2164
2130
2002
2082
2028
1874
1860
1876
1828
1700
1622
1606
1622
1604
1610
1524
1544
1572
1602
1836
1714
1794
1824
1870
1806
1734
1738
1730
1914
1914
1840
1818
1828
1852
1872
1860
1786
1728
1822
1762
1758
1728
1724
1728
1814
1748
1614
1666
1664
1566
1442
1430
1438
1424
1482
1504
1582
1596
1582
1556
1550
1596
1662
1758
1666
1612
1596
1526
1534
1532
1554
1572
1658
1600
1596
1654
1612
1600
1492
1472
1392
1404
1354
1340
1240
1346
1420
1484
1506
1430
1422
1428
1480
1532
1540
1484
1506
1578
1520
1560
1524
1470
1472
1438
1440
1512
1554
1600
1680
1626
1678
1592
1588
1648
1714
1674
1576
1548
1598
1538
1458
1508
1494
1482
1504
1462
1390
1462
1450
1456
1526
1554
1694
1760
1684
1712
1772
1810
1886
1904
1902
1876
1860
1764
1800
1786
1800
1758
1704
1740
1650
1630
1546
1436
1512
1542
1578
1460
1562
1532
1480
1500
1394
1570
1520
1568
1498
1584
1606
1614
1532
1552
1694
1660
1588
1650
1668
1712
1834
1880
1912
1942
1964
1910
1796
1768
1872
1894
1968
1822
1762
1726
1714
1800
1648
1576
1638
1610
1586
1486
1438
1368
1412
1494
1532
1658
1696
1654
1730
1588
1600
1614
1554
1576
1628
1686
1688
1544
1592
1590
1636
1610
1500
1430
1416
1350
1286
1296
1186
1108
1146
1156
1178
1168
1172
1168
1202
1300
1380
1408
1300
1278
1238
1288
1236
1280
1262
1188
964
958
928
918
942
894
876
876
846
904
844
818
818
730
870
830
898
982
970
986
1012
1064
1112
1146
1010
940
992
1042
1152
1146
1146
1192
1226
1172
1192
1046
1022
1042
1068
1044
1048
1042
1042
1086
1090
1156
1132
1114
1098
1076
1066
1028
1164
1186
1210
1228
1166
1134
1144
1048
1002
934
968
990
1060
1036
1044
1022
1014
1116
1108
1174
1196
1174
1266
1250
1096
1034
994
1050
1042
1072
1022
1008
932
912
906
996
896
798
752
624
684
690
660
636
762
676
688
652
546
466
524
466
452
466
496
514
608
696
668
788
802
808
824
828
866
880
794
718
682
570
478
496
562
568
458
386
266
150
156
206
330
328
322
266
302
366
420
494
568
662
630
616
724
646
626
646
658
664
600
572
704
652
562
500
574
438
442
418
532
652
656
654
678
782
874
962
988
918
902
1010
1146
1096
992
1010
976
1052
1054
1024
1112
1184
1206
1210
1130
1122
1146
1128
1022
1010
962
940
990
910
872
990
1040
1086
1044
1192
1256
1228
1188
1092
1176
1206
1208
1192
1088
1108
1144
1202
1078
1174
1180
1288
1092
1104
1176
1194
1256
1244
1230
1202
1294
1374
1396
1448
1464
1504
1446
1476
1434
1336
1380
1494
1494
1506
1444
1468
1488
1556
1512
1430
1420
1508
1514
1402
1408
1362
1342
1246
1222
1260
1228
1288
1296
1218
1108
1044
1012
1066
1028
962
876
846
858
858
834
812
884
910
998
1040
966
1044
1068
1098
1124
1120
1132
996
958
962
952
944
990
1028
1070
1066
996
956
936
932
1006
1040
996
1030
1162
1178
1116
1116
1180
1180
1268
1324
1276
1374
1390
1348
1396
1482
1550
1484
1452
1518
1560
1570
1598
1636
1628
1646
1652
1546
1598
1726
1740
1668
1582
1480
1514
1500
1376
1378
1446
1486
1454
1374
1270
1310
1396
1368
1336
1348
1378
1422
1386
1316
1284
1314
1378
1412
1468
1432
1478
1498
1416
1384
1386
1342
1246
1378
1394
1386
1352
1428
1394
1394
1488
1450
1524
1612
1580
1580
1542
1532
1536
1532
1482
1554
1444
1426
1498
1312
1342
1464
1388
1258
1246
1230
1228
1184
1254
1272
1228
1270
1304
1442
1352
1248
1248
1156
1192
1204
1080
1046
1060
1114
1106
1104
1150
1158
1256
1324
1314
1310
1380
1382
1412
1408
1438
1390
1290
1242
1264
1298
1262
1286
1408
1420
1470
1476
1428
1380
1356
1422
1322
1368
1324
1384
1432
1430
1532
1366
1314
1354
1396
1432
1414
1362
1362
1466
1428
1410
1398
1390
1348
1338
1272
1148
1116
1128
1158
1042
1010
1012
986
1002
1000
910
900
1058
1202
1322
1320
1330
1458
1402
1350
1442
1534
1446
1408
1444
1472
1476
1464
1492
1476
1432
1470
1454
1418
1414
1456
1452
1432
1490
1504
1418
1474
1514
1514
1604
1588
1566
1544
1434
1446
1500
1510
1482
1558
1620
1706
1710
1754
1746
1694
1730
1708
1732
1794
1710
1744
1828
1714
1734
1754
1732
1746
1698
1782
1748
1788
1782
1840
1706
1562
1440
1418
1372
1278
1300
1346
1404
1464
1498
1440
1442
1420
1430
1372
1460
1548
1602
1518
1464
1448
1362
1442
1462
1564
1652
1650
1628
1616
1584
1568
1508
1492
1472
1420
1440
1556
1562
1578
1566
1542
1490
1484
1430
1510
1496
1496
1506
1428
1564
1564
1578
1398
1448
1388
1462
1472
1438
1492
1486
1494
1446
1476
1410
1514
1610
1584
1442
1402
1340
1146
1144
1180
1120
1116
1164
1178
1122
1146
1100
1012
1072
1078
1052
970
1104
1098
1028
938
936
892
884
956
910
930
770
744
682
602
770
786
736
650
746
846
794
806
914
1088
1014
1132
1178
1122
1098
1114
1088
1118
1074
1136
1104
1126
1028
996
1122
1078
1068
1090
1062
1068
1072
1082
1108
1122
1200
1148
1124
1098
1120
1192
1176
1144
1064
1082
1052
1148
1130
1110
1062
1014
974
948
1014
880
840
910
902
920
892
944
976
916
934
812
928
914
924
924
838
834
828
888
1074
1092
1196
1136
1112
1128
1200
1210
1198
1176
1110
1092
1150
1072
1116
1080
996
1070
988
1000
1070
1130
1260
1238
1180
1256
1292
1318
1320
1282
1238
1218
1178
1130
1156
1054
1192
1204
1110
1128
1166
1262
1318
1380
1290
1294
1186
1250
1302
1286
1168
1096
1092
1066
1036
1052
1102
1204
1276
1290
1352
1360
1350
1340
1350
1402
1436
1512
1416
1414
1466
1440
1598
1646
1646
1620
1478
1410
1328
1342
1262
1244
1296
1264
1252
1280
1288
1330
1384
1398
1474
1468
1450
1328
1296
1222
1208
1232
1280
1364
1456
1444
1428
1362
1378
1298
1312
1276
1238
1244
1212
1232
1288
1332
1346
1286
1242
1268
1244
1278
1278
1206
1170
1222
1294
1340
1244
1264
1370
1444
1408
1476
1478
1528
1420
1410
1390
1424
1448
1508
1468
1520
1568
1602
1640
1708
1696
1706
1630
1654
1668
1554
1502
1518
1514
1536
1628
1650
1680
1622
1602
1520
1444
1380
1436
1434
1540
1530
1374
1450
1452
1532
1566
1564
1574
1562
1558
1568
1648
1670
1616
1632
1560
1494
1514
1466
1478
1480
1540
1534
1550
1542
1568
1628
1576
1648
1570
1482
1420
1420
1426
1382
1378
1370
1408
1366
1366
1356
1358
1472
1506
1506
1404
1366
1340
1212
1164
1136
1226
1218
1302
1384
1326
1378
1302
1254
1330
1180
1232
1280
1314
1270
1200
1178
1154
1090
1148
1090
1116
1146
1166
1126
1170
1152
1028
1096
1186
1128
1096
1106
976
1044
1026
1094
1154
1104
1146
1178
1156
1210
1306
1256
1342
1264
1160
1066
1112
1166
1178
1258
1302
1440
1354
1332
1390
1482
1500
1428
1502
1500
1356
1324
1304
1264
1326
1276
1300
1278
1278
1142
1128
1054
1074
1126
1206
1266
1392
1364
1270
1198
1186
1172
1114
1046
950
922
922
826
832
902
864
964
898
994
940
1036
922
948
970
910
978
1026
1044
958
958
858
798
746
736
732
756
814
768
842
752
674
708
732
684
622
660
760
870
864
802
706
858
874
916
900
910
870
870
788
802
750
834
856
756
898
966
954
936
1026
1138
1144
1114
1082
1022
944
870
834
852
844
770
720
664
566
500
624
636
652
684
682
612
592
670
694
800
778
774
828
818
752
812
916
894
858
946
938
1038
1034
1056
1000
1054
1020
1088
1136
1118
1122
1238
1252
1272
1260
1116
1148
1198
1210
1140
1024
980
1028
1036
1130
1028
960
882
970
906
910
876
864
826
752
860
790
860
774
770
708
766
732
740
724
782
706
750
780
826
900
810
766
916
942
994
1038
1038
1108
1160
1070
1164
1150
1128
1096
1240
1274
1206
1168
1050
1048
1066
1022
966
872
868
928
942
974
924
748
744
808
818
862
800
892
916
866
836
914
954
944
934
960
884
812
874
832
836
850
860
960
850
802
862
840
868
858
792
768
854
916
892
884
856
906
1030
1060
976
1016
958
1096
984
996
1112
1178
1116
1106
1174
1078
1080
1078
996
1046
944
992
1098
1080
1154
1264
1322
1222
1240
1214
1110
1018
1008
996
986
1076
1136
1108
1130
1076
974
1034
1040
988
1040
1038
1078
1094
998
900
920
972
900
1014
1030
1084
1110
1072
1032
1104
1044
1076
1088
1174
1144
1062
1066
1172
1250
1400
1378
1416
1458
1504
1530
1488
1464
1454
1346
1378
1444
1452
1474
1514
1486
1616
1692
1646
1730
1640
1612
1522
1494
1468
1392
1400
1478
1490
1456
1474
1414
1450
1520
1546
1552
1564
1632
1720
1774
1734
1818
1796
1856
1918
2004
2030
2026
2042
2082
2154
2112
2162
2102
2154
2146
2184
2020
1954
1966
1992
1944
1990
1850
1654
1626
1578
1632
1706
1744
1734
1782
1914
1936
1916
1956
1904
1912
1948
1914
1964
1918
1866
1872
1836
1860
1888
1896
2004
2102
2038
2070
2230
2258
2236
2214
2268
2178
2094
2106
2104
2100
1938
1994
1948
1926
1942
2002
2006
2034
2000
2126
2064
1960
1878
1934
1868
2000
1942
1966
2022
1840
1878
1872
1918
1910
1964
1900
2012
1882
2030
2098
