406
358
316
356
314
374
368
346
318
362
340
252
208
188
148
114
58
94
10
80
22
80
90
82
68
60
96
58
46
32
48
34
132
58
76
38
192
258
220
208
196
356
394
456
482
454
414
340
516
502
482
522
612
570
568
588
570
598
616
672
668
736
628
568
584
610
508
356
334
422
552
416
416
378
400
444
454
392
322
334
336
216
236
272
398
366
346
466
554
482
534
562
640
550
502
498
578
486
520
604
664
656
648
730
570
576
564
610
660
628
672
694
570
472
578
634
634
594
560
610
624
582
496
546
512
558
492
620
672
646
592
650
590
556
632
686
650
652
588
578
506
510
430
434
478
524
520
372
294
212
164
234
274
214
294
298
306
314
436
416
330
346
404
410
324
382
406
358
362
304
396
414
418
480
492
608
554
690
790
752
848
702
704
668
658
724
830
844
794
786
700
674
658
648
806
724
858
890
846
874
942
946
962
940
960
1086
1044
1180
1188
1164
1160
1220
1262
1278
1348
1308
1344
1356
1362
1250
1220
1182
1244
1130
1084
1060
1066
1084
1156
1138
1056
1018
1018
892
970
1010
994
902
788
810
814
910
972
898
958
928
912
892
880
882
810
770
820
816
896
844
878
966
968
1012
1006
946
1000
914
892
978
1008
1012
856
728
778
736
722
784
758
718
556
602
620
524
622
508
510
476
440
432
518
546
576
580
748
660
626
628
672
650
678
698
648
670
602
626
668
634
712
768
808
970
1030
1060
1120
1030
964
976
1112
1124
1124
974
1038
972
794
828
738
738
740
730
642
680
732
738
690
702
730
744
654
728
790
702
808
774
762
826
822
880
894
944
976
884
966
962
924
844
942
956
952
982
976
1060
950
1096
1114
1058
1104
980
984
1000
1054
996
1040
972
928
860
744
762
920
1014
1026
944
966
894
936
970
986
920
936
960
1046
982
1068
1100
998
1000
972
984
1014
932
754
854
764
914
934
940
850
834
970
802
810
794
822
706
632
730
708
600
622
622
576
524
618
610
578
560
604
684
642
656
682
586
626
588
582
600
684
714
580
448
444
474
442
394
490
572
578
602
520
562
636
780
780
852
816
718
720
766
648
608
624
644
614
634
644
670
712
790
766
812
900
860
776
772
714
788
824
754
702
498
452
352
462
498
502
394
424
356
414
392
314
354
328
388
372
360
312
334
320
320
406
316
296
276
224
278
288
410
394
374
362
462
498
552
552
430
390
250
132
86
28
66
58
184
236
306
330
362
478
564
626
508
598
614
616
610
576
660
736
744
830
882
750
698
594
608
570
488
390
506
474
470
500
516
500
526
474
468
432
510
502
490
416
376
344
364
292
334
332
338
404
364
350
314
270
226
374
300
400
314
306
248
224
146
176
88
50
50
16
46
76
78
96
180
304
352
344
362
312
300
176
142
246
234
26
56
110
136
116
120
82
14
132
258
424
520
562
622
700
694
622
736
662
594
606
520
444
504
574
440
434
366
432
376
382
354
414
380
484
472
400
436
378
392
352
346
404
378
286
388
348
404
490
504
528
574
678
628
594
636
572
484
440
422
450
534
640
556
524
614
668
614
508
488
520
636
742
724
806
736
824
924
972
912
938
954
910
938
974
770
764
834
716
770
772
772
754
774
778
810
938
876
994
1034
1024
984
994
896
862
934
916
948
948
1008
858
828
878
942
822
770
764
746
722
868
880
910
824
806
794
734
804
616
524
486
456
496
724
620
546
700
626
640
602
588
564
548
668
638
650
658
660
698
682
566
564
674
790
838
916
1014
1040
918
946
938
934
1088
1022
1056
970
1084
1034
990
980
1094
1134
1160
1210
1076
988
958
986
992
1018
1102
1120
1096
1010
1006
966
1004
974
1024
1016
1164
1048
1012
908
878
852
894
926
950
1046
1044
918
974
1100
1084
1004
1000
1120
1066
1028
972
950
974
906
902
884
876
822
894
946
918
930
898
894
920
876
806
782
756
714
710
562
484
536
496
600
484
282
342
404
516
564
620
644
662
604
704
718
708
710
590
638
768
708
806
804
714
682
748
738
720
674
520
660
804
756
846
836
944
936
990
1030
1010
970
1012
968
1000
1006
1034
978
1118
1118
1114
1142
1016
1002
996
922
1054
1046
1118
1206
1156
1206
1180
1126
1138
1144
996
984
954
1004
900
866
852
910
864
738
738
674
714
620
694
672
694
758
676
756
790
766
762
758
746
804
860
878
854
938
864
906
852
924
1136
1084
1116
1188
1182
1182
1306
1272
1256
1174
1138
1132
1226
1180
1326
1308
1332
1416
1530
1440
1502
1582
1550
1550
1538
1456
1562
1578
1566
1604
1636
1760
1746
1770
1834
1774
1808
1746
1630
1596
1666
1532
1588
1638
1530
1426
1406
1380
1416
1404
1262
1214
1210
1270
1404
1514
1406
1410
1430
1566
1534
1548
1626
1528
1504
1390
1378
1366
1332
1258
1220
1234
1290
1304
1268
1420
1434
1504
1390
1386
1322
1264
1340
1330
1358
1292
1354
1450
1536
1440
1386
1380
1362
1286
1200
1182
1134
1218
1268
1188
1166
1098
1000
1044
998
908
932
938
960
992
1110
1142
1032
1036
1030
930
1104
1152
1012
1082
1092
1084
1060
1022
962
1018
1030
1016
1082
1122
1040
1048
1152
1212
1196
1176
1294
1296
1286
1234
1266
1204
1316
1296
1318
1316
1402
1386
1392
1412
1378
1264
1262
1282
1350
1176
1278
1340
1164
1086
1056
1098
1122
1134
1152
1036
1058
932
870
762
830
936
922
914
910
1016
940
962
914
1088
1188
1260
1166
1238
1222
1204
1168
1108
1064
1036
1160
1088
1192
1242
1218
1282
1200
1270
1306
1230
1196
1108
1098
1200
1178
1238
1242
1146
1156
1290
1344
1280
1218
1184
1156
1084
1042
1060
1020
922
884
876
828
910
870
826
848
884
894
874
908
924
822
1042
1046
1036
1068
1042
1010
998
840
922
912
1034
1074
1036
1046
1038
1080
1086
1034
1086
1018
986
970
866
852
786
690
640
612
608
514
552
630
632
650
644
734
732
722
768
816
874
906
996
1002
1054
944
1026
1048
1002
944
990
1032
1092
1084
1150
1148
1094
1250
1178
1150
1168
1240
1224
1242
1320
1362
1308
1322
1446
1486
1392
1384
1414
1362
1380
1390
1438
1488
1422
1388
1412
1460
1430
1480
1480
1418
1500
1440
1456
1394
1252
1254
1280
1300
1358
1342
1384
1540
1666
1828
1858
1818
1792
1738
1762
1872
1856
1814
1692
1774
1750
1740
1726
1746
1830
1882
1924
1958
2006
1998
2030
1980
1972
1972
1914
1948
1978
1998
1988
2024
2026
1876
1934
1864
1890
1926
1886
1878
1864
1904
1868
1838
1776
1648
1662
1658
1712
1714
1698
1684
1746
1772
1768
1796
1730
1676
1752
1748
1618
1656
1578
1644
1616
1700
1658
1632
1586
1596
1478
1454
1378
1356
1392
1414
1564
1546
1654
1628
1622
1760
1788
1700
1730
1670
1782
1796
1660
1694
1742
1638
1546
1662
1646
1628
1564
1630
1696
1630
1682
1512
1508
1500
1530
1656
1626
1612
1674
1654
1704
1620
1510
1380
1400
1286
1366
1308
1398
1416
1468
1494
1544
1442
1326
1332
1264
1208
1020
986
936
1122
1174
1100
994
1044
1098
1022
994
1040
998
1048
1020
1040
1098
1018
962
1024
948
936
960
910
936
948
996
1086
1126
1188
1294
1312
1398
1276
1230
1272
1328
1240
1174
1142
1118
1060
1072
1062
1134
1068
1094
1064
956
1044
944
1012
948
1010
1128
1030
1106
1102
1208
1312
1300
1354
1316
1254
1156
1118
1166
1148
1078
894
998
968
990
1000
1082
1088
946
1062
1066
1100
1144
1080
1000
1114
1008
916
944
968
966
1000
1122
1214
1214
1226
1268
1274
1344
1272
1258
1170
1216
1200
1230
1164
1130
1130
1078
988
846
914
844
1058
1030
980
1052
1198
1258
1274
1380
1490
1392
1250
1128
1092
1252
1308
1362
1410
1494
1424
1462
1384
1338
1396
1286
1366
1366
1364
1478
1386
1286
1232
1184
1178
1224
1172
1166
1286
1268
1222
1262
1328
1312
1218
1334
1328
1240
1272
1190
1138
1062
1052
1036
1034
952
978
946
1030
1106
1098
1148
1120
1096
1092
1176
1242
1308
1278
1202
1154
1114
1126
1164
1120
1072
1098
1098
1132
1016
952
1008
1104
1208
1196
1182
1204
1226
1154
1118
1132
1156
1222
1222
1106
1248
1184
1218
1322
1208
1200
1244
1342
1338
1194
1104
1050
1036
944
1056
1182
1142
1174
1062
960
960
1004
1010
936
810
862
830
840
870
822
810
812
658
722
638
622
622
624
664
714
652
752
798
686
698
672
742
532
526
444
450
488
504
514
492
498
514
402
422
440
498
548
546
560
520
462
458
380
384
328
304
310
184
124
100
114
62
98
98
52
66
162
262
302
228
166
122
158
108
114
206
262
294
158
196
138
138
80
26
42
26
52
122
88
54
4
38
94
200
256
244
360
294
360
320
298
280
330
384
420
460
404
430
486
490
524
546
508
490
434
444
486
460
474
470
408
384
386
410
474
584
606
688
760
810
710
736
782
836
768
912
950
998
1118
1208
1176
1174
1114
1046
1086
1072
1138
1082
998
1020
986
1030
1102
1018
1052
1096
1098
1148
1014
1006
970
864
940
1034
902
806
776
730
586
408
462
562
612
614
564
522
436
370
398
464
436
356
242
240
276
384
324
290
350
460
486
588
594
678
588
540
504
516
474
500
516
480
458
382
382
342
328
384
316
224
236
230
270
228
90
38
82
14
80
124
90
76
4
168
98
196
208
200
294
256
284
262
212
208
234
248
278
330
320
452
512
506
408
282
248
308
220
164
208
226
226
278
282
214
214
172
200
202
292
386
366
328
368
360
384
330
420
380
386
384
366
310
354
304
414
466
430
508
578
420
416
418
522
588
620
628
590
568
706
672
638
614
546
592
592
398
478
556
596
498
580
598
596
586
644
612
626
664
686
756
682
590
674
690
694
738
738
618
650
710
608
624
598
624
664
734
712
616
496
568
556
518
574
510
554
446
564
548
592
660
584
558
414
430
436
352
404
478
496
544
462
540
538
546
520
672
632
712
688
656
634
692
596
698
822
942
888
932
976
992
956
980
1060
966
952
1014
976
992
894
798
850
862
876
856
936
882
834
810
852
908
980
