576
572
536
522
540
584
602
610
640
638
632
600
598
622
636
632
622
652
666
688
670
662
644
612
598
554
498
534
470
500
536
552
514
536
534
562
552
588
556
544
560
584
576
594
574
536
572
546
530
562
590
564
588
614
650
628
610
630
682
664
606
618
670
720
764
782
792
780
742
740
750
738
736
720
690
702
704
716
702
736
702
700
714
672
688
692
734
750
772
752
680
662
652
684
684
738
776
766
778
768
766
760
770
750
696
702
728
706
668
606
572
564
602
580
582
576
554
612
658
632
652
650
674
684
672
702
726
724
746
726
692
636
594
574
608
616
588
616
648
622
622
604
588
560
564
568
594
614
614
584
606
682
668
730
736
730
692
722
720
710
696
686
720
756
734
738
746
730
764
756
736
728
698
708
714
654
702
734
706
746
708
748
760
770
768
758
780
804
786
756
746
766
804
786
760
726
754
778
764
832
824
806
796
820
842
820
814
804
824
782
806
786
784
754
806
794
792
772
760
768
748
742
768
780
772
760
782
802
808
812
830
836
846
816
784
814
760
778
762
758
762
774
774
758
760
740
726
706
716
724
746
724
766
772
746
758
744
728
724
728
744
748
674
648
608
626
662
652
670
630
652
648
632
628
634
668
636
636
664
702
690
686
682
660
680
656
656
596
592
568
602
652
630
634
610
574
566
558
572
612
636
646
642
638
594
604
628
610
630
602
586
574
594
618
580
558
562
592
600
576
588
596
542
568
550
574
564
550
600
592
614
692
672
650
638
616
670
714
692
704
718
728
714
710
700
680
672
682
726
706
706
694
698
660
618
580
602
564
614
560
624
614
638
606
564
528
536
560
568
584
540
498
478
466
488
460
482
462
488
482
478
560
560
562
540
560
544
602
568
556
540
542
576
578
588
614
612
606
560
520
576
588
646
620
668
644
596
602
568
658
642
684
686
760
764
776
756
726
734
770
776
760
774
786
762
730
712
704
722
716
762
756
768
742
730
704
656
652
678
674
704
734
682
664
628
700
708
738
686
678
674
682
672
646
694
708
698
672
698
654
656
648
662
664
672
644
642
642
652
660
622
674
712
742
766
794
786
766
828
810
812
786
774
822
860
860
854
872
852
866
814
800
836
840
820
816
752
726
748
808
788
708
704
716
674
666
694
672
686
638
640
654
670
660
678
698
684
712
706
762
722
692
714
696
716
700
732
742
774
730
778
782
796
802
808
838
822
794
832
800
778
768
754
762
714
738
774
704
670
652
668
674
676
702
722
704
694
668
658
666
698
692
690
618
608
644
608
650
636
582
592
572
538
546
546
568
602
598
606
582
564
542
554
540
540
550
534
602
610
654
652
678
636
666
612
612
594
584
596
590
564
622
604
620
568
584
558
572
600
592
562
604
566
548
574
568
550
568
512
528
566
520
564
574
614
596
562
542
558
574
566
630
626
574
562
608
628
608
614
646
674
682
706
682
728
742
738
762
718
774
790
772
762
788
756
754
746
740
716
704
710
676
590
620
600
594
578
560
576
584
510
522
510
512
544
560
576
600
590
546
596
642
642
668
696
668
666
692
698
692
698
748
770
786
818
820
822
836
824
824
844
832
816
824
820
818
808
818
846
850
812
806
792
780
830
814
798
782
778
748
724
766
770
756
728
762
746
722
734
744
712
730
694
724
656
648
608
590
648
660
648
704
714
724
744
692
698
748
724
686
670
722
726
696
730
758
756
720
710
786
786
770
786
730
700
634
610
638
634
660
636
612
620
642
640
650
690
754
768
740
728
628
588
540
576
578
590
594
550
588
576
560
560
552
564
568
554
520
500
508
542
602
600
594
588
574
598
592
586
600
622
620
624
630
618
638
650
696
732
690
724
734
730
732
708
776
748
764
786
764
744
744
748
764
786
778
752
766
710
684
686
688
686
636
690
730
712
708
728
710
696
726
698
690
626
586
592
554
518
500
468
514
486
496
484
468
520
488
516
526
496
512
502
512
498
510
522
516
516
528
488
516
526
504
558
536
524
520
490
494
518
538
550
542
524
482
470
462
440
462
436
488
542
544
554
532
574
596
590
542
566
574
534
558
594
624
578
620
618
598
588
570
540
540
520
546
504
502
566
532
518
540
484
516
546
570
554
486
496
494
476
426
426
338
416
440
454
470
498
536
496
520
566
542
556
558
538
560
550
620
622
642
636
610
620
616
602
590
612
624
602
606
608
580
622
632
670
684
684
658
668
696
684
668
684
700
712
706
690
710
720
744
778
782
740
714
760
736
728
728
780
794
798
800
778
780
810
842
846
836
828
820
848
826
802
842
880
864
838
832
830
804
720
724
772
800
772
746
716
724
706
678
612
656
688
680
706
762
738
742
710
700
698
688
708
742
770
742
734
768
750
730
772
792
778
764
746
768
768
786
794
842
826
822
812
848
826
842
822
850
846
846
844
800
824
766
712
760
774
794
756
746
744
760
778
784
748
734
760
686
678
684
720
678
702
690
688
690
660
654
682
688
704
696
690
718
752
776
800
794
778
826
828
816
812
810
804
816
830
808
838
860
866
872
876
866
860
874
866
866
862
842
802
804
812
790
808
808
776
816
804
770
752
756
740
812
814
776
806
812
832
822
832
810
784
776
788
820
826
838
814
826
824
846
816
848
808
818
852
828
808
790
780
802
812
806
792
812
862
862
864
874
882
858
822
804
788
780
820
818
808
850
808
796
762
812
790
774
782
788
790
774
706
726
712
694
692
660
678
638
632
604
582
610
606
592
584
590
590
628
626
632
644
652
614
616
636
620
604
626
628
622
622
610
644
676
676
664
680
676
714
700
688
668
648
594
604
622
642
634
652
684
732
706
716
730
740
724
720
706
734
756
750
720
698
746
752
756
734
726
684
720
664
646
648
678
722
716
720
724
690
678
654
666
672
686
718
714
712
722
682
708
678
696
712
678
724
756
796
808
830
848
850
856
886
860
820
822
790
788
796
748
746
746
714
728
682
676
696
750
752
714
746
752
782
754
734
746
784
760
756
786
794
740
758
704
696
654
628
602
606
616
582
576
598
612
604
648
622
684
698
686
638
580
590
620
600
624
652
636
654
672
724
722
724
740
738
748
750
746
762
744
768
720
736
706
722
706
708
730
728
742
742
746
764
744
760
746
746
750
754
772
786
808
802
768
754
778
738
728
706
658
710
706
676
696
682
702
722
692
696
762
760
760
774
750
698
724
746
714
694
674
654
640
644
624
604
622
624
642
646
640
642
590
598
662
660
654
704
732
724
768
756
758
722
700
712
734
816
852
874
892
896
888
886
840
834
852
874
862
860
834
856
872
856
864
884
862
872
876
842
828
768
756
748
768
790
718
750
734
750
736
700
738
788
776
756
732
744
748
798
782
792
818
812
820
814
816
794
788
768
822
858
854
850
834
806
822
842
804
808
844
840
824
864
872
884
902
894
866
866
828
790
762
804
810
826
778
802
810
816
806
828
814
820
808
834
854
838
816
834
798
820
860
844
852
856
868
850
894
866
864
860
856
878
870
864
842
854
856
836
822
806
796
802
810
798
804
834
838
864
818
782
792
776
816
762
760
752
782
744
756
768
762
788
764
766
746
718
728
732
716
680
704
658
632
674
680
668
682
698
704
740
724
702
740
778
808
788
790
784
780
780
808
818
804
814
834
806
814
818
834
870
866
880
884
882
862
848
840
830
820
822
810
796
820
842
854
848
832
814
804
792
772
754
756
778
792
780
812
818
812
806
806
816
852
846
842
824
854
854
850
846
838
866
886
892
860
826
774
840
846
804
738
722
700
744
782
782
782
804
732
762
826
788
790
782
792
780
786
814
830
856
840
842
846
810
782
768
794
814
816
830
796
768
784
774
816
792
834
820
810
818
826
816
854
796
774
780
796
792
806
810
802
764
778
754
824
828
830
844
824
806
790
828
842
844
872
856
854
856
852
846
802
836
824
834
858
866
854
848
900
872
852
850
862
862
852
854
846
830
792
738
758
776
796
786
794
796
806
836
812
782
774
748
748
724
724
726
718
718
702
710
706
708
686
714
692
702
682
686
656
672
654
610
610
620
626
682
710
710
690
676
690
680
734
724
724
716
724
704
738
750
742
730
708
714
726
770
752
766
782
798
792
810
778
852
830
854
864
852
860
860
838
824
818
758
792
806
800
818
824
804
830
824
844
788
806
826
816
848
830
842
816
818
840
824
814
780
800
804
792
770
736
730
682
678
678
688
706
710
676
674
682
704
666
700
738
748
786
752
758
774
728
728
778
804
846
858
860
850
804
776
708
718
730
794
836
858
872
854
844
870
902
934
890
896
876
856
834
860
872
864
854
808
798
772
798
786
732
686
696
724
732
706
746
778
768
736
784
804
842
838
804
800
778
774
774
810
824
830
816
842
834
830
820
852
876
872
874
892
910
888
868
842
824
824
836
828
820
838
844
846
870
860
850
864
890
904
904
874
860
884
868
908
892
876
834
850
812
828
814
822
842
864
848
872
834
774
748
800
760
746
768
758
744
772
828
810
834
