70
60
116
176
170
162
194
214
202
132
166
120
146
164
122
118
124
84
114
116
122
106
158
154
154
128
142
98
72
42
48
110
86
140
118
142
96
80
50
44
74
16
26
54
106
112
70
122
136
174
208
206
198
148
150
118
78
148
148
150
198
172
158
184
208
184
242
278
314
314
294
316
316
358
358
378
386
390
402
424
468
462
486
496
508
486
542
558
584
494
564
526
478
446
466
448
470
436
428
428
392
384
308
298
290
290
260
246
272
226
258
228
246
266
298
318
330
334
282
298
298
228
216
192
202
218
234
242
272
294
336
330
286
296
314
308
330
292
300
342
404
414
434
478
418
390
358
384
390
406
348
330
292
222
242
236
238
230
248
250
242
278
300
302
294
312
330
348
374
362
338
332
380
416
384
420
380
416
416
432
432
366
406
414
442
436
450
428
432
424
462
468
452
436
396
416
408
416
344
360
318
300
268
244
250
244
236
250
260
276
276
286
254
300
308
318
306
310
292
302
298
302
314
278
284
282
320
260
256
224
222
236
210
184
172
156
126
98
42
36
76
40
6
2
28
20
40
6
20
10
12
28
30
42
116
100
102
70
96
90
20
76
0
20
22
0
12
32
34
48
58
54
64
74
74
10
2
2
38
8
16
26
58
30
16
20
76
96
70
42
2
22
14
18
42
28
64
30
30
52
60
80
100
78
76
128
136
176
172
126
110
158
244
270
290
290
336
368
348
356
352
344
382
448
452
440
440
388
366
360
362
374
374
428
426
438
384
372
388
320
336
354
346
306
296
316
266
282
336
372
368
340
416
410
330
328
344
350
350
326
366
388
368
388
374
394
432
404
424
462
488
500
512
526
540
538
534
540
554
520
528
532
532
538
520
546
508
470
496
504
534
500
518
526
514
472
502
520
492
514
516
422
402
416
488
552
524
510
462
436
380
394
418
472
454
436
410
424
428
402
392
350
374
358
346
364
406
398
406
422
522
558
582
568
548
520
514
606
624
628
652
634
652
704
716
722
710
730
722
758
768
792
796
790
762
790
778
812
778
766
748
734
738
734
722
698
712
662
652
650
600
640
622
612
554
520
498
514
508
534
522
500
508
480
468
470
476
504
490
472
462
418
472
474
430
440
422
422
368
322
276
266
198
244
238
180
90
124
172
162
210
248
256
246
246
270
288
304
302
328
260
230
304
348
346
372
414
388
396
398
374
368
374
364
386
376
390
430
464
458
454
406
380
328
408
410
374
398
400
424
322
274
288
234
222
184
218
210
168
176
164
170
184
182
132
152
136
158
124
148
174
154
198
154
118
84
60
74
82
144
142
108
106
132
126
160
112
142
136
184
214
166
196
218
192
188
198
230
244
226
226
266
262
218
212
178
158
156
144
168
104
76
76
24
50
30
4
52
18
8
8
16
56
6
14
10
2
22
2
20
24
4
14
42
40
32
46
28
14
16
18
30
26
52
12
12
0
38
38
74
66
44
44
40
36
76
94
56
52
48
98
112
72
52
82
72
78
60
44
118
90
102
52
78
104
126
140
58
38
2
2
32
46
78
74
104
114
138
132
130
170
198
208
258
282
310
266
310
222
290
268
270
298
302
310
308
324
342
372
398
362
380
354
358
402
400
422
416
416
360
350
338
338
402
424
348
384
382
366
370
406
362
368
402
402
454
464
470
508
464
482
492
480
476
446
412
404
390
436
400
424
460
454
450
462
412
394
302
306
262
274
290
276
248
252
228
276
276
290
294
318
338
316
344
352
404
410
472
504
502
536
560
602
580
568
596
590
554
522
582
608
636
664
616
622
606
630
648
686
636
612
650
674
692
724
742
716
724
750
782
806
740
740
740
710
696
686
722
652
630
524
570
536
610
616
576
484
530
506
498
544
560
574
628
646
592
600
594
598
610
634
608
586
560
526
546
570
622
572
600
630
654
678
630
638
602
600
570
564
556
556
516
466
432
434
392
384
378
378
410
434
440
432
448
474
426
396
388
392
388
394
354
342
344
360
334
296
228
218
246
176
188
160
150
140
156
204
132
126
116
114
130
52
76
48
84
10
40
98
132
124
146
148
132
58
10
16
14
30
64
40
36
14
2
2
46
8
16
26
22
12
18
8
4
44
104
72
90
54
64
114
176
214
172
130
152
166
178
150
144
118
78
92
84
84
96
110
114
132
134
140
166
144
162
154
198
164
202
176
174
180
172
172
206
142
100
124
124
176
120
140
118
116
76
74
76
22
18
8
16
16
76
92
88
132
144
174
200
232
208
210
228
234
232
232
226
222
228
252
236
216
250
276
276
300
344
334
328
320
336
294
322
354
382
348
378
338
328
312
304
340
344
354
370
390
396
402
408
414
416
418
464
486
476
470
442
440
420
414
392
396
412
346
332
330
282
202
190
158
230
200
174
178
158
134
98
138
146
78
62
132
106
134
140
126
116
140
140
126
152
162
152
116
224
224
198
144
156
108
162
278
252
280
292
252
212
212
208
216
194
200
178
192
152
108
90
88
84
114
92
134
140
184
162
160
178
150
96
60
70
80
94
124
116
142
156
134
140
108
206
172
164
172
160
176
252
294
320
270
194
218
266
266
286
294
322
248
294
276
254
274
228
186
156
188
146
154
158
196
182
130
104
112
132
126
120
118
98
86
74
64
76
86
44
18
6
12
38
28
54
94
80
70
94
72
46
22
50
82
72
14
10
4
4
4
4
58
38
96
120
124
128
106
124
106
204
222
260
254
234
164
172
166
156
204
196
178
246
218
278
272
296
342
344
344
358
346
356
344
316
416
368
326
328
336
354
386
414
414
450
408
392
348
338
344
358
348
374
370
312
314
286
256
250
358
344
334
384
366
394
422
454
436
432
418
418
428
410
412
450
428
406
422
412
470
510
480
482
470
480
462
526
564
560
546
576
516
504
550
506
534
540
532
490
446
434
454
472
478
504
496
488
518
502
536
556
518
480
396
426
428
370
306
334
350
370
378
424
436
462
460
434
450
430
402
328
356
394
416
372
404
414
492
550
546
554
580
594
648
682
682
654
674
698
686
630
582
604
576
610
600
586
560
588
626
632
628
560
606
598
582
548
526
548
604
610
622
618
668
634
652
670
644
678
648
648
640
614
652
666
666
652
666
710
680
718
762
786
784
788
794
810
778
754
746
732
736
760
742
766
742
728
750
744
752
750
730
704
708
678
708
688
700
716
694
638
626
638
586
608
620
602
554
538
484
558
548
488
530
560
612
578
564
552
564
572
552
602
610
582
538
544
594
590
552
510
536
470
482
422
442
452
462
526
516
546
602
522
524
522
456
454
460
496
508
526
554
608
602
600
574
544
506
484
452
452
474
410
366
318
350
362
394
434
394
430
434
384
382
388
420
460
410
444
394
314
346
360
340
360
326
336
306
298
354
300
280
314
314
330
332
322
342
352
324
336
300
298
322
256
294
252
266
248
238
218
202
194
182
206
152
158
214
228
248
232
256
264
284
258
264
318
276
306
284
328
338
342
352
312
256
246
276
290
304
288
232
242
238
236
278
298
296
362
370
304
346
308
306
270
248
282
296
254
270
266
242
218
240
270
304
296
226
198
214
242
232
202
148
134
166
150
160
118
118
132
166
164
124
162
156
236
228
234
252
252
172
140
126
164
262
272
266
244
246
298
336
312
324
338
360
312
370
372
360
402
426
412
422
412
386
420
422
446
442
460
498
522
554
572
568
504
514
564
548
522
456
470
470
476
514
524
504
500
504
486
488
458
444
470
474
476
464
434
416
396
370
376
412
310
280
278
266
270
294
302
296
312
358
360
348
362
342
334
358
320
260
282
264
210
192
212
168
142
186
188
228
204
214
260
294
188
222
212
230
176
114
120
150
182
192
176
140
194
184
146
152
206
210
202
196
152
148
130
134
190
224
256
264
218
220
246
216
216
196
196
238
214
188
200
208
194
214
224
226
262
262
284
274
338
346
318
336
354
346
344
346
356
364
398
398
398
474
524
512
470
426
400
404
384
384
378
348
352
348
312
330
308
282
278
290
310
278
384
372
340
352
340
376
318
322
368
384
360
344
376
366
352
360
352
364
380
370
388
370
336
358
354
350
298
288
236
246
258
256
252
238
302
292
282
288
316
294
240
206
184
214
188
162
148
122
130
126
192
170
148
156
166
216
210
254
288
290
344
336
384
408
418
402
382
402
388
334
392
490
518
464
440
516
586
604
594
568
604
544
560
506
500
520
510
500
484
480
528
510
454
508
534
560
560
538
544
578
598
578
560
562
550
530
548
566
612
604
610
630
680
654
676
670
654
590
578
604
620
624
622
620
640
668
616
614
630
670
604
656
650
682
684
598
564
620
576
560
554
544
536
480
508
472
486
488
510
484
520
554
560
550
528
536
542
574
580
618
632
664
664
682
694
728
722
708
708
690
716
678
674
692
720
704
756
788
764
750
776
756
770
806
750
766
754
772
768
788
724
762
744
752
760
732
700
714
700
718
748
756
734
748
754
740
726
740
764
750
722
718
682
716
710
678
646
