628
512
506
616
666
568
448
194
56
226
280
202
252
286
336
236
364
348
234
236
70
170
6
70
246
354
342
326
330
318
264
234
192
136
38
52
20
78
74
36
2
72
206
178
134
248
28
80
178
292
302
362
338
334
290
346
238
172
282
268
408
540
666
590
514
610
610
458
582
604
706
604
550
658
522
490
670
654
584
420
476
622
534
520
326
260
480
504
598
600
520
358
250
158
224
120
48
102
144
108
238
260
24
12
50
116
334
140
0
46
192
120
106
88
190
92
118
222
242
244
36
90
118
80
122
90
312
68
44
126
154
184
68
100
92
240
226
226
392
458
372
506
560
544
400
402
390
450
522
520
316
366
394
444
458
280
308
220
72
218
102
74
46
16
24
140
110
36
44
68
82
148
322
368
352
416
324
320
402
540
460
370
496
448
302
366
322
416
400
308
346
106
2
210
366
556
590
454
454
440
456
376
286
210
210
212
380
396
400
390
346
254
270
292
350
280
248
538
592
836
598
586
388
394
514
352
304
424
424
508
450
330
270
206
214
264
246
170
196
244
258
400
322
346
302
292
362
394
310
316
180
72
128
114
32
40
312
256
106
68
148
174
16
216
224
70
112
166
82
74
18
76
46
106
30
4
50
78
98
230
192
492
348
438
336
356
266
124
158
148
216
124
276
308
346
480
434
464
474
694
834
678
626
698
584
410
516
436
348
296
254
310
118
192
254
174
134
196
240
234
238
360
310
344
304
176
298
342
424
482
442
398
374
358
402
292
376
394
542
392
426
316
216
290
320
370
286
192
264
298
142
136
4
30
218
8
150
72
250
58
110
42
78
108
18
356
294
300
242
214
262
396
208
384
346
404
258
112
20
174
108
176
312
476
620
572
418
506
798
774
604
554
786
794
754
590
558
730
662
680
824
796
846
790
618
652
556
324
82
28
156
288
394
522
466
316
262
376
400
400
376
328
274
290
152
286
52
78
114
126
106
2
52
76
92
170
416
536
728
782
686
654
680
410
200
242
276
298
120
138
214
196
304
264
322
190
208
246
238
386
416
468
448
346
296
256
12
26
4
60
60
74
102
284
88
162
190
164
116
90
60
72
12
68
74
174
152
304
48
24
154
122
134
154
170
260
288
268
196
414
620
566
642
390
366
288
252
254
330
382
362
418
456
510
758
572
388
394
236
266
364
350
276
244
216
14
106
24
64
226
216
342
392
536
594
570
596
594
436
386
402
328
522
572
484
564
452
278
338
276
428
546
506
478
478
560
562
562
492
512
464
566
692
582
610
744
800
884
734
946
1178
1224
1216
1218
1246
1168
1156
1168
1310
1348
1382
1504
1392
1504
1442
1372
1254
1120
1050
952
1018
1006
866
972
1052
1100
1130
1250
1206
1114
1270
1188
1166
1176
1288
1196
1134
1350
1286
1234
1232
1270
1346
1468
1410
1448
1488
1736
1814
1766
1626
1536
1346
1278
1430
1430
1454
1428
1434
1456
1510
1496
1314
1304
1206
1316
1318
1280
1348
1284
1008
996
982
908
762
882
784
878
740
844
860
790
616
618
534
514
602
762
952
1084
1066
950
1090
1260
1346
1004
1066
1132
982
1032
1004
954
1028
956
882
1016
956
922
1016
1058
956
1088
1088
1092
990
1080
936
952
924
1052
930
808
766
508
586
708
858
738
678
632
484
380
332
512
596
332
362
294
334
360
410
532
634
512
606
656
556
466
342
410
308
320
184
200
152
256
328
364
464
224
92
96
218
290
90
274
336
410
370
436
406
318
290
162
26
140
170
84
22
94
196
144
310
352
298
238
242
392
350
242
280
586
376
570
456
494
280
328
194
372
354
336
158
210
238
228
376
432
434
460
276
336
312
252
184
246
262
300
220
82
34
192
58
130
22
0
18
190
250
250
518
482
698
736
644
740
668
750
934
1048
1074
1224
1270
1250
1516
1606
1626
1718
1554
1644
1858
1890
2102
1818
1912
1736
1878
1832
1780
1854
1856
1810
1840
1790
1736
1644
1654
1708
1700
1764
1930
1860
1812
1872
1824
1962
2032
2016
2056
2190
2142
2220
2108
2004
2012
1904
1884
2024
2042
2026
2114
2028
1914
1922
1974
1870
1750
1660
1814
1758
1800
1664
1598
1492
1552
1380
1318
1224
1336
1470
1414
1400
1270
1060
1094
1154
1298
1324
1194
1204
1098
1068
898
946
742
702
806
1150
1120
1256
1336
1262
1232
1186
1134
1254
1200
1050
1116
916
1030
1000
870
836
878
858
672
726
470
384
396
318
356
364
416
280
312
402
378
458
506
526
540
414
442
484
406
464
446
460
552
526
564
502
366
450
440
348
426
376
328
436
392
222
230
222
158
114
166
48
24
14
14
74
204
180
370
508
576
548
630
736
644
526
514
446
348
438
528
412
482
584
412
336
204
252
190
92
156
148
240
270
424
286
428
476
390
356
310
260
410
330
330
518
410
378
324
406
244
228
10
16
166
266
278
138
144
32
102
84
18
78
32
84
12
134
304
342
300
386
354
476
354
266
412
310
434
452
492
552
660
764
618
572
572
550
470
358
432
400
414
412
462
484
318
442
270
410
468
576
708
618
682
746
790
800
772
970
988
838
828
956
1034
1016
1080
982
916
980
816
882
916
1004
1136
1062
1046
1166
1184
1092
1166
1222
1234
1066
1060
896
946
918
1158
1176
1408
1336
1292
1334
1254
1158
1184
1172
1118
1136
936
734
674
474
476
346
228
116
32
118
160
174
126
302
354
448
512
320
312
388
534
534
492
572
546
386
456
522
428
478
686
934
824
712
680
750
502
264
232
212
114
16
78
164
254
242
282
358
558
780
836
678
770
802
1006
1018
1014
1074
952
806
906
1020
1000
912
1000
898
980
906
746
696
680
714
604
700
718
634
664
722
906
950
862
958
950
872
852
776
724
806
732
970
1102
932
928
826
784
714
668
556
566
754
914
940
918
844
890
778
602
352
156
50
70
112
126
174
12
44
48
66
154
14
208
360
400
500
490
648
570
672
644
584
698
664
646
732
658
534
746
618
596
598
728
776
678
686
632
718
614
656
760
770
716
820
912
898
736
620
570
622
616
810
760
1066
1044
1192
1160
1048
1008
916
870
930
1128
1006
1124
984
1154
1096
1078
1190
1300
1394
1406
1380
1452
1452
1518
1584
1672
1768
1686
1700
1504
1604
1656
1608
1470
1420
1216
1224
1080
994
1000
1000
1040
1148
1180
1198
1008
934
916
928
914
1008
1156
1082
970
1140
1118
1112
872
800
590
602
532
408
472
556
436
238
196
274
108
70
2
28
30
198
86
84
16
178
248
398
558
584
440
528
766
894
674
514
744
610
556
552
518
708
650
718
610
558
468
872
960
994
1108
1220
1236
1234
1172
1092
1076
1242
1202
1142
1054
922
1050
942
992
972
974
932
766
672
538
600
512
240
242
240
234
76
126
148
172
182
160
128
172
324
218
230
116
182
66
36
126
56
118
42
148
74
70
68
68
38
16
140
222
244
354
386
164
244
232
276
258
192
148
144
106
62
290
250
316
226
218
260
258
214
216
110
156
72
170
74
30
32
122
46
164
68
50
30
46
166
122
170
148
76
120
188
324
286
358
500
482
554
540
532
558
530
512
344
436
360
170
80
130
200
148
310
286
352
448
572
578
486
360
450
320
250
106
148
280
196
412
406
398
418
378
322
360
374
278
252
384
442
384
286
270
278
320
346
442
458
450
474
542
798
838
1060
958
1044
1092
1028
988
986
1054
1102
1184
1062
934
748
662
650
676
704
908
784
762
650
794
862
768
932
846
832
880
908
830
922
726
734
758
780
740
830
852
752
696
626
768
438
480
312
132
114
168
32
20
2
10
6
80
32
70
170
200
12
100
256
180
158
156
96
176
186
344
454
344
434
390
262
174
304
270
210
232
44
182
202
238
340
190
252
302
112
16
12
44
42
2
142
216
352
406
428
384
500
488
566
562
542
438
440
474
402
316
176
114
246
474
354
390
512
446
340
320
440
446
552
532
600
806
676
772
664
584
460
264
302
306
240
434
426
418
420
482
614
598
462
648
716
876
1056
1154
1226
1348
1410
1178
1188
1424
1450
1368
1320
1314
1510
1482
1422
1590
1718
1730
1678
1508
1488
1456
1594
1542
1582
1500
1508
1458
1448
1488
1538
1490
1526
1242
1180
1014
1094
1096
1086
1000
1058
1092
1174
1004
912
818
678
598
566
740
518
308
90
124
34
40
138
64
16
48
136
142
440
394
260
306
414
394
306
394
372
428
288
142
310
334
294
190
112
176
108
216
124
130
8
76
18
54
96
176
214
186
72
56
304
280
204
234
314
734
810
926
816
908
856
888
948
814
660
488
640
482
576
738
682
638
484
432
452
332
346
448
534
574
870
922
750
726
710
614
704
770
714
744
714
596
588
554
414
546
474
508
414
448
252
322
554
484
448
616
680
738
568
464
512
408
484
528
524
736
804
678
728
704
756
682
608
738
760
826
998
786
684
774
648
714
692
666
602
746
986
1108
1086
1156
962
1102
1160
1240
1074
1108
1076
1196
1292
1264
1114
1122
1082
1084
1198
1194
1232
1170
1198
1184
1280
1422
1548
1332
1474
1270
1306
1258
1228
1308
1158
1192
1196
1070
916
920
1002
1002
982
1138
1118
1094
1018
988
814
746
756
870
738
668
720
726
708
572
424
406
456
542
518
460
264
352
208
168
190
136
144
112
106
54
56
132
150
112
72
174
338
394
334
252
236
124
60
90
8
82
2
148
180
390
374
312
248
54
48
54
30
74
70
98
58
108
58
96
116
48
28
130
106
134
384
366
248
292
342
234
180
230
214
150
174
128
82
42
48
114
84
32
120
114
54
28
106
142
250
404
462
506
472
310
228
240
350
