2706
2554
2554
2548
2568
2600
2562
2536
2474
2648
2740
2808
2758
2674
2572
2604
2506
2498
2586
2640
2592
2464
2396
2482
2532
2510
2588
2658
2566
2554
2698
2604
2560
2496
2654
2574
2546
2620
2458
2456
2356
2408
2320
2358
2276
2444
2370
2284
2376
2506
2556
2488
2342
2276
2166
2186
2288
2168
2182
2156
2200
2350
2276
2382
2392
2478
2388
2434
2390
2460
2552
2466
2348
2362
2376
2418
2412
2456
2516
2398
2490
2508
2524
2570
2602
2674
2606
2738
2744
2690
2670
2754
2816
2724
2614
2578
2448
2546
2394
2408
2494
2392
2552
2464
2438
2472
2572
2584
2790
2870
3028
2994
2706
2678
2608
2552
2610
2618
2490
2636
2578
2440
2654
2582
2672
2752
2754
2700
2596
2618
2636
2678
2650
2608
2478
2472
2440
2342
2258
2368
2406
2306
2122
2258
2156
2144
1992
2102
2104
2186
2354
2436
2352
2362
2456
2576
2592
2322
2268
2238
2350
2246
2424
2346
2290
2204
2292
2300
2278
2282
2382
2450
2384
2382
2410
2372
2508
2432
2400
2474
2306
2214
2122
2150
2150
1974
1952
2182
2190
2158
2396
2330
2288
2292
2332
2272
2288
2146
2106
2298
2224
2232
2172
2152
2200
2370
2510
2522
2318
2242
2056
1858
1896
1836
1716
1754
1740
1602
1616
1556
1576
1540
1560
1542
1584
1550
1396
1446
1534
1592
1618
1618
1592
1518
1412
1484
1396
1396
1396
1324
1256
1176
1146
1232
1320
1298
1230
1210
1308
1094
1074
870
968
1016
1128
1160
1126
1106
1048
1154
1180
1258
1346
1480
1604
1626
1782
1820
1814
1856
1860
1818
1860
1954
1924
2106
2092
1996
1922
2000
2026
2066
2038
1970
1978
1926
1762
1864
1836
1894
1910
1926
1956
1992
2102
2226
2278
2338
2320
2452
2556
2528
2470
2570
2572
2568
2434
2370
2428
2344
2358
2362
2310
2350
2354
2478
2484
2418
2458
2426
2272
2162
2078
1930
1966
1906
1916
1796
1682
1536
1560
1686
1674
1660
1682
1636
1646
1638
1676
1690
1736
1688
1732
1646
1778
1842
1792
1798
1824
1764
1740
1696
1656
1618
1680
1624
1690
1718
1640
1570
1632
1668
1626
1482
1554
1514
1390
1470
1410
1442
1550
1584
1570
1592
1508
1418
1394
1480
1634
1522
1556
1370
1474
1452
1356
1350
1388
1192
1250
1220
1334
1338
1338
1360
1394
1376
1312
1154
1378
1334
1322
1408
1348
1486
1496
1484
1530
1550
1544
1630
1556
1608
1658
1668
1776
1814
2022
1960
1930
1982
2048
2002
1882
1762
1740
1850
2124
2062
2054
2146
2138
2138
2058
2038
2064
2118
2158
2224
2308
2352
2254
2328
2346
2316
2176
2090
2122
2228
2284
2276
2182
2306
2238
2262
2328
2518
2506
2622
2546
2488
2562
2658
2716
2768
2770
2646
2652
2502
2514
2562
2410
2352
2326
2312
2296
2398
2340
2234
2248
2218
2238
2240
2288
2242
2350
2372
2204
2136
2076
2124
2212
2318
2274
2184
2434
2372
2288
2200
2154
2234
2368
2358
2274
2096
2074
2212
2200
2278
2142
2182
2136
2150
2060
2144
2188
2336
2526
2572
2574
2594
2622
2544
2792
2704
2688
2870
2818
2966
2978
3082
2988
2980
2854
2958
2932
2892
2828
2978
2880
2864
2742
2688
2822
2906
3028
2984
2868
2900
2984
2848
2822
2876
2868
2804
2754
2832
2966
2910
2866
2874
2772
2690
2678
2818
2966
2902
3054
3084
3010
3076
3184
3308
3454
3522
3350
3344
3308
3294
3230
3262
3354
3378
3426
3284
3306
3180
3352
3438
3436
3484
3666
3700
3580
3744
3756
3700
3812
3862
3782
3770
3742
3830
3860
3854
3880
3830
3880
3822
3700
3740
3710
3578
3648
3530
3348
3484
3548
3552
3542
3364
3382
3364
3510
3454
3428
3352
3336
3386
3444
3450
3406
3260
3468
3364
3308
3180
3132
3172
3208
3280
3120
3088
3090
3068
3118
3108
3156
3210
3234
3150
3166
3212
3008
3016
3020
3094
3008
3086
3120
3346
3318
3470
3482
3478
3518
3558
3530
3642
3558
3478
3348
3226
3356
3324
3300
3202
3186
3240
3304
3322
3316
3334
3270
3286
3322
3216
3258
3256
3384
3320
3346
3404
3454
3400
3572
3598
3644
3594
3530
3536
3598
3436
3444
3396
3390
3152
3338
3426
3280
3378
3144
3186
2938
2916
3026
3000
2982
3032
3006
3014
2902
2948
2992
2976
3040
3216
3226
3198
3378
3440
3336
3446
3398
3320
3422
3338
3396
3428
3556
3574
3690
3580
3562
3466
3380
3344
3406
3642
3630
3694
3590
3542
3400
3540
3412
3476
3444
3572
3602
3634
3638
3648
3526
3588
3594
3626
3474
3624
3510
3510
3286
3338
3364
3324
3232
3324
3386
3302
3372
3406
3320
3250
3200
3188
3232
3152
3104
3114
3176
3076
3180
3060
3078
2980
3048
2980
3076
3116
3110
3142
3118
3200
3140
2964
3006
2882
2980
3028
2996
3030
2984
2860
2792
2764
2664
2730
2790
2834
2864
2722
2770
2788
2748
2774
2938
2986
2984
2944
2814
2702
2696
2720
2880
2922
2798
2718
2696
2796
2738
2790
2640
2602
2512
2558
2462
2514
2554
2666
2690
2636
2742
2618
2676
2700
2566
2666
2638
2588
2874
3056
3026
3092
3114
3112
3138
3016
2998
3134
3242
3190
3332
3536
3506
3506
3438
3404
3248
3328
3326
3342
3258
3252
3280
3246
3376
3412
3266
3204
3202
3240
3158
3150
3130
3254
3200
3356
3406
3254
3374
3392
3348
3450
3430
3432
3454
3452
3338
3250
3238
3186
3234
3276
3286
3346
3262
3280
3226
3326
3302
3226
3404
3264
3360
3376
3450
3500
3404
3214
3204
3136
3278
3304
3184
3216
3384
3432
3392
3296
3348
3200
3240
3172
3244
3230
3228
3004
2988
3076
3162
3084
3048
3018
2902
2988
2998
2970
3096
3026
2958
2930
2924
2782
2760
2920
2860
2802
2834
2966
2908
2974
2964
3036
3018
3040
3190
3226
3120
3160
3244
3246
3320
3378
3346
3422
3516
3662
3608
3560
3644
3490
3504
3530
3574
3552
3578
3686
3784
3676
3644
3592
3776
3822
3932
3890
3846
3880
3998
3968
3894
3620
3586
3562
3588
3668
3672
3700
3614
3726
3708
3726
3712
3744
3824
3792
3912
3958
4076
3976
3948
3890
3844
4030
4072
4116
4110
4172
4144
4140
4114
4160
4138
4124
4244
4088
4030
4190
4148
4292
4348
4418
4494
4350
4374
4352
4512
4458
4548
4552
4512
4434
4400
4342
4332
4368
4220
4290
4280
4390
4456
4446
4276
4434
4316
4238
4152
4180
3938
4034
4036
4080
4082
4234
4358
4438
4412
4362
4278
4330
4352
4250
4164
4218
4204
4294
4290
4338
4204
4120
4096
4214
4398
4414
4558
4522
4516
4462
4620
4728
4686
4756
4798
4792
4998
4834
4724
4638
4746
4804
4730
4644
4616
4682
4680
4708
4776
4838
4966
5088
5122
5218
5352
5382
5314
5394
5378
5214
5194
5218
5258
5346
5434
5426
5314
5152
5230
5230
5188
5336
5332
5278
5298
5348
5276
5282
5256
5332
5188
5034
5162
5202
5176
5066
5016
5010
4956
4942
4972
5138
5184
5222
5106
5128
5198
5194
5148
5272
5164
5276
5202
5232
5194
5310
5216
5368
5372
5416
5394
5458
5446
5416
5428
5398
5386
5298
5204
5220
5328
5460
5330
5260
5296
5136
5116
5144
4996
4970
4882
4852
4912
5032
5168
5258
5364
5384
5332
5416
5470
5346
5368
5472
5270
5374
5414
5360
5410
5436
5590
5510
5546
5506
5560
5488
5238
5260
5232
5158
5226
5312
5270
5402
5318
5312
5240
5204
5106
5116
5068
5088
5040
5138
5156
5134
5012
5006
5038
4974
4982
4970
4960
4930
4912
4900
4644
4666
4756
4814
4798
4782
4634
4682
4690
4742
4732
4714
4698
4660
4656
4756
4648
4764
4742
4928
4738
4756
4632
4592
4554
4652
4590
4582
4532
4472
4480
4564
4556
4656
4726
4652
4712
4796
4846
4842
4758
4856
4914
4886
4920
4970
4954
4906
4926
4992
4928
4908
4832
4950
4922
4776
4752
4788
4726
4708
4652
4802
4680
4646
4684
4578
4536
4536
4696
4766
4768
4776
4696
4706
4800
4760
4900
4894
4864
4764
4718
4792
4742
4816
4944
5016
4894
4882
4938
4934
4914
4802
4968
5038
5098
5186
5126
5070
5172
5268
5216
5120
5086
5008
5070
5000
4952
4964
4774
4888
4826
4990
5058
5116
5046
5068
5062
4996
4964
4736
4816
4878
4844
4856
5026
5054
5100
5088
4942
4962
4978
4954
4918
4952
5016
5002
5048
4858
4830
4820
4816
4750
4644
4664
4648
4474
4372
4482
4280
4194
4276
4268
4302
4392
4434
4394
4412
4490
4430
4540
4518
4412
4178
4202
4372
4336
4444
4442
4600
4456
4390
4458
4422
4336
4182
4174
4090
4168
4154
4274
4260
4306
4328
4344
4490
4648
4548
4614
4586
4570
4506
4276
4268
4396
4382
4478
4414
4316
4292
4164
4060
4092
4154
4320
4428
4424
4348
4182
4102
4122
4262
4396
4312
4274
4214
4232
4284
4092
4040
4040
3996
4082
4046
4072
3934
3904
3844
3778
3800
3642
3682
3738
3742
3736
3650
3594
3756
3682
3812
3832
3854
3814
3834
3768
3708
3616
3578
3462
3548
3494
3536
3514
3588
3610
3522
3398
3488
3520
3466
3388
3410
3476
3552
3604
3544
3564
3496
3406
3438
3344
3310
3152
3136
3264
3228
3238
3208
3514
3526
3492
3494
3538
3486
3520
3730
3702
3672
3582
3648
3570
3366
3336
3298
3340
3338
3244
3192
3208
3172
3340
3202
3272
3258
3330
3290
3264
3318
3284
3242
3220
3208
3438
3344
3306
3284
3426
3394
3172
3196
3294
3422
3312
3298
3212
3088
3260
3250
3158
3126
3242
3150
3232
3206
3062
2994
2934
2894
2834
2820
2938
2910
2812
2768
2786
2860
2828
2886
2958
2930
2990
3056
3160
3216
3262
3244
3270
3286
3402
3440
3544
3534
3544
3474
3356
3314
3088
3036
3058
3024
3164
3228
3098
3086
3272
3316
3294
3218
3156
3294
3240
3094
3070
3104
2972
2994
3010
2930
2902
2966
3046
3006
3004
3002
3120
3252
3142
3194
3216
3038
2906
2876
2920
2824
2954
2960
2966
3024
3008
2924
3062
3046
3034
3034
3064
3124
3168
3150
3164
3178
3108
3010
2986
3022
2978
2960
2912
2742
2878
2900
2776
2814
2902
3006
2962
2982
2850
2826
2936
3064
3182
3272
3176
3166
3148
3198
3120
3182
3200
3320
3328
3356
3316
3276
3324
3248
3222
2964
2902
2918
2892
3000
3092
2924
2990
3026
2954
2988
2902
2798
2938
2986
2940
2994
3020
3036
2978
3004
2948
3002
3026
2878
2892
2838
2722
2720
2612
2540
2550
2494
2450
2514
2484
2390
2564
2688
2672
2712
2714
2712
2790
2790
2776
2730
2744
2818
2722
2692
2524
2586
2558
2678
2694
2760
2640
2560
2514
2566
2650
2594
2832
2790
2830
2654
2546
2546
2654
2650
2778
2810
2686
2536
2428
2258
2340
2476
2542
2562
2646
2732
2862
2930
2882
2978
2920
2994
2998
3148
3130
3090
2938
2962
2918
2928
2834
2804
2872
2834
2908
2828
2762
2962
2968
2976
2972
2804
2698
2788
2834
2838
2840
2726
2770
2848
2744
2716
2708
2604
2548
2698
2694
2622
2654
2660
2534
2494
2510
2524
2570
2610
2598
2612
2508
2424
2338
2392
2606
2590
2512
2622
2602
2708
2668
2746
2856
2946
3060
2978
2954
3090
3134
2998
2770
2732
2784
2610
2620
2494
2638
2472
2476
2596
2712
2648
2564
2668
2716
2764
2792
2910
2848
2878
2884
3076
2956
2952
3170
3304
3318
3292
3354
3316
3246
3154
3062
3158
2972
2870
2910
2768
2842
2834
2824
2818
2708
2632
2828
2898
2928
2744
2790
2868
2836
3068
3038
3056
2998
2818
2872
2846
2894
2804
2704
2810
2864
2780
2686
2688
2766
2668
2776
2708
2854
2766
2786
2864
2696
2690
2852
2874
2900
2906
2998
3080
3142
2972
2954
3012
2888
2820
2916
3000
2982
2920
2868
2738
2768
2764
2826
2882
2822
3062
3204
3274
3238
3264
3082
3176
3194
3218
3140
3006
2912
2938
2908
2818
2738
2580
2776
2784
2852
2748
2806
2764
2770
2834
2742
2672
2816
