366
374
408
444
434
420
424
428
376
396
384
336
354
352
346
356
326
290
320
298
328
314
392
450
464
426
448
502
506
546
536
516
542
546
554
580
566
538
508
478
440
438
444
420
404
352
310
276
308
268
312
320
284
288
260
254
270
242
242
198
222
194
230
292
294
308
284
264
236
270
356
368
354
362
392
404
374
400
412
428
424
466
428
452
452
470
500
520
548
580
554
576
524
554
584
602
600
598
648
628
628
634
600
614
628
666
666
668
662
694
658
672
664
670
662
702
696
730
790
776
766
806
828
802
812
814
862
826
794
756
754
742
700
730
726
678
678
650
648
642
690
692
690
686
700
658
638
686
690
638
640
634
642
662
618
588
574
560
512
506
514
514
516
542
576
558
610
620
608
616
624
580
572
526
530
536
494
490
520
548
530
542
542
560
554
556
600
602
602
622
578
614
624
612
578
538
518
536
530
564
596
588
568
588
534
554
522
522
476
514
516
498
494
450
468
478
466
482
452
468
452
414
416
410
444
478
558
556
570
590
624
646
632
626
620
664
660
648
650
676
632
656
640
638
626
592
564
544
552
502
520
522
516
548
534
536
544
496
496
444
432
434
466
500
488
466
460
464
434
442
416
374
374
378
368
354
384
388
316
290
270
306
298
286
324
404
418
368
398
408
446
436
452
396
390
420
408
370
350
372
422
416
396
400
342
300
318
332
374
308
300
262
276
248
292
318
308
326
344
302
292
314
284
250
250
278
238
242
282
258
244
278
242
220
252
270
260
268
266
230
248
236
226
162
182
182
166
210
214
218
196
238
198
168
126
98
126
162
252
210
174
224
274
286
324
316
310
236
198
212
214
270
308
294
280
258
254
306
280
332
308
284
240
270
260
268
250
264
232
206
236
248
232
242
258
232
210
210
266
286
330
336
324
322
268
296
298
314
326
356
432
456
500
540
522
490
504
480
504
454
518
532
522
512
506
486
500
502
426
422
380
384
366
382
340
382
390
394
400
350
366
352
360
350
402
402
382
358
364
358
376
366
296
346
398
426
416
426
348
328
324
346
350
368
404
442
478
484
464
498
524
536
488
516
472
446
462
440
448
480
446
480
492
528
502
508
522
550
562
572
550
578
570
646
630
594
604
634
642
626
626
646
620
632
656
738
760
766
824
830
814
782
812
816
768
774
812
800
788
768
770
756
760
748
760
758
710
700
718
698
696
702
686
676
694
720
754
758
764
752
770
746
734
750
760
754
758
752
764
768
790
784
788
816
794
782
778
798
760
790
782
810
826
758
760
722
704
740
698
754
758
800
828
802
808
806
792
750
780
786
784
732
738
720
738
728
692
692
654
656
626
660
646
636
684
676
684
706
698
716
744
686
720
682
714
716
728
760
740
756
792
768
738
726
734
794
804
766
776
756
732
740
712
704
714
738
750
834
874
826
802
734
724
736
770
790
786
798
804
808
806
782
740
746
668
652
674
710
720
684
696
704
772
756
734
730
786
782
792
828
826
800
832
826
798
790
764
778
788
824
802
806
806
812
788
772
738
722
704
682
718
724
704
718
702
680
744
714
732
700
700
668
664
642
618
638
668
688
710
676
672
650
710
708
708
682
666
690
712
690
650
604
594
524
566
546
550
532
470
478
498
498
482
478
446
448
436
438
454
490
480
480
460
458
474
474
478
478
424
474
458
482
468
488
518
500
536
568
600
586
584
536
516
522
516
480
488
526
524
512
454
450
450
436
462
506
556
586
582
620
554
550
530
498
544
594
618
616
616
584
568
608
624
604
644
580
606
646
638
684
666
614
680
648
660
616
612
600
622
656
650
624
632
590
584
636
652
600
580
602
646
682
694
698
716
712
702
650
594
616
612
652
628
550
520
524
490
494
494
486
514
478
462
460
458
444
464
478
424
448
470
458
410
450
450
446
394
434
406
442
442
386
386
378
332
304
346
336
374
358
320
336
360
352
364
336
302
266
268
272
258
294
272
278
320
368
368
362
378
420
420
408
390
392
378
362
388
392
384
388
422
464
442
454
506
494
460
506
474
472
512
488
460
532
506
480
508
494
514
532
534
528
544
526
510
512
514
556
576
662
646
622
662
678
680
676
678
684
652
670
660
730
704
728
730
718
686
712
674
676
644
648
638
610
624
590
638
618
588
622
600
604
586
552
572
574
558
510
562
596
574
574
592
572
546
518
562
570
566
528
482
492
436
466
444
446
462
484
482
460
478
516
546
538
560
586
592
614
612
600
584
614
590
572
542
554
560
606
608
588
566
588
548
570
588
576
580
576
538
518
532
580
604
552
610
600
556
590
582
566
552
540
518
556
554
550
532
550
534
610
604
596
594
556
532
520
532
554
532
564
582
598
618
620
594
610
622
632
648
594
590
560
572
574
578
592
622
604
640
682
646
666
678
672
734
758
780
748
740
712
738
760
760
734
740
784
800
796
806
762
740
740
740
748
768
748
700
660
658
662
688
692
682
674
646
620
638
656
604
628
610
646
644
658
704
714
702
694
718
712
752
782
764
758
794
796
760
738
770
784
802
768
774
746
734
750
766
774
780
802
798
776
782
812
800
830
816
842
808
774
762
786
738
754
750
730
736
732
762
774
728
756
754
758
744
720
704
674
662
674
712
720
662
708
658
646
620
634
618
650
632
700
692
722
688
720
752
738
778
754
750
732
734
728
724
736
734
696
664
674
672
648
660
660
682
646
646
710
720
738
716
672
700
722
782
744
754
786
770
784
824
810
774
754
738
674
698
698
732
696
734
762
772
762
764
788
792
758
802
828
816
794
778
728
726
708
706
712
746
748
748
782
734
740
738
750
772
790
758
720
696
692
704
734
718
706
676
668
616
614
618
636
650
600
576
582
588
548
580
610
586
596
528
538
558
570
518
528
530
528
512
556
526
548
514
496
492
502
466
466
486
518
522
490
522
464
444
446
426
436
430
462
444
412
414
410
432
434
368
408
396
364
356
386
372
416
446
456
376
410
428
386
392
406
440
452
446
480
476
474
480
434
420
432
442
436
398
434
432
418
422
368
400
450
416
428
436
416
420
410
438
432
524
492
480
478
470
516
540
484
504
470
494
528
510
508
542
510
552
554
580
528
510
492
500
494
486
492
460
430
358
386
362
418
422
420
442
472
492
516
494
478
468
494
520
498
484
476
454
436
388
376
314
282
310
364
334
320
326
282
252
264
276
266
258
296
240
198
188
160
162
184
156
130
70
112
174
188
206
230
228
276
252
246
234
240
226
258
286
286
254
254
256
274
304
294
320
338
348
322
250
284
304
290
310
322
304
278
318
322
282
272
254
244
252
220
126
126
94
118
140
116
98
100
86
122
90
40
44
38
54
56
52
96
50
78
106
108
106
120
104
90
86
116
162
170
192
284
222
204
170
150
162
62
28
20
28
42
22
22
10
16
60
74
80
184
204
176
168
132
124
172
196
158
168
178
224
212
184
222
214
274
264
232
246
300
300
296
276
310
330
314
310
356
310
280
260
306
308
294
326
332
338
364
354
330
338
310
330
340
322
346
440
454
434
416
368
366
366
380
328
318
346
342
300
300
292
284
292
312
362
404
384
378
430
406
388
370
350
326
318
334
378
346
356
388
376
374
350
314
332
288
298
304
292
296
256
252
242
276
252
292
350
344
322
388
388
396
402
440
418
454
486
502
500
506
476
520
548
554
582
568
574
562
554
580
550
586
552
620
616
578
564
572
590
574
566
534
590
624
632
624
604
640
628
676
702
654
630
640
644
672
674
642
612
600
580
570
540
496
498
512
474
474
424
400
434
410
432
420
422
434
450
414
422
436
450
432
400
410
398
356
418
392
408
442
434
428
448
486
488
532
516
498
516
500
486
508
520
486
498
460
422
456
498
472
496
480
494
496
464
494
476
484
488
438
436
436
464
442
532
514
544
566
506
546
538
532
508
528
524
532
556
558
528
556
596
592
588
582
604
612
604
602
610
632
656
664
586
564
552
584
572
560
584
520
502
570
612
624
662
636
668
682
650
628
634
632
634
658
674
648
706
686
634
636
618
628
606
600
620
620
700
702
692
680
692
698
664
700
718
694
658
634
636
668
674
688
648
592
566
602
602
646
644
686
722
704
710
698
676
628
588
604
618
612
642
628
680
626
650
668
626
604
546
560
536
574
610
634
584
546
500
488
518
484
466
524
536
564
522
434
422
474
454
462
470
436
434
450
482
488
428
450
412
382
336
362
416
462
490
528
468
468
426
428
426
486
480
470
460
474
460
454
466
490
448
450
424
460
486
476
468
500
550
508
522
500
480
486
484
556
512
480
464
514
482
478
506
480
466
474
504
542
558
550
524
536
482
504
446
476
486
528
504
498
554
528
526
532
560
568
548
592
582
570
558
554
532
514
552
592
598
600
586
572
568
582
520
564
506
518
506
450
448
414
472
524
544
542
530
502
492
520
538
530
520
496
544
552
630
674
668
676
660
684
718
714
734
706
706
700
748
774
768
724
708
730
724
732
758
756
776
740
724
686
714
706
714
742
