14
10
28
32
90
120
132
134
126
108
124
82
132
122
120
120
112
78
46
68
26
64
100
156
166
192
248
288
290
286
246
292
264
240
200
202
200
206
198
264
168
128
58
102
94
174
182
132
196
228
208
206
220
204
164
162
150
152
188
244
190
252
210
210
216
138
78
86
114
72
84
100
110
66
80
58
52
46
36
20
80
50
32
0
0
22
52
42
16
38
28
56
20
16
30
18
22
16
44
62
110
136
74
80
130
84
122
110
168
180
172
130
144
192
190
212
246
176
92
94
100
128
82
70
180
164
128
124
140
102
154
166
132
148
162
210
202
160
130
154
110
94
72
80
44
12
10
66
36
80
54
52
22
34
28
18
54
4
10
46
26
56
68
18
74
108
48
74
56
38
76
58
64
96
152
190
224
214
212
218
230
244
246
260
276
284
222
230
274
282
338
304
340
382
328
258
194
204
230
190
206
298
250
218
164
154
198
202
198
134
150
150
114
80
88
48
4
82
66
52
66
46
10
46
28
2
12
14
46
46
18
28
112
94
74
22
28
2
8
46
46
100
128
118
26
84
132
62
128
154
154
164
180
232
204
216
208
246
224
180
166
158
176
108
170
152
108
78
84
102
114
104
98
128
72
96
76
62
56
66
48
82
46
86
144
134
214
164
210
244
218
224
172
172
214
212
238
180
158
176
146
156
156
124
86
24
22
28
72
98
84
62
2
4
20
2
34
34
18
20
20
12
26
14
80
72
4
4
34
26
22
12
68
74
86
96
2
66
38
16
2
18
48
14
14
36
40
16
104
78
68
50
56
92
194
142
140
130
126
132
142
110
124
114
154
128
78
56
108
52
64
84
60
60
70
80
44
28
62
6
12
14
12
46
20
12
56
26
74
94
128
218
230
202
176
190
154
172
176
172
218
210
204
196
198
150
142
136
146
176
182
182
158
104
78
132
130
116
102
44
46
56
36
56
34
30
8
60
32
24
28
32
38
4
28
44
60
28
16
32
32
18
12
82
54
50
30
10
62
22
12
24
14
20
34
10
16
2
18
26
90
18
10
64
44
22
28
64
40
34
50
112
124
106
140
164
172
146
106
114
240
182
160
184
132
82
84
148
56
108
106
172
146
166
188
220
258
260
306
322
290
296
316
348
372
292
286
276
280
238
280
248
254
254
214
194
266
280
332
342
386
324
368
382
394
400
372
378
406
384
380
400
348
354
376
366
358
334
282
230
236
236
282
274
238
226
228
132
118
130
174
160
180
158
124
122
110
84
100
106
90
98
146
150
202
154
156
114
106
168
166
180
150
96
50
84
22
34
62
88
66
62
76
68
18
14
64
70
86
38
20
32
48
8
12
46
12
46
4
2
20
6
14
10
56
20
16
54
104
92
94
104
82
132
146
132
138
146
104
110
92
116
170
152
126
158
116
80
82
70
66
42
66
40
16
100
24
30
34
34
70
16
2
26
46
62
76
28
32
50
22
26
28
22
34
2
12
20
6
42
32
22
36
22
10
28
50
72
112
168
204
254
210
206
242
216
176
144
180
142
178
214
200
168
148
180
184
196
198
100
72
18
38
46
98
36
38
24
4
72
134
166
138
116
122
174
208
210
150
152
188
208
182
250
274
278
224
232
238
246
260
240
292
306
290
334
332
360
318
312
320
324
296
352
336
368
376
332
344
278
288
292
374
312
338
306
272
240
200
130
120
172
188
168
162
178
178
150
130
160
162
152
176
186
118
164
188
194
132
112
70
104
134
108
96
78
88
64
66
118
176
158
134
138
232
232
186
132
72
184
156
194
256
260
284
316
328
306
228
214
270
272
286
266
320
296
308
322
308
284
252
318
280
248
248
232
216
198
196
218
170
124
148
178
204
180
156
156
164
262
276
228
210
192
172
140
110
58
84
104
102
66
26
66
8
28
72
30
84
84
44
80
88
98
90
166
140
154
168
220
222
172
162
174
152
98
56
106
148
172
152
114
108
98
128
156
120
94
46
76
134
76
54
76
72
66
88
138
178
216
168
148
150
128
116
88
32
12
38
26
44
22
68
64
74
104
142
156
92
68
96
82
68
90
148
194
184
196
232
218
258
292
324
356
298
272
292
270
270
278
226
208
126
120
124
156
132
156
136
116
2
2
26
42
4
8
18
60
66
34
70
82
56
14
26
70
22
0
26
58
88
48
84
60
94
126
168
226
254
234
226
278
320
356
330
398
378
380
432
380
394
344
270
276
298
230
212
234
266
288
302
288
282
312
310
272
302
256
266
280
230
242
260
222
284
264
278
284
270
270
238
264
274
256
312
330
326
320
276
334
342
304
312
254
274
234
254
280
304
248
246
234
194
210
230
226
210
270
256
274
292
318
326
324
298
284
244
216
308
316
372
334
332
344
312
294
326
328
304
278
296
306
320
388
406
404
394
378
348
332
298
266
262
236
242
220
198
216
142
214
274
272
220
220
258
262
242
260
338
374
356
350
320
282
304
272
294
252
216
246
220
220
248
248
270
266
272
262
300
306
372
362
304
270
280
302
272
254
248
276
254
278
318
318
350
318
300
294
298
302
300
322
320
338
302
296
312
334
316
280
286
254
264
238
308
232
268
208
272
292
332
322
294
282
238
196
126
82
94
104
148
88
38
86
108
86
62
78
78
92
90
108
108
98
134
190
210
226
192
168
220
234
246
246
264
232
258
186
218
242
280
270
274
280
302
324
322
380
338
350
278
284
314
276
228
190
170
160
110
40
16
4
44
58
64
112
128
210
154
128
186
186
166
164
174
174
214
196
156
172
210
198
202
210
180
132
104
38
52
64
16
18
72
124
134
144
102
80
100
94
72
46
4
12
44
8
12
38
18
18
114
148
102
60
52
60
48
88
110
164
116
62
32
76
48
74
132
110
158
158
110
64
6
2
66
84
122
96
80
20
28
60
72
114
92
62
4
26
44
6
6
12
8
68
64
50
6
32
84
90
82
92
118
116
48
66
80
64
44
26
40
6
68
110
66
86
34
12
20
30
42
20
10
10
50
22
0
22
6
2
34
2
20
42
10
36
16
28
16
32
38
42
62
112
116
138
106
134
92
100
138
114
118
186
170
192
232
250
248
236
230
250
342
328
328
326
384
392
424
392
424
428
492
508
508
556
558
566
578
598
652
574
540
568
540
506
504
526
500
500
464
392
406
392
420
454
438
466
458
496
474
496
478
450
458
462
442
440
422
482
414
476
420
354
366
380
384
434
428
424
384
406
374
378
362
312
284
310
342
320
356
316
328
308
318
376
346
336
350
346
360
348
356
314
324
316
356
388
392
370
312
274
322
338
320
280
296
318
342
366
340
354
358
332
324
276
256
214
174
172
138
104
62
70
76
74
122
146
110
146
164
200
262
302
352
290
264
236
286
246
288
270
264
286
266
342
298
304
232
254
232
224
198
252
238
262
286
314
358
376
384
368
374
418
346
328
316
296
260
232
242
336
312
260
272
220
230
200
242
162
222
200
214
162
116
102
122
132
122
124
106
136
114
76
54
96
106
120
84
34
26
84
58
76
52
10
12
44
94
122
126
136
116
130
134
112
52
36
76
102
104
94
154
134
88
122
128
80
64
86
130
184
236
220
208
110
78
62
84
114
102
100
104
106
140
188
162
152
104
108
164
148
184
190
118
110
140
116
164
142
164
164
190
150
96
188
128
138
84
48
72
54
100
72
98
84
18
30
54
24
80
68
120
94
128
126
146
152
134
146
156
124
138
146
70
52
66
128
90
124
154
126
132
162
150
168
156
230
250
256
214
210
222
208
186
154
170
138
160
150
76
58
60
84
118
72
14
38
16
18
10
2
44
30
28
58
98
104
140
170
168
172
232
210
182
180
180
224
216
178
158
188
128
104
102
154
194
172
186
208
234
224
216
210
194
164
138
162
132
76
44
4
12
4
26
30
40
68
82
70
50
84
118
126
100
166
176
164
132
154
156
122
92
92
64
80
104
154
170
168
182
148
178
232
236
210
180
192
232
288
292
330
314
316
278
278
250
258
280
222
286
238
264
208
276
278
260
186
222
244
246
236
248
282
262
314
306
340
342
354
358
352
394
388
332
302
344
356
354
332
312
318
326
354
352
406
444
404
392
434
400
452
436
402
420
342
334
326
342
308
356
348
332
308
300
318
288
260
252
252
266
296
238
222
270
270
216
242
286
278
300
324
328
308
308
278
204
156
168
166
140
158
118
122
94
120
98
108
74
82
78
110
98
132
104
124
48
10
16
8
80
82
94
144
78
122
96
82
72
134
140
186
164
92
42
2
30
32
20
28
32
94
106
50
36
10
82
108
116
150
84
52
68
148
206
188
190
194
194
222
260
288
208
198
148
144
160
172
184
186
240
260
258
302
272
262
274
294
304
294
246
190
174
132
126
128
156
84
82
88
48
94
84
126
42
44
24
70
138
72
142
178
142
114
126
186
168
132
74
66
34
64
74
74
102
144
134
124
136
118
170
172
168
126
68
54
14
0
64
30
44
54
52
70
46
38
18
60
40
30
