734
748
696
664
662
784
892
800
750
796
796
856
834
858
774
728
756
810
654
672
636
662
676
658
668
624
700
680
554
568
610
544
392
388
498
548
700
734
686
590
562
484
472
426
410
326
400
402
422
384
436
330
396
364
344
364
366
328
386
494
656
740
850
936
988
888
808
764
888
822
816
812
920
898
924
902
846
894
1066
990
974
912
860
728
822
708
742
834
830
786
886
916
954
1002
934
962
1008
982
978
938
936
1010
974
978
1030
974
802
752
832
870
818
872
866
742
770
816
870
964
1028
912
964
874
882
854
774
754
554
588
632
588
644
704
720
572
418
458
366
268
372
376
488
580
532
510
462
450
422
472
416
312
296
266
328
372
350
432
476
436
332
332
360
320
218
168
218
258
292
272
268
234
252
256
190
36
62
10
54
64
72
42
30
26
48
106
30
62
10
56
62
48
196
6
26
20
32
56
58
144
108
230
174
254
204
340
348
248
268
118
108
170
46
82
144
102
184
182
204
260
216
276
274
246
244
280
314
298
290
226
214
300
322
208
136
108
76
84
38
68
64
144
128
166
98
106
16
28
224
272
210
320
290
304
416
462
402
358
294
310
370
264
248
354
284
328
242
46
24
50
80
78
56
64
42
66
42
104
146
128
222
318
370
392
376
406
600
628
526
442
272
340
310
332
280
252
214
252
210
228
170
168
194
148
272
286
364
314
246
260
206
118
206
258
310
344
264
182
252
272
258
288
284
274
254
154
148
140
100
78
102
134
174
224
214
226
290
246
316
334
294
224
262
230
256
358
290
282
326
318
326
336
168
120
144
154
290
280
266
336
316
202
126
16
118
160
150
150
250
296
256
274
308
210
138
16
16
12
70
56
130
264
256
248
98
182
218
226
134
114
146
204
302
250
242
194
210
304
288
248
200
124
196
110
138
236
168
290
294
232
248
210
112
136
158
160
128
94
144
42
130
212
214
276
164
178
324
356
338
454
426
386
404
462
390
436
480
462
496
504
476
440
424
476
650
596
490
338
352
332
420
356
320
236
202
194
210
200
124
122
108
84
42
20
34
42
112
200
158
168
54
140
198
236
320
340
484
366
360
268
422
454
262
204
222
264
298
284
302
246
262
160
140
146
82
4
100
26
88
14
62
166
212
284
276
276
262
290
386
454
482
538
434
540
524
448
516
654
484
416
434
452
446
372
360
536
642
562
618
534
534
418
454
404
394
536
492
498
522
512
566
512
488
458
558
636
678
800
790
766
836
892
852
920
1000
896
934
916
788
844
908
922
830
880
856
802
746
736
820
752
752
752
722
760
894
910
870
732
800
862
804
776
764
886
916
976
962
938
838
790
614
596
594
676
848
918
932
818
748
748
700
636
736
742
770
754
794
848
836
896
870
736
648
806
796
794
750
654
706
774
714
718
774
722
734
658
748
804
792
794
814
802
784
856
876
846
826
814
810
678
760
774
898
904
908
876
818
832
724
764
690
780
770
790
900
848
876
854
876
848
994
1100
1142
1230
1166
1120
1082
978
1050
1198
1120
1186
1070
1142
1282
1134
1104
1136
1044
1044
1078
1088
984
1006
944
892
918
856
902
888
906
726
786
854
746
770
738
682
714
638
664
734
676
548
690
664
730
688
744
778
804
860
880
942
900
928
904
964
942
908
776
686
534
444
456
498
472
438
346
338
390
278
230
210
176
44
120
178
132
168
196
194
132
114
170
182
150
232
378
444
456
478
378
380
312
274
244
260
228
194
222
172
180
254
190
96
36
22
118
32
30
48
32
74
24
8
140
14
86
104
212
238
272
198
144
120
118
132
84
70
128
172
126
94
82
126
174
138
128
16
66
52
132
240
158
210
290
220
156
72
100
122
192
230
124
134
188
146
86
106
228
250
262
116
136
178
220
164
8
36
74
6
56
40
104
8
4
20
68
174
100
144
206
262
142
174
144
148
252
204
196
92
186
218
282
206
214
164
82
174
126
186
62
60
14
10
48
44
72
68
64
42
40
92
72
20
72
40
6
26
58
82
106
50
84
30
6
102
132
92
16
24
20
70
0
10
20
126
160
222
210
200
250
206
240
258
190
186
160
200
306
298
250
430
450
372
408
374
308
324
314
306
270
206
346
284
314
194
148
210
116
16
56
6
116
2
4
66
40
22
46
28
90
52
64
102
64
38
10
6
20
54
68
68
62
50
66
14
84
130
46
34
44
80
4
110
20
18
24
64
2
22
110
134
86
166
288
188
274
352
346
226
290
246
182
84
218
222
270
316
416
358
418
512
442
414
310
252
292
226
222
326
394
316
346
438
382
412
490
496
436
342
336
314
390
424
436
456
526
570
482
488
472
396
304
262
252
190
106
176
140
102
94
306
232
196
188
186
84
2
30
44
92
10
30
20
8
68
126
146
188
144
248
226
244
150
202
66
8
104
94
236
276
240
252
184
192
104
156
120
112
130
164
120
150
202
266
346
376
418
320
290
250
168
166
116
14
144
216
84
56
22
86
138
20
136
80
24
72
226
120
150
106
138
158
168
296
276
226
214
48
160
106
110
78
50
2
34
76
56
66
28
76
82
60
48
50
178
84
54
90
88
142
236
354
290
238
158
218
294
274
340
366
384
488
632
614
596
562
370
370
368
364
506
508
436
488
556
582
672
684
750
584
578
696
736
798
894
960
1078
1106
1058
1070
1022
1054
1102
1224
1238
1208
1144
1218
1244
1378
1456
1356
1306
1350
1230
1270
1214
1036
1190
1186
1104
1088
1084
1088
1082
1070
1000
914
868
940
1018
1046
1056
992
1020
1114
1092
1114
1152
1134
1080
996
900
866
766
712
732
846
882
848
824
910
872
884
946
994
888
846
642
608
566
480
452
430
352
356
286
378
396
414
434
394
446
488
598
540
566
522
484
384
436
536
552
448
500
550
560
558
526
602
510
448
456
582
522
560
532
606
574
558
452
540
486
494
566
496
440
368
412
384
452
456
376
390
378
344
466
466
400
260
374
348
274
244
244
322
282
298
300
246
198
216
248
216
210
208
234
312
362
394
396
406
408
414
418
348
290
238
248
184
120
100
50
96
132
106
72
44
100
108
250
130
112
218
332
442
518
530
448
546
408
562
618
488
406
410
390
402
310
266
280
234
166
398
534
350
360
366
398
352
410
466
362
308
298
330
392
278
212
210
190
106
180
108
76
84
106
92
70
186
122
88
2
148
26
10
116
124
188
212
202
218
274
336
320
330
384
494
536
492
442
474
526
548
528
408
432
406
520
578
580
532
576
602
636
728
682
608
548
580
570
578
568
516
612
556
578
612
468
534
558
676
656
726
680
618
688
654
634
684
568
506
540
548
564
632
626
608
598
658
574
522
676
562
522
518
416
408
370
340
302
222
296
200
260
282
210
280
234
332
440
464
460
354
292
376
426
156
150
218
294
458
418
424
368
334
402
308
128
106
126
142
168
180
138
88
72
104
112
108
154
180
136
88
158
112
180
280
316
438
298
310
366
332
256
142
24
8
2
90
114
140
208
256
292
224
196
188
216
248
334
330
410
372
356
426
452
516
578
570
426
342
246
306
236
374
388
358
322
380
360
312
338
394
428
436
420
478
604
732
684
732
676
684
742
764
812
832
768
810
766
760
756
758
910
902
872
840
800
754
694
806
758
836
934
880
894
858
930
712
706
708
766
680
728
754
806
926
826
792
794
778
856
946
1004
988
968
948
1022
938
844
710
758
762
810
776
766
844
756
732
742
888
882
834
786
878
850
860
764
812
920
774
896
832
948
994
996
942
936
934
986
784
830
926
946
856
888
832
852
772
876
832
836
722
636
722
798
876
788
926
856
878
842
806
862
824
846
846
884
830
720
788
772
904
930
968
866
804
914
874
928
1030
1108
1104
1096
1006
1022
960
928
778
796
734
720
802
820
746
794
882
864
908
986
920
940
938
1030
1144
1150
1186
1108
1070
958
960
1002
984
902
698
688
646
558
474
460
548
476
502
486
462
440
372
324
404
370
378
542
526
576
706
838
838
922
942
992
982
926
810
800
704
758
590
582
504
432
310
352
474
466
458
500
494
512
516
484
616
486
538
630
570
504
544
508
556
404
478
382
420
510
428
360
370
272
256
236
308
310
262
124
166
156
122
154
124
172
128
214
136
160
160
136
104
66
40
80
58
12
28
22
100
158
76
104
92
198
188
212
234
220
160
244
306
484
528
482
554
522
514
542
488
410
560
600
660
698
740
772
826
822
824
876
882
774
716
764
766
892
902
884
884
778
716
648
628
808
780
760
634
576
556
520
584
610
738
638
638
642
626
552
516
600
680
806
944
796
886
786
780
824
774
836
736
718
768
742
770
884
1036
1050
918
978
978
1004
998
966
916
886
800
728
804
764
776
608
694
748
696
672
608
726
746
728
726
860
860
936
878
966
814
750
778
780
762
754
764
830
868
894
930
884
964
902
876
938
928
964
980
852
942
966
924
884
866
868
876
912
900
1018
1048
1066
978
838
916
828
882
898
882
996
1026
932
1122
1218
1252
1238
1184
1330
1264
1106
1066
1092
1140
1094
1094
1054
1038
970
930
830
920
912
886
864
922
928
856
800
754
816
798
812
754
710
630
684
614
602
618
602
706
816
746
746
848
906
