3334
3362
3346
3372
3378
3380
3366
3328
3310
3372
3364
3408
3398
3416
3414
3390
3386
3378
3480
3414
3410
3390
3308
3308
3326
3404
3428
3308
3368
3390
3360
3398
3396
3420
3408
3420
3448
3436
3408
3356
3408
3406
3390
3312
3342
3322
3360
3324
3360
3302
3320
3376
3348
3352
3340
3310
3300
3304
3258
3230
3152
3238
3226
3356
3336
3334
3372
3350
3436
3428
3448
3480
3448
3530
3552
3480
3490
3462
3458
3506
3522
3464
3542
3550
3482
3564
3596
3560
3568
3518
3464
3482
3416
3376
3388
3380
3444
3400
3456
3436
3446
3472
3466
3478
3440
3404
3364
3308
3338
3378
3390
3362
3370
3410
3472
3448
3368
3400
3380
3328
3390
3330
3370
3364
3422
3472
3442
3452
3456
3506
3442
3418
3410
3428
3376
3354
3386
3414
3388
3354
3282
3262
3328
3348
3380
3416
3500
3504
3486
3394
3450
3394
3350
3420
3440
3426
3442
3516
3488
3508
3472
3518
3436
3406
3480
3528
3484
3486
3462
3506
3530
3526
3520
3522
3460
3456
3394
3436
3438
3484
3474
3444
3438
3422
3432
3462
3526
3422
3484
3438
3446
3436
3444
3450
3456
3514
3494
3484
3436
3456
3458
3472
3438
3416
3472
3556
3620
3632
3606
3582
3522
3458
3490
3494
3496
3496
3478
3458
3498
3460
3414
3502
3528
3536
3466
3466
3446
3410
3406
3404
3378
3416
3418
3444
3516
3518
3504
3506
3464
3512
3502
3544
3550
3580
3542
3542
3482
3494
3432
3478
3470
3404
3466
3474
3528
3504
3518
3522
3518
3392
3390
3384
3406
3374
3430
3392
3472
3498
3436
3444
3444
3456
3526
3494
3474
3528
3556
3570
3548
3552
3506
3550
3532
3518
3458
3544
3534
3498
3534
3462
3436
3434
3392
3412
3380
3430
3488
3564
3534
3496
3456
3502
3418
3438
3426
3458
3406
3448
3458
3386
3402
3384
3376
3362
3386
3350
3372
3342
3276
3288
3254
3296
3270
3274
3352
3380
3452
3386
3436
3354
3330
3322
3306
3266
3260
3354
3368
3438
3398
3406
3438
3444
3366
3326
3328
3264
3246
3258
3352
3336
3288
3272
3338
3334
3368
3348
3376
3396
3452
3416
3398
3346
3398
3446
3470
3478
3512
3412
3480
3480
3406
3394
3380
3382
3404
3352
3390
3420
3462
3432
3364
3320
3322
3368
3366
3376
3336
3264
3322
3340
3310
3292
3286
3310
3288
3344
3358
3392
3388
3436
3446
3452
3410
3484
3490
3410
3404
3346
3362
3340
3294
3302
3306
3308
3274
3174
3190
3264
3250
3306
3216
3266
3308
3368
3356
3378
3394
3380
3340
3276
3372
3340
3352
3366
3384
3424
3478
3488
3462
3404
3418
3402
3342
3290
3330
3348
3390
3428
3390
3358
3386
3376
3358
3424
3540
3500
3504
3570
3500
3610
3542
3528
3492
3578
3572
3486
3438
3442
3536
3538
3472
3500
3482
3382
3428
3470
3510
3482
3462
3464
3488
3542
3542
3558
3526
3512
3522
3568
3524
3494
3532
3528
3472
3508
3554
3568
3540
3530
3450
3492
3470
3470
3470
3426
3394
3298
3298
3212
3244
3312
3328
3294
3288
3248
3162
3268
3214
3200
3154
3164
3180
3230
3236
3286
3264
3334
3418
3422
3368
3316
3274
3234
3252
3202
3152
3230
3210
3190
3188
3192
3162
3120
3184
3218
3174
3160
3134
3170
3218
3196
3164
3158
3148
3218
3228
3250
3284
3288
3318
3264
3290
3310
3330
3288
3352
3368
3372
3340
3374
3376
3392
3312
3338
3416
3416
3342
3338
3370
3338
3304
3272
3278
3338
3342
3324
3368
3392
3356
3260
3280
3276
3336
3304
3278
3202
3098
3176
3104
3150
3170
3180
3216
3276
3272
3278
3262
3250
3198
3280
3378
3346
3352
3284
3302
3304
3288
3340
3272
3278
3312
3338
3306
3342
3336
3386
3408
3298
3346
3360
3360
3402
3362
3430
3446
3408
3434
3446
3436
3414
3448
3426
3456
3480
3476
3430
3454
3440
3378
3374
3306
3288
3372
3424
3420
3384
3430
3386
3418
3456
3454
3416
3356
3298
3324
3308
3304
3416
3346
3318
3324
3268
3182
3184
3224
3240
3318
3302
3298
3340
3392
3354
3350
3334
3312
3306
3336
3256
3286
3252
3242
3244
3254
3312
3288
3320
3334
3188
3158
3200
3266
3284
3392
3372
3300
3384
3456
3482
3362
3382
3348
3410
3408
3428
3372
3356
3350
3332
3312
3300
3324
3382
3274
3298
3296
3302
3272
3352
3402
3444
3440
3406
3410
3324
3360
3368
3326
3352
3344
3382
3370
3368
3522
3462
3456
3468
3372
3358
3388
3376
3388
3386
3396
3310
3300
3298
3358
3376
3342
3412
3388
3330
3380
3414
3402
3482
3462
3360
3350
3384
3334
3302
3304
3350
3400
3336
3198
3138
3094
3084
3060
3068
2964
2966
3004
3008
3106
3174
3250
3316
3332
3228
3224
3288
3338
3358
3334
3256
3298
3270
3234
3272
3270
3228
3288
3402
3342
3308
3336
3254
3220
3250
3262
3244
3226
3216
3230
3192
3166
3128
3110
3076
3046
2972
3020
2914
2954
2988
3006
2976
2980
2998
3034
3020
3088
3098
3072
2976
2990
2928
2918
2928
2914
2920
2962
3074
3036
3016
2968
2892
2870
2912
2966
3014
3036
3072
3162
3110
3062
3014
3040
3034
3000
2992
2986
3024
3092
3038
3010
3036
3016
2968
2964
2902
2874
2886
2996
3024
3034
2980
2974
2958
3036
3050
3062
3046
3026
3034
3064
3048
3026
3088
3090
3070
3114
3168
3222
3170
3092
3120
3204
3272
3160
3162
3176
3224
3160
3164
3190
3170
3138
3188
3228
3248
3226
3236
3250
3216
3272
3292
3310
3300
3292
3266
3302
3272
3274
3240
3226
3240
3290
3278
3256
3222
3282
3254
3210
3180
3186
3134
3112
3110
3136
3196
3222
3204
3208
3190
3210
3210
3264
3238
3322
3342
3306
3374
3378
3382
3390
3326
3326
3338
3392
3440
3488
3534
3494
3508
3540
3472
3492
3428
3396
3388
3390
3434
3394
3392
3470
3492
3422
3394
3432
3426
3468
3410
3394
3372
3404
3344
3340
3312
3324
3316
3298
3252
3284
3250
3306
3326
3300
3354
3330
3382
3448
3488
3430
3398
3384
3312
3324
3328
3356
3478
3464
3460
3434
3428
3464
3404
3448
3424
3366
3384
3342
3378
3320
3318
3342
3310
3332
3390
3340
3342
3348
3348
3304
3262
3252
3220
3318
3316
3316
3318
3304
3320
3320
3378
3368
3372
3400
3368
3372
3350
3412
3430
3446
3464
3432
3436
3478
3514
3470
3472
3412
3436
3400
3420
3492
3428
3336
3364
3304
3294
3260
3274
3268
3298
3178
3228
3280
3312
3344
3408
3492
3452
3400
3378
3444
3402
3370
3430
3386
3398
3384
3308
3288
3246
3236
3230
3294
3242
3336
3392
3430
3404
3448
3366
3400
3442
3404
3424
3392
3362
3382
3334
3358
3412
3464
3502
3462
3400
3374
3332
3292
3352
3324
3378
3458
3414
3432
3468
3380
3392
3368
3278
3232
3320
3326
3330
3304
3384
3400
3374
3300
3268
3358
3314
3274
3228
3242
3228
3194
3224
3262
3318
3292
3284
3386
3420
3426
3438
3390
3398
3358
3442
3430
3478
3448
3506
3492
3502
3446
3426
3488
3448
3490
3546
3582
3546
3532
3492
3504
3432
3468
3460
3370
3374
3330
3322
3254
3298
3286
3316
3226
3258
3336
3414
3412
3348
3348
3312
3246
3218
3146
3120
3160
3186
3190
3310
3288
3264
3304
3240
3266
3258
3146
3178
3250
3152
3146
3198
3150
3164
3176
3146
3130
3124
3132
3098
3156
3232
3266
3228
3240
3202
3278
3256
3262
3368
3306
3314
3340
3322
3284
3234
3224
3116
3116
3178
3256
3200
3298
3260
3316
3426
3450
3460
3420
3406
3376
3288
3302
3286
3242
3166
3116
3178
3192
3210
3184
3290
3292
3234
3230
3228
3228
3188
3128
3110
3036
3072
3142
3118
3232
3228
3254
3310
3382
3356
3410
3426
3376
3400
3354
3378
3394
3426
3340
3332
3394
3448
3438
3422
3432
3380
3348
3402
3418
3376
3402
3280
3280
3210
3240
3264
3332
3302
3270
3316
3344
3234
3218
3262
3222
3158
3096
3086
3048
3090
3138
3128
3084
3094
3134
3142
3134
3164
3156
3200
3208
3272
3150
3172
3280
3364
3356
3434
3422
3356
3308
3278
3364
3388
3452
3408
3348
3342
3370
3306
3316
3396
3344
3358
3424
3406
3400
3368
3304
3296
3266
3272
3280
3358
3328
3346
3298
3296
3320
3274
3334
3384
3342
3392
3376
3334
3276
3318
3316
3370
3392
3456
3450
3482
3452
3492
3480
3570
3528
3522
3458
3408
3398
3448
3500
3502
3416
3400
3446
3458
3430
3400
3458
3438
3434
3446
3448
3538
3540
3564
3514
3478
3448
3484
3524
3370
3348
3382
3508
3476
3352
3396
3314
3288
3370
3310
3330
3262
3454
3448
3450
3388
3396
3414
3412
3414
3416
3380
3444
3414
3474
3474
3452
3408
3408
3446
3418
3432
3452
3462
3424
3424
3400
3350
3344
3322
3260
3254
3224
3206
3242
3278
3252
3206
3296
3292
3262
3278
3326
3326
3394
3444
3536
3528
3496
3504
3478
3504
3488
3476
3424
3452
3426
3428
3424
3422
3486
3446
3416
3412
3414
3422
3500
3426
3426
3334
3420
3330
3338
3336
3328
3352
3286
3224
3216
3226
3236
3284
3214
3312
3354
3378
3408
3324
3316
3346
3334
3312
3232
3158
3112
3052
3154
3158
3100
3134
3060
3130
3094
3124
3144
3106
3048
3026
2962
3006
3072
3104
3178
3238
3206
3196
3270
3212
3216
3206
3240
3186
3202
3244
3256
3278
3240
3244
3200
3208
3230
3216
3248
3178
3152
3258
3348
3320
3326
3246
3230
3226
3260
3240
3198
3168
3002
3034
2986
2968
3028
3006
2988
3026
3104
3116
3156
3182
3174
3164
3192
3206
3212
3186
3164
3134
3060
3068
3026
3098
3192
3194
3140
3170
3236
3168
3238
3292
3240
3214
3242
3244
3322
3350
3290
3256
3294
3336
3328
3406
3324
3282
3230
3206
3260
3278
3278
3222
3252
3226
3208
3202
3172
3230
3236
3250
3250
3252
3270
3288
3298
3328
3310
3246
3290
3312
3242
3264
3190
3116
3140
3114
2992
3050
2986
3012
3048
3044
3076
3030
3032
3064
3080
3078
3038
2944
2920
2950
2906
2956
2914
2890
2826
2958
3040
3018
3006
3062
3070
3092
3096
3090
3108
3158
3118
3144
3092
3128
3160
3208
3240
3206
3180
3212
3150
3110
3150
3192
3170
3098
3068
3022
3022
2980
2960
3010
3016
3136
3122
3080
3106
3104
3078
3102
3064
3112
3064
3132
3138
3084
3130
3056
3062
3048
2968
3010
2996
3002
2990
2992
3016
3054
3034
3018
3056
3064
3070
3050
3104
3126
3062
2990
2996
3014
3010
2926
2984
2998
2992
2992
3040
3030
3028
3052
3064
3130
3080
3042
2998
3044
3094
3096
3122
3086
3020
2976
2918
2852
2904
2852
2832
2834
2792
2788
2810
2864
2898
2848
2812
2866
2860
2888
2976
3062
3080
3036
2996
3048
3038
3002
3098
3086
3080
3042
3052
3052
3048
3044
3058
3082
3008
3010
3006
3002
3062
3066
3102
3140
3108
3078
3088
3108
3080
3084
3028
3030
3042
3056
3034
3044
3056
3044
3018
3090
3064
3058
2946
2922
2916
2974
3054
3024
3024
2960
3010
3012
2950
2966
2968
2856
2874
2870
2870
2864
2974
2976
2960
3000
3024
3078
3030
3050
2994
3028
2984
3040
3102
3044
3000
3024
3050
3054
3074
3090
3146
3116
3204
3226
3192
3156
3076
3110
3100
3120
3120
3226
3170
3096
3104
3100
3094
3066
3136
3160
3188
3206
3246
3264
3314
3362
3368
3380
3450
3410
3470
3420
3436
3410
3480
3458
3374
3304
3322
3356
3344
3342
3284
3276
3308
3358
3396
3380
3454
3432
3530
3538
3536
3562
3516
3498
3434
3436
3420
3438
3440
3416
3464
3500
3434
3492
3488
3510
3414
3410
3374
3384
3398
3334
3354
3356
3348
3318
3284
3314
3308
3276
3268
3268
3198
3288
3238
3254
3244
3218
3156
3232
3174
3098
3102
3060
3076
3142
3206
3170
3190
3162
3160
3246
3230
3230
3236
3192
3152
3154
3182
3184
3174
3242
3240
3242
3218
3332
3438
3394
3316
3340
3318
3276
3312
3348
3394
3370
3372
3274
3330
