814
818
802
812
820
816
780
800
766
790
806
810
804
862
862
866
878
860
880
834
832
876
890
876
852
844
820
802
788
796
752
764
768
778
796
780
784
762
794
842
850
864
868
888
920
894
894
846
800
804
818
832
840
816
828
834
882
876
834
834
834
824
814
774
766
794
816
842
860
844
890
846
894
882
882
928
918
938
928
942
940
912
940
914
920
912
890
894
886
900
890
882
890
892
872
904
860
840
848
826
848
826
856
834
816
862
864
866
872
850
856
868
912
842
858
878
876
852
840
832
868
858
880
874
872
924
912
904
864
860
814
836
834
814
790
780
778
792
774
788
748
762
738
728
702
724
702
660
668
650
638
610
586
582
626
656
682
678
692
708
712
692
694
738
712
710
734
706
698
720
708
720
716
730
724
682
746
726
722
736
724
708
734
696
732
776
766
770
808
836
812
784
810
798
802
836
828
836
808
782
784
800
804
830
822
830
850
854
846
802
808
814
832
822
790
798
812
818
820
814
790
786
820
802
788
838
840
812
768
764
764
738
700
738
776
746
728
714
716
682
694
692
688
690
696
680
662
638
608
608
630
682
634
622
578
616
600
588
596
556
548
564
564
562
602
638
678
690
628
648
664
682
692
708
680
720
716
730
684
748
774
762
750
776
776
764
712
670
674
646
676
708
718
716
714
704
704
752
762
750
722
734
736
726
730
702
722
704
714
742
724
694
744
748
786
762
816
818
828
808
772
750
756
768
824
810
818
830
820
820
802
756
750
758
788
766
774
752
780
792
818
808
822
842
884
854
824
802
836
884
874
880
874
908
892
912
936
922
904
886
892
826
876
868
840
860
866
884
848
814
812
804
798
778
762
780
792
810
790
814
846
830
824
818
804
732
780
848
874
868
830
836
858
836
834
884
868
864
856
836
854
834
804
784
812
782
750
754
726
764
770
798
824
824
818
832
848
828
800
786
802
794
792
798
764
768
752
752
800
762
766
748
742
702
708
772
760
772
774
768
760
754
730
750
758
760
762
792
822
832
838
878
890
878
898
874
816
854
848
820
844
854
838
806
806
816
840
818
826
792
792
810
828
826
832
824
840
848
832
808
824
850
872
836
856
842
862
876
876
868
842
854
892
876
908
912
916
874
880
874
882
868
832
858
870
870
846
854
834
810
842
886
870
876
882
882
858
818
816
822
814
816
796
824
846
830
832
832
832
822
838
806
760
726
716
682
692
720
674
662
676
678
736
750
706
770
748
750
758
782
800
784
752
734
770
754
784
818
812
832
878
870
844
858
836
850
850
828
788
788
782
816
818
814
830
834
856
846
840
794
744
708
656
652
668
684
640
626
636
580
554
546
532
490
460
472
472
474
498
520
514
520
500
526
520
530
498
484
474
498
518
506
532
530
500
506
528
552
544
576
588
598
598
610
622
624
640
670
734
710
704
690
738
750
738
738
794
800
772
766
832
818
830
848
830
846
826
828
834
842
840
788
784
812
818
826
828
868
862
864
874
874
884
884
856
864
832
848
828
824
798
816
824
804
764
712
686
692
656
680
672
692
702
692
706
732
702
716
712
704
732
748
748
726
708
736
720
690
660
696
690
672
664
656
652
678
666
658
648
620
612
610
596
608
578
524
516
528
536
554
542
538
534
562
558
578
568
584
634
620
636
620
638
660
624
598
638
588
616
560
534
536
570
550
542
546
534
524
544
490
474
444
432
464
462
456
476
464
434
462
484
484
500
490
526
506
502
514
512
562
508
484
498
492
516
546
536
524
498
464
448
432
420
472
516
518
470
526
584
564
588
528
500
524
530
524
566
554
556
592
606
614
640
626
632
630
664
660
692
704
652
638
660
658
672
642
676
692
706
692
704
716
718
700
682
690
674
682
682
730
774
782
794
832
794
782
854
856
854
870
858
830
816
842
866
844
850
826
846
818
846
848
852
856
858
906
874
838
846
820
800
808
818
794
768
830
798
792
818
810
814
820
836
852
790
772
788
782
826
810
814
798
782
744
742
738
776
746
760
764
766
776
806
790
794
778
800
800
806
804
804
756
768
802
798
814
836
834
806
834
822
830
866
848
838
808
784
818
850
824
844
836
866
882
862
878
874
864
886
900
848
860
854
850
836
824
820
802
796
808
776
772
744
762
784
776
788
762
748
766
756
714
696
716
734
766
788
794
776
802
756
764
742
760
756
772
798
798
804
832
842
898
884
882
852
830
836
834
806
856
830
788
816
814
770
828
834
846
834
888
876
868
856
816
810
812
818
820
830
834
808
780
788
808
838
796
792
782
792
762
732
712
748
742
760
772
752
714
728
702
714
694
678
678
646
666
650
688
718
692
706
720
734
734
726
672
710
758
694
742
710
730
696
750
766
760
734
802
822
790
782
836
812
834
860
822
812
814
802
754
754
728
716
656
676
684
734
764
734
736
750
764
794
800
838
850
838
840
826
828
838
844
840
826
824
826
838
834
814
818
824
846
836
820
810
806
780
754
732
748
778
806
808
818
836
804
778
738
758
740
780
756
798
764
774
774
738
742
758
742
792
786
820
816
822
800
774
778
776
766
738
748
782
810
802
806
796
804
780
778
760
762
782
792
820
832
848
846
840
832
842
852
848
860
848
878
870
858
846
854
860
852
854
842
842
846
824
838
864
862
848
866
848
832
826
810
858
858
862
870
852
850
854
802
814
820
786
762
782
772
828
820
820
820
840
874
858
918
874
866
866
866
854
862
898
820
826
840
812
836
802
846
862
870
884
872
860
824
816
794
812
860
806
804
842
854
854
820
826
828
828
820
790
806
804
782
772
776
804
812
832
830
826
804
792
778
796
842
794
792
812
840
868
880
854
870
828
850
832
834
836
836
840
804
778
822
852
852
850
838
818
844
856
828
820
786
848
852
850
860
864
852
796
844
824
860
840
826
852
832
844
854
834
866
890
922
930
928
910
900
894
896
896
900
900
908
894
872
872
898
896
860
890
890
882
874
870
854
836
812
828
852
848
852
854
832
848
830
846
824
798
838
818
780
776
762
720
764
786
804
792
792
774
772
814
814
792
794
788
838
860
866
868
872
864
860
792
790
776
760
790
798
770
774
792
794
798
802
806
808
802
836
840
822
778
758
744
764
800
840
858
816
812
826
814
834
812
800
800
798
816
842
864
814
822
800
794
790
768
770
760
808
786
806
776
764
792
786
766
746
700
736
704
694
676
690
698
726
750
702
694
672
702
688
710
728
730
744
764
784
758
686
664
684
746
778
754
728
754
734
680
648
630
630
580
592
574
626
604
650
634
608
590
618
580
612
634
588
556
568
592
632
652
674
724
722
732
714
724
702
710
760
758
764
762
756
734
776
752
766
762
780
788
792
764
764
760
758
800
816
804
808
824
806
810
788
822
792
848
852
860
884
870
894
902
912
936
912
876
856
856
884
894
898
884
862
824
796
794
800
790
782
754
712
742
700
736
734
734
744
750
740
750
738
764
782
758
802
794
792
818
810
814
850
862
884
826
870
864
842
812
818
776
754
744
752
756
800
806
794
780
794
818
798
828
784
838
872
848
886
860
858
894
870
826
822
844
862
816
814
814
796
776
826
812
828
800
794
778
778
776
808
820
838
830
858
848
862
864
890
890
900
924
924
932
906
896
908
900
876
888
902
892
892
890
866
890
890
882
844
802
844
866
866
844
834
868
828
832
810
812
818
834
838
836
840
840
864
850
798
778
788
770
784
790
816
860
892
848
818
820
804
800
800
814
808
784
810
818
836
804
754
756
770
794
848
832
790
752
798
824
832
844
832
812
774
796
818
820
774
772
784
786
820
804
788
802
792
814
836
832
834
828
796
806
812
836
844
850
812
784
762
780
720
728
730
702
682
702
664
674
654
612
636
642
678
668
704
694
696
668
700
698
724
710
694
658
662
698
738
720
744
744
714
708
704
756
714
712
710
726
722
712
704
750
728
764
778
764
776
758
766
752
754
714
704
660
658
672
682
628
670
694
672
698
718
740
730
722
686
704
758
744
768
788
784
776
776
776
774
768
760
786
816
824
806
838
816
842
862
840
848
854
862
862
880
846
834
858
878
880
864
864
858
832
820
836
820
830
854
868
874
876
854
832
810
860
878
870
860
870
864
890
890
896
880
888
904
898
870
920
892
912
886
870
870
850
886
888
886
890
892
880
906
878
906
900
888
870
866
834
800
810
804
752
768
818
834
802
826
842
862
842
824
852
866
904
904
886
892
878
868
858
880
878
910
890
886
902
834
868
898
868
864
880
904
894
884
902
878
854
764
752
738
770
762
754
784
778
758
718
768
794
778
748
734
742
744
798
816
860
856
834
828
832
828
752
774
786
788
800
776
788
794
842
810
796
800
778
790
800
804
844
842
850
816
814
776
798
836
826
808
806
812
770
772
764
770
784
810
806
854
822
814
814
836
820
802
806
838
868
828
856
830
808
782
822
852
890
882
876
878
834
828
852
820
866
870
820
824
826
906
934
932
896
868
848
872
858
854
846
814
860
798
804
800
816
836
804
788
