1950
2062
1960
2104
2048
2058
2022
2026
1922
1880
1876
1896
1880
1926
1970
1970
1920
1822
1884
1912
2000
2002
1912
1868
1946
1966
1854
1940
1918
1910
1958
1960
1884
1764
1742
1790
1856
1798
1764
1888
1944
1856
1872
1924
1888
1842
1862
1870
1866
1776
1788
1748
1676
1534
1514
1468
1516
1604
1494
1518
1528
1576
1504
1478
1458
1336
1362
1386
1320
1332
1386
1312
1304
1268
1368
1360
1248
1224
1294
1204
1224
1160
1090
1022
924
874
810
788
820
790
792
832
900
892
928
906
868
894
868
878
818
706
518
458
440
518
386
280
302
200
74
16
30
142
88
36
124
142
120
24
78
86
78
46
96
98
66
28
38
68
110
124
212
294
212
246
234
312
250
230
380
450
530
486
452
446
412
388
286
358
334
344
298
420
464
438
410
404
346
350
304
320
340
462
426
376
398
334
434
536
584
540
472
456
412
230
120
72
0
88
120
36
30
44
30
14
46
44
0
38
58
76
118
58
14
46
34
16
2
18
46
22
64
12
86
98
96
94
178
132
228
270
194
234
248
196
154
190
182
326
216
286
282
288
246
366
412
384
498
394
388
386
482
520
504
466
472
542
472
512
450
500
534
586
598
514
534
468
346
234
248
300
340
404
396
328
158
102
132
174
278
166
72
130
106
150
126
120
124
164
18
18
54
98
48
88
104
66
4
26
92
48
2
8
54
48
132
154
114
152
228
260
204
252
234
250
128
102
148
158
168
96
174
44
22
82
174
300
308
360
378
358
270
164
120
112
110
74
72
36
188
236
230
70
168
144
206
208
168
134
126
102
68
74
10
18
78
166
222
168
268
206
234
198
142
224
242
264
214
200
146
148
98
158
66
50
20
52
6
88
28
14
0
158
310
340
378
420
396
388
326
388
462
534
444
514
514
418
504
454
432
406
388
404
392
474
436
452
548
568
622
552
548
548
478
536
632
584
548
688
776
776
690
758
734
638
626
560
620
578
566
682
630
574
654
686
648
654
670
618
680
634
606
654
618
578
512
504
502
512
484
520
430
438
472
488
534
492
430
442
464
394
392
322
252
182
238
264
296
300
292
284
368
306
374
412
426
452
278
322
396
410
460
498
504
524
644
640
702
772
788
692
718
738
734
668
730
686
604
564
604
656
690
772
750
820
812
766
700
750
834
736
764
832
894
828
784
850
956
902
940
1070
930
978
1008
980
914
896
870
830
750
730
584
586
600
588
618
542
492
538
608
578
538
510
576
488
560
458
486
542
374
352
364
366
390
388
362
354
304
254
172
124
262
270
358
444
492
418
362
366
386
418
398
318
376
492
420
490
430
394
326
308
228
196
224
158
172
168
130
26
80
98
10
30
54
22
72
64
12
82
8
58
22
46
50
12
34
8
74
88
96
146
294
308
320
304
266
282
306
374
376
378
398
486
444
396
324
190
158
252
214
218
230
260
238
220
214
178
210
320
250
282
344
296
340
358
386
528
532
572
606
610
534
606
492
422
498
502
448
406
478
456
494
562
540
492
426
484
480
364
310
388
396
390
464
458
442
610
602
572
550
622
746
748
670
630
634
646
644
580
498
586
656
726
762
716
716
746
730
716
844
770
858
872
830
884
838
858
802
900
932
922
852
950
968
936
924
878
980
934
844
898
838
804
810
912
868
904
1006
990
958
958
860
860
902
920
864
846
762
666
718
666
542
542
516
514
456
458
494
518
696
528
488
500
482
490
508
530
566
622
586
616
458
382
288
326
252
324
264
338
332
336
354
274
264
308
302
270
248
258
250
304
352
248
194
126
148
202
160
106
46
24
4
122
216
292
274
312
432
338
278
250
148
126
156
166
182
162
170
202
178
208
342
214
180
96
194
96
172
198
214
230
208
162
8
78
8
58
14
122
34
0
70
64
2
78
78
52
34
82
34
2
46
2
140
162
140
12
8
12
12
32
24
26
10
44
24
90
188
136
180
88
52
210
124
58
0
114
2
96
14
30
34
142
86
128
104
56
100
46
90
46
60
30
96
24
8
106
160
166
210
118
180
206
234
174
282
202
158
54
44
8
84
62
18
18
70
22
26
110
30
126
158
264
284
222
366
256
88
40
30
10
92
4
16
72
112
84
2
118
86
84
12
80
92
16
12
34
28
36
78
156
72
124
180
176
88
130
114
58
32
124
28
74
42
74
192
170
214
132
42
52
34
48
62
52
104
114
70
106
74
180
192
250
284
392
360
424
486
456
512
424
394
406
352
448
388
266
236
142
198
196
220
380
372
372
218
196
190
198
166
122
76
38
2
68
68
64
118
74
118
176
234
348
312
444
412
288
206
146
244
302
326
376
302
486
416
660
620
672
608
636
616
672
670
684
668
582
566
562
614
686
710
702
576
536
712
714
488
372
324
264
240
258
362
390
462
438
356
358
280
310
288
300
422
366
468
508
576
654
520
578
580
492
532
662
746
750
772
924
882
990
1004
956
1006
1048
998
968
868
972
1016
966
974
828
764
752
616
644
552
482
352
402
348
240
362
418
296
346
242
292
284
256
342
256
176
30
42
20
36
56
2
42
22
54
60
2
108
88
54
162
174
254
230
230
154
90
56
66
46
68
192
282
320
290
274
280
146
260
92
152
98
128
234
214
236
268
308
342
274
356
266
320
332
276
176
156
216
232
282
376
260
216
240
330
356
378
268
180
122
88
316
288
188
252
218
204
308
268
246
232
254
348
270
290
298
290
346
396
454
452
488
518
488
522
388
362
392
488
440
420
314
380
328
346
274
256
356
316
380
562
516
448
512
500
526
580
606
604
616
638
668
558
592
582
604
632
548
562
590
640
676
606
554
416
460
482
404
326
400
390
438
532
528
528
526
536
586
608
578
702
716
736
722
816
816
774
706
706
642
694
710
676
646
580
586
646
724
668
634
664
656
594
678
820
690
772
724
770
898
1018
854
808
892
844
808
686
776
732
806
758
824
844
810
856
810
874
898
852
852
814
872
804
792
586
542
604
628
576
694
772
664
640
624
624
516
464
558
626
684
610
570
604
520
738
774
796
744
616
512
308
214
284
428
338
254
260
100
60
86
160
120
156
176
248
224
294
272
254
194
222
250
312
310
382
388
570
576
606
460
526
472
536
666
620
662
798
876
856
918
944
884
930
958
896
894
808
900
896
894
884
832
748
722
662
614
658
662
596
694
674
652
652
680
608
620
770
802
896
914
912
974
952
978
1002
930
998
902
922
892
880
1040
1034
1030
1012
978
946
978
1118
1120
1096
1082
1132
1186
1116
1100
1118
1170
1200
1228
1186
1240
1288
1248
1250
1320
1344
1284
1294
1374
1372
1316
1284
1314
1350
1356
1426
1504
1412
1426
1386
1362
1374
1486
1566
1644
1570
1592
1572
1616
1564
1506
1514
1482
1484
1596
1502
1486
1538
1578
1630
1546
1512
1628
1498
1608
1632
1650
1654
1542
1572
1658
1638
1632
1670
1680
1562
1428
1418
1380
1448
1520
1616
1678
1752
1830
1968
2004
1806
1822
1798
1692
1756
1760
1730
1704
1702
1740
1750
1674
1656
1612
1644
1510
1576
1638
1620
1676
1676
1744
1768
1736
1758
1846
2004
1942
1964
1918
1798
1790
1868
1794
1784
1818
1946
1890
1850
1756
1820
1866
1872
1814
1764
1680
1744
1676
1632
1610
1482
1580
1626
1582
1622
1546
1570
1554
1500
1492
1444
1480
1458
1410
1452
1434
1314
1338
1358
1288
1170
1226
1292
1184
1128
1154
1216
1192
1184
1074
1072
986
806
726
694
748
656
614
496
490
518
574
596
532
488
486
432
404
460
460
506
560
534
528
558
616
690
718
754
770
858
768
800
810
782
846
872
910
898
872
860
996
870
900
888
926
920
940
920
824
864
910
878
888
872
892
872
966
1008
1058
1044
934
1072
1054
1074
960
960
1018
1054
1138
1056
1012
964
980
990
928
830
818
816
764
746
714
698
710
566
500
564
632
652
656
636
674
686
556
574
540
520
522
410
378
446
304
292
274
292
298
296
232
152
124
74
86
86
34
18
88
186
166
160
120
88
24
0
72
26
160
256
250
242
360
452
462
578
514
550
624
632
574
706
654
588
634
582
516
450
426
464
432
466
458
330
248
264
342
214
194
196
244
270
208
288
258
308
336
306
310
246
334
216
246
230
298
216
198
176
136
144
172
166
94
86
94
98
80
10
68
4
14
108
124
154
126
118
198
208
150
304
310
280
218
166
216
224
254
298
306
318
334
324
378
382
292
262
280
210
314
270
248
208
240
232
244
160
246
160
206
186
266
286
268
226
198
142
222
366
282
246
322
332
400
500
552
676
644
698
716
686
746
828
810
884
964
912
888
898
916
838
928
794
784
802
858
686
648
674
614
532
590
528
506
630
506
418
392
318
270
190
172
242
228
254
282
318
390
356
236
242
196
160
192
302
310
348
394
380
360
356
222
210
262
244
288
316
376
422
346
392
324
366
316
334
362
356
278
186
234
232
222
214
192
84
70
62
6
98
174
242
236
344
518
548
576
584
622
634
604
740
776
728
726
694
768
700
770
722
764
714
744
806
812
816
850
854
856
966
902
830
850
860
790
752
772
796
670
584
574
702
692
654
652
606
742
750
878
850
878
794
906
898
808
814
732
692
746
792
800
796
806
784
870
954
1028
1126
1112
1074
990
1082
1026
966
878
970
996
998
968
932
958
986
996
898
796
832
954
900
860
810
806
838
914
950
914
934
842
874
840
734
658
702
754
676
770
722
830
840
