576
546
428
434
364
326
320
406
336
398
520
676
634
692
638
538
492
528
404
336
396
558
466
398
452
422
656
726
718
736
978
978
1042
1176
1084
1100
1188
1182
1264
1212
1156
932
946
1026
846
718
818
564
594
592
520
516
500
620
666
652
544
490
460
530
574
744
804
782
816
868
972
888
864
718
620
694
620
528
426
574
552
404
366
486
508
676
648
634
540
428
324
200
308
368
240
210
118
0
78
152
50
80
198
250
338
282
444
350
290
372
430
352
262
396
356
364
412
440
572
544
734
646
568
706
938
892
786
780
782
784
784
882
832
948
830
706
648
624
606
494
422
406
438
288
238
410
290
264
146
44
248
146
324
356
344
418
558
396
224
146
10
8
42
12
26
98
66
158
120
84
108
136
48
88
176
38
54
40
24
146
228
176
56
102
86
128
76
100
340
182
262
176
154
136
312
182
240
238
246
254
340
234
290
280
312
188
104
174
208
188
160
206
188
246
280
222
318
258
166
124
134
58
170
164
56
148
280
310
610
554
584
534
468
462
350
398
476
512
604
620
590
620
524
492
444
366
366
334
272
388
458
464
464
350
324
462
426
438
456
296
216
128
146
64
136
132
46
8
92
70
60
62
118
6
96
222
188
2
160
228
218
232
288
212
252
256
70
100
222
8
26
74
10
94
110
174
292
248
292
302
366
128
208
320
346
316
574
448
312
464
412
524
470
420
370
426
384
264
340
248
160
28
96
174
174
208
168
174
62
8
40
48
66
90
164
68
182
224
242
256
390
340
308
208
268
302
286
318
282
372
490
656
860
932
892
962
986
992
994
1084
1036
1122
1180
1068
946
1024
1082
944
864
838
762
904
940
1014
870
1020
1080
1132
1154
960
944
980
1036
1056
1046
1000
1004
1076
1240
1206
1118
1162
1094
1028
1118
874
830
842
778
726
780
746
584
572
702
696
688
804
698
896
1020
1070
1134
1262
1276
1352
1154
1156
1258
1264
1270
1224
1128
1070
982
1022
946
890
798
738
760
786
904
910
936
934
1202
1296
1368
1446
1404
1620
1754
1848
1846
1802
1992
1966
1930
1872
1816
1724
1646
1620
1630
1630
1364
1446
1462
1302
1276
1336
1374
1402
1296
1098
1070
1104
984
1036
1240
1096
1158
1006
1074
1034
1216
1230
1154
1136
1072
1162
1226
1266
1054
932
1016
860
828
942
990
1262
1376
1222
1258
1276
1228
1132
1206
1140
1048
980
878
960
1032
1204
1248
1014
934
864
1146
1264
1354
1254
1324
1240
1082
856
822
1034
1180
1056
1170
990
1082
1100
1166
1140
1164
1298
1244
1272
1230
1254
1224
1206
1274
1426
1228
1226
948
980
910
920
934
1054
1030
1016
1090
1098
1130
1214
1164
1288
1412
1448
1384
1176
1028
1074
1104
1196
1262
1258
1236
1256
1176
1296
1248
1250
1124
1088
1002
1158
1278
1306
928
1004
996
1090
1092
1116
1184
1212
1238
1110
928
1144
1082
1046
1054
1058
1124
1090
1066
1050
1072
1006
1026
1094
1052
1004
882
840
1084
1118
1162
998
1028
900
772
648
606
658
920
1002
940
1072
1120
1088
1076
1086
1032
1076
938
1006
1074
1148
1270
1314
1264
1350
1338
1490
1450
1310
1318
1420
1370
1408
1290
1244
1218
1306
1356
1360
1244
1420
1416
1560
1548
1464
1454
1524
1566
1710
1648
1546
1582
1558
1502
1736
1830
1854
1890
1790
1834
1628
1494
1520
1438
1426
1240
1416
1412
1476
1378
1398
1414
1404
1318
1274
1292
1340
1454
1438
1168
1322
1360
1246
1318
1208
1140
866
896
738
598
492
416
236
396
276
426
432
426
326
412
534
596
530
616
618
504
532
702
780
958
950
1016
940
1020
1114
1220
1238
1318
1256
1240
1362
1308
1236
1190
1152
1070
1284
1254
1164
1128
1262
1400
1332
1372
1460
1612
1666
1698
1734
1764
1808
1760
1784
1878
2014
1844
1792
1698
1674
1502
1536
1562
1774
1814
1828
1770
1826
1704
1644
1772
1848
1864
1854
1914
1736
1778
1896
1802
1842
1978
1912
1926
1906
1872
1800
1888
2026
2064
1992
1996
1926
2030
1874
1838
1804
1900
1986
2078
2192
2068
2146
2178
2272
2346
2178
2164
2046
2050
1974
1964
2008
2092
1918
1966
1996
2132
2138
2122
2028
2098
1990
2076
2162
2184
2114
2118
1980
2044
2052
1894
1752
1870
1916
2102
2262
2204
2240
2448
2536
2472
2478
2456
2288
2266
2264
2424
2444
2468
2432
2308
2402
2562
2562
2482
2344
2246
2298
2280
2216
2292
2408
2342
2254
2100
2080
2128
2114
1884
1876
1948
1786
1928
1786
1750
1648
1484
1608
1486
1436
1432
1512
1354
1294
1340
1296
1204
1230
1398
1412
1246
1194
1242
1276
1278
1228
1296
1288
1282
1340
1314
1498
1478
1358
1270
1358
1260
1222
1136
1166
1042
948
928
948
880
912
962
932
1074
1206
1234
1170
1100
1320
1346
1180
1222
1240
1312
1360
1246
1158
1314
1454
1420
1174
1296
1266
1288
1300
1432
1504
1404
1470
1406
1406
1424
1292
1340
1300
1332
1482
1570
1670
1764
1950
1828
1818
1774
1688
1598
1554
1628
1444
1320
1260
1274
1360
1344
1456
1662
1666
1758
1778
1574
1694
1760
1856
1878
1762
1632
1586
1474
1508
1606
1482
1490
1440
1388
1418
1378
1452
1360
1298
1204
1148
1120
1048
1086
1168
1218
1130
1050
966
1130
1224
1122
1020
1006
1122
1022
892
950
940
876
648
770
626
580
658
504
430
542
680
648
798
922
878
926
1070
1078
1188
1200
1134
1226
1084
1094
1234
1304
1232
1248
1298
1424
1452
1478
1486
1444
1422
1634
1604
1824
1894
1912
1918
2040
2024
2048
1982
2006
1976
1720
1850
1786
1634
1538
1724
1650
1644
1444
1532
1600
1702
1732
1738
1784
2038
2208
2212
2296
2324
2328
2270
2296
2384
2442
2244
2328
2278
2210
2040
2070
2136
2214
2282
2134
2228
2176
2016
2004
1992
2154
2180
2172
2304
2360
2332
2212
2100
2024
1928
1938
1976
1948
2066
2140
2266
2364
2316
2194
2168
2204
2282
2108
1774
1530
1560
1702
1748
1932
1886
2006
2034
2102
1888
1948
1860
1728
1746
1664
1720
1706
1672
1606
1630
1660
1552
1504
1504
1446
1408
1440
1536
1644
1624
1450
1306
1044
1106
1036
1010
1184
1122
1162
1260
1180
1210
1208
1156
1344
1274
1222
1122
1054
1124
1234
1226
1402
1392
1286
1070
1152
1064
1152
1208
1134
1234
1146
1086
1090
1028
1122
1074
1076
1218
1070
904
958
914
880
786
864
904
1032
1186
1052
744
786
756
726
582
670
680
682
614
694
550
420
410
408
614
504
514
706
796
730
742
794
392
482
562
558
732
634
606
700
666
780
604
570
602
602
530
582
490
440
502
520
488
434
556
428
292
342
372
318
344
374
482
432
456
370
424
292
424
460
454
528
570
602
606
588
636
532
510
566
586
808
560
682
898
1004
964
1064
1230
1246
1180
1298
1154
1074
1172
1138
1174
1122
1194
1060
1100
1104
1068
1190
1180
1156
1178
1164
1266
1276
1128
1208
1190
1154
868
938
956
932
1006
1130
1144
1176
1368
1380
1552
1638
1452
1420
1260
1240
1232
1190
1192
1226
1114
1138
1130
1290
1296
1218
1134
962
1070
1066
1038
1028
1058
1140
1246
1226
1130
1052
1196
1328
1304
1280
1174
1158
1048
1116
1092
1086
1110
1160
1228
1244
1200
1126
1218
1354
1482
1318
1486
1652
1704
1656
1660
1560
1546
1482
1604
1582
1520
1374
1412
1292
1504
1394
1498
1582
1610
1626
1624
1728
1678
1694
1558
1354
1190
1254
1194
1126
1102
1072
984
984
976
792
934
804
692
818
800
614
632
588
568
554
658
446
372
440
468
468
492
424
176
256
224
86
244
192
268
122
32
204
214
174
216
12
2
36
296
72
20
138
112
158
176
84
54
182
142
274
308
264
304
324
380
378
356
400
396
402
480
420
406
274
284
272
336
188
158
180
420
402
404
394
380
386
272
194
132
32
70
240
328
306
218
100
294
328
456
470
510
426
456
426
284
370
338
388
344
222
214
164
262
426
406
510
380
564
444
452
474
410
374
372
270
444
386
194
110
82
30
162
130
100
128
194
32
64
258
260
302
290
386
318
186
78
48
4
18
18
152
62
144
234
278
366
288
28
60
156
292
434
354
284
460
452
278
326
320
288
214
172
176
186
194
276
256
248
284
168
300
266
426
512
656
792
610
398
510
498
456
484
438
462
368
430
386
400
502
580
468
528
662
630
444
232
208
190
156
38
34
42
214
202
180
254
146
64
18
122
78
8
2
122
154
122
94
60
282
184
102
282
266
218
216
150
172
196
196
166
164
182
108
66
80
24
2
64
104
128
140
218
270
218
150
84
54
38
116
210
194
186
346
430
506
704
730
868
992
964
994
1086
1056
996
1052
892
700
732
712
746
728
770
696
756
700
738
648
712
772
634
786
702
798
692
752
656
738
798
616
600
508
488
612
676
486
624
728
762
776
846
884
886
1002
1106
1192
1398
1452
1610
1606
1628
1500
1456
1412
1486
1538
1686
1666
1792
1800
1952
1750
1770
1718
1718
1628
1738
1602
1708
1914
1984
1864
1776
1766
1662
1746
1778
1874
1852
1862
1722
1718
1916
2060
1982
1956
1934
1832
1820
1878
1916
2070
2102
2174
2336
2404
2466
2338
2328
2202
2048
2132
2216
2178
2080
2122
2094
1928
1724
1806
1710
1686
1928
1960
1964
2110
1954
1992
1936
2062
2182
2078
2030
2052
1976
2026
2044
2098
2038
2148
2034
2012
2168
2180
2214
2086
2062
2148
2050
1948
2002
1952
1840
1778
1800
1638
1566
1444
1300
1262
1296
1296
1262
1246
1274
1160
1040
1032
1218
1050
1102
916
1004
898
974
810
692
670
494
576
780
772
828
1002
1038
1124
1172
1176
1306
1366
1358
1338
1482
1336
1302
1454
1444
1594
1544
1454
1364
1254
1248
1064
1056
1032
982
1026
914
976
776
786
820
776
760
658
662
692
610
530
378
456
786
690
758
562
828
822
896
842
996
1122
1068
1038
1170
1106
1142
1142
1110
1106
904
870
888
822
902
926
1026
1092
1130
1222
1160
1184
1360
1428
1354
1260
1388
1164
1142
1056
1050
1018
858
790
702
680
686
676
840
848
822
840
1046
948
1040
1106
1088
1012
882
910
904
876
928
1064
1080
1040
1138
1110
1114
1286
1316
1206
1274
1356
1446
1396
1326
1296
1258
1182
1160
1176
1310
1272
1282
1210
1346
1478
1536
1524
1554
1522
1492
1636
1518
1392
1374
1396
1520
1532
1534
1460
1544
1378
1298
1278
1322
1174
1136
1180
1126
1300
1208
1376
1296
1272
1186
1118
1174
1202
1226
1372
1444
1444
1272
1334
1274
1520
1362
1254
1284
1280
1204
1204
1170
1164
1108
1126
1200
1086
