790
828
830
852
840
864
828
836
838
818
806
750
760
746
732
680
706
722
692
656
678
670
678
692
698
656
694
726
738
704
684
692
664
676
700
676
630
638
646
646
682
654
652
680
704
710
676
684
702
690
714
740
688
680
724
714
700
692
670
664
626
646
714
728
724
668
668
670
662
646
674
660
680
720
662
700
664
662
660
662
608
594
564
552
562
606
572
570
630
648
644
652
694
650
650
664
662
642
650
598
610
606
672
650
690
650
688
676
636
618
592
578
598
666
698
668
664
670
680
672
718
736
764
762
752
748
710
696
668
716
690
718
756
764
742
740
812
866
856
796
776
744
750
770
794
782
814
862
816
804
802
792
814
814
768
750
776
776
752
768
800
772
788
738
736
750
774
774
770
736
758
760
806
816
820
810
788
792
824
834
806
780
776
770
786
794
788
810
802
780
762
780
810
782
748
724
704
720
712
698
650
640
648
666
698
690
718
722
698
686
706
674
716
760
776
770
782
782
788
750
790
756
704
714
726
716
752
734
692
668
716
718
702
728
746
754
736
750
756
780
756
786
794
828
816
806
852
836
820
776
768
750
790
776
778
800
838
824
802
788
768
804
788
806
748
740
740
724
752
778
758
710
710
774
770
770
762
708
714
696
692
736
766
778
742
710
694
704
666
642
678
714
720
712
710
718
718
702
704
748
758
734
712
720
672
678
658
664
648
620
628
632
702
708
722
688
682
638
652
690
700
702
696
694
716
736
760
756
764
784
716
706
592
602
648
682
742
760
758
768
770
804
754
744
724
722
748
706
722
718
756
712
758
780
778
784
768
798
796
764
774
740
722
768
792
792
826
810
758
782
756
754
736
742
698
716
706
638
632
662
702
696
748
746
794
820
854
838
850
866
844
814
818
828
832
788
826
824
814
878
832
838
854
826
798
814
804
794
792
732
724
814
786
780
728
732
774
806
806
792
778
738
756
750
710
716
722
738
736
724
736
658
650
666
658
638
640
696
732
714
740
778
792
812
796
776
780
796
802
824
778
796
812
812
790
758
754
742
748
758
758
688
700
686
616
618
588
590
604
596
604
598
586
556
608
592
578
592
596
568
576
604
566
550
544
540
554
562
526
524
556
564
566
576
592
580
520
524
500
498
542
504
496
488
464
524
594
598
626
670
684
712
750
738
742
766
764
790
808
858
850
822
816
842
876
784
784
770
774
782
806
794
800
818
826
764
772
806
824
816
818
818
854
828
810
826
836
854
816
826
830
818
778
760
774
744
754
792
826
822
800
794
798
786
742
704
630
630
642
622
604
592
616
602
608
622
580
586
598
572
572
606
676
606
666
618
662
718
688
658
692
674
674
704
660
694
684
736
720
680
720
760
776
796
782
744
768
718
746
758
772
804
800
820
804
794
752
770
804
722
740
748
754
776
742
682
678
684
690
662
676
688
646
692
684
678
696
688
682
726
728
736
754
744
760
732
722
714
726
724
726
690
712
728
702
710
702
632
632
636
646
658
682
680
664
718
726
714
726
752
792
774
780
788
810
824
792
806
818
824
824
790
806
832
846
802
780
770
806
796
770
808
806
754
762
766
802
780
744
768
774
778
774
788
788
764
774
730
718
714
698
700
650
672
726
734
738
730
688
698
708
688
666
652
666
668
632
636
620
668
670
698
658
694
792
746
722
682
676
642
698
710
710
716
726
650
662
698
662
660
644
680
712
714
760
770
762
758
722
740
748
712
708
690
686
706
720
706
714
712
708
712
662
656
692
666
642
664
676
700
680
656
642
660
666
666
656
696
736
760
726
738
762
758
756
738
680
662
660
682
708
668
684
708
680
692
730
746
708
668
640
648
650
666
674
728
730
732
744
754
748
746
740
722
714
756
742
750
768
806
822
826
826
818
802
832
822
814
828
842
820
830
836
806
782
756
768
786
738
780
766
818
768
740
762
824
792
754
776
778
758
720
708
754
724
714
742
762
786
852
840
828
818
754
738
716
710
736
770
762
734
718
716
732
754
726
682
686
670
650
632
692
712
712
708
706
770
788
788
746
724
676
652
664
658
660
628
666
618
652
664
714
724
694
688
726
754
732
730
754
798
780
756
726
718
694
664
596
576
604
630
626
596
620
650
666
664
672
668
694
706
708
704
688
696
714
676
688
688
642
668
644
588
596
594
578
586
566
624
602
582
584
600
588
604
588
596
644
666
662
686
698
698
712
684
712
726
680
680
624
570
588
586
596
576
594
558
600
568
556
588
542
588
558
564
508
510
522
514
514
496
520
566
554
560
514
504
524
514
492
444
476
442
474
346
326
284
290
344
348
384
408
356
302
312
302
270
292
290
320
324
408
412
416
436
468
448
468
434
406
454
482
496
526
524
530
484
440
428
414
430
418
470
460
488
482
452
386
332
360
398
390
412
432
434
424
414
408
406
398
400
402
416
390
418
480
472
428
438
470
444
474
480
488
462
430
420
366
426
438
416
372
338
336
348
318
336
368
402
360
354
378
360
358
370
348
350
380
354
360
374
406
380
370
358
308
296
282
284
310
322
324
342
330
288
268
280
250
224
232
276
272
276
306
288
328
342
356
316
348
358
344
328
328
288
360
362
408
428
412
430
448
472
486
482
498
596
598
598
590
592
554
594
532
538
532
564
524
556
574
596
624
620
586
580
558
518
546
538
538
528
550
528
540
558
590
646
682
660
620
604
566
552
552
608
596
528
496
522
518
520
544
542
510
470
452
424
374
298
284
274
260
250
264
304
336
314
314
262
250
290
276
278
216
208
246
278
298
288
316
326
272
256
302
312
320
322
336
332
390
398
372
440
476
502
474
426
420
432
408
394
352
332
368
338
336
376
378
286
276
266
260
250
276
244
274
238
250
272
288
284
248
218
244
218
228
230
196
164
188
160
172
208
242
238
268
258
164
176
188
192
234
248
260
232
224
262
258
220
226
264
338
348
400
446
402
380
358
354
322
288
314
248
210
176
114
98
46
88
142
110
102
124
104
106
42
22
20
40
54
48
56
100
108
168
166
174
200
164
186
166
134
160
154
140
196
202
168
148
160
170
180
210
194
192
168
128
132
96
68
126
114
114
44
88
158
152
104
142
108
150
188
176
222
216
170
158
204
202
182
166
230
248
254
284
322
356
414
486
494
512
462
510
540
506
494
486
430
398
388
386
406
452
446
444
430
414
428
390
374
398
420
440
414
378
406
452
400
388
356
380
414
382
434
432
460
444
444
478
494
444
502
500
580
556
570
606
596
590
630
614
600
556
552
566
484
512
532
578
542
536
542
510
472
456
480
460
442
472
456
448
500
532
512
520
498
488
512
516
478
470
464
450
424
424
388
350
318
352
316
284
296
326
262
228
214
238
186
214
190
176
168
178
216
242
236
242
222
166
128
108
100
90
128
110
140
170
192
212
138
144
180
186
176
152
146
174
204
214
140
126
152
206
230
278
222
272
300
290
238
254
278
250
278
240
214
248
236
284
296
266
328
306
330
310
350
290
336
336
358
380
370
420
458
444
470
518
508
522
530
562
570
592
590
598
608
606
578
584
582
638
640
666
714
716
758
704
722
698
694
684
668
608
626
598
582
612
610
600
544
546
538
508
538
572
564
576
590
572
586
556
604
594
566
554
470
468
384
378
380
414
426
446
468
420
414
448
426
404
390
336
382
274
294
276
310
364
368
434
416
430
402
414
414
418
406
478
474
490
506
508
480
494
420
400
388
382
398
436
446
444
396
350
362
426
394
396
382
378
370
420
438
450
474
474
496
568
566
554
538
508
506
520
512
530
572
548
584
580
572
528
506
502
522
524
540
528
486
490
514
540
542
528
514
544
540
546
548
546
580
610
610
568
562
536
560
570
576
550
584
570
576
582
536
550
538
528
556
552
528
600
564
596
544
538
538
520
500
464
398
382
410
358
362
388
394
430
402
400
442
432
438
428
360
408
356
330
384
396
428
502
512
494
484
496
496
460
430
410
458
434
410
396
382
342
286
312
322
338
348
376
288
270
260
308
310
262
292
290
250
276
254
270
252
266
220
190
226
262
254
242
236
272
248
254
256
212
204
212
148
140
140
124
94
88
112
118
106
166
132
114
42
74
46
44
28
56
66
72
64
50
14
2
22
12
20
16
34
32
44
4
18
42
62
6
16
2
28
4
32
8
10
4
2
6
22
66
62
98
34
8
40
40
26
42
58
18
10
8
12
48
50
44
62
28
8
24
28
2
12
24
88
72
60
76
96
116
124
142
130
82
114
100
90
82
100
82
66
66
56
58
42
36
50
32
22
50
50
46
52
44
2
16
6
62
48
70
64
30
2
28
58
92
102
164
140
140
234
258
306
330
282
286
284
252
236
194
182
198
206
194
248
242
262
302
350
326
294
374
366
366
304
314
358
300
302
220
178
206
288
318
372
310
334
352
374
388
404
474
540
508
466
498
468
488
424
424
450
470
518
534
524
484
466
486
436
456
394
388
392
376
290
346
326
316
312
258
244
238
268
286
310
274
286
344
304
314
326
354
330
