372
366
312
356
350
352
388
432
450
514
546
552
538
512
562
552
522
546
506
528
536
562
584
612
604
638
640
658
604
608
656
630
586
598
598
600
574
528
530
564
560
612
588
604
632
696
614
640
594
596
616
644
636
590
590
628
638
620
528
566
518
526
576
594
600
588
562
542
550
562
574
598
586
574
616
628
642
642
632
650
644
622
588
584
578
600
626
690
680
722
728
700
712
718
742
728
712
648
654
606
594
576
590
574
536
528
522
576
566
610
614
602
654
610
560
516
514
514
424
406
402
410
444
516
472
494
526
540
532
548
540
540
484
516
494
488
544
500
436
490
512
462
434
460
414
392
364
326
360
364
318
322
374
368
388
412
408
432
388
428
432
524
496
516
556
542
566
574
552
500
482
450
488
464
440
442
478
436
418
436
460
410
358
306
280
336
292
272
222
172
108
172
120
74
78
148
142
174
170
124
148
164
132
162
156
240
270
250
236
166
212
206
178
166
194
160
100
130
102
66
90
110
138
108
78
92
86
146
206
178
132
108
162
164
204
216
222
240
242
264
264
264
264
208
212
150
106
128
82
36
76
68
64
6
80
38
58
56
76
8
32
6
12
42
46
32
24
20
14
2
10
30
4
44
10
44
60
92
198
240
248
236
296
326
264
242
234
244
232
212
212
210
190
210
186
178
206
230
186
124
144
172
142
100
102
72
28
48
48
68
84
38
0
62
112
118
100
94
54
6
10
76
30
34
24
28
2
26
58
40
26
56
30
4
38
24
36
10
4
36
46
8
6
34
10
40
14
16
4
28
20
2
62
112
118
70
64
18
0
38
54
32
48
56
42
102
184
186
204
188
166
180
178
112
134
112
146
112
62
6
12
58
34
68
72
60
30
10
44
44
44
34
138
48
62
54
8
22
26
42
8
52
74
12
68
94
78
150
136
142
202
206
182
192
196
276
288
308
342
362
466
482
480
444
464
476
442
426
452
464
448
448
414
388
370
432
396
408
432
420
436
454
434
390
330
358
346
356
396
428
370
396
388
340
298
266
188
108
106
62
96
108
80
40
28
32
80
32
20
44
14
50
24
26
54
82
42
24
66
20
2
34
68
100
128
96
24
4
10
6
20
48
14
66
102
92
56
34
12
20
16
30
20
54
24
24
24
10
0
44
72
62
30
112
138
194
210
216
236
218
224
272
280
266
268
296
318
310
372
330
362
376
370
396
354
268
298
244
238
280
262
230
164
206
248
252
248
276
242
290
368
398
392
410
356
346
310
268
286
262
190
230
242
286
300
288
292
314
302
226
290
274
252
234
220
196
214
252
198
194
140
110
80
78
66
92
74
76
26
6
34
6
26
22
24
16
36
88
130
144
162
164
180
116
56
12
44
32
10
8
16
12
20
102
48
94
130
106
80
84
112
110
76
88
108
70
60
18
40
26
0
18
66
92
124
154
144
182
212
152
208
214
212
180
162
164
134
82
70
42
26
104
114
76
52
92
70
80
80
86
128
86
44
58
80
112
72
58
18
24
56
42
76
48
54
24
6
96
46
12
50
98
70
76
112
132
124
56
36
8
20
28
14
0
20
20
40
82
76
86
74
68
52
70
54
82
130
142
174
140
152
84
72
48
16
4
30
18
34
18
52
70
102
32
36
96
118
114
56
110
84
124
116
134
122
132
86
116
124
46
42
58
102
134
148
122
110
86
52
50
64
38
64
94
128
168
128
234
268
308
308
272
266
224
226
264
284
258
270
246
274
256
282
306
302
256
246
248
256
274
204
276
256
246
270
224
190
178
184
182
130
168
184
212
230
202
190
178
98
22
96
46
38
28
58
28
2
2
42
40
78
102
128
92
84
74
116
114
128
138
156
148
192
172
112
134
144
166
166
130
82
98
110
102
144
152
140
160
154
232
172
220
144
136
94
62
66
48
60
70
96
90
56
58
12
0
36
50
12
22
54
44
114
104
112
112
196
200
204
222
208
236
198
204
206
158
126
196
134
138
106
116
82
98
124
90
94
78
108
124
100
56
58
40
24
10
56
92
106
112
66
40
4
62
106
104
70
90
106
88
96
44
46
4
20
56
22
2
18
20
4
14
34
20
86
88
120
112
128
96
126
206
190
198
192
212
214
194
220
218
246
238
204
156
174
222
198
252
250
242
154
112
132
100
88
80
94
118
106
104
164
246
254
290
286
246
230
222
240
244
214
222
172
184
206
190
182
168
88
152
140
118
154
172
224
226
176
156
160
202
276
282
254
218
152
108
70
96
72
78
88
120
132
100
94
106
172
128
150
116
60
92
108
100
132
110
98
92
90
68
10
44
32
28
4
46
30
40
76
54
46
26
42
102
120
176
126
110
140
90
148
172
160
126
68
30
6
26
10
30
18
18
14
62
40
16
16
80
44
40
4
56
94
162
144
138
112
90
64
130
100
114
98
130
104
146
134
156
180
156
180
170
180
208
294
336
306
226
248
242
296
342
364
370
368
354
286
210
184
176
160
182
190
168
178
204
214
198
188
134
180
168
184
144
134
116
76
72
32
28
8
52
74
108
92
74
10
16
32
20
36
26
50
74
64
68
62
88
142
108
112
82
60
56
104
146
146
128
100
94
86
46
36
32
44
36
42
70
4
22
18
2
26
82
114
102
124
62
14
78
80
126
120
112
142
118
64
34
10
16
28
22
34
92
84
98
140
126
78
172
126
146
170
104
82
58
20
28
48
44
92
148
194
190
218
176
182
200
154
152
160
180
168
120
200
224
222
208
130
214
286
290
236
258
252
248
250
278
226
230
232
214
212
224
194
260
212
156
174
162
218
218
284
272
258
260
354
400
404
434
452
546
550
558
590
568
560
510
506
458
458
440
406
408
408
412
364
390
356
324
350
386
396
344
314
260
302
336
294
304
310
276
302
288
248
250
306
342
360
376
424
486
530
518
550
556
604
628
616
610
580
604
602
610
602
610
614
554
506
496
522
514
518
562
600
618
666
654
638
628
626
518
502
576
560
548
522
514
502
512
496
500
500
496
436
432
416
454
430
430
444
434
442
452
516
470
464
486
456
418
424
390
402
360
348
314
392
348
380
360
448
394
380
428
424
364
428
420
378
394
466
514
502
518
548
464
448
436
418
394
412
478
484
516
484
434
488
452
398
360
378
378
310
364
356
336
338
328
342
336
264
248
204
220
202
132
194
170
210
196
238
304
342
378
442
442
394
352
338
328
272
244
238
250
246
182
138
142
140
134
106
62
72
120
136
134
84
98
92
114
54
58
52
18
28
2
30
54
74
124
136
92
128
120
98
134
164
150
176
170
146
108
146
170
160
88
92
68
68
36
118
110
86
92
88
86
144
86
78
14
42
104
72
96
132
182
230
228
196
176
210
186
196
216
162
208
238
272
232
242
238
278
274
226
236
256
292
334
348
432
418
434
468
458
490
452
478
538
566
606
588
584
622
598
614
610
636
566
576
608
586
578
574
544
520
502
472
492
430
438
424
428
448
476
484
440
458
446
394
362
318
304
350
328
266
276
346
326
346
362
360
330
342
324
326
320
278
314
362
326
356
380
318
306
264
338
386
394
380
372
376
346
396
416
420
406
480
472
508
506
414
366
298
340
372
358
326
352
386
330
354
440
376
252
248
252
284
324
304
348
348
322
352
344
324
348
328
302
280
230
194
218
264
238
228
250
294
268
200
192
216
210
282
266
302
262
234
210
274
268
286
200
160
124
114
126
128
98
62
40
44
66
68
58
78
114
156
148
106
98
80
54
102
104
46
16
38
14
14
20
6
46
90
80
108
172
206
212
280
248
280
324
352
302
294
274
234
224
198
230
234
164
218
170
194
196
204
246
244
246
280
242
274
356
338
338
272
272
216
252
212
208
204
266
248
252
206
228
208
214
196
124
174
120
126
130
118
130
166
224
204
246
280
320
300
324
330
316
294
270
262
316
302
386
362
356
366
346
312
324
346
406
338
290
232
190
218
228
264
254
244
270
286
274
324
272
282
328
294
292
332
356
320
308
330
336
276
216
120
90
122
150
136
88
76
44
134
122
96
124
178
182
230
240
256
300
310
336
326
300
300
278
274
264
264
250
198
96
112
120
154
164
212
228
192
158
130
92
118
134
158
92
170
172
234
196
186
202
184
168
172
182
154
186
176
208
226
238
162
226
240
270
240
188
214
142
156
140
96
92
98
42
34
52
44
42
120
146
108
84
126
92
90
64
68
72
26
26
58
66
46
6
26
32
30
70
64
90
40
24
12
6
6
24
78
56
46
10
12
34
24
46
80
70
90
78
84
48
52
108
98
102
80
128
82
62
60
8
32
84
154
158
102
146
110
22
50
34
20
24
36
54
6
18
12
8
58
58
98
124
164
104
90
116
72
64
6
54
52
16
46
34
30
0
10
26
32
30
30
86
80
62
42
84
32
48
90
54
82
98
152
182
178
202
184
162
208
272
252
278
286
324
314
364
320
336
424
428
498
466
484
470
488
464
472
478
516
496
488
470
476
458
442
476
466
444
432
416
466
520
