300
328
314
272
322
230
154
86
48
48
74
112
140
118
138
108
134
154
136
114
164
164
186
190
154
112
88
64
42
56
76
14
14
14
32
66
74
86
106
106
134
20
2
20
8
22
4
20
16
4
12
4
46
42
30
68
78
42
78
40
18
24
0
24
14
44
36
76
54
70
134
106
108
102
94
58
58
98
120
120
120
170
192
174
138
98
116
114
116
166
202
280
228
232
214
262
240
270
296
340
300
288
274
320
318
320
356
290
304
308
272
292
278
276
242
256
256
288
290
304
332
390
360
352
404
376
390
370
370
356
402
408
488
456
436
352
346
342
334
374
384
410
408
390
402
396
390
392
404
416
392
406
380
380
414
408
394
376
406
352
344
324
276
322
322
358
360
284
342
350
350
336
310
316
326
364
326
298
234
242
184
224
256
262
232
152
138
136
160
216
280
278
308
298
248
256
266
296
320
298
342
410
342
332
344
384
350
336
338
358
334
322
352
316
294
332
290
230
200
246
234
232
234
232
296
310
272
294
278
326
364
382
350
430
362
366
362
386
374
338
366
378
412
372
424
376
374
392
380
358
320
308
284
322
310
376
330
320
332
328
324
342
368
370
406
398
412
454
472
390
420
350
362
394
392
398
296
310
302
288
288
276
286
292
294
284
286
326
312
342
336
322
338
380
342
354
336
352
338
344
308
288
286
296
280
260
264
292
274
266
270
286
240
248
226
220
200
154
168
172
176
176
198
194
154
218
230
212
244
238
222
304
262
254
240
234
270
276
254
272
238
240
256
220
232
210
182
162
212
238
196
184
184
172
172
168
162
162
166
176
184
234
266
258
294
274
280
342
344
334
352
320
326
390
458
506
494
442
424
468
422
418
460
452
488
464
402
388
376
334
330
290
258
258
210
192
160
190
110
116
200
188
174
138
118
110
142
172
190
186
204
168
214
262
290
374
370
362
314
344
354
338
374
360
342
390
332
384
466
482
536
554
520
548
576
560
470
462
508
464
472
508
542
524
524
546
530
594
582
612
588
568
568
568
562
546
532
494
508
460
418
474
532
528
512
462
472
456
448
420
394
332
366
396
406
446
450
460
458
406
410
378
418
448
428
450
390
344
272
298
344
318
310
300
310
314
310
348
400
398
360
406
394
342
368
340
338
322
306
334
336
314
304
340
342
360
332
320
304
300
296
354
312
348
300
352
374
358
376
336
320
294
292
254
254
234
160
186
184
202
258
248
282
294
242
264
242
266
208
200
250
272
274
288
242
240
206
198
198
212
242
222
240
228
228
248
260
254
202
232
232
272
250
306
262
264
212
198
186
162
96
64
158
172
124
112
132
166
152
134
156
92
76
70
60
54
54
66
26
62
64
2
22
38
36
22
6
46
24
72
104
66
88
84
112
70
64
94
106
142
104
30
78
110
98
104
92
134
48
2
18
4
56
100
114
150
160
154
196
274
248
254
262
288
356
362
310
316
340
332
376
364
358
336
302
258
274
286
312
294
332
308
292
234
210
216
202
194
202
196
218
164
116
116
138
158
186
214
212
242
242
238
220
218
172
200
188
190
142
50
40
80
60
12
32
56
4
32
64
84
102
84
80
70
92
112
126
134
162
112
144
146
144
130
152
130
120
80
104
112
20
22
28
94
130
130
178
178
212
212
236
240
222
222
184
176
214
218
246
226
284
302
270
320
356
358
372
430
424
392
378
382
378
404
392
348
364
358
392
414
388
358
364
374
342
338
336
332
322
306
338
350
342
354
378
320
304
244
174
144
148
110
214
208
228
260
226
226
228
266
304
344
454
454
436
414
378
352
402
386
396
448
494
456
512
492
488
546
532
550
558
520
486
490
438
410
472
440
428
452
476
494
500
518
512
510
556
530
554
522
528
532
562
500
532
574
600
632
636
634
644
654
662
676
660
638
626
618
574
574
568
574
536
566
570
528
522
512
508
522
574
568
558
540
544
550
552
584
624
628
620
572
594
592
576
504
524
512
502
456
424
468
468
406
394
400
462
502
496
492
424
460
466
504
544
574
556
592
606
620
604
554
522
572
570
546
548
518
502
520
506
536
466
422
430
392
386
388
420
366
332
346
298
316
358
418
420
462
534
552
572
594
564
570
538
534
494
500
540
520
500
492
490
510
538
536
516
492
522
506
566
548
554
518
512
510
572
584
586
550
584
644
688
654
682
668
670
706
630
576
604
616
636
630
626
624
628
626
648
612
676
702
694
696
690
694
652
654
656
654
666
682
676
700
678
694
726
746
784
772
744
692
712
692
728
718
756
750
766
726
682
622
620
654
648
688
670
672
676
654
680
696
652
674
704
702
720
722
698
680
668
650
690
660
672
686
664
658
694
696
698
722
734
734
666
668
704
744
726
696
734
742
698
718
712
696
652
664
706
648
614
610
580
586
564
552
586
598
630
624
620
634
586
584
630
620
642
674
652
650
698
690
640
630
692
670
644
638
598
582
560
536
520
552
544
508
502
494
538
534
528
538
528
560
560
560
554
540
530
524
540
536
566
530
586
608
608
586
594
630
642
630
674
678
648
586
634
626
624
590
606
584
608
620
592
570
550
550
600
600
606
644
626
592
574
632
598
604
628
638
644
672
674
700
666
664
698
692
720
738
726
750
720
740
720
682
656
684
682
718
650
658
620
618
604
574
572
520
552
516
564
618
658
640
610
642
632
656
674
590
564
618
600
602
580
610
662
674
726
712
680
736
686
722
694
672
678
742
730
762
786
808
804
780
746
782
758
776
768
752
774
770
750
748
722
734
756
718
722
720
732
680
658
640
652
628
620
600
594
566
624
628
654
664
716
728
732
746
744
738
794
752
760
750
748
768
740
776
770
786
786
742
704
724
698
686
686
632
598
582
582
550
506
508
516
486
536
540
502
542
574
580
566
626
658
642
594
610
634
656
670
648
602
654
598
566
564
516
484
476
482
454
534
542
530
592
560
546
572
538
508
484
514
512
490
462
446
448
438
434
416
406
384
388
370
372
396
438
454
484
482
482
476
476
492
484
456
448
474
494
520
478
468
508
536
516
520
458
442
392
426
382
374
406
392
422
384
386
364
362
382
378
362
384
298
318
266
198
184
244
212
198
198
292
274
334
336
330
314
312
282
198
170
92
88
84
142
128
68
18
30
68
70
80
58
4
12
6
24
42
48
100
106
150
150
124
102
104
114
86
52
24
26
2
28
58
104
148
154
118
172
176
194
210
194
198
218
224
246
230
230
242
234
208
224
204
240
248
216
204
188
222
236
220
208
278
254
276
354
376
360
310
292
336
320
314
348
338
352
344
378
390
420
444
404
422
412
398
404
386
356
394
350
336
376
408
438
392
424
422
404
432
414
420
428
452
450
452
498
508
564
548
552
560
496
490
458
514
552
518
516
542
564
608
578
572
522
498
458
406
450
432
408
440
442
418
354
292
246
278
326
328
314
300
294
240
250
256
218
216
244
204
176
178
170
194
152
94
94
92
96
86
118
66
114
156
164
140
116
136
170
116
120
100
8
14
12
22
22
72
64
80
98
92
84
104
88
106
92
80
96
100
92
72
18
66
52
16
74
54
50
38
74
62
104
46
14
6
12
98
92
54
82
76
28
22
4
66
44
92
108
108
108
68
108
136
182
160
160
140
136
96
98
144
140
222
214
292
288
278
196
196
202
138
148
104
96
150
124
134
184
194
204
194
164
170
198
180
132
122
74
102
124
114
90
110
94
130
110
82
70
74
4
56
60
122
160
174
108
112
132
134
190
242
302
310
292
328
300
250
214
230
232
158
178
142
144
122
118
122
112
166
144
144
182
84
42
44
44
92
94
104
96
56
74
74
82
86
130
132
128
126
138
140
164
158
112
136
148
152
172
176
174
212
246
234
216
238
260
290
302
278
292
338
298
322
270
294
290
270
192
262
244
208
166
92
40
16
24
50
26
4
10
0
32
34
20
86
110
84
106
120
140
110
60
62
112
98
84
28
34
92
112
140
140
154
136
142
86
106
98
60
52
54
56
2
18
58
100
120
90
60
48
50
34
22
72
106
38
106
154
176
234
250
246
238
260
254
244
246
262
210
194
194
222
212
258
260
282
252
274
264
266
248
284
286
300
318
282
328
308
276
306
338
352
382
390
406
440
444
488
514
508
512
558
554
540
532
524
484
500
506
500
478
480
498
460
490
494
516
500
446
480
458
492
512
490
540
592
582
552
542
536
530
492
518
528
550
516
506
510
474
488
486
510
562
564
518
464
502
514
478
504
546
526
528
572
620
600
600
590
586
610
574
566
588
552
536
422
498
508
504
516
492
488
480
482
526
552
554
550
546
544
538
560
566
536
580
530
546
560
592
518
548
518
516
508
524
556
510
466
446
450
484
446
484
510
460
468
466
424
428
384
414
422
346
378
378
440
458
494
492
470
482
468
482
488
472
424
398
352
384
372
344
324
368
356
390
392
408
390
376
320
310
312
256
244
306
300
284
362
388
380
432
508
472
506
518
514
496
532
594
582
580
526
512
540
574
562
622
