4488
4488
4546
4534
4614
4526
4418
4606
4588
4436
4516
4384
4474
4470
4558
4446
4422
4396
4278
4382
4528
4600
4556
4468
4538
4358
4478
4340
4310
4364
4300
4362
4356
4444
4500
4524
4786
4788
4802
4712
4672
4684
4614
4630
4686
4632
4632
4392
4474
4328
4414
4360
4272
4246
4270
4380
4426
4594
4602
4592
4646
4570
4604
4544
4560
4502
4292
4274
4146
4082
4116
4190
4308
4292
4148
4234
4340
4294
4392
4452
4404
4500
4610
4608
4808
4830
4746
4794
4982
4874
4946
4900
5044
4970
5020
5002
5022
5082
5212
5170
5086
5022
4992
4972
4954
4994
5058
5304
5232
5328
5384
5270
5208
5142
5132
5180
5136
5182
5190
5090
5172
4998
5100
4990
4838
4900
4838
4876
4754
4554
4470
4496
4542
4690
4522
4634
4640
4628
4778
4824
4740
4772
4776
4816
4914
4890
4730
4760
4794
4870
4810
4772
4882
4790
4798
4824
4956
4836
4908
4796
4722
4660
4768
4744
4664
4604
4622
4656
4676
4654
4676
4764
4750
4668
4518
4638
4742
4764
4826
5004
5002
4898
4742
4768
4726
4798
4626
4630
4646
4698
4676
4652
4568
4604
4628
4692
4734
4714
4666
4764
4724
4760
4890
4690
4636
4682
4674
4738
4780
4690
4680
4624
4736
4746
4636
4532
4486
4554
4506
4378
4392
4396
4352
4364
4428
4478
4528
4464
4502
4592
4710
4826
4794
4686
4830
4688
4720
4792
4826
4974
4906
4888
4852
4904
4886
4866
4926
4862
4866
4806
4858
4758
4744
4742
4758
4850
4870
4864
4810
4820
4794
4718
4612
4586
4620
4558
4592
4508
4498
4572
4538
4602
4732
4858
4828
4940
4814
4844
4756
4884
4898
4860
4760
4830
4838
4974
4906
4762
4712
4806
4832
4764
4802
4814
4804
4850
4726
4742
4852
4844
4726
4798
4598
4588
4642
4682
4708
4726
4678
4752
4692
4658
4744
4726
4824
4746
4854
4768
4894
4804
4916
4914
4872
4810
4856
4842
4942
4954
4950
4990
4940
4984
5046
4994
4918
4912
4962
5010
4912
4820
4836
4898
4948
4886
4930
4810
4794
4642
4686
4696
4532
4260
4224
4188
4370
4488
4530
4602
4570
4584
4438
4380
4312
4392
4548
4494
4482
4430
4470
4416
4346
4400
4474
4602
4534
4508
4580
4696
4594
4654
4562
4590
4564
4530
4596
4498
4550
4538
4584
4582
4648
4792
4758
4706
4710
4722
4706
4670
4552
4504
4336
4312
4378
4430
4504
4442
4268
4368
4410
4424
4450
4434
4540
4486
4438
4312
4344
4410
4402
4564
4658
4698
4700
4696
4596
4338
4458
4462
4612
4564
4482
4626
4652
4660
4578
4698
4650
4732
4844
4662
4614
4570
4596
4540
4604
4674
4616
4544
4582
4622
4496
4356
4374
4426
4346
4412
4478
4470
4486
4524
4522
4616
4452
4506
4502
4518
4562
4656
4684
4624
4580
4606
4718
4694
4584
4600
4624
4606
4640
4658
4582
4582
4672
4712
4668
4658
4804
4682
4762
4700
4802
4730
4826
4746
4726
4798
4944
4964
4904
4862
4834
4784
4770
4880
4784
4732
4612
4564
4346
4428
4478
4428
4492
4478
4536
4410
4440
4436
4548
4586
4586
4568
4530
4602
4792
4854
4820
4822
4872
4776
4828
4806
4730
4752
4838
4804
4782
4784
4836
4746
4724
4668
4660
4698
4760
4724
4858
4958
4992
4916
4936
5022
5078
5174
5310
5372
5396
5440
5508
5550
5550
5610
5504
5514
5398
5204
5240
5198
5280
5212
5132
5152
5242
5198
5226
5362
5396
5312
5252
5150
5188
5278
5364
5512
5512
5604
5314
5306
5334
5314
5344
5214
5214
5278
5312
5296
5390
5450
5568
5346
5226
5182
5146
5132
5096
5124
5126
5078
5056
4986
4920
4836
4904
4696
4716
4888
4904
5034
5080
5040
5112
5076
5052
5026
4990
4992
4974
4978
4868
4996
4964
4978
5058
5040
5116
5062
5116
5036
5102
5044
5122
5132
5026
4970
5146
5126
5144
5204
5228
5200
5200
5234
5246
5232
5158
5172
5200
5238
5458
5336
5350
5326
5408
5360
5350
5372
5464
5518
5466
5342
5128
5120
5186
5226
5236
5188
5268
5242
5382
5520
5516
5524
5392
5346
5336
5178
4908
4874
4864
4822
4752
4650
4648
4594
4688
4772
4692
4652
4634
4716
4618
4684
4584
4580
4594
4620
4776
4724
4522
4542
4540
4508
4574
4530
4406
4390
4384
4274
4306
4224
4146
4106
4136
4110
4164
4282
4376
4188
4234
4216
4380
4376
4510
4322
4332
4312
4366
4322
4232
4208
4220
4190
4254
4206
4248
4286
4476
4436
4498
4650
4794
4892
4978
4884
4962
5000
4966
4984
4916
4810
4896
4838
4824
4888
4898
4802
5012
4902
4796
4772
4620
4602
4524
4502
4444
4454
4470
4310
4266
4438
4294
4120
4074
4038
4144
4120
4108
4008
3888
3970
4054
4146
4076
4048
4034
4060
4142
4056
4028
3898
3898
3936
3868
3766
3686
3730
3590
3600
3566
3556
3546
3568
3646
3850
3836
3850
3862
3768
3610
3646
3756
3740
3770
3724
3714
3822
3654
3720
3730
3696
3882
3822
3884
3780
3700
3718
3768
3884
3726
3638
3632
3536
3592
3586
3646
3682
3816
3804
3874
3776
3834
4018
4028
4048
4134
4128
4334
4312
4192
4204
4236
4150
4176
4148
4230
4256
4182
4148
4018
3960
3878
3894
4000
3926
3852
3918
4122
4206
4060
4098
3994
4002
4002
3994
4006
4016
4010
4026
4020
4090
3956
4024
4030
3946
3956
3976
4020
3948
3840
3770
3838
3884
3932
3772
3902
3872
4010
4108
4132
4126
4244
4158
4124
4148
4154
4188
4112
4068
4096
4302
4146
4374
4202
4268
4302
4442
4456
4574
4626
4498
4460
4478
4490
4462
4316
4322
4274
4386
4420
4328
4374
4440
4450
4496
4514
4574
4518
4398
4488
4498
4606
4526
4616
4718
4752
4730
4826
4754
4692
4780
4800
4658
4616
4520
4622
4410
4396
4418
4502
4516
4496
4406
4206
4246
4298
4126
4012
4070
4108
4308
4420
4510
4486
4426
4498
4422
4558
4634
4676
4594
4666
4602
4672
4562
4616
4622
4554
4618
4610
4656
4644
4644
4566
4472
4446
4490
4556
4488
4514
4618
4566
4414
4376
4542
4500
4520
4544
4390
4390
4322
4172
4078
4046
4016
4084
4032
4014
3936
3894
3952
4116
4096
3938
4080
3986
3970
4006
3868
3938
3856
3852
3908
3932
4034
4234
4206
4312
4430
4346
4220
4248
4146
4130
4250
4102
4078
3926
3996
3990
3934
3988
3962
3884
3886
3990
3956
3968
4058
4234
4298
4370
4582
4678
4782
4786
4806
4710
4618
4626
4570
4770
4658
4656
4748
4740
4512
4668
4666
4660
4780
4826
5038
4926
4988
4892
4758
4762
4920
4832
4776
4772
4606
4660
4680
4570
4392
4462
4428
4480
4380
4370
4332
4296
4390
4510
4668
4598
4552
4474
4278
4514
4560
4640
4742
4858
5036
5028
4912
4820
4970
5100
5262
5262
5102
4938
4868
4796
4848
4846
4828
4890
4888
4876
4810
4756
4702
4720
4740
4780
4848
4834
4780
4610
4552
4376
4284
4240
4314
4302
4246
4112
3978
4048
4084
4212
4396
4408
4400
4644
4646
4666
4690
4732
4586
4554
4442
4366
4402
4278
4376
4266
4258
4158
4160
4040
4042
4116
4148
4110
4156
4054
4122
3890
3964
4056
4016
3998
4092
4166
4196
4194
4236
4278
4256
4182
4282
4342
4126
4146
4226
4232
4224
4354
4212
4178
4276
4182
4114
4122
4076
4154
4072
4052
4168
4132
4078
4118
4082
4026
3772
3794
3776
3816
3852
3720
3766
3870
3928
3856
3826
3766
3604
3654
3726
3740
3682
3654
3622
3584
3558
3548
3660
3506
3604
3632
3672
3528
3608
3544
3506
3348
3280
3280
3246
3472
3402
3362
3522
3420
3474
3414
3290
3224
3276
3310
3334
3508
3392
3392
3440
3322
3392
3486
3478
3452
3532
3320
3436
3538
3426
3402
3276
3342
3204
3324
3400
3276
3298
3312
3236
3280
3200
3202
3124
3130
3130
3124
3096
3142
3138
3212
3114
3038
3080
3002
2862
2866
2870
2756
2918
3158
3148
3108
3090
3054
3064
3070
3054
2824
2894
2984
3000
2924
3078
3088
2870
2788
2744
2732
2650
2680
2858
2928
2952
2904
2890
2890
2840
2734
2762
2862
2928
2710
2558
2662
2604
2712
2710
2738
2594
2686
2720
2728
2716
2738
2796
2810
2760
2716
2688
2574
2356
2392
2368
2268
2160
2188
2172
2012
1958
1996
2056
2094
2164
2082
2294
2170
2184
2284
2340
2338
2210
2176
2174
2206
2314
2150
2230
2184
2164
2138
2310
2258
2272
2300
2180
2260
2124
2218
2272
2324
2384
2368
2420
2410
2510
2548
2660
2584
2654
2574
2612
2676
2622
2616
2512
2544
2718
2658
2554
2538
2682
2678
2582
2546
2450
2522
2552
2488
2464
2364
2336
2366
2388
2248
2190
2278
2226
2254
2294
2180
2202
2182
2138
2238
2180
2126
2028
1984
2068
2030
1856
1982
2000
1732
1638
1592
1486
1636
1562
1556
1400
1386
1348
1338
1364
1400
1544
1486
1640
1588
1524
1742
1664
1540
1692
1628
1838
1848
1880
1882
1966
2002
1978
1934
1984
1910
2064
2134
2158
2164
2166
2250
2256
2186
2142
2142
2222
2164
2152
2196
2262
2202
2282
2224
2162
1944
1908
1882
1806
1806
1826
1834
1808
1844
1864
2004
2042
2022
2138
2090
2048
2130
2110
2296
2228
2142
2112
2052
2116
2192
2352
2308
2160
2230
2132
2090
2018
1946
1890
1886
1982
1916
1788
1760
1820
1836
1858
1954
1968
1874
1944
1850
1842
2048
2086
2056
2094
2124
2158
2296
2220
2234
2218
2332
2410
2354
2284
2370
2252
2288
2224
2344
2304
2148
2018
2060
2184
2094
1906
1790
1766
1772
1680
1640
1884
1884
1920
1946
1986
2012
1946
2028
2022
2022
2050
1992
2058
1996
1974
2044
2036
2074
2104
2154
2200
2272
2296
2172
2034
2056
1980
2014
2078
2090
2188
2230
2194
2212
2258
2266
2168
2206
2274
2214
2128
2148
2194
2238
2418
2372
2422
2402
2374
2344
2362
2332
2310
2414
2246
2270
2228
2208
2264
2376
2528
2464
2354
2108
2196
2262
2176
2168
2228
2270
2254
2150
2052
2048
2148
2162
2158
2106
2142
2248
2252
2160
2150
2330
2400
2536
2582
2718
2774
2672
2506
2522
2670
2662
2882
2896
2798
2840
2876
2876
2850
2902
2774
2846
2830
2898
3026
2970
2946
2928
2984
2874
2912
2894
2932
2864
2862
2704
2710
2618
2742
2716
2836
2640
2732
2880
2876
2686
2772
2734
2566
2538
2714
2756
2920
2998
2994
2958
3100
3096
2986
2930
2948
2752
2950
2846
2876
2922
2900
3046
3124
3146
3122
3106
3126
3216
3132
3086
3210
3190
3176
3234
3400
3364
3126
3254
3264
3196
3302
3402
3456
3270
3238
3276
3220
3116
3186
3202
3198
3268
3176
3152
3078
3062
2994
3058
3046
3158
3254
3336
3204
3340
3258
3300
3282
3260
3298
3360
3390
3250
3400
3204
3142
3124
3254
3250
3288
3248
3200
3226
3136
3170
3214
3240
3120
3052
3228
3202
2994
2914
2948
2930
3024
2948
2934
2960
2906
3008
2982
2992
3022
3014
2990
3092
3160
3130
3108
3132
3044
3000
2836
2916
2826
2678
2622
2578
2556
2464
2602
2556
2542
2458
2410
2344
2382
2406
2338
2354
2380
2364
2352
2276
2232
2274
2276
2316
2306
2286
2266
2232
2226
2098
2170
2244
2190
2234
2256
2216
2216
2140
2226
2106
1990
2096
2168
2042
2110
2056
2056
2024
2174
2186
2320
2416
2520
2544
2606
2674
2642
2602
2564
2486
2352
2332
2418
2370
2354
2372
2346
2276
2232
2202
2190
2088
2208
2288
2352
2214
2182
2156
2098
2036
2072
2144
2246
2334
2376
2406
2370
2262
2264
2238
2218
2206
2118
2176
2098
2076
2124
2078
2130
2204
2268
2270
2222
2108
1932
1896
1796
1758
1750
1840
1942
1960
2036
2132
2070
2230
2338
2344
2366
2342
2140
2230
2266
2354
2392
2242
2280
2428
2446
2560
2570
2606
2686
2726
2654
2646
2688
2610
2622
2594
2452
2416
2342
2274
2416
2324
2232
2318
2430
2630
2606
2694
2546
2510
2532
2522
2564
2510
2516
2394
2388
2260
2302
