904
920
898
870
882
852
866
822
816
810
810
844
824
800
824
856
802
756
770
762
780
786
774
756
760
794
834
870
802
822
832
854
870
816
856
840
840
834
850
818
846
812
814
822
806
834
848
846
828
836
844
904
914
942
936
946
944
904
902
890
908
858
870
838
830
872
842
858
866
854
884
914
902
886
878
872
856
822
812
792
810
828
828
842
814
826
854
838
860
840
852
878
892
898
900
902
902
886
870
882
852
848
866
862
880
840
848
878
918
900
942
912
904
894
902
882
908
892
868
852
848
858
866
900
924
932
914
916
918
912
906
862
886
874
866
852
816
824
854
902
904
900
920
898
884
864
868
860
832
846
844
886
868
862
860
878
908
914
926
922
912
864
876
824
858
844
842
826
798
818
834
830
836
844
816
840
892
880
884
878
884
910
916
914
888
920
936
912
922
908
948
926
910
876
870
896
878
904
880
892
912
890
872
868
862
864
852
860
880
912
904
896
854
832
824
818
748
756
774
830
832
858
880
900
894
918
932
906
906
884
916
898
872
864
844
840
844
860
850
822
820
840
854
866
866
888
882
882
866
842
848
838
866
886
904
910
896
900
898
900
914
872
872
868
872
906
864
888
884
910
906
872
864
884
862
840
826
864
844
830
818
832
846
826
840
836
830
842
840
844
878
836
850
872
846
866
858
870
852
824
818
854
850
838
846
846
876
900
902
904
900
896
852
830
830
788
800
814
810
822
822
816
790
802
838
876
866
904
902
880
868
830
852
876
868
866
900
906
908
918
918
900
912
908
912
918
906
920
906
922
910
900
922
882
888
884
864
868
864
906
908
876
898
892
888
878
866
848
848
870
876
864
880
876
846
864
882
858
886
898
920
914
886
882
886
850
862
834
878
854
884
882
894
906
874
892
892
898
916
908
932
930
908
910
938
926
926
908
934
926
894
894
904
908
894
860
852
846
862
890
854
866
862
888
894
874
886
884
852
866
898
890
906
890
900
876
890
880
896
898
896
876
900
870
886
900
926
942
918
900
888
892
884
886
922
944
952
926
878
906
866
872
886
894
908
894
888
882
840
854
886
868
886
892
880
826
830
868
874
870
872
870
900
906
898
904
918
914
928
900
906
878
924
896
908
894
882
900
878
838
818
812
794
806
852
828
876
876
888
890
884
902
914
910
890
874
854
884
878
900
876
904
908
898
830
848
812
842
824
778
808
800
820
802
828
838
836
814
816
794
832
816
840
878
904
916
874
894
902
918
934
950
950
944
908
922
940
910
894
850
840
812
850
864
836
828
826
822
800
810
798
814
804
842
846
880
864
882
860
876
874
846
834
890
876
898
856
864
854
858
792
820
802
796
792
824
830
832
832
836
808
832
872
850
884
896
868
866
878
894
930
916
904
902
884
872
854
850
860
864
860
912
872
856
862
878
868
866
900
846
848
858
870
852
884
854
818
818
868
896
866
864
892
894
900
876
850
846
858
902
868
832
824
814
814
836
838
872
902
898
908
908
926
916
948
932
922
936
942
898
908
900
874
858
860
844
844
846
838
808
822
808
776
810
818
814
802
786
780
784
766
836
874
898
916
960
916
938
910
918
908
884
852
818
806
838
854
824
826
838
858
886
854
850
858
858
840
828
834
834
830
826
836
822
822
866
828
840
848
860
816
816
800
822
836
854
880
888
826
836
858
860
862
892
868
840
870
894
904
874
872
902
910
894
864
878
888
914
894
896
894
914
934
894
908
940
938
962
940
922
888
852
840
850
876
926
938
954
938
900
918
920
918
918
898
886
888
894
918
890
894
906
858
894
906
898
866
846
848
886
882
894
876
846
836
876
846
878
882
912
904
906
880
882
876
890
878
894
868
896
910
928
926
924
922
940
908
896
872
848
862
858
864
848
822
814
838
816
836
834
814
834
826
854
852
860
894
892
894
898
912
896
916
902
898
894
910
924
930
894
896
912
884
890
900
894
904
882
906
886
892
886
884
892
912
912
938
928
914
878
910
908
908
910
948
926
930
918
890
882
868
876
860
880
886
924
912
922
964
948
928
892
894
896
890
880
862
884
880
876
832
846
850
822
814
812
764
792
754
776
796
840
834
852
868
868
880
848
868
856
884
864
864
888
874
870
908
882
896
882
866
886
892
862
852
824
880
884
872
922
898
866
870
914
928
908
886
896
896
916
926
934
948
960
944
934
942
922
930
914
954
950
946
926
892
868
876
804
810
792
812
798
838
802
826
830
882
868
900
894
850
846
840
834
876
866
860
866
830
856
848
820
862
878
850
834
804
758
754
794
786
770
808
824
830
804
840
874
848
830
850
844
868
856
878
840
862
840
810
784
774
778
802
852
856
834
846
856
856
844
854
804
756
718
740
770
780
814
778
816
780
804
840
854
854
832
842
850
868
892
916
926
920
938
890
912
900
864
870
888
874
882
846
876
886
902
890
876
874
884
896
916
924
926
926
918
922
942
946
934
940
922
914
940
962
946
930
924
910
898
902
876
900
896
916
926
922
898
908
922
944
952
956
946
914
910
920
912
932
926
948
914
946
962
936
910
902
918
914
902
912
900
882
894
902
908
924
934
936
936
904
924
908
918
868
842
848
868
892
888
892
884
868
878
880
850
872
866
892
902
924
930
914
878
900
902
868
884
900
882
848
850
842
880
848
848
886
872
880
882
880
900
866
870
886
856
842
882
880
864
870
880
846
846
864
880
864
866
834
840
862
884
902
896
870
888
892
908
910
904
888
906
890
896
872
878
854
870
860
836
834
822
786
816
840
808
762
708
716
706
676
728
754
776
756
766
778
764
710
712
732
736
780
784
766
758
792
818
788
802
800
778
786
780
764
764
786
792
812
808
822
774
804
786
832
812
810
836
870
854
876
890
886
880
872
890
906
912
896
892
854
860
882
900
876
862
858
876
842
798
820
856
836
842
864
888
876
866
862
860
878
842
838
826
832
822
876
844
852
906
914
916
940
914
866
874
906
932
910
888
886
850
842
836
854
858
866
844
844
824
812
846
854
852
848
830
782
756
732
742
760
778
772
746
728
740
728
712
784
788
754
790
854
828
844
872
896
878
902
906
914
908
896
904
908
896
894
908
888
916
908
908
908
908
900
904
902
888
904
896
874
884
868
892
886
898
894
910
908
926
942
906
922
914
896
928
938
896
904
912
868
882
900
884
852
860
852
886
876
896
934
928
904
924
912
932
922
888
866
872
874
864
890
896
924
904
858
878
878
872
900
892
876
910
912
910
918
950
934
920
926
934
950
918
914
882
866
858
868
890
876
892
926
948
934
934
936
948
942
918
958
958
950
948
952
930
926
922
886
886
898
920
914
908
908
874
898
884
888
838
856
872
876
898
898
916
914
920
918
896
912
950
954
922
928
914
934
928
910
912
926
926
904
876
894
898
918
904
880
882
886
866
896
914
932
922
936
928
876
900
890
932
940
948
926
914
904
912
892
904
896
872
880
836
848
836
866
846
822
808
814
816
838
870
876
876
874
878
918
914
912
906
908
880
868
896
882
866
848
824
796
776
804
822
818
838
840
874
878
864
878
918
922
898
904
898
906
926
914
924
928
928
936
952
954
928
934
960
970
964
948
948
912
912
896
868
864
868
850
868
824
838
824
798
814
818
824
796
810
774
768
762
786
816
836
848
860
898
868
876
884
878
864
874
892
894
926
920
922
900
902
928
922
922
930
952
948
954
936
910
930
922
954
946
914
898
908
890
882
874
848
800
810
794
820
834
828
834
846
850
888
902
904
900
860
892
900
898
866
880
920
900
902
894
884
868
902
908
884
884
882
878
902
926
882
880
886
892
934
924
920
880
880
902
910
884
910
892
870
886
896
880
902
912
894
884
840
856
826
832
830
872
882
884
884
900
892
838
836
850
860
824
822
818
838
858
850
870
848
876
868
878
904
920
912
926
942
934
920
912
886
914
892
914
912
936
942
910
918
906
918
906
890
898
900
856
888
892
910
912
914
922
896
886
884
914
904
898
916
888
900
880
896
914
926
912
910
896
874
862
872
898
892
896
884
910
920
920
916
940
942
912
908
868
832
786
796
774
800
812
806
794
820
856
832
874
870
868
914
928
922
936
910
916
910
912
894
890
900
880
872
878
880
896
876
884
866
882
866
874
898
866
862
870
864
836
830
844
858
880
864
854
874
878
890
898
900
898
902
854
858
866
822
848
848
894
870
842
816
824
804
838
854
838
870
860
880
900
912
902
886
864
876
876
894
886
882
894
892
874
868
850
840
844
862
864
856
866
906
880
890
870
872
916
950
960
928
932
932
906
926
898
914
912
924
904
894
914
888
852
868
848
848
852
870
892
902
886
908
902
946
944
938
936
948
950
926
916
916
926
916
906
868
868
882
876
864
858
896
886
874
896
924
932
950
912
932
938
922
900
870
884
882
916
910
900
914
924
944
940
942
938
910
898
914
902
936
938
930
930
914
936
904
906
920
926
904
908
914
934
926
932
902
918
902
868
852
870
896
918
926
882
884
856
872
836
834
824
850
848
