146
170
156
40
78
62
52
60
118
88
248
224
144
210
204
218
190
100
162
194
270
374
396
330
276
346
316
352
360
420
492
576
452
468
594
570
602
520
476
346
438
436
508
444
412
372
324
342
342
294
292
274
360
318
364
410
292
216
330
290
364
420
244
260
98
50
10
118
78
104
144
138
192
246
174
222
124
130
62
132
154
126
328
438
426
416
480
522
496
590
602
456
578
550
542
680
654
654
650
684
618
574
646
656
702
706
596
650
636
640
576
532
504
380
344
392
414
356
416
410
438
578
644
706
746
848
768
734
878
870
824
852
866
834
832
700
624
614
680
644
694
724
704
752
804
854
804
644
796
798
816
838
810
810
730
752
868
746
752
746
716
640
670
718
838
680
684
770
730
660
858
924
892
994
884
988
810
780
762
844
838
884
796
902
950
818
804
742
748
770
774
764
694
694
886
856
782
728
712
806
858
864
832
830
852
888
966
980
884
824
920
888
914
966
1000
952
976
958
988
1094
1116
1084
1012
922
916
938
1040
1032
936
880
866
708
770
890
916
928
950
976
996
1016
1030
1176
1030
1032
974
944
818
878
890
886
956
934
1014
1008
992
1148
1136
1120
1058
982
1018
1082
1030
950
1074
1032
1050
982
1004
1052
1020
994
1016
1004
952
934
870
1002
836
854
820
830
768
756
814
796
916
798
864
890
832
894
904
790
714
650
610
634
610
640
700
532
472
486
550
550
534
658
540
606
666
646
694
676
774
742
738
624
710
660
632
726
756
732
742
806
876
976
988
1016
1006
1012
978
920
956
900
810
794
884
852
902
854
882
910
908
906
864
754
794
718
740
730
662
592
688
746
726
584
644
616
648
678
684
688
674
704
690
544
546
366
336
318
324
404
436
432
430
544
422
344
340
314
320
300
250
272
224
200
92
156
146
126
122
146
122
118
156
182
224
138
98
218
168
76
112
24
92
86
122
146
158
104
84
74
140
170
102
210
292
344
364
494
416
452
424
494
404
286
316
306
258
272
308
312
314
230
254
314
302
394
370
314
274
270
254
220
244
202
186
122
190
198
202
218
380
448
404
284
444
412
402
410
366
478
444
334
184
222
138
194
66
30
36
116
158
108
140
208
190
180
178
172
92
168
150
130
42
80
12
42
172
78
148
120
32
130
86
14
154
134
98
6
56
168
72
154
196
304
368
432
412
362
258
300
328
298
186
198
124
126
72
36
96
4
114
94
128
222
278
316
368
354
322
366
442
450
368
464
490
368
260
220
266
286
284
290
250
312
112
34
60
38
28
30
90
174
52
64
68
6
4
0
6
80
70
48
90
26
118
96
32
102
124
136
222
196
212
218
186
262
278
212
232
214
276
254
250
256
306
336
446
332
416
428
440
388
400
434
450
418
418
230
112
42
68
30
28
44
162
210
178
176
58
38
26
0
4
10
72
66
72
112
200
82
32
36
12
36
136
66
88
116
90
12
114
10
42
86
42
40
38
4
44
118
128
72
84
50
76
66
32
64
6
44
116
64
14
6
60
70
22
24
174
210
292
182
226
268
290
296
362
386
470
506
570
458
534
450
364
388
348
326
218
136
24
144
58
88
192
226
174
254
436
382
346
298
318
232
290
374
406
358
262
306
264
136
88
92
90
104
262
234
218
194
254
100
228
272
330
240
284
160
90
150
46
182
256
222
174
110
208
152
76
8
22
38
54
60
24
16
110
70
14
36
26
86
62
48
110
28
26
92
90
148
158
64
26
26
6
70
86
22
60
128
168
104
30
22
64
154
66
134
116
164
192
298
302
370
438
482
366
378
482
612
626
602
630
546
538
348
458
576
616
604
620
734
702
706
622
422
362
402
368
282
210
316
328
310
290
200
230
210
212
164
66
4
34
70
26
84
96
64
18
96
342
322
392
456
454
422
272
214
152
240
242
246
346
344
414
494
512
448
526
476
482
508
510
592
552
622
546
452
396
340
304
260
246
136
144
82
90
42
86
34
80
94
230
150
146
206
222
218
216
210
198
54
76
60
174
82
46
82
84
126
76
112
104
10
102
150
66
54
164
90
176
256
398
374
372
412
384
444
422
462
506
454
394
370
332
308
180
352
438
406
384
334
376
424
448
392
344
302
310
314
258
340
338
290
216
160
92
10
52
28
24
78
92
134
80
56
38
50
110
130
98
172
172
170
164
106
146
172
48
4
36
50
82
128
24
44
88
86
118
192
202
212
104
192
112
110
40
74
32
120
80
32
70
114
164
318
332
368
416
388
374
440
422
464
234
230
240
272
368
468
338
250
146
176
194
220
284
236
236
228
252
268
146
60
30
68
6
92
142
104
10
32
86
96
274
340
320
230
204
118
222
216
74
6
42
32
130
192
136
198
198
122
64
50
22
28
62
96
64
12
72
168
132
88
18
4
62
26
10
4
28
66
200
60
112
150
88
238
42
172
262
290
270
376
340
318
252
234
166
244
280
212
254
358
406
320
232
230
196
158
112
66
26
224
314
420
294
302
152
188
220
166
108
102
146
2
72
64
22
30
42
2
162
20
94
32
110
80
16
68
26
62
26
44
122
204
258
280
284
192
204
220
250
180
188
164
76
64
84
24
70
28
8
64
76
10
114
144
132
192
212
224
280
380
232
196
164
296
226
296
272
306
228
162
228
276
298
300
240
226
228
218
172
114
32
82
26
82
154
150
200
200
330
356
348
364
262
198
214
230
280
228
170
198
86
86
106
76
78
108
68
124
158
242
256
264
350
370
360
382
368
388
362
400
444
578
492
532
424
398
410
254
346
384
396
498
502
436
390
394
488
516
528
556
588
622
546
548
426
464
448
534
324
256
208
244
218
234
306
294
308
334
210
206
148
54
20
22
78
2
116
272
298
294
300
328
292
246
254
116
122
108
216
212
88
54
190
312
286
276
188
144
248
182
248
188
272
250
184
120
226
260
384
244
324
194
314
212
198
354
368
382
362
326
302
234
234
340
372
524
534
572
606
684
622
642
598
614
694
610
646
686
780
850
916
830
828
836
816
780
754
662
716
660
624
676
682
654
622
552
538
506
588
596
722
648
694
764
798
912
926
894
822
812
708
670
668
674
624
570
552
618
518
420
396
348
454
498
390
318
314
396
240
278
376
374
370
386
320
428
332
360
520
654
684
710
698
780
750
680
654
650
754
714
792
844
742
840
688
792
820
926
880
870
868
800
748
706
684
616
774
654
610
592
518
510
398
390
404
374
442
426
404
376
380
408
306
214
256
310
220
300
348
462
428
288
122
6
34
90
58
126
142
222
244
214
194
320
322
294
274
220
182
104
92
34
90
32
8
46
102
78
10
58
32
12
46
156
176
180
50
16
94
186
148
150
70
132
34
16
32
8
36
68
168
174
156
170
190
72
140
102
12
60
48
94
62
110
114
84
74
112
124
32
4
94
170
74
106
164
142
192
128
84
64
30
72
36
80
26
114
24
70
16
78
154
134
110
114
254
260
256
292
298
266
232
238
228
326
394
386
248
230
234
164
318
220
354
302
378
398
562
632
710
710
632
568
676
602
756
762
650
610
670
706
570
604
618
652
556
736
760
856
824
806
690
706
540
512
522
530
482
362
300
128
84
34
26
82
122
180
102
238
288
246
376
440
382
320
240
212
232
212
160
172
198
208
202
232
290
256
296
324
384
388
400
298
384
322
264
278
268
88
120
108
156
172
66
28
66
6
20
36
116
102
174
110
132
120
332
368
480
552
604
518
560
480
470
388
366
310
378
440
300
276
402
464
458
404
430
440
494
464
534
480
530
494
672
514
484
518
358
224
210
256
132
6
40
38
14
68
86
28
164
142
132
160
116
106
58
38
86
82
58
14
22
86
200
46
62
76
184
174
174
60
80
10
36
12
34
148
180
76
76
162
148
354
308
448
406
296
352
318
346
292
364
386
540
528
586
556
588
496
558
520
444
494
478
492
662
790
716
630
576
536
390
330
360
302
370
378
268
366
398
312
384
374
414
480
662
676
618
542
760
768
808
738
752
780
772
658
662
654
690
684
730
748
704
786
846
872
1032
1018
954
1048
1012
1036
1012
964
926
982
920
864
910
1098
1040
1028
1068
1144
1086
1318
1294
1270
1308
1192
1220
1068
1018
970
958
832
962
866
876
834
858
864
876
856
862
810
764
790
708
824
854
684
716
628
564
612
706
718
624
670
656
636
672
764
844
948
862
800
662
738
688
806
876
836
768
766
908
790
684
586
500
522
528
648
510
576
664
626
722
614
624
706
560
410
380
500
512
412
452
582
598
490
400
466
434
408
412
398
334
320
266
312
232
194
108
110
98
170
192
270
220
258
352
278
248
238
334
310
126
232
88
64
72
58
2
76
76
148
164
104
60
32
58
52
6
22
136
112
164
234
266
202
82
14
26
40
80
54
16
60
76
136
106
84
100
80
66
30
44
56
136
230
200
166
284
332
274
266
334
334
314
232
280
304
328
330
484
504
468
356
320
288
274
368
356
340
288
322
340
292
214
314
288
390
256
150
278
130
200
114
98
46
54
180
128
62
202
100
18
32
60
48
28
36
106
48
82
14
114
142
178
