398
416
342
442
552
416
436
426
466
392
374
382
318
296
368
398
476
500
416
390
490
582
736
706
756
726
754
846
702
788
814
862
856
732
746
842
878
838
918
904
884
874
988
1102
1080
1082
1098
1110
1170
1084
986
934
982
970
874
804
852
770
878
956
884
824
840
808
824
878
936
908
984
944
942
906
918
934
950
904
854
792
658
702
668
744
766
674
752
694
792
718
716
556
504
544
520
442
516
664
648
616
648
726
758
768
610
498
356
408
220
196
318
442
388
418
448
476
370
434
462
542
520
514
520
468
532
438
384
350
384
486
376
414
306
264
270
340
336
370
262
372
382
506
528
588
560
606
530
378
430
462
588
602
560
600
550
462
374
330
260
326
462
522
464
496
480
472
524
448
606
522
530
476
514
538
546
490
486
372
626
628
638
594
534
534
566
496
612
676
646
624
592
616
740
806
770
732
780
686
700
680
680
576
540
636
490
544
582
674
700
574
540
490
562
608
554
540
450
400
438
452
336
332
426
456
474
512
590
576
528
482
378
376
294
358
308
336
320
308
314
324
204
196
224
166
106
128
152
332
364
386
364
412
440
346
232
356
344
350
264
316
460
470
368
348
310
266
208
200
72
126
132
128
116
120
90
74
22
154
106
180
160
156
80
40
28
62
94
128
78
64
116
192
202
178
224
222
304
336
314
362
462
476
550
558
590
510
558
552
434
318
198
118
56
112
66
92
30
22
118
48
74
132
174
258
360
316
396
368
286
260
328
434
394
384
448
378
320
342
216
182
56
108
96
10
2
2
52
138
4
82
324
338
364
334
464
446
558
600
540
586
568
590
652
724
756
782
902
974
996
1178
1168
1054
1176
1086
1126
1078
972
1022
1066
1188
1228
1206
1226
1306
1418
1238
1260
1296
1354
1386
1384
1370
1398
1448
1546
1590
1594
1690
1582
1526
1594
1566
1684
1674
1728
1710
1654
1664
1596
1530
1486
1358
1442
1458
1472
1432
1498
1380
1296
1406
1386
1396
1312
1368
1494
1448
1492
1434
1390
1360
1350
1316
1412
1358
1348
1336
1336
1176
1254
1240
1304
1250
1286
1308
1338
1300
1374
1336
1330
1264
1288
1326
1438
1404
1396
1406
1416
1370
1394
1280
1242
1312
1348
1478
1434
1420
1308
1380
1354
1204
1200
1070
1140
1102
1160
1156
1194
1160
1170
1198
1108
1084
1008
986
1004
1022
998
902
872
856
750
770
792
788
718
650
602
766
704
652
700
718
760
842
790
764
866
742
854
810
926
982
984
928
894
970
1014
1028
948
930
966
836
758
740
812
936
1050
1048
1042
1034
1098
1008
1058
1120
1168
1144
1072
1160
1144
1248
1248
1224
1106
1014
1066
1028
972
926
1102
1008
1020
916
1008
1068
934
932
946
980
910
794
780
788
786
784
762
676
638
630
518
618
560
456
520
506
432
374
358
452
470
486
570
478
498
564
556
478
546
708
780
884
940
854
734
724
634
688
688
600
586
610
660
714
814
760
894
898
920
868
976
986
908
932
818
864
852
796
792
704
768
700
656
876
900
950
860
904
924
1020
966
944
938
936
1002
964
1038
1084
896
802
718
782
682
606
450
542
506
494
518
380
268
338
252
272
352
418
320
328
372
310
278
350
366
244
332
284
106
114
88
58
98
198
138
66
174
134
114
28
114
212
144
128
184
118
126
270
214
184
182
454
428
414
366
404
520
424
506
496
506
582
518
632
584
704
724
662
644
602
690
714
630
786
742
812
746
788
834
858
896
950
864
818
904
870
892
962
946
864
748
722
624
720
762
692
650
590
638
522
568
578
636
706
732
638
692
672
690
708
798
850
848
948
930
1036
1032
948
924
924
958
920
792
730
780
684
802
868
926
910
1028
984
966
914
990
1124
1118
1066
1048
1028
1176
1098
1068
1092
1138
1182
1190
1184
1098
1186
1226
1276
1238
1246
1134
1196
1162
1282
1310
1314
1324
1348
1340
1330
1370
1344
1274
1208
1308
1272
1178
1076
1100
1156
1166
1082
944
896
840
922
816
720
848
942
858
854
870
942
996
968
1056
1056
1182
1172
1208
1142
1054
1052
1088
1048
1202
1140
1054
996
1020
1022
1018
898
850
742
678
702
658
724
776
792
744
782
796
836
746
708
910
992
930
862
912
940
906
778
744
590
678
692
610
594
464
662
570
628
600
596
598
564
542
526
540
452
548
636
696
772
780
772
708
568
438
350
252
334
238
270
210
242
200
140
136
192
194
92
100
126
254
332
386
420
492
564
592
604
648
592
596
558
634
656
592
452
622
630
692
604
562
474
432
498
400
422
578
528
538
558
544
534
534
534
680
730
900
756
802
732
672
630
594
458
456
570
610
694
740
738
714
776
910
926
884
692
654
584
646
660
708
572
506
422
500
512
552
608
464
578
520
562
508
624
652
704
744
760
766
772
720
890
920
914
948
904
942
992
1026
1114
1136
1040
954
1032
994
922
944
1024
990
1006
1096
1178
1104
1136
1216
1186
1120
1038
1102
1022
1012
1048
1054
1032
1144
1130
1012
1162
1186
1130
1022
924
842
962
930
884
840
940
894
846
782
782
806
872
880
920
978
900
744
842
758
674
704
820
800
812
828
884
854
816
770
828
742
790
816
782
722
714
816
742
700
758
874
868
900
822
682
612
516
550
616
530
518
566
504
514
532
524
504
430
572
524
572
554
500
474
332
300
242
212
172
82
114
144
306
322
450
490
522
484
478
320
268
242
322
404
320
408
398
466
440
580
606
586
598
556
488
540
618
540
432
338
518
410
396
376
424
438
394
378
314
328
420
486
530
332
246
282
360
436
418
464
422
470
470
460
530
486
584
562
556
590
526
558
616
700
572
494
514
372
420
322
308
420
332
214
288
340
312
280
216
306
298
270
234
266
112
58
8
32
34
52
22
44
84
88
42
76
38
28
90
16
106
194
302
398
520
408
382
416
338
242
342
390
488
454
422
326
418
342
382
364
298
368
340
556
580
514
484
422
438
516
550
550
506
512
558
518
580
710
698
562
556
540
594
406
378
332
374
358
232
216
242
314
388
364
344
424
446
384
454
484
354
464
338
238
150
200
286
240
226
318
280
248
248
188
204
236
202
272
264
338
264
238
224
328
332
306
346
308
276
262
292
196
142
208
286
326
330
390
354
286
272
350
362
334
352
336
140
190
168
114
120
6
80
126
116
24
94
152
198
236
160
146
196
140
94
178
212
146
188
110
130
162
226
196
222
304
420
412
348
414
488
538
536
442
410
412
322
272
298
246
234
190
146
186
66
6
94
140
136
8
56
40
134
16
10
34
112
102
166
62
34
118
102
90
40
92
84
170
238
24
20
128
144
64
66
76
44
18
86
2
64
62
250
256
150
178
300
332
294
270
288
130
186
118
76
34
156
254
264
270
226
236
160
262
286
308
438
362
430
428
398
446
414
512
568
592
614
564
500
430
432
334
376
402
356
374
394
306
138
108
150
170
72
108
158
180
198
262
200
194
86
164
78
8
46
38
12
90
90
114
42
98
44
148
152
252
298
294
232
290
186
222
408
364
328
250
350
366
250
326
256
286
266
234
314
292
252
330
378
560
582
582
550
532
506
472
422
448
490
540
646
582
576
660
592
660
640
620
618
534
626
592
594
536
580
490
466
428
342
402
404
398
428
360
326
352
506
556
584
504
570
600
620
624
640
724
720
696
642
590
602
706
800
780
794
820
754
852
870
920
896
892
894
872
896
1002
1002
1022
990
898
780
836
832
886
782
886
844
856
844
882
950
1012
1044
1006
1140
1172
1226
1288
1184
1054
892
860
848
792
792
780
800
872
854
878
838
878
944
926
942
786
788
798
748
862
746
732
686
598
562
512
496
448
542
456
474
532
590
522
398
464
420
448
432
444
322
358
282
356
328
242
100
20
68
4
10
58
64
92
110
176
134
196
294
250
276
250
146
260
170
156
176
234
296
328
406
468
540
660
596
626
660
586
564
672
760
774
728
750
666
676
656
734
696
696
824
732
646
560
672
704
664
774
740
802
984
1090
1078
992
886
786
686
476
426
276
278
266
222
282
358
428
340
364
352
404
408
434
400
370
366
342
356
318
316
332
292
296
342
354
382
338
376
282
282
244
294
304
224
166
164
84
46
94
32
28
4
88
76
162
224
258
212
302
424
354
392
424
498
560
568
544
410
418
412
428
388
328
364
364
410
528
410
592
516
442
424
456
534
602
654
670
716
706
684
694
680
704
742
828
842
886
796
776
790
898
878
802
876
834
884
876
912
808
778
744
802
698
586
620
604
714
760
868
844
790
818
808
774
934
970
992
1070
1186
1246
1338
1334
1240
1048
1008
994
1034
986
982
888
798
770
750
726
724
790
786
832
964
918
946
1060
1096
1082
1170
1120
1132
1042
998
972
1076
1212
1264
1218
1062
1068
994
1030
994
862
926
992
996
1016
1066
1058
1132
1012
962
1094
1040
1056
982
1092
1148
1090
988
1030
982
878
856
854
928
874
734
752
742
740
734
810
812
774
734
748
776
776
856
920
960
1006
932
836
894
922
938
952
944
994
938
856
830
842
734
654
730
552
472
458
514
534
550
570
560
468
430
490
500
410
382
442
474
376
400
342
502
526
490
488
568
558
508
470
448
406
406
446
464
458
408
426
454
502
494
342
460
506
502
428
420
354
406
400
558
438
326
394
384
276
298
374
304
326
320
224
196
140
68
104
178
130
216
294
210
296
352
390
468
484
510
504
356
248
188
144
180
34
94
34
24
42
8
8
70
84
30
64
178
184
160
200
134
254
222
