5164
5092
5112
5190
5330
5168
5180
5098
5002
4980
5044
5032
5198
5216
5098
5162
5138
5216
5018
5008
4852
4858
4968
4932
4766
4664
4684
4902
4886
4862
4942
4858
4832
4888
4642
4572
4596
4560
4646
4606
4608
4576
4512
4534
4520
4700
4720
4554
4472
4442
4536
4572
4648
4722
4690
4750
4814
4614
4650
4594
4550
4432
4352
4404
4358
4412
4576
4378
4460
4556
4574
4660
4686
4756
4840
4766
4784
4814
4784
4748
4822
4832
4900
4858
4890
4928
4758
4686
4762
4934
4846
4786
4844
4808
4844
4814
4854
4798
4738
4866
4720
4664
4740
4724
4728
4746
4638
4698
4806
4720
4898
4868
4880
4812
5018
4994
5122
5098
5002
4912
4770
4718
4690
4736
4842
4648
4672
4682
4754
4750
4866
4782
4720
4730
4842
4814
4712
4560
4500
4298
4404
4488
4596
4532
4446
4470
4344
4254
4278
4322
4312
4262
4340
4390
4388
4264
4240
4180
4168
4152
4012
4004
3918
4012
4106
4094
4150
4158
4226
4118
4172
4186
4118
4130
4094
4092
4104
4002
3984
3958
3888
3808
3864
3954
4014
4008
4048
3874
3780
3868
3814
3842
3916
3880
3930
3958
3846
3762
3708
3840
3896
3992
4098
4190
4042
4064
4022
4026
4004
4006
4070
3936
3950
3954
3924
3922
4088
4010
4014
3886
3814
3694
3788
3798
3798
3870
3742
3642
3502
3490
3596
3536
3516
3410
3306
3434
3424
3342
3368
3476
3588
3616
3686
3642
3720
3730
3656
3778
3752
3892
3918
3982
3986
3930
3966
3940
3924
3962
3930
3830
3834
3764
3738
3752
3750
3704
3738
3786
3688
3774
3668
3620
3516
3402
3262
3294
3348
3520
3532
3556
3570
3536
3646
3604
3654
3734
3692
3730
3710
3726
3678
3602
3758
3728
3866
3730
3594
3514
3622
3436
3406
3554
3496
3328
3282
3270
3388
3404
3360
3488
3404
3456
3336
3422
3410
3348
3338
3348
3390
3242
3470
3404
3452
3522
3402
3422
3472
3456
3448
3360
3328
3318
3274
3284
3228
3098
3208
3346
3452
3454
3226
3252
3306
3304
3312
3348
3354
3414
3486
3474
3392
3370
3202
3328
3414
3480
3394
3348
3432
3322
3158
3082
3104
3052
3088
3018
2898
2882
3070
3090
3010
2842
2874
2796
2782
2722
2750
2592
2588
2616
2538
2516
2372
2380
2420
2394
2232
2106
2032
2098
2250
2270
2206
2116
2212
2302
2424
2256
2294
2092
1988
1942
1850
1884
1910
1864
1870
1750
1902
1980
2038
2374
2442
2414
2514
2514
2560
2690
2648
2626
2648
2796
2842
2916
2900
2968
3012
3044
3060
2958
3028
3144
3182
3200
3196
3086
3114
3182
3046
3136
3226
3202
3212
3262
3376
3148
3144
3150
3130
3196
3280
3304
3302
3186
3422
3364
3436
3506
3384
3302
3396
3378
3384
3412
3448
3506
3596
3486
3516
3538
3636
3658
3576
3634
3598
3458
3530
3606
3578
3584
3698
3814
3754
3710
3674
3576
3504
3538
3614
3672
3666
3808
3698
3584
3494
3574
3700
3904
3892
3778
3918
3986
3810
3740
3796
3764
3786
3760
3796
3768
3782
3760
3730
3672
3798
3778
3730
3622
3658
3644
3686
3690
3718
3776
3936
3852
3866
3944
3860
3880
3954
3954
3928
4170
4040
4120
4194
4208
4236
4322
4250
4190
4204
4156
4286
4252
4392
4476
4362
4326
4472
4502
4444
4422
4372
4502
4452
4246
4172
4204
4212
4266
4298
4218
4266
4192
4154
4092
4030
3918
3874
3940
3958
3938
3828
3816
3908
3914
3788
3970
3872
3984
3888
3972
4068
4194
4148
4204
4312
4430
4316
4320
4270
4178
4272
4224
4246
4276
4334
4292
4182
4254
4286
4298
4318
4158
4016
4176
4144
4066
4076
4194
4192
4084
4082
4014
4014
3942
3924
3954
4050
4144
4088
4008
4034
3904
4068
3996
3992
4092
4130
4002
4042
3994
4050
4006
4076
4074
4192
4094
4094
4036
3928
3932
3946
4068
4060
4068
3956
4082
4174
4264
4298
4230
4222
4368
4398
4312
4190
4056
4224
4182
4240
4232
4074
4158
4272
4154
4288
4332
4324
4362
4452
4412
4434
4462
4422
4304
4412
4374
4348
4314
4340
4188
4368
4392
4526
4376
4354
4364
4432
4408
4390
4324
4152
4258
4272
4338
4216
4174
4232
4002
4006
3938
3904
3994
4094
4172
4222
4154
4178
4212
4192
4256
4196
4182
4076
3996
4078
4148
4346
4458
4480
4532
4568
4656
4572
4580
4500
4538
4684
4670
4676
4762
4714
4700
4658
4660
4684
4658
4626
4424
4454
4352
4342
4324
4416
4368
4394
4464
4512
4654
4672
4638
4768
4722
4764
4740
4494
4426
4290
4296
4180
4172
4232
4346
4284
4268
4280
4300
4280
4290
4232
4284
4336
4384
4370
4344
4538
4536
4496
4454
4508
4412
4408
4562
4418
4414
4454
4504
4584
4690
4648
4708
4666
4620
4642
4520
4502
4434
4474
4386
4348
4334
4310
4300
4230
4222
4236
4294
4168
4146
4106
4092
3940
4012
4046
3978
4052
4276
4272
4320
4240
4354
4416
4362
4436
4448
4436
4352
4348
4360
4288
4164
4236
4224
4300
4300
4316
4280
4352
4338
4542
4506
4482
4452
4492
4534
4534
4570
4606
4524
4548
4722
4574
4568
4654
4822
4770
4758
4826
4896
4796
4860
4782
4736
4830
4756
4722
4638
4606
4732
4582
4634
4584
4586
4584
4522
4566
4586
4482
4472
4536
4678
4796
4786
4780
4752
4714
4568
4538
4624
4670
4782
4724
4790
4870
4870
4860
4650
4832
4686
4764
4688
4674
4656
4714
4584
4586
4618
4652
4506
4418
4402
4504
4650
4550
4554
4578
4520
4524
4540
4562
4632
4654
4734
4612
4700
4754
4760
4756
4748
4868
4906
4996
4860
4742
4640
4602
4542
4608
4584
4568
4534
4434
4370
4442
4500
4528
4630
4550
4610
4552
4604
4664
4672
4908
4876
4908
4854
4924
4878
4750
4740
4622
4748
4736
4726
4586
4470
4668
4594
4678
4636
4628
4746
4714
4572
4494
4652
4660
4570
4792
4928
5014
5034
5104
5144
5224
5226
5258
5260
5242
5180
5160
5090
4950
5008
5024
4978
4926
4890
4876
4954
4928
4972
4916
4858
4950
4956
5016
5142
5350
5368
5418
5522
5404
5450
5448
5462
5344
5286
5172
5102
5190
5266
5254
5240
5142
5072
5052
5008
4964
4936
4852
4982
4980
5110
5144
5146
4998
5166
5180
5104
5150
5158
5248
5340
5148
5134
5080
5076
5068
5098
5130
5154
5116
5038
5168
5234
5156
5186
5206
5300
5188
5020
4936
4940
4962
5096
4938
4896
4894
5030
5118
5226
5200
5180
5110
5198
5116
5080
5136
5186
5224
5214
5278
5390
5370
5428
5424
5474
5508
5478
5474
5516
5410
5502
5444
5438
5440
5446
5460
5614
5560
5570
5634
5492
5442
5390
5486
5596
5650
5746
5772
5798
5804
5724
5836
5914
5858
5902
5992
5800
5794
5674
5628
5454
5448
5364
5480
5412
5508
5534
5506
5352
5474
5442
5618
5654
5708
5780
5814
5794
5872
5722
5724
5800
6062
5986
6026
5884
5908
5948
5952
5942
5770
5710
5648
5692
5736
5694
5672
5766
5696
5886
6072
6052
6182
6100
6186
6112
5924
6040
6052
6050
6030
6124
6258
6222
6226
6198
6210
6128
6110
5930
5996
5952
5942
5900
6020
5940
5916
6014
6166
6044
6130
6150
6086
6164
6172
6140
6232
6128
6072
6000
5966
5754
5648
5690
5896
5844
5852
5804
5842
5914
5814
5866
5774
5718
5792
5742
5776
5696
5760
5776
5876
5940
5940
5988
6126
6132
6082
6052
5980
5886
5882
5962
6040
6112
6236
6320
6452
6478
6384
6356
6362
6450
6406
6418
6492
6470
6394
6382
6348
6488
6512
6488
6522
6500
6412
6476
6392
6302
6316
6440
6452
6424
6374
6334
6590
6434
6464
6476
6494
6374
6508
6622
6654
6666
6788
6668
6690
6716
6626
6542
6456
6430
6416
6228
6296
6232
6264
6338
6328
6152
6016
5998
6060
6032
6032
5998
6068
5986
5910
5900
5940
6034
6054
6120
6132
6124
6048
6010
6206
6108
5926
5880
5998
6120
6040
6080
6166
6122
6182
6186
6210
6168
6316
6310
6224
6230
6278
6282
6242
6266
6348
6304
6414
6402
6462
6300
6206
6202
6142
5988
5910
5970
6148
6088
6050
5996
6008
5972
5886
5844
5786
5772
5758
5814
5856
5910
5968
5968
5968
6046
6016
6046
6138
6060
6118
6070
6116
6196
6322
6372
6418
6328
6360
6360
6268
6270
6364
6362
6400
6564
6464
6354
6176
6160
6170
6170
6198
6142
6264
6228
6180
6126
6096
6166
6306
6372
6306
6242
6272
6364
6374
6444
6450
6446
6436
6498
6382
6458
6486
6370
6498
6274
6166
6086
5964
5996
5772
5806
5962
6022
6082
6146
6080
6192
6220
6188
6146
5950
6002
5928
6062
6066
6128
6102
6034
6052
6096
6162
6236
6296
6420
6234
6214
6206
6256
6268
6206
6214
6190
6204
6180
5996
5966
6052
6070
6006
6026
5904
5982
5950
6012
6104
6196
6206
6142
6088
6016
5956
5944
5942
5964
5922
5956
6000
6050
6140
6162
6174
6032
6068
6112
6142
5988
5956
5922
5906
5788
5804
5850
5760
5714
5570
5616
5542
5492
5502
5502
5504
5398
5254
5336
5412
5362
5256
5358
5364
5422
5384
5408
5350
5356
5540
5634
5588
5766
5744
5736
5510
5538
5644
5552
5476
5318
5164
5128
5282
5386
5276
5370
5376
5332
5346
5314
5320
5378
5348
5200
5228
5264
5256
5302
5172
5146
5136
5082
5104
5076
4978
4924
4866
5012
4904
4986
4948
4920
5070
5240
5148
5222
5148
5112
5048
4944
4902
4946
4860
4954
4884
4884
4828
4818
4756
4722
4610
4522
4476
4446
4398
4498
4546
4408
4420
4486
4456
4458
4568
4520
4496
4372
4418
4678
4600
4618
4712
4692
4680
4674
4672
4838
5036
5042
5050
4942
5030
5132
5046
4992
4780
4870
4742
4784
4754
4638
4686
4640
4612
4530
4608
4666
4524
4478
4594
4604
4542
4638
4522
4536
4474
4526
4594
4612
4706
4678
4730
4744
4708
4652
4646
4650
4730
4786
4768
5006
4978
4942
4950
4820
4786
4842
4924
4952
4936
5138
5140
5190
5114
5084
5190
5066
5104
5192
5210
5168
5162
5086
5010
5000
5078
5014
4794
4774
4870
4910
4880
4840
4854
4850
4804
4862
4830
4798
4990
4986
4922
4966
4850
4836
4636
4782
4836
4920
4894
5010
5148
5240
5116
5122
5082
5066
4976
5022
4896
5014
4976
5092
5166
5206
5252
5102
5238
5310
5322
5470
5318
5160
5122
5084
5138
5218
5388
5400
5338
5260
5132
5066
5180
5218
5180
5196
5152
5038
5080
4962
5000
5076
5040
5050
5124
5138
5078
5112
5260
5264
5304
5362
5336
5384
5310
5370
5314
5250
5334
5204
5270
5252
5268
5104
5036
5070
5120
5156
5278
5348
5422
5224
5184
5236
5276
5148
5122
5266
5320
5096
5006
4980
5182
5162
5170
5240
5170
5062
5134
5128
5162
5172
5272
5238
5294
5226
5252
5228
5202
5174
5028
5058
4904
4882
4976
4978
5060
5044
5092
5068
5252
5332
5320
5386
5414
5520
5486
5250
5158
5046
5080
5158
5322
5268
5154
5126
5204
5164
5136
5116
5188
5252
5250
5206
5306
5398
5388
5440
5534
5616
5740
5524
5566
5434
5622
5802
5772
5802
5876
5936
5920
5884
5826
5770
5742
5610
5634
5744
5732
5546
5444
5482
5608
5596
5662
5702
5720
5722
5786
5818
5760
5828
5832
5854
5814
5710
5738
5778
5668
5930
5990
5878
5910
5900
5968
6012
6058
6110
6120
5994
5952
5974
6118
6144
6058
6026
6020
5966
6146
6126
6086
6162
6120
5944
5878
5704
5764
5656
5726
5792
5886
5924
5912
5794
5772
5662
5564
5686
5742
5698
5836
5924
5962
6052
6060
6206
6058
6022
6016
6042
6160
6192
6132
6200
6130
6206
6092
6008
5912
5976
5988
6090
6176
6118
6020
5796
5606
5620
5558
5544
5540
5440
5540
5550
5574
5568
5618
5632
5626
5610
5558
5586
5660
5804
5844
5974
5764
5698
5684
5680
5730
5692
5816
5872
5858
5918
5824
5806
5860
5834
5886
5884
5948
6082
6060
5904
5858
5854
5804
5950
5784
5892
5774
5646
5652
5660
5636
5632
5704
5664
5630
