272
270
18
8
34
184
168
170
146
200
256
384
348
454
482
552
560
484
392
328
312
240
330
436
244
160
74
2
42
36
72
72
264
292
288
196
210
200
132
132
178
200
234
112
26
80
76
4
76
36
148
230
222
284
232
168
198
312
350
388
370
294
248
236
240
428
358
380
372
308
230
216
140
274
306
444
450
550
622
692
712
714
700
728
852
854
922
932
942
1024
1016
1186
1210
1120
894
976
848
968
928
742
716
814
964
804
658
696
862
816
900
884
736
738
722
808
676
802
648
656
570
570
502
402
700
884
820
776
784
684
822
752
624
656
650
700
804
836
896
976
998
1032
1024
1066
1006
1070
1100
1054
1026
1122
1164
1166
1160
1098
1040
996
1002
842
882
810
854
956
1010
1110
1004
968
822
776
668
864
560
428
508
574
530
548
394
332
264
344
388
312
334
408
450
490
448
506
332
434
556
476
376
350
476
548
746
912
850
984
968
872
672
686
616
668
616
472
596
540
460
422
678
840
672
662
630
628
350
330
446
300
144
134
32
34
46
60
44
70
122
170
110
70
114
316
296
310
232
280
306
292
256
278
360
162
322
278
290
184
120
10
194
192
236
166
142
196
260
196
214
276
178
226
162
280
334
252
432
428
346
78
18
38
0
224
348
304
280
494
348
376
450
480
298
284
208
214
144
124
30
220
404
536
700
748
702
780
914
784
836
774
828
800
822
994
790
880
1034
964
1126
1114
1182
1092
1238
1174
1264
1344
1334
1450
1440
1360
1474
1432
1410
1270
1300
1318
1442
1526
1564
1388
1462
1528
1692
1720
1758
1774
1862
1850
1932
2110
2194
2332
2134
2138
2146
1980
1988
2020
1990
1780
1860
1990
2018
1956
2024
1998
1976
1920
1904
1904
1852
1700
1674
1490
1548
1500
1432
1404
1386
1310
1342
1254
1324
1232
1282
1374
1432
1282
1318
1424
1522
1406
1524
1650
1610
1672
1604
1694
1902
1988
2056
2136
2144
2166
1956
2092
2060
2274
2212
2272
2254
2320
2284
2290
2154
2310
2188
2118
2210
2302
2030
1822
1758
1734
1770
1782
1742
1536
1460
1526
1416
1306
1340
1322
1186
1248
1174
1190
1056
974
1160
822
896
864
716
668
624
698
882
884
928
846
890
852
728
870
846
920
1082
1282
1308
1284
1392
1652
1606
1636
1762
1846
1914
2088
2112
2120
2142
2148
2210
2192
1994
1780
1622
1884
1888
2012
2068
1972
1980
1890
1878
1910
1826
1840
1732
1582
1440
1362
1474
1636
1622
1618
1626
1604
1554
1552
1466
1522
1498
1572
1660
1550
1644
1714
1954
2010
1886
1886
1902
1980
2048
1876
2026
1854
1962
2040
2146
2228
2124
2158
2380
2388
2452
2354
2188
2042
2122
2138
1934
2024
1926
1986
1970
1978
2020
2014
2010
2092
1952
2022
2042
2046
1952
1952
1966
1976
2116
2032
2124
2156
2306
2366
2482
2488
2404
2228
2368
2580
2526
2544
2590
2508
2418
2330
2432
2516
2602
2648
2622
2496
2646
2502
2454
2528
2536
2470
2476
2362
2358
2400
2414
2484
2460
2530
2470
2514
2662
2674
2566
2610
2712
2552
2684
2568
2484
2352
2302
2266
2230
2222
2184
2180
1964
1862
1862
1936
1724
1776
1790
1844
1688
1642
1542
1614
1524
1572
1552
1518
1346
1386
1406
1538
1470
1470
1524
1486
1248
1274
1208
1028
1074
1082
1132
1022
1016
994
906
794
934
1008
848
970
904
912
872
1050
1068
1202
1162
1096
986
976
840
800
838
798
630
734
728
566
546
448
444
552
404
532
602
544
478
396
402
368
524
358
224
76
148
190
332
504
528
578
454
462
352
426
432
470
320
428
378
322
364
248
0
100
110
268
418
320
242
258
236
306
270
220
498
628
514
586
548
564
594
640
492
612
638
864
1012
1252
1282
1382
1508
1488
1532
1416
1412
1394
1292
1268
1100
1062
1270
1306
1344
1462
1556
1438
1524
1592
1600
1688
1628
1550
1516
1252
1142
1186
1158
1202
1388
1356
1390
1334
1382
1476
1446
1498
1448
1454
1350
1374
1486
1558
1388
1348
1126
1236
1254
1442
1498
1578
1502
1478
1500
1462
1440
1222
1108
1160
1440
1364
1348
1246
1282
1168
1164
1304
1354
1144
906
802
650
778
624
656
538
602
584
600
774
704
628
568
534
508
630
536
638
672
542
522
436
378
326
304
354
378
472
528
556
710
792
794
766
846
900
1046
1032
1158
1400
1574
1506
1360
1386
1370
1354
1256
1236
1204
1122
1204
1208
1242
1370
1604
1586
1530
1548
1558
1498
1404
1322
1474
1558
1620
1588
1498
1578
1478
1368
1304
1378
1360
1470
1568
1624
1428
1314
1370
1448
1348
1394
1270
1096
1052
892
972
888
1056
1070
1268
1312
1354
1402
1458
1492
1776
1588
1680
1568
1586
1644
1838
1664
1652
1792
1886
2122
2060
1988
1994
1982
2086
2162
2206
2176
2110
2070
2228
2216
2220
2310
2322
2406
2304
2314
2232
2272
2162
2140
2012
2120
2128
1974
1810
1854
1906
1774
1682
1598
1592
1560
1632
1762
1962
1980
2108
2074
2120
2132
2138
1954
1826
1908
1644
1780
1828
1938
1866
1848
1692
1670
1584
1706
1556
1472
1510
1536
1364
1224
1208
1222
1026
1112
1120
1234
1114
1024
906
802
832
856
1014
920
808
726
892
1010
984
956
950
1168
1274
1176
1072
790
1022
1062
1120
1362
1268
1316
1224
1000
894
906
956
944
726
618
702
772
742
578
490
438
500
674
580
540
588
608
572
490
510
506
560
434
406
428
384
384
434
396
478
608
756
762
784
948
1016
1026
910
692
638
766
958
894
872
968
1026
1090
1100
1200
1136
1242
1160
1102
886
980
798
674
626
552
594
742
536
614
630
656
644
714
1000
1240
1328
1400
1314
1404
1444
1592
1494
1440
1128
1182
1340
1124
960
820
708
776
662
616
704
662
466
528
688
672
614
538
486
530
706
756
766
836
914
896
950
980
886
798
666
752
722
668
744
514
276
170
178
182
176
294
272
340
322
266
366
366
460
490
692
748
746
698
912
878
790
830
804
894
986
856
990
922
1010
918
1020
898
944
1040
912
954
1064
844
750
780
632
604
648
706
630
598
708
876
896
912
1056
1100
1046
1012
798
954
910
892
836
908
838
1052
1062
1046
768
740
784
786
744
816
908
880
876
1056
1002
1168
1264
1378
1582
1680
1488
1542
1658
1742
1798
1764
1796
1868
1864
1758
1690
1568
1610
1494
1488
1386
1344
1184
1274
1180
1492
1520
1672
1656
1500
1606
1440
1260
1320
1186
1158
1054
1016
1000
960
982
966
1018
1142
1192
1162
1024
1010
994
814
862
802
694
668
702
796
864
640
756
536
582
558
506
560
598
432
362
244
302
126
56
12
66
14
88
84
90
122
14
32
78
168
228
168
244
352
384
382
226
138
166
296
336
376
304
242
132
252
4
16
182
346
168
108
144
146
138
20
170
320
262
270
364
318
230
232
208
314
324
434
414
376
188
40
14
146
58
76
72
152
198
298
382
320
250
396
486
526
420
418
408
290
356
260
336
478
382
386
358
264
446
388
488
244
400
452
422
450
350
476
690
606
790
728
542
524
634
528
498
456
368
402
472
418
452
418
484
410
606
486
690
792
752
602
504
456
392
256
244
274
240
336
492
584
594
424
318
258
424
420
220
94
100
42
12
272
238
390
424
278
188
190
270
326
320
340
516
666
520
452
516
648
636
842
914
884
838
1000
882
966
802
900
918
908
860
902
984
852
892
842
650
652
486
528
492
520
734
634
664
762
842
1032
1066
1068
1066
1174
1076
820
926
992
1136
1258
1170
1246
1286
1228
1270
1258
1172
1194
1140
1060
936
852
806
734
688
590
424
212
182
126
112
302
216
306
192
260
236
144
178
166
78
32
122
234
286
148
74
64
2
30
22
24
44
84
44
22
24
90
118
90
170
166
484
492
424
420
344
198
308
292
130
200
194
236
110
178
168
168
190
124
126
156
12
106
226
390
354
356
244
192
174
72
28
12
64
152
48
146
158
242
338
376
450
784
946
1152
1136
1278
1306
1254
1266
1142
1254
1148
1152
1206
1098
1096
848
624
678
652
610
610
608
542
632
706
678
672
798
726
730
836
624
518
562
540
404
362
294
536
578
550
510
446
382
202
412
496
486
586
548
548
482
550
240
262
440
494
506
526
568
598
544
620
582
620
588
580
570
694
704
722
762
802
840
760
748
700
530
734
730
620
412
322
306
286
362
296
160
176
274
204
196
152
164
238
98
118
156
238
270
196
106
298
150
98
18
60
112
368
492
552
666
834
638
540
456
312
242
352
428
314
370
236
336
456
434
486
482
490
578
844
830
704
652
662
492
540
454
382
454
272
292
480
444
482
460
818
822
950
1000
982
1092
1044
1210
1290
1350
1338
1304
1166
1252
1196
1186
984
1168
1442
1238
1336
1314
1282
1288
1218
1442
1326
1498
1584
1620
1734
1570
1602
1686
1548
1576
1482
1444
1408
1576
1474
1458
1544
1566
1646
1668
1540
1612
1684
1580
1684
1776
1708
1776
1868
1728
1510
1520
1318
1296
1314
1532
1604
1590
1600
1484
1506
1600
1766
1508
1542
1488
1492
1454
1388
1358
1316
1398
1202
1082
946
906
850
994
1040
1084
1048
962
956
1064
1192
1258
1136
1082
990
868
1032
1144
1078
1068
1112
1106
1200
1182
1380
1348
1294
1214
1174
1102
1058
1006
1040
1010
1056
908
786
764
666
772
934
806
532
650
542
474
302
292
224
150
266
394
530
516
526
560
552
672
716
836
698
816
800
928
936
924
968
880
840
934
934
1050
908
1052
892
842
878
950
1078
1080
952
962
804
890
870
974
968
734
732
890
976
1050
1214
1024
826
910
692
844
842
740
606
658
762
648
546
548
512
272
342
266
292
238
234
352
324
304
390
364
276
264
258
224
338
344
450
482
358
516
564
510
314
314
300
262
474
390
376
272
264
294
104
26
122
34
200
98
166
2
128
36
128
302
216
256
496
422
300
350
224
66
66
6
56
120
174
138
68
198
184
218
42
88
214
84
152
256
394
534
638
700
646
560
746
622
386
200
174
144
8
26
68
34
110
98
144
200
370
280
318
100
4
6
122
68
216
270
276
220
48
124
32
86
26
56
40
100
150
48
176
190
74
272
362
242
244
292
250
228
368
332
314
238
376
428
494
252
416
442
400
