3220
3256
3254
3266
3236
3216
3264
3232
3184
3234
3282
3274
3276
3304
3218
3158
3190
3176
3190
3178
3222
3184
3200
3300
3352
3366
3336
3372
3386
3410
3388
3432
3416
3392
3484
3458
3388
3412
3436
3366
3398
3438
3440
3338
3316
3320
3334
3338
3366
3266
3348
3308
3326
3354
3348
3336
3320
3204
3168
3152
3188
3148
3120
3172
3236
3294
3316
3424
3406
3408
3288
3226
3170
3170
3136
3100
3114
3118
3052
3046
2980
2976
3016
3068
3098
3172
3210
3178
3178
3138
3174
3136
3126
3184
3284
3306
3334
3304
3274
3234
3234
3240
3260
3230
3298
3184
3156
3224
3234
3142
3214
3232
3202
3180
3126
3116
3078
3128
3054
3026
3076
3046
2984
2956
2958
3010
3016
3032
2940
2970
2990
3076
3042
2960
3000
2934
2950
2842
2858
2870
2890
2816
2920
2898
2916
2952
3008
2966
2982
3032
3080
3036
3098
3122
3146
3164
3126
3098
2988
3018
3004
3094
3100
3076
3100
3082
3064
3086
3078
3066
3064
3078
3118
3170
3186
3132
3202
3200
3172
3224
3210
3244
3240
3224
3254
3246
3188
3180
3196
3220
3200
3114
3128
3160
3188
3216
3304
3362
3392
3340
3326
3274
3164
3202
3156
3132
3214
3244
3324
3250
3240
3190
3230
3144
3120
3226
3224
3136
3196
3236
3276
3242
3290
3236
3238
3292
3322
3358
3342
3394
3460
3390
3394
3366
3348
3386
3360
3288
3306
3294
3310
3216
3298
3314
3330
3260
3256
3202
3254
3272
3244
3308
3284
3230
3180
3208
3156
3128
3068
3046
3084
3094
3062
3046
3060
2936
2890
2884
2922
2970
2928
2928
2918
2918
2988
3054
3056
3020
3036
3044
3020
3008
2966
3076
3142
3202
3184
3230
3204
3206
3218
3160
3176
3152
3084
3148
3166
3214
3154
3190
3186
3196
3132
3170
3214
3170
3204
3162
3164
3208
3248
3250
3192
3224
3262
3216
3208
3202
3290
3326
3304
3286
3242
3216
3256
3260
3242
3236
3284
3282
3320
3296
3284
3360
3386
3362
3260
3334
3246
3204
3166
3136
3146
3184
3238
3218
3230
3256
3330
3348
3384
3436
3468
3444
3400
3388
3360
3406
3374
3414
3448
3428
3394
3444
3402
3370
3348
3410
3476
3400
3442
3480
3404
3426
3382
3476
3440
3422
3412
3392
3480
3460
3422
3376
3424
3392
3420
3394
3380
3310
3308
3308
3386
3378
3462
3436
3348
3414
3422
3336
3410
3424
3400
3396
3466
3362
3388
3326
3386
3346
3338
3354
3328
3358
3338
3358
3368
3324
3290
3342
3320
3306
3314
3344
3268
3322
3320
3302
3286
3200
3264
3328
3354
3274
3252
3330
3360
3314
3290
3218
3286
3246
3270
3250
3230
3244
3278
3216
3176
3192
3180
3056
3086
3036
3080
3128
3156
3176
3204
3208
3196
3212
3190
3132
3086
3142
3164
3108
3150
3164
3178
3188
3254
3224
3176
3160
3172
3136
3134
3158
3138
3152
3140
3116
3134
3158
3170
3172
3098
3056
2986
3028
2964
2908
2946
2862
2818
2922
2882
2874
2872
2922
2928
2964
3052
3020
3050
3040
2944
2936
2934
2948
2822
2876
2874
2882
2942
3010
3018
3042
3046
3120
3110
3100
3068
3112
3050
3106
3108
3170
3158
3236
3266
3212
3258
3220
3264
3282
3228
3172
3166
3186
3234
3304
3302
3366
3404
3384
3372
3414
3394
3360
3338
3404
3436
3460
3488
3496
3466
3460
3486
3468
3444
3480
3440
3454
3468
3440
3340
3268
3302
3334
3286
3310
3202
3216
3138
3146
3152
3188
3132
3132
3154
3136
3142
3124
3140
3120
3132
3120
3120
3184
3226
3144
3130
3152
3124
3044
3058
3122
3124
3054
3112
3140
3168
3224
3262
3208
3176
3172
3252
3132
3132
3202
3152
3104
3162
3240
3204
3250
3218
3254
3188
3134
3148
3110
3174
3202
3220
3176
3144
3116
3084
3102
3092
3092
3158
3144
3274
3294
3302
3310
3318
3286
3328
3328
3296
3292
3314
3278
3298
3320
3234
3236
3296
3264
3346
3396
3376
3342
3306
3338
3356
3392
3400
3364
3378
3382
3382
3456
3422
3374
3414
3420
3418
3384
3384
3428
3410
3324
3368
3444
3422
3430
3412
3436
3402
3374
3342
3328
3290
3330
3344
3306
3192
3222
3234
3240
3170
3164
3116
3168
3122
3150
3160
3124
3114
3138
3146
3136
3154
3186
3198
3264
3302
3266
3314
3346
3266
3296
3284
3254
3180
3200
3230
3214
3212
3126
3176
3124
3090
3140
3136
3164
3204
3174
3190
3220
3244
3340
3288
3252
3302
3324
3324
3334
3340
3208
3118
3110
3140
3212
3180
3150
3146
3200
3174
3092
3110
3156
3186
3088
3080
3032
3036
3126
3102
3120
3120
3168
3146
3130
3114
3120
3098
3080
3068
3080
3068
3138
3134
3134
3150
3068
3078
3068
3172
3270
3232
3166
3180
3240
3214
3226
3238
3280
3320
3264
3180
3160
3180
3140
3218
3230
3164
3186
3188
3178
3162
3204
3172
3244
3234
3294
3288
3342
3264
3282
3300
3234
3334
3354
3320
3298
3300
3348
3376
3348
3388
3356
3372
3360
3364
3364
3402
3432
3414
3440
3392
3392
3380
3426
3342
3348
3424
3460
3452
3476
3440
3492
3498
3516
3486
3456
3362
3340
3328
3348
3374
3430
3484
3396
3294
3320
3322
3298
3278
3342
3290
3222
3280
3294
3366
3420
3398
3476
3404
3390
3404
3458
3460
3460
3420
3396
3408
3460
3496
3470
3446
3466
3516
3446
3448
3402
3378
3364
3438
3358
3336
3424
3422
3428
3466
3450
3496
3408
3432
3424
3416
3402
3384
3386
3306
3294
3298
3276
3374
3454
3504
3446
3396
3356
3352
3322
3262
3264
3266
3282
3222
3284
3242
3282
3294
3292
3340
3374
3374
3378
3380
3354
3324
3294
3244
3222
3120
3108
3050
3068
3062
3082
3140
3224
3204
3162
3116
3066
3074
3046
3052
3078
3170
3036
3012
2986
3048
2986
3104
3104
3146
3098
3092
3102
3100
3058
3044
2980
3014
3166
3144
3126
3114
3148
3128
3078
3104
3082
3140
3222
3194
3202
3216
3156
3162
3244
3164
3254
3212
3244
3204
3208
3206
3206
3210
3172
3060
3032
3080
3058
2970
3026
3012
3010
2934
2964
3016
3032
3000
2972
3020
3098
3150
3020
3004
3024
2894
2858
2934
2934
2898
2888
2920
2884
2920
2832
2802
2714
2714
2826
2858
2858
2832
2748
2794
2826
2818
2756
2870
2830
2926
2906
2952
2920
2988
3012
3098
3138
3124
3118
3178
3174
3174
3304
3340
3292
3284
3272
3278
3322
3238
3194
3148
3140
3172
3212
3164
3192
3182
3178
3268
3312
3336
3288
3382
3390
3432
3388
3420
3472
3488
3426
3396
3452
3430
3416
3464
3440
3436
3426
3500
3508
3456
3396
3490
3520
3508
3486
3458
3374
3354
3314
3270
3378
3414
3422
3398
3344
3374
3294
3278
3276
3302
3310
3372
3430
3410
3444
3476
3476
3470
3498
3420
3366
3412
3398
3454
3432
3430
3402
3358
3390
3350
3344
3314
3336
3340
3336
3304
3316
3344
3276
3300
3322
3356
3336
3314
3280
3304
3300
3344
3346
3272
3266
3276
3228
3312
3330
3234
3244
3176
3136
3120
3090
3126
3136
3084
3096
3088
3080
3086
3058
3042
3032
3016
3126
3144
3080
3076
3046
3050
3064
3132
3118
3148
3224
3184
3248
3256
3172
3214
3196
3128
3166
3110
3118
3160
3200
3234
3178
3190
3212
3180
3166
3058
3168
3166
3214
3150
3156
3188
3244
3290
3366
3392
3432
3416
3370
3352
3268
3256
3244
3402
3310
3278
3264
3314
3308
3288
3252
3286
3272
3258
3324
3282
3340
3314
3250
3266
3282
3240
3266
3324
3300
3292
3276
3318
3328
3286
3252
3272
3286
3324
3300
3370
3354
3430
3488
3496
3408
3352
3330
3404
3368
3260
3170
3160
3134
3198
3266
3236
3238
3270
3170
3184
3220
3176
3222
3248
3202
3150
3080
3070
3002
3008
3120
3110
3116
3080
3112
3092
3156
3122
3098
3048
3054
3020
3046
3128
3062
3106
3142
3108
3080
3010
3004
3012
2996
3048
3082
3034
2960
2918
2906
2920
2972
2924
2912
2934
2946
3054
3050
3118
3042
3022
3010
2990
2918
2948
3018
3118
3116
3218
3150
3134
3142
3112
3126
3140
3194
3192
3242
3288
3256
3206
3300
3238
3286
3262
3202
3256
3314
3320
3290
3312
3280
3352
3330
3360
3294
3374
3376
3304
3338
3324
3370
3396
3388
3408
3410
3376
3310
3316
3264
3318
3376
3322
3304
3272
3296
3362
3348
3350
3362
3254
3288
3288
3330
3354
3362
3398
3376
3408
3380
3394
3448
3428
3398
3326
3342
3392
3388
3440
3342
3314
3372
3406
3398
3390
3384
3344
3276
3276
3330
3344
3326
3290
3226
3220
3162
3204
3252
3354
3338
3332
3302
3252
3262
3226
3260
3256
3228
3196
3136
3162
3190
3174
3220
3264
3238
3282
3294
3262
3226
3208
3220
3310
3302
3356
3364
3374
3390
3308
3270
3242
3244
3298
3356
3280
3354
3322
3336
3272
3224
3204
3204
3136
3160
3122
3240
3220
3240
3308
3264
3284
3328
3354
3348
3326
3314
3292
3254
3250
3256
3324
3338
3322
3296
3354
3336
3300
3228
3258
3326
3428
3502
3546
3480
3480
3414
3442
3472
3474
3480
3526
3526
3502
3450
3382
3372
3380
3406
3440
3516
3488
3478
3466
3440
3382
3328
3426
3396
3392
3386
3330
3342
3332
3290
3312
3254
3290
3246
3254
3282
3260
3204
3186
3122
3054
3056
3056
3112
3090
3078
3138
3216
3260
3278
3216
3130
3182
3160
3094
3128
3090
3088
3106
3132
3106
3066
3088
3114
3102
3176
3108
3194
3268
3280
3236
3192
3200
3166
3144
3172
3236
3166
3178
3236
3224
3306
3336
3270
3258
3288
3236
3250
3260
3246
3312
3382
3366
3386
3404
3388
3408
3366
3486
3522
3460
3468
3446
3456
3428
3370
3352
3336
3388
3288
3198
3162
3146
3062
3154
3138
3252
3226
3274
3198
3186
3242
3250
3224
3144
3168
3156
3248
3152
3172
3136
3204
3166
3154
3092
3146
3136
3140
3160
3072
3088
3058
3082
3136
3138
3188
3184
3196
3194
3112
2998
3008
3054
3074
3056
3126
3188
3194
3250
3248
3222
3244
3306
3294
3310
3336
3334
3316
3254
3312
3334
3280
3322
3400
3372
3484
3508
3476
3436
3418
3406
3390
3382
3384
3436
3416
3348
3322
3266
3230
3246
3280
3362
3358
3402
3404
3354
3260
3346
3278
3242
3282
3304
3326
3320
3372
3322
3280
3188
3204
3208
3188
3118
3070
3016
3064
3126
3190
3152
3138
3164
3208
3152
3120
3122
3118
3136
3148
3088
3060
3152
3188
3214
3286
3262
3214
3102
3060
3076
3112
3030
3026
3092
3076
3000
2988
2978
2994
3004
3030
3000
3038
2990
3084
3106
3110
3182
3142
3050
3034
2970
2940
2918
2828
2850
2880
3002
2970
2928
2970
3022
3034
3110
3120
3092
3064
3058
2974
2956
3132
3186
3138
3146
3186
3136
3122
3150
3188
3232
3214
3178
3252
3250
3298
3322
3368
3312
3340
3304
3244
3236
3236
3230
3132
3138
3122
3130
3060
3100
3112
3168
3116
3248
3270
3294
3316
3312
3370
3338
3314
3352
3304
3288
3204
3298
3296
3272
3262
3212
3186
3232
3208
3210
3208
3244
3196
3176
3182
3246
3228
3234
3340
3348
3286
3234
3184
3254
3218
3206
3238
3160
3176
3178
3176
3222
3238
3270
3290
3260
3222
3278
3310
3328
3322
3248
3204
3212
3210
3062
3120
3116
3166
3218
3220
3212
3312
3366
3386
3324
3220
3176
3136
3110
3206
3234
3268
3164
3214
3214
3180
3094
3080
3116
3114
3136
3080
3046
2960
3024
3054
3068
3036
3034
3096
3132
3070
3090
3006
2974
3000
3044
3028
3012
2986
3022
3010
2998
3026
3084
3030
2984
2974
3034
3092
3162
3178
3170
3098
3188
3126
3130
3174
3136
3092
3044
3024
3004
3016
3040
3044
3162
3198
3166
3122
3116
3112
3120
3078
3074
3124
3180
3142
3206
3142
3162
3142
3174
3134
3136
3136
3194
3210
3270
3174
3260
3256
3276
3292
3210
3254
3286
3270
3322
3298
3328
3314
3254
3268
3200
3224
3230
3248
3228
3186
3222
3246
3222
3142
3214
3170
3188
3260
3216
3242
