358
550
512
488
366
352
190
24
66
78
244
306
46
26
104
52
186
256
196
114
100
172
134
6
28
106
120
398
378
534
548
492
450
272
112
88
48
254
426
682
574
650
444
384
450
484
324
378
394
352
518
528
490
546
472
468
500
656
754
738
1020
988
1010
828
680
748
558
572
438
662
702
928
896
908
780
698
816
798
810
790
632
538
620
562
536
418
718
996
1028
900
970
926
846
724
810
604
550
384
368
498
402
216
248
222
486
406
432
540
452
482
398
498
616
576
580
654
504
608
588
692
568
480
450
550
710
726
698
638
578
694
804
828
962
1052
990
886
1054
1216
1270
1268
1126
1134
952
1056
1166
1118
1020
978
1034
806
836
572
554
644
810
648
382
286
278
320
406
544
512
344
240
332
368
388
422
652
606
690
652
402
424
394
464
564
300
366
332
314
446
346
192
238
338
384
450
328
218
334
274
430
564
586
590
672
556
664
604
562
598
448
416
236
214
202
186
232
308
272
214
170
124
190
166
132
120
170
10
24
128
190
114
56
30
2
156
88
68
66
112
132
84
52
196
140
168
220
76
4
140
110
62
8
18
72
16
218
162
64
98
12
124
54
132
162
66
26
180
72
220
142
8
54
256
192
124
110
18
52
76
78
56
0
150
192
260
252
324
300
192
212
290
302
354
392
538
632
734
758
728
652
682
782
956
974
1034
746
740
636
624
774
926
1166
1146
830
856
876
868
1016
1038
1144
1096
1230
1142
1172
1144
1198
1222
1190
1124
1190
1096
1146
1042
1018
822
1230
1284
1162
1362
1346
1310
1214
1076
1132
1266
1018
1236
1328
1130
1070
1030
1118
904
812
766
716
674
714
618
566
532
450
536
428
476
420
466
436
488
464
348
196
150
68
26
202
100
38
8
128
272
268
188
174
50
22
54
136
104
18
76
66
98
62
6
18
54
156
74
80
112
54
8
50
36
76
26
102
138
78
54
130
74
130
120
10
66
54
176
102
280
160
14
110
24
62
28
74
36
100
40
174
232
318
426
396
348
276
540
678
604
582
526
532
578
620
606
552
320
452
478
436
402
464
636
406
380
378
368
314
334
276
206
284
230
50
4
64
36
112
10
138
52
200
176
120
40
114
96
254
336
378
550
706
590
612
650
488
404
326
462
486
422
378
394
390
342
550
656
712
704
820
698
628
646
608
504
556
640
832
922
932
910
810
820
654
800
746
754
688
636
692
736
728
688
752
668
856
748
870
956
1002
1138
1022
1026
1056
1170
1226
1186
1076
950
990
798
870
848
1068
1208
1076
996
1022
990
934
742
740
960
1070
1088
1154
1238
1290
1170
1168
1122
1152
1260
1236
1156
1304
1312
1464
1590
1620
1594
1624
1492
1414
1514
1694
1396
1426
1384
1246
1096
1062
1096
960
1070
964
924
686
552
426
670
672
736
590
816
780
798
682
402
378
338
458
482
390
182
514
252
216
344
334
532
418
348
230
258
190
192
154
156
14
154
278
246
452
558
488
616
704
790
758
878
834
900
1072
836
1126
1106
1320
1180
1032
952
826
846
764
882
966
972
1054
1024
1044
1022
1012
806
588
486
430
284
416
560
694
634
474
510
390
320
460
486
458
366
186
156
228
396
354
280
466
524
500
618
520
442
530
476
370
258
250
40
114
78
132
50
66
84
24
50
102
62
2
106
16
46
72
30
154
88
286
296
90
112
200
210
324
298
342
2
6
100
138
342
366
508
602
592
496
354
200
220
392
324
392
280
304
162
358
350
428
398
476
576
576
662
786
790
802
632
688
616
608
744
708
686
550
504
348
280
348
314
238
374
244
316
386
386
352
408
78
178
140
76
200
342
462
456
502
764
950
864
982
814
672
724
666
628
464
530
508
320
462
432
202
50
54
72
162
156
142
10
152
82
102
34
16
170
62
78
34
232
166
294
308
402
366
182
150
20
2
8
140
240
28
66
206
140
118
82
112
30
36
56
86
120
122
200
192
284
288
328
378
408
290
190
272
370
510
274
438
396
364
448
394
508
230
254
32
54
100
92
88
110
16
28
60
28
18
156
114
96
80
134
294
158
68
114
18
104
304
206
86
124
216
240
206
364
336
326
242
232
340
296
444
460
268
146
160
46
168
392
328
364
282
250
358
376
176
240
208
230
188
38
46
34
74
16
92
84
64
182
6
58
8
120
140
40
4
90
20
316
398
330
168
180
158
140
60
22
120
210
254
386
250
276
260
332
302
500
528
568
544
520
354
380
236
218
352
504
626
594
624
742
576
726
596
716
806
882
1114
954
712
788
812
850
880
926
1008
964
1012
1136
1322
1354
1258
1086
1134
1450
1364
1318
1302
1368
1386
1334
1404
1448
1494
1516
1530
1542
1480
1398
1266
1054
1084
1278
1108
1078
1056
1088
1226
1162
1322
1092
1120
1102
938
764
678
680
612
714
534
694
570
406
360
276
362
212
90
134
182
248
256
166
192
286
246
326
354
364
474
236
220
230
68
180
128
72
84
344
510
576
636
570
644
710
716
926
814
602
436
578
632
682
606
554
460
688
410
524
368
384
272
190
160
16
132
172
128
268
236
256
334
316
356
236
262
324
298
304
326
158
62
28
44
116
84
44
22
40
122
72
166
118
24
152
252
240
256
118
274
186
60
46
46
170
74
172
162
194
94
12
6
106
290
352
246
238
258
280
260
298
264
250
250
30
90
52
38
4
74
88
218
368
508
716
748
606
624
630
622
618
700
634
628
624
666
494
426
424
588
536
476
516
544
652
838
940
898
708
578
538
410
534
550
418
672
780
850
854
732
658
552
596
678
680
776
686
638
700
476
590
380
362
144
306
268
224
130
90
110
40
18
106
86
88
22
78
42
102
22
42
204
142
86
62
42
126
30
14
82
76
206
150
178
94
176
180
318
258
326
372
552
372
402
470
306
388
534
556
542
612
674
532
518
596
720
758
676
932
834
944
1120
1168
1012
918
852
868
982
1046
966
1064
1146
1022
1052
1094
1094
1036
1280
1430
1446
1598
1682
1624
1534
1538
1452
1420
1496
1486
1544
1530
1578
1506
1764
1750
1844
1960
1912
1738
1754
1738
1638
1606
1602
1622
1836
1864
1898
1772
1878
1908
1824
1822
1682
1710
1516
1462
1566
1278
1242
1176
1068
1132
1118
1238
1142
1098
936
720
640
762
804
876
862
806
670
908
986
870
856
906
872
912
856
718
624
494
506
720
678
534
594
654
820
696
818
726
718
704
760
960
1128
1220
1362
1156
1192
1306
1234
1182
1128
1146
1344
1080
1070
832
972
1004
1050
934
866
842
856
768
898
796
922
896
928
754
648
608
706
770
746
676
578
602
682
672
676
664
548
498
578
602
536
598
690
820
858
814
642
816
860
744
622
466
490
720
550
438
376
230
176
78
162
296
292
208
300
146
112
6
168
50
98
204
232
0
154
208
228
320
190
148
356
290
364
336
404
82
166
74
54
202
116
164
48
146
34
134
74
50
48
8
116
296
254
402
258
150
178
188
226
368
296
216
226
98
86
286
318
248
146
18
110
66
120
136
86
194
38
226
276
372
300
254
182
126
182
150
200
244
154
246
50
114
48
96
140
226
298
336
294
290
372
352
222
246
230
410
466
482
296
516
520
468
498
512
632
664
652
738
614
614
540
522
544
526
564
584
776
1052
954
916
856
662
522
482
474
562
390
464
220
286
308
196
56
104
80
58
10
70
34
26
118
104
18
146
88
86
38
200
132
24
76
74
12
76
204
350
404
410
312
264
116
100
2
150
226
266
298
310
264
294
342
232
112
80
64
60
346
378
434
474
404
440
206
74
28
72
4
132
154
286
118
64
142
268
280
518
594
602
492
616
676
764
582
742
776
686
560
522
456
556
372
316
322
408
654
520
534
570
500
302
158
48
210
258
164
252
96
154
152
182
194
6
22
170
178
286
258
200
50
40
166
60
42
104
282
402
330
308
312
274
204
30
72
170
84
70
72
196
354
370
342
292
460
324
370
360
326
248
208
150
282
306
296
216
224
330
308
206
272
210
116
118
178
296
484
502
222
188
280
132
116
140
172
72
192
304
416
360
284
190
140
240
326
350
312
274
112
256
252
166
80
32
56
204
88
24
46
88
26
58
86
32
34
26
0
30
148
82
170
4
20
96
60
50
26
94
100
190
264
184
234
400
522
644
686
652
594
670
730
1032
1046
1314
1332
1294
1406
1380
1386
1310
1338
1118
1122
1030
1102
874
1018
968
1176
1394
1384
1168
1202
1240
1238
1208
1234
1294
1254
1228
1176
1224
1204
1028
1072
972
962
1208
1360
1368
1384
1444
1240
1372
1646
1600
1642
1592
1564
1366
1370
1342
1424
1416
1374
1372
1312
1146
1206
1074
1138
1118
1064
1148
1082
996
1090
1176
1060
1018
1134
1090
1050
1024
1102
1148
1118
1142
1112
1062
958
1022
1060
950
960
896
828
956
940
880
724
806
858
776
656
746
946
986
1098
1198
1360
1136
1028
814
664
606
694
664
640
626
760
840
796
692
560
584
640
736
876
848
822
738
758
630
578
776
832
982
966
986
994
906
1072
1232
1300
1382
1244
1232
1214
1276
1074
1258
1224
1350
1280
1238
1058
934
888
1096
1108
962
768
732
672
466
496
572
452
512
480
430
480
574
636
616
730
732
784
792
1060
854
820
812
740
816
802
848
784
756
660
594
850
798
800
872
832
778
778
910
810
764
850
620
590
566
450
566
758
856
766
1006
1100
966
1132
1038
1090
1162
1116
1092
1216
1240
1298
1134
1106
1008
834
688
382
444
546
460
506
498
658
720
706
688
502
562
594
536
602
548
662
558
424
472
468
460
510
442
340
