2290
2286
2420
2380
2378
2406
2340
2312
2340
2398
2436
2472
2500
2498
2464
2398
2438
2348
2376
2366
2308
2418
2444
2356
2304
2216
2200
2282
2278
2322
2292
2282
2270
2216
2114
2036
2046
1980
1996
2088
2018
2006
2042
2006
2038
2086
2140
2122
2164
2194
2154
2162
2196
2230
2100
1932
1922
1878
1874
1786
1708
1662
1578
1624
1618
1618
1688
1728
1734
1804
1722
1666
1600
1668
1596
1668
1578
1574
1566
1694
1720
1706
1718
1686
1624
1634
1570
1524
1568
1524
1648
1560
1506
1488
1520
1618
1674
1642
1678
1680
1706
1670
1552
1646
1612
1646
1642
1578
1602
1590
1548
1594
1614
1646
1742
1816
1832
1786
1716
1738
1742
1648
1638
1658
1644
1606
1574
1530
1530
1592
1622
1704
1700
1812
1798
1844
1830
1804
1850
1888
1928
2032
2012
1992
1948
1910
2020
2046
2012
1914
1898
1940
1960
2026
2012
1960
2044
1966
1972
2022
2046
2024
2030
2124
2110
2068
2012
1992
1990
1962
1908
1896
1916
1884
1932
2014
1960
1984
1970
2008
1962
2004
2038
2052
2104
2008
2076
2158
2114
2110
2150
2102
2094
2132
2108
2130
2162
2192
2146
2112
2040
2034
1932
1928
1938
1880
1858
1736
1756
1766
1852
1840
1814
1708
1670
1708
1630
1640
1758
1728
1766
1700
1804
1812
1802
1762
1762
1860
1982
2024
2034
1972
1952
1954
1896
1786
1796
1796
1780
1754
1784
1898
1908
1804
1784
1746
1694
1680
1606
1554
1540
1560
1586
1644
1712
1682
1684
1708
1660
1654
1628
1566
1578
1578
1624
1684
1640
1564
1520
1556
1526
1566
1484
1484
1432
1416
1450
1424
1438
1368
1368
1328
1346
1384
1412
1428
1360
1438
1526
1478
1440
1380
1450
1398
1426
1400
1280
1326
1300
1366
1366
1324
1530
1462
1612
1592
1584
1592
1568
1588
1642
1688
1750
1688
1678
1670
1656
1692
1624
1652
1610
1642
1746
1752
1724
1748
1810
1818
1778
1752
1796
1898
1882
1840
1792
1890
1962
1810
1852
1886
1858
1786
1752
1856
1732
1776
1850
1782
1784
1814
1916
1836
1860
1868
1936
1922
1790
1896
1884
1828
1840
1836
1864
1882
1862
1886
1874
1918
1878
1850
1928
1876
1916
1982
1918
1986
2054
2022
2004
1966
1946
1768
1828
1832
1834
1878
1890
1862
1802
1866
1842
1818
1768
1874
1880
1896
1922
2012
2010
1962
2024
2092
2028
2138
2140
2088
2068
1990
1972
1962
1860
1938
1938
1836
1704
1814
1850
1944
1908
1958
1984
1980
1962
1918
1928
1820
1946
1890
1880
1848
1864
1982
1898
1928
1924
1876
1924
1904
1940
1954
1994
1948
1988
1958
2020
1968
1970
1984
1974
2004
2060
2014
2112
1978
1898
2010
2026
1996
1996
2048
2070
2200
2180
2258
2268
2304
2244
2214
2244
2244
2144
2160
2160
2166
2198
2194
2192
2122
2140
2180
2176
2214
2218
2308
2292
2256
2188
2168
2152
2102
2080
2166
2094
2002
1960
2042
2070
1956
2022
2084
2122
2014
1852
1860
1872
1902
1906
1886
1972
2040
2002
1926
2088
2068
2042
2058
2108
2104
2148
2112
2190
2178
2174
2144
2210
2234
2230
2160
2288
2370
2340
2420
2372
2380
2370
2288
2306
2248
2190
2288
2380
2398
2470
2400
2468
2426
2412
2432
2452
2452
2468
2434
2308
2212
2220
2214
2380
2400
2408
2468
2540
2450
2418
2428
2456
2384
2354
2380
2442
2396
2394
2374
2400
2418
2398
2326
2316
2264
2222
2138
2222
2266
2370
2266
2328
2452
2470
2442
2444
2450
2306
2324
2292
2300
2254
2320
2350
2406
2434
2270
2304
2412
2434
2468
2412
2330
2382
2430
2328
2386
2358
2416
2364
2270
2246
2180
2178
2152
2070
2080
2166
2144
2154
2180
2232
2300
2252
2154
2224
2320
2322
2282
2308
2254
2304
2252
2182
2152
2096
2062
1996
1924
1940
2004
2124
2086
2054
2006
2110
2114
2068
2104
2254
2266
2292
2264
2280
2338
2388
2424
2468
2406
2398
2316
2404
2468
2462
2378
2442
2420
2404
2454
2536
2546
2516
2486
2478
2412
2478
2438
2572
2600
2552
2566
2538
2432
2424
2432
2496
2566
2508
2530
2434
2414
2492
2578
2500
2518
2516
2504
2572
2516
2586
2608
2558
2532
2506
2476
2426
2462
2380
2294
2232
2200
2292
2294
2408
2388
2334
2338
2382
2302
2504
2462
2462
2518
2514
2520
2516
2432
2412
2418
2410
2358
2362
2438
2510
2442
2324
2436
2286
2330
2234
2236
2208
2238
2182
2230
2250
2256
2260
2296
2256
2242
2276
2280
2344
2200
2220
2214
2188
2048
2038
2040
2168
2182
2184
2096
2128
2162
2152
2160
2172
2180
2172
2218
2192
2108
2084
2138
2156
2184
2156
2188
2214
2164
2216
2118
2092
2096
2056
2014
2084
2162
2156
2140
2162
2122
2056
1956
1992
2080
2102
2154
2136
2062
2022
2014
2010
1964
1976
2034
2014
1960
2072
2064
2042
2102
2176
2122
2090
2110
2108
2168
2196
2196
2228
2296
2320
2366
2410
2442
2458
2384
2448
2384
2510
2558
2580
2682
2626
2628
2610
2720
2742
2652
2642
2628
2670
2696
2684
2736
2704
2734
2806
2798
2802
2858
2730
2772
2700
2688
2636
2696
2690
2626
2738
2736
2632
2736
2710
2720
2736
2770
2740
2776
2806
2850
2852
2786
2846
2876
2960
2946
2904
2912
2940
2962
3012
2984
3046
3052
3060
2992
2970
2882
2824
2866
2882
2864
2858
2892
2918
2872
2980
3030
3048
3046
3028
3082
3102
3062
3008
3018
3042
3042
3068
3108
3106
3088
2994
3004
3020
2940
2914
2862
2828
2866
2878
2990
3024
3032
2964
2988
3006
2974
2928
2848
2864
2832
2868
2824
2858
2858
2862
2938
2904
2888
2956
2966
2990
2994
2924
2962
2870
2906
2944
2998
2950
2866
2896
2892
2866
2836
2734
2746
2710
2706
2748
2714
2734
2708
2722
2804
2842
2814
2838
2910
2906
2880
2932
2882
2870
2912
2970
3016
2936
2930
2872
2964
2962
2992
2978
2988
2928
2924
2812
2820
2896
2920
2826
2804
2784
2782
2854
2832
2790
2744
2686
2672
2652
2720
2692
2772
2806
2796
2796
2878
2872
2862
2874
2782
2756
2722
2758
2782
2750
2726
2724
2750
2770
2776
2866
2764
2730
2716
2658
2608
2684
2704
2672
2680
2634
2690
2634
2668
2668
2686
2740
2802
2768
2784
2822
2892
2998
3026
3062
3074
3142
3178
3136
3144
3078
3080
3096
3164
3164
3204
3202
3272
3252
3130
3016
3058
3044
2970
3030
3024
3112
2976
3012
2956
2972
2954
2930
2970
2928
2898
2942
3050
3098
3098
3134
3160
3138
3162
3096
3098
3086
3062
2958
2956
2930
3050
3038
3010
2988
2990
2926
2898
2942
2970
2984
2968
2984
2980
2992
3042
2936
2964
2966
2896
2942
2980
2948
2978
3020
3048
3056
3086
3140
3072
3164
3218
3156
3148
3078
3072
3092
3088
3072
2962
2992
3090
3084
3110
3158
3054
3110
3082
2980
3020
3044
2916
2894
2846
2784
2806
2730
2722
2764
2640
2682
2724
2708
2768
2668
2646
2640
2642
2632
2620
2590
2644
2704
2690
2778
2694
2726
2702
2640
2650
2590
2596
2532
2550
2488
2586
2526
2484
2504
2502
2544
2586
2614
2610
2654
2592
2720
2702
2708
2666
2722
2688
2690
2612
2636
2652
2658
2536
2606
2556
2552
2524
2662
2716
2744
2724
2750
2756
2764
2758
2778
2744
2724
2646
2684
2614
2610
2648
2568
2534
2508
2528
2586
2572
2682
2566
2572
2560
2646
2660
2618
2550
2630
2598
2534
2550
2574
2612
2660
2596
2552
2620
2544
2538
2616
2586
2634
2554
2620
2596
2644
2600
2580
2608
2598
2602
2528
2608
2690
2638
2648
2600
2686
2648
2632
2740
2718
2810
2826
2838
2834
2754
2754
2664
2666
2704
2722
2666
2698
2816
2906
2924
2896
2884
2926
2906
2816
2856
2890
2862
2926
2876
2822
2896
2868
2896
2976
2996
2972
2954
2952
2910
2894
2866
2790
2808
2822
2758
2744
2662
2654
2674
2586
2666
2714
2654
2642
2730
2764
2790
2798
2826
2876
2914
2926
2834
2842
2818
2828
2872
2878
2952
2960
2974
2986
2986
2938
2914
2760
2830
2858
2848
2922
2884
2852
2870
2906
2886
2762
2734
2724
2810
2832
2848
2916
2994
3038
2934
2944
2848
2898
2980
2924
2900
2920
2912
2900
2906
2956
3016
3028
2918
3026
3060
3006
3084
3134
3174
3196
3176
3184
3246
3236
3236
3200
3158
3222
3218
3268
3246
3210
3214
3284
3170
3162
3118
3124
3180
3234
3146
3106
3096
3096
3096
3006
2988
2980
3008
3060
3104
3114
3092
3074
3014
2966
2968
2966
3120
3148
3050
3022
3016
3062
3126
3058
3086
3026
2868
2908
2952
2914
2960
2962
2974
2978
3000
2990
2986
2976
2844
2826
2848
2886
2802
2792
2850
2834
2932
2906
2924
2966
2976
2892
2932
3000
2946
2924
2906
2804
2864
2900
2896
2886
2834
2872
2876
2870
2862
2818
2834
2720
2738
2788
2828
2872
2868
2848
2708
2716
2620
2580
2632
2692
2660
2632
2638
2690
2656
2776
2718
2722
2738
2736
2750
2724
2666
2592
2586
2586
2592
2662
2742
2750
2758
2768
2720
2720
2636
2694
2766
2750
2748
2742
2794
2708
2774
2802
2840
2798
2678
2650
2684
2766
2730
2756
2712
2692
2682
2670
2724
2692
2638
2604
2594
2564
2462
2530
2490
2510
2536
2610
2570
2530
2548
2512
2492
2432
2394
2334
2374
2420
2474
2428
2382
2392
2450
2518
2414
2422
2364
2422
2440
2400
2400
2422
2512
2582
2590
2604
2514
2524
2524
2514
2552
2586
2506
2566
2510
2526
2510
2550
2498
2400
2434
2378
2422
2388
2458
2432
2320
2232
2242
2346
2344
2414
2448
2380
2410
2440
2348
2470
2460
2462
2438
2442
2480
2458
2442
2448
2442
2450
2470
2566
2648
2580
2440
2450
2472
2414
2444
2386
2330
2416
2400
2332
2354
2358
2380
2290
2248
2174
2286
2268
2282
2278
2238
2300
2230
2236
2272
2292
2314
2380
2424
2396
2372
2420
2404
2436
2350
2380
2360
2412
2370
2398
2326
2318
2278
2348
2354
2320
2336
2364
2420
2380
2288
2386
2378
2368
2296
2316
2292
2312
2302
2284
2322
2374
2302
2320
2290
2282
2246
2250
2218
2230
2182
2122
2098
2120
2178
2124
2094
2114
2190
2158
2184
2214
2318
2324
2338
2334
2438
2450
2416
2464
2448
2486
2440
2536
2430
2454
2502
2346
2330
2310
2322
2336
2412
2424
2448
2342
2366
2272
2264
2168
2154
2242
2274
2388
2350
2442
2472
2508
2520
2522
2568
2514
2556
2550
2478
2498
2434
2414
2438
2442
2386
2368
2338
2376
2378
2450
2442
2504
2480
2474
2496
2410
2382
2388
2362
2432
2436
2402
2312
2250
2216
2280
2304
2248
2282
2252
2298
2264
2238
2242
2276
2338
2270
2238
2222
2232
2234
2202
2182
2234
2242
2192
2188
2094
2172
2196
2122
2152
2160
2146
2204
2188
2170
2232
2274
2264
2286
2246
2280
2206
2134
2148
2088
2154
2172
2158
2138
2102
2218
2222
2196
2196
2152
2172
2200
2166
2158
2226
2258
2208
2196
2236
2170
2214
2114
2166
2140
2230
2210
2166
2120
2136
2250
2290
2308
2342
2402
2446
2438
2386
2440
2484
2518
2528
2572
2562
2528
2384
2414
2410
2366
2324
2274
2310
2280
2336
2268
2298
2168
2186
2160
2126
2122
2132
2170
2194
2240
2264
2150
2156
2112
1994
2148
2214
2200
2206
2340
2332
2350
2424
2412
2372
2372
2308
2278
2228
2266
2242
2262
2310
2312
2346
2352
2372
2306
2282
2326
2222
2234
2188
2158
2112
2116
2070
2084
2094
2074
2076
2054
2078
2034
2064
2020
2096
2062
2132
2204
2142
2104
2070
2074
2020
2160
2154
2112
2160
2184
2262
2210
2224
2156
2134
2034
2182
2182
2146
2176
2292
2280
2188
2220
2150
2208
2188
2190
2182
2096
2148
2118
2150
2082
2130
2052
2018
1998
2078
2058
2036
1986
1906
1944
1986
1940
2068
2020
2020
2056
2080
2220
2270
2356
2272
2222
2250
2286
2468
2562
2594
2640
2612
2622
2564
2508
