312
278
198
230
262
312
380
492
416
452
534
552
616
684
588
658
824
612
818
708
644
684
778
812
770
728
688
568
422
358
238
220
186
132
148
132
102
0
44
58
72
96
112
18
66
170
182
268
364
242
342
366
302
446
224
156
246
118
160
146
296
548
552
406
236
374
406
400
594
582
482
608
594
470
418
430
572
498
526
546
534
572
548
572
606
556
596
444
342
432
430
474
544
402
376
388
394
462
342
346
294
226
206
158
204
430
260
264
436
466
632
572
480
464
456
390
338
326
390
538
540
586
482
440
468
366
422
564
520
398
434
372
464
464
356
380
388
512
392
568
594
558
470
484
312
304
246
184
492
536
636
642
688
526
462
496
442
574
674
770
686
554
546
692
792
792
516
576
536
646
678
666
760
730
834
882
924
964
972
1084
1096
1108
818
754
700
730
720
522
412
376
398
440
394
468
280
230
82
80
28
52
32
40
70
32
16
40
96
210
170
420
384
376
368
376
260
206
168
80
30
54
26
6
16
114
166
282
186
48
94
30
72
216
304
358
276
418
432
292
164
158
64
36
120
46
76
56
24
100
38
4
128
182
438
318
306
284
394
404
382
218
280
142
208
184
398
496
390
444
392
444
558
666
734
782
942
968
904
1156
992
994
1074
886
1012
962
914
928
884
836
730
686
594
574
546
518
438
462
408
286
412
478
380
424
322
224
122
152
266
224
218
292
334
238
118
250
222
372
448
494
458
544
592
496
424
310
304
414
454
434
416
342
490
496
356
114
18
36
82
72
16
132
156
228
214
194
376
262
296
238
104
144
84
216
334
340
256
272
188
238
298
436
434
478
560
528
498
344
372
372
392
452
546
514
516
402
358
298
318
510
296
330
426
430
420
580
584
524
522
450
584
668
606
606
608
622
574
612
552
484
478
368
448
438
394
380
464
510
322
538
572
604
566
360
392
244
384
198
400
286
178
232
258
170
12
54
166
70
58
50
62
84
66
4
192
94
12
28
144
32
12
52
42
70
100
202
98
100
68
130
234
232
240
176
116
178
174
96
54
122
82
156
170
166
68
156
330
354
386
492
392
426
334
222
196
202
74
56
58
6
8
40
56
192
302
314
422
384
462
446
426
356
194
48
2
74
100
94
144
158
80
136
96
78
52
50
104
98
24
38
194
144
40
100
128
78
54
70
0
74
2
114
138
346
316
426
244
184
56
256
280
320
268
154
62
224
246
280
278
240
170
270
276
418
436
340
298
342
162
160
276
186
254
188
262
236
100
126
36
58
38
206
230
302
384
378
432
284
178
154
78
24
138
164
186
228
24
0
292
208
218
178
330
388
368
354
498
394
552
240
54
94
142
118
78
212
242
88
46
2
96
12
178
308
136
90
54
104
110
102
142
178
112
126
246
206
202
38
2
44
20
90
244
90
170
154
58
116
128
40
136
194
16
88
156
160
116
176
226
204
312
452
470
514
458
552
628
602
622
642
590
666
744
916
800
874
1098
1204
1386
1280
1230
1192
1224
1158
1344
1146
1098
1216
966
988
1050
1074
1106
1026
952
1154
1032
988
1222
1230
1134
1254
1274
1408
1476
1516
1472
1528
1354
1218
1206
1034
1018
1150
1030
960
862
694
600
658
766
796
746
658
770
912
894
914
866
794
602
488
550
496
508
398
408
574
388
406
378
360
326
254
338
358
344
486
536
502
440
508
618
688
634
820
836
788
752
874
866
890
796
840
796
738
616
712
718
638
636
490
532
708
716
608
510
466
554
832
820
798
658
636
792
884
854
860
832
870
728
726
762
814
1036
1084
992
944
866
752
734
790
812
908
916
942
950
946
1192
1216
1250
1298
1252
1188
1310
1266
1214
1192
1138
1160
1240
1266
1190
1192
1236
1262
1408
1416
1462
1456
1302
1450
1486
1442
1278
1290
1516
1484
1348
1382
1364
1498
1626
1576
1524
1562
1554
1284
1202
1118
1130
1076
960
964
718
664
704
708
706
690
644
810
750
838
832
858
984
972
1114
928
1006
1014
1132
1078
940
918
878
922
914
1066
1022
944
994
822
866
854
876
894
1014
768
794
860
910
822
916
800
640
432
588
634
644
614
438
544
644
600
714
672
640
636
680
540
390
300
218
414
142
162
510
602
668
686
974
972
1096
892
828
948
1112
1198
1106
1068
942
1058
1012
1008
994
1002
982
1066
1078
1202
1282
1334
1272
1048
1180
1352
1302
1360
1400
1406
1408
1272
1368
1382
1346
1370
1388
1208
1144
1158
1034
970
1088
1182
1106
1210
1124
1088
1086
938
1040
1012
1168
1268
1288
1346
1206
1212
1346
1114
1180
1256
1274
1446
1396
1360
1404
1400
1418
1310
1384
1244
1342
1426
1524
1722
1858
1824
1792
1638
1636
1828
1898
1712
1762
1642
1638
1490
1504
1512
1534
1368
1442
1388
1438
1462
1604
1570
1520
1376
1446
1470
1326
1350
1464
1528
1412
1426
1460
1542
1420
1350
1288
1408
1404
1502
1650
1708
1520
1572
1436
1260
1102
982
988
1086
1140
1078
1148
1014
1074
918
658
572
718
530
660
654
548
482
466
548
652
592
682
624
668
560
596
562
476
506
448
430
448
384
256
420
396
386
414
468
412
554
464
342
256
356
394
418
330
230
318
190
60
10
48
42
78
162
110
102
136
224
284
278
420
456
488
540
622
588
384
366
330
486
508
476
352
262
150
188
46
12
8
162
284
0
86
120
80
190
160
144
192
40
202
246
356
400
338
342
330
286
94
162
174
144
388
488
440
500
570
466
558
528
512
328
280
314
326
392
434
170
246
302
224
232
232
230
244
244
252
298
140
178
308
400
370
494
440
272
336
438
372
314
262
296
306
378
462
450
476
490
446
498
668
488
460
402
442
604
664
730
678
628
564
604
648
778
764
686
776
936
1030
936
926
918
876
1008
1072
1104
1126
988
860
834
726
600
690
636
602
590
592
536
452
196
106
232
208
226
236
118
118
42
16
152
36
54
64
32
150
78
86
50
26
148
250
182
180
326
226
164
164
78
70
46
78
190
272
70
76
108
64
90
8
120
28
134
134
124
322
226
270
374
334
358
516
562
572
566
328
452
494
550
542
516
484
502
400
398
284
352
556
620
558
520
396
428
522
532
652
758
696
712
562
484
516
364
378
458
418
254
258
330
232
158
372
440
466
528
520
418
352
162
300
350
72
172
166
300
276
328
302
356
378
354
480
546
422
506
570
450
496
368
326
316
456
476
482
412
186
204
170
216
170
78
70
214
206
206
226
344
78
96
96
22
0
52
42
122
96
56
80
0
6
26
2
54
112
208
240
232
294
332
456
336
136
184
236
234
244
44
46
236
494
476
466
542
562
530
578
466
518
402
338
236
52
48
122
116
36
0
44
28
92
158
232
82
98
116
24
78
94
212
296
362
372
372
322
412
310
176
174
122
30
122
86
40
134
62
108
112
6
48
32
74
98
32
70
20
50
20
94
116
104
96
134
270
344
394
304
208
312
270
420
674
650
538
516
538
558
552
534
578
570
530
626
640
754
538
550
502
382
508
394
178
134
252
304
486
500
476
502
532
598
334
446
442
466
258
224
134
214
342
330
258
202
196
68
26
78
196
224
354
626
660
740
786
772
694
722
678
616
656
568
540
516
560
648
764
726
760
840
778
768
620
628
696
614
826
768
848
804
688
748
664
892
850
812
902
888
904
958
1036
1076
1232
1122
1108
1244
1430
1464
1350
1314
1338
1224
1202
1120
1200
1240
1030
958
986
1046
988
886
970
806
536
408
308
224
276
412
526
556
646
572
602
290
362
326
286
150
72
116
292
416
370
500
474
752
742
782
840
792
964
866
880
1088
1038
1034
1010
894
818
862
844
724
648
460
516
308
290
324
434
404
406
268
74
126
48
148
80
102
178
106
28
72
206
264
196
246
390
378
266
338
252
224
262
446
484
500
438
324
246
244
278
290
144
190
284
224
188
268
146
240
238
362
144
172
360
328
436
438
500
500
418
396
454
480
496
446
230
352
222
212
62
2
28
166
292
352
336
242
212
172
282
296
196
258
338
168
88
72
46
170
182
128
58
152
144
122
156
32
40
92
148
116
102
98
100
92
12
266
186
118
258
220
210
196
218
354
474
416
376
472
444
416
482
656
668
640
552
536
540
566
570
424
472
528
594
558
510
386
256
250
222
142
240
356
210
162
202
90
62
38
92
162
18
86
238
20
126
22
46
50
96
132
264
398
426
444
662
552
514
408
442
244
428
412
362
544
532
394
366
342
360
192
204
156
234
148
292
212
240
350
268
160
208
198
332
256
258
422
388
480
304
362
376
338
216
392
438
318
276
22
40
334
326
306
248
296
326
356
578
478
644
692
806
610
426
332
420
482
498
574
642
684
540
428
564
590
578
688
622
594
500
476
320
374
386
558
530
478
400
240
350
156
152
214
234
242
70
116
102
60
48
80
72
62
48
10
112
80
66
40
96
174
198
100
88
94
6
70
244
72
26
42
98
26
30
32
120
90
22
56
56
132
230
286
96
62
164
280
192
36
86
66
34
92
118
10
56
6
38
40
60
10
126
56
194
278
372
332
286
514
536
606
458
326
380
310
140
204
94
136
138
76
86
50
218
14
24
94
28
54
124
150
146
252
206
384
338
370
280
246
410
362
262
116
26
66
6
84
76
96
190
202
196
78
84
116
130
86
120
170
152
110
182
162
68
90
206
226
186
386
492
460
366
368
370
480
470
202
202
84
174
2
6
56
18
