184
156
198
160
162
188
206
178
140
196
208
296
334
324
332
314
280
238
222
214
188
130
136
162
160
176
198
136
162
212
216
226
240
224
198
178
170
98
100
92
86
74
72
30
36
48
64
32
24
16
78
116
98
74
76
54
36
22
86
108
96
116
160
180
228
214
236
284
332
284
306
322
308
336
358
350
342
350
352
356
352
348
376
364
336
386
442
540
530
518
556
560
544
574
580
558
514
456
496
512
522
516
524
462
464
408
424
380
348
358
366
368
326
298
326
314
318
302
282
256
278
300
266
258
206
234
214
172
142
80
106
76
40
86
16
38
36
52
42
30
40
16
98
74
84
90
42
50
86
104
174
136
122
198
200
240
240
220
230
270
286
318
318
340
370
340
350
384
422
400
418
484
526
486
446
400
362
344
382
422
452
472
430
454
488
502
514
496
540
566
616
600
608
606
544
522
538
548
540
538
504
556
576
546
556
600
578
590
618
570
554
572
554
536
496
526
508
538
588
556
580
532
532
528
544
520
574
592
636
632
586
570
632
686
682
680
680
704
700
718
746
734
696
690
690
694
682
678
654
636
626
636
644
628
578
566
534
548
546
590
604
642
638
558
544
558
548
562
558
532
528
484
504
502
472
494
454
484
442
416
456
450
450
438
410
412
442
440
466
468
466
418
424
448
484
474
472
450
462
486
500
466
488
426
392
368
368
344
352
290
366
396
376
358
286
314
310
294
314
354
306
370
304
300
352
344
432
414
476
442
434
418
346
344
376
358
326
320
284
306
268
246
212
162
166
160
130
102
144
96
96
92
146
182
116
80
50
86
48
50
26
56
70
64
74
50
14
2
36
4
6
42
104
28
46
38
56
78
54
98
156
188
238
244
248
222
218
218
280
292
248
192
196
284
214
142
192
214
216
272
266
304
358
344
322
300
370
342
356
372
386
372
406
382
404
406
414
416
400
384
342
342
346
400
376
392
390
368
356
376
370
278
314
332
340
368
380
334
380
394
382
390
424
458
408
390
390
352
338
324
300
266
288
332
300
340
340
362
432
444
474
462
424
406
432
448
434
398
374
440
410
368
398
396
422
446
412
368
344
346
374
366
368
310
316
312
318
278
282
250
246
234
228
252
220
190
192
214
184
240
226
222
262
216
298
274
258
278
322
354
322
332
350
376
382
430
388
392
412
400
442
448
444
462
498
488
526
468
498
490
486
458
502
548
568
576
540
544
546
562
548
554
522
586
550
610
638
670
678
678
644
614
598
540
564
566
634
604
662
674
666
656
646
612
620
622
634
642
642
680
588
558
582
560
544
516
474
474
458
522
508
506
504
534
526
568
542
518
534
514
430
402
428
386
434
458
494
472
434
406
386
360
344
320
298
324
330
304
344
372
268
294
292
294
338
336
398
406
428
456
452
414
382
394
350
364
378
382
364
362
282
258
270
282
300
312
296
346
292
276
294
304
290
348
350
386
360
366
330
306
304
322
348
364
366
424
412
414
446
476
520
560
584
548
574
582
536
552
564
526
542
558
530
512
494
510
480
436
472
490
492
542
604
564
542
522
494
504
542
500
440
456
498
516
504
544
518
430
420
414
398
462
474
428
384
416
406
438
388
396
418
446
430
494
550
604
552
510
484
508
518
460
468
536
504
530
520
522
460
422
406
406
430
474
432
418
460
436
408
422
394
342
352
376
356
358
350
404
388
358
348
368
364
356
290
298
292
322
322
312
258
252
222
256
274
264
268
278
220
248
242
216
186
212
216
210
228
262
240
230
258
174
122
118
102
94
110
78
58
40
10
12
6
32
96
88
96
30
34
48
90
150
136
148
188
162
110
152
132
134
164
130
182
194
240
198
212
238
240
310
394
426
450
476
490
514
508
534
486
460
450
436
442
466
442
492
446
408
384
388
376
366
420
464
458
446
440
488
502
554
556
508
514
552
498
470
502
558
570
558
548
532
496
450
504
500
494
496
462
462
428
418
406
438
442
448
484
478
490
452
486
552
572
558
574
562
542
484
478
534
536
538
552
528
516
500
520
464
448
458
444
398
380
426
436
492
464
430
390
408
390
286
318
348
370
410
388
438
482
498
516
528
520
482
512
576
530
544
546
470
504
432
366
356
340
298
354
344
306
288
324
290
274
242
220
220
262
226
196
184
160
128
186
114
90
104
86
66
84
44
40
78
54
92
82
90
58
84
56
102
100
126
172
154
138
102
124
134
124
158
176
208
194
190
202
186
176
224
210
278
282
328
316
306
274
290
342
328
314
322
314
292
304
252
226
206
270
250
256
256
234
224
288
302
304
350
360
366
344
314
308
288
278
340
354
364
302
272
308
328
270
246
248
230
236
250
276
286
272
312
314
326
354
374
382
354
414
482
508
480
456
472
476
454
564
622
610
606
538
574
552
464
474
456
476
498
502
542
538
544
598
562
586
608
622
630
618
546
524
596
666
650
680
674
678
678
646
614
640
622
646
608
586
542
598
556
608
600
636
588
592
542
564
522
534
530
584
566
554
560
564
570
572
546
548
500
486
526
520
510
522
542
532
512
500
444
490
470
416
504
492
512
502
490
434
456
444
454
424
418
422
390
424
428
450
418
388
366
354
330
306
342
326
292
318
270
274
258
252
224
234
254
274
260
318
306
286
290
260
292
240
140
98
70
64
28
16
6
20
60
78
116
78
78
62
78
90
46
8
44
44
66
114
138
30
16
94
146
146
198
194
234
234
196
120
84
128
180
226
156
182
190
244
232
220
176
244
284
286
314
270
330
352
358
394
356
290
290
268
254
244
290
354
388
366
330
350
336
342
370
420
410
396
426
414
398
392
378
432
360
370
374
350
352
326
332
346
334
322
342
320
318
314
342
322
354
284
322
298
270
278
356
332
310
302
318
356
334
320
328
314
346
360
340
328
356
360
300
310
288
290
236
242
268
304
326
292
326
316
358
388
386
332
328
358
328
362
312
376
362
402
424
422
400
432
428
390
380
378
302
268
302
328
364
324
302
278
214
268
212
184
176
172
156
182
232
174
172
176
168
162
110
90
90
64
94
108
92
86
178
214
222
260
298
316
294
332
306
268
276
306
302
312
278
296
298
260
256
220
262
258
244
292
288
344
324
296
348
344
318
312
322
290
314
332
364
416
410
360
316
324
284
284
232
210
188
254
240
264
294
310
364
362
362
348
350
376
396
392
410
464
518
478
462
462
452
452
470
424
440
418
472
468
494
422
424
474
420
480
462
468
474
482
442
436
404
408
430
386
354
320
342
346
338
328
380
392
404
388
382
414
418
376
358
338
358
374
376
402
372
334
312
304
342
310
322
288
262
252
276
292
316
364
348
324
380
298
260
252
224
246
304
306
286
286
284
318
334
322
336
360
362
278
312
308
318
310
324
338
362
328
290
262
258
300
246
256
316
274
290
282
292
386
372
338
334
334
368
370
406
380
362
368
346
348
258
222
240
220
262
280
302
318
314
294
296
312
310
316
330
314
300
336
306
300
312
328
342
318
286
330
312
302
326
324
310
302
296
290
338
292
310
242
264
244
244
292
266
252
218
254
250
262
268
276
292
314
280
258
294
294
280
270
276
258
292
278
306
270
270
248
234
236
250
230
224
206
154
164
206
196
160
118
96
68
52
114
110
116
160
190
186
142
166
208
188
176
140
122
56
40
100
54
138
170
164
138
132
166
214
210
182
202
174
128
134
144
94
84
154
118
72
126
114
94
120
118
168
158
164
200
232
294
274
298
292
362
446
434
398
454
418
430
478
560
496
494
468
472
534
556
486
518
506
494
434
394
442
430
464
468
452
470
454
448
534
518
522
560
594
590
586
566
530
510
542
554
548
524
486
468
484
508
510
476
462
412
400
366
372
396
452
450
402
470
470
494
466
460
420
422
430
408
452
486
472
488
498
428
440
440
426
468
510
508
560
596
586
586
564
524
536
490
456
370
396
428
446
456
464
434
434
480
412
380
406
470
474
402
342
350
354
384
404
396
432
440
442
406
408
398
348
380
372
376
410
412
390
476
436
474
462
460
502
496
526
522
546
552
492
480
506
504
536
540
564
534
486
494
494
534
566
584
586
600
624
612
698
670
672
620
638
644
642
604
580
560
558
538
482
498
542
542
508
508
514
592
610
588
608
602
552
552
568
554
610
602
634
656
642
590
574
568
530
508
506
438
410
418
418
422
414
386
446
412
434
414
394
292
332
382
432
400
434
412
394
348
344
358
268
216
176
218
224
218
242
236
274
232
220
226
294
312
284
316
306
262
266
230
250
200
246
272
226
226
300
312
288
254
214
212
194
244
240
242
224
278
320
366
386
452
474
480
480
528
492
516
490
454
410
378
364
392
376
392
436
444
406
436
464
490
458
444
408
464
496
530
500
488
506
552
558
516
480
496
506
522
500
514
552
578
614
626
628
624
630
616
634
642
678
656
696
664
640
618
582
594
596
620
624
602
596
614
632
588
588
580
476
452
444
450
476
444
432
428
390
384
428
406
368
358
378
378
308
322
350
364
380
414
440
