24
36
26
104
160
164
116
88
74
6
116
158
228
190
182
160
170
188
290
270
308
382
296
488
554
568
456
366
384
390
412
486
486
494
498
416
370
358
424
510
478
558
630
616
666
630
660
560
602
642
578
568
520
676
682
704
714
670
748
672
796
670
722
770
758
754
814
794
830
880
908
1016
1012
1000
1026
1064
1108
1082
1028
1046
956
956
1082
946
836
818
750
696
654
638
724
782
784
836
894
950
1016
1006
926
900
932
906
920
880
846
888
870
812
718
634
788
770
812
672
694
800
878
826
748
878
872
714
728
588
610
582
506
434
332
442
294
380
444
474
416
366
388
498
356
380
340
258
122
146
112
120
142
90
14
14
30
34
34
130
212
184
170
226
270
286
218
226
200
100
118
22
38
38
26
22
88
52
52
56
38
118
86
192
156
140
150
152
182
222
194
294
216
188
194
220
234
168
198
222
164
148
252
214
154
154
70
30
52
78
128
190
80
100
124
26
76
16
10
64
114
8
24
102
170
44
160
138
168
212
192
112
62
182
162
160
238
312
450
458
416
474
474
454
530
462
540
622
516
480
466
410
362
420
420
526
498
480
542
506
424
370
358
366
402
400
336
418
334
286
254
282
284
292
380
334
440
354
306
286
242
208
176
146
174
268
336
334
488
386
500
562
586
536
650
674
668
670
736
720
648
656
752
830
804
676
792
800
842
922
890
882
954
1084
1032
1066
958
830
854
842
746
842
972
980
930
924
848
802
860
794
748
778
706
640
570
652
646
704
722
698
594
546
384
570
648
572
710
786
756
760
790
920
846
852
940
902
914
974
852
784
930
922
882
888
858
826
856
814
740
724
788
850
832
890
948
1008
986
956
1104
1036
1004
1054
956
1034
1110
1082
1104
1246
1294
1452
1362
1318
1422
1480
1410
1312
1232
1198
1264
1180
1108
1142
1044
994
916
802
806
716
860
854
876
794
770
718
724
674
666
728
700
652
588
588
470
492
568
518
448
434
356
356
358
234
274
260
182
208
136
140
140
66
42
100
8
0
56
20
20
80
182
132
150
28
18
38
108
182
186
244
274
282
230
264
322
430
518
584
662
662
752
798
734
670
582
498
572
484
538
496
390
428
190
128
10
16
58
98
16
134
96
152
212
244
148
238
146
174
218
158
124
26
48
6
148
134
194
188
164
112
120
274
134
94
46
60
144
26
28
10
6
36
32
40
22
20
42
12
58
116
140
154
4
100
112
238
236
218
130
288
290
298
310
344
426
416
370
318
354
410
446
374
306
350
348
346
308
344
348
374
404
428
506
516
464
362
418
368
322
448
386
486
504
488
478
466
514
608
572
524
542
582
542
602
704
638
722
644
694
802
778
774
854
888
752
664
720
744
674
696
778
762
830
804
822
846
864
930
996
994
992
1120
1204
1110
1144
1100
1110
1172
1194
1144
1200
1264
1140
1220
1286
1236
1114
1190
1288
1220
1212
1084
1210
1194
1310
1308
1252
1262
1346
1400
1390
1334
1264
1242
1140
1172
1140
1096
1046
1134
1228
1192
1194
1146
1088
1142
1210
1134
1122
1122
1076
1114
1094
1100
1130
1224
1212
1248
1294
1308
1140
1138
1124
1204
1212
1234
1144
1202
1260
1310
1304
1334
1336
1396
1470
1432
1384
1426
1510
1542
1556
1450
1502
1480
1564
1568
1508
1454
1434
1372
1436
1436
1410
1256
1268
1192
1198
1180
1194
1136
982
938
948
900
808
802
794
888
882
880
896
826
906
826
848
782
830
774
734
718
676
716
740
834
812
942
942
880
828
786
774
898
958
986
908
998
1018
916
946
870
936
806
816
876
940
828
776
778
724
654
646
600
572
600
566
490
492
432
476
436
468
600
478
456
624
602
634
622
506
556
530
522
612
714
732
848
784
938
884
784
818
760
658
790
752
670
720
652
742
662
770
720
730
708
656
624
662
620
662
646
694
718
702
682
604
588
582
696
764
690
632
598
634
704
692
760
798
860
756
668
610
624
590
546
508
536
556
498
404
442
556
482
458
344
330
238
286
284
288
374
464
428
388
350
472
412
412
356
338
464
500
524
520
530
580
504
464
562
624
696
778
848
754
816
954
858
824
668
690
750
752
734
730
824
1012
988
1032
1002
878
974
926
948
1092
1126
1314
1294
1360
1442
1396
1292
1226
1072
1130
1146
1142
1182
1100
1006
1026
1062
1158
1176
1102
1112
1020
974
982
958
984
1068
1126
1098
1040
1022
1100
1026
1034
1108
1062
886
790
826
822
786
742
766
832
872
918
860
868
926
840
650
642
658
766
800
742
684
710
692
692
664
684
724
782
782
686
710
720
808
884
916
954
934
862
928
750
646
714
688
624
646
646
708
738
776
812
924
858
792
692
588
594
570
540
468
406
370
476
512
632
634
608
764
852
778
906
788
828
722
734
770
756
760
806
822
828
960
892
850
922
1036
990
964
1004
1018
1100
1186
1060
1026
916
898
868
820
792
740
828
768
736
682
692
794
738
806
778
810
786
800
864
922
872
762
734
722
720
634
566
552
470
616
546
520
442
536
504
442
464
524
560
626
708
662
670
744
758
908
796
794
824
660
804
888
910
914
922
868
920
894
966
1094
1082
1086
1066
960
974
1062
962
1024
1018
964
954
960
930
1008
1126
1164
1234
1172
1020
952
896
924
1050
1166
1058
1162
1120
1174
1122
1148
1060
1070
996
856
844
922
844
920
1008
1070
1032
1142
1146
1096
1076
1130
1148
1014
1068
1026
1074
1010
1018
998
970
1008
1000
920
986
1048
1072
1102
1172
1058
926
902
846
850
856
994
1026
1118
1152
1054
1092
1066
990
986
1148
1150
1210
1178
1166
1160
986
992
1068
1058
988
1034
1094
1142
1156
1132
1114
1134
1106
1228
1192
1222
1066
1166
1156
1188
1144
1186
1138
1272
1356
1390
1362
1434
1246
1342
1404
1406
1434
1498
1538
1544
1490
1526
1460
1374
1418
1444
1546
1508
1322
1312
1346
1208
1296
1338
1416
1376
1360
1402
1332
1302
1282
1100
1006
1022
1018
974
910
912
880
924
980
1032
1016
1076
1066
1052
1170
1208
1224
1296
1274
1308
1236
1168
1228
1182
1072
994
1046
992
990
964
882
952
944
936
938
934
1010
1174
1118
924
852
812
768
624
650
674
706
748
638
536
530
554
662
646
552
482
388
434
426
376
316
288
282
162
270
200
218
258
240
204
170
96
120
154
212
230
66
20
96
168
38
8
44
136
60
78
10
98
32
88
190
214
20
112
186
178
98
88
130
64
104
150
320
378
326
180
226
344
398
440
402
428
384
372
382
434
506
622
576
626
568
582
620
632
586
626
602
510
430
460
476
470
454
516
486
616
476
440
378
372
362
328
286
322
268
162
134
66
124
80
238
194
120
226
288
340
272
294
334
308
318
310
264
190
224
246
274
314
240
300
250
256
402
290
300
308
280
290
278
308
320
280
190
262
274
242
226
278
266
382
352
372
518
452
550
386
434
482
480
436
418
284
430
508
398
348
436
356
286
228
240
268
270
204
188
244
230
392
332
352
260
300
188
210
234
146
168
104
122
106
46
22
56
176
46
94
14
48
136
118
54
108
148
146
146
78
36
146
200
206
208
216
244
266
224
106
154
188
196
272
244
196
172
156
210
248
66
138
138
38
90
90
110
200
200
58
40
32
66
164
48
22
116
28
10
26
30
32
48
90
52
158
184
244
88
100
198
136
154
86
28
38
42
70
98
182
110
2
22
14
124
130
80
30
42
74
142
22
122
34
18
80
130
30
170
244
94
4
24
46
186
228
168
98
154
66
140
68
28
74
28
8
70
98
190
188
106
82
100
108
206
204
238
318
322
364
292
198
164
328
260
236
352
376
404
404
438
506
486
438
372
420
366
382
400
360
336
390
364
284
284
350
396
320
278
238
162
256
238
278
226
216
298
182
226
276
392
306
340
398
482
528
680
746
746
698
692
740
836
804
838
788
786
788
714
768
644
674
748
754
778
800
848
764
836
850
818
836
970
966
916
950
966
1070
970
1088
1056
1106
1038
842
760
636
622
502
572
622
658
792
764
720
770
892
856
784
876
840
798
800
830
718
808
840
858
780
906
1074
1030
1052
886
896
898
886
882
908
768
868
826
724
704
682
646
664
626
612
568
486
536
586
566
696
686
686
718
734
790
838
816
740
830
934
912
896
1006
860
964
950
942
938
1034
1144
1192
1158
1166
1140
1136
1082
1036
1100
1058
1122
1082
1194
1084
1082
1098
1142
1052
1052
1002
1032
1016
858
862
1022
956
936
916
908
788
732
682
770
740
744
750
764
896
954
900
820
950
936
936
892
848
878
958
912
852
926
884
914
1046
1066
944
932
932
980
1042
1074
1176
1102
1182
1176
1278
1140
1150
1136
1174
1130
1252
1306
1364
1348
1342
1228
1176
1154
1146
1026
872
890
854
780
788
776
686
592
632
738
792
826
874
862
800
778
882
814
858
868
982
926
880
788
918
862
814
776
820
810
826
878
928
952
906
850
766
802
756
726
636
460
506
524
646
630
608
738
738
612
602
640
504
608
540
544
572
674
712
644
602
534
538
560
600
580
582
618
630
574
536
542
564
542
516
414
336
296
370
356
322
298
166
164
146
160
66
144
180
266
314
302
304
300
256
288
202
120
176
136
160
110
108
86
106
56
16
94
228
188
236
292
328
356
476
544
434
472
620
612
550
524
488
434
464
346
250
312
414
462
514
532
626
576
600
598
632
636
574
496
540
514
482
270
270
250
318
262
340
436
388
364
492
482
492
566
538
514
614
640
594
580
574
538
542
606
626
550
540
438
338
386
438
390
410
388
406
424
420
436
346
458
418
488
454
386
318
270
308
268
274
212
248
176
