7276
7460
7472
7468
7380
7448
7458
7506
7448
7544
7564
7416
7516
7494
7606
7618
7592
7664
7626
7716
7670
7726
7714
7764
7764
7676
7610
7656
7700
7698
7652
7632
7530
7460
7578
7590
7538
7500
7506
7572
7704
7668
7590
7716
7722
7654
7588
7512
7640
7600
7624
7494
7512
7424
7494
7472
7446
7580
7558
7648
7708
7714
7658
7556
7470
7410
7430
7560
7500
7474
7490
7532
7482
7476
7414
7466
7512
7504
7506
7524
7566
7568
7538
7484
7498
7604
7550
7516
7644
7676
7614
7602
7638
7620
7574
7572
7524
7582
7652
7756
7674
7556
7534
7510
7522
7494
7534
7482
7374
7298
7260
7286
7288
7322
7352
7268
7372
7364
7378
7310
7302
7286
7246
7120
7220
7198
7134
7126
7196
7284
7264
7292
7344
7280
7228
7100
7066
7038
7086
7228
7192
7222
7196
7146
7182
7118
7012
7012
6854
6860
6910
6868
6876
6982
6934
6948
6978
7036
6960
6962
7026
6926
6958
6882
6986
7034
6978
6984
6894
6874
6862
6948
6880
6894
6910
6830
6934
6830
6876
6866
7018
6962
6976
7002
6942
6920
6946
6918
6986
6994
6946
6862
6810
6766
6774
6860
6866
6794
6770
6868
6810
6970
6936
6934
6994
6986
6992
7026
7082
6936
6884
7000
6984
6888
6956
6906
6814
6810
6928
6948
7066
6860
6864
6856
6928
6876
6892
6822
6854
6880
6900
6874
6836
6854
6850
7002
7020
7040
7012
7000
6980
7034
6966
7046
6978
6986
7094
7046
6996
7088
7034
7144
7096
7130
7214
7166
7272
7340
7354
7194
7156
7246
7254
7230
7264
7136
7138
7142
7128
7266
7306
7302
7350
7308
7304
7284
7198
7278
7272
7238
7266
7188
7104
7076
7026
7042
7080
7106
7160
7128
7262
7316
7280
7338
7220
7142
7092
7118
7082
7032
7004
7016
7100
7050
7106
7186
7296
7374
7342
7304
7274
7138
7134
7112
7186
7136
7096
7078
7060
7170
7182
7290
7256
7334
7398
7330
7508
7562
7654
7676
7632
7524
7656
7760
7706
7720
7760
7754
7668
7636
7646
7636
7740
7786
7746
7796
7736
7696
7718
7816
7742
7686
7568
7564
7608
7572
7610
7622
7642
7644
7574
7604
7544
7604
7494
7584
7632
7596
7560
7592
7590
7570
7594
7624
7650
7656
7748
7750
7746
7722
7870
7836
7782
7722
7646
7652
7744
7838
7858
7864
7846
7910
7902
7748
7748
7736
7678
7572
7538
7524
7640
7660
7686
7730
7704
7732
7788
7848
7778
7622
7654
7674
7664
7450
7390
7438
7448
7378
7450
7458
7502
7428
7496
7588
7476
7588
7568
7580
7682
7700
7626
7566
7624
7454
7564
7602
7712
7650
7614
7582
7606
7562
7600
7468
7534
7460
7418
7434
7408
7320
7386
7294
7332
7318
7258
7210
7164
7082
7100
7070
7056
6970
7018
7118
6950
7074
7114
7060
7058
7056
7016
7084
7084
7132
7120
7278
7284
7230
7322
7244
7280
7230
7280
7208
7270
7260
7232
7084
7038
7136
7086
7128
7150
7150
7268
7380
7438
7318
7280
7378
7390
7410
7362
7404
7334
7332
7320
7316
7306
7348
7298
7304
7326
7256
7314
7142
7244
7204
7232
7220
7256
7254
7168
7234
7202
7308
7474
7478
7398
7416
7438
7452
7570
7610
7476
7478
7494
7488
7492
7474
7446
7496
7570
7530
7420
7390
7400
7364
7316
7270
7202
7342
7410
7324
7202
7156
7212
7170
7142
7156
7246
7266
7160
7078
6932
7012
7032
7014
6964
7056
7140
7242
7242
7266
7240
7234
7242
7232
7218
7216
7202
7266
7312
7268
7218
7272
7226
7144
7198
7220
7130
7102
7136
7202
7142
7246
7194
7212
7186
7188
7126
7326
7308
7268
7320
7352
7284
7342
7356
7386
7512
7578
7570
7480
7648
7630
7632
7550
7496
7534
7544
7598
7618
7574
7636
7658
7646
7660
7614
7678
7710
7740
7740
7656
7666
7630
7522
7468
7546
7604
7600
7588
7592
7572
7544
7604
7546
7622
7610
7768
7746
7770
7656
7606
7590
7602
7590
7632
7674
7728
7666
7732
7648
7692
7686
7656
7648
7744
7674
7592
7588
7634
7708
7714
7658
7590
7550
7552
7446
7348
7400
7352
7314
7244
7192
7246
7352
7308
7246
7296
7364
7378
7436
7550
7498
7470
7498
7522
7526
7500
7472
7430
7468
7446
7472
7524
7478
7412
7316
7394
7526
7526
7484
7578
7510
7464
7328
7316
7320
7400
7368
7388
7366
7392
7460
7422
7392
7526
7548
7432
7466
7450
7508
7456
7502
7528
7516
7488
7542
7492
7432
7450
7426
7450
7460
7354
7418
7484
7496
7380
7396
7384
7346
7260
7296
7204
7096
7030
7068
7088
7082
7006
7178
7198
7084
7146
7216
7202
7166
7166
7314
7434
7430
7392
7370
7324
7334
7414
7326
7454
7462
7500
7380
7460
7438
7472
7382
7318
7264
7286
7332
7388
7442
7444
7406
7478
7434
7358
7360
7440
7316
7276
7340
7344
7252
7164
7214
7128
7048
7052
7056
7054
7246
7150
6992
6944
6914
6920
6846
6892
6814
6804
6796
6798
6760
6730
6894
6958
6890
6900
6954
6972
7050
7022
7068
7130
7144
7200
7224
7240
7220
7266
7394
7360
7334
7418
7490
7586
7512
7606
7540
7542
7582
7640
7666
7654
7644
7634
7630
7668
7706
7712
7734
7776
7718
7682
7650
7520
7412
7312
7312
7424
7518
7560
7510
7590
7594
7512
7508
7530
7568
7648
7596
7664
7654
7654
7638
7718
7734
7738
7766
7790
7848
7798
7752
7734
7718
7700
7702
7700
7592
7654
7640
7552
7634
7666
7798
7704
7812
7804
7786
7738
7698
7684
7744
7702
7566
7610
7610
7554
7620
7690
7628
7638
7496
7478
7466
7392
7384
7356
7434
7418
7388
7348
7446
7352
7500
7550
7496
7432
7528
7598
7564
7674
7750
7756
7802
7796
7874
7824
7738
7750
7764
7840
7748
7672
7766
7774
7580
7562
7562
7528
7636
7576
7634
7490
7428
7474
7458
7526
7584
7594
7560
7536
7434
7468
7366
7508
7458
7398
7412
7326
7486
7558
7578
7476
7344
7294
7250
7286
7304
7312
7300
7330
7338
7402
7378
7426
7480
7466
7364
7262
7324
7394
7386
7358
7420
7438
7432
7430
7512
7378
7458
7428
7382
7336
7450
7506
7550
7594
7540
7498
7476
7392
7364
7414
7354
7460
7460
7402
7322
7320
7358
7310
7174
7284
7366
7410
7342
7354
7344
7392
7390
7412
7404
7470
7366
7402
7498
7434
7426
7504
7474
7436
7404
7348
7314
7318
7274
7318
7396
7592
7476
7476
7458
7444
7486
7360
7280
7234
7370
7302
7284
7292
7344
7296
7296
7298
7354
7412
7336
7448
7426
7452
7372
7468
7406
7398
7392
7388
7352
7464
7480
7420
7530
7546
7488
7508
7490
7538
7536
7494
7454
7456
7422
7424
7496
7534
7568
7608
7654
7670
7718
7684
7668
7668
7698
7746
7732
7742
7598
7656
7538
7698
7716
7764
7766
7736
7692
7666
7614
7628
7766
7758
7690
7654
7600
7664
7632
7638
7530
7486
7508
7496
7446
7444
7414
7286
7298
7354
7380
7306
7300
7298
7368
7232
7140
7364
7220
7292
7214
7170
7226
7178
7304
7442
7458
7588
7444
7488
7538
7584
7560
7592
7496
7372
7358
7298
7318
7320
7336
7276
7224
7154
7242
7226
7382
7350
7374
7250
7310
7294
7358
7400
7470
7480
7588
7596
7618
7596
7588
7612
7536
7664
7766
7620
7580
7590
7504
7602
7636
7520
7558
7604
7548
7628
7606
7564
7568
7452
7494
7504
7592
7628
7614
7640
7594
7742
7754
7692
7738
7860
7792
7718
7664
7666
7736
7856
7780
7862
7878
7842
7764
7814
7702
7750
7564
7626
7698
7692
7702
7688
7580
7588
7534
7454
7514
7628
7648
7684
7858
7744
7798
7728
7670
7782
7812
7764
7730
7688
7620
7542
7522
7570
7560
7532
7582
7472
7504
7408
7524
7430
7456
7458
7550
7506
7466
7574
7564
7540
7540
7552
7552
7444
7492
7442
7494
7450
7556
7566
7542
7422
7472
7474
7528
7504
7504
7460
7490
7548
7540
7562
7566
7498
7422
7388
7546
7610
7470
7456
7352
7372
7470
7398
7422
7398
7334
7254
7250
7288
7476
7454
7538
7582
7674
7634
7608
7518
7528
7588
7578
7554
7542
7590
7592
7450
7480
7506
7654
7632
7674
7766
7686
7718
7670
7576
7578
7662
7596
7732
7718
7776
7728
7676
7704
7934
7876
7716
7638
7582
7526
7486
7384
7418
7398
7392
7310
7396
7318
7342
7456
7518
7542
7430
7494
7430
7476
7496
7458
7518
7580
7548
7390
7322
7334
7276
7458
7510
7508
7504
7640
7630
7674
7586
7526
7528
7550
7438
7466
7460
7538
7572
7508
7474
7456
7468
7494
7474
7366
7306
7210
7342
7216
7262
7268
7234
7212
7304
7312
7196
7240
7198
7200
7160
7080
6976
6940
6904
6934
7012
7064
7060
7106
7028
6894
6936
6924
6948
7078
7044
7134
7120
7092
7214
7242
7348
7320
7398
7364
7320
7382
7416
7376
7312
7206
7190
7130
7096
7180
7088
7160
7210
7220
7182
7278
7206
7210
7102
7026
7022
7088
7024
7166
7192
7148
7162
7276
7408
7318
7256
7264
7302
7232
7230
7162
7254
7360
7264
7222
7186
7084
7066
7080
7080
7134
7122
7132
7066
7034
7060
7006
6930
7044
7092
7124
7092
6982
6960
6914
6888
6866
6906
6870
6780
6898
6866
6872
6752
6658
6710
6802
6732
6812
6796
6700
6810
6794
6812
6748
6772
6716
6538
6636
6618
6620
6554
6470
6388
6492
6482
6530
6520
6414
6356
6294
6244
6322
6264
6112
6148
6086
6082
6048
6138
6236
6214
6224
6196
6266
6220
6244
6328
6338
6254
6354
6196
6228
6264
6218
6152
6346
6414
6370
6548
6588
6564
6380
6474
6400
6418
6356
6440
6506
6634
6674
6778
6754
6770
6760
6738
6854
6814
6842
6760
6912
6816
6710
6836
6898
6894
7010
7220
7124
7002
6998
7082
7094
7060
7092
7160
7208
7122
7012
6928
6938
6906
6892
6984
6894
6836
6852
6820
6786
6912
7022
7018
7032
6956
6992
6946
7014
7048
7042
7002
6998
7002
7078
7052
7008
6962
6948
7084
7100
7094
7052
7122
7086
7156
7176
7156
7180
7188
7158
7086
7098
7178
7124
7156
7144
7108
7136
7226
7224
7230
7266
7300
7338
7352
7352
7324
7344
7264
7360
7286
7384
7372
7448
7304
7266
7218
7286
7128
7156
7182
7100
7126
6976
7088
6988
7026
7088
7240
7246
7092
7128
7066
7054
7034
7082
7040
7044
7150
7084
7214
7282
7206
7258
7256
7182
7226
7292
7220
7170
7114
7146
7080
6968
7112
7094
7116
7202
7130
7116
7124
6950
7024
7080
7092
7152
7192
7216
7238
7248
7196
7250
7226
7204
7040
7190
7076
7164
7142
7258
7402
7454
7610
7670
7694
7738
7758
7668
7764
7760
7738
7642
7584
7640
7594
7618
7628
7654
7668
7620
7596
7404
7472
7530
7554
7550
7486
7464
7506
7498
7506
7518
7582
7608
7552
7512
7378
7370
7376
7344
7482
7466
7550
7602
7554
7464
7412
7416
7462
7426
7460
7480
7558
7622
7548
7484
7486
7370
7396
7498
7458
7412
7384
7374
7394
7464
7402
7390
7304
7282
7304
7482
7500
7516
7498
7548
7434
7340
7528
7482
7510
7550
7590
7584
7594
7474
7440
7514
7488
7504
7482
7542
7514
7456
7554
7424
7388
7360
7420
7476
7428
7424
7350
7286
7280
7380
7354
7282
7162
7200
7266
7264
7196
7008
7036
7230
7260
7342
7312
7248
7220
7332
7290
7218
7354
7284
7354
7314
7430
7442
7444
7480
7408
7448
7540
7602
7606
7574
7638
7594
7622
7656
7748
7798
7684
7744
7704
7640
7712
7554
7570
7652
7568
7538
7586
7648
7524
7610
7814
7768
7744
7748
7688
7664
7610
7568
7614
7536
7402
7464
7548
7614
7632
7558
7518
7510
7472
7482
7540
7594
7640
7632
7628
7676
7650
7732
7714
7610
7682
7656
7640
7628
7616
7670
7664
7626
7630
7542
7428
7378
7354
7408
7274
7320
7342
7420
7482
7430
7490
7518
7494
7420
7442
7402
7462
7468
7490
7412
7324
7260
7242
7268
7310
7294
7152
7194
7204
7240
7256
7280
7294
7348
7376
7288
7328
7240
7218
7308
7298
7398
7482
7482
7410
7338
7338
7346
7312
