878
904
892
886
920
936
942
956
950
954
958
962
950
916
946
944
914
916
924
928
916
924
894
914
894
878
892
928
922
912
922
930
938
914
900
896
908
904
878
880
890
906
878
912
918
918
920
934
938
922
884
868
876
864
850
850
848
826
836
858
822
836
856
836
868
846
882
900
946
958
982
958
976
954
950
946
932
948
932
914
904
888
914
922
904
906
938
936
914
954
928
894
896
938
926
934
918
904
906
888
880
894
910
898
910
930
918
924
948
934
942
894
874
884
910
896
916
894
862
858
842
844
866
834
858
848
868
850
854
860
886
892
872
882
868
848
884
892
890
894
906
906
922
916
930
944
942
936
892
896
876
874
910
872
886
868
886
858
848
852
894
928
924
956
948
944
918
904
888
848
834
830
852
876
878
902
912
890
910
924
918
908
908
918
922
906
906
898
930
934
924
924
958
948
940
948
928
910
846
844
856
856
846
846
882
900
922
934
904
910
896
912
918
898
906
850
850
880
868
886
902
922
918
886
858
860
882
904
896
894
926
898
924
900
892
906
902
938
954
942
944
926
940
930
902
878
852
866
886
908
924
918
904
908
886
852
890
946
934
942
932
944
922
894
918
918
922
908
924
940
926
932
936
922
920
908
904
906
896
888
880
858
870
868
874
892
890
902
900
886
872
886
868
922
960
938
928
960
952
930
924
942
924
932
922
922
898
876
892
930
910
908
892
906
888
908
916
926
908
902
914
892
878
864
874
884
868
882
886
902
888
868
868
872
862
850
808
834
854
768
780
794
794
776
750
746
792
770
784
806
814
838
874
890
874
850
870
866
898
900
902
912
916
902
926
882
900
906
910
948
966
948
964
968
960
962
938
954
926
906
904
900
906
922
910
926
950
926
940
936
924
910
934
932
928
948
956
916
904
912
932
916
904
864
896
880
890
882
894
886
900
928
942
944
930
920
950
966
944
934
934
898
864
866
874
908
932
940
912
894
894
904
860
842
860
876
878
900
870
858
888
886
908
920
902
900
934
936
918
906
890
888
858
888
914
910
924
926
908
890
916
916
926
924
920
932
926
938
950
924
928
956
956
918
900
908
916
906
940
936
934
942
966
952
932
924
946
938
914
926
944
942
950
928
954
964
960
924
932
906
896
890
900
920
888
882
888
890
916
888
898
910
916
878
882
892
874
890
894
914
922
904
864
834
860
900
908
944
916
888
872
878
872
866
886
868
878
900
888
908
920
902
902
898
910
904
898
896
864
876
842
832
864
860
870
906
908
892
866
876
874
882
918
934
904
878
856
864
890
866
878
840
816
810
812
836
840
848
830
806
786
838
830
852
812
854
888
870
894
902
882
896
874
876
878
860
864
908
920
896
922
922
934
916
896
876
888
898
884
892
852
840
826
824
840
862
862
876
872
896
902
898
908
902
906
910
904
928
904
922
892
898
928
912
918
886
850
910
912
914
894
908
916
920
912
908
900
872
866
888
866
868
918
904
918
904
888
866
872
910
918
920
894
918
938
884
918
906
886
880
848
834
902
914
880
882
852
852
864
854
848
834
822
832
834
794
744
796
858
826
858
878
894
896
930
936
934
902
876
886
836
880
880
894
900
924
906
908
886
840
852
892
894
878
884
894
890
870
860
836
876
874
894
862
878
888
888
872
904
918
898
864
890
890
902
904
890
868
906
896
916
864
866
880
912
900
898
918
908
926
908
924
908
930
918
902
930
930
884
872
896
884
924
940
942
936
926
922
926
926
930
910
910
896
878
874
894
894
896
880
804
814
818
832
834
848
838
870
888
888
896
900
868
840
828
850
860
814
800
792
754
780
806
794
832
834
840
840
854
844
810
816
804
810
830
832
798
814
792
840
842
838
814
842
830
844
852
848
880
850
814
806
804
824
794
796
826
826
822
786
778
806
790
782
762
754
748
738
726
776
714
726
718
740
726
746
788
754
740
742
720
718
756
732
710
682
674
664
630
640
614
624
556
558
548
602
608
620
608
626
658
646
642
666
664
706
690
704
722
732
726
746
766
796
768
776
758
752
764
786
784
770
780
776
786
826
830
840
814
798
794
804
796
798
750
786
792
770
804
794
798
774
812
818
796
810
800
814
822
812
826
840
802
814
840
820
826
846
840
846
852
894
920
902
914
924
964
934
904
864
888
890
894
888
864
844
808
828
870
854
832
842
864
862
832
854
862
850
834
822
810
850
858
888
864
868
888
882
898
908
906
896
864
882
866
866
878
868
900
880
886
906
898
900
924
936
914
932
932
874
902
900
910
924
926
930
902
938
922
940
914
900
910
932
932
904
918
914
930
944
944
938
950
934
896
874
852
870
886
888
856
852
836
846
866
846
824
816
784
816
826
842
848
872
874
870
846
884
892
878
874
890
864
904
876
884
908
866
894
918
914
890
894
918
902
890
868
896
890
906
902
898
890
854
864
850
872
922
928
898
908
920
916
922
928
932
926
926
920
960
958
960
936
916
918
886
884
888
864
842
874
910
898
888
882
872
902
902
904
916
924
938
926
912
918
924
888
876
868
898
908
894
910
896
906
880
892
914
900
896
932
922
878
840
890
868
888
904
864
860
864
872
862
852
878
878
906
902
878
872
876
850
856
866
854
870
890
892
892
874
860
854
798
774
780
718
726
716
726
714
728
744
712
702
692
692
704
672
672
634
668
662
626
646
656
650
598
594
630
640
660
704
742
720
754
754
754
760
796
770
754
770
760
758
766
734
768
804
816
824
816
830
816
800
802
784
794
832
846
832
838
878
872
874
872
870
906
896
904
884
908
910
892
922
938
932
944
910
900
902
858
890
902
916
898
924
910
904
894
882
844
884
890
904
884
918
916
912
968
944
954
942
964
914
890
838
866
850
818
824
824
838
846
836
866
916
934
908
900
890
888
866
876
882
860
918
920
930
892
892
858
836
884
908
868
860
900
906
830
842
870
856
858
872
860
858
854
876
884
864
884
886
908
910
882
916
934
938
926
958
970
968
948
918
908
902
932
924
912
916
924
898
912
924
916
926
930
902
910
906
878
860
856
820
842
860
852
852
864
882
892
872
868
920
910
920
928
908
892
908
918
928
906
918
922
914
918
918
930
926
904
902
904
890
894
922
922
936
910
876
890
888
910
906
932
908
888
906
920
844
838
812
822
814
826
804
834
810
852
868
870
870
870
866
884
874
898
904
908
858
890
886
902
904
914
936
936
928
908
904
918
918
924
910
918
940
944
920
926
916
952
962
956
940
960
952
954
972
966
946
932
908
942
948
940
958
952
960
956
948
948
948
924
912
894
868
840
854
894
914
932
928
920
938
922
942
932
924
912
906
890
902
926
932
940
956
922
918
916
938
922
906
910
908
898
926
916
918
924
944
956
938
942
926
924
946
920
948
954
950
948
946
942
946
916
920
918
926
932
924
916
918
922
922
912
890
882
866
862
880
888
888
918
888
908
930
914
888
900
904
906
894
860
896
898
860
892
896
878
834
828
852
862
874
852
864
892
860
870
868
870
882
872
872
894
900
876
854
894
892
888
900
914
904
894
900
884
848
848
828
834
806
856
870
884
898
904
918
916
916
920
926
916
918
898
876
876
890
904
914
902
910
898
894
902
916
914
924
924
926
906
932
914
928
944
958
958
950
928
890
874
844
808
848
810
806
818
794
824
874
852
876
910
862
888
830
848
890
880
872
858
898
878
866
872
880
862
872
902
874
876
882
870
884
900
894
886
860
870
904
882
870
908
910
908
908
902
898
874
876
904
888
892
898
894
880
868
826
838
858
834
834
830
832
834
846
840
838
836
848
854
856
850
882
894
886
886
890
890
920
908
906
902
880
862
858
822
802
838
828
838
850
842
886
896
898
902
908
930
922
922
896
876
892
898
894
888
914
890
890
832
860
858
876
866
852
854
852
892
884
870
878
856
860
872
862
884
890
886
894
932
926
910
908
928
906
888
858
866
860
882
886
908
870
882
890
876
894
894
872
878
894
900
906
876
872
902
906
908
928
932
896
908
896
890
906
926
936
950
956
956
944
962
954
916
890
898
884
870
858
876
878
884
878
862
850
858
882
900
886
874
882
868
886
900
888
902
910
904
898
870
852
824
832
818
818
870
858
840
814
800
822
830
842
832
820
808
834
834
844
894
884
914
920
908
882
886
888
894
886
902
884
908
890
900
874
874
848
846
852
836
820
788
812
838
836
818
854
862
826
854
882
888
902
900
926
896
912
918
904
892
916
910
920
888
858
896
914
938
932
930
910
906
926
890
906
908
916
932
928
900
908
938
920
902
890
906
924
932
928
920
914
898
886
874
870
882
882
860
866
858
856
856
868
882
888
922
932
952
952
952
956
950
940
928
924
914
890
902
922
922
890
908
906
920
944
958
948
918
942
942
916
922
888
902
882
890
906
914
908
908
910
902
870
904
904
914
898
878
870
868
870
860
860
842
820
798
802
800
782
768
794
770
792
770
780
802
794
742
722
776
750
764
798
794
800
800
798
784
750
780
790
796
802
814
826
854
808
818
826
