838
862
860
876
844
820
834
818
810
798
816
848
834
840
886
898
892
894
876
904
926
890
894
832
858
852
856
864
806
828
848
810
828
866
876
870
870
876
872
856
860
836
886
900
940
942
940
938
930
932
924
940
926
886
924
898
936
920
874
870
892
854
826
848
894
908
914
908
870
882
884
910
896
896
896
914
922
908
884
874
856
864
878
862
814
854
862
904
912
912
924
910
902
874
842
858
860
862
864
854
776
802
836
856
834
812
822
872
860
894
882
884
890
884
908
870
886
920
912
938
908
904
896
898
898
924
924
924
908
880
888
906
860
886
868
868
896
876
880
858
922
912
914
934
910
898
930
942
940
932
928
922
920
920
918
922
906
898
874
882
898
870
874
874
872
874
846
872
852
866
860
854
874
854
858
892
888
856
838
842
878
892
874
896
878
860
854
898
862
868
846
830
842
818
810
862
874
888
900
932
928
918
942
934
938
894
924
926
912
892
894
930
932
950
952
926
904
884
852
852
838
858
876
830
858
878
898
902
904
896
898
898
894
896
892
936
930
906
894
898
876
834
854
834
886
884
864
894
864
868
864
886
874
874
870
866
854
854
838
814
818
820
832
830
846
832
814
828
852
830
832
842
896
874
876
884
878
856
888
888
894
852
846
790
806
818
786
808
828
836
838
838
782
790
762
828
828
798
780
780
812
804
818
794
832
854
856
858
860
846
844
872
860
884
856
858
856
862
838
836
812
816
828
836
876
852
842
832
834
814
806
818
818
818
798
806
854
844
840
836
828
854
864
878
872
898
892
870
886
894
870
846
882
880
910
908
892
900
894
884
864
828
832
828
826
870
858
840
844
852
862
830
796
822
806
812
866
826
796
816
834
826
826
822
786
816
766
764
728
744
774
782
826
834
850
844
852
862
828
832
832
816
824
830
856
814
812
812
806
812
842
874
872
886
906
884
874
862
864
870
880
876
874
888
864
868
872
852
852
864
866
812
812
854
854
894
866
892
886
900
890
906
896
882
908
898
894
848
874
898
850
850
812
846
848
812
802
778
806
828
804
804
816
788
816
788
764
780
840
862
856
872
858
850
850
864
858
862
854
850
894
892
898
888
846
828
824
814
830
858
860
886
904
890
868
820
840
840
824
814
816
806
822
826
844
802
816
780
784
828
800
802
804
840
808
774
744
784
828
852
850
840
858
876
880
888
868
876
878
898
892
866
870
852
850
872
868
884
900
876
870
880
918
930
904
918
916
910
906
898
908
910
902
870
872
890
884
876
896
878
888
864
852
852
836
834
862
854
856
862
868
842
858
836
818
810
812
828
824
816
832
834
858
848
812
830
816
816
820
844
802
764
784
764
776
810
826
830
812
810
796
866
846
848
870
888
866
866
878
890
866
858
846
848
868
850
830
832
830
818
820
822
856
856
870
864
860
874
870
850
838
838
870
908
908
880
882
876
870
888
902
910
884
866
864
856
838
860
844
834
828
842
846
800
782
816
836
860
826
856
826
826
832
834
862
844
856
838
828
848
820
872
886
864
858
854
834
838
848
868
836
832
842
830
812
776
724
782
774
748
754
766
746
734
722
780
748
760
774
770
756
770
752
804
834
844
838
812
836
864
846
828
836
834
816
792
768
756
774
746
724
784
744
768
764
758
736
694
710
766
720
738
766
744
732
730
762
764
754
764
766
778
726
742
804
776
776
790
778
782
792
776
776
768
798
810
806
784
770
790
798
788
790
816
772
780
784
792
776
754
746
782
764
752
730
728
722
744
782
746
758
788
774
770
758
740
734
786
756
730
772
768
768
740
716
714
700
714
732
728
708
710
674
718
700
680
672
708
704
728
786
800
812
836
834
840
878
886
882
864
888
900
882
888
886
896
896
916
918
906
870
848
854
856
850
796
784
800
770
760
738
740
720
646
624
630
664
638
672
648
612
628
638
646
654
644
670
656
644
598
622
618
596
572
626
614
596
542
556
562
554
574
580
614
608
628
658
620
610
612
614
622
660
698
676
682
646
648
666
710
730
762
724
736
736
708
700
732
752
800
800
794
812
832
818
864
888
850
846
852
848
862
860
848
848
842
838
784
754
742
744
736
756
758
724
732
760
752
708
714
684
698
736
764
740
722
740
796
792
826
820
838
820
838
836
828
810
822
824
806
808
832
832
830
832
826
832
842
828
810
824
802
818
802
780
784
780
794
752
776
788
762
768
776
740
762
794
780
796
832
836
876
866
846
840
870
860
896
886
898
884
884
854
806
812
840
810
820
854
834
846
816
842
830
868
834
818
844
866
864
880
898
892
870
870
870
892
898
916
898
888
890
884
876
888
880
918
894
840
848
846
808
782
798
838
808
824
808
800
792
822
820
808
778
760
754
752
740
726
710
700
734
692
720
736
742
748
744
726
708
720
732
734
730
758
728
744
736
750
742
724
688
632
680
690
738
736
750
728
710
748
750
768
788
816
834
848
830
844
834
820
828
820
848
858
822
822
852
862
868
866
850
840
864
822
822
832
878
866
846
872
894
924
912
892
920
934
892
870
904
916
928
890
922
894
898
872
858
868
894
892
904
898
908
902
898
890
890
932
914
882
892
910
900
886
898
856
838
790
792
810
800
786
810
802
816
828
806
800
832
822
844
854
836
868
852
874
886
882
902
898
902
912
910
894
910
888
914
886
878
882
852
854
816
782
774
778
824
814
822
826
780
794
790
788
764
772
786
786
828
838
820
786
796
846
846
838
850
844
832
846
852
840
842
854
856
852
844
876
894
890
906
906
914
900
904
878
834
860
876
872
884
902
910
904
912
910
900
942
928
918
890
900
900
912
906
920
916
916
936
926
920
908
914
904
902
906
884
900
884
906
906
888
890
854
884
890
892
890
844
850
844
850
870
856
800
834
832
844
836
836
850
852
854
830
814
796
824
862
834
852
876
894
888
868
850
884
906
880
858
848
868
886
908
876
908
930
928
938
920
898
904
922
940
920
918
936
922
904
884
858
832
816
846
846
812
826
850
848
834
840
844
810
834
810
790
796
824
838
870
838
842
842
826
852
854
868
876
874
876
882
876
930
916
900
920
914
884
876
904
904
896
862
830
838
820
838
864
874
856
868
848
864
878
890
868
896
932
918
908
914
876
876
874
848
870
880
878
864
862
856
874
854
826
846
852
860
844
830
854
864
854
896
894
872
850
828
860
866
864
896
892
894
864
868
844
856
894
884
874
900
864
856
898
852
830
854
846
840
820
820
858
846
856
864
846
862
826
802
822
840
854
870
840
848
854
862
834
856
884
892
856
912
888
916
886
890
878
826
806
824
830
860
844
792
800
826
782
778
760
772
734
718
690
654
620
624
612
650
650
670
694
638
650
704
718
718
704
702
732
726
696
652
602
642
632
638
602
642
600
604
600
622
604
616
628
646
664
678
686
698
706
700
706
728
730
702
712
728
762
794
822
842
872
850
850
834
814
890
892
892
902
888
854
870
854
864
864
882
866
852
830
868
878
870
834
842
842
826
842
850
882
894
880
872
880
906
870
890
896
886
930
924
902
878
896
918
906
886
880
866
894
888
866
846
832
820
806
824
834
860
870
842
836
838
808
838
838
818
802
764
828
838
832
828
764
782
822
838
870
898
900
904
906
884
886
916
926
922
908
866
880
892
884
874
904
872
872
908
886
876
852
844
836
814
824
828
850
880
892
870
852
792
808
814
828
854
818
804
804
848
874
886
876
890
900
916
906
890
886
868
902
910
912
870
856
844
854
880
850
864
820
852
884
868
872
846
808
762
788
758
762
752
776
756
740
758
796
838
836
828
812
856
820
820
810
796
776
790
792
792
796
736
714
720
750
716
664
666
676
650
616
598
610
586
594
592
564
574
568
614
612
558
580
594
596
566
596
598
590
556
592
566
544
580
612
604
602
616
638
590
566
580
628
648
676
714
698
738
756
720
742
736
746
750
762
776
806
822
796
754
752
800
802
802
810
790
764
774
768
750
724
704
706
706
740
744
746
764
810
794
802
808
774
786
776
796
804
776
772
758
770
764
764
768
744
752
780
792
776
772
786
782
734
750
756
794
786
786
764
792
748
734
756
752
728
740
752
732
744
734
720
710
736
726
742
716
706
748
776
790
768
784
780
790
826
828
774
824
784
822
830
842
838
860
874
836
796
812
830
830
858
890
914
902
906
914
908
870
892
878
864
874
876
856
874
878
898
962
934
898
884
880
894
926
926
946
926
926
900
888
900
902
896
876
846
892
882
864
858
838
876
880
842
826
822
866
868
844
834
866
880
862
870
874
846
868
884
880
886
898
886
890
876
880
866
886
848
882
886
850
842
882
898
906
858
866
862
888
870
890
862
874
898
892
890
908
904
898
872
838
846
830
844
874
876
878
888
892
862
852
842
818
810
804
850
846
856
886
836
838
912
926
930
944
940
898
908
880
880
924
902
904
902
898
890
890
918
904
906
888
860
860
848
878
876
868
892
886
854
856
870
888
858
878
906
916
908
916
888
864
852
834
886
856
878
864
856
858
824
