770
758
808
894
1018
1060
1126
1088
1066
1108
1042
940
836
840
870
1002
1008
980
994
1048
954
882
818
882
956
870
764
680
688
644
626
606
650
644
682
612
712
694
718
798
810
788
886
948
884
938
918
862
852
810
728
672
576
674
680
640
718
714
722
678
634
574
506
612
612
536
502
500
534
600
634
624
616
544
556
594
546
546
510
522
566
454
430
460
402
380
416
394
398
426
468
412
328
296
258
330
216
182
218
168
118
244
308
254
296
316
348
314
326
340
326
286
278
132
106
158
120
126
170
88
130
122
136
260
338
210
148
54
64
70
46
10
16
26
58
186
32
30
88
66
62
8
160
178
134
138
128
82
138
174
4
34
46
160
150
78
60
122
96
48
52
16
18
32
120
80
148
138
138
174
40
94
64
62
18
80
88
4
46
66
50
24
52
50
140
144
114
78
186
212
136
180
92
132
136
124
154
138
68
14
204
86
102
154
16
54
102
98
58
214
184
324
262
284
334
400
390
376
370
362
430
268
362
326
302
314
224
268
168
222
150
134
158
110
122
154
90
12
30
94
18
58
50
144
168
194
88
44
20
76
132
42
52
150
168
152
202
148
114
62
30
16
24
110
10
36
24
86
118
148
202
146
242
176
144
166
114
100
94
70
54
52
80
78
116
168
142
178
136
76
64
96
156
78
66
130
138
6
40
118
110
74
76
18
16
18
108
38
50
78
102
18
18
42
6
20
66
6
56
32
2
140
134
164
76
56
82
118
196
320
378
242
110
122
116
88
208
294
400
382
308
296
334
496
584
460
534
550
618
670
476
424
396
418
504
478
472
502
444
504
470
428
416
460
448
484
496
520
576
612
644
646
698
740
644
684
758
672
692
692
696
750
746
750
812
764
756
732
766
716
754
858
888
914
982
994
990
1106
1072
1020
1042
1002
846
878
892
842
840
862
902
854
874
922
1110
1170
1078
1072
1092
1116
1178
1148
1102
1104
1120
1104
1150
1106
1184
1310
1254
1258
1288
1306
1318
1322
1286
1272
1298
1332
1252
1250
1190
1176
1276
1298
1234
1158
1152
1116
1018
952
1014
892
902
882
886
858
772
778
718
706
746
750
752
720
734
762
602
776
812
734
658
600
622
576
532
568
562
596
638
656
656
624
704
802
858
884
974
1018
1026
1000
1086
1188
1250
1126
1172
1180
1176
1316
1366
1304
1358
1398
1472
1496
1504
1442
1516
1554
1574
1522
1484
1418
1388
1358
1302
1324
1320
1288
1258
1348
1356
1400
1396
1336
1238
1230
1292
1200
1156
1160
1074
1130
1160
1144
1184
1160
1100
1026
1118
1196
1062
970
1006
1030
1030
1004
1102
1026
998
866
982
886
834
792
830
930
774
854
994
1022
978
998
848
1000
998
934
880
834
862
886
882
874
788
766
804
904
934
876
932
920
978
928
992
1114
1122
1146
1148
1094
1150
1130
1188
1224
1252
1256
1316
1342
1298
1278
1254
1284
1252
1236
1148
1128
1176
1190
1080
1114
1152
1114
1066
1000
988
1054
1020
1026
1026
962
876
872
876
866
944
866
876
828
774
874
1000
960
1000
1036
1100
998
958
996
938
898
852
836
782
788
808
822
808
816
754
744
686
666
622
462
424
272
244
268
334
322
404
448
520
622
680
748
798
710
620
660
716
600
586
580
592
528
438
380
408
506
430
456
470
458
518
558
594
590
610
638
592
576
658
678
610
696
584
462
426
536
544
616
526
522
582
608
538
550
638
562
422
374
352
452
416
480
538
520
546
566
500
456
340
254
182
244
184
266
344
320
336
330
290
300
198
156
70
20
32
34
94
146
88
38
96
124
206
260
350
336
196
198
274
262
370
316
398
466
490
454
366
466
418
358
392
310
268
246
300
312
96
176
156
238
188
128
84
22
84
12
64
148
176
110
214
308
230
254
266
354
412
398
466
452
326
294
270
168
150
110
200
180
100
84
92
48
16
34
174
272
208
336
354
274
310
238
304
312
362
324
290
226
314
302
398
370
486
512
514
456
508
404
354
332
410
362
418
460
512
550
570
546
524
470
404
394
384
372
458
562
554
456
468
454
394
330
318
324
270
258
230
308
314
314
280
222
118
214
388
366
398
316
146
106
134
160
172
196
82
164
94
112
142
76
90
74
64
10
68
148
132
160
130
180
222
182
198
236
216
146
194
168
164
136
94
62
112
88
120
184
202
224
254
272
298
274
444
504
536
606
616
574
610
568
538
508
504
452
494
480
470
456
438
462
512
482
502
562
632
762
664
676
574
662
636
522
536
552
372
326
374
394
376
376
420
484
450
422
432
564
580
480
534
604
588
656
684
598
572
514
490
462
406
406
470
504
616
598
644
686
632
526
596
566
632
662
578
592
594
630
614
670
668
728
764
784
860
846
870
846
790
876
744
696
602
726
574
628
656
566
552
482
390
394
424
330
254
286
388
400
380
436
442
472
568
582
526
484
510
462
426
332
346
388
516
392
418
424
360
250
212
106
8
114
140
166
204
168
242
306
326
368
416
350
334
332
374
362
420
458
446
378
312
340
452
400
350
430
490
514
620
630
660
624
588
538
618
608
616
590
550
490
464
412
446
394
436
396
452
390
432
476
530
510
416
388
374
274
326
340
226
254
210
152
88
144
204
282
210
228
200
190
124
88
12
90
32
60
60
142
158
118
96
94
128
234
244
346
252
298
304
262
208
258
276
334
318
348
308
286
234
238
292
318
290
290
392
448
402
446
390
420
484
432
420
358
356
348
512
498
492
416
376
414
402
372
284
340
346
264
266
266
162
212
258
342
418
390
378
406
404
346
376
370
276
296
344
376
496
452
520
582
600
476
518
616
524
662
772
738
824
846
950
822
812
890
948
900
838
914
974
908
826
820
764
894
932
1014
940
948
960
948
1014
1028
1086
1144
1184
1306
1454
1378
1356
1362
1292
1334
1360
1390
1310
1190
1180
1204
1226
1186
1228
1088
1078
1016
944
982
886
836
838
884
894
922
840
834
768
668
748
766
788
734
696
696
650
650
658
600
680
660
576
560
508
576
608
612
562
504
410
282
266
204
176
202
126
146
176
126
38
28
20
4
6
30
26
174
204
236
174
168
128
124
30
84
28
70
140
34
52
30
18
84
136
256
288
318
274
240
390
350
316
338
360
320
308
300
332
420
348
382
464
496
492
496
450
422
470
474
498
520
466
400
350
284
302
260
244
154
114
12
70
48
152
144
194
220
270
190
148
184
214
190
344
290
342
366
356
320
282
308
274
194
136
98
70
44
48
34
76
82
96
102
34
92
32
38
50
10
60
20
90
134
162
164
188
126
158
114
148
130
44
22
0
14
12
40
64
20
84
44
42
144
76
48
46
100
66
48
28
94
196
228
150
168
316
284
294
304
280
278
330
296
290
328
308
256
224
196
312
366
368
270
288
308
232
254
258
340
286
202
136
96
64
28
86
12
66
40
2
26
84
180
142
68
94
52
34
60
90
66
146
82
118
98
98
130
132
68
24
30
86
6
52
84
50
100
42
24
26
42
22
10
22
124
88
124
168
86
98
116
62
140
130
48
26
76
122
34
48
72
86
104
158
64
8
20
74
42
22
20
58
94
154
148
136
154
160
232
212
270
280
254
270
330
300
334
262
194
166
302
312
370
334
330
324
330
378
440
346
360
330
424
332
258
272
250
178
308
232
198
200
192
196
224
286
292
232
370
332
372
372
364
254
158
242
214
246
252
278
270
200
98
82
76
16
64
36
58
6
54
86
50
30
22
2
44
30
10
22
12
4
66
22
28
134
112
134
80
130
58
22
8
68
14
54
74
6
26
42
22
64
8
34
40
100
90
30
22
120
172
272
340
304
300
296
232
226
254
336
358
220
140
124
250
276
298
362
350
332
202
152
132
164
176
184
140
248
322
408
366
290
232
228
222
246
172
196
348
304
382
378
222
214
170
120
56
4
160
42
56
8
84
86
28
140
172
100
118
22
2
48
20
8
72
80
140
196
252
178
282
294
200
218
272
250
200
144
146
204
282
240
252
306
362
360
384
386
354
236
136
86
162
182
62
174
224
308
342
410
392
388
356
312
310
284
282
194
182
172
138
194
198
226
266
292
382
402
436
380
442
388
250
308
266
264
256
118
166
108
2
20
40
22
6
152
160
86
152
244
228
176
270
226
208
202
288
286
318
308
370
440
484
482
590
610
622
460
400
470
488
436
432
418
504
570
504
458
326
318
360
258
232
268
210
144
98
138
290
342
342
404
440
356
306
278
198
166
68
20
24
46
136
150
192
304
338
260
188
126
120
218
310
248
142
168
222
186
168
220
288
242
328
292
294
292
352
360
344
398
352
378
356
460
440
472
472
620
528
402
322
280
290
260
240
210
202
206
346
292
310
406
360
400
436
418
364
344
368
406
348
306
316
374
392
352
440
408
404
458
442
532
426
410
422
472
526
490
410
478
612
662
604
592
628
668
618
652
602
576
604
666
718
746
786
722
790
722
850
888
920
1142
1072
1026
1030
980
964
960
878
1002
1018
1042
1104
948
854
946
984
1064
1156
1070
950
808
882
872
844
850
922
900
916
944
926
826
774
734
638
676
698
760
752
874
804
758
760
834
802
848
848
874
840
784
740
612
522
496
538
654
776
726
776
748
640
720
726
728
754
726
784
790
634
588
654
608
592
534
518
530
568
584
592
566
590
528
600
