950
940
922
926
944
954
942
922
904
888
852
834
870
866
872
854
842
866
856
842
864
868
874
862
818
810
790
800
806
842
858
882
900
890
892
880
878
900
898
918
930
926
900
904
904
908
930
916
930
914
894
858
862
870
866
848
828
836
826
860
864
834
834
854
836
840
848
822
836
860
878
886
802
814
816
800
782
838
838
860
860
862
860
876
852
874
876
846
822
836
826
830
836
846
842
838
892
898
910
894
902
916
906
924
922
908
886
914
934
950
916
916
924
928
912
894
896
906
904
916
916
942
948
904
910
890
902
932
936
964
960
946
932
948
936
950
938
938
922
936
938
908
902
894
904
910
914
912
920
886
892
888
866
840
834
870
838
828
820
778
820
808
776
792
794
796
822
756
752
794
786
800
808
796
800
792
808
832
826
828
830
848
878
856
846
856
880
910
902
868
878
894
884
890
908
932
916
936
938
904
926
904
888
816
852
840
812
828
846
858
854
850
862
840
838
844
866
896
886
886
884
870
864
872
858
884
894
872
848
852
904
916
920
888
896
896
906
892
904
850
838
818
858
860
866
834
836
844
858
860
892
874
868
876
886
914
916
908
930
962
964
906
880
874
864
880
884
894
878
870
882
900
904
882
890
898
894
874
822
852
840
842
824
818
846
832
812
870
872
882
918
884
902
924
914
908
906
934
944
968
970
948
944
938
938
954
960
912
898
904
920
934
932
930
918
878
854
852
832
826
822
784
770
790
782
792
790
820
832
826
828
820
804
794
806
808
818
820
830
848
844
846
856
862
854
862
842
850
860
826
842
812
812
876
874
858
860
872
878
862
868
878
892
904
896
914
876
884
904
910
912
928
946
930
916
918
936
948
948
958
930
916
916
908
898
880
854
888
904
900
882
900
890
832
836
798
820
814
774
804
816
818
864
888
874
838
884
904
892
888
912
910
944
938
936
934
912
942
942
938
922
928
928
908
884
884
876
884
862
878
870
888
890
938
944
936
924
924
932
932
924
920
920
920
926
904
924
918
872
916
888
894
842
840
854
862
840
852
894
904
916
902
922
890
892
866
868
832
786
778
802
816
834
864
876
876
884
888
902
900
906
920
896
900
908
912
934
922
916
910
946
928
918
916
926
936
924
936
936
946
928
946
892
902
896
906
916
914
906
920
868
894
904
912
912
924
884
882
874
850
836
864
804
798
806
782
814
870
864
874
848
840
824
820
804
812
794
792
818
842
850
852
838
828
854
830
834
886
876
852
848
872
906
932
944
962
956
918
944
930
924
926
912
896
912
916
912
880
886
892
884
878
854
858
896
888
894
904
910
922
914
880
884
888
848
880
888
906
910
912
908
922
928
924
930
894
896
898
890
844
874
890
882
850
896
884
856
860
880
870
872
870
866
854
856
868
858
852
876
888
890
892
888
888
886
880
874
856
868
832
828
822
792
800
818
856
872
860
872
830
848
848
830
856
862
836
850
872
860
880
866
882
898
914
918
918
942
926
876
878
920
934
896
932
924
914
914
926
938
938
924
898
894
920
916
898
904
894
884
894
882
880
858
856
858
890
902
920
912
906
918
910
890
916
868
888
898
902
912
902
882
872
866
870
920
910
902
920
910
926
898
914
916
908
908
906
890
852
850
868
866
862
862
834
844
874
878
848
870
826
824
804
836
858
828
828
818
804
818
810
804
786
782
804
816
850
868
838
852
824
880
872
900
886
860
886
906
918
920
920
934
922
910
898
916
926
902
888
884
916
900
890
868
846
844
848
858
866
874
888
880
856
844
864
876
860
846
850
882
884
848
844
860
876
860
884
908
926
936
932
912
950
950
932
924
918
936
940
922
946
952
944
950
932
946
940
948
934
930
946
932
942
892
872
878
872
890
884
870
872
890
878
846
864
852
892
906
900
884
900
886
880
862
870
840
850
868
898
910
902
910
894
884
892
890
918
894
908
916
900
884
894
904
920
918
932
926
912
906
910
928
910
902
872
906
888
896
878
900
922
924
930
936
950
922
940
932
922
892
878
886
918
922
904
918
936
938
926
922
912
892
876
884
898
844
864
888
890
876
872
900
886
946
920
908
860
854
846
858
814
800
802
804
824
818
840
876
896
922
924
900
888
906
894
882
874
884
888
846
866
872
892
878
896
900
856
832
866
894
858
890
926
898
902
902
932
942
934
928
914
924
924
906
936
948
942
936
926
936
928
918
912
900
896
916
920
940
938
926
936
932
908
894
882
890
916
896
918
904
908
878
866
854
870
848
858
808
868
898
864
884
910
936
920
896
894
906
900
904
924
890
924
902
874
872
882
894
850
828
868
856
880
848
856
824
790
790
804
816
840
846
876
826
874
878
890
892
894
878
904
914
896
892
924
920
872
870
858
870
876
876
854
818
824
882
868
828
822
800
806
820
816
840
822
842
844
822
818
816
844
832
840
820
848
864
830
808
822
818
800
786
742
786
750
732
744
708
736
748
758
792
802
792
766
752
768
776
766
774
770
780
806
806
780
772
740
748
752
748
756
752
756
762
716
688
716
736
704
654
742
736
744
752
742
742
776
788
792
792
822
864
890
878
840
840
866
858
886
874
872
906
888
900
912
940
922
922
908
882
902
894
902
910
906
898
914
940
938
928
924
886
886
852
836
860
842
852
884
914
928
914
926
902
888
910
910
906
920
920
918
928
894
890
882
894
924
908
912
894
884
896
904
874
842
866
858
856
858
854
856
826
860
876
836
834
822
840
824
864
842
862
856
862
824
830
822
840
870
882
922
864
878
842
872
888
876
878
870
860
836
814
792
856
818
820
798
824
786
782
816
850
824
796
840
848
868
834
848
846
836
858
870
882
860
872
888
896
918
938
928
920
916
940
934
896
890
878
888
890
866
908
914
918
914
902
940
924
924
910
892
908
926
940
926
960
942
930
948
922
884
888
858
836
884
842
868
870
886
890
850
822
848
870
846
876
858
882
850
868
848
876
908
922
894
878
874
902
880
888
894
880
898
904
888
872
876
888
890
904
886
858
804
832
824
866
866
852
830
826
860
892
878
852
902
896
900
894
884
874
872
934
956
950
936
942
944
938
940
936
930
902
888
904
906
904
908
914
950
926
878
866
858
830
830
826
824
814
766
742
738
732
720
726
692
660
656
646
658
662
650
662
650
640
632
704
724
740
746
760
790
854
876
870
854
874
912
886
872
850
850
824
784
786
794
756
800
788
818
816
782
782
800
824
820
878
928
930
912
914
928
912
906
914
944
930
912
894
866
844
834
868
874
862
818
850
864
856
824
834
814
780
784
778
798
790
794
768
760
762
778
794
828
838
842
878
912
894
926
910
930
954
964
954
936
936
936
920
914
890
920
890
880
930
888
876
922
902
874
862
842
836
778
800
784
784
772
746
804
770
784
816
806
804
790
780
806
826
814
776
816
818
806
838
834
870
858
864
892
896
870
898
878
858
894
926
898
892
896
914
924
894
878
868
858
854
846
842
878
890
894
892
894
852
880
876
854
838
848
814
842
814
834
832
840
850
862
860
798
846
858
858
878
894
864
854
846
850
866
874
896
870
866
858
866
862
878
848
848
840
856
850
868
908
886
880
878
848
894
912
878
886
888
902
906
904
916
910
900
902
918
900
884
908
920
908
894
890
886
900
868
848
854
856
844
842
876
884
900
870
874
882
904
910
940
936
916
908
882
876
874
892
860
892
850
866
864
874
880
860
866
884
850
894
880
862
868
872
902
874
876
876
902
866
886
868
880
908
918
926
936
946
940
934
904
896
902
926
890
926
918
898
908
928
954
948
950
938
944
946
910
912
926
888
896
878
878
896
914
880
902
878
906
932
904
906
874
838
832
826
850
836
864
882
866
872
894
868
846
790
796
796
822
816
836
852
832
826
808
848
830
826
830
814
848
852
848
852
856
864
852
878
898
874
856
900
908
938
920
916
940
936
916
922
950
916
928
932
924
926
910
896
884
918
914
914
898
874
870
900
870
900
900
914
922
908
910
910
888
878
890
900
894
888
912
900
886
886
866
890
884
914
868
876
880
856
874
868
836
856
872
850
852
880
892
856
854
862
876
864
886
868
846
928
894
894
896
928
918
888
866
882
880
894
906
894
906
920
906
908
892
844
848
824
880
896
876
876
928
938
934
920
906
906
874
924
922
922
910
906
866
836
838
836
860
868
916
928
926
914
902
934
940
942
924
948
920
890
872
898
898
914
890
886
860
868
858
838
870
852
852
848
854
828
872
866
874
916
928
924
936
948
948
950
926
914
892
902
894
886
876
908
908
894
902
914
906
920
912
890
888
876
884
882
908
876
898
854
860
880
880
886
874
858
854
808
826
816
776
792
852
854
874
864
868
878
912
890
854
852
838
872
844
828
812
812
802
834
848
862
844
862
914
930
926
946
918
902
914
924
896
886
874
912
904
900
848
882
892
902
906
908
912
934
944
970
956
946
934
912
900
864
838
880
866
874
872
864
850
842
852
876
888
918
890
900
890
908
902
928
936
942
940
910
892
880
866
876
888
890
854
