4162
4108
4060
4076
4148
4284
4316
4342
4274
4306
4232
4110
4022
3938
4102
3936
3972
3842
3788
3768
3786
3744
3646
3726
3794
3812
3742
3768
3710
3804
3828
3866
3838
3820
3748
3756
3758
3720
3816
3844
3912
3846
3766
3908
3918
3984
3946
3746
3736
3680
3770
3728
3746
3756
3770
3818
3780
3876
3966
3950
3938
3884
3856
3750
3784
3670
3754
3832
3890
3966
3978
3920
4048
4052
4088
4070
3986
3956
3856
3762
3726
3684
3806
3936
3966
4114
4114
4086
4076
4016
3876
3882
3872
3738
3732
3632
3648
3746
3558
3632
3692
3710
3780
3754
3652
3664
3628
3696
3728
3896
3804
3808
3870
3892
3608
3756
3782
3790
3804
3656
3740
3786
3892
3948
4044
4046
4052
4090
4206
4154
4134
4160
4322
4446
4336
4212
4182
4144
4180
4182
4266
4348
4374
4388
4374
4270
4276
4260
4114
4150
4186
4170
4162
4274
4290
4060
4052
4212
4226
4346
4496
4552
4686
4698
4828
4776
4690
4706
4608
4414
4332
4396
4270
4370
4488
4370
4452
4496
4546
4442
4390
4382
4410
4560
4470
4630
4572
4544
4756
4844
4996
4872
4840
4786
4690
4566
4690
4636
4544
4424
4546
4564
4648
4600
4654
4596
4568
4512
4506
4466
4358
4368
4372
4316
4204
4322
4286
4302
4352
4314
4230
4248
4148
4184
4174
4082
4114
4050
3952
3842
3924
3944
4048
4010
3936
4082
4082
4156
4026
4096
4166
3986
4000
4008
4018
4164
4162
3980
4034
3970
4046
4140
4260
4288
4220
4276
4294
4234
4298
4294
4282
4432
4476
4362
4348
4320
4418
4384
4450
4614
4476
4452
4466
4528
4628
4682
4800
4870
4860
4848
4908
4922
4898
4978
4864
4928
4752
4718
4718
4590
4670
4646
4590
4686
4678
4514
4446
4422
4466
4560
4460
4426
4458
4500
4584
4532
4638
4708
4802
4690
4794
4824
4820
4806
4844
4748
4738
4782
4802
4748
4882
4938
4916
5056
5100
5074
5050
4954
5048
4824
4958
4876
4902
4974
4992
4786
4688
4770
4662
4772
4652
4626
4552
4418
4534
4524
4532
4492
4372
4358
4354
4532
4642
4568
4530
4498
4704
4740
4882
4974
4954
5024
5018
4928
4956
4928
4882
5024
5062
5018
4858
4994
4930
4984
4918
4940
4914
5000
5074
5108
5130
5036
5166
5240
5146
5214
5080
5248
5036
5012
5036
5112
5064
5090
5092
5082
5092
5218
5348
5422
5350
5368
5268
5170
5158
5262
5328
5310
5410
5370
5278
5372
5078
5142
5234
5164
5130
4978
5060
5090
5146
5116
5144
5204
5340
5394
5392
5486
5388
5520
5572
5544
5488
5388
5306
5336
5474
5324
5352
5334
5322
5278
5256
5168
5146
5188
5146
5310
5298
5372
5446
5364
5376
5334
5238
5226
5294
5324
5196
5136
5076
5156
5314
5222
5198
5214
5134
4980
4920
4818
4780
4774
4728
4668
4676
4648
4676
4680
4818
4712
4810
4774
4752
4854
4952
4914
4894
4868
4960
4912
4894
4988
4930
4800
4882
4898
4926
4962
4826
4776
4844
4782
4832
4946
4834
4844
4812
4684
4564
4600
4548
4602
4692
4880
4718
4778
4748
4802
4724
4742
4796
4936
4796
4802
4900
4788
4802
4874
4856
4852
4780
4638
4628
4700
4586
4512
4702
4742
4602
4586
4576
4450
4544
4466
4432
4518
4504
4630
4748
4762
4706
4540
4730
4872
4872
4878
4942
4972
4920
4960
4936
4914
4902
4864
4884
4846
4886
4748
4776
4940
4948
4904
4850
4702
4620
4604
4634
4644
4606
4590
4498
4418
4520
4500
4380
4518
4462
4518
4506
4456
4402
4392
4438
4406
4410
4426
4492
4532
4568
4380
4398
4322
4356
4448
4458
4514
4524
4390
4366
4356
4348
4262
4206
3926
3796
3762
3742
3710
3656
3704
3760
3658
3514
3430
3508
3308
3404
3516
3430
3434
3546
3578
3392
3380
3358
3478
3556
3576
3496
3608
3622
3558
3714
3804
3768
3784
3798
3684
3688
3642
3722
3682
3574
3626
3746
3802
3876
3994
4006
3982
4136
4172
4180
4128
4136
4058
4168
4228
4152
4112
4006
4220
4136
4192
4236
4332
4134
3988
3960
3856
3764
3564
3666
3690
3842
3832
3936
3946
4024
4136
4314
4370
4422
4490
4242
4108
4140
4058
4084
3992
4002
4128
3986
4024
3976
3882
3828
3834
3806
3788
3854
3914
3960
4022
3942
4050
3994
3856
3852
3660
3772
3800
3670
3598
3706
3566
3704
3762
3794
3830
3826
3810
3838
3832
3708
3602
3638
3600
3604
3668
3646
3642
3636
3740
3734
3786
3602
3534
3648
3516
3492
3558
3572
3636
3546
3544
3598
3716
3700
3712
3674
3548
3600
3404
3366
3366
3520
3570
3682
3644
3566
3566
3726
3742
3744
3804
3782
3770
3722
3822
3914
4014
4082
4096
4082
4094
4084
4006
3926
3848
3830
3778
3680
3652
3674
3760
3724
3600
3550
3614
3624
3428
3430
3412
3336
3322
3338
3328
3130
3064
3172
3114
3168
3036
3070
3122
3030
3058
3006
3118
3202
3238
3334
3464
3464
3544
3450
3358
3460
3528
3444
3338
3356
3392
3448
3366
3434
3600
3762
3850
3844
3854
3944
3924
4028
4128
4148
4030
3918
3844
3876
3910
3812
3786
3858
3996
4048
3994
4094
4250
4144
4234
4140
4066
4154
4238
4300
4228
4350
4292
4322
4194
4182
4044
4088
4078
3942
3890
3952
3858
3860
3894
3830
3758
3824
3634
3754
3862
3902
3836
3772
3824
3898
3982
3958
4140
4188
4208
4052
3944
3938
4004
3996
4048
3964
4004
3980
4004
4012
4062
4036
4072
3960
4056
4036
3862
3858
3890
3824
3762
3784
3836
3796
3750
3646
3558
3562
3580
3530
3324
3328
3250
3264
3374
3176
3110
3086
3124
3102
3214
3034
3044
3052
3148
3260
3158
3266
3316
3342
3296
3332
3234
3248
3244
3072
3002
3030
3134
3086
3084
3042
3234
3090
3034
2934
2954
2966
2834
2796
2800
2730
2754
2720
2724
2538
2454
2492
2488
2556
2544
2466
2404
2372
2496
2330
2458
2422
2574
2576
2620
2646
2636
2664
2772
2644
2616
2608
2676
2658
2798
2832
2740
2938
2992
3116
3058
3096
3066
3184
3270
3234
3228
3148
3170
3194
3104
3090
3152
3136
3300
3238
3242
3252
3236
3276
3348
3348
3440
3512
3654
3500
3642
3580
3568
3586
3508
3440
3428
3540
3686
3780
3698
3664
3592
3448
3484
3472
3376
3462
3572
3556
3536
3602
3594
3576
3494
3560
3678
3762
3762
3840
3714
3572
3654
3572
3542
3550
3496
3538
3644
3638
3578
3606
3752
3832
3764
3652
3578
3586
3678
3746
3784
3946
3920
4006
3988
4066
4282
4378
4332
4460
4402
4322
4318
4310
4356
4246
4100
4116
4008
4008
3912
3878
3830
3826
3818
3902
3850
3948
3804
4058
4022
4206
4038
4074
4022
3946
4012
3998
4108
4086
4196
4158
4168
4186
4328
4272
4482
4542
4500
4458
4440
4436
4490
4460
4532
4438
4522
4340
4326
4328
4248
4204
4228
4438
4476
4426
4414
4386
4290
4342
4250
4222
4178
4200
4162
4168
4102
4150
4052
4092
3958
3992
4130
4180
4110
3966
3886
3982
4044
4006
3934
3944
4004
4052
4046
3970
4220
4108
4190
4326
4298
4240
4338
4440
4452
4394
4348
4304
4372
4510
4562
4616
4784
4638
4734
4796
4848
4824
4842
4752
4674
4698
4686
4632
4720
4638
4620
4662
4666
4664
4578
4570
4632
4542
4452
4474
4530
4520
4532
4838
4768
4788
4728
4746
4828
4914
4828
4728
4660
4710
4648
4702
4900
4864
4778
4876
4998
5004
4926
4996
4932
4736
4614
4574
4572
4606
4696
4616
4628
4666
4722
4722
4720
4676
4706
4718
4768
4732
4720
4680
4700
4668
4522
4434
4564
4494
4514
4512
4448
4550
4456
4570
4584
4540
4570
4660
4516
4560
4604
4646
4714
4652
4620
4628
4612
4630
4700
4744
4698
4696
4740
4808
4878
4794
4820
4856
4944
4772
4884
4802
4710
4650
4498
4358
4380
4370
4466
4354
4446
4356
4208
4194
4218
4186
4158
4148
4248
4294
4240
4066
4190
4212
4182
4090
4062
4150
4314
4366
4318
4214
4092
3956
3868
3782
3982
3836
3714
3918
4012
4050
4002
4010
4070
4168
4322
4348
4354
4304
4330
4274
4284
4264
4290
4150
4234
4312
4374
4516
4606
4390
4334
4450
4448
4470
4398
4388
4186
4438
4366
4444
4230
4386
4374
4384
4370
4288
4254
4250
4230
4286
4260
4288
4150
4330
4372
4166
4114
4054
4110
4102
3902
3700
3724
3794
3716
3720
3848
3942
3874
3886
3832
3820
3904
3912
3764
3974
4050
3966
3886
3934
3928
3966
3872
4046
3822
3868
3742
3920
3980
3910
3778
3778
3676
3654
3532
3608
3554
3578
3458
3518
3514
3486
3526
3574
3520
3696
3752
3812
3828
3898
3714
3618
3572
3404
3296
3206
3322
3386
3390
3366
3498
3576
3536
3442
3350
3382
3270
3178
3150
3076
3250
3254
3368
3502
3488
3622
3562
3596
3538
3498
3540
3552
3518
3578
3582
3458
3282
3176
3164
3234
3142
3012
3004
2784
2802
2850
2826
2808
2918
2898
2974
3080
3052
2930
2984
3044
3044
2852
2796
2758
2872
2856
2910
2800
2718
2760
2596
2558
2642
2504
2432
2538
2572
2726
2674
2674
2622
2666
2582
2594
2726
2754
2856
2830
2868
2782
2688
2692
2728
2874
2816
2978
2994
3026
2978
2988
3044
3056
2888
2950
2932
3082
3160
3122
3126
3194
3220
3274
3406
3348
3422
3420
3392
3302
3300
3444
3422
3386
3202
3246
3308
3280
3094
3014
2934
2844
2850
2860
2876
2850
2776
2700
2730
2736
2636
2634
2644
2590
2626
2656
2778
2670
2516
2590
2634
2486
2354
2244
2248
2340
2268
2158
2078
2222
2058
2094
2098
2156
2168
2224
2322
2342
2268
2498
2660
2522
2520
2514
2628
2806
2854
2742
2828
2842
2792
2758
2738
2756
2924
2904
2854
2742
2722
2804
2766
2816
2880
2906
2952
2906
2852
2828
2736
2718
2626
2704
2678
2794
2862
2824
2892
2956
2872
2784
2848
2972
3084
3138
3124
3186
3238
3136
3000
3014
3024
3038
3034
2970
3036
2906
2914
2910
3152
3230
3158
3220
3288
3348
3474
3392
3344
3368
3432
3382
3518
3440
3402
3414
3380
3456
3598
3626
3606
3552
3686
3796
3848
3656
3658
3790
3544
3612
3618
3840
3950
3938
3878
3788
3804
3710
3642
3670
3718
3820
3784
3800
3784
3904
3852
3844
3652
3612
3580
3718
3722
3810
3896
3760
3778
3878
3906
4022
4100
4038
3938
4014
3890
3894
3882
3786
3778
3752
3682
3718
3684
3770
3792
3858
3828
3738
3686
3590
3624
3724
3616
3510
3468
3618
3700
3804
3768
3872
3870
3750
3718
3682
3704
3670
3630
3744
3816
3958
3884
3892
3972
4112
4142
4206
4170
4282
4248
4070
3852
3898
3964
3988
3888
3972
3958
4028
4018
4136
4156
4156
4056
3952
4008
3930
3904
3842
3786
3722
3528
3702
3620
3620
3468
3432
3372
3344
3398
3470
3410
3378
3476
3578
3542
3476
3514
3510
3446
3552
3504
3418
3528
3400
3346
3344
3408
3280
3340
3310
3366
3522
3394
3386
3366
3316
3354
3312
3332
3300
3342
3182
3312
3320
3388
3346
3178
3236
3388
3322
3198
3006
3072
3124
3068
3130
3142
3192
3212
3178
3286
3288
3506
3532
3588
3548
3566
3284
3162
3144
3136
3142
3192
3222
3224
3268
3204
3242
3424
3444
3304
3438
3496
3528
3504
3424
3456
3352
3368
3336
3246
3182
3048
3100
3202
3276
3294
3350
3380
3344
3318
3432
3554
3594
3590
3672
3564
3604
3542
3444
3536
3620
3586
3570
3866
3840
3696
3794
3832
3994
3874
3906
3878
3818
3712
3644
3646
3596
3592
3754
3814
3862
3820
3796
3882
3816
3812
3798
3676
3528
3610
3566
3456
3490
3504
3462
3452
3374
3484
3468
3554
3638
3610
3478
3368
3324
3398
3538
3388
3280
3508
3430
3464
3462
3584
3450
3396
3372
3296
3224
3226
3168
3044
2820
2742
2736
2800
2838
2764
2732
2778
2836
2670
2684
2710
2812
2668
2812
2838
2784
2912
2880
2834
2940
3116
3200
2938
3106
3150
3236
3188
3242
3438
3532
3496
3620
3648
