908
916
942
924
964
988
1048
1142
1212
1328
1188
1228
1258
1342
1452
1472
1380
1184
1202
1188
1112
950
1016
790
864
876
920
868
840
812
896
888
938
910
956
932
1020
750
576
638
652
646
796
768
724
648
766
890
898
1114
1242
1308
1088
1124
1146
1280
1280
1220
1232
1104
1028
922
1042
914
728
618
696
668
682
786
620
670
616
624
676
818
800
778
1030
1160
1194
1218
1168
1198
1202
1376
1260
1292
1348
1326
1180
1134
1198
1322
1364
1144
1282
1350
1188
1386
1508
1680
1634
1704
1760
1686
1792
1922
1800
1924
1982
1982
1842
1804
1808
1678
1776
1678
1604
1638
1518
1580
1596
1522
1432
1372
1394
1502
1486
1414
1396
1416
1528
1574
1636
1752
1736
1916
1894
1688
1698
1792
1754
1778
1820
1710
1774
1698
1618
1642
1532
1486
1508
1504
1346
1358
1266
1288
1410
1402
1390
1184
1192
1328
1436
1414
1402
1478
1440
1564
1532
1422
1496
1482
1500
1484
1214
1034
986
934
994
1056
1380
1206
1094
1122
1306
1204
1010
886
834
832
930
1038
1184
1260
1330
1414
1442
1444
1472
1560
1536
1396
1420
1396
1424
1374
1488
1530
1652
1592
1610
1696
1772
1930
1818
1718
1636
1750
1624
1526
1272
1236
1276
1164
1088
942
898
1000
1078
1140
1020
1176
1056
890
844
912
728
758
666
708
920
950
988
1032
1004
926
850
766
724
938
760
552
440
608
604
578
648
610
578
422
590
626
590
570
580
562
534
592
608
544
498
674
458
512
484
614
622
644
770
692
704
602
598
584
590
458
566
662
724
856
906
1018
848
814
810
654
842
712
828
854
810
884
722
854
914
852
884
882
902
876
954
914
1068
1102
1300
1326
1348
1422
1514
1374
1412
1392
1302
1326
1348
1376
1192
1206
1220
1392
1536
1518
1448
1346
1378
1450
1452
1496
1660
1730
1624
1706
1752
1676
1662
1480
1352
1360
1368
1204
1248
1250
1122
1010
1106
1130
1076
1100
1106
1250
1192
1270
1154
1334
1188
1240
1254
1200
1246
1250
1284
1138
1138
906
1008
1052
1122
1140
1102
968
988
1048
966
1058
1148
1342
1388
1378
1278
1420
1504
1542
1568
1376
1264
1264
1196
1144
1346
1352
1288
1376
1432
1312
1398
1472
1674
1638
1528
1464
1342
1346
1328
1318
1088
1060
1144
974
958
1072
1048
970
962
748
726
696
660
624
834
724
638
564
504
402
404
406
442
436
540
290
348
476
452
356
298
106
52
178
224
200
246
106
76
136
104
0
10
42
94
54
58
78
92
234
338
596
602
632
546
576
532
358
432
564
404
522
530
394
250
294
530
522
608
690
770
770
606
476
480
448
590
716
866
918
860
842
862
900
952
926
782
876
726
748
852
754
796
764
662
652
794
916
876
770
698
596
420
564
514
388
208
270
256
296
244
218
216
334
204
338
360
460
414
570
554
698
656
618
496
582
364
296
228
144
72
10
76
134
290
158
34
280
184
224
160
176
18
106
190
322
354
542
498
482
458
454
358
518
558
552
572
542
530
496
402
350
376
278
396
248
208
280
518
384
252
258
314
442
450
426
418
304
256
294
248
328
438
388
420
306
346
492
446
394
566
500
628
612
678
702
984
1116
984
1096
1026
950
998
840
706
610
758
684
688
700
814
832
876
916
978
1108
1006
974
1018
996
1286
1294
1334
1358
1326
1498
1426
1438
1272
1262
1256
1296
1300
1170
1356
1448
1384
1498
1594
1594
1764
1814
1766
1762
1584
1698
1560
1360
1384
1386
1438
1540
1580
1516
1514
1548
1476
1428
1376
1352
1424
1464
1500
1506
1428
1420
1492
1474
1530
1508
1484
1434
1462
1518
1728
1638
1618
1678
1684
1766
1656
1692
1492
1588
1522
1386
1418
1250
1444
1558
1594
1594
1560
1600
1414
1400
1258
1330
1246
1354
1292
1358
1378
1452
1394
1306
1272
1276
1110
1236
1232
1266
1172
1146
1142
1186
1044
1172
1086
1012
854
686
680
814
720
636
572
534
552
466
462
558
556
696
592
524
454
262
292
390
412
350
390
434
394
364
478
478
606
584
574
716
848
914
1004
1196
1088
904
794
740
806
792
948
872
766
834
730
766
854
824
688
1002
1174
1258
1302
1394
1344
1518
1458
1290
1340
1394
1240
1256
1326
1342
1336
1390
1384
1430
1424
1468
1578
1708
1684
1566
1652
1692
1622
1660
1516
1638
1390
1612
1556
1514
1514
1506
1416
1436
1356
1244
1392
1086
1016
982
962
896
724
762
694
834
844
852
806
902
774
820
748
880
748
588
546
434
286
278
330
362
396
432
356
494
516
460
636
694
846
974
980
820
828
708
744
776
810
900
948
962
1012
992
850
1046
1272
1168
1188
1248
1232
1326
1400
1418
1444
1188
1078
904
966
1020
824
856
646
626
808
770
838
954
914
950
770
770
634
592
482
696
712
604
706
462
478
598
516
600
668
702
564
690
766
636
684
1002
978
956
762
674
574
632
564
574
624
530
420
418
636
624
592
706
574
624
544
380
232
112
240
242
252
206
142
32
8
32
2
98
148
42
134
270
44
90
118
146
146
154
20
64
122
148
94
228
188
54
186
152
266
258
388
428
540
734
764
714
728
812
722
838
732
704
800
942
942
866
890
970
1102
1068
1282
1232
1302
1400
1432
1416
1602
1668
1586
1576
1602
1466
1332
1482
1202
1266
1320
1398
1526
1678
1590
1568
1502
1662
1712
1686
1788
1962
2086
2226
2146
2326
2248
2074
1968
1924
2128
2070
2090
2080
2034
2134
2232
2100
2054
2126
2052
2046
2114
2168
2040
1940
1928
1986
2020
1886
1810
1762
1702
1758
1738
1660
1706
1478
1304
1200
1102
1260
1192
1024
1046
1038
968
1044
992
930
994
970
902
990
1064
918
1026
960
866
908
926
862
778
714
728
638
778
590
594
410
500
462
442
432
520
632
448
380
386
326
380
296
232
166
6
74
52
176
116
96
20
150
56
74
148
174
120
106
42
68
98
286
128
114
184
274
92
162
34
100
280
254
240
294
352
152
58
206
112
268
278
422
336
562
488
466
534
528
702
690
718
852
848
806
792
492
380
162
140
58
148
422
336
232
286
426
370
308
392
430
612
422
390
518
512
458
314
356
614
736
644
680
778
694
476
380
352
280
396
398
398
308
236
290
242
212
144
26
112
48
14
20
100
4
146
170
6
164
94
166
202
214
178
194
126
230
194
230
258
210
344
402
492
734
788
970
768
712
688
800
998
1100
1130
1034
884
838
838
938
1040
1066
1112
1208
1146
1360
1314
1338
1362
1428
1448
1340
1300
1404
1422
1434
1492
1652
1662
1770
1720
1670
1680
1600
1538
1618
1634
1722
1754
1736
1726
1622
1468
1454
1478
1428
1394
1234
1218
1142
1250
1350
1456
1424
1400
1536
1500
1516
1624
1584
1518
1580
1552
1548
1404
1392
1426
1448
1640
1778
1894
2018
1984
2026
1954
2066
2004
1854
1862
1794
1736
1558
1460
1452
1372
1482
1476
1508
1592
1726
1622
1686
1610
1428
1420
1468
1424
1490
1466
1404
1342
1128
1016
914
762
762
892
842
1022
1150
1002
1010
954
790
694
542
534
470
522
470
510
388
444
102
68
28
60
20
96
58
18
176
126
212
132
156
282
330
192
240
298
58
4
32
8
168
174
72
184
280
394
452
360
486
508
562
716
790
824
760
818
868
812
688
726
686
964
962
926
1108
1142
1182
1200
1426
1510
1508
1422
1400
1346
1410
1370
1376
1442
1352
1338
1422
1514
1402
1408
1538
1534
1448
1508
1424
1492
1450
1686
1750
1762
1854
1810
1988
1898
1740
1854
1864
1724
1718
1770
1712
1696
1612
1630
1862
1910
1930
2120
2158
2080
2042
2102
2066
1914
2014
2042
1960
2114
1966
1886
1900
1902
1926
1842
1724
2000
1918
1954
1948
1864
1898
1874
2014
1936
2092
2090
2058
2164
2018
2122
2094
2066
1986
2080
2026
2056
1952
1924
1986
2086
1994
2130
2126
2168
2360
2370
2394
2354
2326
2492
2520
2418
2422
2490
2384
2362
2318
2308
2244
2392
2204
2306
2408
2286
2366
2382
2198
2380
2526
2470
2412
2444
2398
2346
2300
2232
2126
2146
2346
2338
2280
2256
2264
2248
2248
2288
2436
2432
2386
2296
2352
2198
2086
2128
2062
2090
2136
2228
2086
2070
1934
1908
2040
2082
2258
2460
2396
2332
2366
2150
2140
1956
2012
2036
2044
2064
1942
1828
1774
1708
1732
1896
1990
1916
1960
1918
1882
1776
1678
1592
1598
1590
1636
1692
1648
1574
1634
1724
1660
1666
1372
1356
1434
1338
1328
1276
1342
1402
1418
1440
1320
1396
1410
1598
1668
1584
1488
1456
1532
1454
1542
1660
1498
1582
1670
1596
1476
1658
1580
1558
1384
1546
1500
1354
1336
1452
1310
1202
1164
1254
1232
1176
1202
1196
1398
1640
1660
1794
1792
1916
2012
2082
2102
2100
1976
2038
2068
2048
1978
1934
1858
1818
1918
1976
2022
1912
2062
1998
1960
2134
2238
2372
2402
2450
2478
2376
2526
2634
2658
2836
2788
2658
2544
2568
2452
2418
2426
2334
2418
2370
2412
2496
2458
2508
2366
2376
2418
2348
2500
2500
2470
2512
2448
2488
2700
2512
2552
2422
2310
2364
2522
2358
2360
2460
2546
2596
2652
2704
2676
2860
2896
2810
2880
2870
2872
2696
2682
2648
2574
2462
2390
2348
2304
2376
2426
2362
2378
2364
2296
2128
2094
1986
2000
2110
2130
2180
2184
2212
2292
2200
2200
2348
2396
2542
2478
2594
2564
2624
2600
2586
2510
2664
2590
2490
2688
2698
2640
2560
2472
2464
2590
2594
2448
2326
2272
2372
2450
2466
2466
2302
2274
2126
2238
2322
2460
2548
2532
2440
2512
2568
2376
2282
2284
2254
2280
2522
2642
2718
2626
2492
2584
2544
2540
2720
2674
2582
2608
2548
2404
2446
2428
2364
2460
2482
2484
2428
2310
2292
2316
2350
2496
2192
2140
2016
1962
2022
2022
1992
1846
1760
1690
1574
1524
1342
1138
1290
1220
1268
1160
1084
1084
1014
918
876
570
656
752
678
616
506
572
684
652
576
502
524
440
318
430
294
308
344
398
320
416
352
464
464
480
446
386
348
398
386
288
368
392
384
266
158
14
202
246
432
298
384
246
310
282
274
72
220
226
160
232
308
200
130
80
84
46
56
4
30
124
120
168
80
92
156
312
128
134
42
54
28
220
358
358
610
778
658
656
626
598
706
584
568
712
672
712
672
678
738
848
878
874
970
974
1058
1014
970
848
780
780
726
782
726
842
724
738
722
566
604
728
800
782
664
738
680
932
966
958
1038
1196
1292
1206
1184
1136
1060
1208
1114
1110
1096
1064
1206
1370
1170
1134
806
708
784
754
1020
890
996
816
910
814
700
576
556
582
562
434
568
514
612
616
552
616
484
508
582
424
446
490
522
520
