3472
3438
3446
3474
3438
3390
3422
3408
3384
3426
3402
3360
3400
3320
3396
3346
3434
3464
3462
3482
3506
3512
3506
3546
3506
3494
3488
3514
3492
3526
3476
3502
3518
3498
3514
3514
3578
3628
3572
3582
3528
3534
3558
3578
3618
3596
3598
3642
3666
3692
3748
3704
3704
3700
3708
3648
3608
3672
3620
3614
3594
3628
3664
3652
3632
3696
3638
3598
3590
3622
3702
3712
3688
3672
3622
3630
3586
3576
3556
3582
3586
3560
3552
3510
3452
3460
3460
3470
3494
3534
3588
3582
3592
3544
3558
3522
3458
3482
3460
3450
3378
3282
3312
3400
3406
3434
3484
3544
3572
3586
3598
3550
3558
3548
3546
3566
3588
3580
3662
3656
3706
3652
3680
3690
3700
3676
3678
3708
3724
3704
3606
3612
3640
3592
3594
3596
3622
3626
3626
3688
3662
3676
3650
3632
3574
3574
3682
3630
3644
3638
3672
3538
3540
3586
3576
3550
3580
3614
3606
3628
3670
3672
3650
3634
3630
3620
3662
3684
3688
3662
3672
3644
3538
3530
3544
3512
3528
3532
3494
3488
3510
3528
3568
3588
3526
3540
3542
3508
3562
3552
3572
3524
3494
3478
3468
3434
3418
3406
3474
3546
3466
3532
3496
3502
3478
3496
3418
3426
3378
3392
3338
3328
3340
3408
3436
3418
3424
3490
3476
3472
3422
3384
3422
3386
3400
3442
3416
3428
3398
3370
3482
3470
3470
3502
3522
3468
3454
3456
3492
3532
3468
3398
3426
3438
3456
3478
3468
3502
3454
3454
3506
3494
3504
3550
3556
3580
3578
3560
3574
3544
3552
3494
3518
3564
3602
3568
3510
3474
3500
3508
3532
3614
3594
3526
3548
3580
3540
3562
3558
3592
3614
3578
3608
3552
3478
3440
3440
3506
3546
3556
3526
3558
3648
3624
3582
3608
3662
3618
3626
3626
3556
3528
3560
3556
3564
3622
3708
3712
3728
3646
3618
3594
3664
3650
3678
3632
3614
3640
3634
3612
3610
3584
3598
3648
3570
3612
3580
3572
3576
3538
3538
3542
3502
3528
3454
3464
3492
3546
3526
3470
3412
3378
3504
3496
3552
3564
3576
3500
3470
3526
3518
3534
3478
3480
3564
3622
3624
3546
3576
3614
3598
3552
3572
3638
3700
3698
3722
3692
3680
3676
3698
3640
3636
3724
3684
3654
3672
3644
3732
3680
3620
3522
3464
3478
3482
3466
3458
3458
3490
3426
3430
3444
3396
3432
3362
3358
3454
3498
3514
3546
3586
3572
3622
3644
3652
3706
3688
3694
3648
3670
3674
3652
3622
3602
3588
3598
3606
3608
3568
3544
3538
3534
3526
3590
3576
3568
3558
3506
3494
3532
3528
3554
3584
3562
3578
3578
3552
3538
3588
3524
3546
3540
3552
3576
3602
3578
3582
3584
3602
3582
3638
3576
3590
3616
3604
3590
3638
3618
3554
3548
3632
3662
3700
3694
3694
3632
3552
3648
3658
3590
3582
3618
3656
3600
3636
3594
3588
3580
3574
3486
3480
3466
3476
3486
3440
3490
3488
3504
3444
3386
3400
3338
3354
3296
3232
3278
3316
3322
3348
3244
3252
3292
3268
3310
3356
3450
3524
3554
3584
3590
3598
3584
3612
3598
3606
3550
3528
3564
3534
3470
3506
3514
3490
3492
3504
3502
3438
3504
3608
3608
3564
3586
3524
3480
3466
3424
3458
3428
3428
3410
3382
3444
3448
3352
3406
3444
3416
3468
3502
3546
3506
3434
3448
3402
3344
3374
3372
3352
3448
3456
3428
3414
3412
3502
3540
3550
3482
3530
3458
3436
3518
3536
3590
3560
3526
3560
3566
3506
3568
3558
3474
3458
3490
3432
3464
3442
3414
3356
3374
3398
3412
3400
3384
3426
3426
3496
3494
3436
3494
3458
3470
3494
3478
3444
3418
3466
3460
3514
3536
3524
3544
3578
3558
3466
3534
3534
3506
3476
3530
3502
3490
3540
3518
3532
3554
3564
3590
3550
3606
3642
3620
3638
3672
3614
3594
3542
3520
3502
3520
3494
3516
3550
3558
3566
3548
3614
3584
3614
3562
3542
3574
3522
3560
3668
3632
3562
3490
3536
3584
3532
3594
3586
3530
3576
3608
3572
3652
3642
3634
3592
3640
3654
3620
3676
3652
3666
3574
3588
3592
3548
3538
3522
3470
3458
3454
3406
3386
3386
3398
3394
3474
3434
3474
3476
3486
3422
3468
3454
3426
3428
3406
3396
3368
3438
3410
3466
3486
3538
3462
3450
3430
3370
3412
3438
3440
3512
3550
3558
3582
3616
3612
3614
3638
3640
3626
3588
3578
3544
3540
3546
3546
3492
3440
3508
3470
3456
3474
3446
3450
3450
3430
3464
3476
3496
3500
3506
3500
3586
3538
3494
3490
3530
3484
3490
3450
3376
3496
3526
3506
3502
3480
3462
3470
3482
3444
3480
3478
3490
3486
3452
3408
3438
3450
3438
3400
3468
3484
3508
3532
3542
3564
3540
3522
3546
3540
3580
3586
3596
3550
3536
3456
3484
3494
3478
3490
3494
3542
3636
3634
3614
3618
3598
3626
3604
3598
3630
3612
3630
3558
3598
3590
3628
3606
3660
3712
3628
3612
3598
3526
3578
3546
3514
3544
3574
3570
3620
3560
3562
3518
3526
3584
3578
3606
3618
3574
3558
3522
3498
3406
3452
3520
3578
3548
3546
3560
3542
3564
3566
3548
3538
3556
3596
3580
3680
3696
3658
3712
3668
3632
3644
3624
3660
3674
3658
3654
3644
3662
3594
3614
3606
3600
3578
3570
3604
3626
3638
3682
3672
3666
3668
3666
3640
3578
3592
3638
3634
3560
3540
3590
3626
3646
3588
3598
3606
3632
3624
3600
3604
3644
3648
3646
3666
3662
3670
3590
3560
3604
3588
3634
3648
3626
3716
3672
3626
3596
3570
3600
3590
3652
3650
3630
3572
3626
3576
3540
3536
3566
3566
3630
3646
3648
3662
3628
3536
3544
3614
3594
3684
3596
3604
3596
3554
3572
3520
3496
3524
3546
3504
3518
3492
3442
3446
3520
3542
3516
3552
3562
3502
3506
3538
3476
3484
3484
3534
3438
3340
3360
3366
3430
3460
3458
3504
3440
3464
3452
3420
3476
3516
3534
3544
3530
3470
3526
3502
3490
3456
3432
3366
3368
3318
3362
3320
3326
3322
3350
3360
3402
3408
3460
3524
3504
3528
3570
3592
3596
3624
3604
3600
3586
3592
3548
3550
3564
3560
3596
3550
3528
3494
3558
3578
3562
3544
3464
3444
3482
3468
3510
3516
3526
3534
3576
3576
3642
3648
3670
3684
3618
3564
3602
3576
3596
3562
3552
3534
3534
3538
3554
3568
3602
3622
3654
3672
3610
3660
3644
3628
3656
3678
3684
3640
3580
3528
3556
3492
3476
3500
3468
3476
3500
3444
3390
3388
3380
3418
3344
3386
3352
3296
3266
3342
3464
3472
3496
3546
3586
3556
3542
3628
3614
3626
3650
3636
3634
3600
3574
3670
3640
3714
3652
3602
3604
3670
3716
3702
3630
3724
3674
3686
3682
3670
3660
3612
3638
3694
3740
3726
3718
3700
3692
3686
3704
3676
3662
3628
3618
3688
3646
3614
3622
3646
3636
3594
3546
3474
3508
3512
3612
3594
3532
3506
3530
3580
3532
3608
3638
3556
3514
3546
3598
3566
3544
3534
3582
3602
3676
3706
3692
3688
3664
3694
3702
3714
3636
3636
3628
3642
3566
3516
3540
3580
3570
3554
3548
3512
3578
3618
3564
3606
3574
3496
3530
3514
3544
3590
3554
3604
3582
3520
3532
3570
3560
3546
3526
3536
3562
3604
3614
3610
3596
3608
3604
3610
3606
3588
3590
3586
3630
3626
3584
3530
3566
3546
3514
3570
3604
3654
3578
3580
3570
3544
3514
3516
3514
3556
3528
3550
3622
3626
3578
3578
3538
3542
3510
3560
3620
3604
3598
3568
3626
3570
3574
3598
3622
3690
3644
3650
3656
3630
3568
3636
3618
3572
3574
3590
3566
3560
3580
3576
3600
3582
3606
3594
3588
3546
3550
3572
3570
3522
3536
3526
3472
3462
3448
3462
3464
3492
3508
3502
3522
3520
3546
3564
3588
3610
3630
3594
3578
3564
3518
3548
3608
3586
3588
3570
3596
3572
3530
3564
3498
3530
3502
3498
3536
3496
3506
3500
3480
3494
3492
3456
3492
3478
3500
3476
3478
3502
3468
3524
3446
3460
3442
3488
3550
3548
3598
3560
3572
3622
3612
3612
3602
3592
3590
3630
3684
3686
3650
3684
3644
3618
3640
3568
3534
3588
3636
3668
3560
3642
3614
3626
3616
3652
3658
3660
3666
3654
3616
3632
3624
3584
3536
3514
3496
3484
3482
3444
3478
3528
3568
3594
3630
3568
3574
3584
3562
3518
3526
3468
3474
3490
3468
3504
3478
3554
3478
3540
3618
3588
3608
3584
3596
3590
3648
3642
3584
3518
3480
3474
3476
3540
3490
3506
3484
3486
3526
3576
3580
3572
3598
3676
3646
3660
3664
3648
3636
3634
3562
3556
3556
3620
3688
3684
3710
3616
3612
3582
3596
3660
3646
3684
3612
3636
3604
3590
3566
3586
3602
3598
3646
3568
3530
3562
3544
3600
3574
3544
3532
3448
3518
3500
3476
3512
3584
3642
3674
3620
3534
3548
3520
3474
3478
3492
3542
3486
3522
3540
3548
3482
3482
3416
3444
3438
3414
3504
3530
3544
3546
3580
3572
3576
3634
3660
3636
3624
3626
3628
3618
3566
3584
3606
3580
3606
3582
3542
3570
3624
3670
3674
3698
3652
3640
3638
3576
3574
3564
3600
3612
3550
3542
3558
3552
3488
3564
3544
3634
3608
3568
3582
3642
3584
3608
3584
3594
3576
3618
3614
3564
3580
3612
3622
3582
3606
3592
3576
3574
3592
3636
3600
3606
3592
3604
3612
3586
3584
3578
3516
3506
3520
3508
3500
3468
3454
3414
3412
3382
3440
3410
3364
3318
3264
3284
3290
3280
3318
3264
3322
3344
3354
3352
3326
3330
3334
3334
3416
3442
3442
3464
3452
3536
3492
3458
3550
3540
3502
3480
3536
3530
3554
3546
3484
3506
3492
3518
3584
3506
3510
3448
3486
3454
3478
3486
3494
3496
3488
3458
3450
3508
3518
3472
3510
3536
3516
3476
3510
3610
3636
3560
3576
3554
3572
3610
3642
3608
3598
3600
3552
3528
3470
3554
3584
3602
3588
3516
3576
3584
3642
3586
3502
3540
3550
3514
3568
3506
3518
3568
3546
3604
3588
3570
3596
3638
3572
3552
3580
3592
3566
3558
3602
3608
3590
3600
3580
3544
3470
3554
3516
3550
3596
3602
3536
3528
3540
3454
3436
3498
3500
3486
3538
3560
3552
3572
3570
3570
3552
3518
3580
3528
3498
3476
3516
3520
3602
3626
3578
3566
3586
3498
3532
3562
3524
3536
3540
3590
3628
3660
3628
3616
3612
3630
3556
3544
3556
3484
3538
3518
3546
3518
3494
3530
3518
3472
3446
3466
3480
3430
3488
3490
3512
3456
3426
3448
3380
3320
3298
3378
3404
3416
3444
3440
3458
3484
3480
3406
3362
3386
3402
3444
3438
3460
3390
3378
3312
3294
3342
3324
3444
3398
3428
3418
3448
3498
3486
3532
3498
3532
3444
3494
3426
3448
3406
3412
3454
3452
3502
3544
3494
3510
3562
3556
3530
3538
3588
3580
3556
3546
3554
3580
3562
3652
3682
3644
3612
3646
3678
3590
3572
3562
3540
3572
3568
3570
3590
3568
3512
3556
3572
3618
3634
3574
3544
3588
3564
3534
3546
3570
3518
3510
3500
3544
3590
3568
3578
3608
3598
3652
3642
3674
3640
3646
3658
3672
3622
3600
3590
3680
3712
3672
3660
3658
3690
3724
3678
3632
3646
3656
3660
3632
3618
3636
3656
3636
3628
3688
3728
3690
3670
3650
3642
3646
3632
3664
3614
3626
3558
3544
3488
3502
3504
3510
3496
3508
3506
3528
3484
3512
3510
3432
3416
3454
3552
3552
3532
3574
3584
3542
3540
3564
3602
3608
3594
3584
3486
3542
3500
3556
3596
3636
3592
3574
3576
3596
3594
3644
3666
3688
3616
3612
3596
3648
3600
3542
3632
3576
3538
3530
3572
3522
3550
3544
3536
3610
3558
3500
3500
3554
3604
3610
3618
3632
3644
3668
3640
3618
3710
3726
3724
3696
3646
3638
3628
3644
3668
3668
3642
3626
3636
3584
3612
3554
3628
3660
3660
3692
3608
3560
3580
3524
3538
3544
3544
3508
3522
3588
3594
3584
3570
3580
3566
3538
3542
3544
3580
3474
3456
3462
3434
3496
3556
3584
3612
3632
3712
3622
3560
3564
3620
3604
3594
3606
3562
3492
3498
3552
3534
3428
3552
3552
3494
3502
3488
