1178
946
940
970
1060
1076
974
802
764
952
880
882
948
1012
1050
910
1054
1016
998
928
852
896
876
822
748
732
868
998
906
868
1114
1084
1132
1162
1066
1214
1346
1380
1516
1470
1220
1122
1198
996
964
910
974
958
904
1012
932
854
812
936
832
888
924
886
816
862
892
924
1052
984
1112
1238
1190
1334
1292
1352
1428
1448
1422
1358
1338
1426
1422
1322
1296
1290
1194
1162
1040
1050
966
864
972
844
820
684
782
972
1000
962
930
892
950
956
1018
1012
918
934
1140
1142
1104
1134
1102
1074
1154
1180
1300
1344
1328
1482
1630
1656
1536
1564
1522
1494
1402
1476
1374
1310
1296
1520
1712
1534
1494
1546
1528
1538
1564
1482
1532
1296
1276
1418
1498
1430
1318
1504
1362
1442
1366
1400
1522
1644
1688
1714
1852
1776
1642
1626
1600
1536
1434
1616
1660
1522
1506
1562
1554
1426
1386
1384
1324
1350
1276
1302
1244
1200
1244
1302
1420
1224
1106
1162
1174
1268
1234
1354
1386
1470
1488
1560
1556
1572
1452
1532
1594
1518
1262
1320
1326
1280
1258
1222
1204
1204
1346
1448
1354
1216
1364
1394
1258
1384
1354
1276
1182
1164
1148
1170
1172
1076
1312
1316
1436
1420
1416
1522
1698
1646
1520
1504
1652
1542
1444
1478
1598
1584
1524
1554
1608
1638
1616
1496
1642
1724
1794
1740
1730
1900
1892
1970
1986
2044
1978
1990
1868
1970
2022
2110
2040
2080
2030
2004
1964
2054
2092
2030
1968
1978
2030
2108
2188
2278
2192
2292
2320
2228
2372
2514
2676
2708
2808
2760
2658
2608
2562
2498
2492
2472
2346
2450
2314
2390
2344
2130
2050
2184
2132
2120
2152
2022
1900
1810
1836
1758
1682
1894
1848
1868
1866
1784
1650
1636
1548
1470
1544
1308
1460
1468
1488
1426
1492
1504
1486
1416
1326
1266
1048
1054
930
830
824
870
806
952
734
952
1016
990
860
930
932
938
1108
988
850
932
786
722
670
494
530
456
684
556
562
560
654
614
558
468
320
406
214
304
230
212
144
24
4
32
158
34
36
162
122
0
56
30
174
52
26
0
142
12
118
174
244
94
10
26
84
32
12
156
144
126
96
54
68
122
102
266
338
260
226
48
24
128
226
312
292
212
306
228
68
78
6
22
182
188
330
412
372
260
302
332
376
300
476
314
428
340
320
398
370
332
346
382
358
352
392
380
366
404
294
148
342
326
244
340
480
504
572
646
710
806
828
960
998
966
1054
882
860
742
592
610
706
636
700
870
1038
950
860
900
760
892
768
938
928
1000
870
852
956
1008
1016
1046
1162
1050
872
840
828
788
806
862
902
992
908
1012
1068
1180
1228
1134
1170
1150
1218
1136
1196
1248
1470
1416
1310
1354
1244
1270
1236
1230
1272
1318
1426
1330
1202
1154
1102
996
1086
1068
1250
1182
1302
1260
1256
1274
1284
1402
1408
1334
1490
1452
1340
1236
1392
1322
1304
1408
1574
1570
1564
1332
1346
1588
1458
1524
1416
1366
1426
1220
1214
1142
1198
1316
1096
1192
1166
1092
980
1112
1206
1226
1296
1380
1538
1484
1556
1590
1684
1808
1822
1766
1724
1722
1734
1692
1656
1572
1500
1456
1562
1654
1728
1718
1878
1730
1676
1846
2036
2158
2272
2350
2420
2390
2472
2384
2358
2302
2258
2336
2272
2310
2398
2410
2338
2386
2394
2270
2106
2162
2254
2264
2098
2136
2124
2118
2228
2344
2252
2334
2414
2546
2548
2678
2678
2784
2730
2760
2832
2812
2632
2720
2630
2642
2714
2740
2664
2670
2606
2568
2438
2470
2456
2468
2604
2412
2462
2472
2520
2440
2352
2302
2340
2290
2246
2310
2372
2382
2454
2510
2474
2562
2630
2660
2608
2424
2504
2298
2202
2100
2122
2100
2094
1958
1944
1944
1976
1988
2054
1972
2002
1910
1834
1594
1486
1616
1696
1580
1482
1632
1578
1552
1662
1684
1730
1688
1624
1628
1744
1770
1560
1660
1634
1788
1828
1958
2014
1976
1902
1884
1866
1790
1864
2016
2132
2088
2074
1988
2000
1986
2120
2180
2198
2270
2046
2090
2010
1930
1698
1706
1486
1534
1556
1578
1708
1814
1708
1920
1812
1830
1704
1776
1648
1626
1696
1660
1590
1634
1556
1540
1456
1468
1472
1386
1336
1300
1324
1300
1328
1274
1306
1238
1346
1428
1416
1442
1506
1444
1428
1556
1730
1804
1736
1728
1644
1702
1750
1670
1594
1674
1714
1778
1662
1596
1680
1502
1572
1524
1644
1588
1614
1564
1572
1376
1386
1368
1372
1324
1432
1334
1248
1364
1258
1068
1148
1238
1368
1324
1150
1116
1120
982
1004
998
936
802
806
632
674
716
798
642
496
494
446
388
436
474
556
666
604
548
574
520
572
592
626
714
732
792
1078
1214
1082
1038
976
832
868
872
902
1002
1034
1148
1206
1142
1118
1134
1270
1174
1164
1158
1170
1052
1194
1192
1132
850
966
1010
902
870
1028
948
1018
1162
1162
1232
1244
1380
1336
1242
1128
1148
1182
1212
1120
1204
1156
1024
942
1052
1100
1114
1182
1170
1196
1072
1150
1232
1092
1118
1246
1234
1198
1120
1110
1074
1012
932
816
838
712
790
802
776
762
742
664
698
868
1050
1034
898
944
936
980
862
922
906
964
1070
966
900
940
1038
994
1014
1020
1020
1070
1142
1016
1002
1018
984
906
998
894
888
866
874
690
632
668
694
608
710
794
780
696
648
682
684
756
786
644
686
860
638
678
782
814
786
646
624
524
424
210
212
120
168
204
202
440
496
704
788
728
600
682
864
808
928
1072
1022
1178
1170
1132
1234
1196
1146
1004
962
984
920
860
874
902
888
818
762
572
514
538
722
904
932
910
926
790
854
722
742
594
672
716
710
836
878
838
962
978
1044
1124
1060
912
730
590
420
446
460
486
466
412
378
438
368
232
134
210
168
146
0
14
90
30
20
128
20
100
186
394
428
320
338
336
224
132
234
138
228
318
296
338
330
236
224
14
16
68
132
96
28
80
150
152
286
300
368
250
274
312
336
298
182
132
186
86
24
130
106
150
136
186
202
222
214
268
338
254
358
302
440
422
380
362
422
286
342
106
118
26
70
48
22
186
298
210
262
204
246
182
234
340
348
182
188
258
228
266
228
170
376
552
740
466
556
542
628
546
472
294
286
148
120
192
102
74
130
4
12
174
194
214
124
124
128
140
52
72
66
80
54
44
82
184
342
380
240
220
140
158
370
194
228
286
318
404
508
442
516
406
294
300
330
444
472
336
374
270
300
436
510
636
520
470
654
768
704
696
692
812
784
782
804
850
850
742
658
582
650
708
634
618
620
512
474
592
484
664
644
690
746
662
740
752
824
772
750
858
800
888
804
812
844
834
736
638
740
846
674
770
582
604
414
346
358
438
504
626
604
534
568
596
626
644
764
976
942
952
876
904
856
1092
1136
1148
1190
1206
1066
1234
1366
1348
1428
1466
1458
1388
1438
1336
1322
1414
1516
1398
1480
1418
1340
1268
1342
1400
1358
1316
1274
1134
1196
1298
1474
1592
1764
1668
1604
1526
1658
1504
1530
1516
1456
1528
1456
1374
1302
1360
1478
1302
1534
1498
1486
1530
1476
1370
1350
1272
1268
1302
1166
1316
1406
1628
1748
1794
1660
1690
1596
1572
1458
1458
1562
1434
1356
1272
1392
1314
1132
1240
1216
1162
1262
1048
1020
1054
964
918
876
704
712
730
804
740
782
910
860
880
1142
1188
1000
984
1066
1010
956
1060
1066
986
916
850
868
824
854
978
1026
1084
1088
934
944
1060
1084
1290
1198
1272
1224
1180
1058
1096
1032
1076
1000
1158
1070
1084
1074
1248
1250
1096
1040
1102
984
882
1030
1064
1016
918
966
1190
1184
1092
1146
1180
1066
854
1048
992
1024
1066
1172
1148
1194
1112
1028
1120
1250
1428
1550
1606
1668
1574
1470
1390
1434
1552
1586
1598
1646
1564
1546
1638
1674
1612
1530
1600
1500
1426
1374
1516
1590
1516
1524
1458
1300
1316
1214
1182
944
1040
1280
1252
1326
1404
1374
1424
1324
1354
1168
1144
1110
1154
1230
1112
1258
1148
1276
1340
1428
1434
1426
1450
1454
1482
1516
1470
1424
1266
1144
1082
1114
1036
1016
972
1072
1004
1018
1004
870
700
788
788
954
978
986
838
962
874
818
722
648
562
644
650
642
672
758
804
736
702
738
606
566
564
510
372
520
566
482
552
494
578
654
504
354
336
308
294
300
538
662
732
660
624
714
664
718
622
520
486
446
488
566
580
436
426
390
272
274
240
186
200
192
190
250
278
344
364
396
400
224
148
126
216
368
308
246
260
204
348
344
390
462
464
610
640
606
716
854
772
588
552
442
516
396
444
534
606
564
388
412
582
488
474
430
300
302
542
526
524
572
404
410
262
280
364
350
352
296
152
32
28
98
246
74
48
42
26
80
128
246
266
262
76
56
48
244
316
234
216
194
368
270
224
276
374
276
170
78
24
176
10
184
274
184
286
280
280
124
60
132
26
10
4
10
102
270
298
300
232
182
156
256
126
18
8
82
146
188
138
190
116
192
230
82
42
172
86
46
2
102
114
200
286
182
168
202
150
142
240
146
96
54
70
42
210
236
450
220
206
238
82
50
86
196
212
234
424
542
528
574
592
582
542
678
588
626
636
680
706
738
688
600
746
668
562
454
416
424
424
460
444
462
424
562
518
390
360
368
134
16
46
78
88
36
22
60
40
52
28
108
16
42
152
136
122
70
34
72
22
88
66
42
24
8
62
160
312
150
202
278
402
390
380
330
172
156
294
396
238
416
324
400
406
350
512
600
638
650
684
662
674
756
622
500
404
398
350
406
278
224
142
178
92
150
110
190
146
296
478
372
294
438
422
216
150
186
174
184
138
68
72
2
182
144
126
22
18
30
44
16
152
282
142
268
290
222
334
226
72
166
66
34
34
152
74
14
32
114
78
158
148
358
386
524
654
676
834
802
964
1010
952
940
1032
1012
1102
1068
1088
1130
966
980
912
764
862
862
696
620
530
450
468
258
346
294
304
340
258
304
560
610
544
544
580
498
542
628
738
700
838
780
622
602
588
652
580
522
484
450
358
526
652
504
566
470
478
496
348
364
466
400
520
394
420
572
354
264
152
164
54
20
106
188
140
242
248
336
358
298
320
414
408
454
360
234
364
328
316
416
354
356
342
254
336
374
164
166
60
84
32
16
4
108
54
40
122
194
56
110
92
44
194
186
174
314
328
412
520
324
284
396
