182
200
228
274
260
310
284
304
330
310
302
286
260
274
254
272
298
314
322
364
366
410
402
422
318
308
318
288
344
414
408
358
322
366
356
358
322
310
294
354
342
308
272
278
276
304
238
294
306
306
366
404
412
414
420
382
374
370
418
432
436
454
488
420
436
416
420
388
304
274
264
262
294
346
336
360
328
392
428
390
346
334
308
310
284
316
276
402
404
376
338
348
346
338
326
330
314
284
256
296
260
224
194
146
120
138
198
244
242
178
196
202
216
236
306
262
228
250
242
246
264
244
256
300
260
250
286
334
314
288
252
248
238
204
234
216
300
316
306
338
402
324
350
330
308
236
238
254
282
254
258
184
214
230
224
204
196
212
194
240
224
254
244
226
220
182
192
154
162
142
164
268
256
302
292
254
254
264
238
248
224
252
264
292
314
282
282
256
338
324
354
334
270
230
240
254
204
180
156
70
78
138
150
128
96
96
114
126
168
160
128
138
116
150
154
152
74
50
34
50
36
82
56
58
68
4
58
32
34
40
12
36
6
12
42
34
4
8
34
36
4
26
4
2
22
12
62
46
96
70
82
32
8
4
14
10
18
6
56
56
60
64
16
2
96
126
134
160
140
178
184
178
150
122
128
114
108
96
86
186
146
140
124
130
122
140
166
206
192
190
228
234
286
244
224
204
216
158
142
166
128
98
72
34
66
88
36
40
48
4
32
30
4
14
0
94
110
60
84
110
60
64
30
12
58
120
102
84
78
64
64
102
178
210
202
188
190
192
250
266
216
128
168
146
146
118
108
54
120
56
24
76
56
64
62
36
60
26
22
6
44
78
60
110
120
60
40
72
54
48
48
58
54
58
2
10
2
44
104
82
56
34
50
90
94
78
84
142
78
102
162
210
204
182
134
162
186
208
204
254
292
298
324
298
306
282
272
276
198
232
272
292
248
230
202
236
246
282
306
274
252
296
320
288
218
264
254
258
266
296
250
216
202
168
208
252
180
210
244
266
292
288
238
168
146
148
176
172
196
220
206
182
174
164
170
216
268
218
202
220
204
282
296
296
250
284
284
208
216
268
268
226
228
220
186
188
116
170
126
112
84
104
80
46
12
98
114
54
102
82
96
108
124
104
90
98
86
102
142
166
170
156
180
170
194
228
228
216
184
206
212
240
302
366
414
410
422
384
334
326
282
242
298
328
288
280
348
298
314
284
258
274
318
288
292
330
298
338
322
318
314
342
310
356
310
270
252
252
298
280
244
202
118
122
80
110
118
112
118
118
192
198
210
218
230
216
228
266
174
126
114
74
108
118
126
126
132
142
136
138
172
126
166
140
126
148
170
172
162
144
182
196
146
158
118
72
50
78
30
84
82
6
36
84
80
66
140
100
128
188
240
210
182
170
168
154
148
154
150
118
76
128
150
126
80
82
62
102
126
146
98
96
130
130
152
170
150
182
214
226
178
82
92
36
60
42
16
22
14
66
84
148
172
168
222
234
204
240
298
340
322
364
356
356
346
360
356
394
356
358
318
356
332
284
294
288
252
262
286
300
288
338
326
356
352
324
292
244
182
186
186
262
334
380
382
380
396
428
464
476
478
504
522
510
484
504
524
490
508
518
514
524
530
498
488
480
484
486
470
488
488
468
488
468
552
518
592
540
540
562
580
548
592
568
564
566
522
538
566
508
482
540
598
566
526
528
566
568
532
490
478
484
514
514
494
552
550
582
564
616
646
630
598
584
596
570
560
604
578
592
564
528
560
526
512
504
556
562
598
600
560
556
544
564
656
660
678
724
732
718
754
744
770
806
772
812
828
804
822
832
844
778
760
754
792
768
770
718
700
622
636
614
638
632
608
642
634
608
594
626
624
572
508
532
500
490
472
444
464
488
504
532
546
484
498
526
528
598
588
608
610
628
618
608
598
572
584
568
538
534
486
460
404
376
320
270
262
214
218
212
194
232
204
202
248
228
204
214
230
234
206
210
186
206
150
100
88
38
24
28
14
30
54
94
118
44
52
102
108
74
50
18
24
14
10
48
94
76
100
92
82
126
92
74
58
54
72
48
70
14
48
38
30
46
16
16
16
14
18
18
0
8
10
22
20
50
48
60
76
108
90
162
150
98
54
72
110
62
68
90
72
94
132
116
106
106
116
120
128
160
178
156
106
54
6
42
8
22
64
88
94
116
122
84
24
10
2
20
8
20
64
78
80
72
30
34
44
64
48
6
18
38
20
46
72
56
114
110
102
132
96
112
106
74
18
2
54
88
72
132
92
114
120
148
108
118
122
228
268
320
304
318
350
332
330
340
338
342
352
326
290
282
288
248
252
254
212
214
202
148
182
166
142
154
168
138
156
134
108
102
26
30
72
30
62
16
68
76
70
20
82
48
68
104
94
80
90
42
6
6
34
62
66
80
72
40
16
48
0
88
144
94
98
98
78
50
64
14
42
28
6
10
20
30
34
56
34
4
32
40
32
32
36
22
22
10
24
42
12
26
44
54
14
10
16
32
24
30
16
60
90
84
88
94
58
10
14
16
68
42
74
62
86
36
44
52
24
4
2
64
34
22
30
110
74
40
114
148
134
182
220
182
174
98
122
126
178
140
162
158
128
124
132
140
96
44
30
44
92
88
118
152
144
136
154
144
150
178
212
164
152
104
96
116
40
6
20
48
10
14
68
14
10
76
50
68
28
20
46
90
122
116
142
166
184
144
124
94
126
114
120
122
136
66
30
72
30
60
46
10
12
40
16
56
30
66
26
16
8
14
36
6
48
114
134
132
86
114
168
174
194
230
230
182
150
118
150
156
196
246
204
194
182
136
102
98
128
156
110
104
98
50
42
72
24
24
16
30
56
62
36
66
42
14
46
62
48
16
22
64
50
16
4
18
12
28
20
2
8
6
24
76
106
156
170
132
152
166
172
168
148
124
140
122
152
196
218
190
174
126
222
204
194
236
276
246
298
286
270
220
280
344
358
334
264
252
246
250
260
310
338
328
362
346
268
284
312
306
272
298
292
338
332
384
372
362
342
336
424
462
448
460
498
488
486
506
506
490
448
468
456
444
446
474
394
366
336
408
376
390
412
432
470
414
404
428
494
428
400
412
370
348
330
374
356
420
400
412
416
362
426
402
380
386
324
302
306
314
252
288
258
306
308
280
250
192
204
192
146
126
152
136
110
68
110
160
214
232
232
294
304
280
288
272
298
270
280
298
334
316
344
378
378
350
400
396
418
384
348
306
344
292
274
292
332
320
260
236
216
194
164
182
196
184
154
168
154
86
106
174
194
216
240
180
172
160
180
194
154
196
198
148
168
190
188
178
224
262
206
174
194
246
290
286
274
290
314
336
314
288
304
304
268
280
278
244
216
206
184
184
194
284
296
270
250
232
268
258
228
264
304
358
354
338
356
342
400
336
300
214
234
246
240
248
264
258
274
290
318
274
266
224
184
160
184
162
138
38
18
58
104
132
82
108
78
80
84
72
38
56
88
88
164
106
122
110
136
182
182
176
158
138
78
82
156
240
246
242
224
194
172
196
208
224
234
230
250
226
270
310
284
308
338
314
304
258
270
262
290
290
246
266
268
264
310
300
334
324
306
264
270
232
192
216
216
220
188
198
178
126
116
134
88
78
46
30
82
50
106
114
138
132
92
80
98
70
124
128
150
158
172
198
186
202
168
156
136
176
174
150
230
176
162
156
150
180
146
192
236
182
216
198
136
136
98
152
130
64
70
76
52
22
38
74
70
60
118
104
68
62
174
174
240
258
290
314
310
296
324
366
368
356
366
366
328
330
276
284
312
318
324
314
324
344
360
426
406
410
446
422
420
426
502
536
544
506
560
572
612
650
632
682
726
710
712
724
688
644
680
638
634
564
606
516
496
512
514
506
538
548
516
510
510
478
506
484
438
464
400
362
350
338
332
252
266
284
248
146
108
86
96
104
56
114
80
100
22
6
28
42
4
2
36
66
64
52
36
44
18
20
46
40
70
98
162
166
132
156
144
140
162
156
152
158
150
118
124
118
122
88
94
100
58
30
16
12
24
12
24
6
10
26
32
0
0
4
78
4
18
22
90
108
148
154
106
142
194
210
162
126
110
124
136
158
118
120
170
166
212
198
222
252
232
208
184
194
136
132
130
126
96
122
138
126
134
136
146
128
134
132
134
168
194
130
182
162
130
120
104
52
56
106
94
58
122
134
146
166
120
108
130
196
214
266
306
322
306
312
326
288
296
246
260
254
252
290
318
282
218
244
186
202
206
214
204
238
174
226
248
250
240
222
242
254
282
292
330
304
394
410
374
378
426
472
472
480
520
562
532
554
522
510
496
482
510
550
538
544
542
510
578
520
470
482
504
502
454
422
416
396
364
344
384
444
486
450
464
454
484
448
430
384
368
404
396
374
354
388
438
442
446
410
430
492
440
414
386
390
390
410
450
496
448
392
340
316
308
310
324
292
320
314
312
324
286
316
312
290
254
266
230
272
256
320
294
286
250
260
316
324
316
346
342
374
330
316
322
320
326
352
