794
886
830
948
874
814
842
808
902
966
1088
1070
1092
1150
1072
1082
1294
1312
1170
1130
1010
1120
1122
1366
1546
1486
1420
1534
1594
1762
1752
1820
1714
1576
1522
1664
1630
1864
1858
1888
1836
1832
1902
1956
1998
2116
1934
1876
1990
1888
1850
1896
2148
1908
1844
1870
1842
1676
1776
1764
1674
1706
1598
1596
1494
1452
1588
1616
1628
1744
1814
1724
1714
1954
2006
1950
1988
1948
1922
1948
1744
1874
1904
1806
1742
1690
1676
1668
1658
1724
1682
1626
1630
1520
1358
1572
1552
1562
1364
1362
1402
1496
1394
1452
1588
1648
1584
1624
1592
1374
1300
1312
1188
1102
1182
998
1024
990
1072
926
1080
1102
1122
1084
844
944
896
1088
1176
1194
1196
1058
948
774
660
704
532
318
350
304
340
372
276
362
328
404
366
454
520
406
354
220
248
368
238
132
246
364
184
250
104
46
66
32
20
172
6
60
80
218
164
92
72
220
264
138
132
130
358
540
594
494
546
646
800
560
516
704
700
706
682
568
698
658
564
446
534
440
422
440
584
520
626
494
514
488
460
380
410
482
564
558
640
510
398
332
434
298
266
74
8
88
78
66
4
22
162
10
44
8
86
10
22
146
282
254
532
222
82
62
24
142
2
114
366
128
52
6
56
70
104
46
96
136
46
120
114
78
38
22
138
118
108
188
56
74
180
224
194
204
342
230
322
232
350
390
512
492
898
1092
1104
1202
1192
1042
980
824
844
880
668
632
390
466
540
570
640
758
708
720
578
636
370
532
604
564
718
652
558
616
540
660
642
818
928
1010
984
938
922
888
708
730
640
690
686
836
982
914
888
884
1108
1142
1244
1246
1286
1244
1122
1178
1294
1444
1414
1360
1218
1420
1376
1414
1534
1596
1610
1442
1506
1414
1366
1298
1262
1314
1266
1230
1240
1308
1336
1360
1376
1180
1042
944
866
906
936
978
1056
1186
1110
1264
1092
1140
1390
1460
1352
1312
1368
1518
1576
1574
1394
1184
1010
1092
972
980
1046
830
1016
1126
1246
1362
1414
1412
1428
1616
1576
1720
1550
1530
1668
1696
1806
1884
1940
1906
1746
1722
1782
1738
1784
1578
1552
1512
1338
1616
1656
1656
1638
1510
1522
1564
1554
1512
1412
1386
1328
1182
1068
912
878
888
826
694
644
532
562
512
312
334
372
418
414
510
494
500
562
484
508
648
648
684
734
988
942
1212
1094
1146
1206
1062
888
922
1126
968
934
948
802
840
732
846
994
882
894
810
628
726
552
280
258
152
254
342
302
382
540
500
488
386
258
368
460
254
104
56
78
58
34
128
84
30
72
88
32
34
24
0
6
74
90
24
10
114
36
258
312
248
172
242
252
238
316
486
532
476
476
372
376
268
232
234
160
268
394
342
270
412
594
702
662
570
654
812
732
864
990
1012
934
906
960
898
868
744
820
768
816
960
970
918
916
916
988
1168
1272
1164
972
1112
1104
974
896
878
874
992
882
850
880
756
828
848
874
1048
1128
1126
1178
1242
1292
1222
1212
1436
1330
1432
1334
1302
1348
1476
1526
1560
1440
1384
1480
1280
1488
1592
1642
1682
1746
1922
1824
1678
1578
1764
1680
1652
1700
1610
1502
1494
1584
1578
1586
1654
1796
1768
1636
1674
1664
1634
1618
1490
1494
1260
1208
1290
1358
1336
1270
1200
1162
984
1042
1092
1060
1062
1026
1036
748
734
698
674
748
650
572
674
450
528
564
660
674
722
704
726
584
636
636
658
618
518
684
812
584
610
466
432
500
504
524
438
482
322
66
4
82
50
16
144
154
244
324
334
416
436
334
324
330
228
378
402
692
510
230
208
268
260
318
396
404
324
380
448
628
516
420
242
382
372
386
256
300
214
248
240
222
140
248
124
46
44
104
180
60
174
56
144
14
184
206
332
536
560
524
456
552
786
832
748
686
418
472
472
562
532
714
622
708
652
642
588
542
582
630
520
390
448
662
694
634
690
626
686
594
570
524
472
408
378
418
274
170
10
44
296
310
324
456
322
326
518
540
622
676
620
678
648
650
574
684
698
606
642
832
732
722
562
452
426
482
626
738
622
586
804
744
662
766
704
780
764
700
650
648
850
896
1066
1050
980
990
916
978
936
944
1014
912
1024
1082
1026
870
876
766
934
1018
1232
1352
1536
1490
1392
1310
1126
1108
1068
888
894
858
828
734
754
920
978
1134
1142
1096
1298
1226
1302
1292
1278
1394
1310
1114
1130
1032
1116
1074
968
962
1142
1110
1190
1376
1388
1604
1514
1534
1560
1632
1746
1702
1788
1646
1770
1890
1764
1822
1692
1596
1540
1716
1762
1722
1606
1560
1682
1676
1700
1854
1726
1736
1698
1688
1642
1752
1786
1660
1554
1486
1510
1534
1412
1428
1220
1112
1244
1298
1264
1266
1304
1190
1044
996
1012
866
906
1088
1088
1106
1136
1098
912
774
826
836
722
758
786
696
596
652
542
546
572
546
598
562
416
650
676
734
590
474
282
256
294
316
222
222
266
288
112
238
462
530
628
556
588
504
434
422
586
652
742
650
686
702
568
630
856
834
932
1092
1130
1092
1310
1220
1134
962
992
940
1124
1164
1162
1140
1358
1324
1380
1398
1420
1444
1498
1400
1310
1282
1208
1184
1066
1146
1264
1094
914
1062
1064
962
810
746
762
756
736
752
718
808
706
684
736
636
574
486
416
202
216
312
264
188
126
74
184
60
130
118
142
224
72
40
64
250
254
102
66
146
204
226
224
182
72
240
314
422
246
330
234
252
480
584
506
606
596
722
752
836
918
828
764
702
812
818
824
786
800
918
934
964
812
814
868
1074
1034
1100
1026
1072
822
1084
934
1088
1214
1324
1372
1426
1356
1306
1158
1290
1284
1328
1424
1420
1472
1350
1446
1338
1216
1244
1250
1232
1302
1258
1164
1112
1130
1034
958
1124
1106
1094
1136
1214
1374
1248
1332
1288
1532
1514
1536
1594
1510
1512
1564
1426
1478
1232
1236
1276
1032
1132
1098
978
852
898
982
918
914
888
852
960
1136
1044
1034
960
1172
1158
1340
1296
1156
1198
1216
1262
1300
1242
1180
1140
1252
1368
1464
1676
1882
1870
1902
1766
1746
1810
1854
1894
1790
1770
1730
1822
2046
2174
2252
2184
2250
2106
2240
2178
2340
2140
1964
2104
2038
1850
1724
1792
1836
1664
1688
1800
1648
1652
1538
1594
1486
1366
1458
1482
1300
1352
1338
1348
1132
1100
1112
1140
1304
1222
1352
1374
1146
1268
1300
1248
1244
1098
1128
1274
1134
1268
1300
1318
1328
1400
1390
1204
1026
990
1010
966
806
712
706
722
692
626
670
638
790
698
734
768
786
724
990
838
860
658
584
662
726
644
720
724
826
910
854
1002
880
756
1026
1138
1248
1312
1056
1138
1114
1016
956
906
940
850
768
680
714
742
918
992
1006
1106
1166
1090
1100
1096
1106
920
742
826
848
856
898
830
762
466
408
458
354
294
416
488
398
220
150
226
50
152
228
194
288
132
348
444
422
436
362
334
448
520
538
462
642
422
556
618
500
450
384
370
262
320
410
370
514
346
448
438
428
392
428
344
414
226
460
488
642
652
522
798
722
654
676
616
688
614
682
780
602
584
610
546
702
706
760
816
626
732
764
672
778
834
666
658
684
586
334
488
462
448
248
296
338
544
490
402
484
246
300
150
130
322
114
92
94
160
98
198
98
106
316
354
28
98
132
240
208
70
48
220
244
224
116
338
226
184
142
304
462
504
524
602
658
552
686
518
498
526
566
548
496
410
458
348
380
474
380
248
288
196
134
82
94
18
170
256
280
276
432
534
722
466
578
522
522
438
530
534
514
538
560
570
426
390
220
152
210
170
124
228
152
244
290
72
20
36
128
4
130
90
112
98
110
104
226
206
442
398
328
362
270
278
366
366
272
234
220
200
192
106
118
174
162
246
142
36
110
26
8
70
2
80
36
142
52
2
14
76
228
198
194
432
474
434
368
194
66
148
104
120
40
60
110
162
200
294
368
328
524
472
622
742
844
764
622
722
658
536
374
470
596
380
258
286
276
386
306
340
252
288
228
234
78
4
198
242
392
344
300
266
262
388
428
448
412
484
640
594
504
390
280
324
292
172
312
450
360
494
602
582
532
434
492
590
592
388
354
298
314
298
588
446
384
464
594
580
518
454
322
228
186
304
380
416
434
464
530
582
688
682
648
524
528
574
486
322
386
444
344
252
260
270
184
280
404
312
422
630
698
832
842
708
532
550
562
636
632
614
736
878
880
1012
888
862
848
932
964
976
760
830
708
750
818
792
628
670
560
424
344
386
426
338
280
308
194
422
388
282
498
458
456
316
240
376
222
152
6
194
380
340
318
288
184
128
222
196
248
322
540
492
670
758
912
788
898
800
828
872
822
878
914
860
824
776
582
526
512
598
674
510
586
612
740
716
874
932
930
1012
918
972
934
916
966
898
1030
1056
1096
1176
1228
1174
1010
996
1056
1168
1322
1318
1296
1322
1206
1218
1148
1260
1378
1026
1054
1118
1110
1126
1002
1100
1144
1180
1052
982
884
906
892
856
886
954
970
872
918
950
910
1016
1000
1016
830
904
920
1048
896
896
844
814
956
1020
1204
960
836
796
740
474
510
420
470
296
162
98
204
226
274
154
86
12
86
12
62
74
34
228
370
350
234
254
174
290
418
552
448
344
502
548
488
506
516
694
694
682
744
634
680
776
702
572
550
472
366
262
324
252
134
112
128
182
86
22
28
48
74
66
92
38
378
320
268
94
194
368
248
392
498
188
146
282
212
96
106
168
378
322
554
630
758
928
960
976
1104
1214
1218
1070
1100
1094
1100
976
856
844
770
836
710
816
1038
1068
1028
1106
1108
1252
1274
1262
1158
1214
1204
1366
1616
1698
1650
1700
1598
1884
2020
2030
2214
2170
2224
2156
2130
2022
2134
2190
2198
2278
2184
2242
2042
2186
2356
2340
2244
2094
2164
2092
2136
2028
2018
1952
1978
1904
1802
1962
1954
1928
1998
1964
1952
1954
1804
1630
1566
1592
1544
1578
1522
1522
1730
1796
1656
1716
1598
1394
1300
1394
1342
1232
1314
1370
1534
1644
1600
1646
1600
1428
1472
1540
1612
1564
1574
1646
1644
