112
68
48
20
14
72
30
58
22
4
12
14
32
78
66
30
20
24
24
12
32
24
32
42
36
80
92
8
24
26
26
12
38
124
76
98
112
102
104
130
178
194
200
106
146
166
168
154
142
102
108
98
144
106
52
8
26
30
42
4
24
130
166
124
122
118
176
160
138
166
94
108
62
82
118
152
152
82
54
82
50
58
14
22
54
68
110
102
90
130
166
158
214
154
228
264
294
308
252
302
276
286
282
258
272
266
174
174
166
118
112
162
192
168
210
184
206
188
172
224
296
280
312
376
404
432
426
464
446
428
376
418
450
408
376
414
408
336
324
320
328
350
358
354
368
356
384
408
428
434
420
496
534
528
572
536
490
502
502
524
524
560
568
536
576
570
560
526
498
472
470
462
474
468
490
488
508
546
544
532
514
520
510
512
538
508
566
576
618
670
670
714
700
700
702
686
668
690
744
758
728
698
690
698
668
676
626
652
648
648
696
684
742
722
696
674
682
642
666
664
698
726
716
680
698
690
750
752
752
756
714
642
644
648
620
612
618
616
580
604
570
604
612
632
586
604
622
638
640
640
628
632
610
650
646
602
592
614
598
600
634
628
600
618
646
616
634
598
586
578
562
534
576
598
570
584
580
582
564
532
534
504
540
548
556
506
466
452
478
466
446
424
358
338
328
404
362
408
408
350
356
320
388
450
444
394
456
434
422
492
478
448
464
410
374
408
410
402
406
448
454
440
410
432
442
386
376
330
306
252
226
196
208
188
214
160
148
122
148
158
148
168
106
162
130
112
120
78
138
176
124
156
160
154
176
138
136
144
108
90
16
18
6
4
32
24
34
36
92
78
112
76
36
70
52
20
38
64
40
78
68
2
26
80
12
18
4
72
48
78
40
52
0
44
58
86
34
140
160
200
236
236
274
284
278
326
356
338
352
332
286
258
276
274
308
284
262
280
274
298
282
232
256
292
340
346
322
324
374
424
366
356
386
396
420
402
408
390
352
304
354
322
312
356
342
306
344
328
306
258
212
186
144
202
184
236
240
216
242
228
200
176
212
262
228
226
176
70
170
138
96
184
212
262
226
290
286
252
210
254
282
278
360
368
352
362
362
350
358
336
288
296
256
244
264
286
304
318
350
362
356
394
336
310
362
352
340
322
292
308
318
322
310
284
254
294
324
248
248
262
230
326
334
370
402
368
376
406
378
368
378
380
308
340
290
296
364
374
390
366
376
370
346
302
324
378
364
390
402
402
418
458
406
380
438
414
440
406
384
386
382
398
388
400
416
388
410
434
438
418
424
420
404
348
372
334
370
348
358
336
336
360
394
458
512
472
508
490
464
486
514
466
444
398
400
408
376
416
368
356
408
438
432
422
408
456
456
492
500
514
514
492
452
472
492
428
446
454
432
448
516
486
474
460
392
364
370
346
328
316
256
196
182
152
148
134
174
144
124
124
174
212
186
232
314
324
376
412
392
386
426
450
488
438
446
404
400
412
396
380
350
390
414
386
392
364
390
434
480
468
536
518
508
438
430
448
418
400
410
384
368
370
408
364
374
410
366
400
480
492
532
480
492
448
408
432
430
450
430
460
444
432
446
480
414
388
388
378
410
438
444
416
434
458
404
422
398
398
392
424
396
408
392
392
384
282
278
312
292
324
308
320
328
326
352
344
372
348
404
442
428
406
392
368
436
464
402
368
386
350
372
350
330
310
242
286
286
294
272
264
162
206
234
212
168
232
230
262
234
226
256
204
208
166
180
142
104
142
136
182
122
80
8
28
16
44
50
68
46
72
18
14
12
24
4
28
20
20
14
26
16
54
44
84
148
174
186
232
294
274
340
304
306
326
290
284
290
332
318
336
358
348
320
306
276
348
370
358
388
368
344
362
416
444
422
424
430
422
350
376
386
434
398
438
482
434
390
434
442
450
472
538
510
474
382
314
364
376
398
378
358
344
392
372
398
462
406
440
424
366
346
328
374
412
416
472
484
454
458
462
444
396
410
450
422
414
376
434
448
498
536
572
578
576
548
602
588
614
606
630
608
572
578
600
610
618
640
664
660
670
690
724
726
692
752
750
688
706
642
652
704
746
688
708
662
704
736
712
722
700
676
686
670
670
668
660
656
696
702
688
692
706
682
656
660
614
654
678
702
708
700
680
692
738
732
692
712
690
666
658
612
584
512
558
554
590
612
632
672
674
654
616
584
592
602
598
628
664
658
604
626
620
566
574
572
574
556
546
564
614
588
534
540
564
514
530
564
552
516
470
456
406
402
414
470
360
378
358
316
342
304
264
322
328
338
342
380
438
446
452
444
478
458
412
400
458
480
448
478
452
424
462
446
452
390
392
408
402
438
514
502
520
470
448
450
448
406
402
400
408
334
308
314
306
260
290
290
262
246
280
272
284
300
274
306
330
358
362
380
426
428
452
430
468
486
466
452
444
414
432
446
392
396
398
450
470
426
404
344
346
322
256
240
308
270
306
326
330
374
368
388
422
458
404
402
398
416
406
404
320
358
376
424
412
464
492
516
512
472
448
442
398
414
382
286
288
286
294
306
326
338
414
436
468
452
422
446
506
522
524
506
506
520
508
484
550
538
544
536
544
560
532
578
530
508
466
446
414
382
374
344
374
358
362
364
430
446
436
450
448
450
436
424
442
446
426
430
484
488
476
492
478
496
536
550
578
556
538
490
526
438
394
416
398
424
434
416
410
402
384
372
360
350
370
384
388
410
420
474
482
444
488
466
450
470
504
544
532
538
506
506
554
596
630
648
630
602
628
670
640
668
700
700
674
652
614
592
586
578
604
656
662
658
638
634
670
714
632
652
636
648
586
564
552
584
574
552
592
606
586
584
556
488
548
550
538
546
546
492
450
478
462
444
420
410
432
492
514
514
566
566
570
576
600
604
622
630
674
602
654
648
636
668
702
688
710
724
718
702
698
684
648
602
588
580
642
616
662
666
670
638
612
614
594
608
574
574
610
622
632
606
590
622
618
610
608
550
568
558
532
534
484
474
464
484
480
486
484
504
534
514
586
576
608
618
628
584
634
632
620
636
602
558
610
598
568
568
562
562
494
504
572
576
588
620
632
618
624
652
598
594
598
624
650
656
698
668
648
698
736
676
702
716
694
642
678
722
700
676
644
640
638
630
576
610
576
544
546
562
564
582
580
602
574
562
578
562
534
476
508
542
534
520
484
506
500
502
450
458
498
514
514
516
550
560
628
658
676
698
716
696
694
698
666
666
634
646
648
602
526
532
496
424
434
420
450
482
428
426
392
414
360
410
404
398
350
388
380
400
450
480
478
488
492
476
492
462
498
538
504
482
462
480
484
492
470
464
482
504
478
506
528
548
540
560
564
586
560
610
562
544
516
506
490
472
444
446
472
478
506
532
438
394
368
358
368
308
270
256
214
220
186
192
196
176
156
168
208
190
198
126
84
22
32
22
66
66
94
88
86
76
102
148
134
102
120
168
164
174
198
184
188
168
198
198
182
192
194
196
150
176
166
154
126
160
156
138
158
110
102
112
76
58
120
174
162
78
88
58
68
50
32
50
20
50
86
86
118
142
138
206
214
248
224
240
214
216
238
222
222
232
168
150
112
144
162
142
98
124
20
24
48
54
42
6
12
70
4
8
2
14
4
14
50
60
74
106
128
164
180
192
186
242
220
204
214
212
226
250
230
234
214
228
170
80
98
124
94
78
90
100
146
152
178
202
188
210
164
124
168
156
138
160
206
236
286
296
290
290
280
294
270
336
354
360
344
314
354
356
358
360
342
304
312
328
332
376
436
458
484
520
560
592
616
654
672
660
630
566
566
542
562
564
580
658
672
610
578
586
564
592
566
574
564
498
472
474
514
532
542
522
542
552
616
576
628
650
690
712
700
706
684
668
710
668
700
716
726
726
700
708
704
708
676
648
588
534
526
488
452
482
486
512
478
430
462
454
498
512
522
548
472
498
472
544
534
530
546
554
646
662
674
664
660
682
668
642
650
648
612
604
624
618
628
648
630
664
686
674
628
564
568
546
526
554
528
492
476
500
442
486
500
450
478
420
466
472
476
484
494
430
398
452
468
464
454
450
426
358
406
380
416
434
434
428
418
402
378
354
376
446
410
448
492
512
554
554
554
550
530
498
502
526
482
474
436
452
520
560
608
618
648
638
628
584
622
620
714
758
788
780
772
772
726
708
688
654
656
682
700
716
734
706
716
698
630
640
702
714
714
670
678
646
624
614
618
676
664
664
614
592
546
548
530
510
508
506
506
528
528
570
618
644
650
654
650
688
706
692
734
762
778
786
800
824
786
822
780
800
800
808
764
746
750
730
752
770
778
802
798
730
722
732
762
742
696
698
700
704
718
724
690
680
664
702
686
680
662
698
722
680
680
700
664
670
674
674
628
628
610
594
600
616
590
516
526
506
526
586
532
560
580
612
626
634
572
588
626
624
616
640
656
690
666
664
606
584
602
612
570
588
628
628
620
648
664
610
604
590
648
678
682
690
694
682
700
728
720
710
624
