2594
2508
2532
2632
2682
2698
2636
2648
2630
2628
2664
2664
2600
2556
2510
2570
2668
2714
2740
2700
2690
2762
2654
2682
2688
2666
2536
2570
2624
2708
2694
2756
2862
2838
2812
2680
2670
2632
2662
2620
2666
2592
2664
2624
2744
2806
2844
2846
2830
2910
3036
2928
2976
2972
2946
2990
2912
2984
3054
3120
3162
3030
3000
3012
3010
2940
2890
2882
2968
2992
2924
2958
3010
2958
2970
2960
2914
2930
2920
2910
3002
2942
2994
2942
2984
2888
2866
2844
2930
3014
2948
2936
2868
2808
2836
2836
2850
2924
2832
2798
2732
2766
2714
2688
2654
2668
2676
2790
2766
2818
2824
2864
2866
2840
2872
2700
2704
2738
2764
2848
2864
2814
2824
2864
2912
2912
2982
3014
2990
2944
2954
2976
2968
2884
2888
2892
2818
2884
2896
2940
2936
2994
2868
2926
3016
2908
2990
2906
2912
2864
2932
3032
3020
2926
2950
2966
2924
2930
2944
2932
2822
2724
2678
2688
2660
2658
2594
2548
2426
2492
2466
2506
2580
2540
2526
2634
2618
2646
2702
2740
2690
2694
2660
2660
2734
2730
2734
2676
2712
2696
2646
2622
2676
2704
2656
2694
2742
2736
2672
2622
2606
2540
2562
2490
2518
2464
2530
2408
2438
2414
2364
2298
2294
2284
2244
2272
2266
2232
2236
2248
2266
2272
2262
2214
2314
2458
2362
2378
2410
2454
2374
2354
2264
2308
2298
2264
2156
2254
2278
2306
2196
2208
2156
2184
2194
2198
2118
2138
2042
1924
2010
1924
2046
2176
2198
2136
2132
2088
2164
2148
2128
2156
2266
2222
2226
2226
2204
2226
2230
2108
2160
2248
2220
2126
2122
2154
2310
2228
2220
2208
2152
2186
2180
2154
2154
2104
2074
2130
2014
1894
1940
1896
1838
1898
1936
1846
1856
1916
1972
1956
1998
1924
1966
1974
2044
2088
2048
2020
1972
2000
1990
1936
1912
1978
1876
1896
1988
1924
1980
2028
1934
2038
2018
2120
2098
2078
2044
2190
2198
2158
2206
2226
2206
2124
2116
2176
2228
2240
2206
2050
2112
2036
2086
2026
2112
2216
2202
2302
2298
2250
2200
2216
2212
2214
2178
2210
2114
2074
2042
2092
2076
2120
2156
2136
2132
2144
2104
2196
2178
2246
2220
2188
2244
2342
2358
2332
2330
2388
2442
2398
2374
2346
2352
2374
2402
2418
2412
2430
2416
2474
2568
2538
2502
2536
2566
2538
2544
2518
2584
2608
2554
2510
2566
2554
2424
2340
2272
2326
2254
2324
2328
2366
2376
2332
2460
2464
2470
2428
2408
2372
2312
2434
2540
2538
2542
2518
2556
2548
2684
2678
2570
2586
2590
2570
2592
2642
2644
2680
2706
2582
2468
2540
2458
2376
2434
2472
2512
2594
2574
2574
2480
2418
2450
2422
2326
2270
2302
2240
2164
2162
2130
2066
2136
2160
2144
2170
2238
2308
2306
2216
2156
2044
1948
1946
1894
1824
1772
1682
1746
1832
1876
1902
1886
1916
1842
1940
1980
1926
1904
1858
1968
1954
1986
1916
1986
1974
1930
1936
1878
1954
1848
1874
1948
1896
1842
1850
1828
1860
1872
1914
1864
1778
1892
1836
1780
1778
1760
1802
1756
1820
1896
1934
1922
1938
1878
1926
1788
1942
1948
1946
1982
2064
2044
2038
2164
2176
2094
2034
2072
2010
1942
1956
1934
1952
1898
1980
1986
1948
1994
1994
2086
2084
2062
2028
1968
1932
1982
2052
2052
2060
2062
2072
2106
2152
2096
2046
2116
2096
2142
2214
2110
2144
2122
2064
2066
2002
2102
2130
2160
2178
2194
2326
2366
2422
2366
2326
2284
2356
2320
2332
2348
2306
2398
2444
2422
2358
2354
2328
2366
2422
2348
2316
2296
2230
2316
2286
2234
2296
2264
2378
2396
2308
2244
2268
2228
2120
2104
2098
2180
2228
2228
2224
2264
2182
2190
2286
2320
2314
2268
2208
2240
2250
2296
2364
2362
2298
2356
2310
2290
2234
2226
2240
2344
2268
2246
2256
2192
2134
2164
2174
2196
2214
2128
2084
2122
2144
2160
2080
2024
2086
2102
2200
2202
2148
2094
2124
2110
2116
2042
1930
1944
1940
2060
2064
2074
2098
2112
2026
2042
2058
2038
2054
1970
2004
1964
1948
2022
1960
2032
2068
2050
2074
2100
2070
2178
2190
2172
2210
2240
2150
2246
2194
2142
2112
2206
2290
2262
2346
2364
2322
2420
2416
2292
2328
2388
2440
2408
2384
2396
2432
2346
2320
2230
2248
2360
2364
2350
2452
2444
2338
2352
2454
2506
2482
2498
2522
2438
2438
2410
2440
2406
2306
2238
2220
2156
2172
2206
2204
2252
2170
2120
2148
2266
2260
2266
2264
2266
2320
2374
2298
2390
2326
2254
2294
2370
2394
2358
2420
2400
2420
2508
2504
2454
2508
2478
2546
2540
2558
2658
2616
2654
2628
2654
2654
2600
2560
2590
2568
2508
2490
2490
2600
2606
2640
2600
2584
2586
2586
2646
2596
2610
2600
2708
2646
2652
2728
2632
2776
2756
2750
2814
2744
2710
2726
2732
2676
2666
2630
2564
2440
2336
2342
2262
2274
2270
2286
2248
2274
2256
2206
2280
2234
2250
2258
2260
2320
2372
2324
2398
2424
2386
2290
2250
2352
2436
2442
2476
2538
2474
2394
2384
2376
2434
2440
2448
2402
2370
2324
2336
2374
2308
2330
2246
2282
2192
2188
2200
2184
2198
2156
2106
2096
2098
2108
2048
2004
1964
2112
2120
2118
2190
2154
2118
2218
2284
2314
2256
2238
2256
2202
2138
2170
2240
2092
2082
2158
2004
1966
1978
1928
1988
1854
1816
1934
1970
1926
1976
2038
2036
2058
2098
2116
2162
2252
2232
2172
2078
2144
2040
2076
2108
2108
2160
2156
2168
2140
2126
1954
1994
2044
1922
1936
1970
1948
1902
1854
1962
1952
1968
1988
1994
1932
1862
1894
2014
1964
1974
1996
1994
2024
2094
2124
2110
2216
2220
2218
2246
2260
2252
2230
2226
2168
2120
2102
2080
2074
2114
2160
2108
2060
1916
1896
1980
1964
1958
1940
1944
1878
1844
1798
1696
1668
1734
1730
1716
1722
1680
1634
1610
1580
1496
1540
1610
1724
1632
1604
1614
1646
1616
1654
1712
1676
1722
1654
1598
1646
1512
1468
1458
1512
1528
1560
1544
1458
1508
1536
1602
1592
1540
1654
1614
1638
1628
1646
1612
1622
1540
1584
1586
1528
1454
1432
1534
1432
1546
1556
1502
1568
1524
1492
1450
1440
1430
1402
1478
1360
1424
1396
1394
1286
1208
1136
1090
1276
1304
1374
1496
1492
1506
1468
1592
1496
1348
1314
1158
1180
1268
1194
1232
1234
1256
1204
1202
1150
1186
1164
1086
1122
1150
1094
1106
1174
1182
1216
1248
1148
1158
1162
1130
1174
1126
1166
1208
1194
1124
1136
1130
1178
1292
1288
1388
1518
1510
1508
1454
1460
1432
1456
1518
1528
1536
1550
1644
1722
1760
1764
1920
1894
1868
1876
1866
1698
1756
1818
1948
1868
1822
1846
1888
1856
1852
1858
1756
1756
1736
1764
1844
1804
1796
1750
1796
1816
1784
1682
1706
1712
1682
1782
1724
1702
1750
1716
1644
1700
1676
1708
1766
1826
1786
1790
1688
1610
1716
1712
1654
1708
1582
1530
1554
1610
1638
1706
1730
1694
1760
1738
1700
1694
1800
1760
1686
1712
1772
1770
1688
1602
1630
1644
1544
1468
1484
1402
1476
1504
1570
1496
1474
1554
1456
1428
1408
1412
1408
1454
1448
1528
1540
1570
1438
1426
1420
1354
1304
1266
1282
1324
1302
1380
1364
1320
1276
1326
1322
1314
1386
1412
1480
1422
1462
1340
1368
1282
1300
1190
1158
1164
1062
1066
1088
1066
1052
1046
1056
992
1048
1110
1132
1186
1170
1262
1174
1180
1186
1284
1440
1478
1476
1496
1490
1512
1462
1466
1410
1332
1388
1294
1336
1316
1262
1304
1280
1318
1326
1266
1206
1320
1222
1300
1334
1318
1250
1222
1126
1108
1102
1086
1060
922
924
972
938
862
884
866
948
930
1056
946
902
952
894
1034
1106
1152
1126
1120
1064
1096
1130
1136
1100
1136
1196
1256
1240
1160
1116
1136
1188
1210
1130
1102
1176
1168
1218
1148
1114
1020
1174
1192
1332
1428
1408
1434
1392
1328
1338
1378
1322
1346
1386
1326
1330
1290
1272
1308
1340
1224
1174
1150
1250
1302
1262
1404
1422
1410
1414
1498
1480
1436
1414
1372
1440
1420
1448
1456
1514
1612
1636
1648
1720
1690
1760
1754
1704
1788
1706
1760
1770
1804
1798
1750
1720
1594
1586
1544
1584
1694
1738
1746
1806
1720
1656
1638
1696
1654
1632
1620
1586
1686
1642
1630
1584
1552
1480
1506
1652
1632
1672
1690
1724
1668
1692
1712
1798
1834
1824
1840
1740
1684
1798
1794
1700
1710
1724
1722
1672
1656
1602
1622
1654
1708
1628
1678
1698
1736
1802
1790
1828
1860
1820
1890
1872
1856
1770
1786
1750
1702
1654
1730
1816
1806
1808
1756
1760
1746
1764
1836
1894
1828
1852
1888
1942
1982
2012
1950
1872
1942
1952
2002
1946
1910
1830
1818
1720
1784
1782
1844
1816
1866
1842
1750
1732
1736
1730
1774
1814
1872
1906
1952
1928
1844
1808
1858
1872
1922
1922
1936
2002
1988
2022
1974
2036
2108
2026
2010
2060
2082
2176
2172
2148
2102
1976
2008
2002
1998
2012
2010
1916
1934
1920
1976
1936
1894
1848
1814
1874
1844
1952
1868
1804
1840
1820
1862
1864
1946
1932
1908
2038
1906
1894
1976
1944
1948
2018
1970
2002
2054
2038
1956
1946
1986
2034
1872
1818
1924
1878
1888
1930
1912
1902
1772
1776
1838
1800
1846
1854
1872
1926
1870
1890
1916
1916
1930
1948
1936
1904
1910
1918
1824
1790
1830
1826
1780
1764
1716
1698
1692
1660
1740
1748
1754
1818
1806
1772
1802
1792
1790
1858
1888
1882
1922
1956
1908
1916
1946
1892
1954
1972
1876
1932
1948
2052
1908
1930
1980
1938
1982
2024
2022
2066
2048
2128
2032
2118
2162
2122
2144
2096
2066
2148
2118
2112
2106
2116
2192
2250
2256
2238
2248
2258
2268
2274
2330
2326
2324
2284
2286
2394
2434
2398
2380
2410
2384
2464
2504
2550
2570
2564
2696
2742
2824
2694
2696
2714
2620
2572
2558
2552
2566
2570
2422
2416
2386
2306
2342
2320
2258
2316
2240
2368
2316
2406
2292
2190
2256
2132
2116
2096
2086
2022
2046
2204
2214
2298
2280
2252
2226
2180
2198
2120
2124
2018
2036
2110
2152
2144
2154
2106
2048
2104
2030
2006
1962
1980
2028
2038
1902
1874
1936
1894
1950
1976
2038
2136
2176
2234
2140
2192
2162
2192
2222
2198
2172
2134
2174
2142
2096
2154
2082
2106
2124
2216
2226
2268
2210
2224
2216
2238
2140
2140
2210
2228
2284
2328
2356
2294
2292
2326
2478
2580
2540
2526
2494
2574
2598
2658
2622
2666
2590
2624
2536
2480
2424
2376
2354
2354
2352
2332
2364
2302
2362
2346
2422
2354
2380
2388
2490
2340
2296
2246
2236
2248
2212
2144
2094
2048
2044
2102
2034
2174
2242
2238
2260
2268
2270
2380
2336
2306
2372
2416
2410
2414
2392
2400
2432
2396
2352
2376
2452
2426
2326
2270
2294
2348
2344
2352
2302
2338
2350
2330
2284
2210
2262
2292
2278
2322
2312
2324
2258
2358
2370
2416
2380
2434
2490
2460
2402
2450
2418
2414
2384
2262
2274
2282
2182
2186
2218
2206
2160
2142
2030
2078
2194
2194
2144
2090
2000
1966
1940
2048
2104
2054
2096
2076
2100
2136
2082
2080
2064
2084
1974
2140
2222
2208
2194
2172
2182
2186
2184
2240
2180
2144
2106
2026
2114
2028
2016
2072
2158
2166
2276
2248
2302
2430
2464
2480
2516
2556
2474
2448
2430
2434
2434
2354
2392
2362
2310
2294
2310
2380
2454
2460
2414
2498
2602
2616
2482
2490
2446
2460
2340
2282
2366
2382
2368
2360
2380
2478
2440
2430
2486
2462
2470
2468
2490
2408
2476
2436
2414
2462
2454
2420
2426
2500
2490
2508
2396
2320
2250
2232
2238
2396
2390
2444
2462
2414
2352
2332
2292
2292
2260
2312
2368
2418
2388
2378
2414
2464
2386
2416
2496
2444
2492
2526
2482
2606
2646
2606
2694
2560
2606
2558
2524
2548
2566
2550
2574
2440
2492
