1434
1474
1492
1504
1450
1560
1552
1488
1348
1466
1458
1686
1632
1532
1554
1616
1502
1582
1576
1540
1418
1478
1532
1262
1466
1534
1638
1404
1364
1142
1316
1216
1158
1072
1122
1174
1066
942
1002
890
854
878
910
990
908
1076
960
922
1080
1066
1108
1248
1186
908
906
748
544
574
454
588
668
692
726
806
640
594
570
602
678
612
716
644
636
862
652
658
808
752
572
694
588
468
336
454
384
386
314
274
194
212
208
198
158
130
144
128
296
300
318
426
332
234
162
160
118
48
282
272
350
436
366
336
170
178
390
412
364
462
526
588
488
526
468
298
182
132
200
272
316
338
400
374
454
298
298
368
486
414
342
212
288
382
388
294
392
518
470
628
886
974
916
752
922
936
944
1014
1076
1064
1102
940
828
874
912
1170
1086
1030
958
692
756
626
600
552
486
590
714
646
722
722
650
472
500
660
726
734
842
858
906
890
918
732
800
730
690
564
494
472
548
514
574
526
678
922
920
732
810
834
926
930
804
644
654
552
566
656
676
638
644
888
794
810
660
804
898
950
810
856
770
794
814
954
828
718
588
484
586
508
530
418
390
308
248
188
274
192
62
16
136
168
174
122
60
56
162
192
394
430
510
602
646
678
542
678
560
634
872
822
532
562
534
366
520
436
592
462
560
488
644
518
444
510
592
712
642
580
618
568
568
558
736
682
682
586
596
600
462
380
402
320
194
328
210
110
156
164
104
150
276
298
184
2
36
18
32
66
58
12
28
42
208
280
354
240
300
320
332
354
342
404
332
230
158
222
488
466
574
670
838
584
502
548
488
532
484
548
490
382
390
376
372
346
364
532
510
628
664
690
772
882
1034
1150
982
786
596
756
820
714
676
492
392
358
324
380
320
294
414
376
440
528
624
890
868
780
786
590
550
454
566
508
550
580
552
582
482
454
352
486
724
776
860
992
1004
874
922
698
804
822
780
768
680
772
658
726
670
550
878
690
756
572
622
612
504
400
372
324
444
348
364
402
340
484
612
500
518
514
568
304
270
266
468
678
684
702
676
732
680
682
738
510
624
504
438
480
564
524
540
600
738
624
586
530
484
304
504
482
360
318
180
274
362
326
400
394
356
232
206
186
286
356
332
202
316
360
196
88
254
254
14
108
64
226
208
72
264
158
26
70
74
228
294
322
252
208
170
274
166
148
262
274
268
314
324
364
360
424
286
320
250
372
284
36
16
60
70
164
152
312
184
176
30
22
112
18
100
110
108
286
402
394
338
216
136
26
32
50
108
38
140
224
236
236
184
200
142
194
274
150
282
258
148
94
312
142
10
138
82
160
200
240
100
204
330
282
228
326
150
190
242
298
378
328
196
138
10
16
28
74
88
10
116
204
184
66
162
218
172
178
128
126
118
172
202
280
280
240
332
260
402
354
360
236
256
258
278
212
436
228
238
278
446
332
384
342
392
386
332
562
584
446
526
506
538
608
692
678
700
508
446
410
358
230
210
294
250
262
142
250
366
336
318
352
116
96
108
320
292
92
102
140
228
234
152
168
100
180
174
116
224
192
266
156
398
524
612
742
694
582
590
580
626
700
786
702
542
622
702
654
624
756
732
628
640
466
280
76
208
112
162
362
398
332
516
402
516
292
158
352
368
484
276
260
236
74
180
178
270
112
212
132
100
34
86
42
100
132
60
8
186
176
50
90
78
114
134
46
40
112
108
194
38
58
12
110
92
82
14
50
102
32
152
38
12
14
132
90
74
46
14
8
166
232
232
86
194
258
94
188
160
216
138
124
196
354
258
292
282
246
564
560
592
724
656
850
894
786
758
816
662
572
484
436
476
410
618
808
1032
1132
1206
1044
1010
864
728
888
1052
1032
880
882
942
870
868
696
784
876
928
994
964
798
876
810
648
674
776
700
602
700
694
778
856
958
940
926
942
1000
956
946
946
918
770
778
646
526
682
486
472
498
534
738
912
878
878
886
954
1012
1102
1132
1188
1044
1062
1084
1084
1130
1096
1218
1110
1082
1120
1230
1140
966
920
954
858
884
856
870
876
842
888
746
672
540
574
548
414
428
400
432
514
706
800
902
876
1040
1002
1104
964
750
792
996
1036
982
976
1158
1192
1234
1250
1080
1118
1140
1118
1146
1068
1056
1078
1170
1052
874
902
876
942
738
534
472
412
576
538
550
730
826
764
658
736
972
988
880
776
798
702
620
660
652
690
502
502
496
558
608
432
324
530
536
434
306
444
508
588
582
654
536
526
748
852
800
920
1002
1238
1352
1332
1120
1056
996
910
964
940
1096
1144
1150
1104
1140
1210
1300
1214
1328
1314
1336
1296
1400
1554
1586
1816
2056
1980
1936
1906
1964
2064
2070
2014
1986
1964
1740
1834
1826
1690
1684
1568
1588
1540
1394
1290
1478
1584
1668
1768
1828
1764
1780
1696
1768
1734
1906
1924
2010
1990
2008
2044
2082
2056
2056
1772
1836
1716
1650
1678
1768
1722
1562
1602
1674
1762
1628
1766
1932
1880
2034
1954
1992
2094
2146
2170
2092
2086
2098
2068
2054
2076
1938
1870
1880
1708
1710
1656
1588
1414
1550
1428
1456
1502
1430
1274
1218
1410
1388
1230
1196
1064
1136
1144
1000
728
788
792
652
874
1070
1166
1066
978
972
1002
1118
1136
998
992
988
896
870
932
932
966
1114
1218
1238
1372
1454
1470
1530
1494
1554
1626
1568
1608
1674
1698
1784
1870
1834
1788
1920
1890
1922
2026
2100
2092
1998
1960
1902
1820
1784
1808
1742
1594
1710
1846
1776
1644
1672
1754
1762
1612
1608
1308
1312
1192
1258
1152
1386
1508
1344
1288
1180
1270
1208
1058
1172
1268
1484
1540
1392
1276
1228
1148
1100
1224
1188
1276
1316
1356
1202
1292
1136
1076
1090
1138
1174
1140
1208
1102
1198
1250
1238
1158
1340
1232
1212
1222
1434
1432
1448
1244
1430
1356
1268
1322
1216
1196
1058
1012
1184
984
1072
1060
1052
1104
1038
1172
1018
930
1054
1062
1070
1066
1098
1134
1206
1172
1222
1156
1140
1218
1190
1000
894
848
814
884
932
1006
1074
1164
1036
950
882
916
990
948
1018
1014
988
1088
1236
1292
1248
1144
1306
1400
1570
1468
1394
1294
1176
1222
1164
1192
1166
1006
918
972
734
600
618
686
832
840
834
612
650
694
622
632
694
636
500
370
390
364
466
534
322
282
310
268
184
258
236
290
272
290
526
614
562
348
350
312
660
620
798
1018
1026
918
920
888
860
958
918
926
1076
1184
914
822
802
754
856
974
936
1014
1068
1044
884
966
946
1032
1122
988
1004
1038
1162
1166
962
900
998
934
1074
984
872
832
834
820
730
732
634
484
626
792
770
886
870
928
904
828
762
880
880
844
672
736
794
802
720
816
850
624
582
674
764
706
686
692
670
640
628
538
666
448
524
670
616
516
418
410
486
690
660
768
718
700
662
778
868
802
746
846
930
942
970
1092
1004
972
936
1128
1212
1016
964
838
904
792
822
772
762
686
714
796
936
770
876
724
734
612
862
934
940
1120
1324
1470
1360
1364
1330
1348
1488
1428
1386
1486
1682
1794
1894
1862
1968
1996
2106
2030
2078
2172
2084
2114
2126
2034
1858
1578
1512
1446
1454
1400
1286
1362
1436
1512
1568
1600
1600
1630
1638
1690
1644
1654
1542
1450
1708
1568
1512
1618
1648
1740
1774
1788
1798
1664
1602
1674
1842
1854
1720
1846
1884
1846
1814
1912
1734
1804
1764
1782
1806
1860
1882
1898
1948
1906
1754
1644
1694
1644
1554
1686
1736
1512
1446
1386
1356
1360
1374
1576
1462
1488
1642
1642
1528
1542
1540
1666
1674
1716
1620
1816
1906
1936
1778
1910
1724
1770
1752
1832
1706
1652
1444
1474
1566
1618
1684
1716
1854
1790
1810
1756
1640
1698
1798
1772
1774
1670
1592
1488
1378
1244
1170
1160
1140
1144
1298
1238
1238
1328
1100
1010
928
804
778
762
772
756
730
732
930
1084
966
1122
994
1058
1068
1076
992
1044
922
600
346
484
358
310
298
346
516
558
492
340
306
418
244
258
390
510
388
412
300
216
166
56
92
136
94
108
6
216
388
554
516
536
462
388
528
354
424
528
588
536
610
710
990
1122
980
1076
1000
1024
978
1014
1118
1064
1056
1072
1082
1002
1016
1064
1150
1120
1164
1212
1250
1382
1350
1406
1338
1358
1388
1262
1144
1144
1090
1146
1056
860
864
890
852
892
840
860
936
934
916
846
756
1026
1016
1046
986
1024
1130
1212
1232
1194
1020
902
988
914
898
992
986
910
906
908
1034
1042
1028
920
936
858
870
1026
1004
926
844
940
964
1018
966
928
1018
950
996
1024
956
1120
958
1060
1118
1134
1028
1014
954
1088
1206
1148
920
646
780
720
608
548
676
644
720
624
690
710
946
1034
922
900
906
894
1142
1148
1068
918
998
1014
1156
1214
1438
1490
1554
1506
1492
1514
1538
1518
1604
1552
1506
1418
1518
1702
1628
1536
1494
1562
1550
1850
1832
1618
1576
1634
1600
1612
1646
1794
1938
1766
1632
1616
1742
1438
1460
1568
1534
1624
1618
1656
1588
1474
1412
1322
1346
1260
1252
1316
1294
1322
1330
1394
1396
1354
1398
1232
1050
1118
1138
1080
910
1106
1146
960
1024
1064
922
764
608
668
660
724
674
766
660
728
570
440
490
438
248
242
216
100
16
38
178
130
50
78
146
212
126
104
144
118
56
22
0
0
34
32
168
24
34
74
126
50
42
16
94
224
246
382
378
388
424
352
228
152
258
224
84
134
166
290
46
18
104
4
76
6
20
64
22
94
24
154
216
242
282
396
480
332
306
234
190
240
420
446
390
436
284
362
272
204
122
130
58
12
96
44
110
100
114
82
148
54
46
58
98
102
32
22
20
60
260
430
458
462
600
724
686
588
544
448
354
390
524
670
580
574
584
684
838
942
1020
964
848
790
842
922
930
720
456
320
358
382
220
266
398
446
442
430
286
270
420
506
480
404
222
8
56
52
74
48
234
132
84
4
16
108
74
4
128
122
112
108
228
270
186
12
90
236
218
212
406
408
478
422
446
556
288
248
184
