606
636
674
674
720
702
720
662
682
664
672
620
630
588
594
614
618
590
608
618
640
652
660
616
600
566
594
640
658
650
684
666
684
728
684
690
692
720
714
790
790
800
794
816
814
776
770
776
722
748
664
690
720
736
730
766
798
806
766
764
790
836
858
834
808
838
874
866
858
840
834
808
804
826
826
816
822
840
828
826
836
806
804
800
816
800
836
832
818
818
794
782
808
800
810
834
806
836
822
756
780
780
836
820
854
788
762
750
776
756
752
706
724
732
738
752
768
774
832
824
840
850
820
832
818
790
768
780
804
804
806
770
778
794
800
776
762
690
722
778
788
750
808
790
754
748
732
678
722
724
696
708
680
678
666
650
628
590
578
606
626
652
648
658
670
684
656
688
728
746
750
808
848
848
844
852
870
858
850
820
794
814
796
810
788
776
760
722
752
784
802
788
790
812
778
768
776
754
778
754
732
746
802
796
784
818
818
810
802
804
800
806
794
776
768
794
832
844
850
846
870
822
768
760
740
798
828
858
846
830
836
864
814
770
768
766
760
786
826
788
788
768
766
800
772
754
730
692
688
626
630
658
668
668
654
692
618
620
652
622
566
604
612
600
630
678
668
628
610
606
624
594
534
546
508
510
502
504
526
588
574
576
540
540
530
530
528
492
484
528
576
564
522
574
590
570
584
602
596
560
538
518
590
616
648
674
616
622
640
588
618
636
650
680
688
628
662
650
646
600
610
628
602
622
606
650
658
624
584
588
578
550
586
572
576
570
572
570
558
576
586
548
550
550
602
632
602
534
492
500
488
494
522
590
536
508
448
416
436
474
478
450
460
432
426
412
380
338
376
368
384
408
392
378
378
418
406
356
328
294
314
332
358
368
358
390
416
410
404
380
332
358
354
362
424
416
396
380
360
330
352
368
340
342
368
360
390
352
356
354
370
368
378
340
364
410
412
460
472
460
446
442
460
428
416
430
350
296
322
354
376
380
406
356
358
336
336
340
358
356
338
322
312
292
298
312
308
334
312
350
364
368
356
360
296
290
270
254
292
284
290
264
288
326
304
296
316
322
322
278
282
280
304
272
290
272
286
324
378
426
414
442
464
448
448
402
388
396
430
390
380
402
386
358
384
370
388
366
376
406
434
450
428
442
414
388
308
310
374
464
474
486
484
536
552
492
450
542
526
536
562
582
534
540
518
478
528
520
546
560
542
502
494
480
492
498
472
492
526
576
546
552
524
542
522
578
580
602
620
642
608
668
650
646
658
616
630
636
634
630
654
644
660
632
632
628
630
624
648
642
658
664
674
710
700
754
780
742
706
754
774
736
758
782
766
726
718
734
744
718
702
726
758
762
770
770
770
742
742
756
730
784
770
790
790
788
766
718
740
766
798
848
832
818
794
772
762
816
786
750
778
754
718
716
712
730
742
740
760
774
804
806
768
732
670
696
724
794
790
794
820
840
848
800
802
792
840
858
858
834
838
868
830
772
788
814
830
834
784
740
734
702
750
800
818
800
786
802
800
800
820
828
806
810
830
836
798
812
794
742
760
738
778
806
816
848
826
832
826
818
830
816
778
794
786
800
808
824
858
878
846
830
826
850
840
824
848
798
866
840
854
818
848
846
840
822
836
822
850
814
794
766
778
804
872
844
848
800
756
776
796
770
788
744
756
758
734
712
714
724
736
730
740
660
718
682
712
696
654
672
694
656
668
708
700
726
724
740
806
818
802
826
860
816
840
878
876
836
848
882
866
844
872
872
866
886
842
834
830
840
860
892
868
844
836
848
864
880
822
816
816
814
796
774
766
758
750
678
654
656
662
622
610
608
666
682
674
678
708
656
688
702
672
692
738
730
690
678
688
712
712
698
658
684
738
788
822
818
830
762
808
788
758
760
714
704
666
708
724
708
774
788
808
806
794
770
800
780
854
872
860
808
790
764
758
720
674
686
684
676
682
582
600
598
598
604
630
684
644
592
596
606
574
612
626
608
600
594
578
582
614
566
550
542
512
580
612
636
620
616
540
510
500
506
534
490
508
540
548
544
566
572
580
604
590
598
614
622
632
632
654
630
584
574
614
598
600
628
686
706
678
698
672
650
644
610
578
566
582
612
590
596
590
628
614
630
638
612
588
572
538
526
504
490
552
566
666
646
670
640
690
684
716
756
752
744
776
754
768
790
820
790
792
778
772
706
754
758
790
800
796
838
836
782
776
764
754
770
778
728
696
680
648
632
670
684
670
660
690
716
672
680
658
586
646
660
620
614
574
556
532
500
518
526
534
530
532
584
554
596
540
534
554
522
534
608
632
606
588
638
648
580
580
600
618
612
662
646
670
654
626
618
634
562
548
494
468
446
452
462
454
444
428
398
392
366
354
392
364
368
342
348
408
432
430
446
450
468
514
512
552
472
470
468
472
538
534
548
558
590
588
566
592
556
556
560
570
502
488
464
458
418
460
430
450
398
432
472
494
462
428
412
436
436
472
484
522
544
524
538
528
546
534
474
456
442
420
408
442
372
366
386
386
378
346
314
318
352
340
324
314
258
260
274
276
242
234
226
280
308
356
354
382
390
428
414
372
346
336
356
398
388
424
476
466
450
490
510
522
530
504
484
498
470
502
502
514
552
530
502
496
546
564
526
552
544
542
524
604
630
670
646
652
684
716
704
718
748
738
712
766
744
724
688
668
678
710
660
648
650
594
628
610
644
662
624
610
610
610
614
602
554
556
580
618
622
624
642
676
704
646
574
572
614
578
598
584
614
644
676
688
686
686
690
686
706
696
670
668
652
646
648
664
656
632
644
678
696
724
710
708
696
702
762
748
762
742
700
666
672
624
632
692
676
664
624
658
648
634
638
654
642
678
606
580
588
598
604
576
542
500
468
486
526
576
570
572
558
544
582
588
666
658
640
614
644
668
676
620
646
664
652
656
656
672
642
676
694
702
652
674
714
660
664
672
614
602
592
624
646
616
662
648
630
626
616
632
614
646
666
610
628
668
604
620
618
640
658
632
658
694
698
652
616
606
566
574
566
586
600
644
560
482
476
500
514
546
562
558
576
552
536
496
524
532
552
560
558
578
596
580
548
580
592
632
636
642
640
658
672
634
648
674
660
684
684
712
740
746
772
728
698
724
708
704
690
698
696
738
724
732
746
742
756
758
760
784
806
800
726
718
708
712
722
750
770
804
804
798
760
776
778
732
720
696
718
654
612
626
688
688
706
700
690
712
744
744
712
704
698
696
718
714
694
700
660
682
702
758
750
750
750
752
738
764
760
780
784
808
792
800
788
760
756
778
746
744
722
738
722
696
714
716
740
720
752
724
746
740
782
772
776
786
780
752
766
786
742
744
774
734
712
752
762
754
730
734
760
790
784
782
754
752
792
786
750
772
794
774
784
768
772
732
740
714
670
662
694
650
676
670
680
702
672
674
686
692
702
700
700
706
712
666
742
782
772
796
784
782
776
722
754
766
804
768
754
740
730
734
746
762
758
752
778
816
774
774
746
776
788
790
752
764
742
764
768
754
800
790
798
816
792
744
768
758
748
772
770
766
760
752
764
778
794
768
790
792
728
760
752
734
728
696
726
736
706
708
646
588
582
620
574
620
688
706
736
702
664
708
694
664
666
672
674
692
710
718
666
686
648
574
570
556
560
584
640
650
676
672
662
666
680
700
680
642
650
632
606
624
612
634
628
618
660
648
690
668
686
674
698
720
754
778
764
738
738
744
708
738
716
758
726
688
686
672
690
728
726
712
730
740
672
692
636
650
656
652
608
590
588
576
652
652
604
592
602
652
658
648
652
700
706
718
750
694
694
654
670
670
694
700
706
676
694
706
714
736
750
750
728
726
742
752
744
762
722
712
714
700
694
714
684
646
632
642
696
662
662
642
686
706
692
690
688
664
600
616
660
658
654
688
674
702
668
686
672
638
612
634
624
612
588
548
562
580
620
620
590
622
634
630
642
636
608
602
570
582
590
584
566
556
578
552
544
540
506
518
536
490
548
562
576
568
534
536
572
530
542
560
522
506
530
568
544
556
554
584
550
562
594
594
596
652
650
686
702
744
716
750
772
728
740
712
732
738
676
646
666
678
636
634
600
584
610
582
552
542
596
588
602
602
558
596
562
536
532
494
508
544
504
510
604
596
620
666
680
684
682
690
702
696
654
668
728
704
710
684
698
700
724
680
634
642
642
618
626
620
606
584
548
586
582
556
552
590
540
538
560
546
616
632
596
596
562
586
564
596
612
618
574
568
522
534
524
536
516
468
450
456
444
446
406
452
456
452
456
426
458
520
502
530
480
482
448
452
424
386
404
420
382
368
308
322
350
356
312
318
338
344
368
404
402
420
438
420
398
384
376
418
432
430
480
504
486
524
504
474
484
462
444
474
516
500
488
498
490
508
520
496
556
562
596
668
674
634
602
586
558
602
622
626
622
656
636
610
636
630
590
550
554
572
582
562
546
488
492
504
478
512
544
504
466
460
408
396
382
414
386
390
418
382
412
416
368
402
380
390
380
428
334
