1732
1762
1712
1792
1832
1822
1746
1716
1786
1804
1790
1662
1718
1742
1822
1756
1822
1804
1790
1830
1888
1840
1906
1972
1930
2036
2026
2014
1942
1902
1806
1848
1850
1912
1956
1982
2046
1978
1996
1964
2014
2020
2074
2110
2130
2118
2118
2078
1922
1852
1846
1914
1952
2052
2004
1912
1946
1984
2016
2090
2106
2098
2030
1984
2038
2046
2084
2156
2206
2236
2232
2244
2160
2092
2100
2140
2166
2176
2276
2268
2186
2226
2224
2198
2358
2354
2220
2110
2204
2246
2186
2210
2268
2324
2314
2426
2472
2518
2478
2412
2420
2402
2342
2386
2372
2430
2474
2480
2460
2448
2426
2490
2550
2570
2610
2604
2608
2624
2696
2762
2892
2876
2914
2898
2886
2820
2814
2898
2914
2982
2994
2994
2904
2928
2940
2934
2926
2964
2964
3010
2984
2952
2962
3030
2920
2888
2962
2970
3004
2994
3074
3098
3052
3052
3092
3134
3106
3126
3022
2988
2986
3002
2984
3036
3118
3188
3190
3178
3114
3160
3222
3286
3210
3224
3282
3304
3310
3298
3252
3250
3240
3174
3220
3214
3234
3238
3210
3042
3000
3116
3072
3038
3096
3016
2968
2938
2982
2938
2946
3012
2972
2938
2982
3028
3006
2994
3046
2992
2988
2956
2986
3050
3028
3000
3138
3038
3080
3152
3258
3272
3208
3150
3044
3028
3020
2970
2994
2952
2932
2972
2990
2994
2976
2960
2952
2946
2962
2992
2914
2948
3014
3114
3122
3196
3088
3064
3052
3050
3102
3122
3164
3172
3092
3124
3064
3060
3004
3004
3016
3070
3028
3030
2980
2996
2984
3064
3006
2872
2892
2912
2920
2956
2930
2904
2890
2860
2876
2862
2816
2824
2860
2900
2858
2872
2824
2820
2874
2854
2786
2842
2822
2858
2898
2908
2952
2972
3030
3068
3120
3144
3156
3144
3154
3162
3192
3072
3054
2968
2920
2954
3032
2986
2922
2902
2858
2890
2888
3058
3060
3052
3080
3092
3026
2996
3094
3086
3020
3044
3076
3048
2988
2986
3096
3110
3086
3100
3142
3152
3214
3206
3232
3240
3236
3222
3208
3174
3062
3056
2994
2984
2962
2894
2910
2866
2874
2940
2964
3038
3084
3026
3044
2958
3004
3060
3062
3034
3026
2884
2956
3026
2968
2968
2932
3034
3032
3044
3018
3106
3188
3198
3092
3018
3034
3064
3106
3082
3066
3058
2968
2902
2838
2808
2870
2868
2820
2882
2922
3012
3080
3046
3016
2926
2886
2934
2968
2936
2930
2928
2976
2926
2944
2990
3036
3010
3100
3120
3014
3146
3156
3158
3184
3170
3150
3172
3188
3286
3186
3098
3064
3130
3180
3162
3148
3204
3138
3146
3218
3252
3194
3130
3062
3146
3076
3164
3120
3028
2936
3002
3008
3026
2988
3020
3022
3076
3102
3120
3092
3170
3156
3114
3056
3020
3080
3116
3080
3114
3102
3018
2990
2922
2852
2830
2868
2932
2978
3004
3016
2934
2950
2886
3002
2984
3010
3018
3138
3086
3092
2992
2988
2988
2982
3072
3156
3194
3236
3276
3266
3312
3362
3368
3354
3338
3314
3328
3312
3274
3330
3318
3332
3394
3328
3288
3256
3242
3294
3294
3282
3244
3220
3290
3246
3200
3254
3248
3232
3160
3264
3326
3236
3234
3252
3224
3186
3132
3070
2982
2972
2956
2896
2976
2904
2890
3016
3030
3012
3068
3116
3124
3088
3054
3024
2996
2970
3078
3098
3040
3024
2904
2946
2910
2928
2980
2952
2844
2880
2974
2926
2970
2960
3020
2936
3066
3124
3162
3140
3132
3078
3102
3144
3198
3146
3080
3082
3104
3052
3038
2956
2982
3002
2926
2946
2868
2944
2974
2878
2850
2812
2876
2918
2880
2880
2846
2926
2946
2960
2944
2968
3030
2956
2944
2948
2966
2924
2924
2856
2846
2876
2872
2820
2882
2918
2956
2860
2940
2942
2936
2844
2872
2946
2886
2814
2756
2904
2944
2896
2836
2856
2892
2912
2882
2780
2766
2824
2846
2900
2918
2892
2838
2826
2918
2904
2950
2916
2938
2926
2918
2854
2784
2708
2710
2738
2744
2726
2732
2638
2734
2754
2778
2722
2614
2632
2598
2680
2758
2866
2878
2876
2768
2792
2774
2736
2700
2692
2668
2692
2662
2598
2558
2634
2608
2632
2572
2546
2482
2492
2552
2618
2658
2626
2524
2472
2528
2516
2464
2520
2368
2380
2370
2408
2410
2386
2408
2420
2478
2470
2400
2384
2338
2356
2504
2616
2568
2616
2646
2638
2648
2624
2656
2642
2654
2684
2668
2770
2730
2698
2612
2574
2522
2480
2490
2430
2514
2480
2488
2502
2514
2496
2474
2482
2540
2564
2640
2662
2722
2592
2538
2516
2504
2518
2544
2584
2556
2352
2362
2380
2394
2384
2406
2538
2554
2640
2548
2576
2560
2576
2554
2544
2610
2662
2662
2688
2636
2630
2656
2600
2602
2630
2552
2538
2504
2418
2404
2338
2384
2314
2366
2438
2336
2318
2336
2324
2372
2452
2374
2366
2446
2506
2580
2594
2692
2554
2688
2746
2830
2804
2874
2862
2858
2732
2668
2658
2610
2678
2654
2710
2760
2704
2714
2690
2712
2678
2828
2930
2954
2954
2926
2756
2766
2772
2800
2746
2854
2796
2796
2856
2846
2894
2884
2874
2808
2784
2656
2712
2770
2908
2878
2864
2868
2846
2832
2806
2712
2736
2756
2822
2794
2716
2750
2754
2832
2820
2850
2812
2796
2708
2710
2718
2754
2690
2746
2776
2816
2870
2910
2948
2908
2894
2878
2858
2908
2960
2854
2886
2918
2838
2804
2778
2756
2788
2732
2714
2680
2626
2734
2664
2616
2570
2530
2558
2554
2492
2576
2514
2454
2462
2448
2458
2374
2376
2304
2368
2398
2484
2504
2594
2540
2546
2562
2678
2718
2598
2614
2626
2522
2462
2410
2414
2374
2398
2348
2372
2392
2338
2282
2198
2196
2248
2178
2230
2090
2042
2096
2120
2094
2016
2002
2032
2086
2182
2346
2282
2348
2402
2320
2316
2318
2436
2330
2374
2426
2480
2432
2462
2480
2546
2468
2388
2308
2236
2228
2252
2224
2198
2204
2196
2230
2162
2096
2136
2102
2074
2198
2284
2310
2340
2352
2388
2266
2410
2330
2408
2400
2510
2500
2566
2524
2514
2616
2648
2578
2738
2732
2640
2650
2566
2562
2626
2566
2600
2576
2596
2636
2640
2574
2590
2616
2540
2600
2516
2730
2674
2692
2722
2690
2724
2726
2684
2556
2562
2448
2440
2478
2460
2568
2654
2606
2550
2622
2658
2678
2632
2756
2776
2760
2790
2786
2842
2850
2814
2884
2902
2966
2938
2870
2838
2904
2962
2974
2960
2986
2976
2980
3030
2934
2984
2964
2888
2976
2970
2924
2958
3034
2990
3070
3092
3122
3020
3068
3074
3014
2986
2978
2978
3022
3046
3064
3024
2962
2914
2856
2738
2706
2816
2850
2912
2806
2772
2898
2832
2728
2806
2722
2780
2768
2788
2744
2792
2878
2886
2832
2878
2808
2810
2898
2948
2978
2916
3050
3038
3022
3090
3040
2996
3052
2992
3008
3072
3098
3142
3178
3174
3114
3124
3138
3100
3100
3030
3026
2972
2908
2810
2732
2774
2790
2680
2636
2578
2530
2590
2640
2642
2554
2644
2690
2758
2746
2750
2740
2712
2690
2724
2720
2730
2768
2768
2770
2822
2856
2854
2858
2912
2864
2938
2896
2884
2788
2740
2768
2750
2684
2648
2712
2680
2682
2740
2734
2792
2730
2682
2658
2684
2714
2650
2640
2592
2602
2562
2528
2584
2626
2616
2628
2562
2550
2590
2592
2632
2600
2574
2480
2412
2500
2468
2552
2586
2622
2648
2518
2540
2546
2554
2520
2544
2616
2512
2604
2526
2522
2482
2496
2574
2538
2528
2476
2464
2516
2500
2572
2502
2512
2466
2488
2490
2504
2598
2632
2600
2638
2534
2574
2546
2682
2764
2752
2690
2706
2764
2710
2766
2672
2694
2590
2668
2644
2674
2690
2712
2644
2652
2760
2738
2798
2746
2716
2670
2680
2732
2726
2630
2648
2546
2634
2582
2564
2576
2542
2554
2630
2692
2640
2630
2578
2584
2582
2602
2598
2548
2464
2480
2416
2344
2270
2328
2280
2308
2356
2392
2434
2406
2394
2402
2512
2486
2480
2576
2546
2648
2692
2644
2712
2748
2740
2654
2666
2598
2602
2610
2618
2674
2582
2686
2580
2660
2648
2710
2764
2716
2712
2612
2544
2548
2604
2630
2528
2522
2410
2476
2378
2404
2492
2546
2494
2530
2568
2524
2506
2494
2652
2706
2614
2584
2594
2622
2594
2542
2612
2624
2550
2674
2590
2628
2562
2558
2592
2584
2526
2490
2604
2592
2604
2662
2670
2738
2674
2602
2586
2654
2588
2638
2614
2612
2532
2478
2502
2532
2492
2434
2404
2526
2600
2608
2544
2496
2562
2538
2576
2596
2636
2708
2730
2770
2782
2710
2688
2634
2680
2654
2650
2624
2680
2704
2754
2694
2628
2744
2850
2850
2760
2726
2664
2664
2650
2650
2636
2606
2546
2584
2616
2608
2556
2586
2472
2516
2562
2610
2500
2448
2396
2420
2392
2314
2330
2330
2342
2430
2450
2478
2470
2498
2522
2546
2596
2602
2644
2702
2726
2796
2762
2672
2722
2752
2684
2650
2698
2660
2678
2624
2680
2622
2600
2658
2574
2614
2598
2592
2528
2534
2508
2540
2536
2538
2612
2544
2612
2574
2538
2536
2574
2606
2550
2538
2566
2516
2522
2526
2540
2504
2400
2316
2248
2224
2190
2094
2004
2100
1934
1938
1912
1940
1896
1912
1928
1920
1984
1980
1890
1796
1908
1876
1896
1974
2004
2050
2252
2200
2232
2224
2214
2250
2254
2174
2018
2018
2106
2200
2058
2058
2078
2058
2028
2070
1988
1862
1820
1906
1974
1882
1966
1970
1984
2034
2060
2090
2130
2056
2164
2192
2116
2134
2208
2226
2218
2190
2186
2184
2288
2176
2198
2158
2090
2020
2024
1964
1834
1856
1878
1746
1834
1816
1828
1868
1934
1934
1982
1928
1976
2026
1910
1982
1970
1928
1970
2068
2056
2092
2068
2050
2182
2246
2192
2150
2178
2200
2160
2152
2216
2198
2196
2118
2068
2052
1970
1964
1992
1896
1974
1950
1914
1862
1872
1888
1820
1868
1844
1892
1830
1850
1824
1776
1828
1776
1652
1676
1644
1668
1692
1694
1762
1754
1786
1818
1824
1906
1908
1950
1886
1890
1916
1934
1954
1990
2026
2082
2018
2018
1992
2070
2072
2084
2114
2116
2086
1988
1976
1942
1984
2006
1926
1966
2146
2128
2098
2270
2262
2224
2276
2346
2326
2382
2420
2392
2388
2356
2358
2400
2364
2330
2334
2390
2400
2292
2340
2214
2198
2240
2304
2258
2242
2208
2176
2254
2214
2270
2210
2264
2202
2232
2220
2180
2282
2384
2430
2454
2444
2342
2368
2332
2290
2364
2362
2314
2400
2386
2434
2380
2396
2434
2442
2468
2388
2458
2466
2572
2556
2516
2588
2558
2550
2504
2586
2566
2532
2474
2508
2556
2564
2510
2506
2478
2510
2562
2596
2570
2602
2592
2466
2498
2436
2430
2296
2196
2180
2222
2204
2182
2168
2226
2328
2184
2204
2274
2240
2202
2214
2198
2170
2074
2100
2070
2062
1976
1970
2060
2140
2140
2076
2030
2030
2080
2066
2078
2136
2172
2186
2278
2270
2324
2286
2242
2284
2126
2136
2084
2114
2010
2008
2048
1970
2030
2068
2010
2042
2048
2056
1998
2118
2086
2156
2200
2192
2230
2280
2196
2104
2120
2142
2200
2202
2122
2098
2190
2018
2048
2052
1958
1976
2020
2042
1992
2022
2090
2132
2132
2190
2226
2258
2312
2300
2364
2444
2434
2390
2330
2198
2126
2128
2066
2032
2012
1944
2078
2022
2006
2044
2032
2056
2178
2206
2294
2378
2348
2402
2454
2482
2444
2470
2490
2538
2472
2528
2496
2462
2398
2442
2394
2282
2310
2372
2400
2482
2546
2490
2486
2482
2412
2488
2434
2488
2580
2572
2620
2668
2668
2612
2664
2728
2626
2662
2640
2574
2600
2546
2534
2496
2506
2464
2406
2430
2440
2450
2426
2508
2542
2560
2658
2582
2608
2592
2606
2594
2536
2596
2672
2734
2700
2692
2696
2646
2676
2636
2712
2758
2772
2846
2786
2678
2704
2694
2626
2648
2696
2758
2696
2656
2748
2688
2762
2790
2880
2842
2908
2886
2866
2910
2762
2918
2910
2910
2904
2964
2974
2984
2966
3024
2952
3006
3058
3132
3152
3224
